-15
-31
-33
-15
-15
-19
-21
-26
-17
-9
-11
-9
-4
-15
-15
-5
-22
-23
-7
-27
-13
-3
-15
-5
-4
3
9
7
3
-2
-14
0
6
-1
5
16
4
8
18
22
20
17
32
23
15
12
-10
-10
5
0
17
15
25
19
29
19
13
25
15
20
13
0
15
29
14
13
16
15
16
7
3
-6
4
2
-11
-4
0
-5
-12
-21
-22
-15
-1
-11
0
6
-16
-2
-13
4
-4
-15
7
9
-2
-8
7
-5
5
13
8
10
18
4
15
9
3
7
5
-8
-5
-2
14
14
7
10
14
12
29
22
5
30
23
22
15
22
13
23
16
23
35
32
42
19
28
28
36
32
33
51
21
35
40
23
26
28
22
25
31
29
26
14
29
22
26
30
8
12
-2
21
22
20
21
17
16
21
37
26
15
20
11
14
8
21
14
22
33
-6
12
11
-3
4
13
4
2
3
12
8
3
19
8
9
-4
-2
11
7
-5
-16
-2
-1
-2
-25
-8
0
-6
-16
-19
-9
-16
-15
-19
-19
-2
-11
-8
-17
-20
-4
-15
-11
-10
-3
-6
3
-14
1
-3
-10
4
-5
4
3
-9
-21
-20
-7
-15
-18
2
-3
-3
-5
-19
2
11
5
-4
-1
-2
-6
10
20
14
11
8
7
8
8
13
-2
-6
17
3
6
14
6
-5
7
-22
-22
-18
-21
-8
-10
-3
-13
-4
-3
-17
-15
-23
-25
-18
-19
-21
-1
-12
-11
-7
-5
-13
-11
6
12
7
-6
12
5
-11
0
2
-3
-2
0
-25
-22
-17
-33
-29
-28
-20
-15
-23
-29
-31
-27
-19
-36
-31
-43
-31
-11
-21
-21
-34
-30
-35
-36
-25
-31
-19
-17
-29
-35
-38
-35
-26
-27
-24
-19
-24
-7
4
-11
-13
-19
-13
-6
-8
-17
-22
-23
-25
-16
-33
-23
-21
-33
-32
-33
-37
-34
-11
-21
-22
-27
-27
-36
-15
-17
-41
-31
-16
-25
-18
0
-28
-32
-48
-25
-47
-33
-24
-27
-17
-27
-17
-27
-13
-39
-35
-24
-23
-25
-31
-20
-38
-18
-22
-17
-31
-23
-26
-19
-26
-41
-21
-28
-21
-21
-9
-15
-19
-9
0
-12
-9
2
-10
-15
3
-12
-10
-7
-1
-1
-4
2
-2
-6
12
7
-1
5
15
3
1
-1
-11
2
0
-1
2
7
-13
-17
-10
-7
-17
-10
-19
-27
-27
-27
-27
-13
-10
-17
-12
-23
-13
-21
-27
-17
-6
-15
-15
-10
-4
4
-7
-3
-8
3
-6
-7
-13
-7
-18
-21
-22
-19
-7
-16
-2
-12
-13
-18
-10
-9
-4
-6
6
14
-10
11
14
-3
17
4
5
8
-13
1
-10
-3
0
2
4
16
13
14
6
4
11
17
3
-11
9
-10
-2
-11
-7
-17
-5
-6
-15
-4
3
10
4
16
1
-7
5
-1
5
9
6
-1
-14
-5
1
-9
-14
-13
0
-8
-9
9
8
8
3
10
-1
-1
-3
-3
-5
-12
1
-3
-4
-3
-4
9
22
19
-1
8
2
-1
6
9
-5
-14
4
-14
-4
-6
-5
-3
-9
-4
-21
-38
-20
-12
-25
-20
-27
-32
-37
-29
-27
-37
-19
-22
-20
-13
-33
-36
-39
-36
-18
-21
-18
-19
-13
-22
-17
-7
-40
-23
-15
2
-1
-11
0
-6
-3
-4
-10
-4
-4
-22
0
-12
-13
-4
-17
-15
-28
-29
-18
-9
-25
-27
-28
-33
-15
-21
-23
-19
-32
-22
-16
-23
-29
-30
-18
-15
-30
-40
-12
-21
-14
-31
-36
-30
-27
-25
-26
-22
-24
-20
-26
-16
-22
-22
-19
-24
-16
-16
-25
-18
-34
-32
-21
-18
-22
-31
-36
-40
-29
-41
-38
-37
-37
-22
-38
-29
-28
-30
-18
-34
-18
-8
-16
-2
-16
-13
-17
-16
-17
-18
-19
-11
-6
-8
-15
-14
-1
-10
1
-10
-5
7
10
-9
-7
9
2
3
-3
-20
-12
-11
-16
-14
-12
-15
-15
-12
4
12
-3
3
-10
-3
10
30
3
-1
19
12
5
-10
18
3
-2
-3
-10
-8
-17
-10
-10
1
-14
-12
-12
-31
-18
-16
-18
-27
-11
-27
-25
-3
-5
-21
-17
-11
-16
-4
-17
-17
-12
-19
-12
-7
4
3
-15
3
11
18
21
26
27
42
31
23
21
22
39
31
31
15
30
44
39
18
22
40
39
21
32
20
19
29
38
49
45
29
27
45
35
22
30
49
30
10
36
41
21
14
27
26
24
23
22
21
17
27
15
20
1
10
12
-4
19
11
10
2
-1
7
1
-7
-12
-5
4
-6
-1
8
-6
-20
-12
-17
7
-1
10
9
28
26
9
12
13
23
3
0
4
14
16
19
12
-3
4
16
16
13
-5
-9
0
0
-11
-2
10
18
24
29
3
24
18
17
21
27
27
25
30
29
48
24
26
29
50
48
45
49
52
60
55
59
43
52
47
44
46
36
37
41
37
28
35
38
31
21
23
33
28
31
29
17
16
17
15
-5
8
14
11
8
21
16
19
-8
-18
-12
-21
-11
-27
-26
-11
-27
-23
-13
-16
-27
-17
-17
-19
-6
-14
-25
-34
-17
-16
-7
-19
-13
-14
-26
-31
-35
-21
-41
-27
-25
-31
-21
-19
-9
-5
2
3
13
17
17
9
2
9
19
12
13
16
4
17
-3
-10
7
12
6
8
9
6
23
10
18
27
22
33
26
24
21
27
14
15
22
11
30
34
9
16
28
20
-4
22
12
3
14
0
13
8
10
14
9
13
14
19
6
22
19
23
14
-4
22
6
21
1
2
10
14
0
15
24
13
21
24
22
23
28
17
34
28
10
14
24
7
3
22
16
9
1
16
8
6
11
5
10
6
9
16
38
21
18
11
6
22
19
33
20
13
22
7
4
4
7
12
25
30
23
20
33
36
33
21
29
16
12
16
10
16
12
-1
4
-10
0
5
-3
-5
-3
-6
-1
6
-10
-9
-10
-20
-17
-12
-21
-15
-7
-16
-1
-5
-23
-14
-21
-24
-26
-25
-8
-1
-22
-5
-5
-5
-9
-8
1
-18
-6
-6
2
-15
-20
-14
-10
11
-8
-3
-2
-6
-7
4
8
-7
2
8
7
12
16
21
10
14
8
10
17
4
6
5
5
-2
-3
-3
-3
2
-9
-20
-11
1
-13
-10
5
1
6
16
19
8
6
1
22
38
30
20
24
27
19
18
29
25
15
34
16
8
11
10
26
24
16
16
15
13
8
21
3
0
5
2
3
7
10
4
-11
-1
5
-1
11
4
9
-8
-23
-8
-16
-24
-15
-15
-16
-13
4
-9
-7
-8
10
14
8
10
8
16
25
32
44
43
27
34
22
19
24
33
22
23
36
32
13
10
19
25
31
30
44
30
28
31
39
33
35
34
48
42
37
40
34
45
44
57
41
54
55
47
41
48
58
61
50
50
63
52
60
50
35
55
52
47
44
22
36
40
39
23
22
31
17
36
37
34
38
37
43
34
31
26
27
23
18
20
24
20
28
12
12
19
0
20
18
14
14
18
19
18
25
19
11
22
19
26
25
32
14
16
22
20
20
9
20
2
3
6
11
0
4
9
3
-1
3
15
14
17
0
6
-6
-11
12
-4
-7
2
-8
-10
-5
-1
3
-5
6
17
-11
-3
-2
3
18
4
14
2
-3
13
2
8
18
6
5
-5
8
10
8
13
7
18
12
9
14
8
9
8
11
7
-2
-7
6
11
-2
-9
-19
-21
-9
-10
-22
-5
-8
0
-21
-17
2
-26
-3
-11
-23
-15
-10
-10
-11
-14
-8
-22
-34
-12
-8
-14
-17
-7
-14
-1
-5
-10
13
-15
-15
5
1
-7
-3
12
-3
4
5
1
9
8
18
4
7
13
9
-1
-1
5
8
1
11
11
28
16
25
22
12
21
9
11
10
22
-5
4
8
15
18
5
7
6
9
10
19
14
7
-2
19
13
17
18
8
-5
-2
8
0
11
-3
-6
-13
0
4
-6
-3
-16
-9
-17
-1
14
6
3
16
16
7
21
6
6
17
14
20
33
23
35
25
37
37
26
24
26
27
12
40
40
52
38
24
40
43
53
38
48
49
37
32
29
44
24
29
29
16
33
21
45
31
33
42
40
48
18
38
41
37
37
38
56
50
44
39
46
46
49
47
35
33
34
32
45
39
19
25
40
42
47
43
42
49
48
60
48
49
53
46
34
44
51
41
40
54
51
35
37
40
56
46
44
40
42
34
46
53
43
50
44
33
42
45
43
44
52
50
41
48
40
45
49
47
45
47
48
58
48
46
59
53
44
43
49
46
39
40
57
51
55
55
67
54
60
53
68
71
59
59
50
61
51
61
45
54
56
66
86
52
67
54
53
72
55
63
53
64
65
61
52
36
51
49
42
40
49
37
54
44
48
42
25
33
35
38
26
53
43
50
41
36
45
40
33
36
43
37
28
28
30
37
40
38
29
29
37
30
27
29
17
17
38
22
30
29
40
46
28
23
40
25
36
31
25
48
16
28
23
18
18
33
22
10
17
38
20
3
23
14
16
8
25
14
24
34
53
43
35
31
46
42
20
28
41
35
5
27
19
22
22
17
32
32
35
27
23
17
5
16
8
21
12
3
12
0
5
-1
14
13
2
-3
11
12
16
26
11
0
-3
17
9
6
19
11
19
21
16
19
31
33
19
19
21
16
6
15
21
12
14
23
26
24
16
10
14
11
3
20
0
16
12
17
21
9
-6
-4
9
23
6
-2
3
-5
10
2
1
11
4
6
1
2
19
8
21
3
16
14
12
16
17
26
12
6
13
19
26
20
9
9
10
16
12
12
14
8
-2
3
-15
-5
1
-12
-1
-1
11
5
6
7
8
12
21
10
15
8
18
24
22
20
-7
6
8
-5
10
8
7
15
8
16
14
3
17
7
-10
-7
4
-5
-2
-1
-5
17
19
7
1
1
10
6
4
8
16
21
15
21
26
35
22
32
37
30
35
45
39
39
36
27
44
32
45
49
38
40
21
28
32
29
23
43
33
25
38
42
47
35
29
42
57
35
30
38
44
37
32
43
21
28
29
22
38
26
18
13
8
6
6
13
12
-5
-5
1
-5
2
0
-3
15
12
5
-2
0
5
-1
5
-2
-11
2
12
0
9
12
9
18
23
17
16
-2
-5
8
-1
-2
2
-12
-1
-4
-6
-2
-13
-15
-11
-9
-19
5
13
-3
-14
-11
-6
-4
0
3
-19
-13
-8
10
4
-8
5
10
-1
-10
-8
-7
3
-11
0
-11
-11
4
-12
-13
-1
-9
-10
-17
0
6
-14
-13
2
6
0
5
-18
-16
3
-11
-6
-13
-21
-7
-27
-12
-26
-20
-21
-32
-27
-37
-27
-32
-37
-48
-42
-46
-32
-27
-47
-42
-36
-38
-37
-33
-28
-28
-39
-31
-31
-32
-33
-31
-27
-20
-30
-54
-49
-41
-25
-26
-36
-28
-29
-28
-45
-36
-33
-24
-28
-30
-17
-23
-17
-22
-18
-17
-16
-28
-21
-21
4
-17
-19
-9
-45
-32
-9
-23
-16
-21
-26
-17
-26
-21
-22
-47
-33
-42
-48
-49
-56
-40
-59
-50
-40
-63
-48
-50
-59
-45
-41
-55
-52
-45
-43
-46
-54
-46
-39
-30
-37
-45
-45
-34
-32
-44
-58
-60
-42
-53
-56
-53
-46
-54
-53
-50
-60
-45
-46
-70
-64
-76
-72
-58
-76
-70
-60
-70
-55
-46
-59
-58
-55
-67
-68
-58
-58
-52
-55
-58
-52
-62
-72
-63
-47
-77
-71
-58
-80
-65
-69
-67
-62
-70
-67
-71
-64
-68
-70
-58
-53
-62
-56
-46
-46
-45
-51
-48
-46
-35
-43
-47
-56
-53
-49
-46
-35
-48
-41
-38
-46
-52
-54
-51
-47
-54
-51
-51
-59
-50
-50
-60
-41
-37
-51
-54
-56
-66
-68
-76
-60
-53
-64
-68
-87
-59
-73
-70
-57
-55
-62
-70
-67
-51
-62
-40
-45
-48
-41
-55
-28
-25
-28
-44
-36
-32
-37
-36
-28
-34
-46
-46
-43
-47
-59
-51
-44
-30
-32
-44
-38
-43
-19
-28
-24
-27
-32
-28
-27
-24
-25
-25
-31
-30
-22
-17
-32
-19
-17
-15
-30
-17
-12
-14
-4
-6
-7
-22
-8
-17
-13
-13
-8
-9
-2
2
3
-11
-19
-19
-17
-28
-9
-19
-18
-6
-14
-17
-29
-40
-23
-20
-11
-19
-23
-17
-20
-20
-28
-21
-28
-37
-29
-24
-34
-37
-25
-11
-14
-14
-22
-5
-16
-15
-11
-8
-5
-3
-11
-19
-9
-5
-5
5
10
-1
12
1
-4
-8
-8
-11
-4
6
14
11
7
9
-1
-2
11
18
-4
0
0
-1
4
-14
-6
5
6
2
5
2
-5
3
0
5
-2
-7
-1
8
2
-10
-21
-16
-8
-13
-25
-26
-25
-13
-28
-27
-26
-17
-18
-17
-19
-16
-6
-19
-2
-9
-24
-17
-27
-22
-27
-18
-34
-44
-32
-31
-43
-50
-38
-48
-31
-24
-44
-36
-36
-47
-38
-37
-42
-48
-33
-37
-37
-42
-48
-42
-43
-46
-43
-49
-51
-52
-65
-51
-56
-47
-29
-50
-36
-47
-40
-32
-50
-47
-53
-54
-49
-40
-53
-44
-39
-33
-27
-19
-16
-33
-25
-27
-22
-25
-46
-30
-52
-35
-34
-40
-31
-29
-31
-38
-49
-44
-40
-44
-39
-34
-36
-31
-33
-39
-27
-38
-51
-42
-40
-37
-36
-36
-36
-55
-48
-51
-43
-53
-44
-47
-46
-38
-35
-50
-43
-35
-56
-51
-45
-45
-53
-32
-33
-44
-38
-38
-32
-30
-39
-32
-47
-45
-44
-35
-25
-31
-36
-31
-34
-30
-33
-33
-24
-22
-26
-29
-10
-24
-8
-30
-30
-27
-4
-10
-13
0
-11
-13
-35
-13
-22
-28
-15
-7
-4
-28
-6
12
-12
0
2
-13
-22
-10
-11
-14
-36
-18
-24
-21
-4
-21
-16
-26
-39
-23
-5
-13
-28
-20
-4
-3
-10
-22
-20
-8
-18
-13
-17
-13
5
-5
-6
-10
5
10
4
-13
-9
-3
-3
-14
-7
-8
-13
-9
-4
0
-11
-3
-2
-8
-19
-4
-1
-8
-6
-8
-12
-19
-8
0
-11
5
-8
-11
-2
-2
6
-1
1
-6
-9
-7
-6
-4
-5
-16
-7
-13
-15
-9
-9
-10
-10
-5
8
7
10
0
1
9
2
-3
10
14
24
31
27
33
30
19
17
11
17
22
1
9
-3
-19
3
-3
-6
-2
-11
-11
6
8
-4
10
7
17
7
-5
5
1
-5
4
12
-6
-3
-5
-13
-11
-25
-8
-15
-38
-27
-28
-19
-25
-10
-14
-17
-25
-19
-19
-32
-36
-28
-37
-43
-38
-38
-31
-38
-38
-43
-36
-27
-29
-36
-29
-26
-32
-21
-17
-28
-26
-11
-24
-32
-23
-28
-13
-26
-45
-24
-22
-39
-31
-36
-43
-23
-21
-24
-34
-35
-18
-20
-12
-14
-27
-25
-37
-36
-33
-38
-47
-54
-55
-46
-52
-53
-46
-39
-55
-38
-39
-53
-53
-46
-34
-40
-34
-24
-38
-49
-47
-43
-35
-50
-45
-41
-41
-49
-35
-39
-47
-29
-33
-28
-38
-37
-32
-41
-34
-8
-29
-50
-38
-45
-37
-40
-18
-25
-28
-41
-42
-30
-54
-45
-64
-54
-33
-45
-58
-48
-49
-50
-48
-44
-49
-41
-50
-45
-48
-60
-55
-68
-49
-56
-47
-55
-60
-50
-67
-62
-62
-60
-52
-35
-48
-47
-40
-36
-35
-48
-39
-36
-37
-35
-18
-31
-44
-43
-34
-39
-40
-38
-26
-34
-31
-30
-39
-26
-37
-21
-38
-39
-53
-42
-20
-28
-22
-34
-24
-33
-27
-35
-26
-37
-45
-42
-44
-29
-48
-27
-41
-54
-44
-57
-49
-52
-56
-55
-57
-59
-54
-53
-44
-51
-43
-40
-55
-48
-55
-62
-45
-42
-48
-41
-36
-37
-38
-38
-51
-42
-25
-21
-36
-33
-26
-25
-21
-18
-6
-23
-38
-35
-28
-12
-20
-17
-23
-18
-10
-18
-17
-10
1
-9
-2
8
-1
-1
-20
-17
-8
-21
-20
-21
-15
-17
-9
-22
-10
-20
-9
-11
-17
-21
-14
-14
-23
-12
-24
-16
-16
-19
-28
-16
-17
-27
-17
-22
-17
-7
-9
-22
-23
-15
-14
-32
-38
-29
-41
-26
-28
-43
-38
-41
-46
-44
-38
-52
-57
-46
-50
-53
-59
-51
-53
-53
-48
-57
-58
-55
-40
-47
-45
-49
-38
-53
-46
-26
-46
-38
-42
-52
-57
-49
-42
-51
-49
-49
-32
-31
-43
-36
-41
-36
-31
-32
-44
-34
-23
-20
-35
-24
-28
-41
-52
-39
-32
-40
-39
-11
-9
-26
-27
-28
-16
-31
-27
-42
-32
-43
-49
-38
-48
-22
-40
-26
-38
-60
-50
-46
-48
-43
-57
-48
-48
-44
-58
-74
-60
-74
-59
-76
-62
-86
-86
-75
-90
-63
-65
-77
-65
-82
-87
-82
-85
-75
-66
-79
-78
-77
-73
-70
-69
-49
-52
-59
-55
-57
-58
-59
-63
-57
-65
-53
-59
-77
-63
-62
-51
-48
-64
-68
-83
-73
-53
-78
-53
-52
-56
-45
-45
-58
-51
-52
-42
-44
-44
-47
-47
-44
-54
-59
-53
-48
-49
-50
-52
-41
-50
-56
-50
-50
-55
-38
-41
-47
-55
-43
-48
-43
-45
-51
-55
-50
-57
-43
-31
-54
-45
-57
-44
-54
-53
-49
-51
-51
-54
-62
-47
-52
-57
-38
-48
-38
-36
-41
-47
-35
-34
-34
-26
-42
-39
-35
-36
-32
-35
-34
-29
-44
-43
-43
-42
-21
-41
-44
-31
-38
-40
-40
-41
-41
-28
-36
-29
-34
-31
-18
-25
-36
-38
-38
-30
-23
-32
-6
-17
-18
-12
-10
-5
-5
-14
-23
-32
-25
-24
-25
-28
-10
-1
-2
-15
-17
-11
-19
-9
-9
-8
-7
-3
-19
-24
-2
-2
-7
-25
-9
2
-11
-10
-5
1
-5
-1
11
-17
-1
-4
1
3
1
-2
-9
6
-11
-23
-24
-4
-10
-15
-28
-10
0
-7
11
-4
9
-4
-1
-2
0
2
0
-6
-9
-2
-8
2
11
15
17
5
14
8
10
16
-1
11
11
-5
-3
5
7
-3
-7
-7
-4
-4
-1
15
1
25
14
15
12
10
6
11
20
-2
18
10
16
20
16
19
26
32
29
2
4
9
6
12
27
22
8
15
13
9
9
7
1
6
-5
11
21
14
26
20
25
33
23
15
15
15
16
27
17
11
10
12
9
-1
10
-3
-5
3
5
3
5
-8
-3
2
0
6
13
10
-8
-3
4
7
12
25
19
24
7
23
21
20
28
3
19
12
23
21
31
17
33
26
12
29
25
28
23
24
35
46
30
22
18
23
15
12
9
9
2
2
7
4
-4
-2
-7
-1
2
-11
0
9
1
-7
6
-8
-19
-17
-10
-4
-16
5
12
18
-2
12
10
2
-4
12
-5
-18
1
-19
-5
-25
-18
-14
-20
-9
2
-17
-13
-12
-12
-16
-7
-10
-3
13
-5
8
4
2
-10
-4
-5
-9
-7
-8
-29
-7
0
-13
-5
-16
-14
-31
-25
-13
-14
-28
-23
-9
-19
-17
-19
-10
-7
-14
-13
7
-5
-7
-14
1
-1
-7
14
1
6
0
0
-12
-26
-14
-17
-16
-17
-14
-32
-28
-6
-15
-9
-11
-1
-2
-15
2
-8
-23
-25
-22
-5
-16
-4
-26
-24
-6
-11
-3
-20
-17
-14
0
4
3
-2
-4
6
8
-6
-13
-16
-18
-17
-4
1
15
20
15
20
17
21
24
21
24
15
19
8
-5
-4
3
9
9
-17
-3
0
-12
4
35
47
23
27
27
43
35
16
10
15
17
13
16
7
28
23
8
13
22
16
5
22
21
17
24
6
6
5
2
10
9
0
8
20
29
18
9
33
25
40
23
29
33
24
28
23
8
14
22
14
27
16
23
33
38
35
38
42
34
39
25
34
15
6
-2
1
4
5
4
-4
1
17
9
3
3
3
14
23
13
9
1
-6
-12
-9
2
-9
-1
-5
-2
-3
2
1
1
-1
13
13
6
13
-1
-11
-1
-1
4
4
17
18
17
22
16
-8
13
12
-8
0
-4
0
-8
-5
3
20
27
24
27
37
36
24
41
31
34
37
24
36
17
9
27
37
38
31
32
17
16
30
19
24
28
15
15
-8
-18
-17
-6
-15
-15
-22
-21
-22
-39
-13
-13
-31
-14
-11
-27
-27
-42
-19
-25
-22
-39
-24
-5
-2
0
-5
-1
-25
-20
-18
-10
-19
-22
-37
-31
-33
-31
-11
-7
7
-4
-6
-12
-25
-7
-32
-11
-9
-19
-3
-9
1
-9
9
23
4
12
20
12
21
12
14
5
10
-3
10
20
7
27
4
16
14
-13
-9
-15
-22
-8
-5
0
12
-8
11
6
14
13
4
27
2
-13
0
-1
-3
-5
-14
-3
9
19
25
5
2
13
2
-1
-17
-20
-17
11
26
17
16
2
7
-4
-8
-20
-27
-8
-1
11
-2
-8
3
-12
-13
-20
-37
-17
-21
-17
0
1
-2
-2
-10
-27
-9
-17
2
6
-11
8
-9
-5
2
2
5
-5
4
-2
-24
-13
-31
-21
15
-4
-10
2
5
-11
-33
-21
-15
-16
-19
-11
-3
-10
0
-3
28
13
-9
12
18
9
2
-6
8
-16
-7
-20
-14
-15
-22
-7
-23
-22
-22
-32
-17
10
7
-26
-25
2
-18
8
-1
16
11
-14
-1
-29
-1
-1
-2
-12
-4
17
-8
2
-10
5
1
10
-11
-28
-7
-44
-24
-16
-14
17
-10
11
-12
2
17
-8
-7
-19
-37
-24
22
-3
5
-17
-1
9
-6
-7
-9
-4
-8
27
4
10
13
23
16
18
12
39
46
33
14
-6
8
7
14
28
39
8
15
14
14
14
-12
-8
6
32
6
29
34
11
23
17
18
-5
10
3
-9
16
0
9
32
3
5
-10
10
-1
-1
19
-8
-3
4
-7
-26
-30
-17
-36
-26
-47
-32
-25
-32
-22
-34
-30
-43
-54
-37
-10
-1
-5
-14
-17
-32
-38
-31
-23
-42
-20
-14
-17
9
14
6
-4
-11
-13
8
-39
-2
-58
-16
-36
-36
-23
-18
-1
-31
-11
-21
-6
-24
-16
-17
-28
-23
6
10
15
7
1
0
18
36
23
16
-8
41
41
37
41
12
35
16
17
33
13
28
4
14
42
28
28
41
12
35
23
-24
-9
-1
-5
1
2
-27
-26
-22
13
33
13
28
-1
31
39
18
12
12
-1
3
-19
-28
-20
-22
-20
-33
-24
-8
-11
-16
-15
-23
-27
-40
-19
-45
-28
-36
-22
-20
-11
-4
-4
-26
-7
-10
-32
-22
-12
-2
-2
7
-36
-2
-44
-9
-4
5
6
5
14
3
13
-2
25
16
22
-9
-21
4
9
35
36
13
8
-4
-26
-16
-16
21
13
30
39
-15
21
17
15
-3
6
7
17
16
13
-17
-42
-41
-15
-16
18
22
15
-19
-28
-17
-8
9
-2
-14
-8
8
-26
-5
-9
-20
-17
-4
23
-3
29
33
12
-14
9
19
-7
-11
0
-19
-15
-31
-19
43
3
52
44
24
23
-12
25
29
56
54
38
48
19
-13
-27
11
6
8
9
1
15
-16
-9
-3
2
16
15
14
22
-11
-8
5
-35
-30
11
38
6
11
9
-16
-14
-19
7
-4
-9
-8
-10
25
6
5
-8
4
-35
-39
-23
-24
-9
-27
-4
-26
-16
-12
-26
-16
-11
11
5
-31
-30
-54
-23
-29
-17
-9
-10
-22
5
-3
9
-24
-37
-32
-55
-39
-22
-15
-32
-36
-49
-26
9
-13
11
-25
-54
-11
-17
24
20
4
-26
-20
-34
-18
-23
-13
-10
-40
-24
-43
-28
-43
-59
-62
-29
-17
6
10
15
-10
-46
-39
-91
-73
-46
-19
14
41
28
17
17
28
-49
-53
-41
-27
3
-10
7
-30
-2
4
-12
19
-22
-17
-19
12
20
7
33
18
26
-28
9
-5
-34
-25
-40
-42
-74
0
12
8
-6
-13
12
-3
-9
-9
-27
-30
-50
-28
2
17
22
16
-20
-41
-43
-15
17
25
14
6
19
1
23
-6
-23
-44
-27
-7
16
41
31
49
5
-10
-49
-48
-76
-34
-40
8
-18
-52
-26
-13
-47
-18
-8
-18
-5
-16
44
5
34
14
7
-14
-9
-13
-6
18
30
23
41
28
32
40
25
16
-29
-40
-14
30
33
16
27
42
37
57
34
19
-4
-14
-6
-11
-10
-18
-26
-20
5
8
21
1
-2
4
-4
-2
1
5
32
68
84
45
21
-10
-37
-33
-3
0
-41
-4
-6
-5
-11
-46
-84
-95
-90
-49
-2
4
-9
10
25
-7
3
-19
-34
-11
11
57
65
52
48
36
15
-16
-56
-79
-88
-65
-60
-22
-33
-69
-25
-7
27
-3
28
-8
5
-1
-27
0
2
-1
9
40
45
34
26
-13
-32
-11
-5
31
-22
2
-1
-14
-21
-48
-30
-36
-23
-17
13
-2
42
24
-10
-29
-70
-53
-53
-27
-17
-21
12
8
-3
-6
-12
-40
-68
-49
-61
-78
-54
-59
-36
-24
-22
-56
-89
-72
-86
-69
-51
-11
-20
-24
-33
-44
-22
-25
0
-18
11
-30
-30
-23
-22
-15
-8
-1
-3
-45
-31
6
-16
-45
-66
-73
-70
-46
-21
-2
0
-19
-2
16
25
3
9
-12
-3
19
-23
13
-40
-76
-85
-87
-47
-49
-17
-6
-29
-16
-14
4
16
-14
-18
-2
-12
-10
-2
-20
-22
-47
-14
-15
-25
-23
-29
-28
-60
-32
-20
-4
4
-26
-27
-49
-51
-86
-84
-66
-93
-68
-25
-21
-11
29
33
29
18
29
14
14
8
-17
-16
-27
-31
-22
-5
5
35
30
11
-23
-17
-19
-44
-23
-68
-35
-47
-34
-47
-69
-57
-68
-85
-66
-57
-47
-27
-8
26
20
29
-20
-39
-39
-55
-67
-41
-10
4
23
-1
-8
2
-9
-18
-7
7
31
66
51
31
17
-28
-48
-70
-63
-45
-33
-21
-7
-11
13
45
28
30
13
9
18
0
-15
-39
-31
13
14
-6
17
-4
7
12
35
37
36
57
17
-11
-7
-7
-5
0
1
-4
-7
3
-5
15
11
-2
22
0
-18
-13
-10
2
13
38
-7
-38
-45
-44
-19
-5
-36
-81
-119
-111
-114
-97
-63
-40
-27
-3
18
12
6
38
31
14
40
29
35
31
21
4
3
7
23
24
-33
-37
-71
-96
-56
-57
-58
-46
-40
-41
-10
14
26
0
10
19
35
56
42
65
41
-23
-17
0
11
11
0
17
12
14
14
-17
-30
-46
-60
-71
-61
-53
-39
-31
-28
-25
-40
-79
-84
-87
-55
-37
2
32
47
37
9
10
-4
13
-13
11
26
43
30
24
5
-18
-44
-76
-73
-101
-96
-83
-54
-63
-60
-52
-49
-39
-34
-10
5
19
33
61
72
54
51
34
14
2
2
33
32
16
8
-15
-8
12
7
-2
-12
-46
-79
-92
-82
-62
-25
-31
-19
-7
-22
-14
-34
-7
6
-2
-1
-15
-8
-7
5
7
-8
-14
-35
-31
-33
-26
-17
-10
-14
-23
-24
-30
-42
-39
-34
-37
-34
-34
-31
-22
-17
-21
-9
10
-10
-1
-6
-18
-3
-4
-5
6
2
-35
-56
-85
-75
-71
-97
-91
-83
-86
-95
-71
-62
-65
-40
-18
-6
-4
5
15
33
52
40
31
6
7
-6
-16
-13
-38
-42
-32
-27
-24
-27
-27
-29
-25
-33
-41
-67
-37
-14
-15
-20
-5
0
-15
3
-2
-18
-37
-24
-36
-47
-23
-19
-15
-7
-2
-16
-27
-27
-33
-36
-27
-6
-27
-9
15
6
22
14
13
23
13
16
11
-17
-24
-28
-31
-25
-46
-40
-41
-38
-43
-54
-41
-47
-34
-30
-21
-18
-23
-15
-12
-14
-11
-2
7
12
11
18
4
9
0
2
8
-3
-17
-10
12
0
-14
-22
-12
-26
-36
-16
-17
-16
-16
-26
-24
1
6
1
-8
-9
12
17
25
23
28
34
40
32
35
24
14
8
2
-9
-9
-3
-14
-14
2
17
22
26
38
37
28
27
42
59
33
41
30
23
23
17
25
26
20
11
19
31
24
9
12
9
-9
-8
-13
-22
-23
-28
-12
-14
-13
-10
11
-1
3
19
29
23
11
20
8
5
0
6
-18
-26
-39
-43
-43
-39
-47
-59
-52
-55
-49
-43
-37
-47
-46
-51
-50
-37
-40
-31
-18
-19
-17
0
-1
-9
-10
4
-1
10
6
6
7
6
28
-2
4
8
19
12
10
21
7
13
4
52
38
48
72
62
68
58
49
60
53
64
84
70
86
90
88
86
90
79
84
78
52
54
60
73
84
79
65
56
54
54
51
41
31
13
1
-18
-24
-47
-76
-88
-130
-165
-176
-194
-210
-221
-244
-254
-265
-283
-274
-268
-284
-285
-290
-313
-309
-306
-300
-312
-307
-300
-304
-322
-332
-333
-312
-302
-314
-302
-293
-282
-294
-267
-244
-205
-183
-165
-110
-72
-32
31
80
129
168
230
268
302
347
411
446
498
546
589
630
670
732
779
845
909
971
1050
1139
1255
1369
1471
1499
1424
1143
676
141
-374
-766
-1134
-1377
-1504
-1585
-1527
-1399
-1148
-846
-511
-227
-51
49
112
194
272
380
431
517
572
611
626
628
672
643
524
280
-15
-315
-621
-888
-1127
-1319
-1512
-1647
-1735
-1721
-1635
-1485
-1289
-1112
-935
-725
-479
-242
-14
161
241
249
163
9
-136
-261
-389
-543
-648
-747
-776
-759
-736
-660
-573
-480
-417
-361
-273
-153
-22
102
235
386
539
688
877
1063
1241
1393
1534
1638
1725
1832
1912
1962
2002
2027
2006
1875
1513
865
36
-789
-1520
-2134
-2580
-2812
-2818
-2626
-2310
-1828
-1213
-529
104
576
889
1072
1162
1228
1265
1300
1305
1311
1296
1184
1058
956
808
535
107
-427
-961
-1440
-1835
-2074
-2144
-2053
-1860
-1626
-1349
-978
-564
-178
128
383
558
669
759
837
893
893
808
598
246
-156
-543
-918
-1223
-1507
-1689
-1762
-1720
-1566
-1336
-1034
-703
-440
-270
-172
-113
-53
1
25
51
92
154
193
201
239
236
181
76
-99
-258
-365
-412
-370
-310
-181
-28
116
268
480
689
917
1148
1349
1572
1791
2031
2295
2520
2710
2767
2576
1971
1018
-21
-983
-1753
-2330
-2699
-2825
-2741
-2500
-2090
-1472
-782
-154
361
664
829
980
1129
1311
1513
1668
1763
1791
1684
1488
1247
947
549
-40
-690
-1325
-1818
-2116
-2233
-2162
-1963
-1703
-1446
-1181
-894
-526
-172
92
329
521
699
933
1148
1301
1378
1316
1097
637
39
-586
-1132
-1602
-1983
-2236
-2289
-2169
-1949
-1620
-1260
-879
-590
-405
-283
-186
-67
76
226
341
442
528
535
492
358
185
-7
-247
-464
-623
-669
-588
-434
-241
-16
198
372
508
651
762
928
1139
1336
1573
1850
2160
2456
2686
2821
2783
2431
1757
739
-359
-1329
-2043
-2479
-2652
-2559
-2309
-1912
-1470
-978
-435
51
419
638
779
893
1071
1304
1567
1774
1860
1803
1571
1211
741
198
-351
-934
-1485
-1902
-2104
-2116
-1954
-1662
-1336
-1018
-774
-597
-429
-232
24
295
561
815
1067
1311
1464
1494
1391
1106
641
-2
-712
-1402
-1944
-2284
-2439
-2418
-2213
-1902
-1549
-1207
-884
-628
-422
-249
-112
35
198
390
539
653
696
665
545
342
77
-209
-436
-646
-776
-821
-749
-592
-362
-131
71
237
368
473
578
702
846
1053
1312
1608
1907
2208
2476
2696
2810
2832
2647
2193
1458
459
-633
-1552
-2210
-2547
-2592
-2427
-2095
-1696
-1249
-781
-280
173
522
768
945
1114
1297
1525
1733
1850
1834
1639
1271
763
153
-416
-959
-1419
-1767
-1988
-1987
-1825
-1566
-1239
-911
-665
-487
-355
-221
-1
287
608
930
1210
1430
1532
1503
1336
1015
536
-48
-719
-1370
-1848
-2152
-2226
-2122
-1925
-1673
-1418
-1163
-919
-706
-443
-198
23
242
440
636
795
893
863
747
512
185
-123
-390
-607
-741
-800
-841
-825
-755
-637
-501
-333
-163
-4
160
355
605
889
1195
1447
1673
1839
1966
2069
2138
2192
2205
2162
2122
2021
1800
1364
673
-214
-1182
-1980
-2499
-2691
-2554
-2220
-1775
-1248
-755
-262
179
577
858
998
1078
1161
1274
1441
1629
1725
1700
1440
974
376
-288
-905
-1433
-1776
-2000
-2053
-1927
-1701
-1371
-1023
-718
-512
-365
-230
-52
202
536
912
1227
1440
1537
1483
1264
924
463
-58
-593
-1120
-1567
-1836
-1925
-1887
-1746
-1584
-1446
-1302
-1113
-905
-613
-280
89
422
719
943
1053
1063
955
725
417
78
-277
-556
-735
-837
-876
-900
-897
-883
-853
-771
-666
-518
-325
-72
194
510
834
1166
1454
1662
1795
1840
1864
1867
1878
1900
1917
1934
1963
1956
1835
1524
936
143
-802
-1699
-2272
-2533
-2461
-2129
-1738
-1267
-827
-446
-106
153
370
539
678
860
1139
1477
1767
1985
1976
1694
1153
476
-256
-885
-1347
-1644
-1743
-1712
-1566
-1366
-1142
-953
-841
-791
-760
-675
-482
-153
274
742
1162
1472
1605
1565
1390
1091
730
329
-77
-454
-776
-998
-1161
-1276
-1352
-1483
-1602
-1711
-1692
-1510
-1187
-767
-336
55
335
523
619
641
550
403
228
57
-71
-173
-217
-255
-290
-361
-422
-484
-533
-517
-420
-301
-137
29
191
376
531
673
796
897
973
1053
1103
1182
1263
1353
1449
1574
1694
1776
1880
1910
1817
1495
872
199
-576
-1264
-1678
-1892
-1813
-1611
-1454
-1213
-986
-795
-569
-391
-133
116
385
697
1054
1381
1610
1690
1569
1299
878
419
-13
-362
-605
-756
-858
-944
-957
-982
-1000
-1062
-1100
-1078
-1017
-844
-515
-108
311
677
936
1102
1115
1096
1002
829
656
408
158
-136
-461
-757
-1052
-1344
-1581
-1736
-1806
-1731
-1525
-1233
-888
-546
-263
-46
130
307
411
487
555
545
471
385
281
153
22
-134
-305
-485
-625
-713
-749
-710
-641
-564
-448
-323
-180
-14
167
350
531
716
883
1089
1291
1467
1640
1792
1927
2033
2105
2163
2136
2003
1795
1378
693
-56
-763
-1375
-1752
-1856
-1816
-1632
-1515
-1428
-1326
-1260
-1044
-806
-474
-30
436
932
1381
1742
1940
1978
1776
1402
957
511
166
-114
-320
-485
-689
-937
-1201
-1460
-1663
-1780
-1798
-1677
-1406
-1020
-581
-98
371
717
933
1084
1157
1168
1182
1184
1119
990
730
420
22
-444
-865
-1295
-1602
-1849
-1996
-2042
-2003
-1832
-1591
-1286
-958
-590
-227
87
388
644
841
932
938
874
769
596
414
221
41
-114
-289
-469
-652
-803
-955
-1010
-986
-886
-718
-506
-253
12
275
537
810
1074
1297
1508
1641
1748
1803
1831
1878
1901
1922
1893
1815
1588
1174
581
-71
-658
-1211
-1565
-1771
-1846
-1756
-1719
-1642
-1495
-1356
-1157
-903
-496
27
547
1021
1414
1667
1762
1737
1568
1339
1080
810
553
284
73
-176
-488
-849
-1187
-1446
-1619
-1700
-1657
-1478
-1264
-1014
-750
-504
-241
-21
204
499
766
1030
1283
1428
1456
1373
1149
813
418
-21
-432
-793
-1098
-1329
-1519
-1698
-1813
-1852
-1795
-1621
-1390
-1081
-747
-390
-32
227
434
607
710
772
810
815
787
682
507
319
89
-170
-422
-621
-745
-805
-777
-694
-598
-503
-399
-326
-248
-87
83
329
602
864
1143
1384
1598
1776
1923
2024
2117
2185
2241
2200
2023
1607
957
355
-228
-742
-1093
-1361
-1501
-1576
-1743
-1797
-1835
-1824
-1704
-1500
-1078
-538
-26
406
754
1000
1157
1292
1395
1502
1558
1591
1561
1449
1262
938
509
16
-470
-889
-1198
-1456
-1613
-1695
-1794
-1835
-1832
-1743
-1526
-1247
-856
-401
105
575
976
1284
1511
1612
1644
1574
1450
1259
944
623
182
-245
-699
-1176
-1540
-1813
-1959
-2012
-1991
-1897
-1765
-1592
-1389
-1148
-864
-518
-175
166
491
739
947
1027
1066
1084
1079
1037
927
742
525
286
5
-263
-500
-694
-848
-957
-982
-911
-791
-638
-414
-167
137
467
797
1164
1500
1843
2134
2382
2571
2603
2464
2120
1648
1215
794
355
-19
-433
-767
-1148
-1574
-1908
-2213
-2385
-2449
-2352
-2050
-1703
-1346
-954
-600
-219
186
607
1046
1472
1812
2079
2206
2221
2128
1864
1531
1155
785
395
9
-382
-781
-1203
-1614
-1931
-2140
-2217
-2167
-2001
-1758
-1465
-1160
-833
-489
-165
148
451
744
1009
1195
1284
1303
1227
1059
849
588
329
55
-256
-550
-830
-1096
-1363
-1566
-1693
-1732
-1697
-1586
-1399
-1208
-986
-765
-514
-274
-24
244
458
638
818
904
906
871
782
655
528
419
306
168
32
-88
-213
-271
-282
-238
-165
-71
45
201
373
556
780
1004
1216
1445
1612
1715
1712
1570
1455
1307
1136
901
622
365
105
-213
-570
-870
-1131
-1367
-1515
-1558
-1472
-1380
-1343
-1213
-1034
-821
-537
-252
60
350
599
802
972
1135
1222
1233
1224
1215
1160
1050
867
641
388
99
-202
-448
-667
-835
-957
-1082
-1156
-1183
-1216
-1233
-1224
-1149
-1036
-869
-672
-518
-360
-211
-126
-6
92
155
180
168
171
170
154
114
76
12
-47
-125
-234
-298
-400
-510
-596
-647
-657
-651
-615
-580
-548
-495
-455
-428
-399
-344
-266
-169
-18
123
263
361
437
503
548
600
650
718
750
776
763
733
721
721
757
805
881
1007
1116
1184
1188
1083
899
760
695
600
476
289
111
-46
-252
-463
-633
-794
-926
-1016
-1067
-1025
-1030
-1031
-987
-909
-754
-521
-276
-27
221
421
586
717
844
914
914
896
910
884
817
726
550
355
162
-33
-216
-374
-528
-726
-897
-1022
-1106
-1130
-1120
-1071
-1016
-933
-824
-773
-704
-602
-496
-402
-321
-217
-145
-101
-43
11
65
81
88
67
56
61
12
-28
-81
-121
-131
-132
-150
-153
-198
-260
-302
-357
-412
-434
-454
-435
-380
-304
-203
-140
-75
-5
29
36
77
127
202
303
384
485
536
592
644
705
833
954
1107
1254
1420
1545
1615
1585
1414
1250
1144
1060
909
704
432
158
-129
-423
-702
-916
-1116
-1314
-1402
-1381
-1304
-1241
-1188
-1093
-960
-767
-570
-333
-119
53
221
382
540
718
847
894
926
958
956
924
856
743
603
426
297
184
40
-108
-253
-421
-541
-652
-745
-837
-952
-1039
-1084
-1122
-1170
-1160
-1100
-1065
-1017
-924
-815
-706
-602
-487
-359
-234
-121
1
126
254
339
399
431
455
448
415
365
298
230
122
24
-37
-106
-209
-289
-389
-454
-486
-503
-508
-520
-477
-435
-385
-296
-191
-88
4
101
210
303
390
493
630
829
1024
1242
1434
1614
1744
1805
1815
1696
1560
1433
1355
1293
1164
955
696
405
72
-219
-486
-756
-1032
-1289
-1459
-1565
-1594
-1616
-1628
-1592
-1509
-1343
-1121
-870
-629
-412
-218
-1
258
504
695
870
1044
1185
1293
1352
1334
1258
1109
909
735
571
398
209
21
-202
-406
-602
-795
-970
-1113
-1204
-1279
-1331
-1317
-1227
-1117
-1043
-966
-883
-791
-696
-613
-541
-452
-387
-353
-269
-210
-115
-59
-1
74
146
199
264
270
307
340
344
377
419
451
450
445
408
373
294
210
85
-34
-144
-255
-370
-438
-490
-520
-536
-550
-495
-433
-331
-203
-22
189
451
761
1109
1440
1761
1983
2091
2196
2276
2339
2317
2155
1913
1573
1168
759
371
40
-335
-725
-1114
-1433
-1675
-1858
-2005
-2114
-2147
-2123
-2017
-1826
-1580
-1305
-1039
-770
-495
-179
121
384
608
774
957
1078
1148
1214
1214
1109
995
855
729
601
451
272
60
-140
-297
-404
-484
-556
-594
-623
-663
-696
-730
-776
-860
-923
-960
-970
-961
-968
-957
-937
-907
-869
-807
-797
-756
-757
-732
-640
-524
-383
-242
-120
15
130
262
394
507
594
632
690
723
765
783
780
740
677
574
413
245
55
-139
-330
-507
-628
-702
-717
-674
-553
-399
-217
29
277
555
840
1102
1238
1345
1462
1627
1808
1885
1850
1749
1550
1298
1042
796
574
284
-45
-366
-665
-913
-1107
-1277
-1423
-1578
-1697
-1781
-1775
-1691
-1581
-1459
-1277
-1066
-843
-602
-355
-121
63
249
452
612
732
817
834
844
859
854
822
778
710
599
464
328
225
98
-13
-111
-236
-354
-459
-570
-623
-684
-740
-809
-876
-906
-904
-896
-886
-859
-847
-818
-826
-794
-746
-692
-630
-580
-517
-461
-383
-315
-237
-136
16
151
312
477
611
709
769
818
823
785
734
647
560
456
332
242
139
34
-63
-152
-218
-249
-258
-219
-157
-67
84
249
419
636
832
967
1024
1097
1180
1285
1377
1383
1378
1324
1221
1067
941
819
613
342
51
-207
-426
-599
-762
-915
-1051
-1212
-1328
-1406
-1426
-1414
-1358
-1317
-1204
-1065
-903
-687
-492
-292
-105
99
259
444
564
642
691
740
790
822
859
833
782
683
562
429
324
204
95
-49
-202
-361
-474
-561
-628
-688
-775
-842
-894
-909
-904
-867
-853
-865
-905
-902
-879
-841
-789
-750
-689
-641
-582
-515
-421
-326
-226
-109
6
133
224
315
411
469
525
580
621
649
656
619
559
496
416
326
240
123
27
-57
-118
-154
-163
-141
-98
-33
65
204
404
575
778
903
953
1023
1099
1215
1306
1312
1275
1205
1051
899
729
569
345
79
-152
-393
-592
-747
-887
-1003
-1145
-1269
-1350
-1362
-1305
-1235
-1133
-1035
-933
-822
-676
-539
-372
-213
-69
84
219
353
453
513
518
524
515
509
499
498
452
392
307
245
197
134
82
-17
-97
-169
-216
-249
-294
-362
-406
-459
-512
-560
-624
-693
-785
-846
-918
-972
-964
-976
-966
-944
-910
-847
-783
-724
-637
-522
-419
-284
-132
55
210
347
462
565
637
684
708
678
651
581
504
406
319
216
121
30
-69
-133
-187
-215
-202
-149
-101
10
147
327
529
708
899
990
1031
1068
1092
1136
1142
1118
1038
930
806
682
549
438
288
112
-72
-248
-413
-531
-628
-721
-793
-875
-914
-947
-935
-898
-856
-826
-790
-741
-676
-589
-504
-393
-303
-223
-138
-38
43
141
203
290
346
387
446
468
483
470
464
464
458
447
410
335
217
106
0
-117
-201
-344
-484
-598
-724
-820
-907
-954
-997
-1045
-1077
-1065
-1063
-1030
-986
-935
-855
-793
-672
-552
-410
-259
-135
-19
78
183
263
358
435
510
572
585
593
568
524
469
390
304
237
173
109
78
70
63
61
77
111
149
231
302
384
482
587
686
795
911
948
988
1028
1088
1118
1093
1027
954
854
743
629
520
421
243
84
-84
-237
-381
-524
-653
-786
-901
-997
-1043
-1081
-1061
-1023
-965
-883
-817
-741
-637
-541
-422
-332
-248
-143
-23
81
169
235
256
265
275
281
295
318
343
362
358
373
339
308
255
201
129
53
-9
-81
-170
-272
-373
-478
-557
-646
-728
-813
-913
-1001
-1098
-1154
-1199
-1187
-1162
-1069
-968
-861
-726
-572
-431
-284
-138
20
193
327
491
597
700
776
800
816
769
713
638
541
451
347
240
126
17
-69
-127
-152
-135
-115
-70
11
97
213
345
505
698
873
1024
1117
1175
1226
1270
1275
1246
1196
1095
978
823
638
460
257
32
-192
-414
-569
-734
-862
-965
-1047
-1107
-1182
-1174
-1163
-1098
-983
-902
-780
-682
-588
-488
-408
-311
-223
-174
-111
-36
9
59
95
118
154
163
181
209
227
283
282
280
280
301
323
299
282
244
189
131
39
-71
-181
-305
-438
-572
-671
-758
-823
-858
-932
-960
-998
-1009
-995
-985
-944
-875
-782
-662
-518
-351
-216
-63
90
211
314
384
464
500
537
552
549
557
523
496
433
365
283
174
101
37
14
13
26
50
117
157
215
292
379
461
567
692
781
867
916
946
971
986
1019
1015
968
905
813
704
584
462
300
137
-26
-184
-318
-429
-539
-653
-755
-855
-920
-972
-979
-969
-926
-879
-815
-733
-669
-589
-530
-465
-374
-287
-202
-101
-18
59
134
207
271
317
346
370
398
425
426
408
377
346
312
248
188
124
42
-28
-94
-154
-206
-260
-341
-430
-498
-561
-602
-665
-700
-733
-747
-729
-741
-724
-686
-658
-623
-550
-473
-392
-309
-224
-137
-50
39
108
188
264
314
364
402
438
435
411
404
379
365
332
312
276
239
201
157
140
118
141
138
198
275
361
456
553
666
740
814
864
911
939
970
1012
972
939
891
774
658
516
368
189
4
-197
-347
-467
-605
-696
-790
-847
-904
-944
-957
-945
-923
-884
-832
-777
-673
-568
-463
-364
-265
-166
-87
-16
38
98
134
161
192
210
234
265
282
283
250
217
214
200
199
186
163
128
107
77
36
0
-55
-121
-207
-284
-366
-445
-537
-636
-739
-814
-879
-930
-935
-933
-909
-831
-766
-697
-602
-521
-438
-332
-221
-129
-19
112
210
311
401
449
463
464
424
367
297
253
210
159
120
92
46
44
47
72
113
136
199
280
380
484
589
706
817
920
1014
1096
1125
1133
1101
1011
901
780
664
545
413
269
140
12
-136
-300
-437
-551
-649
-756
-810
-855
-859
-866
-828
-799
-750
-706
-649
-591
-535
-447
-390
-338
-292
-219
-158
-90
-36
13
58
76
98
131
157
179
222
227
261
292
305
335
333
328
280
222
158
84
-1
-112
-209
-301
-388
-471
-559
-642
-703
-760
-805
-826
-849
-866
-867
-838
-806
-737
-630
-535
-445
-365
-268
-170
-85
3
66
128
148
201
237
273
301
318
306
288
276
235
231
201
195
197
198
211
243
304
337
402
470
537
608
684
764
807
866
922
940
964
958
919
887
821
752
679
576
474
341
186
45
-99
-227
-337
-429
-532
-599
-676
-723
-763
-781
-787
-773
-754
-736
-704
-630
-564
-511
-429
-371
-327
-285
-236
-205
-159
-110
-73
-33
19
74
127
166
204
223
258
273
271
253
265
238
217
195
154
121
52
-36
-137
-248
-365
-478
-568
-657
-750
-792
-844
-862
-888
-884
-876
-844
-746
-674
-566
-467
-335
-218
-107
7
112
223
305
363
394
416
435
434
405
349
305
250
187
139
121
87
38
17
14
35
57
110
184
261
347
450
561
676
790
910
1002
1078
1122
1117
1110
1075
1021
903
787
674
530
381
247
101
-35
-167
-306
-419
-517
-572
-659
-698
-718
-725
-684
-641
-610
-550
-495
-447
-390
-350
-298
-260
-222
-181
-156
-122
-79
-61
-23
4
-3
27
11
8
20
29
66
80
130
165
197
208
190
168
138
85
11
-85
-169
-262
-339
-420
-503
-569
-653
-721
-780
-819
-809
-792
-742
-672
-585
-467
-365
-255
-147
-30
74
171
266
350
417
457
488
495
475
454
414
373
309
247
200
116
46
-16
-55
-71
-72
-50
-20
25
92
161
234
312
401
505
613
726
813
899
974
1006
1040
1038
1001
934
851
763
661
537
426
310
172
51
-98
-210
-302
-411
-501
-588
-662
-700
-725
-749
-734
-712
-691
-641
-585
-518
-451
-378
-309
-230
-171
-107
-61
-15
21
58
96
109
148
148
151
146
123
118
80
49
-15
-87
-123
-185
-260
-318
-395
-469
-528
-576
-606
-632
-662
-676
-664
-646
-625
-593
-534
-466
-397
-334
-257
-208
-138
-67
-8
48
125
179
215
266
277
301
297
269
236
207
193
166
154
145
134
112
118
88
75
79
92
103
137
165
186
251
306
356
421
493
559
627
679
722
750
769
790
789
741
733
698
649
590
503
406
312
210
76
-43
-164
-258
-382
-475
-536
-612
-680
-711
-756
-760
-734
-710
-682
-614
-527
-466
-377
-281
-206
-121
-46
15
64
113
151
180
181
177
163
107
57
-10
-72
-140
-227
-300
-373
-427
-457
-491
-519
-551
-567
-569
-568
-539
-516
-481
-452
-390
-361
-311
-255
-209
-165
-135
-78
-50
0
23
52
76
90
98
111
151
159
173
187
188
185
184
196
195
195
217
213
209
225
260
271
293
306
334
353
364
390
413
420
443
495
511
552
591
637
670
680
680
668
638
599
568
536
480
445
372
292
238
145
59
-30
-148
-255
-343
-447
-509
-589
-622
-648
-651
-619
-613
-567
-535
-469
-400
-334
-281
-200
-122
-71
-29
29
51
61
59
38
5
-45
-83
-158
-223
-304
-372
-426
-487
-558
-568
-600
-608
-603
-592
-557
-508
-434
-367
-316
-249
-171
-110
-58
-15
15
29
44
56
49
51
44
26
20
6
-17
-16
-6
-7
-24
-20
-33
-17
18
45
87
125
176
228
275
328
387
422
470
512
550
605
609
628
646
658
652
649
629
598
562
494
443
374
305
230
176
121
60
27
-8
-30
-55
-77
-107
-103
-113
-136
-117
-136
-153
-155
-192
-204
-238
-280
-292
-333
-340
-342
-348
-332
-333
-324
-305
-311
-316
-336
-347
-351
-364
-387
-405
-403
-427
-428
-433
-463
-485
-526
-547
-581
-601
-609
-617
-612
-606
-548
-499
-451
-377
-313
-246
-169
-102
-32
25
63
112
141
151
164
173
179
158
136
116
97
92
60
40
29
5
-13
2
-18
-9
13
40
72
99
143
205
277
355
433
508
588
657
712
750
800
822
813
827
797
743
673
601
509
429
332
218
114
-8
-98
-205
-273
-343
-389
-424
-425
-404
-395
-339
-319
-275
-227
-176
-138
-111
-63
-49
-43
-33
-31
-46
-58
-94
-92
-117
-146
-175
-215
-252
-305
-352
-386
-436
-466
-510
-545
-556
-590
-620
-641
-668
-658
-660
-658
-641
-629
-598
-567
-520
-482
-415
-380
-317
-247
-179
-103
-21
69
142
234
284
351
403
419
443
444
422
399
377
323
288
225
194
150
112
101
69
60
75
93
113
155
193
259
309
383
464
529
625
681
747
801
842
877
891
872
835
798
738
655
537
451
328
198
78
-54
-156
-268
-375
-439
-482
-530
-526
-528
-526
-459
-443
-392
-339
-291
-239
-195
-123
-80
-26
31
30
36
48
30
-1
-29
-52
-111
-152
-206
-291
-346
-413
-472
-508
-554
-602
-622
-612
-621
-615
-612
-583
-564
-536
-529
-506
-460
-442
-413
-374
-348
-326
-295
-258
-220
-183
-132
-66
2
60
138
198
264
300
352
385
404
431
441
467
461
452
459
445
434
424
415
408
402
395
397
391
387
419
442
468
476
495
518
517
524
525
504
502
481
467
423
387
325
273
212
167
98
30
-26
-96
-126
-170
-208
-271
-307
-342
-383
-396
-406
-406
-433
-437
-433
-440
-436
-435
-394
-375
-348
-308
-261
-240
-215
-171
-176
-175
-165
-169
-178
-193
-218
-227
-267
-266
-291
-322
-345
-379
-402
-413
-420
-439
-435
-434
-436
-427
-406
-385
-374
-349
-306
-255
-221
-163
-108
-52
-11
29
87
130
150
188
233
274
306
324
351
386
403
441
473
489
513
533
571
588
617
617
620
661
677
697
708
731
718
712
699
677
641
593
521
483
414
327
260
164
98
12
-67
-133
-204
-228
-284
-315
-331
-331
-310
-293
-262
-247
-222
-221
-196
-190
-187
-208
-243
-241
-287
-303
-325
-385
-413
-456
-493
-522
-529
-538
-568
-562
-528
-512
-501
-466
-452
-434
-378
-353
-324
-282
-250
-222
-216
-187
-159
-145
-122
-113
-90
-82
-61
-42
-27
-14
-3
15
43
58
61
100
121
148
174
198
205
236
253
270
291
309
342
356
384
409
444
459
471
485
492
507
537
555
542
581
600
617
629
643
637
619
598
596
576
541
525
480
423
366
301
227
151
83
11
-72
-130
-203
-286
-341
-393
-442
-481
-512
-528
-562
-557
-555
-587
-590
-573
-563
-536
-503
-490
-472
-449
-411
-394
-380
-377
-373
-391
-406
-386
-397
-424
-422
-420
-423
-450
-444
-424
-419
-384
-380
-342
-311
-273
-228
-167
-127
-66
-31
10
90
127
171
225
261
298
349
381
411
426
457
476
476
485
480
477
478
477
467
462
456
450
462
436
418
425
407
406
419
411
407
406
398
393
381
359
338
310
276
231
195
150
105
73
42
4
-21
-52
-76
-95
-120
-129
-146
-142
-172
-184
-206
-220
-226
-248
-275
-302
-314
-344
-378
-430
-460
-506
-536
-557
-597
-617
-634
-645
-652
-647
-628
-600
-566
-538
-494
-434
-394
-325
-260
-230
-174
-137
-80
-55
-3
46
93
119
134
168
192
214
208
240
246
253
247
257
285
287
290
314
331
359
365
400
441
486
507
542
577
597
614
632
641
648
628
601
600
563
536
497
453
404
353
301
237
198
141
85
44
1
-30
-67
-89
-102
-131
-137
-159
-182
-184
-212
-217
-222
-242
-251
-231
-242
-251
-257
-260
-276
-296
-298
-326
-307
-313
-292
-272
-263
-256
-264
-246
-247
-245
-244
-240
-241
-235
-223
-238
-227
-224
-228
-231
-219
-221
-219
-204
-207
-207
-199
-179
-148
-122
-103
-60
-29
6
57
92
145
155
203
238
274
318
337
374
352
387
373
372
392
379
382
395
414
414
422
411
409
398
400
383
375
374
359
340
327
317
310
291
265
209
196
168
122
110
75
41
17
-1
-33
-39
-57
-90
-105
-112
-122
-143
-156
-163
-168
-185
-193
-222
-230
-239
-248
-269
-299
-291
-314
-323
-344
-353
-365
-372
-383
-383
-379
-365
-366
-351
-321
-303
-278
-239
-209
-194
-172
-145
-129
-111
-79
-65
-54
-49
-22
-16
-4
5
14
15
22
21
42
45
59
82
83
89
105
114
138
165
172
192
211
246
273
302
311
323
333
330
318
327
327
320
298
284
297
283
271
242
238
224
214
221
204
208
203
210
201
174
181
167
146
134
107
82
56
15
-23
-69
-95
-114
-162
-175
-198
-241
-267
-279
-302
-324
-322
-325
-328
-337
-329
-319
-304
-296
-282
-248
-246
-231
-229
-229
-212
-192
-191
-203
-209
-216
-221
-223
-221
-226
-232
-227
-209
-229
-203
-183
-173
-144
-119
-67
-43
-4
42
72
98
142
167
209
227
244
282
292
304
302
318
305
292
267
263
263
243
227
206
206
184
190
185
189
199
199
206
204
210
200
211
195
196
194
179
163
165
154
125
107
66
39
30
-2
-1
-11
-25
-21
-19
-7
10
-4
-21
-12
-20
-25
-30
-23
-32
-45
-60
-69
-75
-94
-127
-131
-172
-187
-210
-247
-247
-263
-281
-290
-283
-290
-283
-289
-269
-252
-235
-198
-167
-139
-103
-75
-37
-18
22
50
54
64
60
66
71
58
51
54
42
22
20
11
19
43
50
57
73
93
103
114
157
199
214
238
253
286
320
329
349
350
370
362
347
341
345
336
291
266
245
221
198
167
130
127
113
86
66
65
66
53
43
41
29
20
20
6
-1
4
-23
-45
-49
-62
-51
-75
-89
-76
-87
-91
-103
-97
-100
-138
-152
-136
-129
-136
-147
-114
-99
-101
-106
-90
-95
-83
-93
-98
-96
-109
-103
-121
-134
-137
-146
-161
-166
-169
-184
-177
-161
-150
-138
-113
-109
-68
-25
-6
8
41
76
97
131
156
165
167
169
169
176
175
169
158
148
151
147
143
147
136
124
118
118
107
112
123
124
147
144
151
163
176
195
190
196
200
195
194
181
171
152
137
116
98
79
38
25
8
-8
-26
-49
-68
-67
-79
-95
-98
-94
-96
-106
-97
-92
-91
-85
-86
-69
-71
-73
-68
-71
-64
-56
-59
-76
-90
-98
-106
-119
-136
-142
-135
-127
-118
-117
-113
-86
-72
-61
-26
-7
4
41
52
57
54
53
70
46
45
46
29
35
14
4
27
19
22
18
34
38
42
38
61
77
90
116
126
144
163
184
204
224
224
221
228
239
222
219
201
203
181
159
138
114
96
67
52
34
17
-6
7
-23
-35
-22
-20
-22
-4
11
39
32
43
65
56
83
78
63
68
60
43
36
30
12
4
-2
-38
-52
-49
-74
-74
-76
-92
-100
-111
-95
-105
-91
-81
-83
-76
-78
-68
-61
-55
-68
-43
-29
-47
-35
-34
-42
-27
-26
-31
-41
-24
-22
-23
-12
17
24
37
71
76
112
112
119
135
128
126
127
129
151
138
139
145
149
137
104
111
97
60
57
69
59
41
58
45
38
44
42
55
70
72
74
87
105
109
114
118
128
143
121
115
98
92
70
51
50
9
1
-20
-44
-43
-30
-41
-56
-42
-43
-47
-42
-29
-27
-27
4
6
2
12
20
39
42
16
21
25
19
8
-6
-4
6
-9
-26
-33
-32
-31
-29
-25
-30
-31
-16
-28
-25
-6
-22
-12
-4
-22
-8
-28
-33
-37
-32
-26
-36
-18
-25
-28
-16
-12
-9
13
19
21
54
77
86
101
111
127
141
139
130
147
151
131
128
124
125
94
80
93
68
50
32
24
14
6
5
-4
-1
2
23
10
27
35
36
31
32
51
54
76
73
72
89
77
83
84
93
61
59
58
39
51
29
19
10
21
6
3
-8
5
-2
4
7
-1
16
17
22
23
18
7
22
12
17
12
22
9
15
17
7
26
19
21
9
30
33
15
33
8
34
46
33
33
13
1
13
7
18
12
10
24
2
23
8
15
22
17
19
9
20
20
24
26
42
41
50
79
104
104
107
108
115
139
138
163
166
175
176
156
161
150
125
116
99
80
58
32
34
12
-32
-25
-45
-53
-69
-88
-73
-74
-62
-57
-68
-33
-10
10
31
40
69
90
100
118
119
128
114
113
96
90
91
78
79
59
49
22
29
20
16
4
-4
-8
-12
-1
-5
4
-3
-4
7
14
15
16
35
28
22
24
22
34
40
41
51
58
62
66
58
53
49
66
47
67
57
59
53
45
62
41
39
43
17
18
24
15
3
13
8
7
21
16
21
39
53
48
64
58
84
102
101
131
152
158
159
176
181
174
179
165
146
132
114
80
51
7
-12
-29
-50
-76
-114
-119
-105
-125
-127
-127
-96
-73
-66
-24
1
40
46
60
94
96
121
146
136
132
129
125
103
98
76
58
40
29
21
7
-2
-15
-13
-30
-21
-17
-27
-28
-1
-1
15
20
19
30
35
51
63
68
71
79
67
63
65
60
60
59
59
39
28
31
40
36
37
45
32
33
42
35
48
45
48
61
52
29
47
54
46
47
51
56
57
65
69
56
62
64
75
93
101
101
116
129
131
141
129
141
162
165
150
159
145
139
122
87
74
62
46
-7
-20
-39
-74
-82
-96
-116
-122
-113
-110
-104
-101
-71
-68
-58
-47
-32
-7
-2
26
49
54
46
50
71
75
73
63
52
47
10
10
-7
-25
-36
-48
-63
-66
-69
-85
-80
-93
-86
-66
-47
-43
-33
-8
-8
9
17
39
36
35
35
41
32
32
39
14
29
4
7
-11
-26
-12
-26
-30
-41
-60
-38
-56
-54
-32
-26
-21
0
12
15
29
30
32
35
49
56
69
65
58
53
65
54
42
49
55
39
25
32
29
32
6
5
12
-5
5
2
-14
-10
-12
-23
-25
-30
-39
-30
-32
-63
-47
-30
-46
-47
-56
-67
-80
-71
-62
-63
-57
-61
-39
-53
-41
-28
-24
-5
-10
-3
-3
1
17
0
13
17
6
24
27
30
23
17
26
21
14
36
20
30
54
51
66
65
57
63
62
59
66
67
64
61
63
48
53
46
47
59
48
36
29
28
16
15
10
3
17
12
6
26
34
35
42
52
59
58
75
85
85
90
94
87
83
97
81
79
64
54
55
30
31
24
5
15
-1
-5
9
-11
-13
-12
1
-12
-7
2
5
26
28
23
24
21
46
40
31
46
46
29
39
16
-2
11
-9
4
-3
-15
-14
-29
-27
-55
-49
-27
-35
-29
-34
-22
-17
-14
-15
9
14
14
40
40
40
40
58
68
65
69
60
72
77
78
73
71
80
74
75
65
53
72
65
48
36
21
26
11
14
-6
-17
-19
-22
-32
-46
-39
-41
-30
-32
-37
-31
-29
-32
-3
4
5
25
34
17
26
23
28
29
18
19
6
2
-13
-12
-16
-26
-32
-36
-31
-41
-64
-50
-65
-54
-36
-47
-37
-43
-26
-26
-13
-20
-8
4
13
29
20
24
31
29
30
34
26
32
15
0
3
-28
-35
-32
-41
-53
-69
-69
-99
-109
-94
-88
-73
-59
-67
-57
-52
-45
-32
-20
1
0
5
16
21
29
45
47
43
47
40
38
32
30
11
10
32
8
18
15
2
1
20
23
37
29
33
47
24
41
26
40
29
30
23
27
29
12
8
-2
11
-5
-16
-21
-2
-11
-40
-39
-31
-37
-40
-31
-31
-32
-30
-43
-34
-29
-34
-26
-20
-24
-35
-12
-14
-28
-13
-22
-16
-8
-3
-21
-6
10
0
5
14
17
38
38
41
41
40
43
47
28
26
11
-5
-22
-30
-38
-54
-59
-67
-59
-76
-88
-95
-80
-83
-78
-63
-55
-41
-44
-23
-20
-20
-2
10
25
42
48
54
59
68
64
58
67
50
33
17
16
24
18
12
13
16
20
25
40
34
51
42
55
63
51
58
69
65
52
51
31
45
27
21
9
3
-2
-1
-8
-17
-10
-21
-22
-31
-30
-21
-24
-41
-20
-26
-30
-23
-34
-37
-30
-28
-40
-29
-28
-25
-1
-5
-2
-12
-11
-6
-1
7
10
31
13
37
46
44
79
76
71
87
80
69
67
59
50
56
44
36
12
8
10
-1
-6
-8
-15
-20
-31
-28
6
-7
11
10
-3
23
38
62
54
63
76
81
92
92
119
105
89
100
93
91
72
69
66
51
49
36
36
39
47
64
52
65
75
68
71
82
76
78
86
84
96
81
93
90
87
82
71
68
68
52
43
38
45
29
24
24
5
-4
-3
-7
-8
-12
-15
-11
-10
-12
-25
-22
-4
-4
-12
-12
4
17
4
14
17
18
29
13
32
42
38
61
56
63
75
77
95
75
69
81
74
72
81
73
75
76
71
78
89
86
72
82
69
50
45
34
49
41
23
28
15
17
12
1
6
-2
-6
1
4
-9
0
7
19
24
22
27
23
14
39
35
26
40
23
18
14
25
26
23
8
11
-2
8
9
-17
-15
-23
-23
-30
-30
-28
-29
-34
-34
-38
-20
-12
-28
-17
-21
-7
-13
-15
-18
-10
-16
-33
-9
-21
-31
-33
-39
-54
-58
-54
-65
-66
-78
-78
-79
-60
-53
-59
-55
-36
-36
-44
-35
-25
-17
-7
10
7
26
36
47
48
49
51
64
48
56
61
55
58
56
72
57
83
79
86
108
96
91
95
74
71
82
52
61
42
39
65
33
39
25
20
9
-3
9
-15
-10
-14
-27
-14
-19
-5
-5
0
-10
11
11
14
22
-6
14
15
8
11
17
14
21
20
3
-12
-4
-16
-18
-28
-31
-19
-15
-15
-26
-5
-10
-28
-10
-6
-8
-6
5
-3
-6
10
4
4
9
1
6
10
15
10
-5
2
4
2
3
7
8
13
24
39
32
32
36
33
37
41
38
48
48
47
71
57
68
65
63
78
73
74
64
63
65
79
74
98
101
94
92
96
94
108
109
95
94
94
87
82
77
70
56
55
39
25
27
6
1
-11
-23
-14
-31
-46
-38
-43
-36
-49
-39
-55
-41
-36
-34
-25
-45
-33
-29
-22
-15
0
-3
-3
4
13
13
3
5
11
4
-9
2
2
19
9
-4
7
19
4
5
30
18
21
21
32
18
26
27
46
43
45
52
41
62
52
53
54
51
71
64
62
73
70
58
73
72
75
84
85
110
104
118
110
105
108
131
118
111
121
114
111
103
101
95
107
101
89
77
90
77
85
74
84
82
55
67
69
86
87
82
53
59
75
69
67
45
42
37
27
25
10
2
-6
-15
-40
-44
-36
-57
-56
-55
-62
-54
-69
-67
-60
-69
-45
-38
-33
-26
-11
18
19
21
38
59
58
76
81
72
88
92
100
92
99
120
113
121
118
99
103
97
92
98
106
90
99
99
90
108
96
106
89
94
99
103
92
88
108
88
84
87
88
80
87
81
83
87
85
85
72
74
65
52
51
54
46
54
43
42
39
12
15
-9
-28
-11
-17
-30
-40
-48
-56
-58
-70
-64
-48
-46
-41
-44
-26
-31
-41
-39
-49
-28
-12
-25
-23
-34
-34
-54
-59
-53
-58
-64
-78
-75
-105
-113
-97
-113
-101
-100
-103
-91
-95
-86
-81
-68
-57
-47
-27
-23
-9
-7
15
12
27
40
58
61
64
76
69
81
92
97
89
80
80
94
78
80
81
75
68
76
57
54
57
45
53
54
44
47
39
21
23
10
3
14
19
6
-16
-12
-8
-17
-21
-42
-31
-23
-31
-24
-22
-36
-53
-50
-55
-64
-76
-69
-76
-88
-90
-93
-83
-85
-88
-108
-93
-101
-94
-79
-84
-63
-72
-56
-37
-33
-31
-35
-14
-25
-15
-4
-7
7
4
19
16
27
28
35
25
17
29
30
20
14
5
9
5
9
11
3
16
13
26
11
32
27
44
46
35
62
72
75
84
97
96
111
116
130
147
134
138
147
142
135
125
136
147
131
139
119
116
106
79
77
86
82
55
57
43
52
39
48
44
35
37
26
25
35
25
11
13
18
3
1
-7
-17
-15
-17
-42
-46
-43
-47
-33
-51
-60
-43
-39
-58
-65
-44
-39
-45
-36
-9
0
8
9
1
12
14
30
37
42
44
54
64
77
81
79
83
96
103
102
103
120
116
110
120
126
136
136
141
136
141
127
117
130
120
109
114
97
93
108
82
68
71
58
56
63
44
52
41
56
51
34
52
61
65
75
77
74
82
68
64
57
61
61
57
60
39
32
26
19
19
7
3
-17
-19
-14
-16
-44
-34
-31
-29
-29
-54
-43
-58
-54
-44
-55
-38
-52
-54
-49
-52
-55
-52
-42
-50
-49
-55
-52
-67
-62
-63
-52
-47
-40
-41
-21
-27
-45
-17
-22
-15
3
12
19
31
38
48
50
66
68
70
76
71
87
95
79
89
89
98
103
97
94
82
66
58
77
78
76
65
65
58
62
60
59
38
32
36
35
37
6
7
0
4
-4
-12
-26
-52
-43
-38
-47
-65
-77
-65
-73
-70
-84
-80
-76
-82
-87
-73
-62
-74
-60
-59
-42
-42
-42
-59
-43
-37
-26
-33
-40
-14
-31
-28
-39
-36
-32
-39
-29
-21
-37
-20
-20
-28
-17
-35
-29
-42
-21
-21
-14
1
-17
-11
0
11
-3
4
23
24
34
28
43
37
52
63
61
62
59
71
61
69
74
92
85
88
86
79
68
74
89
85
69
67
58
50
50
47
37
41
31
32
14
19
17
2
17
10
7
2
7
6
2
3
4
2
-5
-5
-14
-10
-20
-41
-48
-55
-65
-65
-84
-102
-79
-87
-82
-77
-92
-92
-71
-75
-66
-45
-49
-35
-32
-33
-11
-9
-12
-2
3
6
18
13
21
28
22
29
29
20
9
30
19
13
24
18
12
18
20
24
27
25
17
12
0
13
21
-5
7
9
-5
-10
6
10
19
11
15
25
15
26
22
19
40
34
31
27
37
40
33
20
26
36
10
1
-5
-3
-11
-14
-20
-35
-43
-46
-56
-36
-48
-39
-42
-45
-37
-41
-28
-38
-52
-50
-38
-58
-66
-71
-58
-61
-82
-89
-89
-75
-87
-108
-113
-108
-118
-123
-119
-112
-111
-124
-115
-101
-104
-95
-84
-92
-89
-80
-55
-52
-56
-52
-41
-26
-29
-16
-6
5
-12
6
18
16
26
20
34
43
41
37
63
39
34
47
29
33
25
24
12
12
2
8
4
-9
0
-30
-15
-19
-35
-31
-31
-31
-27
-41
-59
-49
-54
-47
-58
-64
-62
-60
-55
-65
-80
-77
-85
-87
-81
-80
-88
-98
-110
-92
-93
-90
-67
-70
-73
-74
-61
-59
-57
-64
-72
-60
-71
-75
-68
-61
-65
-82
-82
-87
-76
-100
-76
-88
-86
-81
-80
-64
-83
-82
-89
-78
-81
-76
-78
-58
-64
-51
-38
-64
-48
-34
-21
-31
-33
-19
-18
-26
-28
-14
-9
-3
2
16
15
7
18
28
40
25
27
13
19
45
14
28
35
32
24
24
29
28
39
37
24
42
55
32
33
30
39
17
-6
15
9
6
-2
-16
-8
-5
-12
-41
-44
-41
-48
-55
-51
-70
-78
-75
-59
-82
-78
-67
-66
-68
-72
-59
-55
-43
-62
-40
-25
-20
-20
-40
-26
-33
-13
-4
-8
-12
-2
-5
-22
-11
-23
-32
-15
-22
-23
-30
-35
-20
-15
-16
-9
2
-2
0
-7
0
0
0
13
19
11
2
8
19
1
-8
0
-5
11
18
8
17
19
16
25
18
12
4
23
26
32
35
22
21
4
13
6
-9
-6
-9
0
-8
-15
-20
-29
-14
-7
-24
-15
-9
-12
-17
-10
-14
-10
-7
-11
-13
-8
-13
-30
-32
-48
-38
-40
-62
-77
-87
-105
-103
-96
-116
-144
-125
-125
-133
-133
-124
-136
-135
-125
-123
-101
-103
-85
-68
-52
-50
-43
-20
-23
-25
-23
-36
-29
-28
-18
-20
-26
-29
-32
-31
-37
-44
-51
-34
-56
-53
-48
-53
-36
-29
-19
-32
-44
-25
-32
-11
-17
-13
-15
-18
-5
-18
-15
-28
-15
-30
-31
-20
-41
-60
-54
-58
-58
-68
-56
-60
-61
-74
-78
-70
-75
-72
-68
-60
-69
-60
-68
-64
-57
-60
-56
-50
-47
-40
-53
-52
-40
-41
-41
-47
-21
-31
-30
-22
-43
-32
-29
-36
-44
-49
-54
-45
-49
-61
-72
-75
-71
-62
-74
-71
-70
-64
-93
-100
-79
-83
-90
-74
-64
-82
-64
-65
-53
-36
-36
-41
-32
-22
-11
-4
-3
14
10
2
3
17
26
24
17
17
31
25
11
-1
8
9
19
6
7
14
0
13
19
24
17
21
27
29
32
37
44
21
33
35
35
23
9
21
25
20
10
-10
-6
-2
-19
-19
-3
-5
-17
-17
-13
2
5
11
8
7
10
21
13
10
19
11
10
6
1
0
18
5
5
4
7
5
-1
-7
-15
-9
-17
-7
-10
-27
-19
-14
-9
-7
-20
-7
-9
-2
-4
1
5
-5
-5
-1
-14
3
-10
-24
-21
-16
-6
-38
-27
-19
-16
-23
-11
-15
-13
5
12
21
25
41
27
26
34
38
36
34
38
41
42
44
46
56
53
51
57
52
59
61
52
30
48
41
41
30
37
38
25
27
18
38
14
21
17
-2
-8
-18
-16
-31
-29
-30
-33
-46
-53
-46
-47
-28
-37
-40
-38
-23
-19
-25
-7
-24
-21
-24
-19
-25
-29
-25
-28
-20
-23
-36
-33
-23
-27
-41
-36
-37
-36
-37
-45
-42
-30
-34
-25
-22
-24
-4
-4
-3
-1
4
-5
1
4
-2
-4
6
15
7
2
-8
-3
0
-7
-4
-11
-19
5
1
-3
-12
6
3
2
8
9
24
27
22
35
32
30
49
49
50
55
58
31
42
42
48
49
54
54
51
59
44
49
40
24
27
25
19
4
-5
-5
-2
-10
4
-1
0
-4
-2
-12
-24
-23
-26
-19
-29
-7
-11
-12
-2
-11
-4
4
6
-7
3
11
14
14
5
9
20
14
12
15
20
26
17
7
6
13
16
14
4
11
19
20
13
4
37
38
37
39
37
53
39
64
41
47
52
37
50
30
28
38
38
30
22
21
42
23
28
30
28
40
36
42
18
27
31
30
36
30
29
26
25
31
34
33
32
18
27
29
24
36
39
36
21
32
21
12
19
11
4
11
2
-6
8
-2
-13
-15
8
-5
-2
0
-22
-16
-4
-4
-5
2
-7
-10
-3
-14
-15
-21
-16
-18
-43
-28
-28
-28
-24
-27
-32
-33
-24
-12
-7
-12
-5
6
5
-6
1
-4
13
15
13
9
17
29
20
29
20
41
33
36
30
40
42
42
57
36
39
39
45
32
26
32
28
25
34
26
14
16
14
22
7
10
10
14
13
-2
-12
-13
-16
-19
-11
-24
-30
-31
-30
-26
-42
-40
-43
-45
-54
-39
-35
-42
-21
-23
-30
-31
-22
-10
-20
-38
-31
-37
-37
-45
-40
-42
-45
-22
-36
-24
-27
-37
-24
-20
-19
-27
-20
-10
-4
-8
-27
-18
-13
-22
-15
-15
-28
-31
-36
-44
-33
-30
-37
-24
-32
-33
-10
-25
-19
-8
-16
-8
1
-4
8
22
19
26
21
26
30
41
27
30
34
27
21
24
31
19
19
16
22
10
29
9
16
17
13
26
17
32
10
22
15
-10
18
13
2
16
13
14
-5
0
-1
-12
-4
-7
-17
-25
-18
4
-9
5
-3
-26
-12
-22
-30
-26
-21
-27
-20
-14
-26
-2
-9
-11
-7
-15
-9
1
-6
-6
16
-8
21
33
17
8
25
18
9
33
17
26
42
43
41
31
35
50
49
40
44
37
28
31
33
14
18
9
1
29
21
26
25
29
35
33
23
10
19
10
14
30
19
21
20
27
43
54
38
23
28
22
28
30
28
21
13
14
15
5
8
25
29
15
-4
0
4
1
4
-1
-4
9
-9
-7
-4
-8
-8
-26
-23
-24
-25
-16
-30
-13
-20
-8
3
-15
-4
-18
-20
-8
-17
-24
-8
-24
-24
-7
-13
8
-8
-9
9
14
6
14
26
14
31
38
37
38
33
49
38
38
54
52
44
55
53
47
40
41
53
47
70
60
57
72
50
52
50
39
57
36
43
33
23
37
20
17
23
21
13
11
-10
-5
6
8
5
8
3
9
19
10
10
20
16
20
15
12
25
27
28
19
16
30
19
15
1
-1
16
-1
8
11
4
16
6
12
10
14
20
23
18
30
33
31
25
9
9
13
37
23
14
20
0
13
20
9
10
7
3
3
5
0
-6
-11
14
12
10
13
2
0
20
11
8
16
12
16
24
9
12
20
27
14
11
14
-6
2
9
6
18
14
19
14
6
14
12
14
6
-5
19
19
-7
9
13
-2
-10
-16
-21
-32
-27
-33
-34
-41
-39
-43
-39
-28
-37
-29
-47
-30
-31
-45
-34
-31
-35
-31
-39
-24
-24
-19
-3
-27
-5
-7
-4
-8
4
5
19
19
-4
7
12
-5
0
-5
-9
-1
-15
0
-7
-2
-18
-14
7
13
13
14
9
6
10
2
11
5
3
-2
0
4
5
15
-7
10
9
8
8
1
-2
-16
-7
13
-6
-9
3
-10
-3
-16
-17
-12
-12
-16
-14
-15
-12
-11
-22
-28
-21
-19
-25
-18
-12
0
-9
-3
-13
-12
-6
-6
-13
-2
-6
-9
-13
-18
-15
-32
-9
-20
-26
-26
-24
-32
-19
-35
-25
-17
-13
-4
-21
-18
-23
-16
3
0
-14
4
0
1
-1
-4
4
5
15
17
13
20
31
25
27
35
24
35
38
40
40
28
50
51
39
58
49
35
41
37
33
46
50
52
34
31
30
37
34
36
39
48
39
13
41
21
32
29
34
40
22
20
25
28
27
21
8
23
15
14
9
21
24
14
11
29
33
26
21
39
40
24
36
41
28
27
33
27
29
21
33
35
28
32
36
45
28
37
40
41
50
33
43
51
46
47
45
49
43
38
33
22
24
19
20
22
22
24
8
24
27
23
37
32
34
35
36
42
31
41
44
51
48
54
49
56
74
63
64
55
53
57
60
59
53
37
48
41
34
47
51
36
30
44
32
31
30
29
14
27
21
31
26
13
26
9
14
11
23
8
16
13
1
15
9
-5
0
0
16
4
14
16
14
32
31
24
26
47
37
53
45
27
46
51
52
44
52
48
39
52
50
49
44
48
50
44
43
43
51
54
60
59
48
49
39
35
32
30
37
37
40
21
32
36
41
33
31
35
26
35
12
18
23
14
26
7
16
8
13
9
10
12
-3
1
1
6
-15
6
12
9
-17
3
6
-2
-2
-11
12
12
10
14
6
5
8
3
-7
-5
-5
2
-6
-7
-2
-4
8
7
3
10
-3
6
7
-13
-15
-11
-3
4
-6
4
1
-6
-3
-6
4
-5
7
4
-13
3
30
19
14
28
24
32
24
35
27
26
31
20
31
36
32
28
33
18
19
17
16
15
9
21
20
16
2
0
2
9
14
6
8
9
12
5
4
2
4
3
2
-3
3
18
17
26
28
20
17
12
36
14
22
20
-4
7
5
-10
3
8
3
6
6
15
12
-2
6
15
17
0
5
11
14
5
13
23
17
39
19
15
12
17
17
14
35
35
26
31
22
24
17
13
13
4
-1
-14
1
2
-15
-7
6
6
13
12
7
7
5
6
-7
4
8
20
22
18
23
19
11
19
28
15
22
21
27
31
30
33
40
32
37
43
36
22
16
5
0
0
-1
-2
-10
3
13
8
1
4
-13
-12
-21
-35
-23
-19
-23
-21
-20
-39
-25
-39
-41
-43
-23
-29
-17
-19
-37
-14
-20
10
-14
-13
-6
6
-3
-8
-1
-12
-5
-18
-3
0
6
18
13
16
21
32
32
24
21
32
39
29
25
27
31
27
25
37
14
16
24
23
18
16
23
19
36
21
7
22
42
27
22
16
11
10
7
6
-5
-2
5
5
-1
9
20
20
0
5
1
14
8
7
7
21
16
-7
13
4
-1
12
10
5
-15
4
13
-14
-2
-12
-27
-19
-7
-27
-15
-15
-26
-35
-31
-28
-18
-23
-35
-37
-43
-32
-34
-30
-42
-21
-27
-31
-30
-34
-36
-22
-5
-19
-12
-9
-18
-11
-12
-4
-16
-18
-3
-13
-10
13
23
11
18
11
17
18
17
22
34
35
22
27
26
22
12
25
21
19
18
27
17
14
6
19
28
20
15
16
15
7
10
10
15
-2
14
8
8
7
9
14
-2
-14
-9
-22
1
14
-9
-5
-15
-34
-21
-15
-15
-12
-16
-31
-28
-16
-16
-28
-40
-24
-18
-13
-19
-11
-2
-9
3
-6
6
23
5
6
12
3
11
11
12
10
11
3
3
0
14
7
14
11
16
11
11
12
10
3
9
4
23
12
23
34
10
38
30
42
41
19
39
29
28
34
24
35
40
26
29
43
49
38
39
38
40
38
48
42
39
36
37
20
26
40
18
29
28
23
22
27
31
30
38
-5
11
16
11
23
16
17
0
18
13
-1
-14
-12
-9
-10
-23
-10
-9
-26
-10
-17
-26
-34
-29
-21
-24
-32
-12
-27
-28
-28
-3
-21
-28
-19
-12
-1
-6
5
-22
0
-5
0
2
9
12
9
9
3
26
19
20
24
23
19
33
23
35
28
28
48
46
56
35
37
36
43
46
42
39
35
63
40
49
42
50
49
48
52
37
47
37
50
33
44
41
39
34
32
33
28
14
21
14
19
15
20
25
20
11
13
5
12
17
4
11
5
-17
-17
-7
-17
-20
-16
-16
-21
-27
-29
-16
-13
-13
-14
