9
-2
-11
-5
-3
2
1
-7
-26
-15
-7
-20
-12
-16
-22
-4
-3
-16
-16
-6
2
8
-11
-13
-1
-14
-9
-8
-29
-35
-23
-20
-14
-11
-18
-14
-26
-17
-18
-15
-25
-19
-11
-8
-21
-17
-10
-36
-20
-23
-17
-52
-40
-31
-29
-32
-51
-27
-33
-38
-37
-39
-47
-32
-16
-6
-15
-16
-27
-25
-13
-29
-26
-25
-36
-34
-27
-25
-33
-50
-27
-42
-45
-46
-41
-32
-47
-42
-45
-53
-56
-51
-69
-75
-75
-61
-61
-68
-61
-48
-57
-52
-51
-67
-46
-40
-34
-24
-36
-32
-35
-46
-49
-32
-45
-39
-34
-49
-47
-44
-46
-50
-33
-51
-41
-31
-43
-35
-32
-30
-40
-30
-31
-28
-37
-27
-20
-22
-18
-25
-14
-17
-31
-28
-20
-26
-31
-36
-23
-32
-25
-14
-21
-32
-33
-22
-18
-15
-39
-27
-23
-33
-5
-24
-5
-12
-17
-5
-33
-26
-22
-32
-27
-32
-33
-20
-42
-40
-36
-47
-32
-26
-22
-34
-17
-29
-19
-36
-30
-15
-26
-25
-32
-32
-24
-24
-32
-28
-35
-14
-22
-16
-13
-20
-19
-9
-10
-9
-21
-30
-14
-9
-17
-9
-7
-11
-20
-2
-19
-15
-24
-14
0
-15
-14
-19
8
-4
-15
-18
-8
-4
-10
-10
-22
-11
-2
1
1
3
3
-2
4
3
4
9
-1
-3
6
12
-4
14
17
3
7
0
2
5
-5
-10
-4
0
-6
-21
9
-8
-4
0
-31
-7
-13
-6
-7
-18
-13
-30
-29
-31
-32
-18
-11
-28
-5
-18
-43
-15
-13
-10
-21
-18
-23
-5
-13
-11
3
1
3
1
9
-1
16
6
15
29
31
22
11
25
23
25
30
25
15
28
13
11
-5
8
12
30
19
13
28
28
18
9
3
2
-4
-4
6
6
7
7
34
1
19
11
4
2
-6
-12
-2
11
6
2
-14
-3
-7
-4
-15
8
1
-10
2
-17
-7
-1
-6
-2
-11
-1
11
0
0
-2
-12
-7
-4
-18
-3
-4
-14
-5
-4
-5
-2
-9
-6
-10
-3
1
-9
-2
-5
-4
0
6
10
12
9
10
14
7
0
11
1
7
20
8
18
8
7
6
-11
-4
-6
-21
-18
-4
1
-2
-12
-11
-20
-20
-15
-22
-4
-18
-1
2
-17
4
1
0
-12
-25
10
-4
-14
-5
-1
-7
6
-9
-4
17
4
-20
-15
-14
-2
-6
-2
-6
-10
-3
-19
6
-9
-20
-12
-9
-14
-15
-15
-15
-15
-20
-25
-18
-8
-20
2
-6
-20
-9
5
8
-16
-13
-3
7
8
8
8
-24
-17
-4
-26
-17
-15
0
-9
-19
-22
-11
1
-1
-14
-5
-4
-13
-16
-13
-21
-16
-10
-22
3
-19
-13
-14
-22
0
-11
-24
-22
-12
-12
-15
-14
-15
-5
-8
-3
-8
-12
-3
3
0
-2
-15
-10
-2
-17
-4
-1
-12
-2
-5
-5
-3
-1
10
15
19
5
17
3
-5
8
16
13
15
30
22
13
5
16
-1
-3
2
0
1
12
18
13
13
0
-15
-17
-13
-11
-8
-5
6
9
-21
-23
-4
-14
-10
-11
-8
-27
-28
-14
-17
-23
-22
-13
-41
-31
-20
-15
-18
-31
-15
-16
-21
-20
-21
-21
-27
-21
-27
-36
-14
-21
-18
-20
-3
-18
-10
-5
-27
-10
-8
-5
0
-3
-9
-6
-8
-13
-18
-7
-14
3
-11
-27
-15
-23
-14
-9
-15
-19
-24
-17
-14
-26
-30
-36
-23
-38
-46
-53
-47
-27
-55
-45
-40
-50
-57
-60
-62
-64
-51
-44
-67
-76
-61
-53
-55
-53
-69
-62
-50
-70
-62
-62
-74
-61
-64
-68
-54
-68
-44
-69
-50
-54
-49
-65
-45
-41
-70
-40
-61
-51
-51
-31
-30
-38
-49
-49
-36
-59
-54
-59
-37
-29
-41
-48
-45
-41
-46
-50
-49
-18
-40
-49
-42
-42
-41
-39
-25
-48
-42
-41
-47
-27
-36
-31
-36
-22
-35
-33
-43
-46
-52
-45
-30
-39
-43
-45
-49
-50
-41
-50
-56
-50
-43
-51
-53
-51
-63
-64
-67
-58
-58
-55
-68
-80
-80
-67
-73
-84
-71
-67
-59
-68
-63
-62
-75
-67
-55
-53
-63
-58
-51
-65
-51
-56
-47
-46
-56
-59
-54
-43
-67
-59
-45
-54
-65
-60
-46
-60
-58
-49
-61
-52
-57
-62
-64
-57
-56
-47
-53
-65
-45
-31
-28
-53
-38
-25
-37
-43
-32
-33
-34
-31
-40
-41
-49
-38
-36
-54
-55
-56
-60
-63
-47
-68
-51
-52
-60
-49
-61
-59
-57
-41
-60
-50
-62
-63
-58
-72
-77
-66
-61
-72
-65
-78
-76
-60
-71
-56
-85
-69
-58
-62
-59
-46
-43
-70
-57
-65
-77
-73
-53
-58
-51
-65
-55
-53
-48
-47
-50
-41
-49
-34
-43
-41
-54
-50
-51
-53
-54
-77
-67
-56
-72
-69
-61
-59
-65
-61
-58
-65
-77
-77
-73
-60
-49
-65
-44
-53
-62
-58
-63
-51
-58
-64
-74
-65
-60
-77
-67
-72
-60
-56
-56
-49
-58
-65
-44
-65
-68
-61
-66
-44
-67
-54
-62
-66
-41
-50
-43
-70
-49
-43
-40
-52
-49
-60
-67
-51
-56
-50
-59
-69
-75
-57
-79
-53
-56
-50
-47
-62
-50
-55
-55
-68
-66
-50
-41
-46
-38
-41
-54
-55
-71
-72
-63
-61
-57
-51
-74
-66
-54
-57
-45
-55
-37
-48
-49
-57
-48
-42
-50
-52
-39
-49
-55
-45
-53
-47
-37
-42
-47
-36
-45
-51
-37
-31
-41
-41
-37
-52
-37
-37
-40
-49
-50
-35
-55
-52
-42
-51
-61
-61
-42
-38
-55
-51
-55
-48
-58
-42
-38
-35
-37
-50
-49
-54
-69
-60
-51
-53
-56
-77
-66
-68
-64
-59
-70
-57
-51
-63
-57
-62
-82
-71
-66
-61
-67
-75
-58
-65
-67
-65
-69
-50
-55
-73
-65
-68
-66
-84
-73
-62
-61
-56
-58
-60
-46
-62
-55
-46
-49
-50
-49
-31
-45
-49
-40
-44
-49
-50
-49
-30
-45
-57
-39
-39
-50
-47
-53
-52
-46
-45
-64
-52
-59
-54
-75
-60
-54
-73
-50
-64
-69
-73
-75
-74
-51
-61
-62
-61
-71
-71
-68
-81
-77
-86
-83
-72
-83
-82
-76
-71
-78
-81
-81
-81
-84
-82
-78
-66
-56
-85
-70
-61
-81
-57
-78
-70
-72
-66
-61
-66
-67
-84
-68
-62
-60
-50
-56
-66
-54
-60
-56
-58
-63
-48
-50
-52
-56
-53
-51
-44
-46
-57
-48
-63
-64
-65
-61
-50
-61
-57
-59
-65
-70
-78
-59
-73
-85
-71
-72
-66
-88
-86
-76
-81
-76
-90
-94
-86
-87
-86
-74
-80
-60
-67
-87
-75
-72
-73
-66
-69
-65
-60
-59
-57
-57
-62
-54
-36
-52
-50
-54
-54
-55
-73
-58
-62
-62
-46
-50
-54
-60
-59
-65
-57
-55
-52
-60
-60
-51
-57
-39
-65
-60
-43
-52
-51
-48
-62
-57
-51
-42
-49
-50
-44
-46
-46
-37
-39
-52
-50
-48
-54
-56
-44
-46
-46
-49
-45
-58
-67
-53
-57
-45
-48
-67
-42
-53
-50
-49
-45
-53
-60
-61
-54
-51
-62
-49
-45
-29
-48
-44
-36
-39
-49
-32
-43
-42
-52
-56
-67
-45
-34
-35
-39
-38
-40
-30
-40
-69
-35
-44
-41
-58
-44
-45
-63
-67
-46
-54
-68
-54
-44
-46
-62
-60
-45
-51
-49
-66
-46
-48
-63
-59
-68
-53
-39
-54
-55
-54
-57
-50
-53
-50
-57
-65
-59
-56
-53
-63
-50
-57
-48
-50
-48
-59
-70
-62
-74
-62
-77
-48
-60
-64
-61
-52
-64
-64
-56
-62
-52
-53
-38
-35
-32
-37
-32
-23
-36
-39
-38
-40
-39
-19
-34
-26
-28
-50
-37
-32
-43
-40
-23
-40
-47
-27
-32
-33
-28
-29
-33
-29
-35
-24
-21
-23
-19
-31
-28
-16
-10
-24
-16
-26
-18
-22
-9
-1
-21
-30
-9
-11
-1
-14
-18
-2
-19
-18
-24
-15
-12
-10
-10
6
-11
-14
1
-9
-4
11
16
7
-8
6
0
-8
-5
-8
-13
-22
-2
-30
-12
3
-18
-22
-5
1
-4
4
-10
3
-9
-5
-16
-10
-6
-16
2
-21
-6
-9
-3
-11
9
18
13
4
-3
5
-3
0
4
4
8
12
11
16
-7
4
3
-10
6
-7
-12
0
-11
-7
3
-6
-10
0
-4
-6
15
14
7
12
4
-4
19
15
1
1
1
-1
-13
12
8
11
6
17
43
30
27
41
29
37
37
24
34
36
27
33
32
35
37
38
38
38
37
23
32
31
29
44
30
41
42
15
32
44
27
38
35
35
19
23
43
16
23
26
32
42
13
19
28
25
30
9
4
8
10
11
23
14
-4
9
5
-4
-9
-5
5
11
-2
-6
-4
20
-2
-1
2
-18
-3
-1
8
16
11
-13
-3
-3
-20
-13
-4
-5
-11
1
6
-6
-1
-15
-22
-23
-16
-16
-12
-11
-14
-4
-9
-7
-12
-16
-10
-18
-20
-24
-15
-6
-15
-8
-16
-22
-12
-21
-9
-21
-21
-25
-25
-27
-38
-19
-35
-12
-16
-15
-8
-18
-10
-13
-28
-21
-23
-9
-8
-22
-19
-20
-12
-8
-22
-22
-14
-17
-14
-12
-16
-9
-13
-16
-6
-11
-8
-20
-12
-13
-15
-26
-11
-22
-39
-12
-14
-26
-32
-23
-29
-5
-13
-25
-21
-21
-21
-13
-26
-20
0
-4
-21
-14
-5
-13
-9
-20
-21
-36
-25
-15
-34
-19
-18
-28
-35
-24
-34
-39
-28
-29
-18
-19
-15
-24
-38
-41
-22
-23
-39
-18
-19
-23
-28
-22
-12
-5
-10
-16
-12
-5
-2
-15
-4
-14
-3
9
-4
12
16
-2
-8
-6
-10
-10
-4
-13
-13
-13
7
-7
-10
-13
-2
-3
1
-8
-2
8
-5
-1
-9
-17
-4
-4
-18
2
-20
-24
-10
-20
-19
-15
-2
-3
-16
-22
-17
-31
-32
-36
-33
-7
-5
-25
-30
-35
-34
-42
-33
-33
-34
-34
-37
-41
-35
-24
-41
-43
-35
-42
-57
-54
-65
-59
-54
-61
-58
-51
-64
-57
-73
-62
-60
-57
-73
-81
-52
-68
-64
-67
-71
-59
-54
-54
-53
-64
-53
-44
-53
-59
-56
-54
-57
-59
-51
-48
-55
-61
-56
-48
-53
-60
-47
-45
-54
-58
-50
-54
-55
-57
-60
-54
-73
-65
-65
-64
-57
-66
-69
-63
-54
-64
-60
-48
-63
-66
-63
-59
-63
-82
-71
-78
-84
-84
-77
-70
-80
-70
-76
-74
-77
-93
-95
-96
-92
-91
-67
-78
-91
-75
-80
-83
-80
-75
-67
-60
-76
-81
-75
-72
-61
-82
-85
-82
-83
-68
-74
-79
-83
-72
-72
-83
-75
-85
-76
-81
-84
-68
-74
-82
-69
-66
-66
-82
-77
-85
-76
-75
-85
-85
-79
-61
-74
-64
-85
-93
-81
-76
-83
-86
-76
-73
-72
-74
-71
-68
-72
-70
-69
-69
-53
-48
-49
-67
-47
-50
-61
-61
-58
-71
-55
-56
-63
-59
-60
-61
-76
-76
-69
-67
-70
-86
-66
-72
-78
-67
-67
-64
-66
-47
-68
-76
-72
-60
-75
-54
-59
-69
-50
-57
-46
-68
-58
-54
-49
-54
-42
-43
-43
-39
-47
-43
-64
-49
-65
-64
-58
-60
-56
-52
-47
-60
-73
-55
-45
-60
-54
-49
-62
-57
-56
-54
-52
-53
-43
-51
-59
-68
-71
-65
-43
-44
-61
-71
-65
-47
-49
-62
-51
-55
-59
-41
-61
-57
-50
-49
-47
-53
-57
-54
-52
-68
-43
-47
-52
-63
-65
-43
-51
-60
-57
-51
-71
-54
-47
-46
-57
-48
-40
-54
-43
-53
-50
-43
-60
-48
-59
-60
-46
-56
-62
-55
-66
-55
-64
-50
-37
-46
-47
-43
-45
-44
-41
-52
-54
-71
-58
-62
-65
-65
-47
-64
-70
-63
-63
-71
-66
-63
-87
-76
-72
-58
-57
-60
-49
-57
-58
-61
-57
-58
-58
-61
-54
-53
-47
-56
-63
-47
-62
-50
-42
-46
-63
-56
-58
-55
-68
-49
-52
-60
-53
-69
-72
-62
-64
-52
-56
-65
-52
-50
-54
-73
-75
-42
-48
-74
-61
-50
-67
-75
-64
-67
-56
-59
-75
-63
-74
-59
-68
-60
-62
-81
-64
-57
-50
-64
-61
-68
-61
-63
-64
-64
-66
-61
-54
-37
-46
-55
-42
-52
-48
-63
-71
-46
-60
-53
-67
-70
-60
-68
-42
-60
-60
-70
-69
-68
-70
-62
-59
-62
-71
-56
-54
-51
-55
-68
-56
-73
-73
-64
-68
-68
-69
-66
-55
-53
-53
-60
-61
-61
-64
-75
-71
-66
-71
-73
-66
-64
-65
-63
-67
-71
-65
-67
-89
-73
-69
-61
-52
-62
-73
-75
-76
-64
-73
-47
-54
-59
-51
-63
-56
-62
-58
-61
-59
-77
-65
-57
-59
-54
-65
-59
-64
-63
-51
-65
-66
-56
-38
-38
-33
-42
-44
-50
-34
-42
-27
-34
-43
-33
-48
-24
-49
-37
-17
-31
-29
-27
-32
-42
-47
-30
-32
-29
-43
-29
-27
-49
-39
-52
-43
-40
-36
-32
-31
-24
-25
-24
-28
-35
-17
-19
-28
-15
-27
-30
-22
-31
-26
-28
-43
-19
-17
-29
-31
-22
-21
-38
-22
-16
-7
-12
-15
-18
-22
6
-19
-25
-24
-31
-28
-16
-3
-16
-4
-6
-5
-17
-13
-26
-33
-28
-29
-19
-14
-19
-22
-24
-25
-4
-15
-9
-26
-18
-17
-15
6
-9
-30
-35
-16
-5
-8
-14
-23
-7
-19
-20
-13
-11
-16
-29
-14
-15
-22
-17
-22
-9
-11
-15
-2
-27
-13
-10
-24
-25
-15
-16
-27
-16
-18
-29
-28
-38
-30
-16
-14
-12
-21
-24
-5
-9
-15
-15
-10
-10
-20
-28
-16
-14
-21
-19
-30
-37
-32
-36
-20
-18
-38
-31
-42
-38
-28
-25
-36
-25
-36
-25
-17
-18
-18
-30
-20
-33
-45
-31
-32
-40
-26
-23
-26
-37
-34
-31
-37
-38
-51
-51
-38
-47
-45
-39
-48
-53
-42
-24
-30
-26
-11
-24
-22
-34
-27
-27
-36
-18
-21
-19
-35
-42
-31
-32
-38
-32
-24
-39
-23
-15
-31
-36
-30
-34
-39
-28
-17
-11
-25
-11
-18
-7
-18
-20
-15
-25
-25
-21
-18
-23
-18
-28
-8
-11
-29
-11
-22
-23
-6
-20
-21
-15
-19
-19
-21
-19
-15
-12
-13
-13
-3
-7
-1
7
-1
14
10
10
9
10
13
3
20
13
21
14
8
9
18
20
22
17
18
3
5
11
-1
-5
-3
6
4
1
-5
0
-15
-9
-9
-11
-22
-10
-4
-7
-12
-27
-26
-23
-17
-23
-19
-34
-28
-26
-22
-28
-21
-7
-8
-21
-27
-28
-24
-4
-19
-15
-10
-11
6
-12
-15
17
-3
-7
7
12
7
-4
23
20
2
12
10
4
-4
-16
8
9
-10
-4
-2
-8
-5
-1
-3
-4
-1
-1
-12
-15
-17
-8
2
-12
-28
-3
-3
-6
-1
0
5
-4
-13
-14
-12
-13
-22
-11
-13
-15
-1
-3
-13
-1
12
-9
-4
10
-4
-5
-11
-12
-8
-12
-5
-13
-22
-16
-8
-7
3
-7
-7
-5
0
-4
-4
0
-8
-4
-4
-4
-5
-12
9
8
11
1
11
14
-2
20
9
3
7
33
27
11
19
18
19
6
3
8
7
5
4
34
12
18
15
19
5
9
16
-4
6
26
7
13
24
21
16
12
11
14
24
21
28
6
10
11
0
14
22
21
25
21
31
28
6
15
23
30
23
13
23
14
29
38
22
14
9
28
17
11
13
7
2
0
5
11
23
3
-5
2
8
6
3
13
-3
8
10
3
12
3
16
9
21
7
18
18
25
29
16
31
6
20
26
14
26
17
39
18
7
34
17
26
23
28
28
49
40
34
34
21
11
24
29
41
44
37
20
21
22
19
30
18
29
27
26
28
29
16
17
19
13
13
7
16
25
10
3
16
29
19
15
17
8
7
12
16
30
21
-1
15
13
17
12
7
23
13
12
12
-1
-5
2
2
-7
2
1
-4
-7
13
-9
-15
-5
-2
-1
3
13
2
5
10
6
4
3
7
10
-10
-1
14
13
4
5
-4
4
8
7
3
-3
-7
7
3
1
-1
4
27
-3
22
14
5
-1
-3
6
3
7
0
-2
-4
-2
3
2
4
0
-8
-3
-19
-13
-14
-9
-16
-11
-5
-13
-3
-10
-7
-2
-1
6
-2
-11
-12
-10
-10
-1
-12
-9
-10
5
1
-5
0
-2
-12
2
-1
-13
9
6
20
-1
-4
-1
-3
-14
-12
-22
-22
-22
-16
-21
-22
-20
-21
-13
-16
-5
-9
-16
-24
-14
-7
-2
-20
-21
-21
-26
-7
-3
-3
-24
-9
3
-2
4
2
10
10
9
2
7
20
16
22
30
12
16
6
9
27
24
19
18
8
6
30
21
16
19
17
25
20
13
18
12
19
19
36
31
18
21
30
24
23
21
21
45
27
14
23
16
36
27
25
39
31
34
27
18
24
36
22
38
27
9
23
42
33
24
17
16
16
16
25
18
30
31
33
24
24
31
22
37
33
32
19
13
29
31
31
35
40
37
42
45
30
49
41
49
40
28
34
32
15
27
39
18
23
31
41
44
38
28
30
40
52
33
38
40
34
31
45
19
54
39
4
21
26
32
28
31
36
41
27
27
41
23
32
35
22
43
32
38
37
29
30
37
42
42
38
52
42
34
39
40
23
30
37
34
42
23
24
29
20
17
6
14
19
17
11
4
20
4
9
18
3
2
-1
8
9
3
0
3
5
2
6
-3
-23
-15
-12
-11
-4
-17
-2
3
-8
-19
-2
5
6
3
10
15
6
6
-8
-10
6
22
6
5
9
14
14
10
14
21
9
5
2
15
12
0
7
-11
-13
13
3
3
5
-4
0
-11
-11
-6
4
7
-2
-5
-7
-9
-12
-14
-5
-6
-20
-5
-9
-7
-8
11
4
-21
-12
-12
-4
-10
-11
-7
-13
-9
-12
-11
-6
-16
-6
1
-4
-2
4
2
10
4
3
7
-4
-5
6
10
4
-3
-2
17
10
7
7
12
11
12
13
0
8
7
2
7
0
-7
15
-8
6
8
-12
6
3
3
-4
1
-1
-1
4
-18
-8
2
-1
6
11
0
-1
-2
2
0
-2
21
18
5
4
8
18
21
12
17
11
-4
25
3
10
12
19
21
20
29
17
20
20
31
45
29
30
30
22
38
22
35
20
38
28
14
25
9
37
4
24
33
17
15
14
27
15
20
32
9
22
31
19
25
18
22
31
30
22
13
-2
13
21
22
18
10
13
29
17
5
6
-3
17
22
11
24
8
19
27
13
21
11
20
22
8
17
19
22
1
19
24
5
14
18
19
19
33
15
19
27
16
29
16
4
3
19
26
10
17
22
11
25
3
-9
6
4
6
9
-7
10
14
8
17
-13
3
-6
3
-1
6
2
-8
-1
6
19
-6
-11
-12
10
-5
7
-3
-6
17
-7
-7
-3
-17
-5
2
-18
-9
-11
-13
-2
-2
-12
0
-21
-19
-26
-27
-11
-21
-20
-12
-11
-8
-2
-4
-14
-17
-23
-26
-31
-44
-33
-12
-21
-14
13
8
-19
-20
-4
-20
-12
-8
-12
-15
-17
-6
1
-6
-14
2
-15
-7
2
-20
-8
-2
-8
1
-8
-24
-19
-23
-15
-15
-19
-15
-22
-17
-19
-5
-20
-18
-13
-31
-24
-26
-20
-26
-24
-33
-44
-17
-24
-44
-38
-23
-45
-40
-24
-27
-38
-31
-40
-28
-20
-29
-21
-38
-24
-29
-18
-19
-18
-27
-24
-16
-28
-12
-22
1
-8
-11
-5
2
-21
-5
9
-3
3
-5
6
-2
5
14
15
10
-2
22
14
15
13
18
17
3
11
9
17
14
16
11
9
15
9
7
4
-2
23
32
8
22
28
14
23
24
23
10
17
14
23
24
16
9
22
23
16
30
21
23
10
25
22
7
15
22
23
17
10
24
13
20
15
20
33
11
24
16
24
21
11
9
7
22
16
21
12
21
14
7
8
5
16
26
12
10
15
21
15
-1
21
17
27
19
9
34
18
33
34
31
23
11
28
13
14
10
16
14
20
24
41
35
31
48
43
44
32
27
45
41
15
32
54
30
39
31
30
22
21
32
24
39
28
38
27
22
15
7
23
19
29
18
26
15
35
27
25
35
16
40
26
28
23
28
32
29
18
12
22
23
38
14
26
17
21
28
29
39
20
35
40
21
34
27
13
23
19
34
14
11
25
33
34
40
41
17
29
24
12
17
16
24
13
-2
15
9
13
27
23
11
6
2
12
-3
-7
0
-14
0
11
-24
-17
-5
-14
-15
-6
-6
-1
5
-28
-11
-13
-14
-14
-21
-10
-7
-28
0
-1
-19
-13
-12
-11
-15
-19
-16
-21
-28
-6
-15
-15
-5
-7
-21
-15
-18
-23
-15
-13
-20
-16
-25
-20
-17
-10
-18
-14
-21
-25
-16
-4
-11
-20
-9
-13
-3
5
-1
6
-2
-14
-6
-1
-7
-19
-18
-15
-28
-36
-28
-31
-22
-29
-26
-31
-21
-6
-5
-18
-13
-3
-19
-5
-16
-23
-18
-19
-20
-26
-17
-19
-16
-19
-26
-26
-9
-14
-24
-17
-23
-10
-11
-19
-12
-9
-1
-8
5
-9
-8
-12
-20
-7
-15
-8
-12
-14
-4
-4
-3
-6
-24
-18
-19
-13
-23
-18
-13
-13
-17
-15
-20
-19
3
-16
-5
-4
-25
-15
-31
-35
-23
-19
0
-7
-10
-31
-19
-17
-20
-16
-15
-25
-36
-17
-27
-15
-22
-22
-14
-20
-2
-13
-17
-5
-12
-13
-26
-10
-19
-20
-9
-3
-16
-21
-23
-12
-15
-23
-24
-26
-21
-7
-16
-25
-25
-30
-24
-15
-15
-26
-26
-26
-18
-11
-2
-7
-6
-12
-24
-11
-7
-16
6
-12
-12
-19
-6
8
-2
-12
-13
-2
-9
-15
-7
-18
-18
-7
-27
-19
-17
-5
-25
-19
-7
-3
-7
2
-13
-24
-11
-12
0
-5
-4
-16
-9
-4
-4
-1
0
7
3
-1
4
1
12
-4
14
14
-6
-5
-16
-16
-6
4
-10
-7
-17
-20
-8
-20
-16
-9
-17
-4
-8
-8
-8
3
-3
-9
-2
8
1
-9
-14
-15
5
-6
3
5
7
0
11
5
12
11
1
7
-6
10
3
3
-9
3
-1
11
13
7
5
5
8
-13
-8
16
13
9
16
17
9
13
3
-3
15
-9
9
4
7
17
4
9
24
11
-1
7
4
12
4
-9
-14
-10
0
-5
-12
-32
-6
-19
-22
-7
-9
-14
-26
-11
-18
-27
-12
-19
-19
-14
-13
-17
-19
-16
-31
-25
-14
-14
-29
-5
-4
-13
-14
-20
-11
-25
-20
-24
-14
-21
-16
-12
-22
-22
-37
-35
-25
-40
-37
-27
-27
-42
-44
-34
-55
-35
-42
-34
-30
-44
-43
-36
-29
-29
-43
-33
-31
-40
-39
-42
-34
-31
-44
-53
-58
-51
-36
-42
-56
-53
-37
-46
-47
-52
-52
-25
-50
-46
-38
-42
-45
-24
-25
-37
-27
-28
-31
-47
-55
-41
-39
-53
-46
-46
-39
-44
-46
-60
-46
-33
-36
-40
-39
-50
-44
-36
-26
-30
-29
-39
-46
-44
-38
-25
-31
-41
-36
-24
-29
-19
-17
-21
-17
-38
-40
-41
-23
-30
-31
-44
-51
-40
-40
-36
-52
-47
-60
-34
-31
-39
-40
-45
-22
-20
-27
-34
-31
-20
-31
-33
-45
-45
-42
-40
-46
-47
-35
-38
-36
-37
-33
-36
-28
-35
-31
-26
-43
-25
-27
-26
-16
-31
-23
-25
-36
-32
-47
-36
-39
-29
-25
-22
-10
-25
-19
-38
-28
-15
-10
-27
-10
-17
-23
-15
-26
-17
-18
-7
-12
-6
-28
-20
-28
-42
-14
-15
-26
-16
-16
-12
-17
-23
-7
-17
-15
-18
-19
-14
-6
-6
-14
-13
-3
-6
0
-4
2
2
-8
-10
4
-9
-10
-20
-12
-10
-19
8
5
-10
7
-8
-8
-1
-2
8
-19
-9
-19
-24
-14
-19
-33
-16
-14
-12
-4
-9
1
-9
-3
-7
-4
-19
-14
-13
-17
-21
-10
-7
-16
-15
-2
-8
-15
-3
-6
-15
-1
-14
-27
-9
-16
-23
-17
-13
-16
-10
-22
-24
-18
-19
-26
-23
-28
-33
-33
-29
-31
-27
-25
-30
-33
-25
-26
-35
-16
-22
-34
-42
-42
-48
-50
-43
-42
-42
-58
-54
-60
-58
-45
-60
-59
-59
-60
-53
-69
-67
-72
-70
-78
-81
-73
-71
-75
-73
-68
-82
-64
-73
-73
-81
-82
-73
-81
-82
-86
-91
-82
-63
-54
-67
-67
-59
-55
-61
-68
-58
-55
-67
-66
-62
-76
-72
-85
-64
-87
-91
-74
-94
-73
-71
-85
-67
-68
-72
-68
-78
-78
-77
-78
-73
-69
-84
-75
-74
-76
-83
-76
-73
-77
-71
-80
-63
-71
-69
-46
-70
-53
-55
-61
-61
-87
-77
-60
-59
-72
-74
-69
-73
-78
-79
-77
-78
-80
-82
-71
-79
-67
-66
-66
-69
-70
-74
-80
-80
-93
-65
-50
-74
-75
-71
-75
-87
-74
-82
-71
-63
-73
-69
-67
-79
-77
-70
-63
-54
-61
-49
-46
-55
-54
-64
-57
-53
-59
-60
-68
-60
-57
-53
-61
-42
-32
-49
-41
-51
-28
-28
-38
-32
-36
-37
-37
-32
-26
-38
-18
-10
-32
-18
-19
-15
-21
-16
-20
-44
-33
-29
-9
-9
-26
-9
-13
-17
-13
-17
-5
-2
-12
-13
-6
-21
-8
-8
2
7
-8
-19
-6
-48
46
64
-47
30
-65
-76
-1
-45
-44
-46
-81
-29
-16
-8
40
-46
-54
-37
-58
-19
-28
-50
-29
-49
-49
-24
-26
-33
-49
-26
-24
-24
-31
-24
-29
-26
-1
10
-2
-8
-4
-24
0
-6
4
11
-9
-7
-18
-7
-11
2
0
-6
14
13
15
21
23
13
24
17
14
2
7
16
8
9
7
2
24
29
26
23
30
35
20
29
37
39
32
37
29
23
30
38
38
7
4
10
8
11
16
-8
3
16
6
10
8
2
-15
-12
5
7
3
-27
-35
-28
-36
-29
-31
-27
-31
-25
-30
-40
-45
-46
-41
-44
-53
-50
-52
-58
-71
-70
-52
-56
-54
-61
-57
-55
-57
-68
-61
-72
-72
-59
-54
-77
-67
-80
-61
-52
-56
-42
-57
-39
-62
-58
-45
-45
-44
-44
-56
-49
-31
-37
-37
-45
-18
-23
-32
-29
-28
-17
-3
-6
-10
-8
-1
10
-3
6
12
25
21
18
39
26
31
40
26
21
40
27
27
33
20
15
16
7
0
14
3
-14
-2
-3
-2
2
-20
-18
-8
-13
-33
-33
-45
-34
-22
-30
-34
-39
-39
-58
-57
-57
-65
-64
-75
-64
-61
-77
-78
-83
-103
-92
-92
-93
-92
-87
-95
-106
-120
-126
-121
-124
-110
-125
-122
-114
-105
-90
-106
-102
-109
-106
-98
-109
-95
-99
-97
-89
-78
-103
-83
-75
-82
-82
-72
-66
-52
-46
-30
-30
-37
-16
-25
-14
-1
-3
4
0
-3
15
25
38
29
49
53
44
49
61
79
82
81
80
80
80
95
105
118
106
107
113
129
118
120
129
117
138
123
110
102
109
115
106
109
95
99
75
79
66
56
55
44
54
37
19
2
5
2
-17
-40
-45
-43
-52
-70
-68
-94
-103
-112
-115
-115
-135
-126
-134
-148
-162
-172
-193
-192
-185
-176
-194
-200
-188
-203
-190
-195
-195
-181
-197
-186
-185
-167
-161
-150
-156
-158
-127
-117
-102
-93
-88
-70
-76
-61
-53
-30
-18
-17
11
25
28
31
60
56
69
71
96
98
100
115
132
136
151
168
160
178
173
196
201
207
226
231
244
233
245
254
262
270
265
262
271
275
275
289
284
283
298
288
289
291
293
287
281
270
270
255
244
254
241
206
202
196
170
151
125
129
97
82
42
8
-7
-46
-69
-99
-123
-178
-208
-240
-276
-284
-304
-328
-356
-357
-378
-403
-422
-425
-418
-425
-426
-434
-416
-415
-398
-390
-368
-361
-341
-326
-305
-296
-284
-253
-250
-228
-209
-178
-172
-132
-106
-85
-55
-19
-13
4
21
53
67
81
96
100
139
158
170
168
197
224
236
245
250
277
292
269
285
306
292
295
306
319
319
317
329
330
314
322
336
326
328
335
337
353
331
335
339
334
355
346
356
363
346
352
344
344
346
325
302
294
272
277
249
218
210
157
132
111
79
45
16
-19
-38
-81
-96
-122
-171
-196
-211
-225
-255
-258
-271
-304
-310
-335
-333
-325
-335
-342
-340
-352
-360
-349
-354
-363
-355
-365
-345
-350
-347
-335
-319
-307
-311
-301
-281
-287
-262
-244
-230
-209
-203
-180
-195
-168
-146
-126
-134
-100
-87
-79
-48
-46
-31
-25
-14
19
33
40
57
66
83
87
108
112
122
123
137
129
140
147
154
166
153
164
152
153
166
161
162
150
163
181
152
153
151
161
153
152
150
144
166
150
155
169
162
163
160
173
185
199
195
210
211
205
234
237
241
251
236
257
251
249
256
246
232
223
220
208
205
189
153
159
140
115
108
79
64
49
31
31
3
-20
-37
-58
-59
-77
-78
-91
-102
-117
-121
-139
-153
-142
-158
-135
-146
-171
-165
-153
-182
-184
-177
-179
-176
-185
-170
-179
-194
-189
-192
-194
-176
-177
-161
-179
-178
-177
-184
-179
-184
-179
-167
-173
-162
-144
-143
-131
-137
-110
-107
-93
-80
-88
-67
-72
-47
-40
-44
-22
-22
-11
-6
4
12
9
20
20
38
47
58
57
68
54
52
76
71
62
67
64
85
83
82
73
78
90
87
84
77
84
84
84
83
94
90
109
103
106
121
127
145
151
156
163
179
204
208
229
242
256
288
292
296
297
325
331
331
324
330
316
312
311
301
283
268
253
239
223
212
216
183
160
140
123
119
100
78
62
55
36
26
17
2
-9
-26
-40
-47
-73
-86
-81
-88
-121
-120
-139
-139
-146
-144
-150
-165
-164
-170
-189
-179
-182
-165
-409
-599
-284
-161
-317
-352
-178
-146
-292
-237
-92
-115
-215
-163
-100
-130
-142
-117
-86
-128
-124
-92
-104
-129
-127
-102
-106
-123
-101
-75
-72
-61
-52
-36
-58
-59
-22
-26
-41
-4
18
-21
-25
-74
-283
-287
-176
-160
-224
-165
-79
-107
-141
-86
-21
-61
-61
5
27
21
37
61
64
60
91
135
125
132
160
167
163
160
181
201
203
242
283
283
269
290
307
271
304
315
310
346
347
359
366
366
391
379
375
377
345
339
323
305
281
258
237
224
210
165
167
149
112
105
58
41
21
15
29
11
-29
-16
-48
-59
-51
-72
-75
-60
-91
-149
-108
-115
-150
-189
-149
-166
-155
-153
-143
-144
-176
-141
-180
-189
-149
-100
-175
-161
-78
-162
-205
-145
-140
-155
-192
-86
-94
-189
-139
-125
-124
-165
-119
-63
-166
-173
-137
-138
-118
-164
-171
-87
-111
-110
-69
-68
-75
-43
-45
-52
-70
-62
-20
-116
16
65
-107
12
26
5
20
-23
39
17
-17
-9
78
44
-5
66
-5
111
36
40
76
40
102
105
103
60
111
188
65
129
235
189
230
158
259
315
270
364
356
421
383
401
526
456
431
484
544
530
487
525
542
492
516
526
467
412
434
397
319
333
310
275
205
172
190
107
90
81
80
8
-16
13
-61
-55
-37
-62
-74
-103
-38
-41
-110
-86
-73
-51
-177
-100
-61
-154
-100
-96
-107
-112
-91
-11
-135
-116
-4
-117
-108
-86
-51
-100
-159
-27
-60
-179
-86
-92
-137
-141
-126
-68
-208
-193
-182
-188
-240
-260
-159
-215
-243
-316
-178
-228
-309
-203
-142
-330
-244
-188
-201
-240
-200
-92
-118
-164
-39
8
-28
-44
-96
241
-10
-46
153
22
-4
127
139
208
8
126
254
73
169
182
255
158
20
290
267
269
342
271
305
178
362
313
344
451
399
447
513
481
564
585
716
703
710
689
708
687
714
762
791
739
703
667
581
524
517
520
421
401
402
304
231
210
106
24
27
23
-13
-38
-89
-152
-173
-166
-206
-214
-166
-158
-207
-158
-167
-188
-167
-203
-170
-98
-82
-105
-82
-144
-127
-91
-63
-107
-90
-63
-26
-90
-83
44
-116
-129
-8
20
-38
11
49
-2
-126
-121
-69
-125
-128
-97
-138
-231
-163
-252
-350
-226
-237
-234
-258
-259
-304
-414
-474
-297
-217
-344
-249
-179
-451
-329
-308
-197
-270
-150
-1
-194
-146
-68
-5
-152
14
73
-24
66
-17
-129
117
-15
169
143
243
109
57
305
171
140
318
226
269
385
488
388
340
481
513
538
577
798
719
727
765
957
868
825
966
891
926
918
970
915
850
802
747
634
670
634
512
406
380
301
201
150
68
-30
-99
-137
-151
-194
-258
-309
-367
-367
-386
-333
-300
-303
-304
-278
-260
-247
-204
-173
-159
-139
-117
-93
-119
-124
-83
-38
-88
-64
14
-18
-62
-50
-42
-13
-2
-2
52
-114
-51
-36
-74
-53
-96
-70
-154
-139
-141
-164
-229
-215
-299
-281
-267
-319
-326
-343
-374
-364
-368
-387
-392
-507
-326
-401
-381
-430
-367
-345
-313
-235
-522
-201
-217
-388
-210
-98
-210
-264
-163
-18
-274
-121
160
-195
21
141
63
-73
34
180
-22
141
259
169
50
251
209
170
278
423
411
466
440
554
624
540
759
887
977
1066
1156
1011
952
949
1007
1115
1172
1185
1106
942
842
764
686
634
593
503
411
301
182
25
-135
-229
-289
-311
-306
-325
-469
-583
-675
-711
-657
-609
-592
-541
-582
-578
-542
-524
-453
-418
-360
-287
-218
-178
-124
-146
-182
-122
-32
32
112
152
61
23
13
91
99
104
107
133
73
-43
15
-4
-65
-33
21
-53
-123
-224
-286
-349
-384
-380
-419
-426
-492
-579
-658
-669
-657
-644
-650
-612
-611
-674
-697
-639
-586
-581
-595
-431
-389
-449
-300
-337
-335
-291
-209
-196
-49
120
-67
-23
10
-106
-30
32
296
153
67
248
123
71
223
135
340
380
284
552
415
380
487
573
671
787
911
1016
1053
1234
1406
1383
1262
1260
1222
1247
1479
1560
1408
1252
1067
870
770
846
851
713
509
341
220
24
-89
-192
-303
-344
-372
-444
-514
-681
-870
-866
-838
-762
-677
-688
-743
-789
-788
-665
-559
-471
-432
-406
-341
-261
-239
-216
-132
-90
-33
40
132
147
105
75
109
151
228
288
224
106
92
44
41
40
36
36
-67
-164
-189
-274
-402
-436
-455
-463
-520
-571
-686
-817
-914
-878
-787
-785
-765
-850
-908
-941
-916
-865
-748
-700
-655
-579
-567
-593
-597
-491
-426
-290
-152
-150
-86
-130
-265
-194
49
140
48
225
185
2
24
286
266
188
363
452
328
341
507
470
591
701
803
707
907
996
1014
1157
1317
1645
1707
1858
1659
1367
1360
1411
1768
1951
1754
1578
1199
852
820
865
941
795
520
304
76
-166
-303
-418
-565
-600
-631
-706
-786
-1027
-1259
-1256
-1158
-964
-866
-884
-978
-1088
-1043
-828
-609
-477
-428
-426
-378
-305
-205
-88
-3
86
176
259
293
341
299
281
362
402
518
514
404
287
200
204
240
242
217
133
-60
-190
-238
-293
-372
-487
-571
-646
-740
-834
-937
-1062
-1154
-1181
-1145
-1137
-1187
-1258
-1279
-1247
-1193
-1057
-969
-951
-953
-943
-802
-630
-480
-328
-350
-365
-249
-186
-23
56
99
302
156
158
278
278
290
237
339
405
287
455
403
305
453
440
621
686
752
957
945
1097
1237
1303
1537
1735
1993
2358
2233
1718
1613
1673
1954
2268
2300
2100
1626
1120
953
1031
1146
1063
713
345
60
-220
-434
-518
-702
-849
-905
-958
-1037
-1252
-1576
-1662
-1525
-1295
-1110
-1095
-1201
-1367
-1388
-1123
-755
-531
-461
-483
-494
-403
-211
-21
136
225
264
376
497
542
534
500
533
621
723
809
703
490
359
297
339
424
386
258
20
-174
-249
-292
-370
-526
-658
-766
-916
-1008
-1068
-1193
-1348
-1398
-1351
-1345
-1327
-1385
-1457
-1436
-1341
-1236
-1134
-1055
-1001
-941
-814
-702
-607
-505
-413
-256
-137
-43
94
108
97
168
245
401
338
356
434
325
364
446
409
307
331
423
606
688
597
599
693
772
998
1240
1412
1481
1550
1847
2103
2422
2425
1980
1856
1906
2219
2582
2477
2232
1734
1198
1141
1277
1425
1224
651
238
-96
-324
-431
-481
-695
-1007
-1165
-1288
-1324
-1478
-1712
-1743
-1656
-1492
-1351
-1358
-1414
-1515
-1457
-1130
-763
-558
-539
-613
-615
-417
-148
102
245
267
246
292
435
584
679
667
659
632
665
719
626
510
428
343
307
297
222
40
-196
-363
-528
-676
-791
-878
-996
-1105
-1277
-1469
-1571
-1663
-1703
-1666
-1585
-1593
-1650
-1645
-1613
-1553
-1431
-1289
-1167
-1065
-940
-844
-722
-574
-485
-351
-194
-54
-8
23
92
122
198
303
368
307
237
270
294
307
382
425
451
490
480
444
437
494
683
886
1043
1179
1274
1350
1500
1724
2103
2426
2782
2567
2096
2032
2038
2450
2741
2642
2381
1801
1238
1132
1195
1343
1130
619
172
-222
-543
-693
-725
-916
-1105
-1326
-1516
-1588
-1810
-1982
-1900
-1785
-1632
-1540
-1547
-1560
-1563
-1409
-1044
-707
-513
-437
-483
-396
-196
34
296
482
541
564
596
680
815
866
892
887
867
878
814
747
638
507
378
262
163
25
-187
-424
-614
-758
-950
-1112
-1226
-1370
-1521
-1659
-1717
-1806
-1900
-1945
-1878
-1785
-1734
-1720
-1667
-1574
-1468
-1333
-1132
-924
-802
-682
-539
-345
-227
-92
66
184
253
292
339
380
388
389
399
404
404
388
367
356
309
283
281
332
347
418
503
531
568
637
811
1001
1203
1464
1730
1971
2262
2604
2722
2246
2116
2262
2546
3005
2952
2675
2177
1502
1327
1453
1597
1487
864
231
-173
-459
-626
-629
-815
-1173
-1502
-1770
-1791
-1855
-2027
-2049
-2025
-1960
-1867
-1845
-1755
-1692
-1607
-1281
-935
-736
-597
-539
-449
-184
85
353
549
610
678
728
814
999
1096
1118
1104
1039
1029
990
891
780
661
436
219
70
-48
-216
-494
-695
-948
-1253
-1452
-1548
-1627
-1764
-1970
-2111
-2166
-2258
-2218
-2122
-2021
-1953
-1949
-1844
-1641
-1494
-1318
-1110
-925
-732
-571
-377
-182
-23
116
269
407
481
510
541
589
593
592
601
572
510
440
405
393
388
407
411
441
460
507
622
767
929
1055
1222
1414
1657
1925
2284
2647
2857
2372
2028
2175
2393
2850
2955
2646
2180
1505
1140
1259
1471
1421
860
154
-284
-561
-791
-768
-876
-1240
-1552
-1891
-1952
-1918
-2070
-2099
-2018
-1964
-1911
-1886
-1786
-1641
-1513
-1254
-906
-666
-521
-443
-371
-99
186
404
643
773
830
866
904
1091
1203
1241
1246
1188
1110
1024
896
784
710
466
238
71
-100
-289
-572
-808
-1055
-1417
-1639
-1698
-1718
-1811
-2014
-2177
-2244
-2314
-2284
-2114
-1959
-1900
-1868
-1741
-1514
-1318
-1139
-907
-744
-578
-362
-148
65
216
321
451
587
652
663
676
701
685
645
652
618
528
425
356
371
390
404
423
414
376
419
550
721
917
1098
1247
1449
1673
1998
2358
2750
2774
2196
2058
2166
2487
2911
2823
2469
1896
1249
1058
1207
1347
1124
479
-139
-504
-762
-876
-851
-1110
-1447
-1772
-1996
-1935
-1966
-2089
-2085
-2017
-1950
-1879
-1790
-1637
-1540
-1401
-1103
-794
-586
-402
-347
-234
15
246
480
678
787
840
867
946
1125
1188
1203
1190
1102
1055
930
834
798
645
350
106
-96
-267
-494
-762
-988
-1315
-1598
-1706
-1743
-1835
-2006
-2190
-2276
-2280
-2274
-2162
-2018
-1930
-1899
-1794
-1572
-1337
-1168
-969
-737
-514
-296
-83
132
294
388
524
682
810
873
850
851
843
803
806
804
718
640
541
490
460
460
462
458
462
497
569
698
846
1019
1217
1400
1663
1955
2315
2731
2768
2203
2012
2136
2437
2865
2821
2496
1955
1243
999
1125
1253
1119
486
-138
-527
-843
-997
-943
-1159
-1488
-1788
-2025
-1939
-1953
-2086
-2062
-2030
-1898
-1799
-1691
-1455
-1341
-1252
-966
-658
-425
-194
-124
-33
192
367
591
754
866
941
917
978
1113
1108
1093
1070
1023
964
825
682
587
354
-20
-219
-354
-481
-694
-967
-1220
-1503
-1758
-1852
-1854
-1843
-1984
-2143
-2167
-2189
-2160
-2024
-1858
-1720
-1638
-1525
-1305
-1105
-922
-706
-474
-249
-73
83
279
424
518
625
749
830
847
829
809
753
709
699
660
626
602
509
443
440
439
494
501
526
552
637
810
967
1143
1360
1593
1823
2163
2483
2808
2649
2158
2128
2239
2551
2889
2737
2352
1768
1161
1008
1093
1113
832
237
-336
-719
-1045
-1157
-1195
-1489
-1759
-2026
-2185
-2096
-2170
-2272
-2223
-2159
-1997
-1835
-1663
-1449
-1317
-1165
-860
-547
-279
-54
47
204
404
546
738
919
1024
1064
1029
1088
1123
1070
1024
991
891
753
578
408
238
-103
-387
-534
-643
-809
-1054
-1295
-1521
-1818
-1988
-1965
-1929
-1973
-2072
-2125
-2134
-2136
-2045
-1825
-1641
-1521
-1408
-1218
-1012
-807
-609
-391
-171
-13
167
321
487
595
676
750
791
794
800
755
717
669
585
577
505
432
392
325
299
306
364
399
446
511
554
620
821
1036
1269
1499
1731
1986
2304
2660
2994
2707
2295
2255
2323
2672
2888
2704
2349
1742
1151
1016
1036
991
621
62
-396
-796
-1152
-1270
-1428
-1758
-1971
-2183
-2226
-2219
-2358
-2423
-2377
-2298
-2076
-1855
-1621
-1414
-1303
-1060
-768
-466
-143
112
255
464
654
781
952
1109
1254
1289
1271
1308
1302
1183
1098
1039
910
738
502
317
102
-280
-642
-901
-1072
-1243
-1464
-1610
-1874
-2213
-2376
-2352
-2291
-2238
-2247
-2240
-2245
-2254
-2080
-1817
-1569
-1371
-1209
-963
-757
-585
-329
-86
101
294
476
643
743
807
893
918
944
945
905
829
742
611
536
506
419
377
346
294
234
238
332
391
444
537
665
790
979
1224
1475
1730
2002
2333
2653
3046
2952
2526
2417
2422
2617
2915
2869
2572
1995
1332
1058
962
925
682
190
-313
-732
-1151
-1339
-1456
-1784
-2015
-2200
-2284
-2279
-2363
-2435
-2413
-2365
-2128
-1884
-1649
-1410
-1288
-1060
-741
-440
-104
207
383
558
759
953
1124
1258
1400
1480
1435
1453
1433
1328
1228
1100
969
797
555
318
36
-385
-720
-1011
-1209
-1375
-1598
-1818
-2068
-2388
-2578
-2569
-2512
-2452
-2391
-2349
-2312
-2286
-2158
-1918
-1677
-1441
-1194
-922
-672
-481
-288
-36
179
363
550
737
822
852
884
921
921
901
877
795
680
582
488
412
372
322
339
322
280
317
356
439
530
677
875
1064
1257
1484
1741
1983
2324
2714
3164
3292
2827
2536
2488
2578
2888
2997
2812
2339
1575
1064
898
850
629
209
-241
-688
-1147
-1483
-1603
-1897
-2205
-2338
-2397
-2358
-2410
-2516
-2495
-2461
-2306
-2002
-1706
-1412
-1245
-1039
-711
-365
-62
253
490
676
876
1090
1282
1395
1474
1519
1524
1520
1577
1464
1336
1191
956
811
607
384
149
-201
-593
-1000
-1301
-1497
-1696
-1829
-1969
-2254
-2519
-2638
-2658
-2637
-2550
-2414
-2319
-2258
-2177
-1958
-1744
-1537
-1317
-1042
-739
-504
-279
-45
132
244
388
577
729
774
822
837
811
755
705
667
564
453
363
312
265
206
169
192
208
265
368
497
582
673
900
1144
1430
1677
1971
2236
2533
2888
3393
3505
3052
2771
2675
2793
2999
3044
2961
2499
1681
1208
998
847
565
113
-268
-676
-1159
-1475
-1623
-1975
-2310
-2445
-2405
-2320
-2406
-2468
-2433
-2415
-2241
-1898
-1588
-1316
-1175
-918
-519
-174
160
433
580
752
966
1198
1458
1546
1584
1567
1499
1545
1581
1501
1373
1171
981
801
546
371
161
-194
-496
-787
-1110
-1414
-1712
-1837
-1945
-2123
-2241
-2342
-2433
-2452
-2420
-2297
-2143
-2085
-1951
-1742
-1572
-1363
-1135
-916
-723
-554
-325
-71
96
222
360
453
532
581
610
612
579
530
470
405
336
203
106
26
-19
-27
-21
7
27
98
208
334
476
592
762
998
1257
1539
1854
2145
2427
2764
3167
3492
3287
2957
2761
2647
2822
3007
2954
2677
2105
1552
1167
866
612
289
-70
-478
-856
-1161
-1385
-1676
-2059
-2261
-2274
-2246
-2242
-2228
-2262
-2256
-2163
-1858
-1579
-1371
-1196
-940
-640
-353
-2
290
484
605
754
988
1217
1331
1419
1437
1395
1373
1399
1420
1314
1164
987
833
664
476
319
80
-161
-385
-593
-818
-1110
-1375
-1568
-1724
-1803
-1819
-1841
-1916
-1997
-1993
-1901
-1808
-1704
-1562
-1417
-1259
-1069
-832
-627
-479
-334
-166
-7
145
276
388
439
470
470
494
493
437
401
351
271
237
195
87
5
-59
-57
-11
32
70
137
235
329
420
525
604
713
838
1039
1222
1353
1559
1738
1877
2049
2192
2155
1936
1695
1567
1574
1675
1745
1688
1445
1147
865
634
454
298
149
7
-112
-259
-377
-511
-695
-865
-965
-1009
-974
-891
-829
-800
-795
-735
-641
-549
-450
-298
-181
-73
31
95
131
137
134
153
170
184
219
167
127
108
105
127
126
130
109
53
43
58
42
88
103
78
41
8
0
-9
4
2
-8
-50
-62
-74
-107
-120
-127
-158
-211
-247
-260
-247
-230
-255
-267
-273
-299
-308
-352
-350
-393
-404
-381
-384
-361
-376
-383
-391
-401
-412
-412
-388
-382
-354
-327
-289
-269
-276
-254
-255
-234
-181
-157
-129
-101
-96
-94
-82
-64
-43
-25
8
16
34
55
77
99
119
147
180
207
230
258
302
335
370
417
422
413
407
439
460
484
503
493
493
498
496
501
468
419
378
335
316
316
321
292
254
210
176
156
122
122
101
89
59
77
63
29
0
-54
-63
-102
-110
-126
-117
-131
-157
-162
-178
-188
-193
-194
-205
-225
-230
-226
-224
-210
-203
-184
-185
-183
-185
-182
-173
-149
-150
-132
-117
-143
-137
-159
-175
-182
-164
-148
-156
-164
-192
-235
-235
-255
-263
-261
-258
-263
-285
-300
-283
-262
-264
-254
-248
-218
-204
-165
-132
-92
-82
-85
-55
-27
8
23
25
39
32
19
23
48
44
32
30
27
22
-12
6
-12
-9
6
4
-14
-32
-25
-20
27
28
5
10
23
48
91
125
142
139
124
131
151
157
158
152
167
184
186
206
220
234
203
183
175
158
175
192
212
204
216
176
152
154
128
128
110
94
79
70
65
61
31
-32
-120
-181
-176
-143
-129
-114
-83
-121
-168
-248
-455
-602
-546
-455
-347
-291
-329
-303
-301
-298
-248
-239
-188
-135
-128
-62
-18
-29
-71
-195
-353
-395
-422
-425
-391
-391
-425
-489
-559
-656
-760
-808
-785
-784
-737
-659
-629
-593
-574
-615
-649
-557
-504
-458
-308
-151
-57
-41
-33
-43
-55
-52
-50
-29
40
100
120
104
97
91
23
5
-52
-152
-138
-99
-66
-74
-132
-36
10
70
54
-10
160
252
377
516
556
592
604
695
853
999
1140
1197
1231
1272
1272
1289
1187
1041
931
830
790
769
684
525
338
140
-67
-205
-323
-476
-625
-737
-782
-784
-769
-786
-824
-824
-805
-739
-623
-502
-360
-245
-121
24
198
351
453
536
570
646
724
805
878
886
857
790
744
678
566
441
328
184
76
-30
-157
-335
-563
-819
-1060
-1191
-1244
-1252
-1271
-1319
-1358
-1389
-1368
-1308
-1273
-1211
-1129
-1013
-830
-675
-554
-480
-440
-375
-294
-169
-46
85
175
264
337
394
405
388
346
290
276
279
334
351
375
426
441
480
506
517
562
634
760
955
1179
1397
1624
1846
2041
2240
2457
2596
2553
2378
2090
1762
1573
1440
1280
1103
781
421
66
-255
-557
-904
-1229
-1499
-1668
-1708
-1687
-1653
-1648
-1640
-1594
-1487
-1328
-1120
-880
-638
-358
-9
359
689
949
1127
1281
1399
1523
1626
1712
1711
1670
1587
1460
1307
1122
881
585
295
7
-212
-420
-591
-794
-997
-1192
-1340
-1473
-1613
-1673
-1718
-1695
-1633
-1550
-1419
-1290
-1156
-1037
-944
-837
-663
-468
-267
-94
23
115
163
210
264
265
211
143
85
-6
-82
-146
-263
-339
-443
-538
-611
-662
-690
-729
-724
-686
-609
-481
-333
-152
12
205
401
605
825
1038
1292
1568
1854
2125
2399
2678
2950
3244
3520
3832
3986
3821
3401
2736
2131
1656
1256
912
521
70
-405
-814
-1258
-1686
-2155
-2636
-3005
-3266
-3251
-3065
-2756
-2426
-2115
-1843
-1568
-1212
-866
-460
-105
308
824
1321
1834
2255
2560
2731
2785
2751
2648
2500
2272
2027
1708
1399
1089
751
361
-112
-608
-1092
-1528
-1880
-2143
-2330
-2445
-2480
-2444
-2359
-2237
-2076
-1939
-1775
-1574
-1314
-990
-670
-329
-51
189
420
604
760
832
817
725
650
530
390
265
101
-80
-289
-508
-690
-825
-970
-1091
-1174
-1219
-1230
-1166
-1054
-885
-700
-471
-245
-2
305
586
895
1173
1451
1742
2014
2273
2534
2754
2998
3260
3519
3778
4059
4325
4280
3890
3158
2296
1553
904
325
-175
-689
-1131
-1477
-1800
-2079
-2347
-2734
-3085
-3382
-3509
-3330
-2955
-2496
-1985
-1484
-967
-425
-9
383
669
930
1240
1533
1887
2241
2551
2736
2798
2703
2516
2201
1739
1211
641
94
-377
-758
-1084
-1353
-1638
-1932
-2187
-2449
-2629
-2712
-2724
-2648
-2476
-2163
-1770
-1332
-922
-574
-262
-29
199
382
521
628
677
756
796
833
858
796
622
378
91
-230
-597
-925
-1253
-1514
-1678
-1760
-1751
-1703
-1620
-1543
-1460
-1354
-1204
-1019
-776
-483
-126
271
639
1007
1338
1613
1837
2023
2162
2301
2463
2610
2788
2981
3210
3497
3769
4064
4172
3884
3268
2346
1472
679
-68
-678
-1178
-1607
-1919
-2122
-2239
-2276
-2410
-2644
-2855
-2996
-2926
-2615
-2232
-1730
-1158
-567
71
622
1122
1481
1708
1812
1866
1960
2072
2218
2272
2285
2211
2079
1822
1402
859
216
-493
-1178
-1723
-2126
-2393
-2576
-2663
-2674
-2603
-2518
-2412
-2299
-2172
-1983
-1744
-1417
-1019
-570
-157
212
532
799
1008
1127
1126
1024
870
714
552
420
287
83
-122
-416
-747
-1052
-1363
-1649
-1891
-2039
-2104
-2038
-1876
-1633
-1372
-1096
-817
-538
-261
13
300
565
859
1148
1458
1759
2038
2250
2432
2548
2641
2720
2790
2906
3076
3290
3559
3636
3413
2905
2148
1306
428
-411
-1133
-1757
-2221
-2530
-2620
-2511
-2361
-2250
-2228
-2209
-2171
-2059
-1860
-1550
-1124
-649
-119
454
1029
1593
2006
2267
2386
2417
2331
2155
1953
1753
1540
1310
1096
840
499
88
-387
-950
-1486
-1983
-2442
-2750
-2956
-2991
-2893
-2665
-2310
-1938
-1531
-1182
-836
-526
-238
19
228
437
585
720
853
969
1012
983
838
622
364
84
-208
-506
-785
-1045
-1291
-1487
-1633
-1728
-1788
-1836
-1804
-1726
-1595
-1405
-1166
-888
-582
-247
95
449
786
1107
1400
1625
1825
1977
2081
2180
2254
2288
2343
2432
2531
2680
2874
3106
3238
3113
2782
2209
1377
467
-414
-1186
-1835
-2418
-2763
-2869
-2794
-2617
-2379
-2104
-1853
-1705
-1561
-1330
-1090
-772
-398
45
595
1193
1745
2261
2695
2978
3096
2985
2723
2405
1961
1538
1123
741
390
-23
-413
-800
-1190
-1635
-2059
-2491
-2853
-3117
-3257
-3200
-2995
-2640
-2170
-1654
-1106
-546
-78
345
657
843
948
989
1006
1021
993
991
928
826
686
478
235
-65
-398
-765
-1128
-1475
-1775
-2016
-2138
-2181
-2108
-1999
-1794
-1515
-1223
-865
-546
-233
92
434
753
1086
1425
1792
2087
2334
2542
2709
2865
2960
3037
3102
3170
3290
3415
3382
3173
2782
2150
1255
310
-602
-1430
-2198
-2883
-3270
-3431
-3409
-3202
-2846
-2387
-1951
-1592
-1266
-914
-606
-324
14
373
805
1220
1664
2097
2448
2753
2830
2716
2478
2087
1549
949
372
-145
-639
-1099
-1398
-1593
-1726
-1843
-1916
-1954
-1975
-1981
-1957
-1816
-1617
-1342
-994
-605
-151
289
677
1003
1200
1269
1183
972
697
386
78
-225
-486
-680
-815
-923
-992
-1031
-1076
-1147
-1250
-1346
-1400
-1462
-1472
-1405
-1304
-1106
-882
-587
-277
62
355
585
785
954
1064
1151
1260
1395
1522
1679
1882
2082
2288
2526
2792
3045
3213
3232
3102
2795
2267
1462
579
-264
-1029
-1671
-2217
-2456
-2486
-2398
-2170
-1827
-1396
-1073
-832
-620
-415
-285
-183
-28
162
433
759
1085
1426
1708
1935
2015
1944
1725
1351
854
280
-257
-759
-1179
-1534
-1767
-1867
-1868
-1826
-1709
-1566
-1408
-1259
-1141
-1016
-862
-717
-554
-326
-59
208
440
642
743
705
532
316
79
-194
-450
-682
-839
-920
-952
-897
-808
-702
-619
-570
-539
-529
-526
-551
-596
-620
-583
-500
-370
-173
62
322
564
793
986
1149
1281
1382
1456
1536
1612
1712
1856
2081
2371
2600
2790
2867
2844
2681
2233
1547
764
-40
-820
-1520
-2066
-2349
-2404
-2325
-2066
-1634
-1137
-659
-274
25
282
431
496
545
610
721
831
962
1143
1306
1454
1516
1427
1258
948
495
-31
-546
-1028
-1447
-1773
-1934
-1930
-1810
-1592
-1298
-974
-643
-381
-175
-22
63
84
66
73
58
6
-37
-94
-100
-143
-248
-370
-510
-650
-805
-956
-1080
-1129
-1145
-1148
-1074
-953
-788
-638
-501
-330
-164
-19
88
195
344
520
661
813
971
1111
1208
1226
1173
1068
927
786
705
694
739
889
1118
1435
1812
2116
2303
2388
2356
2064
1523
891
257
-328
-892
-1366
-1577
-1598
-1511
-1299
-948
-510
-100
218
439
629
717
730
701
631
633
618
634
667
738
844
890
853
742
605
319
-69
-491
-902
-1258
-1595
-1798
-1847
-1786
-1615
-1352
-1026
-676
-380
-183
-75
-88
-164
-309
-459
-589
-678
-708
-654
-512
-326
-105
73
179
213
162
72
-101
-299
-481
-670
-813
-913
-930
-873
-781
-656
-527
-348
-162
20
235
457
734
965
1247
1538
1837
2134
2391
2607
2721
2738
2611
2418
2084
1629
1042
383
-238
-842
-1359
-1769
-1991
-2022
-1911
-1690
-1340
-871
-422
2
356
661
894
1026
1114
1157
1193
1200
1184
1164
1149
1096
1006
861
657
395
64
-309
-692
-1056
-1383
-1647
-1831
-1906
-1876
-1775
-1626
-1413
-1180
-922
-695
-468
-281
-109
20
89
134
129
123
69
14
-56
-123
-169
-228
-276
-335
-350
-368
-343
-304
-285
-227
-152
-53
31
141
218
288
376
470
591
761
976
1230
1480
1722
1970
2185
2315
2363
2262
2081
1801
1410
958
439
-76
-575
-998
-1346
-1572
-1663
-1640
-1520
-1325
-1043
-741
-460
-150
128
364
577
732
819
869
900
889
873
808
738
657
545
418
254
78
-120
-335
-579
-838
-1127
-1360
-1531
-1618
-1620
-1523
-1341
-1130
-872
-605
-339
-108
51
141
157
125
34
-74
-166
-264
-355
-401
-398
-352
-280
-162
-53
64
140
216
241
243
267
284
336
428
564
751
1002
1295
1620
1962
2242
2413
2499
2414
2221
1891
1402
901
306
-282
-808
-1218
-1494
-1630
-1602
-1441
-1149
-821
-448
-94
229
523
731
861
891
888
845
743
648
540
485
422
328
217
34
-149
-419
-719
-1017
-1316
-1555
-1742
-1790
-1764
-1644
-1438
-1202
-898
-608
-325
-80
115
266
359
404
431
425
430
437
444
423
438
452
447
456
420
378
319
223
112
-1
-95
-140
-163
-106
22
233
474
758
1085
1413
1701
1907
2028
2061
1984
1795
1514
1192
822
421
30
-375
-721
-1009
-1259
-1434
-1512
-1512
-1440
-1310
-1166
-967
-779
-596
-415
-304
-227
-172
-151
-181
-229
-278
-323
-366
-415
-452
-454
-428
-389
-334
-284
-218
-188
-152
-114
-94
-73
-73
-49
-27
24
65
145
244
327
444
541
622
681
698
719
715
690
645
560
495
420
356
333
318
336
363
400
442
500
561
619
648
639
648
653
618
566
513
443
365
259
153
32
-75
-208
-310
-382
-470
-529
-585
-614
-653
-682
-699
-749
-766
-770
-775
-767
-753
-760
-753
-726
-723
-695
-689
-644
-625
-575
-503
-475
-379
-274
-191
-71
53
183
299
400
513
600
688
754
801
848
915
958
1001
1024
1032
1026
986
949
896
857
797
727
658
564
487
394
295
203
122
29
-52
-128
-164
-208
-264
-268
-280
-275
-245
-224
-225
-205
-216
-241
-254
-301
-344
-403
-451
-492
-516
-538
-551
-559
-547
-518
-478
-438
-405
-335
-295
-253
-194
-158
-91
-16
45
133
220
309
430
553
680
789
885
969
1021
1048
1041
1007
947
870
772
660
509
360
213
78
-28
-131
-218
-265
-288
-285
-279
-270
-263
-236
-261
-315
-351
-420
-489
-584
-665
-707
-741
-781
-768
-722
-641
-549
-449
-309
-150
7
168
313
407
489
538
547
544
544
508
482
459
442
454
471
493
511
565
584
612
600
560
505
408
274
160
54
-44
-125
-191
-203
-220
-203
-147
-60
31
105
182
220
226
231
191
125
60
-50
-161
-286
-384
-487
-574
-636
-679
-698
-681
-625
-550
-448
-361
-259
-172
-109
-72
-29
-11
11
38
78
123
181
219
290
387
454
558
610
667
712
721
714
676
618
524
423
289
158
26
-78
-182
-254
-299
-309
-271
-211
-145
-65
17
64
149
187
219
211
184
104
28
-65
-193
-302
-414
-509
-603
-641
-627
-578
-516
-387
-268
-150
-21
90
191
275
360
422
468
488
506
519
528
546
558
577
556
561
567
540
494
421
357
266
148
46
-46
-140
-193
-237
-273
-308
-324
-298
-280
-243
-213
-188
-159
-156
-152
-135
-168
-202
-240
-279
-339
-387
-429
-436
-466
-461
-411
-373
-264
-170
-69
14
106
206
250
289
312
321
310
292
288
244
255
277
282
310
351
369
399
405
384
367
343
308
255
199
147
98
81
61
32
9
-13
-28
-63
-101
-147
-182
-214
-247
-303
-330
-346
-387
-408
-421
-412
-418
-409
-393
-391
-354
-332
-310
-283
-232
-182
-141
-95
-34
7
63
115
178
255
310
365
405
444
479
500
525
555
576
585
613
583
567
568
514
475
432
366
301
205
101
10
-103
-186
-276
-381
-430
-487
-545
-552
-558
-559
-566
-546
-514
-470
-433
-397
-352
-288
-249
-207
-129
-86
-41
11
57
92
129
133
126
104
82
60
27
18
17
12
13
29
40
60
95
110
127
159
181
185
213
230
236
254
284
311
308
329
306
293
263
238
208
147
105
37
-14
-67
-131
-190
-246
-310
-349
-393
-431
-461
-484
-505
-495
-473
-483
-444
-420
-387
-303
-237
-184
-130
-86
-25
18
50
100
125
166
210
244
273
311
332
362
400
412
411
393
362
327
319
281
263
252
252
237
231
204
168
139
105
79
41
-7
-41
-53
-97
-112
-157
-176
-188
-207
-199
-194
-181
-162
-169
-167
-167
-160
-177
-170
-158
-145
-142
-124
-118
-116
-87
-81
-67
-58
-32
-17
15
34
80
96
98
110
130
129
128
137
154
182
188
201
199
196
186
184
167
163
154
130
123
109
84
49
11
-15
-39
-59
-74
-95
-96
-115
-136
-126
-141
-163
-149
-143
-163
-155
-133
-126
-107
-95
-80
-56
-35
6
13
22
54
33
22
3
-37
-56
-69
-102
-110
-120
-137
-141
-128
-111
-127
-109
-70
-65
-49
-39
-31
-24
-20
-1
-2
11
27
58
70
63
71
66
44
26
33
5
0
-12
-1
0
-11
-18
-41
-37
-62
-68
-76
-61
-62
-39
-32
6
53
76
113
120
136
124
149
120
110
49
8
22
-35
-50
-64
-114
-105
-107
-107
-77
-67
-51
-13
30
95
114
155
190
224
259
289
335
337
350
347
315
290
234
162
96
18
-73
-159
-242
-327
-368
-409
-420
-419
-374
-352
-299
-251
-209
-148
-101
-47
-9
44
85
123
156
171
191
188
187
169
126
112
51
4
-42
-95
-139
-149
-175
-188
-178
-159
-122
-82
-42
-20
24
46
47
48
24
1
-6
-35
-60
-66
-80
-86
-60
-39
8
57
116
158
200
250
283
310
323
333
327
320
300
271
250
213
179
140
86
63
24
-30
-69
-115
-167
-212
-249
-277
-273
-266
-244
-211
-180
-111
-42
7
69
114
168
189
207
227
213
221
203
195
166
131
107
85
70
41
8
4
5
19
4
19
38
22
37
27
2
11
3
-6
24
29
16
31
57
71
83
118
120
126
128
121
113
113
104
95
78
60
64
32
44
36
20
13
-19
-48
-76
-100
-132
-128
-142
-141
-118
-85
-59
-54
-20
0
7
27
22
14
20
19
23
33
42
57
75
62
87
86
70
65
56
65
57
50
52
24
29
19
7
1
-28
-7
-17
-13
-25
-8
-10
-42
-25
-58
-33
-17
-26
-27
1
27
56
108
138
170
187
222
235
241
231
219
200
150
122
75
23
-27
-82
-114
-160
-171
-189
-193
-191
-183
-172
-164
-144
-116
-71
-35
-20
21
33
68
98
116
146
151
168
169
183
161
144
123
75
33
-7
-66
-146
-213
-258
-298
-324
-335
-338
-301
-265
-224
-154
-102
-42
0
52
111
166
188
209
224
234
261
265
259
235
226
199
172
140
118
69
33
6
-29
-58
-93
-126
-138
-166
-175
-200
-212
-217
-226
-234
-251
-237
-248
-245
-240
-222
-204
-174
-121
-89
-52
1
42
77
117
111
104
108
85
49
29
21
-5
-23
-21
-42
-28
-54
-79
-101
-119
-155
-183
-205
-224
-220
-209
-183
-175
-150
-133
-94
-62
-35
8
64
115
176
226
259
297
334
356
345
330
307
283
254
193
152
80
40
-7
-62
-94
-147
-203
-256
-280
-316
-327
-353
-346
-326
-305
-249
-193
-118
-50
-1
67
117
156
192
224
261
259
253
260
259
245
218
195
162
126
84
32
-19
-66
-124
-190
-249
-303
-334
-353
-341
-321
-300
-256
-206
-171
-112
-63
-45
-7
13
25
46
42
34
46
69
77
89
105
107
121
116
100
92
62
58
46
21
-11
-36
-52
-54
-44
-44
-45
-46
-30
-3
-1
1
24
23
34
36
36
30
28
41
26
21
16
6
18
18
23
40
57
88
102
100
121
120
117
84
49
34
13
1
-20
-34
-56
-62
-61
-68
-62
-48
-58
-48
-30
-22
-9
14
34
67
93
107
138
144
161
178
177
178
162
149
118
84
48
-12
-69
-128
-156
-198
-215
-211
-195
-173
-130
-96
-64
-12
24
55
83
104
114
133
152
176
180
173
168
174
145
112
71
51
13
-42
-91
-142
-167
-204
-218
-227
-232
-234
-199
-191
-173
-151
-123
-93
-48
-20
11
55
57
85
106
107
101
109
112
109
96
95
81
51
26
-3
-38
-59
-81
-95
-141
-171
-175
-215
-234
-237
-236
-250
-223
-200
-164
-137
-95
-39
-3
63
83
108
107
123
142
140
150
156
151
133
115
83
66
60
14
-5
-29
-70
-118
-164
-193
-215
-209
-198
-176
-150
-125
-79
-28
-11
15
33
62
54
70
90
93
104
111
116
116
111
104
94
69
55
33
-6
-42
-64
-109
-109
-130
-148
-155
-154
-144
-147
-166
-155
-155
-148
-159
-156
-145
-144
-118
-119
-104
-76
-64
-53
-18
4
29
43
67
84
99
88
94
91
83
92
95
80
79
82
83
74
79
79
59
38
27
4
-15
-16
-29
-38
-50
-26
-31
-25
-20
21
13
18
46
39
40
39
68
69
72
78
70
72
59
48
30
0
-44
-56
-72
-98
-93
-87
-79
-87
-68
-51
-33
-30
-12
0
-12
2
1
15
35
34
59
75
73
94
97
87
71
56
24
17
1
-29
-26
-45
-46
-41
-41
-9
2
7
24
35
46
43
25
40
39
32
30
18
24
5
20
15
16
25
0
4
11
11
19
21
27
38
57
76
83
107
121
142
138
154
139
126
103
70
56
32
20
-12
-27
-61
-90
-88
-79
-83
-72
-53
-33
-23
23
50
102
126
171
201
202
212
201
189
165
145
97
62
42
-5
-42
-68
-107
-120
-147
-172
-175
-174
-178
-172
-162
-144
-125
-89
-48
-21
25
67
91
120
166
174
189
188
194
197
186
167
137
120
85
55
40
9
-24
-36
-58
-65
-92
-89
-95
-110
-100
-112
-108
-94
-89
-84
-61
-44
-51
-36
-28
-4
16
15
17
17
26
33
38
46
61
85
94
116
135
124
146
149
130
102
101
79
76
63
52
42
30
37
33
47
51
55
71
88
100
96
112
113
114
132
99
97
83
80
56
50
47
51
31
14
19
7
5
-2
-3
-13
-17
-22
-29
-32
-14
-24
-28
-28
-22
-18
-34
-53
-62
-70
-74
-99
-105
-88
-78
-79
-61
-43
-48
-12
6
36
65
79
99
110
121
115
129
144
146
145
145
145
143
131
124
110
83
47
25
28
3
-21
-32
-19
-14
-37
-34
-15
-19
2
12
30
42
46
74
80
103
108
102
90
88
92
67
46
22
12
-6
-11
-20
-22
-8
-19
-10
-8
1
8
16
26
47
49
52
63
70
86
77
58
57
47
34
18
1
-23
-21
-35
-60
-37
-37
-56
-51
-26
-27
-19
-20
3
23
11
17
30
44
48
54
36
31
26
5
3
0
-9
-20
-28
-26
-18
-27
-20
-41
-55
-56
-64
-57
-58
-53
-35
-30
-7
11
-1
22
40
43
56
63
54
49
52
59
74
65
67
60
53
75
89
84
78
96
102
106
98
101
96
45
39
39
27
9
8
-17
-37
-58
-49
-69
-69
-72
-87
-80
-104
-74
-72
-63
-63
-34
-15
-15
-3
8
15
17
24
34
23
28
25
11
8
0
-7
-26
-22
-27
-30
-22
-44
-55
-56
-60
-43
-61
-55
-55
-40
-44
-59
-34
-43
-25
-13
12
14
36
35
22
14
7
-5
-33
-56
-86
-83
-100
-98
-111
-93
-75
-78
-48
-45
-24
6
3
22
39
45
61
43
35
45
51
38
39
37
16
29
26
7
22
15
-6
-2
-17
-8
-14
-9
5
22
43
35
34
40
45
37
27
22
15
9
-7
1
23
13
-2
4
13
16
45
43
49
35
21
32
8
-11
-52
-67
-90
-124
-135
-163
-186
-201
-222
-222
-224
-206
-169
-172
-143
-111
-83
-52
-26
-17
-14
7
10
12
26
20
23
11
15
4
-19
-9
-33
-56
-78
-94
-114
-145
-151
-156
-172
-164
-199
-165
-149
-125
-87
-72
-31
10
45
48
81
88
92
93
96
89
77
91
68
75
64
61
78
54
81
59
32
42
30
8
-1
-7
-11
-24
0
-10
-5
-15
-29
-12
-19
-35
-59
-70
-120
-136
-143
-160
-145
-183
-172
-169
-144
-120
-124
-93
-71
-57
-66
-60
-43
-50
-79
-61
-88
-103
-110
-124
-156
-172
-169
-177
-188
-210
-189
-184
-188
-185
-181
-153
-134
-106
-79
-58
-25
14
51
80
89
128
138
136
145
149
145
139
115
101
87
54
39
15
10
-7
-33
-34
-35
-41
-41
-48
-45
-41
-55
-52
-58
-60
-58
-68
-77
-82
-86
-85
-108
-122
-122
-126
-109
-112
-122
-124
-112
-104
-87
-78
-93
-87
-72
-74
-93
-91
-93
-104
-114
-120
-126
-119
-131
-129
-133
-127
-116
-133
-121
-114
-101
-94
-86
-76
-71
-60
-44
-26
-30
-40
-19
-24
-34
-22
-18
-9
-33
-27
-38
-37
-41
-44
-65
-68
-60
-92
-79
-90
-85
-100
-125
-116
-119
-125
-138
-136
-118
-131
-125
-98
-105
-100
-85
-74
-57
-48
-57
-53
-52
-51
-47
-49
-40
-30
-27
-31
-44
-68
-58
-73
-85
-90
-101
-101
-94
-97
-97
-89
-103
-89
-100
-88
-100
-91
-80
-71
-81
-71
-54
-60
-52
-43
-55
-60
-58
-64
-78
-102
-114
-125
-146
-151
-162
-178
-186
-206
-200
-205
-188
-181
-175
-184
-181
-163
-156
-161
-167
-153
-152
-149
-145
-131
-127
-112
-119
-123
-103
-104
-97
-101
-102
-87
-74
-87
-77
-70
-61
-32
-33
-20
-6
-2
-7
-7
-25
-13
-22
-28
-19
-44
-52
-50
-53
-64
-49
-54
-56
-58
-68
-60
-78
-80
-72
-76
-73
-67
-55
-47
-44
-45
-15
-19
-20
-14
-17
-17
-38
-44
-69
-92
-105
-129
-135
-172
-180
-192
-194
-186
-190
-192
-170
-168
-161
-143
-132
-111
-105
-92
-101
-89
-87
-81
-75
-90
-85
-111
-101
-108
-112
-113
-105
-121
-130
-140
-137
-133
-159
-151
-151
-157
-143
-132
-113
-105
-76
-72
-60
-28
-15
-12
12
17
14
21
3
23
9
8
8
3
-12
-18
-22
-30
-56
-65
-68
-101
-108
-88
-104
-122
-119
-108
-91
-93
-81
-61
-38
-40
-41
-43
-48
-50
-73
-80
-92
-99
-108
-99
-104
-104
-95
-71
-63
-52
-38
-44
-17
-11
-4
-7
-3
-11
-11
-3
-12
-30
-22
-32
-41
-32
-13
-19
-33
-39
-26
-29
-46
-48
-58
-62
-76
-86
-78
-82
-77
-76
-82
-70
-74
-67
-82
-68
-96
-104
-99
-126
-129
-128
-123
-130
-113
-130
-117
-102
-97
-96
-103
-99
-75
-70
-61
-60
-35
-7
-14
13
14
39
50
56
65
80
71
83
82
55
52
23
-2
4
8
3
12
4
8
9
8
20
8
23
17
11
17
16
18
3
-1
-6
-25
-25
-29
-28
-38
-41
-49
-77
-80
-90
-118
-126
-114
-132
-160
-160
-162
-158
-157
-153
-140
-129
-118
-101
-89
-67
-36
-21
7
18
26
38
71
72
67
79
71
60
51
51
41
33
36
40
23
30
12
16
14
-16
-10
-29
-32
-35
-55
-42
-24
-21
-27
-15
0
-9
7
-3
-11
4
-6
-5
-5
-29
-26
-30
-35
-35
-59
-89
-81
-88
-89
-86
-83
-84
-76
-58
-57
-55
-37
-15
-34
-14
-10
-11
14
12
4
-3
-13
-21
-37
-44
-54
-41
-50
-52
-45
-50
-19
-23
-23
5
13
15
3
7
-5
-5
-23
-39
-46
-48
-62
-101
-92
-98
-91
-90
-112
-72
-84
-92
-74
-83
-65
-73
-56
-36
-46
-33
-21
-22
-15
-16
-5
-12
3
0
16
-4
6
16
6
8
-1
0
-14
-17
-23
-17
-25
-40
-29
-26
-20
-19
-27
-11
9
22
30
46
38
55
38
42
52
58
58
39
21
7
8
6
14
-11
-23
-17
-31
-45
-48
-30
-44
-45
-43
-43
-31
-24
-33
-38
-24
-29
-38
-47
-42
-36
-28
-29
-13
-8
-11
-3
3
-1
-9
-6
-9
-19
-18
-32
-36
-45
-60
-55
-77
-92
-82
-86
-87
-116
-110
-112
-110
-109
-102
-93
-80
-74
-67
-56
-44
-27
-32
-4
5
19
34
46
49
38
58
43
23
30
34
26
16
-9
-12
-3
-41
-48
-57
-55
-65
-78
-67
-75
-61
-70
-51
-34
-24
-16
-6
-4
10
8
8
14
6
-1
6
12
4
12
8
-1
10
8
2
-12
-26
-19
-15
-45
-47
-22
-31
-30
-34
-40
-50
-47
-64
-65
-70
-64
-61
-67
-71
-85
-61
-55
-58
-31
-22
-22
-18
-17
0
14
32
33
29
37
52
38
35
39
33
18
9
-2
0
-9
-28
-41
-43
-62
-72
-78
-70
-71
-75
-72
-65
-42
-44
-34
-21
2
0
17
29
18
23
28
51
48
35
33
31
38
16
7
-21
-18
-31
-28
-37
-66
-68
-87
-77
-102
-115
-112
-91
-106
-104
-103
-77
-81
-77
-50
-42
-31
-14
-22
-2
17
9
30
25
36
54
32
30
24
18
11
10
13
-13
-30
-36
-30
-35
-35
-48
-64
-61
-70
-71
-57
-65
-72
-58
-56
-46
-16
-15
-21
-4
-3
-2
5
6
17
9
16
18
19
11
-1
12
-8
3
-25
-32
-36
-55
-61
-58
-52
-76
-70
-69
-76
-82
-56
-62
-58
-49
-45
-26
-2
11
10
44
32
31
52
64
63
51
62
63
52
58
31
15
15
14
27
1
0
0
-10
-1
-2
5
-4
-14
-18
-4
1
-4
2
10
-4
4
18
4
19
23
20
34
38
40
22
29
23
18
23
13
8
-5
-6
-31
-42
-49
-51
-58
-55
-45
-48
-57
-68
-84
-79
-58
-60
-51
-42
-35
-38
-18
-9
-4
15
9
37
35
27
52
25
52
41
25
37
23
6
11
1
-9
-18
-47
-52
-54
-40
-50
-48
-69
-61
-49
-39
-23
-22
-2
2
33
45
63
66
70
83
73
76
72
52
47
30
10
16
-8
1
-19
-31
-30
-42
-20
-55
-47
-47
-38
-47
-31
-25
-17
-9
-21
8
21
22
28
44
42
60
61
57
49
65
60
58
50
43
34
13
10
-4
0
-15
-24
-37
-47
-58
-52
-58
-69
-42
-47
-54
-45
-34
-31
-20
-10
-6
5
21
20
16
24
22
18
21
10
15
14
-16
-9
-23
-34
-43
-47
-33
-34
-19
-18
-29
-21
-26
-30
-22
-44
-30
-21
-25
-29
-42
-30
-25
-40
-24
-19
-19
-20
-36
-23
-32
-36
-23
-27
-34
-25
-24
-32
-37
-30
-30
-28
-29
0
-27
-33
-31
-36
-46
-53
-62
-80
-80
-76
-77
-82
-62
-60
-38
-31
-4
-14
9
0
0
17
21
41
21
26
21
21
12
18
6
-2
-3
-32
-47
-63
-79
-91
-89
-112
-133
-125
-118
-125
-120
-120
-100
-82
-74
-74
-61
-37
-12
-22
-12
-10
-24
-19
-25
-34
-54
-44
-53
-52
-50
-61
-72
-68
-70
-86
-68
-92
-95
-82
-92
-70
-70
-62
-61
-44
-49
-39
-10
-11
-1
2
8
10
21
36
29
34
22
21
13
-5
10
-5
-15
-17
-29
-25
-32
-51
-59
-76
-77
-91
-96
-86
-87
-92
-95
-93
-109
-102
-105
-107
-120
-119
-123
-119
-107
-113
-102
-93
-82
-89
-82
-56
-43
-46
-36
-32
-37
-31
-25
-25
-24
-28
-23
-30
-56
-44
-33
-37
-24
-48
-51
-53
-55
-42
-63
-59
-59
-71
-63
-58
-59
-47
-27
-24
-10
-5
2
0
3
10
2
13
-5
0
-5
-16
-31
-39
-40
-55
-53
-51
-51
-54
-61
-69
-76
-75
-81
-60
-73
-60
-52
-46
-23
-16
-1
3
23
4
11
21
5
7
5
8
-1
3
-19
-21
-25
-31
-33
-35
-44
-43
-59
-82
-69
-99
-85
-74
-81
-55
-69
-78
-75
-77
-63
-70
-77
-82
-84
-86
-79
-77
-81
-94
-97
-95
-92
-90
-101
-96
-97
-92
-90
-99
-87
-89
-84
-85
-89
-83
-72
-61
-62
-68
-75
-81
-79
-67
-74
-62
-53
-65
-75
-72
-47
-58
-48
-59
-48
-47
-64
-49
-54
-56
-55
-64
-57
-55
-48
-42
-54
-45
-45
-40
-41
-34
-43
-61
-50
-60
-68
-71
-69
-56
-80
-71
-72
-72
-60
-64
-69
-72
-71
-73
-65
-62
-58
-69
-71
-72
-84
-83
-85
-78
-98
-85
-81
-114
-111
-117
-119
-114
-112
-117
-117
-102
-94
-94
-88
-67
-76
-97
-85
-67
-63
-51
-51
-58
-33
-37
-37
-33
-31
-42
-56
-66
-100
-107
-116
-127
-119
-122
-125
-135
-123
-124
-119
-99
-96
-74
-73
-55
-42
-44
-37
-24
-38
-27
-23
-37
-41
-46
-27
-32
-31
-28
-40
-38
-54
-59
-66
-74
-79
-81
-94
-94
-107
-128
-132
-124
-119
-124
-103
-106
-89
-97
-97
-71
-82
-61
-71
-71
-80
-88
-80
-95
-67
-59
-69
-61
-70
-67
-75
-72
-81
-88
-102
-100
-110
-128
-114
-127
-109
-126
-130
-115
-114
-110
-109
-113
-88
-97
-88
-89
-97
-84
-83
-58
-68
-62
-71
-46
-43
-45
-36
-43
-43
-41
-42
-32
-44
-44
-42
-37
-38
-48
-52
-46
-44
-36
-20
-36
-27
-31
-20
-5
-14
-7
-6
4
-8
8
0
-5
3
7
11
-13
-3
6
-4
-19
-19
-31
-27
-34
-50
-46
-54
-63
-67
-77
-84
-88
-84
-76
-78
-76
-74
-82
-85
-95
-92
-89
-85
-78
-65
-78
-78
-83
-81
-75
-75
-78
-75
-73
-75
-71
-60
-64
-47
-49
-63
-42
-56
-51
-35
-38
-30
-22
-23
-30
-20
-22
-40
-25
-54
-41
-48
-49
-70
-56
-49
-68
-52
-48
-61
-62
-37
-58
-59
-51
-47
-38
-52
-37
-37
-36
-38
-40
-43
-51
-61
-56
-62
-54
-51
-59
-70
-68
-45
-71
-81
-74
-73
-71
-68
-83
-67
-66
-48
-49
-57
-46
-54
-33
-37
-45
-41
-61
-55
-51
-47
-52
-58
-66
-51
-49
-66
-58
-61
-55
-67
-69
-72
-62
-60
-66
-64
-77
-70
-67
-55
-58
-55
-57
-46
-40
-57
-55
-59
-50
-70
-57
-50
-53
-69
-70
-61
-60
-73
-66
-67
-77
-53
-65
-65
-65
-59
-49
-66
-51
-39
-35
-30
-26
-33
-32
-14
-17
-22
-33
-37
-31
-36
-42
-50
-58
-55
-61
-68
-84
-69
-72
-75
-71
-75
-58
-60
-53
-54
-46
-62
-65
-51
-55
-51
-48
-33
-40
-42
-34
-28
-30
-29
-31
-34
-41
-50
-59
-50
-66
-61
-49
-47
-50
-60
-41
-39
-14
-2
10
0
4
8
22
20
10
22
16
8
-5
-10
-8
-12
-17
-25
-35
-34
-37
-35
-35
-30
-41
-31
-32
-31
-12
-10
-10
4
0
3
21
3
22
32
34
16
29
23
13
9
14
6
-7
-1
-31
-23
-37
-48
-32
-42
-44
-30
-30
-29
-15
0
-13
-6
7
10
8
1
18
18
16
17
34
39
16
17
30
29
22
20
16
1
-4
-6
-23
0
-13
-30
-20
-25
-31
-29
-28
-39
-31
-31
-37
-37
-21
4
-21
-12
-3
-13
-6
0
-12
-5
12
9
18
27
12
33
36
37
46
35
46
31
39
44
49
46
45
52
33
22
26
24
23
22
19
19
14
8
34
37
40
35
39
55
46
43
46
65
49
59
64
46
52
41
30
28
24
20
6
-9
-16
-19
-22
-25
-36
-29
-21
-17
-9
-16
-20
-28
-19
-20
-23
14
3
12
34
15
15
6
28
36
34
30
28
15
17
19
4
3
26
4
-9
16
14
20
4
13
7
-2
15
-3
-5
-6
-4
-11
-14
-12
-15
-11
-19
-29
-23
-27
-21
-41
-50
-36
-30
-20
-37
-19
-19
-25
-13
-15
-27
-14
-32
-38
-19
-25
-28
-9
-26
-34
-21
-45
-32
-22
-18
-20
-27
-29
-29
-21
-28
-19
-18
-20
-9
-15
-6
-5
-2
-22
-9
-17
-26
-22
-17
-6
-25
-2
0
-5
-3
-4
-13
-13
-20
-20
-20
-12
-24
-25
-36
-44
-36
-53
-49
-56
-48
-55
-46
-30
-31
-17
-15
-22
-13
-19
-12
-1
-10
-5
-16
-7
-2
2
-14
-13
-32
-31
-31
-28
-15
-36
-34
-34
-38
-42
-29
-39
-23
-8
-6
-11
-17
-10
2
9
22
36
21
17
2
7
19
1
23
8
0
-4
-10
-14
-25
-14
-19
-18
-17
-8
-24
-26
-35
-37
-31
-42
-44
-30
-54
-51
-59
-33
-45
-67
-45
-66
-60
-66
-57
-57
-69
-78
-56
-47
-59
-61
-55
-59
-37
-40
-43
-47
-44
-38
-56
-31
-30
-35
-24
-33
-36
-14
-23
-22
-16
-24
-25
-26
-14
-17
-19
0
-12
-9
-6
7
12
13
9
-7
-1
3
3
-6
8
-3
-1
-5
-15
-5
-6
-7
-15
-15
-24
-16
-27
-26
-12
-34
-38
-29
-48
-43
-47
-42
-45
-59
-51
-37
-32
-32
-26
-34
-20
-17
-23
-19
-31
-21
-9
-1
4
-5
-17
-6
-16
-28
-12
-33
-18
-16
-27
-26
-24
-34
-22
-29
-37
-13
-31
-18
-23
-17
-5
-19
-20
-12
-10
-10
-11
-30
-29
-38
-37
-48
-62
-58
-56
-46
-47
-54
-64
-60
-26
-31
-43
-31
-38
-43
-28
-35
-30
-27
-39
-31
-25
-23
-21
-16
-23
-20
2
-2
14
22
27
15
20
38
26
43
34
38
47
37
41
34
37
32
47
23
21
36
23
19
7
18
23
2
7
-1
-13
-9
-7
-4
-18
-19
-19
-31
-23
-17
-26
-27
-17
-32
-34
-51
-56
-35
-42
-46
-39
-40
-40
-36
-42
-39
-37
-46
-36
-25
-38
-34
-29
-22
-29
-25
-6
-15
-7
-8
-18
-26
-33
-20
-15
-23
-19
-33
-32
-14
-18
-11
-33
-9
-8
-31
0
-3
4
-13
-9
-5
-18
3
10
14
10
11
3
1
9
-5
-6
-22
-10
-5
-21
-17
-9
0
-12
-27
-25
-25
-29
-24
-22
-26
-19
-32
-27
-8
-30
-21
-16
-27
-18
-12
-30
-25
-26
-48
-35
-47
-56
-48
-59
-56
-50
-66
-80
-69
-66
-65
-68
-60
-61
-62
-61
-67
-62
-59
-64
-51
-38
-50
-47
-32
-25
-13
-8
-24
-19
-29
-34
-21
-23
-9
-20
-26
-41
-33
-29
-36
-30
-29
-24
-21
-28
-22
-10
-28
-25
-10
-2
-6
-12
-10
-5
-4
-10
-12
-6
-14
-12
-26
-15
-18
-20
-23
-21
-18
-22
-4
-21
4
-12
-18
-6
-19
-10
-7
0
-4
-21
9
5
1
-3
-11
-9
-1
-19
-35
-24
-21
-34
-45
-23
-25
-26
-21
-17
-42
-15
-33
-12
-12
-23
-15
-32
-26
-33
-11
-30
-24
-30
-36
-26
-25
-30
-40
-25
-28
-23
-42
-39
-48
-47
-41
-49
-46
-36
-38
-45
-46
-47
-46
-38
-26
-31
-27
-33
-38
-33
-27
-31
-36
-30
-15
-18
-19
-5
9
3
8
4
21
26
1
24
13
17
8
29
28
12
24
17
4
-4
6
-8
-4
0
3
0
-6
-24
-16
-27
-25
-25
-27
-18
-28
-30
-23
-13
-23
-30
-44
-39
-26
-29
-21
-26
-31
-23
-34
-25
-13
-18
-32
-35
-46
-52
-48
-51
-63
-53
-46
-38
-34
-23
-29
-41
-39
-41
-30
-15
-28
-18
-2
-22
-3
2
-2
5
2
4
-3
-17
9
-4
-25
-20
-15
-12
-18
-27
-16
-24
-30
-15
-26
-12
-20
0
-7
4
-5
1
20
13
19
10
22
9
14
10
17
16
16
9
26
23
15
13
-10
15
-11
-9
10
4
-1
-4
-3
5
4
-3
5
1
-3
-5
1
-14
-11
6
-1
5
4
-8
1
7
0
0
4
-7
-11
-15
-11
-19
-19
-25
-37
-33
-30
-24
-35
-43
-42
-29
-47
-52
-26
-31
-50
-35
-40
-39
-34
-26
-35
-21
-6
-27
-17
-6
-10
-1
14
28
18
0
23
20
33
22
23
27
20
26
15
21
-1
-1
22
5
11
19
11
11
15
-1
12
15
9
18
14
13
0
14
13
25
3
10
15
-6
-13
-18
-8
-8
-6
-11
-3
-28
-29
-13
-26
-13
-8
-9
-21
-23
-28
-28
-10
-19
-6
-5
-3
-4
2
-10
-5
11
3
6
-2
19
9
-1
-6
9
14
13
11
8
0
4
1
13
11
0
11
-1
21
16
32
50
45
46
43
43
40
45
46
48
49
32
48
47
37
28
41
55
50
56
57
62
52
39
56
39
45
46
47
61
53
47
53
55
57
48
58
69
61
59
78
80
75
71
75
81
87
88
81
90
79
78
80
83
75
89
65
82
68
53
71
59
74
49
54
54
39
48
34
22
23
12
29
16
26
34
29
35
28
45
40
43
35
55
55
44
50
51
58
55
44
39
47
38
37
39
38
52
32
35
39
29
35
41
38
35
23
31
36
29
50
33
48
59
47
58
49
69
71
63
54
61
79
74
66
63
80
81
69
72
68
49
48
77
51
52
56
41
59
64
60
65
65
47
56
55
58
56
68
58
48
39
33
42
27
23
36
39
31
36
37
46
39
23
24
34
32
14
15
12
18
4
13
5
18
10
4
16
3
15
0
19
1
-7
-10
-8
19
-2
14
13
9
12
9
15
16
27
9
18
12
21
16
20
19
25
12
0
8
2
6
11
15
-3
6
-1
-9
2
7
-1
3
-3
-4
3
0
8
18
15
18
29
18
25
29
30
26
26
24
26
34
30
16
14
16
13
23
18
14
17
16
17
20
3
4
18
18
24
24
23
37
34
17
13
1
23
10
-10
-2
-13
-19
-31
-21
-14
-21
-14
-32
-32
-28
-31
-43
-38
-36
-42
-29
-27
-40
-34
-21
-10
-29
-26
-3
-1
3
3
1
4
7
9
6
2
-3
6
-6
6
21
25
29
28
18
35
28
30
23
26
27
11
30
29
30
35
24
38
41
37
58
66
51
60
57
66
57
40
46
50
34
30
27
31
32
12
4
1
4
4
-1
10
6
6
5
-10
-6
-9
-6
11
12
9
12
-4
13
3
5
5
-9
-12
-10
0
-13
-5
7
-11
-16
6
2
0
0
0
-2
2
-1
-7
3
-6
-3
-4
4
-12
-3
-6
-3
7
-3
-14
-18
-3
1
-2
-5
5
3
-8
-11
1
-1
11
11
5
32
13
20
18
12
29
19
23
20
19
35
25
20
31
0
7
29
17
25
46
49
38
49
53
41
64
45
47
59
58
53
42
48
44
32
36
42
31
30
37
28
34
22
33
12
3
16
3
7
2
4
-8
7
4
-20
-9
4
3
-5
-7
-14
-11
-22
-6
-18
-13
-20
-24
-12
-17
-23
-31
-15
-34
-34
-43
-33
-32
-23
-33
-35
-39
-45
-39
-49
-37
-47
-40
-46
-29
-31
-32
-17
-25
-23
-16
-7
-7
-9
-4
7
-3
-9
-11
0
-11
0
18
4
6
4
18
21
23
13
4
22
23
24
29
17
20
41
41
36
25
49
38
30
44
38
33
35
38
47
50
51
42
33
45
47
21
44
33
18
17
16
34
14
16
23
16
1
5
-4
5
-6
4
-4
-24
-12
-8
-24
-27
-24
-32
-17
-17
-23
-29
-37
-34
-30
-21
-27
-30
-30
-39
-26
-18
0
-8
-6
-1
-6
-3
0
-9
3
-6
4
5
7
15
7
20
20
30
12
24
8
20
23
19
23
8
27
27
33
6
21
23
19
16
20
24
25
39
22
29
26
10
3
9
16
15
11
8
14
13
17
12
18
25
13
25
10
29
13
15
16
19
14
4
12
4
3
9
8
-3
-16
-9
-17
-21
-10
-6
2
-12
-9
-14
-18
-12
-8
-7
-8
-5
-11
-19
-9
14
-4
5
-4
-19
11
0
-15
20
5
23
24
-17
12
14
22
35
36
22
34
17
11
34
17
29
40
27
39
32
43
55
47
37
43
37
35
52
29
48
35
33
34
37
29
29
22
11
16
31
30
5
14
28
25
18
8
11
19
20
13
0
12
5
11
16
8
-6
2
0
-6
1
-10
-13
-13
-27
-24
-33
-40
-30
-38
-32
-9
-36
-37
-21
-26
-30
-33
-12
-6
-10
-12
2
-1
-2
7
7
4
4
-2
3
3
-7
-3
0
-9
-7
2
-3
-5
1
-22
-15
-11
-21
-18
-13
2
-9
8
11
0
7
-4
-8
14
13
19
25
34
24
23
19
18
31
11
19
26
26
9
9
6
-8
8
20
23
28
22
20
11
31
35
19
17
16
11
5
13
3
24
2
-6
15
14
7
-4
3
10
0
-5
-18
-11
-11
-17
-5
-10
-28
-37
-32
-39
-25
-14
-29
-28
-36
-40
-50
-41
-37
-56
-44
-41
-49
-59
-46
-41
-58
-49
-40
-52
-49
-46
-40
-47
-36
-30
-31
-22
-37
-32
-21
-35
-30
-16
-25
-21
-15
-24
-17
-11
-22
3
3
-12
-6
-5
12
14
14
-4
-8
5
16
21
14
0
7
21
22
21
23
25
11
16
13
23
38
31
25
44
31
12
26
52
57
38
39
35
39
42
45
39
31
26
19
19
38
33
30
18
13
20
6
10
23
23
0
4
2
1
12
-12
-11
-8
-9
-11
-6
2
2
-13
-18
-4
-20
-13
-15
-8
-9
6
6
10
18
6
21
11
11
9
7
-2
14
9
15
13
1
16
10
15
8
9
9
14
30
12
13
14
0
13
21
-1
3
5
7
5
8
25
12
5
9
11
10
37
20
36
17
9
20
11
34
38
36
27
30
17
19
12
17
1
1
6
7
7
9
11
11
-8
-19
-6
-3
3
-18
-11
7
1
-8
1
-1
10
-5
-15
-10
-15
-8
-18
-8
7
-3
-5
-15
-10
-18
-11
-7
13
-13
-15
4
-13
-7
-8
1
1
3
6
4
-4
4
4
3
-3
7
2
30
5
2
15
17
20
15
26
9
33
29
21
14
12
19
23
16
32
23
21
33
32
30
29
39
34
35
32
46
42
38
44
31
41
34
26
24
20
43
39
28
43
38
30
36
33
27
41
32
21
27
26
35
39
35
23
19
22
27
23
31
28
12
11
-8
11
14
16
19
-6
7
15
17
4
16
4
4
8
10
20
12
13
13
2
23
22
16
19
26
43
18
31
33
33
35
42
34
29
34
38
46
34
35
36
47
37
37
68
58
53
61
64
63
54
61
77
73
65
77
60
66
75
73
85
59
62
75
72
76
75
69
78
73
60
72
60
65
59
49
58
51
49
53
53
41
54
35
34
42
26
20
22
19
14
20
12
23
15
6
11
12
26
15
20
33
29
40
31
25
36
28
47
40
33
40
42
49
50
48
32
45
45
32
53
51
53
40
38
42
42
43
36
56
64
52
42
69
65
50
43
40
50
55
43
26
28
29
44
39
41
43
36
47
43
21
32
30
27
34
26
39
29
36
39
27
42
27
24
29
28
46
34
35
34
36
43
13
34
33
40
57
30
46
55
52
67
38
44
43
37
43
37
42
30
26
30
14
11
15
12
11
15
13
3
20
12
14
-1
7
27
26
8
10
21
19
27
22
17
6
23
28
19
27
20
24
32
10
23
37
24
31
32
33
31
39
35
37
40
41
39
44
41
45
55
39
56
44
61
60
50
51
49
43
38
31
46
21
16
28
21
23
24
30
14
30
32
8
20
36
15
27
28
17
15
32
27
14
19
6
19
34
21
-5
-2
-3
-8
2
-19
-12
-4
1
-20
-21
-7
-12
-22
-15
-14
-15
10
3
-15
-9
-9
21
7
7
10
4
11
5
24
9
28
17
-3
1
3
6
4
9
-9
-4
1
4
-8
3
14
17
21
3
16
22
36
26
24
26
10
30
18
23
28
33
21
31
21
24
35
28
28
30
39
30
26
33
26
18
20
42
39
32
34
31
27
17
-1
1
12
18
6
-7
5
12
1
3
18
17
14
11
2
16
4
12
16
5
0
6
19
14
-1
0
30
24
17
16
15
21
14
12
1
-14
4
2
-12
-4
5
-6
7
2
0
-4
6
4
12
3
6
13
2
15
15
3
23
26
9
36
18
2
12
14
19
9
10
14
12
15
19
15
21
15
18
21
17
22
27
28
24
29
24
30
26
19
10
15
20
2
13
7
11
28
16
18
11
25
15
3
0
6
12
18
15
12
21
17
18
15
19
7
6
7
11
1
-12
-4
-13
-3
-8
4
-5
-16
-11
-13
-2
-15
1
-4
-14
-8
-6
-9
-13
1
-19
-2
13
11
15
9
17
22
12
17
12
34
26
24
27
25
42
21
28
10
25
33
28
30
40
30
16
26
24
32
29
24
27
-3
3
12
13
8
-4
-5
13
13
12
15
-4
-8
5
9
9
6
2
17
1
7
14
16
24
17
13
5
5
4
-4
-22
-5
-5
-6
-9
-12
4
-5
-17
-5
3
-4
-11
-8
-12
1
8
-5
4
10
-8
-2
-2
-1
15
9
9
0
-2
7
-7
0
-1
-4
-10
1
0
-9
-21
-34
-17
-32
-25
-33
-30
-26
-22
-8
-14
-16
-21
-4
-14
-18
-5
-10
-16
1
19
-5
-6
-4
7
19
23
5
-13
1
3
16
20
7
14
-2
10
-7
-4
-20
-18
3
-13
-12
-9
-10
-6
-15
-19
-5
-6
-22
-22
-17
-13
-18
-14
-13
-12
-11
-21
-13
-24
-29
-15
-24
-22
-29
-29
-15
-29
-26
-28
-33
-26
-29
-7
-7
-12
-20
-10
-1
-17
-5
-15
-16
-5
2
-9
-11
-20
-8
-11
0
-14
-12
-23
-15
1
-11
-15
-16
3
-17
-25
-15
-5
-4
-3
-30
-5
-5
3
-5
-12
-16
-10
-22
-13
-5
-13
0
-11
-12
-19
4
-4
-2
-7
1
-3
-10
-2
5
7
7
-4
-4
7
2
-11
-8
-7
-7
-7
11
0
-8
-8
-11
0
17
-3
-5
-7
5
7
-2
1
2
20
-6
16
-9
-19
-10
-24
-20
-26
-24
-19
-26
-8
-44
-26
-17
-36
-23
-12
-12
-18
-3
-26
-12
-16
-6
13
-9
-6
15
5
-1
6
5
3
6
15
4
10
10
16
12
5
29
-3
21
32
14
31
15
20
20
28
21
23
21
12
19
26
27
16
24
16
18
15
19
27
13
15
15
28
42
38
31
26
30
33
37
32
32
22
26
35
27
24
24
33
27
38
20
12
12
14
10
4
-6
-7
19
16
6
4
9
26
-7
18
25
15
17
4
23
13
17
17
18
6
14
8
19
30
20
24
20
24
4
9
9
-2
17
25
20
14
13
26
27
26
32
19
24
32
12
21
19
17
25
24
51
30
42
31
23
45
42
24
28
19
15
39
19
19
41
44
28
24
21
21
18
24
31
23
24
14
14
0
7
0
-3
1
2
7
-2
-2
1
-7
7
-12
-15
-8
-16
3
-6
-14
-13
-15
-19
-1
-9
-2
7
18
4
-2
1
-3
-2
2
3
0
16
14
9
-2
15
11
16
21
4
28
28
36
21
43
44
30
32
22
30
20
36
35
25
36
31
43
47
43
48
38
37
47
39
37
53
53
29
33
40
34
43
33
33
37
29
22
23
31
19
34
29
26
24
41
30
17
24
22
39
26
44
43
34
48
31
37
39
28
41
20
30
45
33
34
24
45
36
22
33
9
17
17
27
27
23
26
12
31
23
10
21
10
16
34
28
33
32
34
35
39
40
24
18
28
29
27
22
38
25
26
33
30
27
36
37
33
29
26
15
10
33
22
19
22
33
31
31
53
39
48
42
40
43
60
64
57
70
62
66
58
61
51
67
62
53
55
50
59
57
51
48
54
47
54
56
47
51
48
54
37
38
52
48
62
57
51
51
60
54
46
63
60
49
41
43
40
53
50
23
30
40
50
54
39
25
23
25
37
31
37
22
39
29
40
50
34
41
38
47
36
52
46
64
59
47
58
67
51
44
48
41
53
58
61
50
51
52
49
53
47
65
67
69
55
70
77
65
53
48
65
69
48
57
67
60
70
62
54
51
59
31
32
40
40
24
37
37
44
47
25
37
21
17
32
30
34
34
26
43
46
36
33
19
17
29
46
30
43
34
18
51
34
45
43
29
34
43
42
41
42
31
36
47
35
30
28
11
-1
16
8
23
22
27
9
14
32
15
16
19
8
-4
13
21
27
26
29
24
29
19
5
9
7
9
6
2
-5
12
10
-1
7
12
3
1
10
11
14
19
10
7
10
21
29
40
9
23
18
12
7
8
28
-7
3
1
9
15
12
8
19
25
1
1
11
1
9
0
-6
-8
-5
0
-1
1
12
-4
-4
1
3
-15
-24
-20
-16
-21
-8
2
-14
-33
-30
-14
-20
1
-13
-33
-19
-10
-25
-26
-22
-23
-23
-18
-14
-19
-3
-19
-13
-2
-12
6
-2
13
4
-8
7
7
-5
3
6
12
19
1
4
0
9
8
13
12
0
6
24
10
12
12
11
4
10
6
4
13
9
9
19
2
-13
35
20
12
29
21
17
28
23
32
17
29
19
-7
14
5
5
19
22
-6
5
6
20
28
10
5
5
30
14
-3
8
9
2
-7
-11
-3
-6
7
7
-8
15
1
6
7
0
16
24
12
4
9
17
30
17
23
15
5
3
2
16
21
21
24
21
29
27
11
22
33
23
8
17
33
16
19
21
21
18
20
10
23
26
15
32
26
34
44
46
53
39
35
44
28
41
46
35
29
18
31
21
11
14
13
16
15
18
16
14
24
25
25
9
0
5
12
4
8
10
-1
-2
-1
9
10
-9
6
-5
-10
-10
-14
-9
-25
-17
-19
-12
-8
-13
-2
-14
-35
-26
-19
-14
-16
-23
-9
-9
-18
-18
-17
-11
-12
-7
-17
-21
-27
-25
-6
-23
-20
-20
-10
-1
-3
-5
-6
-13
-16
-10
-10
-19
-15
-1
-19
-16
-13
-12
-20
-8
-16
-15
-8
-21
-11
-5
-6
-8
-7
-21
-41
-31
-36
-18
-20
-40
-34
-26
-24
-36
-24
-35
-27
-31
-24
-27
-38
-27
-56
-44
-22
-35
-28
-16
-35
-42
-33
-44
-47
-48
-47
-48
-46
-41
-26
-32
-35
-14
-21
-36
-31
-32
-52
-57
-42
-44
-41
-41
-37
-50
-51
-55
-34
-32
-39
-39
-58
-50
-53
-47
-46
-51
-48
-36
-33
-51
-41
-30
-48
-39
-39
-42
-49
-52
-54
-68
-48
-49
-42
-64
-56
-62
-57
-43
-53
-47
-45
-41
-43
-49
-43
-23
-39
-41
-32
-43
-21
-33
-39
-21
-29
-24
-35
-19
-8
-24
-23
-27
-24
-16
-16
-27
-26
-22
-16
-16
-17
-18
-5
-8
-10
-1
-17
-15
-14
-7
-12
-21
-12
-2
15
-1
-12
0
4
1
14
4
-5
10
9
2
7
1
11
3
-8
-16
-2
4
-15
-4
-6
-4
-9
-6
-18
8
1
6
5
9
18
15
15
5
18
25
21
9
14
17
18
24
21
12
24
14
16
28
32
24
31
38
26
29
35
32
23
22
14
21
17
27
35
30
29
37
37
39
35
28
36
31
36
39
27
10
25
34
23
12
18
27
26
29
20
31
23
28
30
20
21
24
27
8
18
12
10
14
-16
2
14
11
12
1
-9
-7
-7
-1
13
5
-2
-19
-11
-9
1
-7
-14
-2
-4
-3
5
-6
-1
-2
1
10
5
12
-9
9
3
-5
-2
5
9
-7
1
-7
-1
-5
1
-6
-9
-1
-15
-31
-17
-3
-12
-20
-13
-16
-11
-20
-13
-19
-24
-14
-18
-31
-18
-14
-29
-37
-34
-49
-51
-36
-41
-31
-29
-35
-35
-24
-36
-20
-22
-39
-46
-46
-47
-64
-48
-69
-72
-75
-52
-51
-40
-48
-52
-59
-63
-57
-68
-55
-58
-60
-57
-63
-62
-56
-59
-60
-74
-63
-64
-78
-73
-77
-76
-65
-58
-73
-87
-87
-88
-98
-85
-83
-92
-85
-85
-87
-79
-74
-74
-79
-70
-79
-74
-69
-89
-66
-74
-77
