17
5
21
27
6
19
20
3
18
17
6
12
9
12
13
0
8
4
20
17
6
16
6
5
9
9
15
6
17
19
22
17
13
36
26
19
33
17
36
38
26
40
28
22
22
16
29
33
40
38
34
39
21
45
57
46
57
57
48
44
47
46
66
64
56
45
44
45
53
52
41
39
41
27
40
33
24
31
33
42
40
27
43
49
44
50
38
35
35
45
41
47
34
53
35
28
31
33
40
40
46
28
20
36
27
35
33
30
26
24
35
31
36
34
35
40
25
35
40
33
44
27
17
32
39
10
22
26
24
28
34
27
14
24
14
26
3
10
9
-3
25
25
24
13
26
21
9
20
38
10
21
24
26
15
25
32
18
23
35
44
29
33
23
27
30
32
42
28
27
30
26
21
24
20
24
44
38
34
32
45
31
22
35
27
31
32
32
39
22
21
10
22
16
14
22
10
12
23
8
11
18
17
0
2
5
-6
1
7
11
4
22
23
-1
7
12
18
6
3
-5
-3
13
-8
-8
-3
-3
-9
3
6
-13
-19
-16
-15
-9
-23
-23
-19
-9
-12
-5
-19
-20
-24
-20
-23
-36
-39
-24
-21
-18
-18
-37
-14
-17
-13
-4
-21
-20
-12
-9
-1
0
0
2
-3
-6
1
1
6
-5
4
1
5
6
-8
11
3
7
-10
1
-3
-20
-10
-2
-3
0
14
7
15
-3
12
17
13
7
14
8
6
-3
5
-2
-9
19
3
8
12
1
-5
17
-1
-6
5
-9
-5
-11
-14
-11
-7
-5
4
10
-10
-15
-16
2
17
-4
0
1
-8
4
-2
-15
8
19
7
23
14
15
28
19
25
28
18
34
23
27
37
42
28
29
40
22
38
41
41
25
25
32
38
35
37
45
43
38
21
32
49
66
58
46
30
37
38
47
57
39
48
36
41
66
66
47
55
60
60
57
44
49
32
39
42
32
44
35
40
34
34
36
14
24
10
-3
12
11
10
18
16
18
16
14
12
35
33
36
31
21
25
23
38
29
34
38
42
44
42
34
42
47
36
43
51
37
32
42
49
39
49
53
51
64
50
51
56
73
63
63
54
34
45
50
53
51
66
38
58
72
46
49
44
46
41
42
49
49
48
41
45
43
36
52
37
32
48
34
37
43
41
54
38
46
43
28
27
27
29
20
38
37
27
16
24
36
37
34
34
19
8
25
27
25
31
19
19
20
5
2
18
6
7
15
28
21
12
19
12
10
9
15
17
20
23
-2
13
4
-4
-8
4
7
1
-10
-7
-3
-6
-4
3
2
-1
-6
-13
-7
-7
2
-5
3
2
20
7
9
0
0
16
3
-4
-18
11
-4
3
-1
-4
-4
-7
3
-5
-15
-9
11
2
-5
9
6
0
4
10
0
10
-7
-16
-19
-5
-2
-29
-15
-11
-16
-10
-6
-5
3
-6
-18
-17
-19
-17
-24
-4
-11
-5
-12
-12
-6
-10
-2
-14
-18
-11
-10
-17
-3
4
-7
-3
-18
-26
-11
-11
1
-10
-3
1
-1
-5
-7
11
-8
-6
-5
-8
-2
-20
-9
-1
1
-21
-21
-32
-26
-18
-22
-27
-15
-14
-12
-5
1
-3
-4
0
-14
-7
-4
-8
4
18
-6
2
3
-2
-6
-10
-6
-24
-12
-1
-11
-13
-6
-16
-23
-20
-14
-13
-4
3
-14
-16
-12
-18
-20
-27
-27
-26
-20
-19
-11
-13
-22
-20
-9
-14
-14
-5
-25
-23
-10
8
-1
-4
12
4
-4
4
-6
-8
7
7
-7
7
12
-3
-2
-3
-8
-7
-11
-26
-17
-18
-16
-15
-25
-20
-11
-11
-8
-10
-1
2
-7
-15
-25
-16
-6
-11
-13
-5
-16
-21
-19
-17
-9
-11
-3
-18
-21
-9
-18
-20
-13
-9
-21
-23
-14
-13
-7
-14
-4
-12
-19
-8
-16
-13
-30
-24
-25
-25
-44
-42
-34
-30
-41
-53
-43
-42
-37
-45
-41
-35
-33
-42
-36
-52
-41
-46
-56
-51
-47
-45
-47
-53
-63
-53
-57
-47
-43
-42
-44
-28
-35
-43
-31
-31
-29
-31
-25
-26
-30
-24
-14
-22
-15
-24
-16
-17
-17
6
-17
-19
-27
-8
-3
-8
-11
-7
-4
-17
-9
4
1
-16
-5
-4
18
-3
1
6
-6
-2
-5
-8
-9
-11
-12
-7
-2
-13
0
5
9
7
-1
8
18
1
3
14
-1
9
0
13
17
22
34
22
20
24
30
36
44
22
28
27
22
31
14
25
18
15
11
18
32
38
27
19
23
29
33
24
25
21
16
21
17
12
13
10
15
21
33
33
13
17
18
21
16
19
19
43
29
22
34
20
14
12
30
18
16
29
23
24
10
2
16
21
8
18
30
9
3
8
9
20
6
-6
4
16
7
-5
-17
2
12
-8
-1
-6
-2
-4
16
1
-3
-11
-14
-1
-23
-11
-10
-4
-24
-13
-17
-14
-4
-8
1
-3
9
15
-5
5
14
13
12
8
-9
0
3
0
-2
-12
-12
-13
-13
-19
-10
-20
-30
-24
-11
-25
-30
-25
-29
-23
-43
-43
-48
-45
-44
-33
-30
-32
-23
-20
-28
-36
-18
-20
-26
-26
-39
-33
-30
-21
-28
-37
-30
-30
-34
-28
-18
-57
-37
-43
-41
-49
-63
-52
-60
-41
-60
-48
-40
-50
-42
-30
-33
-36
-29
-35
-26
-30
-26
-42
-31
-30
-52
-37
-32
-26
-30
-43
-45
-33
-36
-19
-26
-40
-37
-35
-44
-27
-32
-28
-28
-40
-18
-27
-34
-33
-42
-28
-30
-39
-35
-27
-29
-30
-28
-33
-17
-30
-14
-25
-37
-15
-36
-28
-34
-36
-40
-26
-19
-29
-19
-12
-1
-14
-17
-6
-17
6
-9
10
3
4
9
14
1
-13
-1
-17
1
-7
-9
8
-5
-24
-10
-22
-23
-22
-27
-32
-27
-42
-35
-36
-35
-24
-36
-29
-19
-16
-25
-26
-26
-29
-31
-49
-31
-31
-34
-29
-41
-24
-37
-36
-27
-23
-21
-37
-43
-26
-25
-34
-27
-41
-23
-29
-24
-33
-44
-29
-29
-36
-30
-43
-36
-29
-37
-36
-37
-32
-35
-44
-37
-45
-46
-34
-46
-36
-32
-23
-39
-18
-17
-29
-12
-27
-19
-30
-27
-27
-25
-26
-10
-13
-30
-30
-28
-23
-21
-18
-14
-19
-35
-31
-29
-28
-35
-19
-4
-21
-13
-28
-35
-37
-32
-36
-25
-23
-43
-13
-28
-33
-31
-34
-38
-43
-49
-40
-48
-53
-48
-48
-38
-54
-54
-48
-44
-50
-45
-48
-46
-53
-38
-47
-48
-49
-41
-41
-63
-55
-46
-47
-42
-43
-48
-41
-42
-49
-45
-45
-60
-58
-58
-45
-50
-47
-30
-57
-41
-51
-47
-41
-57
-54
-63
-67
-65
-49
-64
-56
-56
-51
-51
-65
-46
-61
-52
-44
-41
-51
-65
-50
-51
-52
-44
-41
-49
-56
-47
-48
-58
-60
-62
-58
-74
-69
-54
-47
-42
-65
-66
-71
-56
-55
-65
-56
-54
-62
-65
-57
-61
-71
-67
-68
-68
-65
-69
-63
-57
-67
-69
-74
-63
-71
-71
-50
-57
-78
-66
-51
-60
-80
-59
-63
-64
-57
-59
-58
-59
-59
-57
-39
-43
-55
-59
-38
-59
-53
-41
-45
-39
-59
-50
-49
-54
-29
-42
-42
-42
-29
-31
-36
-36
-49
-35
-45
-28
-27
-49
-33
-32
-34
-33
-15
-14
-21
-16
-24
-30
-32
-42
-44
-31
-30
-36
-27
-37
-31
-23
-40
-50
-33
-27
-33
-30
-31
-33
-29
-33
-38
-31
-25
-20
-31
-23
-37
-30
-14
-19
-14
-22
-17
-12
-13
-2
-9
-3
-14
-16
-6
-8
0
-24
2
-16
-4
-15
-10
-5
-11
-6
-18
5
-11
5
7
-9
-5
2
1
-20
1
6
3
-13
-9
0
0
-10
-14
-9
-6
2
-14
7
3
2
6
1
-13
-18
15
2
-13
-7
-6
-14
-16
-5
-14
-1
5
-1
-13
-7
-1
-2
-7
-14
-17
-11
-7
-24
-15
-19
-27
-13
-17
-7
-5
-14
4
16
9
13
29
14
8
14
22
12
3
-2
15
17
7
9
4
8
7
6
8
6
1
13
10
-9
8
-4
4
-1
-11
11
8
11
5
-2
-3
-2
-9
-13
4
4
0
-6
-18
-6
-16
-19
-5
-4
-12
-3
-9
-7
8
-15
0
-3
-11
-12
-25
-14
-4
-8
-5
-18
-5
3
0
12
3
12
8
3
9
0
-1
5
-7
-16
5
-16
-3
-22
-14
-13
-27
-14
-14
-6
-3
2
-9
5
-5
0
13
5
11
-3
8
-12
5
11
-10
6
2
-11
-16
-23
-16
-20
-13
-15
-18
-8
-14
-8
-19
-8
-21
-5
-8
-13
-8
-7
-22
-21
-28
-32
-37
-24
-29
-40
-20
-10
-12
-9
-14
-37
-26
-29
-40
-42
-36
-33
-30
-28
-28
-32
-33
-21
-21
-19
-18
-28
-20
-12
-20
-16
-13
-26
-35
-19
-8
-15
-22
-30
-23
-18
-20
-31
-40
-39
-40
-24
-24
-23
-25
-27
-15
-20
-25
-21
-28
-35
-25
-25
-38
-31
-36
-39
-30
-40
-33
-35
-31
-22
-43
-34
-38
-38
-8
-27
-33
-8
6
-12
-14
-1
-6
4
-19
-26
9
-20
-10
-4
-1
4
-3
-4
-9
-4
13
15
-3
-1
12
5
15
11
2
4
17
10
-1
-10
3
-1
-4
2
-16
-8
-3
13
-2
6
-3
-5
-3
-1
16
11
15
7
14
14
18
13
11
16
19
5
16
14
17
15
11
18
7
-11
-2
8
-14
5
7
-7
-10
-4
0
14
-5
-15
1
-5
-18
-16
-24
-39
-16
-20
-35
-27
-19
-36
-22
-21
-11
-17
-36
-24
-27
-17
-25
-8
-7
-11
-18
-8
-22
-21
-12
-26
-17
-5
-8
-8
-22
-31
-4
-10
-11
-6
-16
-21
-4
-12
-7
-13
-14
-10
-8
-16
-15
5
-28
-24
-13
-21
-29
-19
-16
-11
-17
-22
-21
-21
-26
-25
-23
-30
-22
-27
-24
-20
-13
-15
-23
-22
-38
-17
-26
-25
-16
-16
-20
-18
-20
-19
-8
-5
0
-5
-15
-17
-2
-21
-19
-10
-24
-7
-12
-23
-12
-24
-32
-22
-21
-30
-33
-28
-32
-36
-20
-25
-22
-16
-25
-20
-12
-22
-19
-13
-21
-25
-19
-27
-15
-13
-12
-21
-26
-17
-19
-3
2
1
10
4
1
8
-6
-13
-4
-14
4
-9
-20
-16
-8
-9
-16
-10
-10
-19
-23
-15
-3
-17
-8
0
-2
3
8
4
-16
-6
6
-9
3
12
1
4
0
-2
-5
-12
-3
-8
-8
-1
5
-6
-7
-9
-6
1
-3
9
-3
-11
-13
-4
-4
-12
-20
-26
-20
-12
-14
-13
-19
-12
-9
-18
-3
-7
-10
-15
-33
-18
-22
-13
-9
-17
-10
3
-2
-9
-14
-16
-9
-20
-16
-16
-21
-25
-17
-17
-20
-34
-18
-27
-29
-22
-39
-33
-18
-18
-29
-20
-22
-14
-23
-26
-31
-28
-20
-20
-32
-32
-35
-36
-33
-44
-30
-47
-42
-40
-35
-24
-37
-39
-37
-29
-36
-26
-29
-29
-25
-33
-36
-33
-37
-40
-30
-36
-28
-25
-28
-31
-31
-33
-34
-22
-20
-24
-34
-37
-31
-30
-41
-18
-37
-30
-21
-24
-27
-34
-22
-36
-22
-28
-37
-40
-29
-29
-32
-44
-30
-26
-48
-43
-44
-36
-37
-51
-49
-56
-46
-50
-46
-36
-43
-49
-58
-38
-63
-64
-47
-54
-35
-44
-50
-43
-45
-40
-31
-35
-45
-32
-49
-43
-45
-42
-31
-36
-36
-50
-48
-52
-42
-33
-45
-35
-30
-35
-31
-36
-27
-27
-39
-31
-20
-30
-26
-32
-31
-34
-50
-47
-34
-37
-32
-41
-25
-44
-34
-40
-48
-34
-39
-30
-36
-26
-31
-42
-38
-35
-40
-29
-34
-36
-29
-28
-29
-18
-18
-31
-21
-19
-31
-38
-25
-52
-45
-27
-37
-26
-28
-44
-33
-32
-34
-35
-30
-36
-35
-30
-29
-18
-31
-22
-27
-12
-26
-38
-21
-26
-11
-23
-13
-11
-25
-11
-9
-10
-15
-21
-25
-26
-16
-15
-13
-15
-30
-34
-29
-33
-40
-29
-22
-21
-17
-16
-23
-18
-12
-19
5
2
-7
-8
0
-8
-13
-22
-19
-11
-8
1
-14
10
-3
13
8
12
4
12
18
-7
-2
-2
7
-1
2
1
14
12
6
3
5
0
-19
0
22
14
7
-1
8
11
14
8
11
10
1
11
7
4
6
-2
5
8
-11
-6
4
6
-6
-6
10
8
9
1
-2
1
6
2
7
-8
-16
-15
-4
13
13
22
19
10
5
14
15
20
24
20
21
14
17
17
10
9
9
18
8
12
23
22
16
11
8
3
12
3
-5
-5
-6
-15
-1
16
7
-6
-11
-13
-7
-10
-14
3
3
7
-8
6
-3
10
-1
-8
12
-3
-6
2
19
14
1
-2
37
26
17
6
-6
8
17
4
14
17
4
7
12
-2
5
10
18
12
16
15
10
19
6
19
3
25
20
39
25
13
21
11
23
7
1
12
14
12
16
15
22
10
7
11
-16
-9
8
3
-15
-14
-19
-26
-8
5
1
-3
-6
5
-15
-10
-1
-19
-1
-7
-14
-19
-7
-16
6
3
-9
4
18
3
9
13
2
16
4
6
-5
0
-1
5
13
4
11
-5
-19
-16
-10
-11
2
-4
-14
-7
-1
5
-4
-11
-22
-5
-14
-11
-2
-4
14
-1
22
4
-1
19
5
14
-1
1
4
-1
6
15
16
3
9
19
1
8
15
9
19
27
19
2
17
12
11
16
13
25
20
32
25
28
11
16
22
9
6
16
11
6
15
25
5
8
-5
-5
-1
11
20
18
12
18
23
14
32
27
9
23
22
25
24
26
32
39
30
24
30
35
37
24
37
53
51
49
38
34
37
44
42
48
45
46
52
52
42
66
67
55
62
55
55
64
52
50
72
61
71
54
58
60
62
61
72
78
55
77
66
73
73
64
62
52
58
60
62
48
53
52
37
58
59
35
53
62
58
44
33
47
49
53
37
34
66
56
52
41
61
70
50
63
64
75
77
81
74
78
74
74
75
67
73
65
60
50
59
61
49
55
51
54
60
51
55
63
52
52
59
56
72
63
52
55
49
31
49
48
52
42
34
47
40
36
35
42
50
41
47
53
47
52
50
64
52
55
59
50
42
47
34
53
38
37
31
35
46
29
44
39
50
49
34
40
33
43
44
42
41
34
41
34
34
41
33
33
36
33
39
35
7
19
19
10
6
16
27
18
33
19
23
10
22
31
21
15
10
9
5
21
19
11
-1
-5
3
11
14
6
12
12
10
8
16
7
15
5
16
16
9
8
-2
-8
-1
-8
-11
20
8
13
22
7
12
17
2
-10
-7
1
4
4
0
7
1
7
-6
-7
-5
-7
-20
-18
-11
3
0
-2
-13
7
11
-2
6
7
9
0
19
-2
-2
3
0
3
-3
-1
6
3
-18
10
-8
1
-12
-13
2
-30
-29
-19
-10
-20
-15
-14
-12
-1
-9
5
-16
-22
-20
-21
-4
-21
-7
-10
-19
-8
-7
-1
1
0
-8
-15
-15
-8
-17
-15
1
-15
-17
-11
-16
-15
-31
-12
-13
-26
-8
-15
-20
-15
-13
-6
1
-16
-14
-4
3
1
1
2
-5
-11
14
7
-9
-1
-7
-16
-8
-18
-19
6
-7
-3
-16
-18
-7
-21
-6
-8
-17
-21
-12
-14
-24
-38
-19
-29
-25
-1
-5
-4
-14
-11
-13
-12
-27
-20
1
-13
-13
-15
-38
-28
-20
-11
4
-10
-7
-10
-8
-30
-20
-5
-28
-23
-24
-33
-31
-22
-13
-24
-25
-28
-27
2
-10
-1
-17
-12
-3
-9
-23
-24
-22
-28
-18
-12
-16
-29
-28
-20
-12
-10
-15
-25
-26
-19
-22
-20
-25
-21
-19
-27
-19
-21
-28
-27
-17
-10
-16
-16
-18
-10
4
-19
-23
-18
-10
-30
-30
-27
-7
-5
-16
-8
-9
-11
-12
-9
-17
-27
-14
-24
-20
-30
-31
-12
-21
-17
-29
-21
-22
-26
-21
-24
-24
-24
-20
-30
-43
-36
-23
-28
-35
-34
-32
-33
-32
-31
-20
-25
-22
-6
-11
-25
-25
-21
-23
-12
-29
-18
-26
-23
-22
-18
-29
-32
-27
-16
-7
-18
3
1
-5
-8
-17
-23
-14
-7
-4
-3
5
-4
-15
-2
-2
-7
3
-5
-1
1
-5
12
2
0
-12
3
-5
-13
-7
-18
-4
-19
4
7
-3
-10
3
0
-12
-17
-3
-9
-2
8
-14
-10
-14
-18
-11
-15
-13
-3
-6
-9
-1
-4
-13
5
-1
-2
12
-4
-16
12
9
1
6
8
5
-14
-2
-14
-16
-10
-10
-4
-11
-2
-8
2
1
-4
-4
-4
-7
-19
7
-4
-8
3
-11
0
8
-11
6
-3
-3
5
-3
7
-21
-15
-16
-17
-11
-28
-36
-50
-72
-78
-64
-37
-19
-26
-28
-32
-30
-7
-2
7
8
13
6
22
2
-11
-22
-24
-6
-17
-23
-21
-20
-30
-31
-34
-38
-42
-19
-45
-34
-49
-62
-63
-53
-51
-52
-61
-89
-158
-253
-128
-57
-38
-52
-82
-92
-83
-19
-17
-4
-41
-145
-92
-61
-71
-72
-79
-100
-108
-86
-52
-63
-112
-232
-201
-136
-134
-80
-74
-126
-279
-274
-147
-73
62
13
-161
-182
-120
-1
-48
-39
1
-13
-87
-173
-216
-368
-379
-243
-234
-220
-181
-154
10
33
-54
-69
37
105
122
141
-30
-200
-216
-207
-194
-268
-421
-410
-310
-220
-184
-153
-283
-387
-301
-99
34
99
55
-41
-29
-72
-142
-166
-277
-229
-100
-30
10
-132
-232
-222
-216
-114
-19
-96
-139
-164
-151
-152
-132
-226
-252
-121
-78
-9
31
-53
-142
-79
-109
-120
-96
-150
-170
-180
-182
-248
-250
-289
-307
-212
-187
-197
-210
-218
-160
-73
-30
-22
-30
19
-7
35
1
-11
35
34
103
141
25
0
20
32
2
15
-20
-145
-77
-22
-65
-117
-135
-143
-169
-174
-208
-176
-76
-65
-84
-97
-138
-92
-124
-66
12
-51
-83
-66
-40
-101
-140
-115
-44
-79
-54
33
17
-36
3
41
51
71
32
-53
-50
10
86
159
112
-61
-198
-232
-237
-151
-122
-98
-90
-100
-103
-100
-114
-71
-40
46
106
76
95
16
-80
-91
-84
7
64
31
-2
-109
-132
-165
-131
-120
-131
-84
-66
-67
-107
-153
-252
-229
-173
-201
-163
-174
-232
-218
-198
-186
-121
-59
-50
-54
-24
-80
-105
-100
-143
-126
-112
-58
13
21
-50
-129
-188
-226
-183
-44
-31
-86
-137
-172
-225
-231
-250
-243
-175
-162
-137
-110
-140
-189
-194
-184
-133
-84
-43
-44
-38
-34
-73
-86
-64
-64
-58
-34
-23
-18
-42
-31
-61
-59
-43
-46
-62
-56
-15
-18
-5
-24
-36
-47
-72
-31
-3
-28
-34
-35
-12
15
-10
-24
-30
-11
-5
-26
5
48
48
72
106
43
7
-18
-18
-1
-8
-45
-41
-76
-129
-129
-148
-185
-217
-236
-247
-246
-233
-227
-262
-249
-264
-270
-255
-264
-248
-255
-231
-194
-205
-228
-262
-290
-288
-285
-260
-240
-275
-298
-322
-320
-311
-313
-302
-284
-270
-236
-206
-192
-165
-112
-46
29
81
102
131
167
212
303
335
384
442
487
533
599
671
698
757
775
822
936
1001
954
968
1021
1012
1010
976
903
834
805
787
786
774
650
512
438
296
157
49
-78
-193
-323
-466
-602
-740
-873
-998
-1028
-1032
-1083
-1093
-1107
-1110
-1104
-1054
-1015
-970
-935
-856
-777
-689
-626
-580
-522
-496
-428
-357
-333
-320
-293
-254
-263
-266
-255
-269
-272
-279
-309
-349
-304
-221
-180
-187
-158
-99
44
208
356
468
565
670
804
950
1066
1199
1348
1524
1673
1783
1860
2002
2082
2069
2066
2048
2007
1985
1869
1670
1426
1154
969
805
568
283
-12
-229
-457
-657
-863
-1064
-1190
-1286
-1344
-1370
-1383
-1385
-1329
-1240
-1138
-1020
-893
-725
-564
-442
-297
-135
-9
90
179
238
248
217
172
89
6
-125
-259
-374
-493
-635
-766
-926
-1037
-1103
-1140
-1180
-1217
-1211
-1208
-1127
-1056
-960
-896
-768
-560
-415
-204
-5
143
295
463
642
859
1045
1218
1327
1408
1514
1583
1690
1739
1806
1866
1962
2085
2144
2198
2164
2055
1937
1827
1670
1521
1389
1214
984
681
398
108
-155
-403
-607
-774
-893
-972
-1054
-1145
-1254
-1308
-1317
-1258
-1113
-985
-834
-672
-541
-380
-225
-67
85
232
384
516
599
678
683
627
514
398
310
239
139
-46
-244
-389
-520
-614
-708
-803
-873
-869
-858
-857
-846
-823
-721
-617
-503
-460
-463
-401
-308
-147
-9
118
140
169
247
343
416
527
618
597
610
645
615
661
686
693
722
742
695
659
678
693
785
805
830
857
806
768
711
639
594
598
622
609
547
428
328
268
233
229
208
169
154
133
109
97
61
37
36
48
68
98
145
174
182
175
156
147
161
169
149
144
112
56
3
-33
-83
-103
-143
-172
-180
-211
-249
-273
-296
-317
-318
-326
-367
-393
-398
-421
-444
-450
-445
-446
-450
-441
-434
-444
-433
-420
-401
-406
-404
-387
-361
-327
-331
-329
-299
-283
-267
-236
-214
-210
-181
-157
-114
-122
-113
-97
-64
-53
-33
1
30
72
87
128
177
224
288
342
399
467
538
616
672
719
743
768
788
821
851
886
896
885
851
837
798
757
713
669
620
572
533
459
394
336
273
212
189
148
152
129
106
78
58
49
4
-4
-25
-56
-98
-134
-177
-202
-246
-302
-328
-359
-374
-376
-424
-462
-484
-485
-500
-510
-528
-537
-543
-553
-587
-587
-567
-563
-544
-522
-484
-463
-464
-430
-408
-386
-355
-318
-292
-251
-225
-230
-209
-212
-156
-114
-103
-53
-23
-8
16
26
48
93
120
174
199
216
250
307
359
406
483
530
611
717
839
900
934
926
932
973
1038
1118
1149
1175
1141
1072
1022
970
923
865
783
709
659
608
547
448
349
225
153
125
121
125
87
55
-4
-47
-44
-67
-75
-72
-76
-74
-54
-19
-38
-75
-140
-208
-252
-220
-168
-156
-184
-220
-259
-306
-338
-397
-474
-431
-380
-474
-595
-685
-695
-621
-627
-716
-670
-611
-483
-396
-396
-381
-316
-249
-298
-345
-317
-190
-48
42
-6
-146
-157
-63
63
131
159
224
299
357
319
292
268
344
486
558
619
699
719
735
741
830
991
1141
1312
1477
1459
1323
1175
1114
1150
1256
1399
1376
1248
1077
892
800
746
702
657
618
571
491
409
276
141
5
-92
-63
40
133
133
50
-68
-152
-135
-52
56
143
158
120
85
79
41
-38
-97
-96
-62
-17
-4
-52
-152
-258
-320
-315
-265
-211
-191
-195
-287
-437
-505
-538
-566
-580
-585
-574
-567
-575
-660
-755
-728
-639
-504
-377
-317
-278
-266
-314
-310
-340
-284
-98
46
220
168
86
93
90
125
256
451
601
672
692
675
697
738
790
999
1202
1325
1406
1497
1589
1707
1766
1698
1592
1499
1530
1652
1743
1668
1446
1125
845
666
622
654
624
458
267
62
-88
-188
-279
-334
-357
-305
-201
-123
-144
-256
-350
-369
-242
8
239
339
304
188
65
76
182
267
336
325
268
195
78
-45
-109
-162
-196
-158
-178
-240
-341
-503
-664
-769
-758
-680
-667
-695
-750
-826
-901
-945
-907
-804
-669
-576
-540
-547
-540
-533
-446
-353
-290
-162
-92
-72
-58
-63
10
154
269
325
314
350
441
559
664
766
831
864
1002
1136
1262
1358
1472
1630
1797
2043
2185
2070
1787
1551
1511
1725
1893
1895
1624
1158
719
489
451
495
454
260
35
-208
-408
-538
-620
-681
-722
-683
-544
-451
-446
-505
-612
-596
-437
-136
164
317
318
210
140
136
248
382
459
430
337
228
79
-35
-123
-209
-274
-312
-329
-387
-499
-663
-843
-958
-985
-914
-835
-843
-943
-1044
-1141
-1156
-1098
-1005
-884
-820
-768
-745
-702
-690
-640
-516
-381
-228
-109
-22
31
24
100
209
347
484
548
638
685
710
785
931
1032
1135
1166
1220
1396
1536
1673
1814
1976
2024
1886
1626
1397
1377
1603
1793
1767
1453
909
414
198
275
408
438
200
-165
-474
-679
-775
-795
-781
-781
-745
-710
-733
-792
-902
-955
-837
-589
-297
-98
-44
-133
-221
-196
-68
179
361
386
290
140
21
-17
6
32
2
-104
-205
-335
-477
-602
-675
-759
-821
-853
-913
-998
-1114
-1243
-1320
-1297
-1234
-1151
-1099
-1104
-1120
-1110
-1036
-865
-682
-560
-486
-456
-354
-221
-121
-55
84
210
244
317
412
499
593
646
744
816
880
1008
1165
1319
1444
1618
1798
1943
2056
2104
1994
1807
1646
1652
1831
1918
1735
1306
763
363
217
276
314
149
-264
-683
-1004
-1129
-1118
-1116
-1097
-1152
-1220
-1283
-1311
-1305
-1234
-1110
-904
-674
-490
-354
-313
-268
-168
-7
177
341
424
415
355
301
256
262
253
182
89
-54
-226
-387
-537
-706
-846
-970
-1136
-1270
-1417
-1533
-1624
-1724
-1786
-1841
-1816
-1794
-1739
-1683
-1613
-1536
-1424
-1285
-1132
-988
-869
-720
-559
-385
-235
-94
48
208
288
421
598
641
762
938
1063
1155
1238
1384
1528
1657
1808
2067
2322
2491
2453
2160
1788
1629
1851
2205
2285
1861
1095
369
-19
38
274
309
-46
-681
-1268
-1567
-1570
-1416
-1300
-1343
-1510
-1642
-1640
-1575
-1455
-1367
-1224
-970
-695
-460
-343
-323
-288
-179
45
338
533
582
481
334
267
337
444
483
405
198
-59
-209
-285
-338
-466
-712
-985
-1235
-1397
-1516
-1621
-1742
-1901
-2015
-2091
-2137
-2133
-2094
-1992
-1852
-1737
-1605
-1498
-1365
-1178
-961
-672
-431
-217
5
208
406
610
816
1006
1171
1327
1496
1657
1788
1902
1982
2084
2266
2479
2687
2824
2863
2691
2336
2038
1970
2190
2356
2147
1531
744
158
-17
117
199
-59
-654
-1292
-1700
-1826
-1731
-1617
-1617
-1767
-1965
-2051
-1987
-1781
-1569
-1367
-1197
-1017
-856
-685
-486
-300
-87
128
306
433
476
493
498
547
625
640
612
481
326
167
-8
-149
-264
-411
-617
-856
-1119
-1360
-1522
-1647
-1746
-1881
-2007
-2125
-2209
-2229
-2190
-2084
-1982
-1878
-1796
-1689
-1544
-1363
-1132
-875
-646
-457
-264
-41
199
454
691
871
1009
1148
1296
1461
1652
1792
1907
2008
2138
2322
2533
2733
2789
2637
2290
2019
2024
2241
2363
2077
1418
657
173
74
222
248
-131
-827
-1502
-1849
-1846
-1646
-1563
-1701
-2017
-2321
-2383
-2170
-1886
-1681
-1555
-1497
-1370
-1202
-943
-681
-455
-233
-30
145
252
314
386
525
668
745
748
636
476
343
301
321
251
73
-253
-565
-815
-983
-1111
-1260
-1453
-1682
-1899
-2062
-2168
-2226
-2255
-2266
-2232
-2172
-2119
-2054
-1947
-1797
-1600
-1367
-1132
-908
-730
-521
-250
27
307
534
715
901
1077
1274
1494
1664
1805
1907
2023
2172
2350
2556
2716
2730
2458
2098
1947
2079
2323
2299
1830
1125
466
194
291
441
322
-245
-992
-1546
-1671
-1484
-1275
-1291
-1609
-2016
-2267
-2195
-1878
-1596
-1469
-1496
-1523
-1445
-1233
-931
-658
-473
-340
-216
-77
81
174
302
437
513
565
548
506
438
358
335
320
198
0
-238
-441
-592
-750
-894
-1076
-1296
-1510
-1685
-1781
-1856
-1901
-1933
-1984
-2005
-1974
-1932
-1867
-1774
-1624
-1452
-1283
-1125
-959
-784
-587
-359
-137
98
300
466
619
805
995
1198
1346
1465
1588
1719
1923
2134
2366
2534
2547
2315
2020
1973
2206
2496
2473
2007
1311
761
605
766
933
729
90
-646
-1119
-1150
-964
-851
-988
-1395
-1810
-1991
-1855
-1568
-1371
-1384
-1496
-1551
-1463
-1225
-918
-655
-526
-484
-446
-349
-202
6
224
382
414
352
287
268
347
423
456
369
164
-69
-216
-288
-339
-442
-642
-863
-1119
-1270
-1366
-1430
-1500
-1644
-1756
-1838
-1846
-1787
-1750
-1704
-1663
-1627
-1510
-1365
-1204
-1025
-879
-716
-540
-323
-115
99
311
486
682
883
1070
1239
1383
1553
1695
1879
2085
2320
2513
2501
2256
1964
1979
2271
2582
2477
1944
1293
862
833
1083
1177
868
175
-513
-787
-678
-465
-455
-751
-1208
-1588
-1681
-1438
-1159
-1087
-1219
-1391
-1445
-1369
-1192
-929
-695
-621
-635
-670
-658
-528
-310
-60
66
3
-142
-218
-122
62
215
230
57
-198
-352
-325
-227
-201
-404
-682
-899
-966
-949
-933
-986
-1159
-1362
-1485
-1458
-1363
-1317
-1334
-1384
-1410
-1391
-1301
-1171
-1056
-936
-835
-703
-569
-412
-234
-80
81
230
400
568
765
961
1121
1260
1387
1536
1724
1991
2232
2349
2179
1901
1882
2153
2510
2498
2083
1546
1192
1164
1358
1468
1215
625
-7
-277
-230
-123
-183
-471
-825
-1173
-1341
-1264
-1107
-1080
-1214
-1363
-1391
-1375
-1337
-1216
-1013
-870
-849
-886
-924
-868
-693
-439
-225
-212
-367
-463
-363
-85
148
181
49
-192
-321
-225
-18
91
-59
-344
-592
-674
-617
-542
-539
-689
-903
-1092
-1114
-1040
-981
-1041
-1120
-1177
-1189
-1098
-1017
-938
-883
-842
-816
-707
-564
-390
-204
-43
64
141
247
415
653
871
1028
1136
1226
1371
1605
1871
2104
2196
2016
1768
1820
2166
2501
2440
1969
1517
1278
1364
1570
1600
1303
722
239
87
194
230
38
-262
-538
-781
-921
-894
-855
-895
-1025
-1156
-1192
-1219
-1232
-1141
-949
-848
-910
-1023
-1027
-899
-743
-559
-465
-488
-603
-620
-434
-206
-109
-150
-222
-293
-301
-217
-82
-54
-175
-353
-423
-412
-361
-362
-429
-529
-701
-771
-760
-682
-683
-774
-863
-918
-921
-924
-866
-799
-771
-775
-776
-720
-629
-508
-357
-235
-156
-93
16
186
413
610
751
861
940
1093
1373
1685
1950
2122
1987
1734
1741
2064
2521
2650
2265
1773
1493
1548
1787
1930
1739
1218
658
402
487
577
429
97
-229
-506
-707
-778
-745
-758
-887
-1081
-1229
-1270
-1321
-1284
-1108
-962
-989
-1158
-1251
-1132
-911
-700
-577
-580
-649
-678
-534
-259
-88
-122
-212
-252
-201
-109
-2
57
-25
-198
-302
-303
-266
-272
-331
-374
-468
-610
-675
-668
-631
-626
-703
-769
-841
-878
-848
-753
-658
-686
-770
-755
-662
-505
-342
-226
-171
-150
-71
87
313
528
656
738
838
962
1143
1391
1657
1832
1996
2011
1833
1771
1984
2393
2584
2296
1818
1575
1613
1790
1915
1798
1380
844
499
541
685
594
266
-67
-287
-494
-653
-647
-608
-723
-922
-1097
-1142
-1182
-1234
-1112
-953
-963
-1144
-1270
-1187
-965
-801
-688
-654
-764
-868
-794
-469
-190
-185
-316
-418
-395
-296
-144
-18
-55
-229
-393
-369
-257
-203
-240
-298
-389
-509
-578
-527
-432
-428
-549
-673
-730
-744
-720
-626
-561
-600
-703
-729
-643
-514
-407
-328
-260
-221
-162
-42
144
288
432
588
724
849
979
1113
1322
1574
1802
2002
1958
1774
1757
2029
2412
2491
2107
1680
1507
1570
1714
1753
1530
1070
581
370
464
528
353
12
-250
-426
-632
-760
-742
-732
-849
-1038
-1194
-1224
-1262
-1263
-1141
-1036
-1104
-1280
-1342
-1158
-941
-829
-772
-800
-837
-854
-714
-438
-278
-338
-412
-403
-312
-232
-149
-98
-154
-271
-296
-230
-174
-198
-290
-322
-371
-451
-505
-493
-446
-468
-589
-669
-715
-730
-719
-671
-615
-672
-768
-783
-676
-560
-485
-443
-419
-386
-324
-155
45
180
256
312
428
612
779
956
1131
1285
1458
1644
1828
1783
1647
1735
2076
2375
2285
1838
1504
1491
1641
1772
1691
1344
867
536
514
670
606
288
-97
-323
-386
-494
-611
-684
-794
-946
-1123
-1195
-1177
-1238
-1256
-1171
-1104
-1137
-1272
-1291
-1116
-932
-818
-803
-798
-838
-808
-661
-439
-337
-408
-466
-444
-346
-298
-253
-237
-298
-387
-419
-353
-304
-345
-449
-500
-526
-600
-626
-575
-566
-626
-758
-831
-813
-775
-748
-702
-723
-813
-863
-802
-656
-546
-507
-489
-439
-342
-213
-29
146
226
280
395
600
820
988
1105
1246
1408
1600
1843
2043
2033
1847
1826
2091
2400
2396
2059
1715
1609
1606
1648
1633
1415
1052
679
496
497
433
228
-46
-237
-393
-623
-806
-829
-802
-913
-1107
-1250
-1267
-1278
-1268
-1171
-1078
-1139
-1267
-1286
-1094
-897
-846
-849
-849
-837
-838
-719
-555
-445
-488
-556
-527
-435
-380
-355
-309
-315
-371
-407
-370
-350
-352
-405
-430
-404
-449
-539
-554
-557
-540
-585
-617
-616
-636
-656
-668
-613
-589
-623
-610
-517
-437
-368
-338
-292
-229
-117
25
208
335
387
447
536
729
923
1091
1187
1291
1438
1618
1792
1934
1856
1708
1748
1995
2226
2126
1772
1491
1456
1510
1540
1416
1137
767
450
364
403
295
16
-277
-448
-545
-706
-848
-879
-924
-1035
-1175
-1264
-1248
-1279
-1283
-1178
-1070
-1095
-1224
-1222
-1024
-857
-813
-805
-806
-796
-771
-659
-448
-344
-432
-481
-437
-324
-259
-211
-176
-221
-290
-312
-245
-192
-220
-273
-319
-351
-435
-486
-477
-466
-517
-667
-750
-756
-738
-703
-695
-698
-756
-824
-795
-666
-545
-458
-455
-421
-344
-205
7
160
271
358
445
606
838
995
1077
1153
1298
1488
1674
1794
1898
1818
1670
1700
1902
2119
2039
1654
1333
1258
1322
1346
1200
930
589
295
177
217
147
-86
-356
-553
-638
-747
-874
-873
-859
-935
-1111
-1239
-1198
-1156
-1123
-1043
-986
-1031
-1158
-1159
-964
-754
-733
-771
-782
-756
-703
-621
-457
-364
-436
-540
-479
-351
-269
-255
-268
-284
-320
-357
-326
-262
-286
-386
-430
-472
-500
-535
-560
-524
-542
-622
-707
-700
-682
-655
-653
-635
-636
-676
-648
-552
-436
-377
-347
-304
-222
-116
16
198
339
382
424
530
729
889
989
1064
1148
1233
1372
1535
1654
1692
1563
1450
1503
1729
1859
1705
1315
1081
1072
1137
1130
959
690
373
165
126
183
95
-178
-450
-558
-599
-667
-771
-818
-841
-966
-1087
-1129
-1077
-1083
-1116
-1055
-1005
-1004
-1063
-1052
-880
-743
-714
-752
-726
-643
-584
-463
-341
-273
-321
-404
-323
-219
-137
-127
-152
-184
-266
-307
-272
-221
-268
-381
-488
-507
-537
-553
-552
-560
-660
-753
-786
-737
-676
-684
-686
-706
-707
-669
-577
-457
-344
-302
-277
-189
-57
105
236
346
427
476
578
713
874
1001
1074
1103
1149
1228
1345
1492
1605
1650
1553
1398
1368
1528
1721
1659
1339
1035
930
960
1002
937
748
447
163
68
100
103
-55
-262
-441
-520
-588
-664
-673
-692
-765
-885
-957
-933
-882
-895
-841
-810
-822
-910
-914
-754
-599
-537
-598
-598
-573
-542
-477
-341
-271
-321
-434
-454
-389
-292
-254
-279
-332
-417
-481
-457
-370
-345
-425
-527
-558
-571
-541
-539
-522
-556
-627
-644
-617
-534
-516
-538
-536
-496
-459
-412
-314
-241
-199
-141
-85
-3
90
186
317
397
453
491
551
657
769
850
893
935
986
1042
1110
1231
1307
1359
1306
1154
1129
1239
1389
1363
1137
844
741
760
778
723
542
283
48
-81
-61
-73
-226
-456
-617
-657
-705
-787
-839
-832
-870
-972
-1032
-1025
-945
-885
-855
-819
-817
-853
-845
-718
-549
-487
-539
-583
-576
-516
-465
-385
-358
-415
-498
-523
-463
-406
-382
-438
-503
-580
-590
-531
-483
-499
-585
-661
-677
-666
-621
-589
-625
-659
-702
-695
-629
-546
-511
-507
-502
-472
-402
-325
-214
-129
-81
-41
15
142
231
345
454
524
576
600
673
792
923
978
997
978
991
1064
1153
1216
1226
1237
1268
1279
1225
1161
1160
1241
1261
1141
909
752
749
781
772
628
412
215
95
141
186
106
-85
-274
-338
-309
-271
-275
-315
-409
-497
-520
-468
-392
-369
-356
-331
-321
-354
-365
-256
-111
-74
-108
-176
-174
-140
-74
4
14
-70
-175
-201
-155
-80
-92
-178
-261
-296
-319
-322
-311
-325
-423
-490
-490
-457
-434
-478
-477
-423
-424
-441
-354
-257
-171
-129
-84
-7
87
178
285
403
483
520
572
669
756
843
911
954
974
1000
1024
1071
1126
1132
1097
1069
1060
1092
1139
1115
1109
1077
1089
1141
1182
1152
1024
957
991
1087
1078
927
737
666
669
685
647
556
375
239
210
259
270
142
9
-85
-88
-80
-87
-118
-180
-257
-312
-285
-236
-224
-234
-217
-198
-221
-228
-210
-145
-54
-82
-132
-178
-167
-131
-114
-102
-160
-262
-335
-323
-265
-273
-325
-413
-456
-463
-468
-445
-434
-471
-511
-489
-433
-394
-372
-316
-263
-221
-200
-125
-23
51
97
152
221
298
389
477
551
594
628
632
680
752
804
836
801
794
761
779
798
806
804
742
723
749
738
738
754
728
729
793
866
903
850
737
730
844
982
976
810
605
579
646
733
726
564
366
184
187
281
283
131
-62
-197
-216
-209
-219
-254
-324
-418
-506
-474
-424
-385
-429
-471
-476
-465
-455
-453
-417
-418
-476
-561
-566
-529
-540
-551
-566
-596
-663
-705
-676
-627
-588
-603
-647
-665
-652
-594
-535
-460
-430
-467
-458
-393
-304
-236
-200
-167
-122
-99
-42
58
143
167
162
185
226
300
351
406
436
426
413
442
506
548
537
518
531
537
530
545
571
576
571
583
609
613
602
625
688
776
800
828
852
838
800
823
947
1006
921
762
655
666
717
732
651
499
313
172
198
276
238
51
-132
-231
-224
-221
-232
-266
-365
-471
-522
-474
-416
-409
-474
-513
-520
-530
-523
-467
-415
-446
-529
-578
-543
-495
-450
-427
-429
-443
-473
-459
-392
-328
-301
-292
-301
-305
-288
-256
-220
-196
-179
-189
-180
-154
-121
-103
-69
-48
-25
-16
29
78
117
156
169
211
249
301
349
397
433
455
459
480
531
553
580
586
585
604
589
606
632
655
651
620
615
632
677
703
752
785
773
787
831
851
861
841
852
887
861
772
680
686
699
698
629
494
388
305
272
302
265
132
-46
-140
-158
-153
-177
-233
-345
-436
-466
-438
-393
-417
-466
-553
-554
-505
-469
-459
-460
-468
-491
-490
-477
-441
-413
-398
-394
-389
-407
-400
-366
-314
-301
-312
-325
-330
-335
-309
-276
-244
-233
-263
-273
-250
-185
-128
-102
-77
-68
-60
4
42
96
124
133
146
204
284
300
343
358
364
376
407
450
475
490
483
509
524
544
561
580
606
607
609
642
695
725
748
771
789
815
839
876
901
912
909
896
846
849
839
789
711
653
605
542
485
408
317
199
133
82
47
-33
-154
-241
-293
-330
-335
-362
-423
-476
-506
-501
-482
-479
-501
-531
-546
-518
-493
-463
-473
-475
-499
-495
-451
-432
-419
-448
-478
-477
-452
-429
-411
-408
-421
-433
-419
-384
-368
-352
-360
-334
-312
-284
-259
-228
-191
-182
-153
-120
-103
-87
-39
5
40
82
90
111
133
175
227
261
282
304
302
316
358
389
418
432
464
452
474
516
542
542
541
557
597
627
630
633
629
646
651
664
680
687
668
650
632
614
610
549
519
478
444
398
338
277
214
150
89
39
-25
-95
-166
-215
-264
-318
-366
-416
-460
-504
-543
-552
-578
-586
-625
-666
-665
-645
-637
-644
-653
-637
-637
-616
-612
-613
-594
-583
-559
-549
-523
-512
-506
-486
-467
-434
-412
-405
-394
-368
-343
-335
-317
-317
-293
-272
-244
-225
-223
-225
-197
-151
-118
-88
-66
-63
-23
24
58
95
146
166
200
238
280
331
371
391
429
471
520
556
568
602
616
624
651
673
687
702
691
673
660
672
679
668
656
625
596
576
540
512
495
457
417
371
345
323
278
227
180
136
93
57
36
-22
-73
-119
-186
-212
-240
-285
-329
-360
-380
-422
-454
-475
-485
-508
-541
-533
-528
-534
-525
-546
-549
-541
-531
-509
-524
-512
-507
-500
-501
-467
-435
-442
-453
-442
-416
-398
-397
-389
-370
-362
-342
-328
-294
-265
-250
-215
-171
-146
-127
-70
-29
29
44
70
115
176
220
258
304
357
386
413
466
512
547
548
597
635
639
650
647
664
684
679
682
660
659
626
615
624
606
589
552
534
513
511
477
457
457
427
401
375
360
323
289
260
243
218
172
122
88
83
51
25
-29
-83
-128
-163
-172
-195
-237
-293
-337
-363
-359
-382
-384
-422
-450
-477
-506
-496
-472
-486
-491
-503
-512
-492
-482
-466
-468
-456
-459
-423
-395
-375
-359
-367
-322
-323
-303
-260
-220
-205
-193
-170
-126
-99
-74
-26
15
30
51
88
131
188
230
274
293
323
340
367
400
439
479
506
524
525
545
559
582
586
604
603
577
580
595
609
597
586
553
513
486
487
493
477
448
414
388
370
349
337
299
289
264
236
201
189
180
142
139
117
81
44
22
12
-2
-24
-78
-108
-118
-131
-141
-161
-194
-248
-289
-308
-324
-341
-356
-393
-436
-453
-458
-464
-462
-459
-464
-466
-463
-464
-430
-393
-397
-397
-365
-332
-302
-261
-233
-204
-163
-140
-108
-58
-36
-5
16
49
95
124
157
173
190
222
247
306
336
348
352
368
404
428
465
473
479
466
476
490
528
532
508
479
492
525
513
501
494
465
443
444
444
442
439
411
407
395
375
367
338
355
337
306
296
259
243
227
211
180
162
100
70
60
51
27
-8
-46
-98
-106
-145
-143
-165
-200
-213
-273
-265
-274
-305
-307
-326
-346
-346
-357
-368
-373
-393
-361
-357
-356
-350
-328
-329
-305
-265
-246
-208
-192
-176
-142
-107
-83
-57
-43
4
56
73
80
119
126
166
214
225
258
266
287
316
358
398
397
389
413
454
475
495
492
488
491
498
530
538
518
498
490
491
485
483
464
447
433
425
416
393
369
348
329
311
302
291
274
252
230
204
176
154
127
115
99
57
9
2
-36
-48
-65
-108
-135
-151
-163
-195
-223
-244
-242
-256
-283
-309
-307
-316
-314
-306
-317
-333
-327
-323
-322
-309
-299
-295
-298
-267
-259
-247
-229
-227
-195
-157
-154
-134
-102
-76
-36
-10
9
37
66
78
115
136
161
196
205
227
271
295
309
325
350
362
386
404
410
418
430
432
437
455
456
454
459
460
446
437
459
440
425
381
375
361
352
349
320
278
256
247
239
224
204
192
156
112
112
115
116
98
61
48
33
36
43
22
3
-23
-48
-61
-73
-92
-102
-127
-139
-177
-194
-204
-219
-216
-239
-245
-278
-298
-294
-295
-290
-281
-283
-288
-270
-254
-256
-249
-218
-197
-188
-176
-150
-123
-99
-74
-51
-18
2
19
44
86
109
127
139
159
197
213
246
273
288
303
319
331
340
360
382
394
394
395
397
408
400
428
440
423
414
412
399
408
396
388
391
373
355
349
321
310
298
298
280
241
215
199
192
158
153
133
115
95
91
73
81
65
62
28
5
-16
-19
-21
-46
-54
-101
-116
-136
-144
-152
-194
-193
-210
-237
-246
-253
-263
-276
-284
-299
-290
-288
-280
-281
-272
-267
-264
-238
-232
-203
-187
-186
-163
-123
-93
-96
-57
-32
-20
1
44
74
92
131
144
159
193
202
230
247
265
291
304
311
322
355
364
373
372
381
397
390
404
418
406
390
396
395
367
377
371
340
342
335
323
330
315
297
270
260
256
226
218
208
180
168
144
120
124
118
96
80
46
40
37
12
21
7
-31
-57
-62
-75
-81
-97
-99
-130
-148
-157
-169
-176
-191
-219
-234
-241
-254
-232
-242
-256
-271
-278
-280
-254
-255
-252
-229
-217
-206
-188
-150
-125
-93
-90
-73
-40
-5
2
31
67
80
109
128
147
141
153
184
181
198
200
199
231
239
249
262
250
262
284
281
273
273
273
270
279
283
274
277
279
301
295
289
299
303
307
288
300
290
284
279
255
245
229
209
175
186
159
142
126
104
76
34
27
17
-2
-25
-53
-77
-89
-104
-111
-118
-139
-161
-173
-192
-179
-197
-216
-208
-213
-233
-238
-239
-261
-250
-243
-249
-243
-241
-258
-234
-241
-229
-213
-199
-171
-165
-157
-143
-109
-85
-51
-51
-52
-40
-12
19
29
55
65
82
94
128
140
137
156
164
168
169
173
170
191
185
198
194
189
202
212
209
223
239
230
218
204
232
252
246
246
241
244
222
226
240
226
224
223
213
201
198
186
170
158
145
112
116
90
71
71
56
30
18
6
-29
-32
-45
-66
-90
-101
-119
-120
-143
-168
-168
-177
-177
-191
-212
-220
-240
-243
-229
-242
-250
-236
-241
-229
-222
-219
-219
-204
-187
-170
-160
-150
-122
-102
-88
-73
-55
-32
-15
7
32
51
47
61
84
84
106
129
123
124
129
136
132
128
140
151
136
148
149
151
158
148
150
174
162
166
172
187
187
185
197
200
212
216
221
247
232
242
250
253
281
279
261
255
258
244
246
225
216
194
174
144
118
114
100
79
54
24
0
-36
-51
-50
-81
-102
-124
-147
-164
-172
-170
-177
-207
-231
-229
-221
-228
-231
-217
-217
-206
-214
-219
-207
-191
-190
-179
-168
-163
-127
-110
-83
-68
-72
-60
-33
-14
12
25
35
56
52
52
57
64
76
59
75
72
92
95
88
109
120
125
142
148
144
164
160
151
172
181
171
183
181
184
185
180
180
169
171
189
167
152
169
171
153
160
166
167
162
155
152
149
141
158
142
129
116
107
92
70
79
65
35
4
14
-2
-53
-48
-59
-87
-99
-133
-146
-156
-184
-195
-191
-204
-220
-240
-231
-237
-240
-248
-237
-230
-223
-218
-214
-205
-193
-186
-189
-165
-137
-129
-108
-87
-70
-37
-22
-35
1
15
17
29
48
60
63
70
77
72
70
81
85
75
75
78
76
91
75
80
88
77
95
89
83
88
75
81
92
112
97
97
102
97
95
87
74
83
63
53
70
55
56
57
63
65
31
32
46
54
55
75
59
39
44
40
24
22
15
20
21
-2
-24
-40
-40
-41
-68
-101
-106
-128
-128
-144
-156
-165
-200
-210
-231
-231
-213
-222
-223
-227
-254
-236
-216
-218
-203
-195
-177
-180
-176
-164
-155
-128
-116
-94
-80
-64
-45
-30
-18
7
21
2
25
40
43
63
66
67
59
69
79
80
85
57
62
68
69
59
56
59
47
57
59
59
58
49
33
43
64
50
60
41
56
55
61
81
65
78
68
81
82
78
98
79
78
75
79
89
74
78
59
57
57
38
46
39
44
43
31
25
-3
-15
-18
-48
-66
-86
-107
-101
-105
-136
-147
-158
-184
-204
-206
-207
-214
-222
-240
-232
-215
-213
-214
-220
-201
-190
-189
-181
-162
-134
-118
-112
-109
-77
-64
-42
-22
-2
-1
17
33
33
69
77
91
89
101
107
103
114
110
107
120
109
113
96
83
80
79
76
57
58
53
36
42
58
48
56
45
37
67
51
94
85
76
96
96
112
98
122
111
114
104
93
96
94
79
69
64
46
29
24
6
-1
-13
-18
-27
-45
-43
-59
-57
-86
-97
-98
-96
-118
-116
-110
-127
-143
-163
-156
-163
-164
-189
-194
-201
-196
-189
-188
-184
-182
-181
-166
-155
-136
-121
-126
-106
-89
-76
-82
-43
-24
-14
11
28
51
69
70
83
86
104
109
106
119
124
138
140
117
132
127
117
107
98
105
79
88
64
53
66
46
40
38
27
27
37
41
32
45
42
50
66
57
65
76
83
97
87
96
100
91
78
71
70
52
42
35
20
-13
-10
-35
-56
-51
-74
-94
-121
-108
-132
-141
-149
-142
-152
-167
-151
-162
-169
-148
-150
-161
-156
-173
-168
-160
-146
-146
-155
-150
-134
-132
-132
-120
-121
-111
-93
-93
-81
-75
-60
-57
-51
-37
-7
-5
0
19
26
31
47
58
49
69
81
68
81
83
69
78
80
70
75
56
54
70
68
57
58
58
50
55
61
53
61
60
55
41
43
65
55
50
40
40
59
58
66
65
57
42
46
51
46
51
38
36
50
45
20
12
3
-27
-29
-40
-38
-46
-61
-77
-95
-100
-108
-120
-109
-128
-114
-114
-144
-134
-131
-133
-138
-125
-110
-125
-112
-113
-91
-86
-84
-72
-81
-88
-89
-83
-55
-40
-64
-59
-64
-42
-37
-22
-11
-17
-14
-7
25
17
12
27
37
49
54
56
59
74
62
55
71
56
62
90
80
75
73
66
86
71
90
79
79
71
64
83
80
89
70
73
82
80
73
60
64
54
52
52
33
37
30
35
22
33
37
15
11
3
22
24
8
4
-3
-5
-12
-15
-25
-44
-66
-56
-81
-79
-82
-92
-105
-109
-104
-126
-126
-123
-113
-123
-111
-113
-107
-102
-90
-93
-86
-72
-80
-74
-80
-58
-65
-47
-26
-38
-24
-26
-7
11
12
16
21
26
18
27
27
30
14
24
32
22
23
9
21
15
12
33
38
23
10
23
29
36
37
42
34
41
52
47
56
72
62
61
70
74
69
58
44
49
34
28
32
24
24
9
15
11
3
-9
-23
-25
-39
-36
-41
-62
-49
-62
-60
-58
-65
-66
-84
-88
-92
-96
-95
-100
-119
-116
-122
-130
-126
-121
-125
-128
-112
-110
-101
-95
-94
-101
-88
-76
-59
-67
-58
-40
-48
-48
-46
-24
2
8
-16
2
-4
9
10
15
32
27
34
24
21
37
34
23
36
38
26
42
32
21
36
37
43
20
17
19
18
28
21
19
22
4
3
8
11
15
6
12
21
15
9
22
16
8
4
2
15
16
5
-14
-10
-24
-18
-25
-31
-38
-44
-55
-62
-62
-74
-75
-87
-82
-86
-95
-100
-101
-111
-108
-116
-108
-100
-103
-109
-96
-89
-92
-87
-77
-84
-90
-65
-58
-69
-50
-36
-35
-27
-24
-24
-20
1
-6
12
14
14
11
13
9
27
28
9
22
10
35
30
27
19
4
23
22
17
26
17
9
14
1
4
-3
2
-3
-4
-15
-29
-16
-18
-11
-32
-27
-32
-31
-38
-28
-23
-50
-39
-51
-46
-15
-24
-35
-37
-41
-57
-44
-32
-41
-45
-47
-56
-65
-45
-64
-65
-70
-73
-75
-82
-75
-86
-97
-103
-127
-131
-114
-115
-121
-115
-112
-115
-122
-115
-96
-105
-99
-95
-76
-65
-72
-66
-48
-52
-47
-31
-46
-41
-33
-18
-20
-18
-7
12
7
11
16
9
4
4
11
-2
-4
6
-14
-22
-13
1
-1
7
-3
-19
-1
-17
-15
-15
-27
-17
-19
-21
-30
-21
-12
-26
-32
-29
-42
-49
-41
-31
-43
-21
-38
-28
-22
-41
-37
-14
-18
-32
-31
-34
-22
-36
-30
-25
-26
-37
-32
-45
-39
-46
-48
-61
-64
-73
-65
-67
-98
-94
-107
-118
-101
-91
-100
-116
-119
-109
-123
-123
-120
-108
-114
-106
-90
-83
-74
-69
-55
-62
-28
-32
-27
-12
-12
-6
3
15
15
12
16
28
14
16
17
42
28
19
25
19
17
10
7
2
-15
-4
-16
-10
-14
-18
-26
-35
-35
-46
-27
-29
-47
-43
-54
-62
-58
-63
-74
-57
-56
-70
-75
-65
-64
-83
-65
-63
-60
-55
-59
-50
-60
-44
-62
-49
-50
-52
-31
-55
-61
-59
-63
-79
-64
-63
-64
-75
-67
-77
-79
-70
-63
-79
-78
-79
-67
-62
-75
-55
-80
-72
-72
-70
-75
-73
-58
-61
-55
-42
-32
-35
-25
-12
-19
-11
10
18
10
14
4
20
28
35
35
43
52
36
51
32
43
43
43
42
31
35
32
35
7
-4
1
-5
-8
-11
-13
-15
-19
-19
-32
-33
-49
-75
-59
-60
-61
-69
-76
-83
-84
-87
-99
-81
-83
-93
-91
-89
-98
-98
-91
-95
-86
-89
-93
-85
-85
-83
-90
-77
-74
-65
-63
-64
-59
-69
-72
-62
-62
-64
-60
-60
-49
-65
-73
-50
-57
-56
-67
-80
-75
-71
-75
-76
-65
-68
-57
-51
-60
-41
-30
-39
-21
-22
-3
-5
-14
12
10
15
27
31
28
21
34
38
25
25
30
40
37
24
28
12
13
-11
-13
5
-13
-18
-36
-49
-69
-73
-67
-76
-87
-88
-93
-113
-109
-118
-136
-126
-125
-137
-144
-144
-149
-130
-125
-121
-137
-148
-145
-143
-138
-152
-148
-136
-140
-126
-122
-133
-106
-110
-116
-90
-118
-106
-89
-97
-85
-91
-75
-80
-70
-87
-68
-56
-68
-56
-59
-64
-71
-67
-77
-81
-100
-88
-82
-86
-94
-78
-64
-74
-64
-61
-68
-50
-27
-31
-22
-39
-17
-38
-38
-7
-13
-12
4
-1
6
7
11
13
10
16
6
3
6
1
-8
12
-3
-3
-9
-2
-25
-9
-17
-17
-20
-40
-57
-65
-60
-73
-78
-70
-86
-94
-86
-86
-81
-97
-105
-105
-100
-112
-97
-126
-127
-105
-106
-102
-96
-104
-109
-110
-95
-95
-85
-81
-88
-88
-81
-59
-57
-56
-76
-47
-36
-45
-40
-44
-37
-22
-31
-50
-40
-55
-54
-45
-44
-50
-44
-54
-55
-60
-47
-40
-43
-28
-29
-27
-13
5
5
24
27
32
48
57
69
75
73
76
76
70
87
68
81
75
80
82
60
57
55
40
46
30
13
20
7
-9
-9
-8
-36
-39
-46
-53
-60
-52
-83
-88
-94
-105
-110
-120
-117
-119
-134
-142
-134
-133
-150
-159
-158
-157
-161
-180
-153
-165
-166
-158
-155
-160
-165
-140
-149
-154
-154
-136
-121
-125
-128
-122
-124
-105
-90
-106
-107
-95
-91
-93
-78
-78
-63
-68
-66
-46
-44
-37
-37
-38
-33
-14
-21
-27
1
9
10
17
30
40
32
43
52
62
70
64
86
79
75
77
78
83
82
70
73
66
61
66
42
29
27
11
0
4
-15
-22
-33
-52
-49
-47
-49
-57
-63
-84
-98
-100
-122
-116
-103
-131
-135
-146
-135
-139
-156
-145
-170
-150
-163
-168
-153
-159
-164
-158
-166
-159
-147
-155
-149
-123
-134
-140
-115
-118
-107
-102
-86
-89
-91
-73
-84
-78
-70
-61
-45
-59
-57
-53
-52
-40
-34
-39
-32
-38
-38
-19
-11
-13
5
5
11
17
29
41
46
49
52
64
78
77
80
86
89
79
91
95
85
81
81
81
80
80
87
63
49
51
45
34
28
13
-6
-17
-10
-42
-48
-43
-60
-59
-71
-63
-78
-81
-95
-103
-112
-104
-102
-122
-144
-139
-135
-144
-143
-140
-146
-153
-146
-156
-148
-147
-151
-158
-148
-131
-145
-146
-130
-126
-132
-122
-122
-116
-117
-118
-87
-99
-91
-94
-91
-70
-60
-54
-58
-43
-34
-17
-25
-22
-15
-14
6
15
27
10
13
31
49
53
48
62
55
76
66
65
78
90
96
80
84
85
109
101
97
95
86
99
102
96
96
91
85
69
77
78
56
45
35
19
8
-5
-6
-17
-47
-35
-51
-63
-65
-96
-100
-104
-101
-114
-124
-122
-122
-130
-147
-140
-162
-157
-161
-148
-157
-173
-156
-146
-145
-151
-140
-152
-145
-143
-144
-133
-132
-127
-123
-101
-108
-86
-76
-71
-61
-61
-64
-55
-50
-68
-35
-45
-29
-13
-12
7
-9
14
12
25
46
43
41
52
64
72
86
82
96
92
107
119
121
127
141
144
140
135
119
139
134
146
148
136
135
127
129
129
108
114
111
109
106
97
89
76
71
41
38
21
7
1
-4
-8
-22
-36
-47
-60
-78
-102
-106
-110
-132
-125
-138
-147
-137
-155
-152
-146
-149
-147
-154
-148
-159
-161
-161
-137
-129
-147
-121
-130
-128
-114
-105
-89
-98
-95
-70
-65
-71
-65
-68
-35
-24
-26
-19
-15
-15
-15
0
8
26
21
15
27
33
48
50
57
53
75
93
99
96
106
91
101
123
92
124
124
147
155
134
137
140
145
143
146
139
141
116
114
106
108
102
94
84
85
74
65
53
39
54
27
23
6
5
-26
-53
-43
-62
-60
-71
-105
-99
-111
-127
-139
-128
-142
-153
-152
-170
-169
-186
-203
-192
-182
-208
-182
-205
-191
-196
-197
-175
-185
-164
-162
-146
-141
-137
-131
-139
-127
-94
-106
-100
-95
-81
-76
-71
-63
-55
-37
-38
-26
-11
-7
-5
-2
8
25
11
24
29
35
29
61
64
66
69
60
87
88
102
110
112
99
121
133
126
145
146
129
149
143
135
133
134
129
133
131
116
109
100
92
74
63
66
51
43
15
-3
-11
-23
-32
-40
-45
-60
-69
-89
-91
-106
-102
-118
-127
-128
-149
-143
-153
-155
-164
-165
-178
-164
-158
-172
-157
-168
-164
-167
-154
-157
-154
-137
-139
-127
-118
-103
-106
-91
-83
-86
-62
-56
-49
-28
-11
7
12
21
41
41
43
58
55
86
85
88
95
96
111
124
128
129
135
137
139
144
163
154
166
175
173
182
174
169
168
175
178
158
177
179
170
184
153
172
174
174
174
162
165
143
128
129
122
106
104
84
78
65
53
38
17
9
-10
-22
-40
-47
-59
-64
-70
-84
-90
-102
-106
-106
-109
-114
-111
-109
-115
-113
-127
-126
-117
-117
-123
-105
-98
-85
-87
-70
-69
-77
-53
-69
-54
-43
-30
-5
2
-2
3
13
44
52
57
66
72
88
91
99
124
124
138
144
140
158
168
165
178
197
198
198
195
211
223
226
217
201
204
215
210
203
202
200
186
197
181
182
170
148
156
140
140
144
136
130
127
113
111
101
92
86
72
61
49
38
17
8
1
0
-19
-22
-37
-46
-51
-62
-92
-81
-83
-99
-106
-116
-130
-136
-117
-134
-129
-125
-128
-131
-123
-125
-136
-121
-110
-96
-94
-71
-74
-80
-74
-74
-57
-45
-57
-44
-40
-28
-18
-26
-10
2
15
16
32
29
36
45
59
77
82
87
114
121
123
126
142
135
139
148
165
178
177
169
177
179
165
170
178
184
173
151
155
158
142
129
124
143
127
114
122
110
110
92
83
81
67
50
44
35
21
17
12
14
0
-9
-31
-40
-40
-41
-41
-43
-52
-67
-76
-86
-96
-106
-110
-136
-127
-135
-144
-139
-139
-146
-141
-131
-145
-145
-148
-142
-131
-136
-122
-119
-125
-111
-88
-88
-79
-66
-77
-56
-36
-17
-27
-13
8
-11
12
26
41
43
60
87
79
102
102
101
111
124
133
152
147
138
168
159
169
191
186
194
195
184
195
185
187
196
179
198
181
180
175
173
174
139
139
137
141
135
113
100
102
69
85
89
85
78
59
57
39
33
26
9
19
-3
-11
-13
-25
-31
-41
-31
-53
-51
-52
-73
-76
-68
-72
-79
-75
-81
-92
-85
-88
-91
-97
-92
-79
-77
-71
-69
-72
-59
-68
-47
-48
-47
-29
-19
-6
-20
7
-1
14
30
28
39
54
67
74
85
73
94
104
121
125
114
135
144
153
161
150
161
175
177
167
180
198
197
186
191
188
192
196
199
191
180
192
182
184
170
165
163
159
146
135
136
114
119
108
91
74
73
68
40
32
19
2
6
-2
-21
-3
-30
-31
-48
-63
-70
-79
-87
-98
-103
-119
-101
-105
-115
-105
-116
-120
-117
-106
-125
-122
-121
-115
-108
-112
-103
-106
-122
-122
-109
-102
-90
-84
-77
-62
-35
-45
-28
-21
-15
-17
-10
5
19
17
45
60
56
67
52
79
95
101
106
121
135
134
139
128
131
148
153
141
149
165
156
146
140
143
129
139
139
125
132
119
121
119
98
106
98
95
99
74
74
82
64
70
62
50
44
28
24
8
4
-14
-37
-50
-55
-57
-63
-83
-82
-108
-102
-118
-128
-113
-127
-140
-140
-142
-144
-143
-149
-135
-153
-148
-143
-146
-143
-135
-128
-123
-114
-112
-107
-108
-90
-78
-76
-67
-81
-71
-62
-60
-53
-35
-33
-25
-11
-11
17
28
38
32
46
59
68
85
91
99
104
109
121
106
134
130
136
138
144
156
138
151
146
144
133
137
143
146
134
138
133
128
127
109
121
103
102
99
83
67
60
74
53
44
48
20
21
24
14
3
-23
-22
-36
-28
-55
-63
-68
-72
-83
-119
-120
-124
-129
-125
-117
-138
-160
-164
-146
-153
-158
-139
-147
-138
-138
-136
-131
-127
-125
-110
-111
-102
-95
-92
-85
-84
-75
-64
-62
-44
-44
-43
-36
-29
-10
-5
-6
13
27
42
44
57
72
70
79
99
116
113
135
121
133
141
135
140
144
144
147
157
144
147
165
166
167
151
143
145
148
146
144
147
129
125
126
107
111
99
88
84
59
53
54
52
35
39
16
13
14
-2
-14
-31
-20
-39
-46
-56
-66
-55
-84
-93
-85
-93
-94
-114
-134
-126
-119
-129
-135
-136
-144
-140
-131
-134
-141
-133
-137
-118
-118
-116
-110
-93
-91
-81
-78
-81
-74
-69
-50
-55
-42
-44
-32
-17
-8
7
-1
3
25
35
42
49
57
53
69
67
70
86
84
106
97
107
98
93
95
99
92
109
115
122
119
117
109
119
118
105
119
109
105
104
95
85
79
55
59
52
55
37
19
25
-1
-22
-14
-19
-36
-47
-57
-67
-67
-81
-80
-97
-100
-96
-129
-115
-124
-139
-137
-158
-150
-168
-171
-153
-165
-147
-152
-162
-165
-164
-166
-156
-160
-156
-153
-174
-155
-144
-148
-129
-135
-130
-116
-91
-83
-92
-83
-65
-59
-44
-25
-40
-37
-11
0
6
11
25
29
17
28
26
39
51
52
67
64
72
81
90
92
77
88
90
98
99
105
108
110
100
107
104
102
91
97
87
90
81
67
67
54
52
45
35
27
19
24
0
-15
-1
-25
-20
-39
-42
-60
-76
-62
-63
-93
-105
-109
-107
-128
-133
-133
-143
-132
-139
-150
-158
-160
-161
-159
-165
-164
-163
-164
-161
-167
-148
-148
-151
-151
-142
-126
-109
-111
-106
-91
-92
-78
-67
-64
-59
-57
-57
-34
-25
-19
-27
-13
-6
4
18
20
30
26
29
57
45
50
74
67
82
93
92
88
99
97
102
116
116
133
126
117
130
129
132
131
140
120
118
121
115
113
114
111
108
108
87
88
60
62
66
49
47
46
30
17
10
2
10
-18
-37
-27
-36
-58
-61
-78
-85
-85
-96
-98
-110
-106
-101
-104
-111
-127
-129
-148
-146
-145
-130
-130
-140
-122
-122
-116
-116
-112
-90
-89
-97
-74
-75
-56
-43
-45
-23
-17
1
-9
6
4
8
15
28
45
51
44
67
68
64
86
73
86
85
93
117
118
125
118
138
134
129
143
149
154
150
140
132
144
147
136
133
137
142
124
117
105
94
106
85
94
96
89
76
84
60
42
58
50
30
12
11
5
-10
-8
-13
-17
-27
-48
-57
-58
-72
-85
-77
-78
-72
-75
-67
-93
-101
-80
-88
-85
-89
-91
-85
-86
-88
-92
-83
-71
-71
-72
-56
-62
-50
-52
-53
-45
-33
-32
-26
-12
-5
-3
11
15
18
29
31
35
47
53
53
61
71
93
84
81
98
108
117
130
108
105
124
131
123
118
134
136
129
142
147
149
145
132
138
131
124
123
126
137
132
119
109
96
106
97
67
73
74
57
51
41
17
29
29
13
11
-12
-15
-6
-35
-39
-46
-47
-54
-78
-76
-82
-81
-89
-93
-87
-98
-103
-110
-122
-100
-103
-107
-111
-94
-99
-99
-89
-103
-90
-104
-86
-78
-79
-80
-60
-57
-49
-38
-48
-34
-21
-21
-30
-44
-29
-21
-7
-5
-2
8
21
31
13
39
37
34
45
51
66
72
66
76
80
99
88
102
112
96
86
85
109
95
101
98
108
115
95
87
90
75
72
81
67
61
56
52
39
54
52
36
29
32
21
19
2
-7
-15
-20
-18
-23
-30
-36
-28
-41
-49
-50
-61
-53
-66
-62
-49
-69
-72
-80
-75
-82
-83
-91
-88
-70
-81
-90
-72
-69
-72
-66
-66
-53
-54
-56
-46
-52
-51
-40
-37
-21
-22
-18
-6
-13
-1
5
15
15
18
32
38
48
49
54
58
54
66
73
80
73
72
77
81
94
83
90
97
97
98
94
83
91
94
93
111
125
96
108
111
102
94
100
109
97
101
86
84
77
73
72
61
59
51
46
52
31
18
13
-11
-15
-2
-8
-14
-36
-40
-52
-63
-57
-54
-64
-50
-55
-73
-66
-78
-79
-65
-87
-86
-81
-72
-65
-71
-54
-40
-43
-51
-60
-52
-41
-50
-38
-38
-37
-33
-18
-19
-20
-10
-8
3
6
23
10
13
25
47
61
54
72
68
94
68
76
101
82
101
91
104
100
101
125
102
113
104
116
121
107
115
116
119
119
117
118
107
102
107
116
110
104
99
110
92
89
78
79
86
64
71
62
59
40
36
34
23
21
24
19
-4
-16
-8
-20
-20
-24
-21
-21
-28
-39
-46
-36
-44
-48
-36
-35
-45
-37
-33
-36
-31
-23
-19
-17
-23
-23
-2
1
-3
8
-7
18
23
21
26
27
30
21
40
31
29
48
39
39
39
38
43
63
58
53
65
60
47
74
65
67
55
70
71
58
81
67
74
83
86
89
82
79
74
71
98
78
65
78
76
70
92
64
65
65
53
60
57
53
32
36
36
39
21
17
24
23
1
-5
5
-15
-4
-15
-38
-32
-24
-31
-41
-52
-53
-42
-34
-59
-58
-42
-51
-59
-57
-53
-61
-58
-45
-41
-48
-39
-35
-45
-25
-18
-25
-20
-11
-29
-25
-19
-27
-28
-33
-14
-25
-15
2
4
-6
-8
13
3
9
9
28
35
36
32
37
49
46
55
63
59
70
77
76
71
78
67
75
71
69
84
73
76
77
69
77
87
86
72
60
72
65
61
69
66
56
61
55
54
51
42
46
43
35
19
26
2
-7
-9
-10
-3
-26
-24
-29
-37
-35
-35
-42
-34
-30
-42
-44
-42
-39
-33
-49
-45
-54
-46
-37
-43
-47
-43
-31
-41
-40
-41
-33
-29
-26
-23
-33
-15
-11
3
19
10
11
15
22
20
25
33
31
23
41
31
24
43
47
46
48
64
47
56
62
73
74
65
81
99
82
81
73
53
65
67
59
63
71
50
60
67
77
58
60
70
68
77
63
70
61
64
74
60
60
44
52
55
30
41
36
13
23
10
2
-2
-5
-19
-6
-7
-17
-7
-31
-32
-25
-33
-54
-44
-43
-34
-47
-40
-45
-55
-48
-51
-39
-19
-27
-33
-32
-25
-17
-7
-13
-31
-14
-25
-13
-12
1
-12
-18
-8
-4
5
4
9
9
21
24
25
38
53
25
49
51
50
62
59
57
55
65
60
73
65
68
66
69
81
69
70
70
71
74
79
73
79
88
71
59
72
66
67
76
75
66
64
45
47
37
39
37
21
21
-3
6
0
-4
1
-4
-6
1
-3
-13
-17
-26
-27
-24
-15
-24
-32
-16
-20
-13
-19
-25
-13
-27
-12
-15
4
-7
-3
16
12
8
15
38
26
29
33
24
33
33
40
28
27
46
37
37
32
39
23
27
40
29
50
46
36
55
62
55
53
66
72
76
70
67
76
74
80
88
72
64
80
74
86
90
81
84
76
75
84
87
101
82
78
81
73
78
61
80
81
70
66
52
68
75
60
74
73
54
55
54
56
45
18
28
25
23
18
10
19
5
20
3
6
8
16
0
-5
22
2
12
15
18
14
5
12
5
19
22
0
-2
10
12
14
12
3
15
19
31
36
34
33
13
39
40
35
51
46
43
44
43
53
60
59
61
61
55
50
69
64
71
62
72
79
67
77
66
75
78
81
71
76
84
73
66
76
64
73
73
56
60
63
52
58
53
35
59
39
39
38
30
27
20
14
15
7
18
12
-4
4
0
6
-27
-14
1
-16
-14
-21
-21
-24
-41
-33
-33
-26
-15
-27
-6
-16
-10
-16
-14
-9
-10
7
6
-5
6
2
2
18
15
9
3
26
15
32
37
36
39
49
40
48
57
41
69
67
57
74
70
59
68
71
74
67
74
76
76
81
67
88
79
86
93
83
84
73
78
71
68
77
76
69
71
75
67
63
61
67
69
51
40
58
49
46
53
25
11
27
21
5
8
-3
3
10
6
8
-5
0
5
-8
-22
-5
-11
-20
-17
-19
-24
-22
-17
-16
3
-4
-8
-7
11
9
10
14
-1
33
28
32
26
24
42
35
40
37
50
57
65
51
56
51
46
56
52
68
72
71
56
78
78
80
93
84
90
97
85
74
87
76
85
95
77
85
91
77
101
86
80
78
82
63
80
79
65
66
64
64
69
64
52
57
33
35
32
32
32
32
41
35
21
22
20
-2
10
13
15
13
11
15
15
12
7
10
2
5
-5
-5
-15
-4
-8
-7
5
1
-8
-4
8
-2
3
9
4
20
22
39
36
30
43
33
49
34
55
53
37
53
63
60
64
64
68
66
49
66
74
66
62
59
67
57
61
62
57
63
60
63
65
53
53
69
60
51
53
41
30
45
35
34
46
27
24
15
22
26
16
8
14
25
19
27
13
8
11
2
-6
-9
-16
-13
-5
-17
-26
-17
-21
-29
-20
-27
-34
-28
-30
-36
-32
-30
-23
-17
-19
-35
-38
-29
-24
-35
-15
-28
-34
-27
-21
-24
-39
-19
-28
-21
-14
-5
3
0
-2
-15
11
15
19
16
20
18
19
34
21
29
28
38
25
28
37
27
36
29
31
34
46
34
32
29
32
28
29
27
30
28
21
34
24
14
17
17
16
12
12
16
-2
14
16
4
1
2
3
-4
-12
4
-1
-12
-13
-3
-13
-16
-24
-17
-14
-30
-28
-33
-17
-24
-38
-35
-39
-34
-37
-59
-54
-48
-44
-48
-53
-54
-42
-45
-55
-44
-44
-51
-27
-40
-16
-31
-25
-4
-17
-5
-6
26
23
18
30
32
33
38
41
31
37
61
66
67
84
92
82
79
88
84
108
112
100
106
105
105
101
109
104
110
108
88
89
99
81
86
71
80
99
80
87
88
92
87
82
61
67
85
72
69
66
52
46
67
57
34
37
30
35
36
22
28
22
20
14
3
6
8
-4
-2
3
20
26
5
12
8
8
-6
-6
-10
1
6
3
1
4
7
0
8
-2
14
10
20
16
18
19
27
35
25
47
53
47
56
66
74
80
82
91
84
89
92
98
100
90
98
94
103
109
111
107
114
112
104
100
103
116
107
105
100
91
100
84
76
84
87
60
66
