-15
4
-11
-24
-18
-8
-13
7
8
-15
4
-12
-9
-5
-7
-13
-12
6
-24
-15
-22
-8
-4
-2
-4
-14
-18
-12
-10
-24
-26
-13
-8
-17
-8
-13
-10
-9
-27
-24
-21
-35
-37
-32
-22
-37
-36
-39
-36
-38
-34
-30
-37
-24
-28
-19
-24
-26
-27
-27
-38
-22
-14
-35
-32
-23
-26
-32
-26
-36
-36
-35
-37
-32
-36
-27
-16
-31
-29
-30
-36
-34
-24
-29
-26
-29
-30
-21
-23
-33
-30
-39
-36
-33
-35
-39
-29
-14
-19
-40
-31
-16
-28
-25
-43
-50
-40
-36
-35
-36
-33
-26
-21
-35
-33
-21
-19
-32
-28
-16
-18
-28
-16
-22
-24
-5
-15
-22
-13
-2
-5
-7
-6
0
-2
-1
-2
1
-7
-20
-16
0
-2
-10
-11
9
14
3
17
7
8
4
4
-1
5
6
-2
3
7
2
3
-12
-8
-12
-30
-20
-9
-1
-1
-17
-29
-14
-35
-27
-17
-31
-18
-30
-19
-22
-22
-15
-4
10
5
2
-1
-16
-18
-6
-7
-6
-6
-2
-6
-7
-11
1
5
1
-7
-6
2
4
22
9
-5
-15
-4
21
-11
2
16
5
7
-2
4
-3
-5
-19
-14
-8
-7
-6
7
13
8
12
5
6
11
8
-4
-14
-10
-1
-8
-17
-19
6
-8
-11
-9
-5
-9
-5
-1
-13
-1
-2
-2
0
0
3
-2
-5
-4
-6
6
-2
9
14
14
17
12
17
18
-4
7
20
18
19
17
27
12
17
19
30
29
36
22
17
32
36
33
19
14
20
9
0
9
1
22
20
19
22
29
23
-2
12
17
20
2
22
13
4
-2
3
-4
-21
-14
-9
-16
-30
-22
-19
-15
-14
-17
-19
-17
4
-5
-20
-5
-1
-5
0
1
4
18
1
16
8
18
2
8
18
7
7
12
10
5
5
13
4
8
12
9
7
-4
0
-3
3
3
1
-4
-1
-12
-2
-1
1
4
-2
-2
4
0
15
18
-5
4
1
10
8
5
12
1
13
6
12
0
6
7
-8
9
-10
-14
-6
-2
6
-1
-10
-9
3
7
-11
4
1
-1
5
14
2
-4
9
-2
4
2
-6
6
7
4
15
18
2
-5
18
9
13
16
27
24
11
25
28
17
20
15
10
11
2
13
-9
-10
30
14
8
18
18
19
11
4
13
-1
4
15
6
5
7
5
20
11
3
7
5
10
3
16
1
8
16
9
18
16
8
17
16
9
12
4
0
15
14
2
-1
-3
10
2
5
-1
3
2
8
11
8
9
17
18
4
2
1
1
10
-7
5
10
5
14
3
-1
3
5
-7
4
7
2
6
2
8
2
12
10
-3
7
-1
4
14
6
10
16
14
2
9
18
29
33
17
29
35
22
21
5
13
9
-4
3
21
12
3
18
17
18
19
14
14
20
18
13
29
26
15
14
5
10
18
17
11
19
16
11
13
16
20
12
19
27
24
20
12
27
18
12
26
18
7
0
-3
12
-12
-6
-14
4
1
-11
8
-16
2
11
2
8
11
4
20
16
18
-3
-6
-6
-4
0
6
14
19
9
-1
7
1
3
6
8
14
17
33
21
22
21
17
35
41
29
29
30
12
9
17
22
20
23
30
22
21
23
23
25
21
33
10
31
30
29
29
22
24
22
23
26
30
19
33
28
22
25
23
10
28
23
30
32
10
20
21
14
24
23
34
19
22
30
20
27
11
30
32
26
35
22
32
29
23
-1
13
30
32
30
32
20
19
28
32
39
27
46
45
56
63
44
39
51
34
35
46
33
36
22
32
26
28
35
50
31
44
36
43
31
33
41
34
38
36
37
37
40
36
34
45
47
40
36
32
31
39
31
30
57
43
52
57
55
51
45
46
45
36
36
42
36
24
23
28
33
30
21
32
27
38
57
46
55
57
55
38
35
47
44
44
38
44
53
49
69
50
54
37
35
43
31
28
26
34
28
34
28
36
50
37
29
35
23
21
18
10
14
13
15
16
16
15
16
16
26
28
26
7
23
46
27
18
42
38
21
20
26
20
33
24
28
26
20
38
41
21
27
37
35
33
17
31
29
51
34
32
31
33
43
35
43
39
40
30
33
30
30
38
29
41
33
31
34
20
31
37
34
38
45
46
43
34
34
42
34
41
33
36
23
19
35
20
16
14
18
14
32
24
19
18
39
39
24
45
40
20
6
13
16
0
4
9
8
13
8
14
24
6
13
5
8
9
0
8
-9
9
14
6
1
18
1
6
-6
2
6
0
11
11
6
-3
1
-5
-4
2
14
2
4
0
-8
-8
-8
10
14
4
15
6
10
26
10
15
9
1
18
15
1
0
11
2
17
19
15
10
-1
6
8
9
7
0
0
0
-5
6
-3
4
-10
6
14
-10
2
-3
-7
-5
-8
-14
-11
-8
-12
-7
-2
-3
9
-7
-20
-2
-5
-9
-2
-4
-14
-7
-4
12
-5
-7
-4
-3
13
13
21
4
9
2
8
8
-5
12
10
13
-1
-5
10
17
0
1
9
-3
-4
-5
2
15
7
-5
-5
11
4
0
12
1
2
1
5
0
21
28
20
24
6
9
24
22
16
9
-1
-9
5
5
-2
3
7
9
3
6
9
0
-7
20
7
-6
12
7
11
5
-7
16
13
9
17
10
1
6
9
18
8
11
12
6
3
6
18
16
11
16
25
15
4
11
6
5
-5
9
1
-14
-18
-27
-10
-13
-7
-17
-8
-16
-29
-4
-17
-16
-4
-12
-25
-13
-10
-7
-12
-12
-2
-15
-16
-10
-5
-1
-1
-10
-5
-14
-10
8
-2
8
15
-9
0
3
-9
-1
-12
-8
-15
-24
-6
-16
-12
0
-6
1
-3
0
-9
-14
-15
0
-1
-7
0
-21
7
-6
2
3
11
10
-5
5
5
17
22
-4
-9
-8
1
-14
-30
-20
-29
-2
-13
-12
-19
-12
-15
-19
-15
-30
-13
-25
-13
-9
-3
-11
-17
-3
-18
-17
-13
-13
-15
3
-6
2
9
6
2
-6
2
2
-14
0
13
-14
-9
-2
0
0
-1
-3
-15
-8
3
-13
-11
-21
-20
-9
-6
-10
-8
6
11
18
24
-8
-14
-2
-2
6
3
2
14
0
-8
-2
-14
4
-18
-9
-10
-25
-6
-21
-14
-14
-17
-22
-7
-6
-27
-9
-18
-11
-29
-16
-34
-35
-9
-19
-14
-30
-27
-25
-21
-25
-13
-26
-40
-14
-12
-18
-7
-10
1
-8
-8
-7
-9
-15
-21
6
21
8
9
6
8
8
-1
-4
6
0
2
-1
-3
3
0
24
15
18
20
6
-2
11
12
16
13
19
16
12
3
4
28
2
26
20
10
7
11
21
16
17
9
9
37
23
23
27
17
19
9
31
7
15
14
21
18
14
8
27
26
-4
16
26
17
21
22
26
15
14
40
11
12
18
20
10
14
9
14
23
34
33
18
23
26
24
28
7
5
17
21
20
4
15
10
18
18
10
22
38
12
9
28
30
12
20
20
14
10
5
14
18
11
23
27
17
12
3
20
11
19
9
23
29
22
33
33
30
29
8
23
33
36
32
22
33
36
24
23
20
11
21
14
14
16
11
16
7
-1
-6
-4
12
14
13
22
28
24
21
10
25
15
23
30
18
17
37
20
19
9
-6
-7
-1
-1
-17
-1
-11
3
-1
-2
0
-4
-2
4
5
-15
4
2
-17
-8
2
7
0
-3
-13
-4
-6
-2
11
4
7
12
22
18
11
9
10
13
1
8
-2
2
7
-3
3
4
-21
-5
7
-3
5
11
0
-4
-20
-15
-3
-18
-3
-6
-4
-15
-4
-7
-2
-2
1
-10
-15
-24
-20
1
-7
0
4
12
19
18
14
19
14
16
9
7
26
11
24
14
24
27
8
13
19
11
16
16
14
13
-2
12
5
24
27
12
21
15
23
27
13
18
17
22
32
23
9
15
22
27
27
16
30
37
20
27
19
27
29
20
24
19
36
18
32
24
23
42
32
26
36
53
32
21
38
33
18
32
24
12
29
20
24
14
22
14
22
31
32
40
19
30
13
24
40
31
23
30
22
20
18
16
23
20
3
16
13
-6
12
9
12
28
29
11
16
21
9
9
7
6
7
7
11
13
17
16
8
9
13
0
14
10
11
-1
-4
-8
9
1
-4
7
11
4
-7
9
-2
-3
-3
-9
9
7
-3
24
14
12
4
12
29
28
27
21
10
30
25
3
36
16
22
32
18
13
18
23
9
7
11
7
-2
11
21
8
13
10
-4
23
9
1
3
-9
6
-1
11
2
2
-2
-6
7
-4
11
0
14
15
8
10
8
8
23
36
18
33
34
11
10
21
4
-2
0
4
4
5
15
1
-8
-10
10
-10
-2
16
-11
-4
-1
4
0
-11
-14
-17
-9
-1
-3
-1
-3
-9
4
5
17
19
10
18
12
11
18
11
10
18
26
-9
0
12
-4
1
-3
8
1
-4
26
12
10
21
19
12
7
15
11
19
24
20
0
3
11
19
11
4
7
-10
0
4
3
13
18
15
-2
-3
-7
-1
8
3
4
5
-4
-5
-12
-13
-7
-13
-15
-13
-6
4
-14
-2
-20
-10
1
3
2
-19
-20
-21
-17
-21
0
-4
-1
-9
-10
-1
-22
-20
-13
-12
-19
-15
-14
-2
-15
-16
4
-14
-11
1
-7
-9
13
0
-9
4
-5
4
11
6
19
-3
-1
-4
4
-3
1
9
8
9
6
3
2
13
1
10
19
18
7
-9
-2
-1
-6
0
-19
-20
-21
-19
-15
-3
3
-19
-24
-16
-3
-6
-9
-9
-13
-11
-11
2
2
-17
-14
-15
-2
-4
-8
-4
5
-3
4
-3
-2
-1
-8
14
4
-9
15
-4
-16
-2
-5
4
-2
-10
-9
-11
-7
-4
-12
-7
-2
-8
-1
-21
-19
9
-5
-12
13
15
19
2
15
13
-1
2
0
11
12
3
2
4
-8
5
9
-16
-1
11
-5
-10
-11
11
5
4
13
-3
13
4
9
10
-2
10
6
0
-4
9
14
12
24
25
27
24
28
20
2
14
20
22
5
3
-1
10
14
14
2
25
23
15
16
12
7
2
20
14
13
-7
6
15
12
14
12
11
6
5
1
13
21
7
20
16
19
15
15
4
4
0
4
-4
-10
6
-11
-10
-11
-4
-6
8
-3
4
33
12
17
22
19
37
25
26
43
11
28
29
28
10
17
9
13
7
13
15
-6
2
10
3
16
25
11
14
12
15
31
25
9
18
18
20
-7
0
-4
7
1
-7
2
-4
11
-1
-7
-13
-17
-11
-15
-5
-3
-7
10
6
6
26
6
4
6
12
1
6
11
7
15
13
11
1
15
14
0
-2
-5
-14
-12
-3
-3
1
3
6
-2
7
1
5
-1
-3
13
-13
-15
-1
-15
-8
-7
-3
-10
-10
-9
-5
7
-1
7
13
-12
-1
-1
3
10
-9
-7
-21
-21
-21
-17
-11
-14
-19
-30
-16
-15
-21
-24
-31
-11
-23
-15
-6
-18
-19
-20
-1
-10
-3
10
2
11
4
9
3
21
20
18
12
19
8
18
22
19
34
19
29
30
22
16
23
15
12
3
22
15
24
17
2
26
2
15
17
3
8
-6
-11
-2
-16
-13
-7
-11
-2
4
13
12
21
6
-9
-9
-2
8
2
2
2
11
2
-3
5
9
15
5
5
1
-5
-7
-7
-4
3
-14
-14
-16
-18
-4
-9
6
2
-13
-9
-10
-12
-11
-9
-4
-1
-14
4
5
17
10
16
11
8
2
11
0
-3
31
17
6
2
7
2
4
-8
1
13
6
4
-9
-1
-3
-2
0
0
3
0
-14
-6
-2
-9
4
-2
3
-8
-7
-8
0
-4
0
12
6
-2
-4
-3
-5
3
6
3
15
14
-1
2
11
26
14
-10
-4
-9
-1
9
12
13
14
-8
-12
1
-7
-19
-12
-17
-17
-10
-13
-27
-20
-12
-4
-13
-27
-16
-19
-22
-22
-11
-16
-39
-41
-12
-16
-10
-9
-20
-26
-16
-20
-20
-23
-5
-16
-20
6
-2
-23
-15
-4
-8
-1
-22
-12
-16
-11
-10
-29
-10
-20
-28
-20
-25
-8
-22
-20
-3
1
-4
-21
-8
-7
-11
0
6
-4
-9
-16
-15
-22
-13
-25
-26
-8
-30
-26
-5
-29
-6
-15
-21
-1
-21
-12
-7
-15
-12
-5
-13
-24
-23
-13
-28
-23
-31
-21
-9
-15
-10
-8
-14
-18
-13
-8
-22
-20
-12
-22
-30
-28
-38
-39
-42
-39
-43
-42
-28
-30
-18
-22
-26
-3
-2
-23
-23
-15
-11
-26
-28
-18
1
11
4
3
5
10
15
17
18
10
1
-6
-10
-16
-19
-25
-13
-7
-11
-27
-25
-8
-5
-19
-24
-18
-14
-6
-18
-16
-29
-29
-27
-30
-10
-7
-19
-26
-25
-11
-21
-7
-19
-30
-11
-18
-22
-36
-32
-22
-32
-24
-20
-24
-14
-6
-13
-25
-15
-27
-33
-10
-20
-8
-20
-11
-19
-25
-11
-20
-9
-17
-18
-18
-18
-17
-6
-20
-17
-13
-9
-20
-2
-13
-5
6
-4
0
4
-5
8
6
-2
10
1
10
15
3
9
-3
2
-6
-6
21
5
7
5
16
7
3
7
1
10
5
1
3
-17
-10
2
-5
4
0
15
26
16
18
14
7
20
24
21
34
31
28
32
38
26
33
36
30
22
13
15
18
21
19
21
6
0
6
1
0
16
18
28
26
19
14
27
25
16
9
8
5
2
5
-4
0
1
14
-1
-5
-4
-8
1
-10
-13
-2
2
-6
-10
-11
5
-7
-13
-5
-8
6
0
-9
8
10
24
21
25
28
19
18
13
12
4
-14
-7
14
-3
-17
-18
-18
-11
-23
-39
-40
-13
-3
3
3
-24
-12
-6
-11
-17
-14
-4
-9
-9
-2
-13
-10
-9
-11
-18
-10
-5
-10
-8
-6
-9
-5
-1
3
-9
3
2
4
17
2
6
-4
1
5
3
13
8
7
14
2
19
6
0
6
2
6
10
23
8
13
-6
9
5
-5
14
-2
6
-8
-1
-4
-8
-14
-22
-1
-8
3
-9
-11
-3
-2
-7
-11
-8
-36
-20
-23
-30
-26
-23
-14
-18
-6
-15
-29
-14
-7
-8
-2
-7
-5
19
-7
5
15
23
31
3
22
27
24
15
17
17
12
4
-2
7
6
12
-8
10
15
14
9
-7
16
7
-7
0
14
6
-4
17
12
13
-9
2
22
21
37
27
26
20
14
16
9
2
3
2
3
-7
-4
13
19
10
11
6
9
13
-4
7
4
16
5
28
20
20
30
18
21
5
26
28
25
6
10
28
45
17
14
32
20
25
28
29
19
23
20
32
21
-3
29
24
29
22
18
26
21
35
23
21
15
5
3
12
18
21
18
23
27
22
17
27
21
30
19
21
15
15
24
19
24
13
-1
4
16
0
-1
-11
11
5
14
27
17
31
42
24
40
31
30
38
14
12
10
16
-1
7
0
-17
-17
-10
-11
9
9
-3
-7
2
4
10
10
-5
4
-4
2
-13
-10
6
-16
3
-25
-4
-27
-42
-31
-34
-11
-26
-36
-29
-24
-43
-27
-31
-22
-26
-35
-39
-28
-19
-17
-16
-26
-4
14
-2
-15
-32
-19
-22
-12
-22
-24
-4
-6
-6
-21
-16
-16
-6
-1
-13
-3
-2
-13
21
6
13
18
22
32
7
4
10
3
10
26
6
1
2
-4
4
2
21
23
26
20
5
11
-4
-12
10
13
2
-3
20
7
-5
-27
-14
6
-2
10
4
20
24
30
19
31
29
26
9
-2
2
3
-15
-3
1
-19
-7
-18
-12
-32
-20
-37
-29
-15
-23
-6
-30
-8
-10
-18
-41
-30
-36
-23
-17
-14
-11
-43
-20
-32
-34
-31
-30
-37
-33
-31
-22
-20
-12
1
-15
-23
-33
-26
-27
-17
-26
-36
-20
-30
-33
-41
-22
-29
-20
-23
-21
-16
-17
-17
-34
-34
-23
-20
-8
-12
-8
-4
-16
5
-13
11
-25
-21
-13
-5
18
-11
18
-14
-16
-13
-19
-18
-24
-6
-25
0
-4
-1
21
29
38
38
42
27
48
29
18
12
19
0
-15
-15
-26
-6
18
18
23
4
-10
16
9
16
31
30
38
32
17
27
9
26
26
22
44
20
35
25
13
15
11
0
2
-4
-3
2
8
-4
-17
-3
6
15
6
24
5
-18
8
13
19
10
5
4
20
22
7
49
26
33
43
27
41
33
54
36
1
-7
9
12
26
34
35
30
27
30
30
41
44
12
-4
-8
-1
15
10
36
32
14
42
14
-2
11
17
31
27
25
19
32
42
26
12
36
34
30
33
9
31
-2
23
14
5
34
10
33
16
13
15
-1
-4
13
8
29
26
52
47
37
38
37
39
20
29
46
33
40
32
21
29
22
6
5
34
19
13
27
27
36
17
29
29
30
36
34
38
17
22
30
34
27
39
44
64
67
50
50
37
43
52
40
22
20
18
5
14
8
11
25
0
21
47
40
37
55
41
65
27
35
29
22
19
-11
-14
-10
-19
-25
9
0
3
26
18
24
25
1
18
-20
-44
-18
-9
20
27
70
76
51
35
57
46
38
30
42
53
36
47
24
13
3
0
-9
-3
4
13
20
42
48
54
68
58
30
44
37
44
28
21
25
44
65
44
30
30
32
35
59
62
64
104
96
59
82
33
47
37
42
31
9
6
2
17
27
24
30
44
43
80
60
32
17
22
11
25
25
27
21
32
26
18
22
8
27
29
-7
-2
17
31
23
1
7
-14
13
28
40
46
49
31
30
37
44
33
37
55
46
38
24
36
22
14
-14
-31
-21
-1
19
6
-6
-1
10
32
-8
-28
-31
-31
-18
-74
-121
-164
-156
-124
-126
-111
-99
-53
-16
8
16
42
56
101
136
95
110
108
126
143
79
60
13
-7
11
-52
-63
-88
-89
-89
-91
-115
-106
-100
-88
-75
-75
-49
-69
-51
-16
19
10
27
26
22
6
6
38
34
27
-31
-3
-17
-28
-26
-69
-38
-44
-12
10
9
31
48
70
66
36
-3
-4
9
-56
-73
-95
-87
-76
-86
-62
-65
-55
-34
-2
-7
16
1
34
32
1
5
-15
-8
0
8
3
-18
-2
10
29
37
37
27
31
30
-13
0
-28
-12
1
-18
-20
-4
21
5
-13
-16
-22
0
-25
-36
-39
-55
-37
-26
-19
-15
11
32
25
-3
-3
-28
-10
18
-21
-9
4
12
-1
-12
-14
-31
-18
-25
-30
-30
-32
-9
32
23
9
17
23
18
20
9
-1
10
25
45
38
23
3
-2
6
-23
-51
-48
-33
-47
-8
6
31
2
-32
-17
-33
4
14
-7
-44
-10
6
11
7
-15
-14
-4
17
36
47
62
41
52
50
42
40
7
-8
-32
-44
-36
-62
-75
-73
-75
-72
-54
-68
-48
-55
-67
-40
-64
-40
-49
-37
-1
20
76
70
95
100
121
135
102
116
51
39
36
7
18
12
25
46
24
8
-1
-59
-37
-51
-62
-42
-46
-23
-15
20
49
30
70
91
55
62
58
74
49
31
35
43
22
21
10
3
14
39
47
40
30
41
60
33
7
-23
-17
-14
-15
1
32
40
38
40
38
40
19
24
24
36
6
-31
-24
-9
2
-31
-5
-20
16
61
48
45
11
26
51
55
36
-22
-35
-18
-23
-56
-67
-44
-23
28
28
33
27
23
41
16
22
7
10
-5
-24
4
16
17
7
12
23
7
10
6
8
-6
4
36
36
56
63
83
79
52
54
23
24
16
-10
-11
-65
-68
-81
-71
-53
-29
-5
-13
14
48
54
23
12
4
7
10
10
9
-27
-11
-27
-42
-18
-32
-14
0
42
48
14
38
3
-19
15
-11
7
-18
-36
-19
-16
-9
5
39
58
50
61
21
12
26
40
27
3
-29
-64
-26
-50
-68
-46
-2
7
29
48
45
47
67
72
61
35
31
20
29
21
-29
-40
-64
-7
-3
13
12
-16
31
31
25
39
20
30
9
31
28
-10
14
10
54
23
10
20
32
40
13
50
54
55
5
20
23
-5
-33
-23
-12
1
20
24
42
38
54
84
73
50
40
-5
-19
-43
-80
-82
-96
-70
-28
6
14
35
52
41
47
20
3
-20
0
-5
-30
-2
-6
-8
-5
-9
20
3
-2
28
15
12
7
-5
19
43
56
57
72
60
47
63
46
44
34
-9
-8
9
-26
-21
-23
-34
-21
-23
-16
6
4
18
38
34
42
46
79
66
55
69
73
79
63
69
75
55
55
51
37
14
10
20
2
10
-2
0
-3
-25
-19
0
10
19
13
14
41
28
28
37
43
46
40
28
28
6
-15
-12
-28
-11
-10
-4
41
60
58
32
41
58
43
40
13
-12
-17
-30
-39
-34
-21
-5
-25
-14
0
-9
-18
-6
5
-7
-6
4
-6
5
-17
-34
-22
-16
-17
-21
-9
-8
-9
4
18
22
39
45
55
73
69
58
64
82
97
86
71
50
22
18
-20
-38
-26
-39
-23
-44
-36
-9
-28
-23
-1
13
-8
-39
-41
-31
-25
-13
-3
2
20
35
48
40
37
56
31
21
25
0
-16
-7
-16
-42
-39
-35
-57
-24
17
26
14
25
43
28
27
20
-12
-5
6
-13
-13
-27
-26
-14
1
3
-3
-14
-26
-26
-16
-28
-33
-31
-41
-48
-44
-41
-26
-28
-14
-5
-10
-11
-20
-25
1
13
-7
-13
9
13
24
21
33
63
58
43
39
36
35
39
21
11
1
-15
-7
-1
-31
-45
-44
-25
-33
-22
-32
-8
8
11
27
22
55
54
42
27
33
36
21
45
52
44
63
56
67
55
83
80
78
74
57
65
44
56
40
11
-3
-8
-21
-37
-42
-39
-22
-11
-3
-9
2
27
10
-3
0
-14
-25
-14
-19
-24
-44
-41
-40
-50
-53
-56
-61
-78
-101
-124
-140
-160
-167
-182
-193
-201
-180
-169
-179
-188
-188
-176
-188
-164
-170
-179
-176
-150
-148
-128
-104
-114
-80
-63
-42
-40
-25
-28
-6
-9
13
42
30
58
61
98
135
182
207
234
243
275
320
307
314
324
342
348
345
352
367
381
415
440
479
513
516
562
590
602
627
643
628
647
648
632
623
590
545
462
378
271
139
-3
-157
-337
-483
-614
-747
-840
-906
-937
-934
-922
-893
-826
-759
-683
-620
-545
-476
-454
-420
-381
-364
-340
-312
-295
-282
-276
-249
-242
-247
-263
-287
-314
-383
-423
-473
-533
-577
-621
-654
-663
-661
-652
-614
-536
-436
-371
-277
-177
-75
27
101
173
257
328
384
429
483
524
577
608
667
733
763
810
872
942
1012
1102
1182
1272
1377
1460
1561
1633
1658
1588
1501
1343
1120
873
537
163
-244
-607
-1001
-1327
-1595
-1780
-1891
-1909
-1844
-1689
-1464
-1232
-968
-702
-433
-206
18
171
302
406
480
547
629
707
761
807
844
879
888
862
796
680
499
273
16
-267
-557
-884
-1198
-1481
-1699
-1847
-1951
-1960
-1896
-1774
-1602
-1384
-1116
-848
-595
-373
-184
-35
70
151
199
222
224
202
167
142
131
108
74
34
15
-5
-42
-88
-134
-170
-231
-254
-251
-229
-171
-103
3
128
283
460
651
851
1063
1265
1476
1674
1863
2050
2212
2288
2299
2224
2032
1827
1541
1140
675
165
-344
-848
-1304
-1722
-2032
-2240
-2366
-2359
-2226
-1947
-1670
-1347
-988
-602
-224
79
326
548
737
833
941
1044
1144
1210
1232
1261
1296
1331
1330
1258
1147
963
730
430
80
-301
-705
-1135
-1513
-1819
-2067
-2222
-2304
-2268
-2172
-1992
-1748
-1465
-1147
-840
-563
-321
-75
86
234
323
365
386
394
365
321
283
204
128
30
-72
-178
-265
-376
-491
-569
-638
-689
-714
-686
-642
-583
-454
-312
-155
64
250
462
681
893
1094
1276
1471
1657
1835
2019
2201
2380
2542
2633
2581
2471
2274
2061
1711
1199
638
47
-536
-1121
-1663
-2108
-2404
-2623
-2732
-2663
-2414
-2072
-1692
-1280
-809
-358
44
407
689
927
1056
1118
1196
1263
1321
1320
1307
1317
1352
1367
1320
1220
1076
868
571
230
-163
-583
-1048
-1503
-1912
-2240
-2457
-2599
-2627
-2533
-2362
-2112
-1760
-1383
-948
-579
-257
51
286
470
589
646
648
598
544
450
337
241
121
-1
-97
-180
-273
-371
-476
-580
-642
-715
-774
-811
-791
-769
-697
-576
-433
-220
9
250
500
780
1052
1283
1525
1769
1964
2126
2286
2438
2578
2683
2727
2659
2527
2327
2069
1734
1267
736
165
-395
-970
-1495
-1949
-2305
-2559
-2713
-2703
-2552
-2261
-1915
-1524
-1090
-634
-198
164
496
783
989
1126
1223
1330
1401
1410
1407
1399
1384
1351
1276
1156
977
770
482
134
-219
-605
-1004
-1414
-1810
-2102
-2302
-2456
-2494
-2442
-2294
-2090
-1815
-1470
-1118
-773
-478
-184
78
290
426
522
563
592
566
510
453
373
277
144
28
-84
-203
-332
-465
-570
-661
-743
-793
-814
-783
-734
-652
-518
-356
-144
39
271
514
763
990
1202
1406
1595
1821
1992
2183
2370
2551
2694
2750
2697
2572
2378
2126
1752
1235
667
82
-511
-1103
-1639
-2068
-2400
-2605
-2710
-2647
-2445
-2142
-1800
-1425
-989
-579
-174
132
402
633
778
883
965
1071
1127
1165
1177
1223
1268
1288
1257
1172
1033
819
570
261
-119
-514
-938
-1360
-1743
-2056
-2278
-2464
-2496
-2458
-2326
-2121
-1853
-1507
-1170
-838
-542
-257
10
228
369
457
527
575
551
514
484
414
340
208
106
5
-98
-221
-371
-491
-588
-686
-771
-819
-833
-780
-717
-632
-479
-298
-118
84
295
533
763
968
1190
1398
1604
1810
1986
2196
2405
2601
2723
2795
2786
2660
2479
2206
1831
1319
748
121
-501
-1106
-1658
-2159
-2524
-2770
-2896
-2848
-2655
-2356
-2018
-1606
-1165
-707
-308
55
379
614
790
924
1035
1138
1217
1272
1320
1365
1412
1409
1380
1319
1161
946
651
301
-95
-523
-968
-1452
-1848
-2160
-2402
-2566
-2608
-2531
-2392
-2143
-1841
-1495
-1130
-802
-504
-240
1
186
316
397
448
478
482
443
433
427
400
353
320
259
191
101
-37
-151
-307
-418
-544
-670
-751
-770
-775
-736
-629
-470
-275
-68
190
448
735
983
1229
1448
1678
1879
2075
2289
2457
2622
2730
2766
2713
2586
2398
2106
1683
1205
638
29
-585
-1158
-1709
-2160
-2494
-2747
-2816
-2765
-2563
-2271
-1939
-1556
-1135
-705
-320
26
326
557
740
897
1043
1152
1237
1318
1372
1435
1479
1465
1397
1268
1074
818
483
120
-288
-737
-1194
-1625
-1991
-2256
-2459
-2574
-2568
-2488
-2312
-2044
-1726
-1389
-1049
-718
-424
-132
112
331
488
594
677
748
786
790
791
748
702
631
519
387
229
43
-177
-388
-588
-783
-958
-1098
-1195
-1226
-1211
-1129
-972
-784
-557
-283
-4
313
619
918
1160
1431
1678
1896
2134
2318
2563
2759
2899
2978
2972
2890
2691
2421
2041
1520
925
263
-409
-1057
-1682
-2227
-2686
-2999
-3167
-3209
-3062
-2806
-2461
-2038
-1616
-1137
-675
-243
127
444
703
921
1107
1276
1402
1499
1579
1630
1644
1626
1583
1462
1269
998
677
292
-129
-575
-1019
-1456
-1818
-2131
-2334
-2468
-2495
-2461
-2329
-2094
-1838
-1529
-1228
-918
-628
-338
-99
131
315
447
559
644
719
763
773
738
701
626
500
374
230
16
-166
-400
-618
-809
-996
-1136
-1258
-1300
-1288
-1227
-1087
-888
-631
-374
-66
255
563
863
1134
1414
1653
1876
2096
2297
2481
2665
2823
2899
2902
2812
2667
2420
2082
1615
1076
469
-170
-821
-1443
-1989
-2456
-2829
-3084
-3167
-3106
-2921
-2638
-2278
-1859
-1404
-926
-475
-94
267
580
821
1051
1239
1372
1478
1534
1574
1603
1575
1508
1373
1185
935
645
305
-100
-487
-914
-1317
-1682
-1984
-2222
-2375
-2427
-2427
-2337
-2198
-1956
-1685
-1396
-1118
-836
-579
-322
-77
111
317
469
605
698
805
862
893
903
833
762
660
504
311
85
-149
-409
-672
-894
-1088
-1249
-1374
-1432
-1388
-1287
-1118
-894
-634
-327
0
333
664
964
1223
1447
1645
1836
1996
2153
2296
2447
2581
2675
2709
2690
2592
2374
2109
1709
1251
683
44
-579
-1228
-1820
-2345
-2753
-3059
-3210
-3218
-3066
-2798
-2436
-2024
-1558
-1085
-620
-174
200
524
789
1029
1181
1306
1404
1478
1505
1510
1499
1471
1377
1227
1046
794
512
190
-158
-539
-932
-1288
-1611
-1903
-2101
-2235
-2295
-2275
-2192
-2025
-1784
-1540
-1289
-1000
-724
-435
-165
72
293
481
603
724
800
855
860
835
787
669
552
391
242
53
-148
-335
-542
-706
-867
-1010
-1084
-1126
-1124
-1058
-941
-775
-560
-322
-24
267
577
877
1173
1422
1677
1931
2115
2299
2450
2598
2711
2753
2738
2633
2466
2230
1887
1462
975
407
-192
-811
-1362
-1880
-2364
-2739
-2978
-3064
-3058
-2916
-2670
-2328
-1931
-1512
-1070
-592
-153
237
540
846
1107
1301
1464
1568
1654
1681
1683
1639
1578
1437
1240
1008
758
449
104
-271
-631
-986
-1327
-1626
-1866
-2015
-2114
-2165
-2151
-2076
-1932
-1743
-1552
-1311
-1092
-841
-586
-334
-95
133
344
526
675
780
889
939
915
873
799
643
476
273
78
-139
-370
-574
-758
-905
-990
-1066
-1108
-1054
-964
-842
-688
-476
-237
-14
223
487
744
982
1206
1419
1631
1813
1983
2149
2352
2511
2619
2675
2675
2603
2417
2153
1770
1307
764
171
-468
-1112
-1688
-2209
-2643
-2980
-3159
-3171
-3095
-2868
-2547
-2154
-1683
-1203
-763
-327
73
413
684
906
1093
1232
1351
1418
1477
1508
1491
1472
1411
1326
1157
916
680
384
66
-299
-685
-1033
-1366
-1658
-1894
-2045
-2118
-2143
-2111
-2001
-1839
-1637
-1403
-1153
-906
-665
-412
-177
31
222
416
555
672
768
842
859
865
835
761
664
496
329
127
-82
-322
-552
-730
-899
-1029
-1110
-1161
-1129
-1040
-935
-769
-542
-311
-72
176
410
641
858
1055
1226
1382
1515
1657
1774
1897
2044
2184
2315
2431
2473
2450
2353
2166
1871
1475
1005
422
-206
-854
-1469
-2018
-2515
-2890
-3166
-3244
-3193
-3030
-2712
-2328
-1859
-1390
-911
-443
-4
326
598
836
998
1155
1236
1321
1388
1435
1468
1501
1510
1496
1429
1283
1081
841
546
172
-215
-650
-1052
-1466
-1818
-2092
-2299
-2393
-2403
-2339
-2174
-1945
-1662
-1357
-1012
-694
-384
-89
149
385
545
653
746
816
854
856
860
829
767
685
569
444
289
108
-103
-312
-525
-721
-897
-1023
-1092
-1145
-1132
-1065
-907
-728
-514
-245
30
324
589
849
1109
1319
1505
1637
1748
1872
1979
2103
2185
2286
2346
2339
2283
2169
1966
1660
1259
787
239
-378
-986
-1578
-2105
-2563
-2920
-3137
-3184
-3100
-2881
-2567
-2164
-1681
-1207
-762
-287
106
434
703
906
1088
1220
1314
1392
1488
1546
1602
1630
1635
1623
1509
1345
1119
848
494
56
-402
-852
-1296
-1712
-2050
-2305
-2447
-2501
-2474
-2358
-2128
-1830
-1533
-1218
-882
-569
-272
-22
219
410
575
695
767
862
907
912
894
868
789
688
540
372
185
-38
-275
-486
-676
-858
-1032
-1157
-1206
-1225
-1173
-1080
-919
-714
-493
-243
23
308
554
787
1008
1205
1377
1508
1613
1707
1800
1864
1910
1999
2102
2190
2189
2147
2064
1906
1609
1242
799
296
-257
-869
-1432
-1942
-2387
-2738
-2963
-3048
-2961
-2787
-2497
-2118
-1644
-1208
-762
-324
79
404
624
823
1021
1187
1263
1365
1468
1569
1620
1653
1682
1682
1571
1387
1127
815
424
-41
-502
-978
-1410
-1832
-2159
-2372
-2430
-2450
-2375
-2192
-1932
-1615
-1298
-985
-659
-365
-114
89
267
430
524
614
663
711
765
760
756
729
672
577
461
319
152
-48
-273
-485
-687
-891
-1071
-1187
-1238
-1256
-1208
-1094
-906
-684
-451
-195
91
360
604
835
1022
1187
1315
1392
1465
1527
1567
1635
1699
1803
1926
2024
2119
2128
2060
1935
1696
1385
943
447
-131
-751
-1362
-1886
-2343
-2725
-2952
-3052
-2942
-2753
-2439
-2032
-1578
-1099
-659
-251
146
464
689
877
1030
1176
1263
1342
1460
1552
1622
1666
1692
1691
1606
1410
1126
793
406
-55
-535
-1007
-1446
-1820
-2123
-2314
-2347
-2289
-2172
-1962
-1684
-1379
-1072
-769
-496
-255
-74
59
160
274
341
400
465
524
609
668
725
773
786
754
654
529
359
121
-135
-398
-673
-919
-1131
-1267
-1336
-1343
-1281
-1144
-927
-674
-429
-170
105
351
563
722
850
962
1032
1063
1101
1115
1141
1185
1253
1324
1442
1557
1676
1838
1913
1925
1866
1741
1526
1183
740
288
-210
-763
-1294
-1727
-2071
-2345
-2508
-2554
-2430
-2208
-1941
-1615
-1213
-821
-474
-158
156
420
607
731
861
1006
1102
1182
1280
1382
1462
1493
1506
1457
1362
1144
857
557
175
-226
-648
-1039
-1344
-1633
-1858
-1945
-1920
-1839
-1713
-1533
-1308
-1053
-835
-666
-487
-332
-240
-162
-90
14
95
186
304
424
565
678
732
774
791
710
565
411
188
-69
-353
-602
-832
-1002
-1121
-1165
-1130
-1053
-918
-741
-530
-309
-119
41
216
347
453
527
609
660
738
808
887
974
1075
1170
1277
1411
1514
1622
1711
1822
1877
1818
1679
1543
1311
1013
643
244
-169
-630
-1059
-1435
-1714
-1922
-2084
-2143
-2070
-1916
-1696
-1414
-1108
-768
-471
-200
78
298
471
606
739
846
976
1061
1140
1261
1337
1376
1358
1297
1218
1000
723
448
85
-261
-630
-979
-1260
-1483
-1647
-1714
-1696
-1626
-1481
-1322
-1155
-940
-760
-606
-446
-320
-212
-126
-12
101
194
311
402
513
593
648
648
620
557
399
229
14
-180
-401
-627
-811
-931
-1016
-1081
-1056
-990
-880
-779
-636
-459
-341
-196
-58
59
158
258
363
459
580
659
735
819
877
939
992
998
1020
1039
1049
1096
1124
1186
1319
1399
1457
1479
1471
1403
1207
950
634
263
-160
-604
-979
-1343
-1617
-1843
-1942
-1904
-1787
-1608
-1385
-1074
-795
-547
-344
-137
24
114
184
279
409
536
656
836
1032
1209
1341
1415
1453
1388
1219
955
644
254
-163
-579
-951
-1225
-1454
-1586
-1611
-1532
-1407
-1257
-1059
-874
-712
-599
-531
-482
-481
-477
-517
-479
-434
-355
-224
-54
149
305
481
586
660
657
591
460
277
83
-162
-383
-574
-740
-853
-911
-894
-833
-757
-643
-514
-368
-245
-134
-38
48
127
180
260
325
396
450
502
599
670
690
743
793
840
887
947
1016
1131
1231
1342
1488
1601
1674
1628
1606
1469
1206
872
502
115
-347
-801
-1186
-1474
-1729
-1881
-1913
-1838
-1687
-1523
-1310
-1050
-811
-601
-422
-227
-26
112
257
451
664
876
1058
1282
1480
1604
1630
1593
1498
1298
988
635
285
-104
-469
-787
-1009
-1152
-1250
-1266
-1228
-1156
-1070
-1008
-982
-950
-967
-1007
-1053
-1056
-1041
-976
-869
-688
-444
-167
108
385
648
815
935
927
860
708
495
242
1
-258
-463
-625
-709
-728
-739
-693
-598
-503
-433
-365
-332
-278
-267
-251
-218
-177
-134
-79
47
156
276
389
515
615
689
764
820
873
914
923
973
1013
1037
1120
1191
1263
1375
1429
1460
1443
1354
1235
1019
719
388
41
-317
-675
-991
-1226
-1393
-1495
-1551
-1512
-1355
-1228
-1108
-916
-733
-551
-419
-277
-106
51
197
367
592
800
980
1155
1298
1397
1403
1316
1214
1019
744
405
84
-195
-512
-775
-985
-1094
-1172
-1250
-1256
-1213
-1188
-1183
-1151
-1109
-1075
-1057
-1022
-939
-816
-674
-512
-293
-76
123
274
439
555
597
590
535
458
335
201
62
-36
-138
-218
-260
-284
-290
-306
-305
-342
-369
-400
-455
-447
-426
-388
-359
-279
-148
-8
124
260
375
499
549
547
550
507
423
327
273
243
224
220
272
355
449
568
740
902
1065
1212
1309
1389
1402
1402
1312
1140
908
624
366
54
-292
-595
-855
-1064
-1255
-1369
-1390
-1361
-1303
-1219
-1085
-903
-739
-567
-400
-213
-39
94
273
449
604
725
826
933
997
968
918
843
722
561
343
175
-2
-205
-403
-546
-665
-781
-895
-969
-1017
-1089
-1153
-1189
-1177
-1160
-1170
-1132
-1036
-872
-735
-549
-340
-141
47
212
375
498
570
601
617
596
566
491
419
344
273
188
132
80
34
-59
-116
-176
-280
-328
-376
-406
-431
-443
-448
-433
-389
-372
-362
-355
-359
-345
-372
-338
-312
-263
-184
-92
53
215
399
578
764
938
1087
1201
1328
1410
1475
1524
1552
1561
1521
1452
1360
1226
983
682
406
116
-245
-586
-905
-1165
-1379
-1551
-1631
-1624
-1580
-1523
-1427
-1268
-1079
-943
-763
-538
-321
-112
89
351
632
851
1026
1198
1339
1401
1363
1261
1130
916
643
386
151
-78
-327
-528
-705
-842
-988
-1083
-1172
-1229
-1297
-1354
-1369
-1340
-1257
-1204
-1084
-906
-693
-487
-269
-33
204
399
553
713
824
869
887
884
853
759
673
555
445
287
99
-61
-232
-401
-607
-770
-890
-1010
-1101
-1136
-1117
-1074
-1011
-923
-832
-687
-554
-439
-297
-153
-12
115
251
404
536
652
754
864
975
1060
1109
1140
1207
1212
1219
1251
1280
1302
1293
1302
1262
1216
1122
966
773
492
152
-163
-435
-758
-1045
-1263
-1388
-1460
-1505
-1469
-1372
-1238
-1122
-980
-800
-590
-417
-247
-10
231
437
653
874
1046
1175
1231
1258
1224
1124
980
760
567
340
133
-84
-287
-436
-589
-717
-826
-916
-991
-1060
-1129
-1127
-1116
-1084
-1041
-934
-790
-608
-425
-248
-47
140
293
418
521
585
606
592
567
502
450
359
258
118
0
-123
-259
-380
-492
-583
-667
-722
-759
-784
-781
-767
-727
-682
-625
-531
-440
-342
-228
-122
-18
89
185
284
355
426
504
586
632
670
736
765
802
835
872
889
906
928
942
979
1000
1034
1066
1095
1117
1106
1070
993
896
716
505
226
-32
-279
-540
-767
-962
-1098
-1156
-1162
-1129
-1034
-939
-812
-670
-512
-383
-246
-114
25
141
259
409
560
674
732
816
881
919
909
866
786
674
569
457
329
173
18
-121
-291
-441
-571
-714
-835
-951
-1040
-1097
-1123
-1100
-1043
-980
-873
-770
-645
-513
-391
-281
-183
-81
13
126
203
292
370
428
465
492
482
473
415
341
261
138
30
-85
-202
-334
-413
-470
-543
-596
-624
-610
-590
-554
-488
-416
-338
-229
-106
19
175
297
417
557
682
762
846
930
977
1003
1039
1079
1108
1115
1138
1164
1208
1233
1242
1256
1244
1178
1060
917
739
503
214
-81
-391
-638
-847
-1032
-1142
-1236
-1258
-1193
-1119
-1007
-928
-824
-680
-521
-374
-221
-46
121
320
513
689
853
1004
1094
1147
1137
1094
1030
915
790
623
438
276
106
-51
-213
-401
-576
-720
-858
-965
-1073
-1184
-1241
-1273
-1248
-1198
-1119
-1000
-864
-727
-563
-385
-197
-3
197
384
535
690
820
916
952
967
900
789
694
509
325
127
-56
-230
-354
-477
-560
-636
-666
-684
-705
-680
-629
-599
-561
-478
-385
-283
-161
-10
123
300
476
657
799
963
1101
1190
1255
1294
1290
1260
1209
1139
1056
939
832
728
631
538
455
349
302
241
179
122
57
7
-52
-124
-191
-230
-266
-260
-248
-249
-226
-197
-165
-127
-144
-147
-152
-157
-137
-130
-103
-65
-20
30
74
127
188
192
165
144
142
130
119
117
111
109
120
154
144
137
138
107
74
36
-39
-95
-141
-184
-238
-270
-273
-286
-261
-280
-277
-263
-265
-240
-214
-164
-137
-104
-45
29
75
112
143
135
136
89
75
46
19
16
-1
9
14
5
13
21
20
16
28
62
110
194
252
327
375
449
497
513
518
497
464
401
323
214
101
-16
-129
-221
-318
-407
-475
-516
-517
-512
-491
-475
-414
-366
-285
-191
-104
-17
98
217
330
455
538
625
686
743
781
788
782
731
688
649
587
498
410
316
207
112
6
-96
-191
-277
-341
-393
-435
-455
-435
-437
-361
-298
-197
-110
-28
59
127
188
215
245
246
220
188
149
134
112
70
44
23
-2
-32
-56
-98
-157
-220
-288
-347
-413
-431
-464
-476
-451
-412
-364
-305
-244
-187
-139
-109
-53
-13
18
44
99
153
177
209
246
273
273
273
272
241
211
160
113
77
45
9
-5
-19
-20
-29
-19
-10
-2
-2
-17
-35
-59
-84
-104
-113
-149
-160
-185
-169
-167
-145
-131
-89
-31
23
82
103
163
211
229
253
254
286
289
267
270
262
244
228
188
156
159
116
89
60
38
21
7
11
19
40
55
97
122
165
198
219
241
256
268
260
250
232
219
194
160
137
105
72
51
22
-13
-46
-88
-115
-174
-241
-274
-315
-365
-408
-412
-429
-420
-399
-333
-288
-227
-114
-46
38
110
158
205
249
261
278
277
251
250
211
169
127
96
59
7
-24
-69
-119
-185
-234
-279
-297
-323
-324
-298
-249
-186
-118
-48
34
114
175
234
257
263
273
274
249
214
185
172
144
127
97
86
65
48
48
56
45
36
32
3
22
18
18
42
38
49
87
106
132
136
161
206
239
228
255
271
284
309
299
304
307
311
295
274
246
219
214
203
175
135
120
82
55
12
-48
-69
-100
-120
-153
-162
-153
-142
-144
-137
-142
-122
-113
-86
-79
-64
-45
-29
-44
-35
-42
-97
-123
-164
-133
-159
-199
-232
-214
-148
-106
-109
-130
-120
-70
-34
-6
-34
-59
-45
-17
2
-43
-86
-127
-108
-101
-107
-102
-98
-70
5
46
47
86
111
153
177
178
162
136
154
149
150
136
126
137
147
138
135
122
120
140
156
172
155
150
157
169
176
185
200
244
292
343
355
397
433
464
459
467
468
454
461
451
451
435
422
381
360
305
245
183
111
60
-1
-61
-121
-183
-220
-252
-308
-349
-373
-385
-361
-353
-323
-272
-206
-154
-88
-9
28
67
112
138
140
159
165
170
153
120
84
40
-14
-84
-148
-199
-240
-296
-349
-383
-404
-431
-449
-439
-424
-396
-375
-349
-303
-245
-189
-131
-72
-41
0
65
115
165
239
292
362
442
488
507
530
510
512
489
472
416
391
332
271
229
200
183
147
133
103
87
76
71
55
61
81
115
158
201
235
266
336
387
422
480
530
579
627
659
670
675
690
662
627
576
514
456
389
312
219
146
53
-14
-101
-166
-244
-287
-339
-400
-418
-458
-461
-476
-472
-460
-425
-393
-358
-284
-233
-181
-127
-61
-19
39
58
74
110
96
108
96
72
47
-2
-31
-69
-129
-182
-222
-252
-309
-335
-370
-392
-397
-416
-417
-430
-411
-372
-332
-301
-244
-188
-115
-34
49
128
192
257
311
381
410
463
495
517
548
552
542
520
502
465
435
401
367
320
274
216
195
175
162
151
144
147
171
201
217
256
311
307
339
381
407
435
485
527
530
548
556
554
543
519
475
452
390
320
226
139
59
-31
-122
-210
-275
-350
-401
-446
-455
-469
-464
-425
-397
-349
-303
-256
-213
-164
-119
-92
-53
-28
2
8
29
40
31
35
27
17
-9
-30
-45
-57
-104
-130
-164
-212
-232
-266
-291
-298
-298
-297
-292
-267
-251
-244
-208
-170
-143
-118
-113
-93
-62
-42
5
41
85
134
192
246
272
326
368
401
438
440
448
457
465
461
460
466
445
425
387
378
359
325
298
251
218
173
149
149
133
129
112
120
149
155
164
195
212
231
252
281
323
351
392
410
428
427
426
396
349
298
233
157
98
19
-61
-121
-211
-279
-331
-383
-427
-458
-484
-493
-500
-489
-493
-455
-429
-410
-378
-304
-255
-212
-153
-102
-48
-8
39
63
74
77
71
61
55
33
6
-10
-33
-65
-89
-111
-131
-144
-140
-142
-141
-102
-93
-79
-53
-29
-19
11
26
8
37
51
53
53
64
59
48
48
67
80
77
121
136
165
215
228
266
302
315
341
348
368
379
381
395
397
408
408
403
377
361
320
311
260
210
189
167
147
134
110
85
98
90
99
110
119
144
152
182
214
221
246
227
199
215
190
160
124
80
28
-10
-50
-90
-140
-189
-222
-264
-304
-318
-325
-333
-337
-334
-328
-326
-308
-304
-279
-264
-221
-162
-127
-63
-38
-31
7
9
12
12
-5
5
-20
-28
-10
-20
-6
-11
-31
-18
0
-13
-15
-1
8
3
-3
-10
-8
-12
-30
-14
-22
-13
-7
16
18
21
52
41
41
40
33
27
24
41
66
76
117
151
198
246
254
276
311
303
310
311
302
291
284
271
237
227
192
157
141
99
95
83
68
46
30
36
22
29
15
30
49
44
67
80
100
118
96
101
126
112
108
123
105
64
51
52
31
28
-27
-63
-95
-108
-152
-167
-186
-206
-194
-199
-194
-222
-213
-209
-203
-201
-198
-184
-169
-152
-137
-131
-90
-83
-54
-58
-35
-25
-9
16
17
32
35
57
64
71
64
57
47
29
12
-24
-39
-77
-109
-135
-132
-132
-126
-152
-152
-124
-127
-99
-73
-60
-49
4
26
49
84
119
138
159
189
203
223
237
245
274
289
283
278
251
256
231
202
183
155
130
115
95
84
68
81
97
97
101
122
134
115
123
132
124
122
111
104
86
72
76
59
30
30
14
-3
-13
-30
-20
-45
-57
-50
-50
-60
-57
-52
-51
-54
-62
-51
-33
-23
-2
33
43
59
56
57
56
47
25
-18
-38
-48
-90
-116
-126
-137
-148
-160
-144
-141
-144
-125
-131
-133
-96
-87
-89
-76
-47
-30
-40
-30
-28
-11
7
1
-16
-1
-3
9
12
1
16
-2
-18
-15
-35
-48
-61
-47
-72
-71
-56
-83
-58
-45
-23
7
32
59
78
117
139
163
164
174
192
210
211
204
214
200
213
197
191
174
152
153
146
140
118
95
76
54
48
15
9
-1
-30
-26
-50
-50
-67
-63
-54
-79
-73
-80
-86
-67
-60
-58
-33
11
41
71
94
131
149
178
200
201
208
212
206
196
176
160
151
130
99
71
46
15
-14
-52
-78
-118
-125
-135
-148
-129
-138
-127
-103
-112
-101
-102
-110
-104
-110
-72
-59
-45
-15
17
52
81
95
114
115
105
101
79
56
31
9
-5
-42
-49
-59
-60
-68
-89
-65
-77
-70
-57
-59
-21
12
35
72
105
149
196
209
252
275
311
337
319
339
336
334
317
307
284
249
213
192
166
129
113
82
36
10
-9
-21
-43
-74
-63
-82
-70
-76
-65
-29
-10
13
45
76
97
133
171
189
208
214
233
245
244
254
244
235
215
211
167
155
133
122
91
45
38
12
-15
-15
-20
-37
-35
-36
-23
-1
9
24
48
49
50
64
65
66
54
48
49
33
17
-7
-13
-12
-5
-14
-8
-12
-9
4
-4
0
-23
-19
-7
-20
-18
-20
-10
-8
13
36
39
39
43
51
47
61
70
66
62
76
101
105
129
157
175
191
202
201
219
221
205
186
193
175
152
138
111
117
91
79
55
54
39
19
21
20
19
24
34
48
49
62
84
108
128
164
157
173
203
204
212
221
213
190
175
144
129
102
79
59
25
17
8
7
-12
-16
-25
-31
-31
-31
-24
-17
-10
-11
18
62
75
89
127
140
154
163
169
163
175
134
99
79
45
13
-25
-53
-89
-114
-143
-158
-151
-147
-146
-144
-114
-86
-53
-17
16
38
73
96
128
133
154
155
162
172
178
173
145
136
102
80
51
29
5
-16
-32
-41
-52
-59
-43
-48
-57
-63
-45
-53
-49
-47
-37
-29
-11
44
48
84
107
137
159
187
191
211
211
223
225
212
204
189
183
171
166
140
110
72
50
25
-5
-26
-51
-55
-73
-56
-65
-78
-56
-46
-40
-34
-24
-8
21
35
49
63
84
102
104
122
140
164
174
164
164
148
140
133
117
99
78
30
14
-20
-83
-115
-136
-190
-198
-231
-256
-231
-229
-229
-216
-185
-155
-98
-54
6
27
97
133
163
213
218
247
251
252
240
211
197
174
153
133
92
53
17
-11
-40
-83
-121
-148
-173
-188
-180
-193
-212
-208
-171
-159
-142
-109
-65
-30
9
45
84
137
175
217
237
278
301
303
320
303
292
281
244
226
197
158
111
69
27
-27
-63
-107
-154
-173
-183
-212
-212
-219
-189
-163
-145
-97
-76
-47
-32
0
33
66
80
83
114
116
110
136
121
139
132
128
127
115
106
74
50
17
-23
-59
-92
-113
-137
-166
-167
-175
-168
-175
-154
-131
-90
-76
-61
-10
3
42
54
85
101
114
110
124
146
134
138
136
141
122
105
90
68
30
17
-22
-67
-85
-118
-136
-149
-157
-169
-165
-169
-144
-144
-124
-88
-93
-82
-60
-43
-28
1
13
28
51
66
81
88
93
113
120
110
112
111
106
86
58
40
5
-2
-40
-53
-67
-84
-80
-109
-100
-120
-132
-123
-125
-117
-126
-116
-115
-102
-85
-76
-66
-64
-32
-21
-19
-5
6
17
29
26
18
7
6
0
-10
-16
-34
-37
-50
-60
-82
-83
-93
-70
-78
-85
-77
-56
-57
-37
-13
-3
-3
11
16
7
17
6
16
31
31
47
52
55
65
65
68
60
56
37
22
23
16
-1
-21
-43
-50
-41
-49
-52
-51
-59
-31
-8
-27
-34
-17
-18
-17
-19
-22
-21
-14
-1
-12
-21
-27
-22
-24
-35
-38
-54
-43
-49
-48
-41
-43
-39
-47
-29
-37
-33
-22
-19
-6
-20
3
23
20
36
36
38
57
54
34
36
23
-6
1
-15
-32
-66
-73
-116
-126
-120
-138
-131
-139
-155
-142
-143
-133
-135
-138
-112
-99
-85
-67
-37
-25
-4
31
64
86
97
116
126
117
118
126
114
102
92
56
61
37
-9
-12
-24
-58
-56
-76
-98
-84
-84
-88
-84
-76
-70
-75
-66
-46
-33
-30
-3
8
35
38
68
106
121
140
121
134
136
108
105
96
59
58
26
-3
-23
-55
-51
-79
-95
-107
-127
-142
-143
-156
-171
-161
-158
-157
-143
-124
-104
-96
-67
-48
-33
-18
11
32
22
48
67
73
89
97
113
112
102
87
81
73
69
41
12
-12
-41
-62
-93
-120
-131
-137
-165
-168
-168
-141
-144
-120
-106
-82
-61
-49
-22
-17
15
49
76
86
93
124
155
158
181
179
176
173
152
128
99
79
52
8
-12
-29
-62
-97
-115
-123
-141
-151
-172
-162
-165
-156
-140
-131
-118
-89
-84
-46
-18
17
40
73
96
121
149
173
184
179
184
159
150
132
104
70
50
29
-1
-18
-31
-57
-60
-55
-67
-76
-88
-91
-96
-95
-93
-99
-102
-104
-79
-82
-68
-45
-38
-10
-4
15
33
23
29
42
48
63
58
58
75
86
78
94
87
72
63
48
42
31
17
-18
-27
-41
-64
-65
-57
-58
-76
-61
-62
-46
-57
-54
-49
-22
-6
-20
1
17
26
42
53
61
78
71
87
99
89
85
78
53
41
24
20
7
-3
-16
-28
-34
-44
-59
-63
-72
-92
-102
-104
-113
-120
-108
-102
-90
-78
-67
-49
-14
2
7
4
18
14
21
34
21
26
35
30
43
45
34
41
36
46
65
61
46
50
38
37
16
17
24
16
22
9
22
-2
-4
-5
-23
-28
-39
-34
-49
-52
-47
-51
-64
-55
-40
-40
-34
-33
-12
28
52
58
80
87
121
136
131
148
157
160
143
150
157
152
129
106
82
76
54
29
4
-12
-20
-41
-62
-69
-69
-90
-94
-97
-101
-89
-60
-62
-44
-33
-19
11
32
40
37
49
41
69
89
78
59
62
69
64
64
50
18
11
1
-34
-30
-37
-52
-63
-72
-74
-83
-79
-74
-51
-36
-33
-22
-2
6
34
45
63
85
90
120
123
152
143
159
182
179
170
147
117
118
114
87
79
40
42
23
23
4
-7
-23
-30
-59
-73
-86
-98
-111
-114
-113
-120
-95
-97
-76
-43
-24
-17
12
16
56
64
86
98
104
115
125
143
144
145
144
140
129
128
117
94
65
47
22
-2
-31
-48
-64
-77
-93
-124
-130
-124
-122
-106
-107
-82
-65
-59
-38
-28
-4
3
23
48
56
78
77
85
93
78
88
82
88
70
56
47
19
1
-3
-18
-48
-61
-79
-87
-85
-93
-88
-89
-85
-69
-61
-32
-6
9
32
50
60
80
98
116
137
146
160
149
155
151
140
146
126
118
98
82
71
56
23
17
-20
-35
-57
-72
-83
-117
-112
-141
-125
-130
-138
-125
-98
-102
-81
-45
-36
-11
10
15
26
45
41
53
52
73
58
48
46
37
45
30
31
36
26
18
2
-14
-32
-33
-59
-67
-68
-66
-76
-81
-83
-81
-64
-67
-66
-49
-40
-27
-12
2
7
25
39
61
52
48
72
77
82
83
84
92
94
78
67
60
55
63
62
50
37
16
10
2
1
-4
-6
-16
-23
-14
-12
-12
0
13
28
29
43
56
51
70
81
102
103
105
131
116
117
116
108
107
98
81
68
60
41
31
12
-23
-55
-48
-51
-59
-65
-58
-60
-70
-49
-25
-29
-21
-8
8
16
31
26
29
51
52
61
57
67
69
60
74
59
42
46
43
39
20
7
-3
-6
-19
-27
-24
-24
-31
-37
-12
8
-9
13
12
37
47
58
70
65
59
69
80
50
69
59
67
73
64
85
71
75
94
98
104
103
94
90
98
87
92
84
69
73
88
81
81
59
77
78
54
75
67
60
59
49
40
36
36
37
44
36
45
56
51
49
74
76
93
97
86
89
93
89
83
96
82
76
64
72
60
38
36
0
-3
-2
-1
-1
9
-1
2
-5
11
14
-7
8
-4
-1
11
14
22
32
32
24
57
70
74
68
67
66
52
48
49
31
21
19
-1
-4
-3
-8
-5
12
24
37
52
45
32
43
51
49
32
27
36
35
18
22
37
27
27
34
33
37
20
24
21
15
3
-3
3
2
14
-5
-4
14
8
11
6
22
41
37
52
38
40
32
25
33
20
4
-8
-21
-31
-33
-51
-42
-37
-24
-14
-24
-13
-5
-7
-16
-3
-12
8
23
10
29
23
17
39
26
39
35
29
35
31
15
-14
-9
-27
-30
-36
-36
-56
-56
-49
-65
-56
-48
-54
-53
-42
-16
-20
-12
9
14
32
42
34
43
44
44
75
47
27
28
15
-2
1
-6
-22
-25
-16
-30
-33
-11
-24
-34
-19
-12
-8
-8
4
3
21
25
29
32
23
38
27
19
28
16
32
22
10
-8
14
-9
-15
1
-20
-15
-33
-18
-18
-18
-17
-18
-10
-9
-8
-4
-2
9
0
15
8
17
5
5
21
14
13
11
8
-2
-7
-17
-6
-21
-10
-3
3
11
-10
-5
12
1
5
25
32
28
42
46
39
32
35
45
12
10
12
14
9
16
7
-3
-6
-1
10
9
17
22
21
9
24
36
49
41
53
67
60
75
62
56
51
36
38
41
24
28
25
40
46
33
44
29
33
27
32
24
20
31
32
37
39
43
35
38
30
47
37
41
40
32
36
27
2
6
-5
-1
-13
-30
-17
-25
-25
-24
-21
-26
-16
-20
-8
-3
5
8
15
24
43
56
58
71
84
87
94
97
104
72
85
83
54
43
41
45
28
25
-9
-11
-9
-10
-12
-6
1
7
20
17
18
22
36
45
54
50
64
59
72
78
74
74
91
91
82
87
85
89
76
69
52
48
44
30
18
11
12
17
15
10
23
14
15
27
20
22
28
38
39
37
46
51
67
70
69
92
93
85
81
77
64
63
50
45
13
5
10
10
-10
-28
-15
-38
-22
-39
-33
-32
-42
-55
-58
-67
-67
-57
-65
-43
-61
-50
-48
-35
-24
-14
-3
0
14
19
26
25
53
57
57
70
67
74
72
88
85
83
87
68
65
51
40
55
30
20
30
24
6
6
18
3
16
15
26
35
23
20
15
19
21
16
20
9
-1
19
13
16
10
12
0
2
7
-2
6
-16
3
-3
-4
-2
5
4
-7
-6
-5
5
9
4
-9
-11
-2
7
9
11
11
4
6
1
-10
-10
8
2
-15
-17
-32
-30
-32
-24
-45
-61
-56
-44
-39
-32
-31
-27
-18
-33
-31
-23
-23
-41
-40
-46
-44
-47
-39
-42
-41
-25
-34
-22
-26
-16
-4
-19
-4
-18
-24
-20
-21
-29
-36
-19
-10
-19
5
12
8
8
13
30
16
15
29
16
9
24
30
18
24
39
40
42
33
49
42
35
18
8
-2
-9
-26
-48
-48
-50
-42
-60
-54
-57
-63
-59
-43
-55
-45
-32
-36
-14
-31
-26
-20
-17
-7
-18
-2
-1
-3
22
7
10
21
12
15
14
7
-9
-12
-30
-29
-31
-32
-53
-60
-59
-59
-60
-57
-45
-52
-29
-25
-24
-7
-12
-18
5
-12
-11
3
-1
14
3
6
8
14
26
7
22
5
1
-1
-37
-20
-31
-36
-48
-32
-31
-45
-34
-38
-39
-30
-20
-15
-22
-21
-11
-5
2
-9
-12
1
1
13
9
8
1
27
31
26
36
30
36
34
28
21
10
3
-13
-24
-32
-54
-52
-72
-64
-86
-74
-84
-102
-89
-92
-68
-75
-63
-63
-51
-42
-39
-45
-21
-21
-36
-31
-11
-22
-7
-14
-16
-13
-21
-11
-21
-23
-33
-45
-56
-51
-34
-69
-68
-53
-54
-44
-43
-22
-29
-10
-16
-6
4
-9
6
2
10
5
21
25
18
30
38
33
38
29
23
14
0
4
1
-13
-26
-8
-23
-31
-27
-25
-12
-21
-15
-1
-12
-5
-5
12
21
13
19
21
25
24
12
16
17
14
12
0
2
-2
-2
-1
-1
-2
-12
-13
-16
-29
-32
-37
-34
-35
-20
-9
-30
-27
-32
-39
-9
-6
-4
-18
-17
-6
-23
-12
-16
-24
-12
-4
-9
-10
-26
-16
-10
-19
-36
-38
-28
-26
-43
-43
-30
-41
-33
-49
-50
-35
-22
-19
-34
-32
-27
-20
-25
-24
-30
-1
-2
-6
13
13
26
24
26
32
29
16
26
29
36
30
14
15
9
13
3
-8
17
7
-7
-11
-22
-23
-37
-39
-51
-54
-48
-53
-57
-50
-49
-48
-47
-52
-40
-33
-36
-28
-45
-45
-34
-27
-32
-38
-26
-20
-40
-36
-30
-38
-36
-52
-47
-60
-74
-72
-76
-90
-82
-53
-59
-57
-36
-37
-32
-39
-47
-38
-14
-21
-21
-9
-1
-4
-27
-28
-22
-30
-36
-36
-33
-29
-41
-44
-57
-58
-44
-51
-49
-41
-33
-21
-26
-21
-28
-22
-2
-4
-4
8
-2
3
14
12
16
-4
-2
11
6
5
-5
-18
12
-1
5
13
5
0
17
14
-1
11
2
6
-15
14
37
5
25
31
28
16
25
20
9
-5
3
0
-30
-17
-28
-10
-33
-21
-27
-44
-33
-40
-28
-39
-26
-22
-27
-32
-33
-10
-5
-7
5
6
11
21
26
34
44
41
33
45
34
67
49
37
28
41
43
31
41
33
28
35
45
11
29
9
8
11
-4
-3
-4
-5
-12
-20
-23
-2
-1
8
15
17
22
23
37
49
49
45
64
54
42
57
47
55
53
56
44
44
44
31
35
30
22
9
25
14
1
16
-1
-15
-22
-25
-26
-32
-16
-13
-12
-16
-9
-13
1
2
4
18
20
30
27
18
24
20
20
28
30
21
25
-1
-13
-11
-9
-4
-31
-29
-49
-65
-56
-42
-53
-70
-61
-63
-64
-38
-51
-49
-23
-33
-30
-9
1
19
8
24
49
44
58
72
61
47
58
41
31
38
33
20
38
18
-1
-15
-32
-17
-28
-31
-52
-50
-43
-49
-42
-59
-40
-45
-46
-43
-44
-35
-30
-24
-12
-4
11
9
14
29
40
41
36
29
32
36
45
32
16
33
13
6
5
-8
-13
-8
-33
-35
-45
-47
-55
-44
-56
-54
-58
-60
-60
-59
-42
-64
-64
-69
-37
-42
-38
-47
-37
-31
-24
-5
-12
-17
-19
-17
-13
-6
-22
-10
-17
-18
-22
-29
-39
-38
-40
-49
-48
-64
-76
-70
-66
-64
-62
-60
-50
-53
-49
-28
-23
-17
-8
6
10
12
23
34
31
37
51
49
57
58
60
50
44
36
31
40
26
19
-1
-12
-24
-25
-39
-50
-48
-69
-53
-52
-44
-36
-37
-62
-56
-34
-32
-7
-16
-24
-5
-14
0
17
28
31
31
31
25
50
33
23
38
22
5
11
0
-26
-26
-8
-19
-15
-25
-32
-30
-15
-28
-43
-45
-37
-33
-34
-41
-47
-23
-19
-26
-15
-7
6
8
0
5
-4
10
-3
-7
10
-17
-19
-17
-22
-22
-21
-8
-22
-13
-25
-40
-32
-32
-42
-50
-44
-68
-54
-63
-61
-54
-52
-50
-68
-54
-48
-43
-35
-13
-14
3
20
13
25
17
22
28
30
21
25
37
33
10
15
-3
-20
-6
-19
-15
-33
-28
-33
-43
-46
-67
-57
-71
-76
-80
-63
-68
-64
-50
-53
-44
-24
-3
-10
13
21
20
18
31
36
29
56
57
54
48
44
45
36
24
16
19
12
9
-13
-27
-20
-35
-29
-39
-42
-28
-32
-33
-25
-18
-8
-21
-4
-7
-4
11
-5
4
4
10
16
18
19
28
31
10
13
26
33
26
19
10
-9
-15
-8
-7
-15
-18
-20
-20
-16
-31
-35
-20
-12
-7
-8
-5
-10
-7
1
-4
1
1
-3
17
2
12
34
25
24
16
19
0
11
33
6
-1
9
4
4
-8
-7
-17
-8
-27
-16
-26
-35
-29
-50
-38
-44
-40
-44
-41
-41
-42
-45
-24
-38
-23
-11
-20
-11
-2
1
-7
-2
5
17
19
21
21
29
24
28
17
24
21
5
4
-6
7
-7
8
7
-6
1
1
-1
-21
-3
10
-12
-12
1
8
-5
1
4
-13
-5
-11
-8
-12
-7
6
-2
-7
-1
5
14
10
19
3
25
17
25
19
17
16
13
29
32
55
32
14
23
36
22
23
23
24
8
1
9
4
17
19
23
17
14
10
26
15
21
30
24
36
16
26
30
40
22
26
29
17
34
15
28
36
28
24
14
11
11
2
-21
-17
-10
-9
-13
-10
13
22
2
25
15
11
30
38
37
15
48
22
33
51
28
35
17
41
46
40
39
31
17
26
27
21
38
37
13
9
22
13
16
15
10
10
14
-1
17
0
4
10
-21
-11
-21
-17
-22
-5
1
0
19
5
11
9
13
32
17
10
24
29
26
32
21
19
35
15
11
12
19
21
7
4
8
5
18
18
5
6
14
16
10
28
33
27
28
33
22
24
48
42
37
49
35
52
43
43
60
30
38
33
30
35
27
35
38
32
29
12
12
12
14
4
10
11
3
12
4
12
9
5
-6
-10
1
7
8
19
6
0
9
2
13
17
17
14
22
15
28
26
15
17
27
18
14
9
20
22
18
19
9
4
10
-10
-4
4
6
-5
-14
-8
-3
4
-8
-10
-13
-4
-8
7
2
2
1
-1
13
18
8
3
30
23
5
6
30
23
16
26
21
28
26
20
19
41
22
20
16
12
27
14
11
-2
14
13
21
18
19
24
20
33
30
44
49
58
45
62
63
55
63
66
71
66
67
68
57
55
57
57
65
56
45
57
51
44
45
38
45
20
30
36
35
30
30
39
41
51
55
52
59
77
69
56
57
71
77
64
66
56
51
59
57
57
57
56
56
61
41
41
26
26
43
34
36
37
36
30
30
28
27
37
40
27
29
20
17
23
32
32
37
40
46
56
42
65
62
61
53
60
65
42
34
31
38
33
24
13
10
1
-10
0
-13
-5
2
-19
-19
1
11
26
21
16
21
14
20
38
49
52
52
60
63
67
72
59
65
74
66
50
38
68
53
44
48
40
41
46
20
30
38
10
10
14
23
16
-1
23
27
15
19
16
18
47
40
26
59
49
45
57
46
65
62
49
64
64
62
60
58
41
46
25
38
23
16
16
6
22
-1
-3
3
17
13
8
14
14
9
7
9
23
14
22
40
40
25
38
35
32
39
34
29
19
31
10
16
2
14
8
4
17
-3
10
1
4
23
12
4
4
-6
2
0
-8
-11
-18
-13
-21
-22
-10
11
-3
-7
-2
-16
8
-8
-6
-3
-7
-8
-19
2
5
13
3
10
17
9
16
6
-7
12
8
13
15
9
21
17
7
20
0
-6
2
17
16
16
21
22
31
23
18
25
25
14
17
5
10
8
5
-3
21
19
24
10
28
19
10
26
16
15
-12
-13
-28
-23
-32
-35
-30
-20
-28
-28
-38
-39
-47
-45
-26
-48
-44
-50
-51
-55
-47
-50
-45
-42
-33
-29
-27
-35
-18
-15
-18
1
-2
10
-1
-1
8
21
23
18
15
3
5
6
1
8
4
2
15
-11
-7
-16
-22
-23
-19
-12
-21
-18
-28
-25
-20
-17
-9
16
8
-3
1
-1
8
9
16
6
19
19
7
2
9
16
24
38
12
-7
-13
-13
-19
-12
-21
-32
-42
-24
-40
-37
-41
-48
-23
-44
-19
-31
-45
-40
-28
-36
-33
-30
-9
-19
-37
5
0
-4
8
-11
-13
1
-2
2
-5
5
5
-5
-18
-26
-19
-36
-22
-45
-44
-50
-49
-54
-41
-44
-45
-46
-43
-35
-46
-25
-26
-35
-30
-21
-12
-1
5
-8
9
8
14
18
16
21
26
33
32
30
22
32
-5
8
11
-21
-20
-24
-25
-20
-23
-20
-19
-25
-31
-21
-5
5
-9
-2
-11
2
17
5
11
9
37
35
31
45
27
29
36
36
47
38
30
24
21
21
29
24
9
6
-2
-18
-8
-6
-4
-3
0
-4
-5
4
-11
-14
0
2
-4
-2
7
23
7
-2
11
2
1
1
-3
17
23
8
8
24
24
8
15
16
5
-1
-4
-3
-1
14
-5
7
9
6
5
12
20
21
20
15
31
35
5
9
32
21
35
42
45
49
42
67
52
56
62
55
69
59
73
71
60
61
66
64
54
51
55
59
48
46
50
42
40
32
26
13
27
27
12
33
22
27
27
13
11
23
35
19
8
14
28
22
33
14
23
17
27
20
19
24
18
25
15
34
31
9
20
43
37
20
14
11
13
18
18
10
10
18
5
4
16
11
19
24
19
16
22
12
22
8
27
14
33
18
8
27
29
30
21
30
17
24
19
33
30
13
18
11
19
23
1
6
3
15
10
5
-5
1
-9
-1
14
-1
16
18
17
27
18
44
49
40
48
38
51
62
59
62
71
64
57
46
35
44
41
39
38
32
24
31
18
4
16
7
6
1
7
7
0
8
5
2
21
32
22
32
44
33
29
38
42
43
38
54
53
62
59
58
49
37
33
19
20
15
25
14
12
25
28
13
6
-1
8
19
19
27
25
17
27
27
22
32
33
40
46
38
35
42
50
57
63
65
45
43
45
48
50
37
44
38
24
29
26
8
22
2
-3
11
-4
10
-8
4
-9
-11
-9
-6
9
-2
22
29
17
23
12
21
20
24
29
24
36
34
26
29
12
5
19
17
8
4
-1
3
-4
-11
-4
-8
-3
1
1
-9
-7
-17
-11
-6
-5
3
5
2
-7
11
2
8
9
4
23
24
24
28
21
23
23
40
32
44
36
20
37
24
10
16
13
6
21
24
15
7
26
27
23
20
21
32
37
28
14
16
21
23
17
19
19
15
6
26
20
29
20
21
15
12
14
3
15
4
12
13
-8
-19
1
-2
-11
-12
-5
-23
-24
-27
-8
-23
-40
-19
-32
-23
-28
-20
-14
-20
-24
-22
-31
-31
-26
-29
-32
-22
-21
-19
-24
-17
-7
-24
-28
-9
-5
-21
-14
-9
-8
-15
-17
-13
-31
-23
-25
-13
-17
-19
-21
-31
-20
-30
-23
-25
-22
-26
-13
-20
-29
-13
-27
1
-2
-3
2
5
14
15
14
0
11
17
20
20
9
17
-6
8
5
8
0
-3
4
5
3
-19
-4
-16
-6
-17
-22
-24
-35
-33
-28
-32
-38
-36
-38
-34
-51
-44
-33
-29
-24
-36
-39
-29
-32
-30
-32
-36
-22
-23
-26
-23
-24
-24
-28
-22
-22
-15
-32
-29
-28
-54
-27
-51
-56
-50
-57
-44
-58
-49
-39
-35
-49
-29
-14
-32
-31
-27
-12
-22
-19
-11
3
-5
0
1
0
-3
-2
14
19
7
-11
0
-16
-9
-23
-20
-35
-45
-41
-40
-26
-50
-32
-30
-36
-29
-45
-43
-15
-14
-22
-15
-15
-12
-14
-20
-20
-17
-28
-30
-33
-39
-35
-38
-32
-29
-36
-51
-43
-49
-44
-48
-65
-53
-59
-56
-69
-64
-65
-75
-74
-78
-60
-73
-65
-73
-81
-63
-70
-56
-64
-88
-64
-52
-56
-65
-62
-65
-57
-61
-76
-79
-70
-76
-74
-56
-69
-68
-70
-66
-82
-83
-74
-83
-84
-86
-77
-78
-83
-92
-82
-83
-73
-72
-75
-80
-68
-58
-80
-58
-65
-67
-61
-64
-68
-59
-64
-42
-31
-53
-48
-32
-37
-47
-45
-40
-42
-43
-59
-58
-54
-63
-60
-59
-73
-61
-57
-67
-72
-72
-62
-64
-65
-79
-59
-80
-73
-53
-61
-45
-40
-66
-66
-64
-72
-65
-72
-73
-73
-72
-93
-81
-83
-83
-88
-95
-82
-84
-78
-80
-84
-85
-86
-101
-94
-81
-96
-91
-79
-89
-93
-92
-90
-87
-76
-91
-79
-78
-94
-60
-65
-71
-63
-57
-60
-55
-58
-64
-62
-63
-72
-71
-60
-79
-76
-82
-80
-77
-87
-75
-95
-82
-80
-89
-93
-90
-93
-103
-95
-91
-86
-92
-95
-94
-76
-83
-90
-89
-100
-75
-87
-74
-59
-76
-56
-69
-67
-71
-79
-80
-80
-64
-75
-87
-95
-79
-90
-83
-85
-86
-70
-82
-88
-89
-74
-86
-79
-67
-78
-92
-85
-93
-73
-94
-110
-97
-88
-81
-89
-87
-77
-83
-83
-78
-86
-82
-89
-102
-107
-100
-100
-99
-102
-110
-113
-104
-101
-103
-93
-87
-101
-96
-104
-109
-98
-102
-98
-99
-92
-92
-87
-91
-97
-90
-92
-94
-79
-80
-79
-81
-86
-77
-86
-81
-93
-93
-88
-101
-84
-96
-85
-96
-88
-78
-85
-75
-82
-82
-77
-84
-83
-71
-82
-83
-81
-79
-87
-89
-106
-90
-90
-88
-86
-85
-90
-94
-84
-84
-78
-94
-95
-92
-94
-112
-105
-98
-86
-93
-88
-71
-81
-73
-82
-90
-83
-89
-103
-79
-72
-80
-87
-64
-84
-83
-73
-85
-76
-90
-86
-83
-77
-80
-80
-80
-99
-95
-101
-89
-85
-101
-98
-94
-97
-78
-88
-92
-85
-82
-73
-69
-78
-89
-80
-96
-78
-77
-73
-77
-95
-72
-83
-78
-99
-106
-106
-100
-106
-113
-93
-99
-105
-110
-118
-121
-118
-122
-110
-108
-121
-114
-113
-118
-100
-103
-106
-102
-92
-95
-100
-88
-84
-82
-99
-88
-86
-95
-83
-98
-99
-98
-106
-106
-95
-105
-96
-83
-93
-83
-72
-89
-95
-82
-87
-90
-108
-98
-92
-92
-83
-87
-73
-76
-70
-68
-69
-67
-60
-47
-57
-58
-62
-69
-69
-61
-63
-71
-59
-67
-73
-59
-66
-63
-47
-55
-52
-50
-65
-72
-62
-67
-68
-62
-68
-60
-53
-58
-66
-58
-63
-49
-55
-56
-46
-56
-44
-54
-50
-46
-58
-52
-59
-61
-61
-59
-60
-60
-53
-64
-62
-56
-65
-55
-51
-58
-65
-56
-43
-37
-51
-51
-52
-60
-55
-62
-63
-53
-38
-61
-52
-67
-73
-59
-52
-60
-61
-52
-53
-54
-58
-40
-52
-56
-57
-56
-69
-58
-72
