-23
-21
-14
-20
-35
-9
-15
-39
-37
-22
-44
-47
-39
-36
-39
-28
-31
-30
-26
-28
-19
-25
-35
-37
-42
-36
-28
-17
-26
-21
-22
-24
-11
-15
-22
-30
-20
-21
-15
-20
-21
-16
-16
-19
-12
-14
-11
-26
-27
-17
-30
-29
-39
-34
-27
-30
-32
-35
-42
-39
-26
-38
-42
-34
-44
-35
-43
-49
-42
-46
-53
-45
-40
-37
-36
-38
-42
-45
-38
-27
-40
-28
-27
-37
-34
-42
-35
-33
-36
-49
-52
-42
-43
-58
-38
-38
-41
-41
-46
-43
-24
-41
-21
-19
-43
-11
-32
-32
-19
-29
-29
-13
-31
-20
-6
-12
-18
-23
-28
-27
-25
-28
-18
-19
-22
-12
-34
-26
-24
-14
-12
-31
-26
-25
-28
-34
-16
-27
-26
-3
-23
-15
-18
-19
-13
-22
-17
-10
-4
-5
-17
-26
-16
-23
-11
-19
-22
-16
-13
8
7
-19
-5
-19
-29
-14
-5
-6
-9
1
-2
-7
-3
4
-13
-8
-4
-9
1
-2
-15
-3
-13
-9
2
4
-5
-13
-20
-2
-1
-9
-17
-11
-14
-8
-9
-8
-5
-1
-2
-15
-8
-17
6
4
-7
-3
-4
-11
-20
-19
-7
-2
-13
0
-7
3
0
-5
-11
-28
-14
-17
-13
-29
-35
-13
-29
-23
-19
-29
-11
-31
-28
-11
-5
-11
-10
-10
-3
-6
-12
-13
-5
-5
-13
-11
-21
-11
-20
-15
-15
-3
-10
-16
-10
-30
-11
-2
-12
-4
-12
-9
-6
-1
-11
-7
-1
5
-1
-5
4
-8
4
3
-5
5
2
7
-8
-18
-10
-6
-8
-7
-11
-7
-14
-13
-23
-45
-23
-19
-19
-5
-19
-12
-8
-6
-1
-22
-20
-23
-18
-29
-25
-21
-27
-19
-20
-22
-16
-36
-33
-20
-30
-29
-34
-29
-29
-24
-14
-25
-20
-19
-32
-23
-26
-33
-26
-15
-19
-29
-19
-13
-19
-9
-11
-8
-22
-28
-13
-10
-5
-4
-6
-10
-5
-31
-33
-22
-29
-30
-24
-33
-28
-23
-19
-29
-35
-28
-21
-27
-33
-28
-27
-35
-32
-42
-48
-32
-36
-32
-43
-20
-34
-27
-45
-49
-18
-26
-27
-39
-31
-40
-16
-9
-10
-14
-18
-18
-38
-26
-35
-39
-23
-32
-23
-37
-43
-32
-24
-9
-30
-30
-23
-8
-15
-14
-8
-14
-21
-20
-19
-41
-24
-26
-27
-21
-22
-22
-10
-17
-31
-25
-20
-12
-27
-29
-25
-16
-33
-21
-23
-18
-18
-22
-15
-17
-7
-20
-13
-15
-13
-4
-25
-24
-11
-13
-24
-28
-12
-21
-20
-18
-11
-8
-27
-22
-29
-22
-30
-25
-25
-31
-28
-39
-41
-41
-40
-36
-37
-32
-35
-28
-31
-29
-27
-27
-26
-19
-11
-21
-21
-23
-19
-19
-14
-16
-25
-17
-28
-15
0
-11
-7
-12
-17
-12
-23
-15
-34
-10
-16
-16
-2
-14
-10
-22
-10
-14
-20
-24
-14
-10
-13
-17
-20
-6
-24
-47
-30
-24
-16
-24
-27
-27
-20
-23
-38
-38
-31
-40
-28
-34
-33
-23
-25
-23
-19
-37
-36
-23
-24
-31
-17
-23
-26
-15
-21
-29
-29
-18
-12
-16
-25
-19
-9
-5
-19
-24
-4
-9
0
-17
-15
0
-16
-6
-8
-12
-24
-18
-24
-18
-9
-20
-25
-25
-24
-23
-27
-11
-8
-9
2
-14
-15
1
-4
-4
10
9
17
10
0
-11
-18
-8
-14
-10
-18
-22
-18
-22
-15
-22
-20
-20
-18
-12
-11
-11
-4
-7
4
7
6
7
7
10
11
12
-10
-3
-4
-8
4
-4
-10
-6
-11
2
2
7
-2
-2
10
-7
-11
-17
-8
-5
-7
-2
0
3
1
-16
-12
-21
-23
-28
-27
-11
-14
1
-16
-15
-18
-27
-17
-17
-25
-29
-30
-25
-29
-27
-22
-39
-11
-10
-18
-21
-13
-14
-1
3
-23
-11
-20
-19
-13
-3
-9
-13
-3
2
4
0
-1
-1
-10
-19
1
10
-13
-12
-5
-15
-9
-2
-6
-3
3
-4
-18
4
7
12
18
11
26
35
23
26
29
23
13
-3
10
28
7
7
-1
16
18
8
10
4
2
14
9
26
30
19
28
18
5
21
23
25
19
17
10
18
17
6
12
16
25
26
34
18
15
17
13
19
30
19
0
5
16
32
33
31
29
25
29
23
19
18
16
15
20
23
11
7
26
18
25
18
12
17
1
20
3
7
3
3
23
24
29
24
26
19
21
21
33
27
25
25
16
22
25
25
35
43
35
33
47
40
23
28
42
33
27
26
35
29
23
28
22
25
44
51
45
39
51
39
29
56
35
42
42
37
49
55
48
44
47
38
34
38
36
24
45
43
36
42
40
27
16
34
31
33
30
14
32
10
5
19
3
11
4
10
12
13
-1
5
-4
6
10
4
12
-13
5
4
7
4
-5
3
8
13
-9
-10
-11
-4
3
-3
-10
-14
-9
-10
-11
-7
1
11
10
-1
0
-5
-3
-8
-8
5
-13
-10
-14
-14
5
-8
-15
-14
-9
-10
-9
12
-3
-17
-5
-7
-5
-18
-6
22
1
-4
7
-4
-2
-7
3
6
12
1
-8
-4
-17
-22
-21
-14
-7
-15
-8
-8
-3
-14
-17
-8
-11
-16
-10
-3
-20
-17
-10
-9
-18
-5
-2
-7
3
2
6
10
3
12
-2
8
2
0
20
9
18
11
-1
-3
2
8
3
-3
-13
-11
-7
-1
-17
-4
-7
-2
0
0
6
6
17
-11
-13
21
10
9
14
6
4
2
-3
-4
-15
-5
-1
-6
-3
-15
0
-5
12
-6
-3
-7
-11
3
2
-2
-6
6
16
17
13
22
16
10
11
13
9
15
5
3
-3
-6
7
-7
-8
-4
7
2
14
8
7
15
6
27
8
5
17
2
0
13
2
5
16
1
13
23
9
15
16
8
12
21
5
0
4
8
13
11
4
-3
9
2
8
-1
-23
-5
14
-4
17
3
-4
5
5
23
6
16
23
31
7
17
7
15
30
20
20
15
25
20
26
12
11
0
13
13
2
-1
-5
4
-7
-2
-6
-6
3
7
14
12
6
-8
13
-8
7
4
0
-9
-3
0
-14
-17
-27
-2
-10
-9
-13
-29
-16
-8
-14
-8
-14
-13
-6
-7
-6
-13
-14
-18
-9
-6
-24
-20
-5
-8
-18
-19
-23
1
-20
-28
-25
-25
-9
-25
-28
-21
-16
-19
-23
-25
-31
-27
-32
-34
-15
-11
-13
-25
-18
-21
-34
-10
-13
-28
-7
-9
-3
-7
-19
-34
-19
3
-6
-29
-26
-14
-13
-20
-12
-11
-23
-6
-6
-1
4
-13
-11
-1
-1
4
0
-12
0
4
-3
-3
12
-3
-12
-8
5
-2
-7
-9
-10
6
-8
-14
-1
3
0
2
2
10
13
13
-6
4
-2
8
12
11
20
-1
-9
-11
-7
2
-4
-20
-12
-5
-9
1
0
-2
10
10
3
14
21
1
16
19
24
21
6
20
13
20
29
30
16
6
3
3
14
3
-6
0
-10
-4
-2
-12
10
5
-9
-9
-6
-3
0
4
-3
-1
7
-3
-8
2
9
2
-1
0
6
7
5
6
12
6
7
11
12
4
16
13
23
26
26
14
6
16
15
11
-2
4
-10
-20
4
-3
-8
-5
-10
2
-10
-12
-8
2
-12
-7
-2
16
4
-2
10
-9
-15
-17
5
-15
6
-13
-16
-12
-22
-12
6
0
-1
-6
-16
-2
-11
-2
-4
-16
-16
-12
-16
-12
-17
-7
-13
-7
-4
-11
-8
-21
-5
-9
-6
-21
-15
2
-10
7
5
-7
-14
-14
1
-26
-14
-4
-17
-16
-31
-23
-30
-27
-17
-4
-33
-44
-29
-37
-14
-23
-12
-16
-14
-5
-9
-1
-16
-9
-5
-12
-28
-13
-18
-9
-27
-37
-28
-25
-32
-33
-19
-31
-15
-43
-25
-20
-27
-17
-32
-23
-33
-40
-34
-25
-21
-26
-37
-26
-39
-39
-49
-32
-13
-38
-36
-34
-24
-35
-38
-37
-36
-34
-26
-27
-22
-11
-28
-38
-26
-27
-40
-27
-20
-15
-13
-27
-20
-5
-1
-16
-5
-23
-9
-14
-27
-16
-12
-13
-9
-9
-14
-13
-5
-14
-15
-18
-22
-17
-17
-12
-19
-18
-31
-23
-23
-22
-12
-30
-28
-26
-21
-24
-31
-27
-39
-37
-10
-18
-26
-20
-7
2
-5
-9
-15
0
-16
-15
-16
-28
-23
-17
-27
-12
-17
-35
-17
-27
-34
-41
-29
-27
-34
-21
-29
-27
-26
-28
-27
-15
-19
-23
-5
-12
-15
-10
-17
-17
-16
-12
-15
-25
-24
-22
-23
-25
-18
-12
-43
-25
-30
-33
-31
-33
-31
-26
-31
-38
-18
-25
-33
-28
-26
-31
-24
-19
-35
-27
-31
-33
-37
-22
-20
-23
-17
-40
-32
-24
-37
-41
-42
-47
-38
-35
-47
-53
-37
-34
-46
-35
-38
-43
-38
-48
-35
-43
-43
-47
-52
-17
-37
-47
-39
-50
-40
-46
-43
-33
-37
-31
-47
-40
-27
-43
-37
-28
-30
-28
-26
-28
-31
-35
-23
-21
-25
-22
-12
2
-20
-10
-20
-8
-22
-24
-23
-31
-50
-43
-18
-38
-33
-43
-38
-38
-50
-59
-37
-38
-42
-37
-45
-47
-30
-43
-55
-45
-50
-48
-59
-50
-51
-41
-38
-29
-30
-37
-16
-32
-18
-39
-27
-25
-39
-45
-53
-45
-42
-33
-39
-48
-51
-49
-51
-50
-52
-43
-33
-37
-44
-50
-52
-31
-18
-37
-44
-34
-22
-29
-23
-47
-42
-19
-33
-29
-32
-34
-25
-27
-31
-29
-35
-33
-23
-17
-25
-5
-9
-8
-5
-8
-3
-19
-12
-7
-18
0
-8
-2
-2
-6
-4
-4
1
-8
-8
-28
-24
-30
-27
-27
-24
-22
-31
-29
-19
-11
-33
-34
-37
-41
-37
-50
-47
-38
-31
-53
-48
-30
-26
-34
-37
-34
-43
-32
-29
-31
-32
-39
-40
-26
-39
-34
-31
-44
-46
-36
-50
-39
-42
-49
-41
-50
-49
-40
-32
-42
-47
-36
-31
-27
-36
-37
-30
-38
-38
-53
-38
-30
-26
-34
-30
-27
-55
-46
-42
-27
-39
-52
-54
-44
-30
-22
-41
-24
-25
-37
-30
-23
-25
-25
-24
-32
-39
-28
-30
-29
-19
-24
-34
-65
-47
-40
-51
-48
-57
-46
-45
-50
-40
-61
-54
-60
-67
-54
-43
-40
-43
-31
-23
-41
-36
-38
-59
-61
-55
-68
-59
-42
-47
-47
-47
-41
-29
-31
-28
-31
-41
-27
-32
-35
-41
-43
-27
-23
-37
-16
-18
-22
-13
-9
-37
-39
-10
-21
-23
-10
-10
-30
-21
-25
-15
-15
-33
-31
-24
-31
-27
-16
-20
-14
-22
-25
-23
-23
-27
-9
-20
-18
-5
-20
-19
-13
-16
-16
-22
-17
-9
-21
-25
-31
-31
-14
-19
-7
-9
-26
-10
-16
-11
-4
-5
-9
-11
-17
-20
-24
-26
-11
-10
-15
-30
-42
-30
-16
-23
-34
-26
-35
-36
-38
-30
-23
-29
-32
-33
-16
-22
-25
-29
-29
-29
-19
-37
-34
-19
-31
-26
-36
-33
-31
-28
-28
-40
-27
-25
-32
-30
-36
-27
-35
-31
-28
-39
-44
-22
-33
-32
-37
-36
-31
-39
-32
-31
-29
-19
-13
-16
-12
-16
-26
-26
-16
-16
-13
1
-14
-14
-17
-16
-16
-13
-10
-7
-5
-27
-14
-18
-16
-12
-29
-30
-30
-39
-24
-46
-32
-31
-32
-20
-21
-18
-18
-2
-22
-29
-4
-4
-23
-24
-2
-26
-19
-16
-33
-21
-36
-37
-32
-52
-44
-43
-47
-48
-38
-28
-36
-19
-29
-31
-25
-38
-38
-44
-48
-46
-49
-36
-29
-43
-25
-40
-37
-33
-46
-46
-41
-46
-47
-47
-25
-29
-33
-22
-20
-22
-42
-41
-28
-33
-28
-20
-24
-19
-29
-27
-24
-27
-12
-33
-22
-16
-24
-10
-21
-29
-16
-24
-29
-21
-18
-23
-22
-16
-30
-21
-21
-33
-28
-19
-20
-27
-27
-7
-8
-20
-19
-20
-29
-17
-9
-21
-16
-11
-16
-25
-24
-21
-15
-12
-12
0
-8
-3
1
2
-6
-10
1
1
-20
-16
-12
-19
-9
5
12
12
19
12
16
12
16
11
6
1
-3
11
7
13
15
13
11
11
25
23
17
21
19
20
37
35
27
24
19
37
37
-4
16
21
16
26
24
20
15
0
14
11
1
5
8
13
1
7
0
2
26
19
12
8
6
4
26
18
10
12
14
23
21
9
-9
-2
-3
9
-6
-1
-1
-12
10
-2
-6
8
28
24
4
22
3
22
22
23
8
16
27
28
22
5
26
31
21
23
33
45
28
19
21
31
29
8
25
14
16
18
25
26
32
29
37
40
28
26
27
27
19
14
31
37
18
28
20
26
6
27
33
-4
17
5
4
-1
19
21
21
17
21
28
12
31
20
24
13
10
22
19
21
17
23
21
10
23
36
30
28
28
24
26
39
37
32
36
31
28
35
29
41
25
21
30
17
62
50
34
33
41
34
32
41
10
46
28
23
43
38
29
37
51
30
18
31
15
8
20
10
0
8
21
7
15
14
2
14
5
7
8
4
7
15
3
-6
13
3
-3
7
10
0
2
-10
7
19
-2
6
-9
6
4
11
18
5
21
12
9
2
9
7
3
5
3
-12
-2
-4
-8
9
-4
7
-3
14
-5
-2
5
1
-1
-14
6
-7
-3
-8
-9
-2
14
7
-12
-12
-17
-4
-19
-27
-37
-41
-40
-36
-31
-30
-38
-22
-35
-57
-41
-37
-41
-44
-48
-54
-38
-42
-38
-42
-47
-37
-30
-23
-38
-35
-32
-47
-54
-39
-38
-21
-19
-31
-25
-25
-31
-28
-38
-31
-32
-47
-35
-45
-27
-38
-39
-40
-48
-44
-52
-42
-41
-31
-36
-46
-37
-40
-28
-34
-29
-27
-29
-24
-6
-21
-21
-19
-13
-18
-25
-4
-27
-29
-26
-33
-30
-16
-36
-36
-31
-37
-37
-38
-26
-22
-27
-25
-16
-39
-37
-27
-10
-18
-17
-17
-16
-17
-21
-8
-16
-14
-15
-23
-26
-4
-10
-3
-11
-32
-17
-3
-13
-18
-14
-12
-17
-13
-23
4
-7
-25
-13
-17
-12
-24
-10
-20
-15
-21
-19
-22
-31
-37
-26
-24
-22
-19
-29
-30
-42
-26
-29
-33
-44
-40
-46
-52
-48
-50
-37
-21
-30
-30
-20
-13
1
-2
-6
-14
-3
-13
1
-2
3
-3
-7
-12
-17
-10
-6
-1
-10
-13
-9
4
-3
6
15
-3
-2
-5
-14
-8
-22
-11
0
-6
11
11
-6
-7
1
-12
-9
-22
-15
-8
-16
-9
-6
-19
-35
-24
-15
-10
2
0
-22
-10
2
-23
-4
-3
-20
-6
-16
-8
10
13
7
29
16
-7
13
13
18
21
21
13
11
19
13
1
5
4
10
13
-2
13
-6
12
21
15
19
9
9
17
5
20
11
17
11
-10
7
7
1
-7
-5
-10
4
12
0
-1
6
4
10
-9
-6
-1
-7
7
13
6
12
4
-15
-14
-2
4
14
-4
14
22
7
5
-8
8
-14
-17
-8
0
4
6
-7
-9
11
0
7
3
8
6
-14
0
9
5
8
9
2
13
16
-8
5
12
5
7
-5
13
-3
-3
-2
-9
4
7
-2
7
17
-7
4
2
2
1
-4
-11
-12
-6
-8
0
-2
-2
-5
-8
-2
-14
-12
-10
-3
-2
-14
-25
-6
6
-7
-4
-3
-2
-5
1
1
6
1
15
9
-7
6
17
11
3
4
1
4
9
-8
8
12
8
22
23
4
10
3
-1
0
13
13
1
9
-10
14
9
9
33
16
12
12
14
24
8
17
11
14
6
23
34
10
19
25
17
0
15
2
1
9
15
17
3
9
-5
12
14
13
-6
-10
11
10
7
3
1
-7
2
-2
5
2
3
-1
-8
11
-6
-5
-21
-16
-7
-16
5
-23
-9
-13
-8
-3
-9
13
-2
5
-13
-18
-9
-2
0
-3
-14
-7
5
-8
2
-3
0
-11
-6
9
0
3
-8
6
5
-25
-3
-1
-3
-17
-18
-4
-10
-5
1
-4
-7
-10
-2
-3
-5
0
4
5
7
1
1
3
8
-11
-5
20
2
-18
4
-15
-19
-8
-3
10
-5
-6
-12
3
-2
8
6
-11
17
11
12
10
3
10
16
13
20
15
18
11
14
10
20
8
19
14
7
16
17
14
10
15
18
8
17
14
10
17
13
1
18
16
-3
-9
-3
0
-4
1
-6
-9
-9
6
8
3
-4
9
-5
-7
2
-1
6
-1
7
-13
-4
4
-13
1
3
10
7
-8
1
-3
4
-7
-5
-11
-16
-8
-11
-5
-18
-17
-3
10
1
-8
0
8
15
3
7
1
-5
21
12
17
9
2
-5
2
10
14
31
12
14
22
19
27
23
19
14
5
3
13
10
20
10
-9
12
4
21
25
27
7
8
18
16
16
7
30
20
10
3
7
14
14
13
1
7
4
-1
-7
-13
14
-5
-12
-13
-4
-6
-21
-13
-15
-12
-7
-3
-5
-12
1
-3
-6
3
-8
-1
15
-2
3
9
-10
8
-1
-5
8
-1
5
14
23
10
8
4
7
10
-9
-1
7
-4
1
8
-9
-3
2
18
4
12
9
1
10
0
13
-6
13
7
9
-2
7
7
3
14
9
19
13
13
6
-2
-5
9
9
5
-5
15
6
-10
-14
-7
16
6
3
10
-8
16
6
0
3
14
31
4
20
4
10
21
9
26
19
3
8
12
14
18
7
8
12
17
23
7
-5
8
8
9
1
6
11
-3
-1
-3
4
2
4
-2
11
-6
1
-4
-4
8
-23
-17
-14
4
-19
-44
-45
-58
-68
-97
-137
-159
-244
-281
-210
-135
-70
-40
-16
-23
4
62
93
159
185
182
163
56
-48
-11
3
29
21
-37
-80
-82
-82
-84
-95
-144
-142
-138
-145
-159
-142
-187
-184
-133
-134
-108
-98
-68
-51
-52
-54
-65
-39
-95
-89
-89
-67
-17
4
19
-22
21
27
69
115
123
135
122
105
126
106
67
18
-10
39
25
37
-13
-1
13
3
1
-39
-65
-102
-97
-134
-167
-211
-272
-301
-295
-259
-193
-113
-41
-153
-173
-126
-94
12
16
42
74
112
134
98
-55
-145
-137
-53
73
126
45
1
-9
-54
-44
-123
-258
-216
-87
-41
-42
-94
-161
-163
-124
-74
-27
-64
-136
-117
-132
-130
-61
-124
-144
-61
-28
-29
-45
-67
-187
-288
-244
-148
1
61
25
-50
-94
-73
-13
-10
16
-18
-126
-218
-270
-279
-214
-104
-131
-151
-171
-192
-120
-100
-182
-235
-188
-96
-14
-1
-116
-197
-237
-215
-102
-84
-91
-98
-150
-118
-109
-77
-69
-119
-98
-80
-45
-42
-33
-33
-43
-26
16
35
91
92
57
65
-33
-14
-1
-5
13
-2
-27
-29
-56
-25
20
17
9
-9
-18
-2
71
73
36
-22
-54
-64
-63
-43
-6
41
17
21
63
68
40
-1
-59
-36
-52
-5
81
50
31
-2
10
17
16
22
-8
-10
-36
-34
57
57
39
96
67
49
25
20
59
133
180
158
90
42
34
40
-20
-65
-78
-100
-43
-25
-76
-150
-195
-180
-116
-26
-22
-61
-113
-94
3
13
33
70
19
27
53
16
79
126
88
77
106
15
-34
-47
-78
-110
-96
-76
-76
-83
-105
-138
-164
-139
-107
-42
-27
-44
-63
-60
-41
4
26
-7
-5
4
27
60
44
22
53
56
44
31
-31
-78
-68
-29
-29
-6
0
-49
-61
-76
-91
-83
-23
4
30
11
-74
-50
-5
13
24
21
-43
-60
-37
-39
-48
-51
-55
-102
-121
-107
-114
-97
-72
-100
-109
-54
-42
-59
-73
-49
-18
13
36
8
10
0
-12
-31
-69
-113
-110
-54
-12
-22
-62
-117
-145
-91
-43
-9
-33
-60
-47
-4
13
6
-20
-89
-102
-68
-36
-1
-17
-62
-58
-32
0
35
22
-22
-48
-41
-6
60
83
70
16
-35
-59
-49
-44
-61
-62
-61
-67
-59
-75
-80
-88
-108
-81
-43
-25
12
21
-18
-29
-45
-45
-24
-1
25
21
17
5
1
39
73
89
58
11
8
23
56
84
77
35
35
40
34
69
75
73
77
62
74
104
51
7
-34
-10
26
25
48
51
23
-3
-12
-40
-24
18
26
51
74
76
78
96
69
66
94
115
106
105
99
75
62
59
55
41
42
24
2
-1
-2
-7
0
-4
-7
-33
-32
8
21
15
19
-3
19
58
39
47
34
25
24
45
66
56
31
-4
-55
-45
-9
-4
28
44
1
-30
-32
-66
-56
-40
-33
-44
-20
-6
-18
-12
-5
1
-27
-19
-6
31
34
55
73
27
7
-1
2
41
23
10
34
49
26
-4
-10
16
42
20
27
34
-1
-44
-33
-38
-3
69
82
53
30
51
77
90
144
162
109
89
91
102
148
148
100
82
85
74
88
106
132
143
100
93
114
119
139
134
83
80
81
92
153
147
98
96
98
119
126
131
118
98
81
68
86
107
55
35
50
31
54
34
34
57
57
21
-4
46
55
37
30
50
66
43
50
33
36
43
26
58
59
76
70
32
40
49
-12
-49
36
87
85
49
26
61
73
78
97
81
35
26
80
140
151
155
78
38
99
174
148
93
115
133
158
190
203
184
175
164
174
176
231
237
269
332
398
404
334
309
312
296
304
403
482
514
471
449
452
408
388
418
416
433
474
470
493
506
437
337
341
402
476
493
448
425
440
404
353
342
359
391
398
369
345
329
288
288
292
294
273
215
213
248
231
142
64
64
89
112
78
78
70
59
44
31
81
93
99
78
51
20
17
40
103
76
63
98
104
43
28
62
65
135
144
135
142
162
177
171
159
160
216
260
264
303
289
257
285
292
267
216
233
264
260
266
226
166
177
196
194
212
237
222
219
236
228
203
193
222
236
263
238
208
226
235
226
216
249
248
245
253
256
241
255
238
230
252
227
234
215
223
241
241
238
236
242
249
235
221
216
227
207
190
212
209
196
173
166
137
143
138
109
123
125
99
81
67
23
7
3
-29
-30
-19
-36
-72
-89
-95
-119
-114
-111
-123
-114
-103
-137
-128
-103
-131
-139
-125
-138
-125
-133
-143
-109
-101
-139
-131
-101
-112
-79
-67
-91
-50
-56
-105
-72
-45
-50
-57
-23
24
-23
-25
12
36
40
54
44
78
106
70
89
113
116
152
168
152
170
178
207
173
171
216
213
234
251
260
239
278
276
221
287
309
310
335
338
369
346
340
386
400
389
443
464
458
484
511
543
565
577
556
604
607
607
602
565
536
481
411
326
286
232
170
109
65
-5
-76
-141
-212
-258
-306
-323
-327
-322
-352
-384
-388
-411
-436
-430
-409
-383
-338
-300
-338
-360
-319
-296
-287
-233
-214
-230
-250
-274
-253
-281
-299
-277
-278
-283
-275
-279
-272
-265
-260
-249
-232
-147
-143
-176
-152
-128
-125
-124
-79
-15
-18
-1
61
84
81
126
198
224
269
320
370
382
386
425
437
436
536
651
648
668
689
703
677
751
863
878
955
1050
1158
1199
1267
1313
1261
1133
993
894
852
868
831
704
486
223
-2
-115
-181
-226
-305
-408
-493
-596
-660
-721
-778
-805
-774
-697
-591
-490
-437
-417
-409
-372
-267
-113
36
130
176
131
81
97
91
73
57
56
5
-105
-227
-339
-488
-626
-699
-675
-702
-789
-880
-964
-1001
-1026
-997
-896
-799
-725
-692
-692
-666
-623
-525
-416
-298
-196
-117
-82
-70
-26
32
102
156
224
275
276
266
270
253
213
216
272
322
367
383
391
392
445
556
612
671
745
853
951
1101
1293
1435
1596
1679
1512
1188
980
985
1183
1287
1236
1002
612
216
-53
-120
-114
-157
-299
-450
-565
-708
-879
-1005
-1077
-1070
-993
-802
-596
-505
-573
-688
-652
-472
-204
68
237
291
205
111
121
197
295
318
276
256
173
60
-42
-166
-293
-395
-484
-556
-615
-771
-951
-1106
-1181
-1146
-1032
-953
-941
-972
-1017
-1012
-909
-745
-575
-428
-375
-358
-359
-321
-234
-97
-14
18
96
170
199
196
212
167
182
243
290
330
332
304
251
202
235
311
381
469
543
576
605
636
725
858
988
1123
1288
1431
1421
1201
914
769
867
1107
1188
1108
829
430
124
-15
28
78
31
-160
-348
-491
-613
-723
-814
-837
-860
-823
-703
-552
-506
-600
-704
-707
-547
-284
-66
87
75
-76
-181
-172
-63
68
113
73
6
-89
-133
-175
-237
-313
-397
-429
-446
-449
-517
-691
-855
-946
-927
-828
-738
-688
-740
-857
-900
-834
-689
-543
-460
-441
-471
-461
-415
-376
-311
-258
-238
-171
-65
2
-13
-49
-79
-56
36
149
212
223
184
166
167
192
274
358
439
480
501
522
578
683
762
876
1015
1145
1297
1455
1511
1390
1163
996
1037
1231
1418
1425
1197
844
456
252
277
363
342
147
-121
-341
-472
-606
-722
-823
-887
-936
-926
-847
-789
-865
-1021
-1097
-1009
-789
-542
-340
-289
-364
-497
-515
-331
-93
91
134
77
23
-31
16
80
135
106
13
-58
-54
-84
-198
-365
-581
-690
-745
-715
-714
-762
-929
-1110
-1166
-1102
-962
-841
-797
-814
-835
-828
-751
-596
-447
-369
-323
-251
-148
-44
44
111
187
263
366
481
567
563
532
477
439
564
716
795
814
793
780
786
886
1074
1232
1347
1472
1639
1812
1860
1689
1343
1144
1262
1608
1805
1679
1256
665
193
46
248
489
407
-12
-492
-810
-968
-1014
-988
-998
-1072
-1214
-1293
-1204
-1130
-1192
-1291
-1250
-1039
-719
-466
-346
-387
-558
-620
-454
-27
344
432
308
114
17
76
293
520
604
488
259
86
18
-33
-129
-253
-376
-494
-633
-776
-958
-1187
-1376
-1485
-1445
-1328
-1266
-1324
-1448
-1519
-1467
-1292
-1038
-836
-706
-661
-631
-500
-312
-70
115
237
341
414
508
613
722
761
763
787
795
790
805
850
867
878
858
914
999
1062
1197
1375
1529
1716
1903
1966
1719
1316
1127
1336
1765
1937
1655
1068
430
7
-3
305
525
275
-383
-977
-1230
-1218
-1142
-1083
-1086
-1272
-1541
-1640
-1463
-1272
-1232
-1252
-1137
-880
-635
-468
-387
-368
-441
-384
-94
291
528
431
217
89
144
352
566
694
601
319
79
15
55
60
-114
-356
-554
-719
-860
-995
-1148
-1339
-1486
-1560
-1534
-1440
-1432
-1472
-1487
-1433
-1338
-1206
-1034
-891
-754
-636
-503
-345
-153
-9
142
277
422
585
704
789
811
847
857
866
905
941
949
939
930
938
977
1063
1175
1315
1443
1589
1728
1900
1984
1777
1406
1207
1415
1833
1953
1623
1017
379
24
80
405
585
237
-488
-1106
-1313
-1202
-1043
-977
-1058
-1345
-1694
-1797
-1550
-1231
-1099
-1143
-1120
-998
-803
-631
-440
-315
-314
-276
-91
182
356
297
149
144
225
366
456
481
385
147
-34
-31
59
33
-185
-507
-745
-867
-865
-821
-869
-1073
-1364
-1547
-1502
-1288
-1109
-1085
-1186
-1288
-1301
-1167
-897
-646
-504
-480
-498
-418
-210
23
226
379
470
525
584
673
767
843
903
942
981
1022
1048
1057
1092
1150
1213
1347
1510
1656
1770
1909
2052
2089
1794
1443
1364
1628
1977
1962
1515
881
353
159
312
574
563
61
-638
-1073
-1121
-960
-841
-922
-1138
-1499
-1733
-1669
-1362
-1094
-1073
-1196
-1226
-1107
-899
-658
-430
-309
-332
-336
-216
-5
98
114
140
224
269
265
239
202
154
98
137
179
100
-125
-410
-578
-562
-514
-506
-632
-889
-1161
-1306
-1257
-1082
-986
-984
-1123
-1269
-1293
-1184
-979
-811
-699
-662
-643
-577
-434
-225
-46
113
237
313
388
507
643
768
878
935
964
990
1053
1161
1288
1348
1378
1386
1456
1603
1799
2012
2175
2227
1970
1568
1381
1626
2022
2150
1741
1080
540
312
453
744
775
320
-424
-969
-964
-709
-565
-689
-982
-1327
-1632
-1600
-1288
-994
-971
-1157
-1280
-1227
-1076
-879
-642
-459
-428
-491
-447
-331
-208
-144
-71
42
138
105
16
-30
-18
56
120
182
128
-64
-306
-418
-374
-280
-287
-436
-693
-927
-1051
-1008
-897
-858
-951
-1133
-1237
-1228
-1102
-949
-878
-851
-878
-870
-765
-569
-341
-180
-108
-57
18
162
350
546
717
795
800
781
821
889
1051
1198
1286
1270
1204
1218
1324
1503
1674
1862
2003
1989
1712
1361
1300
1641
2035
2015
1510
858
443
432
707
945
825
226
-533
-881
-713
-377
-267
-505
-918
-1339
-1558
-1424
-1063
-826
-937
-1236
-1415
-1358
-1162
-932
-697
-574
-651
-766
-739
-607
-444
-306
-181
-101
-136
-231
-294
-200
-45
86
123
61
-72
-231
-298
-207
-89
-102
-236
-466
-657
-723
-681
-607
-603
-740
-938
-1053
-1059
-951
-812
-770
-819
-903
-903
-826
-645
-439
-299
-211
-231
-195
-60
124
341
502
639
714
712
725
790
878
993
1092
1147
1149
1119
1131
1242
1384
1485
1604
1735
1854
1782
1513
1340
1501
1902
2079
1776
1203
754
655
844
1098
1087
663
-68
-588
-538
-189
-32
-266
-721
-1113
-1361
-1346
-1055
-792
-870
-1202
-1468
-1459
-1270
-1043
-813
-697
-761
-924
-950
-772
-553
-387
-298
-244
-259
-377
-391
-268
-49
87
89
-3
-118
-207
-184
-61
41
41
-133
-336
-448
-454
-379
-322
-380
-546
-746
-857
-831
-713
-632
-652
-772
-840
-834
-744
-593
-460
-363
-338
-308
-248
-111
40
187
326
417
488
565
657
741
806
860
919
981
1027
1062
1102
1160
1223
1281
1374
1505
1652
1774
1785
1614
1445
1457
1708
1960
1817
1365
946
812
924
1049
1014
684
147
-273
-361
-131
-28
-256
-677
-1016
-1145
-1169
-1058
-949
-971
-1209
-1433
-1443
-1274
-1111
-1020
-939
-931
-967
-989
-918
-747
-570
-496
-462
-484
-499
-441
-333
-164
-73
-82
-129
-158
-113
-18
54
83
19
-70
-148
-208
-205
-191
-213
-282
-402
-518
-562
-564
-547
-550
-567
-607
-678
-678
-636
-547
-456
-422
-380
-336
-294
-217
-73
78
172
226
297
388
486
609
682
680
697
761
851
927
980
1022
1050
1056
1120
1269
1425
1546
1629
1702
1602
1413
1356
1559
1857
1879
1511
1056
843
861
991
1039
872
400
-110
-353
-249
-82
-190
-551
-904
-1098
-1220
-1189
-1044
-985
-1161
-1409
-1486
-1396
-1272
-1168
-1064
-972
-1005
-1091
-1084
-952
-795
-690
-591
-555
-544
-574
-523
-373
-201
-128
-140
-146
-99
-32
28
72
73
44
-10
-23
-26
-37
-117
-233
-283
-321
-334
-389
-482
-527
-588
-610
-613
-596
-571
-590
-608
-567
-490
-424
-367
-327
-243
-142
-42
46
144
202
233
328
440
522
563
588
640
688
750
824
879
918
923
999
1138
1268
1379
1443
1520
1501
1380
1293
1421
1670
1720
1482
1102
846
823
903
948
794
427
10
-271
-263
-152
-246
-554
-903
-1084
-1133
-1157
-1146
-1149
-1247
-1383
-1445
-1364
-1271
-1211
-1161
-1088
-1052
-1095
-1113
-1033
-873
-744
-658
-608
-598
-619
-541
-377
-140
-7
-35
-76
-100
-11
133
286
326
265
150
48
35
101
186
136
-39
-238
-347
-350
-324
-316
-384
-548
-676
-715
-655
-571
-579
-614
-654
-639
-582
-455
-340
-286
-245
-252
-185
-31
113
215
289
324
353
404
524
657
742
783
785
802
868
944
1046
1172
1213
1216
1251
1392
1495
1469
1346
1257
1363
1496
1439
1178
883
731
737
794
705
459
78
-275
-391
-288
-248
-463
-806
-1067
-1124
-1081
-1071
-1066
-1086
-1236
-1343
-1348
-1232
-1139
-1132
-1087
-1008
-984
-1008
-974
-857
-701
-625
-558
-511
-488
-428
-322
-127
23
48
35
68
161
247
307
340
368
337
285
264
251
206
126
48
0
-70
-165
-265
-379
-430
-497
-537
-594
-664
-693
-730
-719
-696
-687
-686
-671
-602
-508
-418
-370
-330
-260
-149
-26
77
178
242
312
421
529
615
688
730
759
824
865
878
878
893
947
1025
1077
1128
1146
1152
1160
1099
1009
1021
1114
1172
1042
738
501
432
488
512
391
135
-216
-465
-505
-410
-392
-559
-826
-1012
-1059
-1062
-1051
-1047
-1059
-1126
-1204
-1213
-1132
-1051
-1030
-982
-875
-834
-840
-812
-694
-549
-448
-403
-336
-286
-246
-152
-14
126
137
115
121
196
288
345
358
317
266
263
255
259
198
100
-22
-104
-156
-164
-194
-293
-427
-527
-576
-571
-572
-602
-655
-713
-740
-734
-640
-583
-572
-555
-545
-488
-388
-249
-132
-47
12
73
184
328
441
518
572
564
571
606
694
759
785
762
701
686
688
733
804
838
873
854
848
861
802
745
731
803
835
691
455
278
240
280
288
195
-17
-285
-508
-527
-443
-450
-590
-807
-938
-963
-946
-923
-882
-892
-953
-1022
-979
-862
-767
-709
-658
-580
-563
-570
-527
-393
-266
-225
-195
-193
-173
-125
-31
85
143
103
73
101
195
265
273
294
248
170
153
189
212
183
89
-38
-100
-135
-160
-164
-231
-367
-496
-540
-505
-484
-504
-578
-637
-643
-601
-537
-477
-470
-465
-425
-341
-215
-116
-58
-31
11
100
229
356
409
406
380
405
483
531
548
519
469
427
421
412
413
402
404
405
422
444
474
548
570
554
527
526
568
622
630
528
373
277
290
329
286
138
-33
-194
-249
-221
-203
-285
-461
-581
-602
-566
-532
-526
-509
-564
-623
-595
-518
-418
-379
-378
-360
-363
-368
-354
-283
-198
-179
-190
-213
-193
-189
-164
-83
-8
-19
-79
-79
-16
70
131
144
125
99
75
100
144
160
115
58
11
-32
-70
-82
-102
-143
-213
-280
-311
-318
-336
-367
-359
-389
-423
-444
-421
-371
-364
-363
-377
-402
-376
-309
-226
-164
-140
-140
-147
-74
25
102
132
156
135
146
198
246
266
252
253
258
294
321
324
354
379
418
445
456
535
613
596
562
543
550
596
647
619
490
378
323
367
423
382
283
112
-7
-30
20
50
-19
-150
-259
-248
-236
-211
-196
-231
-303
-352
-365
-335
-318
-310
-310
-351
-396
-428
-435
-383
-328
-341
-360
-385
-356
-311
-226
-146
-108
-126
-130
-76
3
84
114
125
111
109
151
198
224
217
187
135
84
75
59
36
-9
-66
-131
-182
-240
-290
-341
-389
-433
-469
-497
-540
-575
-600
-598
-581
-527
-498
-482
-453
-417
-340
-255
-204
-142
-82
-9
61
123
166
200
230
227
246
267
283
260
265
241
230
229
223
265
291
301
316
384
463
516
548
557
549
576
688
797
787
721
608
559
597
617
610
530
389
272
219
206
158
97
-8
-105
-181
-217
-216
-265
-320
-395
-437
-449
-447
-430
-426
-468
-507
-517
-512
-469
-419
-404
-418
-430
-416
-389
-322
-245
-183
-146
-149
-135
-86
-14
70
125
132
140
126
129
149
157
143
105
51
11
-46
-116
-179
-234
-292
-363
-400
-437
-497
-542
-595
-636
-628
-633
-624
-600
-591
-575
-532
-488
-437
-387
-347
-298
-245
-181
-106
-57
-13
54
95
146
177
219
226
248
269
266
292
294
282
278
316
347
377
394
395
407
466
514
580
639
696
725
700
714
754
789
808
785
741
674
631
581
532
483
391
296
214
178
156
81
-20
-125
-184
-218
-218
-246
-280
-328
-423
-473
-446
-397
-375
-363
-376
-415
-429
-397
-348
-271
-241
-238
-255
-266
-236
-176
-97
-91
-80
-70
-69
-62
-32
14
34
13
-8
-17
-3
-10
-31
-35
-51
-93
-118
-104
-113
-134
-187
-213
-247
-263
-255
-259
-258
-305
-353
-346
-308
-274
-262
-299
-300
-270
-201
-139
-84
-47
-47
-23
22
96
147
190
248
291
313
356
378
391
430
475
480
490
461
456
456
431
454
474
490
477
448
442
458
502
535
553
589
582
606
617
632
657
677
658
628
577
554
552
532
503
430
365
280
254
246
227
182
92
10
-30
-44
-27
-20
-83
-149
-211
-222
-211
-199
-212
-259
-309
-363
-356
-325
-311
-331
-368
-397
-386
-367
-321
-292
-283
-293
-294
-244
-156
-70
-48
-25
-10
6
25
71
140
176
165
129
111
124
132
158
152
109
53
-3
22
30
10
-57
-108
-128
-143
-96
-90
-101
-133
-155
-133
-118
-60
-24
-10
-27
-23
11
55
112
159
180
159
162
189
215
237
243
237
208
205
214
206
191
184
163
159
166
164
157
145
185
230
273
320
361
399
451
497
525
562
595
621
624
606
580
573
562
534
504
451
358
286
225
158
144
57
-41
-121
-192
-255
-326
-348
-375
-442
-545
-588
-606
-628
-617
-620
-616
-630
-627
-613
-580
-551
-521
-478
-421
-384
-345
-297
-248
-205
-188
-137
-68
-9
43
75
93
91
69
94
124
144
150
125
79
46
38
38
50
28
-76
-138
-153
-148
-131
-161
-196
-247
-305
-307
-286
-290
-317
-353
-370
-379
-364
-353
-348
-353
-370
-352
-304
-246
-238
-225
-222
-209
-147
-97
-80
-71
-85
-83
-51
-21
10
34
54
58
68
104
142
182
208
228
245
278
327
356
416
418
435
442
437
456
459
445
405
360
360
345
258
186
125
83
20
-65
-134
-183
-230
-280
-305
-361
-405
-444
-440
-408
-392
-425
-468
-458
-439
-393
-373
-331
-334
-315
-326
-300
-247
-237
-215
-196
-167
-151
-151
-128
-93
-92
-78
-71
-58
-43
-34
-19
-10
-26
-31
-17
-13
-16
-29
-79
-93
-127
-149
-163
-188
-253
-304
-338
-372
-395
-414
-431
-467
-494
-533
-530
-514
-521
-530
-536
-511
-475
-443
-383
-357
-339
-293
-206
-149
-81
-32
3
27
63
124
175
190
167
151
154
167
162
168
145
118
70
45
26
30
45
14
10
-25
-46
-35
-17
12
37
72
89
83
99
142
182
213
223
213
202
211
228
219
191
167
112
44
48
43
18
-4
-61
-103
-110
-129
-146
-147
-172
-202
-213
-205
-201
-207
-202
-184
-216
-245
-253
-234
-218
-209
-206
-209
-249
-296
-306
-291
-259
-272
-277
-300
-305
-337
-323
-286
-286
-282
-303
-297
-292
-261
-259
-262
-286
-301
-295
-287
-283
-305
-319
-333
-336
-346
-351
-344
-344
-353
-352
-326
-309
-295
-278
-250
-207
-185
-139
-104
-75
-47
-16
15
45
58
43
73
77
62
50
11
-9
-42
-56
-74
-114
-120
-137
-145
-161
-177
-152
-158
-131
-75
-48
-39
-33
11
79
138
181
230
271
312
352
378
409
406
416
422
445
455
421
391
376
366
354
333
298
232
165
163
138
124
78
17
-39
-96
-135
-166
-201
-253
-309
-325
-360
-400
-438
-475
-503
-515
-507
-500
-507
-518
-534
-521
-479
-464
-413
-381
-339
-341
-328
-253
-217
-204
-165
-166
-148
-116
-100
-93
-86
-72
-102
-104
-111
-118
-121
-148
-160
-188
-220
-250
-254
-233
-248
-263
-280
-290
-277
-266
-253
-224
-207
-189
-181
-143
-115
-86
-52
-9
1
15
39
51
63
65
45
40
26
13
26
12
-15
-58
-86
-95
-98
-86
-82
-82
-89
-99
-75
-58
2
34
52
81
137
230
275
313
358
415
449
510
548
548
562
553
576
572
547
498
451
402
359
307
264
178
122
50
-8
-82
-134
-176
-261
-306
-336
-356
-408
-435
-456
-463
-460
-446
-465
-455
-441
-433
-413
-376
-338
-355
-359
-323
-268
-219
-193
-164
-137
-135
-116
-86
-55
-36
-30
-24
-34
-62
-65
-100
-101
-101
-128
-147
-189
-215
-235
-236
-244
-239
-268
-284
-283
-265
-250
-237
-193
-182
-167
-127
-56
-23
6
15
34
80
99
120
134
148
149
146
144
129
119
100
95
60
45
27
-7
-20
-26
-50
-57
-64
-66
-62
-67
-71
-50
-33
-38
-15
0
62
79
127
170
217
256
301
359
401
459
494
520
522
551
536
557
556
549
529
473
430
381
327
274
225
170
118
68
17
-48
-118
-162
-189
-205
-232
-274
-293
-328
-341
-351
-350
-333
-319
-332
-328
-317
-292
-260
-251
-239
-239
-218
-212
-182
-141
-127
-124
-134
-101
-64
-62
-72
-64
-71
-49
-29
-64
-52
-53
-80
-96
-107
-107
-101
-110
-122
-130
-137
-160
-155
-134
-116
-109
-101
-86
-71
-51
-12
30
34
45
79
98
121
125
129
147
143
137
131
104
59
48
39
26
-5
-37
-68
-125
-142
-165
-142
-120
-125
-162
-152
-124
-98
-62
-22
25
78
118
160
214
272
336
406
458
521
554
574
599
623
671
689
704
669
607
571
554
555
519
451
373
308
252
211
159
90
-1
-76
-126
-179
-190
-236
-288
-350
-377
-386
-365
-352
-364
-367
-377
-360
-307
-258
-231
-205
-168
-150
-133
-76
-53
-25
-22
-21
-4
-21
0
8
-13
-41
-57
-81
-93
-87
-116
-153
-190
-200
-214
-225
-225
-248
-262
-268
-240
-213
-200
-188
-196
-174
-166
-139
-91
-64
-63
-70
-57
-46
-5
14
33
34
33
15
0
24
18
7
-10
-37
-56
-83
-78
-71
-81
-105
-88
-88
-95
-79
-61
-41
-6
20
43
96
139
171
210
262
304
335
402
457
491
516
543
585
618
637
648
653
658
642
586
545
516
489
465
396
330
265
196
161
140
116
32
-23
-92
-118
-131
-137
-160
-198
-229
-294
-262
-258
-253
-277
-314
-326
-327
-301
-268
-250
-261
-275
-279
-221
-202
-184
-193
-213
-215
-193
-188
-171
-167
-203
-232
-273
-267
-264
-264
-303
-344
-379
-378
-387
-388
-383
-386
-371
-375
-374
-341
-307
-297
-267
-233
-186
-170
-155
-124
-91
-61
-26
-6
-6
-2
7
20
53
59
33
13
5
3
-11
1
-15
-43
-68
-77
-49
-27
-30
-48
-46
-46
-19
4
20
52
40
42
78
127
155
171
178
208
260
283
326
359
397
419
438
479
494
503
519
538
535
501
463
441
394
352
318
262
172
77
8
-27
-51
-139
-210
-276
-333
-381
-409
-412
-461
-499
-522
-529
-511
-500
-479
-476
-473
-460
-441
-382
-369
-338
-322
-310
-297
-289
-272
-261
-249
-251
-263
-293
-288
-277
-285
-300
-326
-355
-371
-371
-344
-336
-370
-377
-388
-378
-329
-307
-290
-304
-295
-268
-222
-176
-144
-116
-116
-80
-49
8
13
22
42
52
72
81
97
83
81
58
54
64
54
30
20
7
-3
-5
-15
-11
-10
-20
1
13
12
14
21
48
58
90
104
126
147
159
202
233
259
285
290
324
311
354
380
390
427
432
439
404
394
372
384
378
326
268
191
148
127
97
54
-8
-80
-152
-213
-208
-221
-275
-321
-359
-370
-369
-344
-354
-366
-369
-357
-322
-296
-268
-258
-238
-220
-175
-135
-127
-108
-119
-115
-112
-94
-94
-122
-145
-162
-183
-209
-222
-237
-268
-291
-310
-316
-302
-333
-336
-335
-336
-331
-305
-290
-256
-239
-218
-199
-179
-122
-101
-49
-35
-7
14
39
54
64
106
120
120
136
134
141
145
129
120
103
109
82
68
59
68
51
50
38
26
-4
8
23
-4
-3
3
13
20
37
58
71
81
96
112
137
150
175
190
219
244
257
273
266
286
285
313
307
314
328
320
313
297
280
263
257
236
186
145
127
98
91
74
26
-4
-44
-57
-65
-69
-94
-141
-166
-170
-153
-147
-140
-169
-207
-186
-169
-163
-142
-166
-189
-205
-196
-173
-181
-172
-219
-241
-257
-255
-261
-274
-285
-321
-342
-358
-350
-344
-322
-344
-358
-370
-351
-291
-286
-287
-287
-262
-221
-184
-152
-120
-108
-90
-55
-24
9
11
23
36
49
72
83
67
69
69
53
50
46
47
19
-8
-9
-12
-28
-31
-35
-41
-55
-82
-68
-69
-53
-47
-66
-67
-47
-29
-20
9
20
40
47
57
92
124
149
157
184
205
215
235
270
299
308
303
323
333
332
337
332
330
329
307
293
280
257
217
183
163
131
94
45
15
-20
-60
-91
-111
-141
-185
-206
-252
-249
-262
-279
-274
-325
-355
-349
-331
-316
-327
-376
-388
-388
-368
-358
-354
-359
-377
-381
-375
-339
-332
-329
-336
-347
-329
-303
-289
-293
-276
-253
-240
-218
-193
-183
-183
-159
-138
-105
-81
-82
-46
-49
-36
-19
-17
-1
1
29
2
-6
11
4
26
39
37
44
40
37
50
44
32
36
33
40
41
55
63
58
58
71
80
88
92
86
99
101
115
125
123
135
111
107
116
117
130
138
160
151
149
140
140
147
154
174
150
144
142
140
142
142
116
103
91
69
58
37
19
-3
-6
-32
-41
-75
-84
-93
-111
-126
-112
-119
-139
-154
-162
-197
-192
-180
-202
-212
-231
-253
-279
-253
-258
-253
-266
-284
-286
-301
-304
-278
-268
-279
-280
-275
-272
-265
-248
-254
-223
-222
-209
-206
-193
-170
-164
-148
-136
-124
-127
-114
-88
-79
-77
-72
-60
-54
-43
-46
-32
-40
-39
-12
-24
-21
2
9
12
30
46
52
51
73
77
70
69
84
100
74
74
73
76
57
65
56
28
37
31
27
36
13
15
3
19
20
34
31
19
20
14
26
33
46
60
83
69
66
74
70
79
72
88
67
72
68
53
68
63
49
22
35
30
17
16
18
26
4
12
0
-19
-35
-37
-22
-30
-37
-44
-73
-66
-88
-66
-89
-110
-112
-105
-93
-121
-110
-126
-134
-143
-129
-135
-124
-137
-147
-141
-135
-117
-106
-105
-105
-91
-93
-79
-59
-42
-34
-26
-16
-2
4
20
43
57
59
62
81
85
82
81
84
89
57
52
33
30
24
21
8
-16
-26
-62
-52
-73
-63
-57
-89
-84
-95
-98
-91
-103
-104
-109
-111
-101
-105
-108
-85
-81
-65
-71
-53
-36
-23
-10
12
28
46
61
49
76
97
113
109
121
128
140
144
147
166
162
124
116
121
110
93
95
82
51
43
23
26
30
8
11
16
0
-5
-3
7
-19
-17
-18
-17
-12
-25
-26
-22
-32
-51
-40
-30
-37
-27
-42
-68
-68
-53
-52
-56
-49
-51
-19
-9
-10
6
19
38
49
58
66
97
98
102
101
100
99
100
88
83
82
67
40
43
32
5
-4
-23
-17
-32
-68
-61
-60
-105
-114
-120
-129
-143
-144
-161
-163
-166
-161
-148
-165
-169
-177
-161
-153
-143
-120
-120
-117
-117
-109
-78
-66
-53
-46
-47
-21
-11
23
44
39
50
56
60
71
92
87
98
87
83
93
96
107
106
105
92
103
83
79
79
63
60
47
31
30
27
13
11
6
-3
-4
-18
-21
-11
-16
-26
-17
-32
-30
-40
-24
-9
-16
-16
-17
-18
-21
-2
1
15
14
21
45
36
43
52
48
35
38
48
31
30
30
37
17
21
23
-3
3
-2
-4
-13
-24
-14
-32
-38
-36
-36
-27
-29
-50
-37
-36
-45
-48
-44
-39
-38
-36
-30
-42
-45
-47
-43
-47
-46
-43
-73
-75
-79
-76
-70
-71
-68
-64
-68
-50
-58
-71
-72
-65
-58
-67
-60
-40
-41
-40
-31
-31
-11
-2
-6
-7
20
29
37
65
57
69
79
86
76
74
88
87
77
74
80
70
66
55
47
41
41
30
22
28
18
12
20
25
10
22
10
-5
13
13
19
27
16
3
-1
-19
-5
-6
8
-9
-21
-17
-31
-29
-44
-45
-49
-59
-68
-66
-52
-48
-49
-66
-71
-68
-51
-53
-70
-45
-31
-31
-30
-14
3
-1
12
34
37
45
52
55
63
35
41
54
55
56
42
53
54
43
31
37
36
16
20
19
15
34
35
31
15
9
9
-2
-7
-1
-6
-5
-26
-25
-24
-34
-43
-48
-46
-55
-64
-80
-46
-52
-61
-34
-44
-38
-40
-33
-7
-12
3
18
37
41
33
41
58
78
87
81
82
106
93
107
108
108
114
98
86
78
79
60
54
41
16
9
5
-2
-18
-44
-58
-43
-51
-67
-82
-78
-83
-103
-102
-101
-93
-90
-88
-82
-93
-94
-84
-69
-52
-45
-51
-47
-33
-29
-16
-6
-14
-13
8
17
16
18
32
33
36
38
28
32
51
53
55
56
45
52
57
58
62
77
75
79
82
93
92
95
85
67
75
61
52
43
37
45
31
-1
15
-1
-28
-22
-31
-41
-46
-43
-41
-44
-33
-35
-31
-29
-28
-11
-8
-7
24
35
38
57
59
87
85
83
83
101
109
94
89
81
85
76
75
97
85
78
61
52
51
31
35
28
25
15
-5
2
-6
-10
-10
-10
-12
-24
-25
-13
-6
-10
-3
-14
-8
-12
-15
4
8
-3
6
3
-18
13
5
7
19
32
29
22
29
23
35
24
42
49
60
56
46
56
64
64
49
68
62
61
66
60
61
57
59
55
47
51
52
37
42
28
29
8
15
30
22
26
19
16
23
22
25
29
30
22
24
24
29
22
27
16
-1
8
-5
9
12
13
-10
-4
-6
-4
-3
2
9
6
8
2
21
12
16
25
14
24
20
30
34
28
47
44
30
17
26
32
36
23
28
39
20
27
38
39
26
31
36
54
45
33
38
29
39
42
41
34
48
44
22
41
40
47
54
52
44
54
55
50
52
54
64
57
53
68
50
47
53
42
50
38
51
35
21
7
10
21
-4
-4
-4
-4
-14
-20
-9
-16
-24
-23
-18
-10
-11
-5
14
17
9
18
23
31
28
46
46
51
53
28
37
41
36
37
6
13
7
-10
-17
-34
-41
-61
-55
-60
-50
-55
-69
-78
-82
-80
-54
-61
-57
-55
-40
-41
-18
-6
-8
16
10
42
21
35
57
50
64
70
81
80
79
83
90
82
102
105
94
86
82
83
70
77
78
77
69
61
62
62
60
59
40
60
36
45
63
50
40
45
38
41
39
34
31
31
23
19
20
16
5
14
17
5
11
-7
-1
0
-12
-16
-14
2
-13
-9
-3
-5
-8
-14
-9
-7
-10
-11
-1
6
8
19
22
24
39
43
42
38
25
29
19
30
20
7
5
6
-9
-22
-25
-46
-31
-52
-68
-85
-82
-80
-86
-82
-98
-88
-85
-91
-79
-76
-63
-59
-54
-55
-28
-19
-32
-1
-5
-4
10
17
16
20
37
36
40
49
46
59
70
63
75
81
79
95
82
89
93
88
85
76
63
60
58
56
55
42
41
29
40
36
36
20
6
13
4
-1
-11
-8
7
3
-6
-9
-2
-13
-18
-9
-21
-20
-13
-25
-9
-6
-3
12
8
25
22
12
25
20
28
40
29
33
28
40
39
35
34
4
17
-1
6
29
0
11
14
0
-15
-29
-13
-13
-21
-23
-10
-6
-16
-18
1
-12
-26
-20
-19
-24
-23
-10
-33
-26
-4
-13
-24
-17
-10
-25
-26
-22
-19
-12
-15
-7
9
11
-4
12
3
22
27
28
25
35
47
43
60
54
69
63
59
63
70
63
46
66
73
66
66
67
62
53
52
44
41
23
27
29
26
15
8
15
18
27
-4
-7
-10
-3
1
7
9
2
4
15
44
46
48
62
64
67
71
85
77
86
82
90
96
101
86
91
101
84
87
69
69
80
72
78
64
57
68
72
61
62
53
43
51
61
62
62
80
62
65
69
75
61
63
76
78
64
53
52
50
63
38
33
30
23
30
30
25
12
12
8
12
11
13
12
14
12
-2
5
6
35
32
24
30
41
47
59
38
26
58
56
58
62
49
51
43
32
24
11
5
7
16
10
9
-5
-3
-5
-11
-2
-2
-1
5
9
-14
6
16
10
17
5
-7
-19
3
-24
-19
-9
-23
4
7
3
1
13
7
10
9
18
25
12
17
32
37
41
51
65
51
82
88
79
79
69
65
77
95
65
75
42
49
40
34
29
27
37
6
10
-4
-2
7
12
12
0
-4
6
-5
4
1
6
5
-2
-2
-5
-10
-17
-3
-4
-27
-21
-29
-35
-27
-37
-44
-40
-49
-39
-38
-61
-60
-74
-65
-61
-58
-65
-46
-44
-55
-53
-47
-40
-45
-41
-33
-35
-27
-26
-28
-15
-28
-29
-26
-42
-7
-15
1
-3
-7
-6
-10
-5
-21
7
-17
8
-10
-20
-8
-1
0
-5
16
-6
1
-6
-10
-11
-15
-18
-5
-3
-17
-4
-3
16
16
25
27
20
15
40
55
54
68
58
59
59
68
77
61
53
51
46
47
53
61
38
27
23
31
14
8
29
-2
3
11
7
-3
4
-6
-1
10
20
11
5
5
8
4
3
3
4
3
-5
-2
1
1
-4
-8
4
-12
-18
-20
-35
-33
-33
-41
-50
-37
-57
-50
-46
-48
-56
-63
-59
-61
-70
-65
-48
-52
-50
-56
-40
-26
-21
-20
-1
-3
5
1
-2
9
20
14
2
25
33
46
53
51
43
61
45
54
50
37
46
34
49
38
34
40
32
28
37
28
25
21
11
18
18
13
15
12
13
27
18
15
17
21
29
25
23
21
34
36
29
32
26
12
14
15
7
13
-1
15
16
7
6
0
11
-8
6
4
-1
5
-1
11
9
8
11
17
18
20
13
17
21
29
12
22
20
20
29
20
17
14
-9
-5
7
-9
20
-6
-10
-39
-32
-42
-27
-30
-57
-44
-58
-47
-60
-45
-44
-49
-32
-58
-47
-42
-45
-27
-26
-7
-29
-6
17
6
25
21
22
27
23
33
39
44
46
62
47
54
52
40
53
37
35
18
31
23
21
26
5
13
13
16
-11
-10
-14
-21
-15
-8
-20
-23
-16
-22
-20
-29
-17
-10
-21
-6
-5
-3
0
-2
3
0
3
15
11
2
-6
4
8
15
17
1
15
-3
7
13
-5
-5
-10
4
15
23
15
12
15
11
23
29
5
15
15
27
39
33
33
27
33
27
29
41
26
22
42
18
28
31
12
22
18
19
22
18
7
4
9
15
10
1
-1
19
5
-16
8
1
2
13
-7
-4
-9
-2
7
9
20
15
23
27
42
55
40
54
59
58
67
70
74
57
62
63
56
56
51
43
31
35
24
24
23
14
3
-2
-6
-8
-12
-23
-14
8
6
-3
-14
0
0
-1
2
0
-4
16
27
-2
14
24
18
36
23
20
26
25
12
6
22
22
27
28
38
12
20
40
30
18
27
30
38
23
28
23
26
40
54
51
44
55
49
68
61
67
62
60
76
72
60
49
61
58
47
45
62
48
35
52
38
25
23
25
41
25
18
24
19
2
9
-3
-2
12
-7
-23
-21
-22
-34
-21
-35
-28
-18
-20
-10
-23
-19
-15
-10
-8
4
-14
-10
3
-6
-2
-3
-6
-16
3
-3
-8
-10
-3
-3
-2
-8
-3
-13
-21
-15
-21
-20
-22
-21
-33
-39
-43
-32
-25
-40
-38
-30
-35
-46
-38
-22
-14
-14
-41
-29
-20
-15
-3
-18
-21
-5
-24
-27
-6
-11
-1
1
6
9
11
19
17
26
18
16
38
37
41
33
44
42
32
36
41
42
44
33
32
24
27
24
25
27
21
30
25
2
-1
14
-4
-7
-2
-15
-15
-38
-35
-31
-43
-39
-37
-40
-39
-40
-64
-56
-46
-47
-70
-60
-57
-59
-57
-45
-49
-54
-40
-42
-40
-38
-38
-20
-14
-18
-9
-6
10
14
17
23
30
39
33
33
46
50
36
25
37
30
16
10
-2
24
-2
-4
-6
3
-10
-36
-21
-29
-23
-25
-26
-29
-37
-27
-26
-28
-11
-30
-13
-12
-16
12
11
18
14
17
22
21
17
31
31
35
51
42
50
45
48
46
50
63
55
44
52
64
51
53
66
48
54
46
42
45
37
29
30
37
23
22
10
26
11
-9
-27
-28
-23
-36
-34
-40
-45
-52
-61
-63
-64
-63
-61
-52
-57
-61
-61
-57
-47
-54
-35
-42
-33
-34
-37
-4
3
10
10
15
21
14
20
28
32
39
42
52
57
59
76
73
88
78
75
79
82
89
81
94
84
101
86
80
73
73
83
63
64
61
56
49
39
49
45
35
29
24
15
8
1
-1
-6
5
-11
-16
-11
3
-1
-11
-1
11
24
25
10
-4
3
-1
0
-7
2
17
14
4
24
18
6
15
10
19
11
9
18
3
3
5
-11
-8
5
-7
-19
-22
-23
-21
-43
-43
-32
-39
-32
-43
-31
-29
-32
-34
-23
-24
-26
-22
-14
-20
-29
-10
-9
9
-6
-5
-9
-8
12
19
15
22
27
13
19
15
16
25
24
22
30
39
37
39
35
34
44
47
43
38
38
47
44
54
66
59
52
53
44
52
45
57
46
46
50
54
41
30
32
26
30
19
21
29
22
6
3
-8
-19
-21
-23
-23
-24
-26
-27
-37
-34
-47
-27
-39
-36
-30
-27
-38
-43
-14
-21
-26
-25
-28
-30
-20
-6
0
-7
-18
-9
-4
-22
-13
-18
-11
-6
-3
1
1
17
4
5
18
7
8
1
9
10
15
32
8
18
34
22
18
6
12
21
22
25
9
28
34
21
29
32
22
24
41
23
17
19
8
20
11
3
3
17
20
20
10
5
9
2
10
26
6
6
4
-8
-8
17
20
4
4
-19
-1
-3
-4
-6
-9
-12
5
-7
-11
3
-10
2
4
3
3
4
-1
-7
-8
5
0
-11
-12
-14
10
-3
-8
-6
-5
-17
-29
-23
-31
-29
-24
-18
-3
-30
-33
-26
-23
-25
-31
-19
-16
-5
1
11
12
13
8
16
21
20
44
35
37
45
48
41
45
37
37
54
39
45
45
36
36
36
31
28
39
34
17
23
17
13
12
10
17
13
-3
2
2
4
7
-14
1
7
-11
-3
-9
-28
-24
-19
-32
-17
-27
-39
-32
-19
-19
-20
-19
-19
-17
-34
-25
-24
-52
-37
-25
-18
-25
-47
-53
-44
-46
-30
-40
-29
-23
-8
-1
-23
-3
-3
-6
-7
8
-5
-4
-2
1
7
12
4
3
17
1
18
14
14
-1
-6
1
8
12
13
-1
7
8
9
12
1
16
25
22
10
19
28
35
42
33
51
46
38
46
67
66
52
75
74
73
56
45
45
48
37
45
55
40
37
55
33
20
23
21
12
8
2
8
8
-12
-1
7
-4
-20
5
-9
-9
-4
-4
-9
-27
-2
-5
-10
7
-2
1
-9
-4
0
-8
1
-14
-11
-10
-11
-14
-7
-18
-15
-9
-13
-2
-8
9
-2
3
3
6
6
12
7
9
12
13
0
6
25
24
34
34
41
48
60
48
61
67
58
64
78
68
74
87
72
84
80
84
83
80
80
82
76
76
73
65
61
45
52
64
44
36
42
41
45
40
31
27
40
41
35
45
63
48
49
62
54
77
63
69
80
68
94
85
78
70
62
73
70
46
45
57
34
26
39
39
17
32
25
7
18
10
22
12
12
9
17
19
30
27
17
18
32
21
29
28
28
26
37
27
21
32
19
20
20
12
16
25
17
28
13
7
27
13
17
14
14
17
18
29
20
16
11
26
26
42
34
38
38
57
46
44
60
49
56
80
74
63
93
65
76
72
69
76
75
86
92
84
85
62
51
40
29
52
32
27
16
26
17
10
17
2
6
2
7
1
-12
-9
3
-1
-6
-2
21
14
-1
10
5
20
26
13
19
4
3
-3
19
13
4
18
23
28
25
10
17
22
4
25
19
19
24
9
16
8
23
12
11
11
-8
8
0
4
6
1
1
1
0
2
2
-13
-14
-11
-18
-6
-4
11
2
-11
-2
-8
-11
-10
-6
-14
-14
-16
-15
-5
-5
5
-9
-5
-7
4
13
0
-5
1
7
13
29
23
27
31
29
35
47
29
31
53
37
35
39
37
35
34
45
28
16
28
10
9
-4
0
-2
-15
-22
-30
-36
-34
-28
-40
-37
-37
-45
-49
-47
-47
-39
-52
-45
-49
-37
-42
-42
-29
-42
-13
-12
-3
0
10
36
32
41
40
43
22
34
29
22
32
36
31
23
28
24
35
34
19
18
25
20
38
27
21
26
26
43
37
34
22
42
37
21
24
15
30
12
20
26
11
6
17
19
0
6
-2
1
-2
0
-6
3
-6
-15
-9
-3
-16
-22
-3
-12
-9
-14
-12
-15
-17
-5
-13
-14
1
5
0
5
0
18
15
1
12
22
17
11
8
8
6
20
29
12
17
4
-5
0
-4
-6
-6
-1
-18
-13
3
-11
-14
1
-5
-2
-9
1
-5
-17
-13
-41
-13
-10
-7
-11
-13
3
1
18
9
21
12
28
38
21
25
35
22
51
50
42
43
47
44
39
61
54
54
64
55
55
48
60
65
50
40
58
47
17
35
39
13
21
22
18
1
12
8
-6
1
-3
3
-17
0
9
0
-5
-6
-3
-19
-6
-6
-9
-10
-21
-11
-17
-23
-26
-1
-16
-27
-30
-49
-43
-52
-33
-36
-44
-32
-30
-29
-30
-20
-21
-25
-10
7
-14
-10
-5
-11
-6
8
6
-13
-3
-8
2
-5
-22
-16
-21
2
-2
-6
-3
-15
-2
9
11
-4
-4
-11
-3
4
-10
3
-7
-13
5
-9
-2
-11
1
7
9
6
25
35
22
35
21
35
29
24
30
26
23
28
38
37
26
17
12
4
-3
11
15
-5
11
1
-5
-7
-8
-1
-29
-13
-8
-17
-8
-3
-6
-9
-17
-19
-21
-24
-24
-17
-8
-8
-15
-15
-8
5
-4
-15
-12
-22
-19
-6
-6
-2
-1
-12
4
-8
-6
0
6
2
2
6
0
7
4
5
11
10
7
16
13
27
35
27
28
36
26
26
32
30
29
39
50
37
29
29
32
24
23
24
21
26
20
26
38
29
20
21
27
23
17
35
28
47
37
28
29
15
34
10
26
21
14
24
4
24
26
-2
12
20
26
34
28
38
31
27
30
24
4
14
18
12
12
16
18
7
18
24
11
0
14
-5
1
4
-8
6
-3
8
-9
-14
-9
8
13
0
4
7
14
12
11
6
-10
3
12
11
17
6
9
21
12
24
31
20
37
18
18
30
46
24
29
48
33
44
47
50
55
55
44
31
32
36
29
38
31
31
28
34
36
17
24
37
34
28
35
26
25
31
32
33
20
24
26
6
28
32
32
33
16
28
33
17
19
18
7
-5
15
18
6
0
3
-9
-5
12
4
-1
2
0
0
-3
6
9
11
12
3
17
13
28
27
10
17
19
19
23
15
7
20
27
28
31
26
31
23
22
31
28
30
27
21
31
38
27
11
22
23
20
22
28
32
40
44
46
49
51
53
52
60
73
62
57
82
72
52
42
46
49
46
50
48
53
50
24
33
38
51
52
52
41
37
26
28
42
35
54
40
52
49
39
42
52
50
39
50
38
41
39
41
31
36
50
36
35
27
23
26
26
9
15
25
18
22
12
26
24
19
27
17
13
12
16
20
20
18
22
24
27
38
37
19
36
37
32
36
30
30
33
38
30
37
38
55
49
54
45
65
73
77
74
62
81
59
61
57
56
73
74
63
63
62
58
53
48
52
46
56
57
57
62
58
54
44
46
26
33
44
33
21
29
27
23
40
35
32
31
28
31
45
11
11
17
20
24
8
12
-4
-4
10
0
-8
11
-2
3
7
1
0
0
0
-8
-6
-2
3
20
6
16
26
21
28
17
23
15
20
28
25
30
39
41
30
20
26
28
29
35
35
28
45
45
31
55
34
35
26
36
39
36
56
38
36
37
48
30
41
41
31
47
57
56
43
49
54
43
49
49
50
50
52
44
44
43
55
54
64
53
49
52
53
51
44
47
41
40
32
45
53
47
49
58
61
49
47
36
39
38
31
28
35
37
29
45
46
34
42
36
26
35
18
28
26
31
34
18
30
22
24
25
22
11
13
2
-10
18
18
16
21
14
18
26
22
26
31
32
40
31
48
43
38
50
55
59
54
59
46
53
55
54
56
47
51
60
59
40
35
46
38
32
45
55
55
49
52
45
49
63
46
43
50
54
63
54
52
61
58
57
76
67
59
66
52
56
45
51
60
55
44
54
69
53
55
53
50
46
64
53
46
57
59
54
60
54
44
45
39
59
49
55
45
36
38
39
26
27
28
21
33
48
22
25
17
17
25
21
30
13
13
17
14
3
27
5
6
5
17
34
22
20
42
33
34
48
40
33
34
33
39
35
40
39
51
58
31
49
49
56
48
52
54
56
61
58
61
55
52
61
62
50
55
55
64
60
45
49
48
56
44
38
35
24
24
15
24
15
7
34
26
33
35
29
21
9
23
25
28
29
29
29
35
42
44
48
39
17
31
34
20
24
18
34
24
23
7
12
20
21
10
19
27
11
14
24
16
1
11
4
12
-13
-15
-3
-22
-5
-11
-14
-26
-19
-17
-32
-8
-20
-26
-28
-30
-18
-23
-20
-30
-33
-20
-22
-30
-6
-7
-5
-14
-25
-25
-7
-2
0
-3
-17
0
-6
0
18
-2
8
24
22
26
17
9
19
17
17
19
18
25
26
5
5
1
-1
4
5
16
0
6
-4
-6
-12
-18
4
-8
-1
-11
-22
1
-6
-15
-3
7
9
5
-1
-16
-15
-3
1
-13
-9
6
0
16
3
-4
5
7
20
6
-6
6
-3
14
11
5
-13
-2
15
16
19
14
21
20
22
19
17
4
13
15
28
-6
-1
3
-5
8
1
13
-5
5
-8
-9
-10
-2
1
-5
4
