-41
-45
-45
-53
-58
-48
-49
-43
-31
-47
-41
-47
-33
-36
-57
-29
-19
-18
-19
-15
-21
-27
-25
-10
-18
-14
-11
-12
-12
-14
-30
-29
-13
-22
-8
-9
-7
-22
-8
3
-6
-12
-13
-10
-16
-7
-15
-11
-21
-8
4
4
-4
4
-4
4
12
-9
2
-14
-24
-16
-3
1
1
0
-2
11
11
26
16
13
7
7
18
10
32
18
23
28
22
31
11
18
22
33
30
6
12
34
25
22
22
29
46
33
34
51
59
54
51
58
60
48
61
58
55
60
61
56
64
56
68
68
64
82
69
75
62
60
71
67
64
67
72
73
67
60
79
58
61
64
42
56
50
56
62
67
48
53
57
55
43
35
52
44
39
45
48
48
33
41
46
49
40
39
53
57
46
41
37
38
37
16
45
41
36
28
47
52
36
46
45
53
32
60
52
47
50
43
62
45
41
52
31
29
59
58
49
61
63
54
51
58
69
60
63
55
47
56
49
48
50
56
50
44
42
43
47
37
39
45
35
44
50
46
37
45
34
36
38
32
17
19
39
37
29
21
30
32
23
27
31
26
17
18
18
8
9
24
10
9
14
15
31
15
20
36
16
10
12
-6
15
22
10
8
0
-3
4
-2
2
15
13
5
16
4
10
2
-5
-2
1
9
-6
-14
-13
7
-19
-14
-6
-18
-21
-29
-19
-15
-20
1
-7
-27
-14
-11
-13
-23
-23
-18
-30
-17
-24
-29
-10
-22
-18
-10
-11
-30
-17
-16
-31
-24
-27
-33
-35
-28
-21
-24
-20
-32
-31
-20
-18
-24
-29
-21
-14
-30
-32
-31
-34
-42
-21
-18
-41
-23
-31
-28
-32
-24
-25
-39
-35
-34
-30
-39
-38
-39
-35
-41
-43
-27
-31
-30
-33
-45
-33
-22
-26
-13
-28
-47
-25
-33
-53
-44
-42
-47
-47
-26
-30
-36
-21
-13
-12
-17
-14
-23
-18
-25
-7
-7
-13
-2
-1
5
0
-10
-6
-8
-9
1
-8
-12
-8
-13
-1
-3
-10
-23
-19
-2
-3
-7
-5
-18
-17
0
-21
-15
-17
-27
-15
-25
-8
-6
-19
-24
-9
-6
-12
-14
-17
-20
-11
-21
-15
-12
-7
-9
-28
-12
-19
-24
-19
-16
-31
-18
-23
-27
-24
-28
-29
-23
-7
-6
-10
-6
2
-5
-14
-18
-14
-11
-8
-9
-1
11
10
5
2
-14
-1
9
-5
8
9
-3
10
7
-5
8
5
9
3
8
2
-2
13
-1
-8
3
-4
8
5
3
2
0
5
2
-12
1
0
4
10
2
17
-4
3
9
3
1
10
14
11
1
-5
12
11
10
10
8
10
15
7
7
16
8
1
-11
-13
-19
-3
-10
-8
8
-3
3
-11
-16
-3
-11
-4
3
-6
0
-5
-6
5
8
1
0
-14
-24
-30
-32
-25
-24
-30
-27
-20
-22
-24
-18
-24
-40
-34
-30
-22
-27
-41
-27
-24
-20
-16
-28
-23
-40
-38
-36
-36
-19
-17
-20
-16
-23
-13
-14
-24
-22
-19
-17
-37
-23
-30
-34
-45
-30
-28
-33
-26
-37
-39
-46
-32
-30
-37
-25
-28
-26
-12
-36
-27
-34
-40
-32
-18
-19
-42
-43
-29
-14
-31
-37
-27
-45
-40
-43
-36
-35
-38
-20
-44
-47
-29
-36
-47
-41
-45
-38
-46
-53
-44
-48
-44
-35
-39
-44
-42
-33
-43
-48
-39
-34
-42
-47
-54
-42
-38
-39
-49
-34
-30
-27
-40
-43
-40
-38
-45
-42
-38
-51
-34
-45
-29
-31
-42
-36
-19
-21
-38
-24
-22
-35
-7
-13
-19
-23
-22
-28
-38
-37
-29
-28
-26
-28
-28
-22
-37
-35
-24
-19
-39
-22
-26
-24
-11
-21
-21
-28
-13
-12
-12
-14
-27
-17
-12
-28
-18
-20
-24
-24
-30
-26
-14
-14
-9
11
-3
-20
-15
2
-7
-22
-17
-17
-15
-28
-27
-10
-13
-14
-17
-20
-12
-6
-14
-20
-19
-14
-10
-12
-9
-9
-17
3
-3
-4
3
14
8
-5
9
3
5
0
19
18
17
9
10
17
17
28
18
27
15
20
19
11
14
7
30
26
28
27
18
26
15
15
22
7
37
25
20
14
7
8
22
12
6
23
22
1
7
21
8
11
12
6
-11
10
5
13
24
12
7
6
18
20
22
9
8
25
7
11
26
1
13
29
23
23
26
24
30
27
17
19
20
28
17
16
24
22
25
22
32
21
15
37
22
23
31
27
32
34
32
30
34
32
23
23
27
15
27
11
21
14
8
17
12
20
16
36
21
21
15
2
2
2
9
20
13
12
2
4
14
9
8
9
18
14
21
16
6
9
8
18
7
0
20
10
14
5
24
9
-7
3
-11
22
8
-6
-3
-1
12
9
0
-16
-22
-11
-7
-4
-4
13
-14
-15
-15
-17
5
-10
-9
-8
-5
-12
2
1
-8
-10
-9
-10
-14
-12
-23
2
3
-10
-7
-11
7
9
8
12
15
21
-2
15
-1
8
3
2
-1
-2
-1
-14
6
-18
3
-13
4
9
-10
-2
-14
2
-2
-7
-10
2
-1
-1
0
-7
-19
-13
-16
-8
-9
-16
-20
-17
11
-9
-1
-2
1
-6
-24
-3
-5
-7
-4
5
8
13
16
17
13
11
-1
8
0
2
9
9
12
-3
-12
10
10
18
15
-1
-6
-9
-6
4
4
-1
5
-19
9
3
-6
15
7
8
23
17
14
22
3
10
11
19
5
-2
3
9
11
13
17
9
16
12
5
0
1
-3
16
11
-2
9
7
13
26
17
23
13
13
1
2
20
10
12
10
18
11
3
5
1
0
13
1
28
16
3
15
3
20
15
12
9
15
17
7
6
-1
9
20
12
11
-2
11
16
4
-9
-2
30
2
11
11
-5
5
5
11
-2
-1
9
17
8
-5
8
4
6
2
3
-1
11
23
-21
14
15
13
15
27
10
-1
4
12
25
17
7
15
25
-7
16
13
16
12
10
0
29
30
25
27
17
13
18
18
13
11
17
25
25
13
12
38
31
31
25
10
8
21
15
12
9
12
17
22
18
30
13
18
27
6
17
18
25
20
5
7
13
7
23
16
4
4
7
-4
5
13
3
8
4
-10
4
12
11
15
17
25
8
5
-16
-3
-5
-6
9
-1
6
7
11
4
-1
1
3
4
2
3
14
6
-3
5
6
17
-7
-3
-9
-8
3
-8
-18
-8
-14
-11
12
-14
-11
-4
-2
-28
-3
-5
-26
-3
-8
-1
5
3
-8
4
1
-13
1
-8
-17
-13
-21
-4
-16
-15
-11
-10
-5
-5
0
-4
-5
7
-7
-14
-11
-16
-9
-10
-4
-11
-17
-16
-17
-9
1
-4
-7
5
18
1
3
9
3
15
3
5
11
-7
3
13
17
4
1
7
-7
-9
-2
-1
4
6
4
5
4
7
13
8
13
11
14
9
-3
8
15
7
6
-3
-11
-14
-6
16
2
2
-1
8
4
-1
0
10
11
10
20
6
9
-7
8
4
2
8
5
14
1
13
13
19
-1
11
14
2
8
9
3
8
16
7
4
8
17
8
-3
8
15
15
2
7
7
6
26
13
9
23
25
29
27
19
16
24
20
18
14
9
25
27
24
25
11
7
29
13
16
4
9
18
9
11
2
30
14
21
35
33
30
25
24
18
39
14
40
34
21
37
37
36
28
30
15
37
35
28
33
44
28
36
43
37
48
48
36
39
42
33
41
50
53
38
34
38
42
32
27
30
34
36
50
35
37
29
27
34
44
41
38
47
35
39
38
48
53
40
59
33
44
50
40
45
43
46
20
29
34
26
43
44
41
52
49
35
36
34
39
31
37
44
43
28
36
35
29
26
25
22
22
13
20
22
12
6
5
26
16
30
-1
18
8
0
7
12
14
-10
7
-3
-5
21
7
-2
12
24
5
12
28
16
16
17
29
16
21
31
19
26
9
10
20
27
30
23
38
17
20
7
15
7
-2
1
-10
3
-5
7
19
8
-1
3
-3
3
-4
8
19
12
3
-5
11
7
9
-1
14
22
5
-2
-4
-3
-6
-9
-7
6
8
0
-2
12
15
19
15
12
19
11
8
7
13
12
4
4
8
16
6
24
7
15
13
13
17
28
41
24
21
19
25
29
28
23
25
16
24
18
23
17
-2
5
-1
0
11
6
15
3
2
2
22
5
14
30
7
14
12
2
8
18
17
18
7
11
18
21
5
16
-1
7
1
3
6
5
3
21
18
6
12
19
38
13
21
12
34
27
37
19
19
25
17
23
17
26
29
31
26
38
35
18
24
21
18
23
36
29
33
27
28
28
38
38
10
29
25
26
27
27
22
24
11
7
8
0
-14
14
9
-6
2
-2
-7
8
6
1
16
1
6
20
20
5
10
26
13
19
20
17
13
13
23
19
19
22
35
26
19
14
22
26
18
11
18
7
12
18
14
2
2
10
12
29
25
17
5
12
6
-2
6
8
-6
-18
-10
-5
-2
-18
-3
-16
-20
-12
-6
-8
-13
-10
-22
-4
-6
-9
-9
-15
-14
3
-1
-1
-5
-8
-10
-12
-11
-12
-22
-10
2
2
4
-6
-13
5
-6
11
0
-13
8
1
-6
-7
-17
-16
3
-3
3
-3
-12
6
-13
-18
-4
-10
-9
1
-10
1
9
-1
1
-2
9
14
-4
-6
6
4
11
6
-1
2
7
9
6
17
28
12
-3
8
1
14
4
0
5
0
-4
-4
9
-2
-1
5
0
4
-8
-2
-6
-8
-15
-16
-5
-11
4
6
-3
5
0
-6
6
3
12
1
12
7
-4
-8
16
7
7
17
14
27
19
20
17
7
21
18
14
25
21
31
20
19
18
7
8
5
11
6
16
9
3
6
9
6
15
15
6
11
3
14
3
13
4
-8
28
30
28
17
31
19
18
17
7
10
11
8
-1
20
14
8
13
12
-1
3
9
0
10
11
10
8
-4
5
-1
4
-2
-7
-1
13
7
-7
2
-12
21
4
8
23
15
13
4
15
9
6
-11
-23
-6
-19
3
1
2
-5
-9
1
3
-7
-7
7
4
10
4
12
11
21
17
3
6
3
7
7
5
24
18
23
15
13
13
11
-1
-3
8
6
4
-2
-11
13
17
15
4
4
2
-18
18
21
22
6
1
14
24
14
4
8
1
6
10
15
5
10
20
15
13
11
20
16
18
16
22
22
16
11
8
20
26
19
16
15
17
16
15
9
21
15
-1
11
21
13
14
13
13
35
28
8
5
-11
9
20
-8
11
-7
7
5
2
16
5
-4
-3
5
2
4
5
-11
-2
-5
-12
-7
-12
-8
-15
1
-15
-8
-16
-5
9
-13
-15
1
11
-3
5
14
17
-3
-1
-10
-10
-12
3
-9
-6
4
0
5
-5
-2
2
-1
-2
11
2
13
12
5
-4
-12
12
6
-2
-19
2
13
-1
-12
-6
0
-10
-1
-3
14
3
10
4
-6
4
2
18
24
31
20
23
35
11
34
28
22
15
16
14
19
17
7
23
-3
9
4
-5
-4
2
-7
7
-1
4
1
-13
5
-4
9
-6
-12
-13
-20
-11
-6
-13
-18
-12
-5
-18
-13
-20
-21
-6
-9
-17
-22
2
-7
1
-9
-18
-10
-13
-11
-37
-34
-12
-20
-10
-16
-16
-21
-26
-34
-26
-8
-22
-32
-24
-27
-30
-28
-20
-27
-4
-18
-33
-14
-17
-2
-10
0
14
4
8
-16
4
-5
-2
6
1
12
12
4
12
20
14
17
15
1
21
19
6
31
30
22
19
26
14
-6
13
19
21
28
26
28
25
40
23
34
32
25
21
40
27
18
30
26
24
26
28
27
24
22
26
25
36
26
17
32
41
27
24
29
31
43
22
35
25
38
35
30
43
25
15
19
28
18
29
34
40
39
36
27
28
25
29
18
8
25
10
19
13
24
21
17
22
17
12
16
17
12
13
25
21
17
3
18
20
17
9
-2
13
10
14
13
27
23
17
13
-6
10
0
6
15
5
1
19
2
6
6
-1
1
-5
16
6
8
15
13
-1
5
-11
-17
-20
-9
-17
-14
-3
-3
-23
-23
-13
-10
-11
-19
-15
-21
-16
-26
-19
-10
-13
-19
-18
-10
-20
-19
-20
-9
-25
-23
-2
-26
-35
-32
-17
-37
-17
-35
-35
-14
-25
-15
-18
-17
-20
-17
-13
-4
-6
5
0
11
1
-1
25
6
20
24
25
25
18
26
1
19
25
12
21
18
31
28
32
33
27
36
33
25
28
18
20
19
28
24
18
17
7
5
14
17
3
19
4
-3
12
13
12
-1
-1
5
-1
-4
2
3
-3
-2
7
1
-14
-2
-4
0
-11
-15
-9
-16
-22
-18
-11
-17
-11
-16
-9
-7
-7
8
-1
13
-7
-14
-13
-11
1
5
13
0
15
-2
24
9
-3
8
2
10
-10
5
20
19
16
25
37
34
5
22
40
14
24
18
21
14
23
9
6
10
8
17
6
12
25
16
26
20
10
23
22
27
33
18
6
24
5
12
11
16
20
7
12
33
20
22
13
22
21
17
19
30
23
19
45
23
46
30
18
25
11
29
26
6
21
43
35
27
18
18
21
28
23
17
28
26
32
17
18
30
26
27
35
38
34
29
29
22
34
31
33
30
23
31
27
20
12
21
28
32
21
32
14
19
14
11
30
24
19
27
15
23
26
17
17
7
19
26
17
24
9
6
9
7
12
20
-1
-9
8
16
-18
-13
-13
-1
-15
-29
-25
-19
-4
-29
-16
-5
-24
-19
-18
-28
-37
-36
-38
-24
-13
-41
-39
-23
-30
0
-28
-20
-25
-24
-26
-24
-19
-30
-29
-22
-24
-29
-16
-42
-31
-34
-36
-32
-20
-14
-31
-28
-25
-28
-28
-26
-22
-31
-11
-4
-19
-20
-15
-24
-28
-15
-18
-30
-7
-9
-12
-19
-33
-11
-7
-16
-2
-16
-19
-6
-7
-7
-5
-17
-17
-10
-20
-16
-23
-28
-19
-9
-13
-12
-14
-14
-14
-2
-15
-4
-2
-13
-12
-2
-5
-19
-16
-17
-21
-29
-20
-30
-33
-21
-8
-26
-35
-25
-24
-26
-15
-18
-16
-17
-26
-6
-28
-11
-18
-32
-31
-28
-11
-23
-24
-21
-17
-39
-28
-35
-41
-9
-26
-16
-14
-27
-27
-32
-20
-14
-11
-18
-15
-18
-12
-25
-28
-21
-17
-11
-12
-17
-17
-5
-19
-1
-10
-13
-11
-16
-11
3
-4
2
-5
-10
-14
-3
4
-15
-7
-13
2
-13
-15
-9
-7
1
-18
-19
-12
-9
-3
-8
-15
-29
-27
-23
-18
-17
-9
-4
-10
-7
-6
9
-6
6
-5
-5
6
-3
-6
3
-1
-14
-16
-7
-2
-19
-16
-11
-22
4
-4
-9
-7
-13
1
5
1
-8
5
-6
-7
9
4
5
-1
7
14
6
14
7
10
7
14
15
2
16
11
7
18
9
4
9
16
-3
1
17
21
8
1
-1
-8
18
24
16
4
4
16
1
0
6
0
4
17
17
11
17
13
0
-7
4
9
-1
-12
-26
-22
2
-2
-15
-6
-13
-32
-15
-4
-20
1
12
-6
4
-9
-10
-5
1
9
4
-7
-4
1
-12
-2
-4
-11
-15
-11
-14
-1
-8
-8
-11
-8
4
-9
2
7
7
0
-6
2
24
15
-4
5
6
26
25
15
13
9
21
23
21
15
22
27
17
21
22
9
15
33
29
24
12
2
9
23
10
-6
0
9
-6
-13
-9
-6
-5
5
24
13
4
-6
-9
3
11
-14
1
8
3
-15
-11
-4
-15
3
-5
-1
-7
12
5
9
7
-9
3
7
1
-14
-9
-8
-2
-12
-1
-19
-19
-7
-15
-18
-12
-15
-22
-3
-17
-22
-18
-7
-9
-5
-3
-9
-27
-16
-19
-21
-10
-11
-24
-24
-16
-43
-16
-21
-18
-19
-32
-17
-18
-24
-28
-31
-23
-15
-23
-16
-38
-25
-24
-36
-32
-24
-18
-23
-24
-31
-31
-29
-16
-41
-42
-51
-39
-30
-37
-32
-57
-50
-54
-48
-56
-57
-63
-53
-44
-51
-41
-45
-50
-44
-37
-48
-41
-49
-36
-50
-50
-48
-54
-43
-54
-39
-36
-28
-15
-18
-16
-24
-22
-21
-38
-22
-36
-19
-26
-24
-18
-33
-20
-41
-24
-31
-26
-29
-26
-30
-25
0
-13
-17
-25
-17
-16
-24
-29
-25
-20
-18
-18
-14
-9
-9
-11
-11
-6
-6
-7
-14
-3
-26
-26
-20
-13
-16
-27
-3
-3
-8
-24
-18
-18
-15
-9
-20
-11
-5
-18
-1
-2
-11
-3
5
-11
-1
-3
-9
-3
-10
8
-16
-21
-20
-14
-14
-7
-17
-20
-15
-22
-18
-17
-27
-33
-37
-32
-29
-43
-29
-19
-33
-45
-27
-38
-37
-51
-20
-36
-34
-20
-38
-21
-35
-19
-17
-20
-28
-13
-12
-6
-23
-11
-16
-7
6
-11
-10
-2
-27
-32
-13
-25
-13
-12
-6
-6
-9
-17
-1
-12
-17
-5
-28
-18
-18
-16
-8
-13
-8
-6
-24
-27
-28
-31
-18
-22
-30
-31
-10
-15
-28
-13
-20
-18
5
-12
-15
-7
-20
-15
-1
-16
-28
-13
-7
-13
-36
-36
-36
-39
-20
-19
-28
-25
-10
-19
-32
-26
-29
-27
-40
-27
-43
-37
-17
-42
-39
-39
-23
-41
-34
-30
-24
-17
-26
-10
-16
-17
-18
-14
-36
-24
-17
-21
-11
-8
-6
-19
-6
-4
-12
-6
-14
-13
-9
-10
-6
4
1
-17
-4
-10
-10
-10
-3
15
10
10
12
18
1
9
10
21
21
14
29
5
4
19
21
21
19
14
6
16
12
12
19
22
8
-2
1
-1
3
-2
-8
-7
-20
-16
-19
-10
-29
-21
-17
-23
-14
-32
-16
-14
7
-6
-24
-22
-11
-6
-25
-14
-21
-15
-17
-16
-11
-13
-25
-30
-24
-16
-12
-22
-16
-17
-9
4
-21
-12
-2
3
-8
-13
-3
-10
-4
-15
-2
-9
-6
-12
-12
-2
-2
-7
-5
-14
-5
-5
-15
-11
-8
2
-9
1
7
1
-3
2
15
-3
6
-13
-5
-13
-13
-6
-16
-11
-8
-4
-24
-27
-29
-17
-18
-29
-9
-29
-33
-31
-42
-31
-37
-31
-42
-39
-44
-37
-42
-31
-23
-41
-31
-30
-44
-40
-43
-25
-25
-24
-39
-37
-33
-55
-35
-32
-36
-32
-32
-32
-39
-38
-31
-35
-33
-54
-40
-33
-35
-22
-30
-29
-19
-36
-36
-23
-33
-39
-25
-46
-57
-48
-31
-19
-37
-27
-29
-36
-27
-36
-40
-36
-19
-18
-23
-26
-36
-45
-41
-42
-30
-9
-27
-15
-4
-23
-24
-28
-18
-9
-16
-17
-21
-22
-29
-29
-18
-13
-7
-13
6
-8
-18
-16
-26
-17
-11
1
-10
2
-2
8
4
-5
29
11
-7
-2
-13
0
8
4
-11
-19
2
2
-2
-17
4
4
-2
-6
-3
-4
-9
10
-10
-7
6
6
6
8
13
3
13
0
10
6
2
12
6
2
-6
8
4
12
19
16
-2
8
3
-2
14
13
13
-8
16
19
9
7
10
10
4
24
24
3
3
21
1
1
12
9
8
5
11
-4
-2
9
2
-9
7
-3
6
-3
0
-14
-20
-10
-12
-7
-7
-12
-10
-8
-10
1
-7
-11
10
5
-10
-3
14
21
6
10
-10
3
16
9
10
0
16
12
28
22
26
13
8
4
20
18
6
18
18
28
26
16
11
3
1
3
-8
3
-5
0
-4
6
9
1
6
-3
-3
-17
-6
-10
-13
0
-10
-8
10
3
2
-3
0
-10
-17
-5
-17
-21
-40
-38
-29
-29
-26
-39
-37
-41
-39
-48
-23
-33
-43
-36
-36
-53
-35
-28
-47
-38
-34
-27
-42
-28
-31
-41
-41
-50
-48
-47
-48
-40
-28
-48
-50
-52
-62
-58
-44
-41
-55
-57
-66
-63
-54
-48
-52
-50
-48
-47
-58
-51
-53
-54
-62
-62
-47
-45
-56
-64
-58
-52
-49
-63
-53
-39
-35
-50
-39
-48
-38
-33
-40
-39
-40
-40
-36
-51
-52
-52
-56
-42
-46
-36
-45
-48
-46
-62
-40
-51
-49
-45
-42
-33
-45
-54
-43
-41
-29
-31
-21
-31
-28
-43
-39
-32
-37
-41
-40
-36
-29
-39
-53
-59
-40
-41
-39
-29
-43
-30
-43
-33
-31
-42
-45
-42
-41
-41
-41
-33
-42
-44
-61
-48
-46
-38
-45
-50
-55
-48
-32
-35
-36
-54
-42
-55
-43
-54
-58
-46
-42
-43
-45
-31
-34
-22
-43
-36
-33
-28
-35
-42
-28
-30
-26
-31
-39
-37
-32
-35
-22
-52
-49
-42
-37
-49
-41
-44
-56
-47
-49
-49
-38
-53
-52
-34
-41
-44
-44
-41
-36
-44
-61
-56
-43
-45
-51
-42
-37
-37
-39
-37
-37
-44
-33
-29
-25
-29
-12
-15
-38
-4
-17
-14
-16
-23
-20
-18
-6
-29
-26
-20
-14
-18
-14
-19
-20
-4
-11
-5
6
-11
-15
-12
-8
-13
-17
-14
-22
-9
-16
-8
-10
-25
-14
-18
-26
-17
-21
-31
-32
-15
-35
-31
-14
-39
-20
-36
-41
-29
-23
-13
-18
-7
-17
-10
-19
-14
-13
-22
-4
-14
2
-6
-1
-22
-22
2
-9
-15
1
-9
-15
-2
-20
0
6
-11
-12
14
1
-5
-3
8
6
-1
1
-5
1
-13
16
-3
1
-11
-15
-15
-22
-12
-8
-11
-22
-23
-23
-30
-30
-19
-15
-24
-41
-25
-33
-13
-24
-38
-28
-38
-49
-35
-23
-37
-35
-25
-41
-35
-27
-46
-27
-44
-32
-34
-35
-41
-41
-27
-30
-12
-35
-40
-23
-26
-23
-30
-25
-35
-41
-40
-35
-37
-46
-32
-34
-40
-29
-28
-37
-42
-50
-35
-25
-31
-40
-54
-45
-46
-63
-68
-67
-61
-75
-62
-69
-76
-62
-77
-72
-65
-63
-64
-67
-70
-76
-73
-65
-78
-73
-63
-91
-84
-73
-80
-77
-86
-85
-69
-81
-66
-72
-64
-70
-77
-66
-70
-61
-66
-68
-71
-83
-64
-64
-81
-73
-82
-68
-76
-79
-81
-84
-69
-75
-61
-65
-60
-71
-81
-66
-69
-61
-66
-81
-79
-70
-74
-59
-53
-55
-66
-74
-67
-61
-39
-57
-67
-65
-65
-49
-43
-42
-59
-52
-45
-46
-43
-55
-55
-40
-49
-39
-35
-24
-34
-48
-8
-34
-19
-27
-29
-16
-22
-23
-14
-30
-17
-23
-33
-20
-6
-7
-21
-15
-13
-4
2
5
0
-2
-31
3
-8
-25
-13
-14
-5
-28
-19
-21
-6
-11
-22
7
-1
-14
-12
-14
-10
-7
-3
1
-15
-11
-11
-8
4
-11
-10
4
6
14
3
0
5
-2
-10
-18
-9
-3
-8
-4
-5
-21
-10
-13
-12
-14
-9
-6
-7
-5
-3
-6
-15
-5
-9
-17
-16
-9
-20
-9
-17
-1
-7
-9
-2
-5
1
-9
-6
-3
-3
7
12
7
5
0
-6
-1
3
-7
-9
-3
-9
-14
-1
-17
-7
2
-4
-2
-4
4
3
-3
-7
7
-14
-17
-4
-12
-17
-22
-33
1
14
2
0
-10
-5
-12
-18
-3
-7
-11
-16
-16
-10
-14
-1
-5
-9
-21
-3
-8
-7
-15
-11
-3
-17
-17
-2
-3
-8
-6
-13
0
-5
-3
-3
8
6
-2
9
-11
-7
2
-10
-20
-13
-3
9
-6
-5
18
10
12
5
4
9
1
15
9
-9
9
3
8
1
1
-8
4
4
11
7
3
8
9
-2
-6
2
-4
-8
1
-5
-2
-10
-16
8
-1
-4
-6
6
3
24
13
-1
2
5
4
4
5
-9
11
15
-1
10
3
-6
7
1
14
7
2
14
12
28
15
14
20
10
18
15
12
20
12
27
22
10
13
12
32
16
22
20
14
22
33
32
37
26
25
31
28
34
18
20
36
27
39
48
27
35
33
45
44
58
43
33
37
45
51
32
25
41
53
40
39
34
40
41
25
38
38
46
37
39
48
50
51
50
46
40
46
57
46
36
38
52
45
35
43
24
47
45
47
40
48
51
39
50
39
48
43
42
17
34
30
19
42
30
28
23
31
35
34
40
34
24
43
40
30
20
34
50
34
28
31
33
20
24
36
29
21
24
26
19
24
42
39
30
34
36
27
18
14
17
25
26
40
41
41
47
25
36
27
34
34
28
33
36
26
20
26
20
34
28
37
41
56
44
49
50
45
56
48
54
60
55
62
50
44
40
38
49
50
52
45
56
62
55
59
53
47
45
35
25
40
45
35
50
46
57
51
50
54
56
51
44
40
38
39
40
43
40
36
39
49
40
51
46
42
29
51
51
35
39
34
40
31
44
33
29
32
34
34
33
28
29
38
28
20
21
41
42
20
34
43
28
19
25
21
5
20
15
25
20
15
30
21
17
22
27
14
25
31
25
31
27
38
28
16
27
25
40
26
37
32
43
36
25
27
36
47
38
29
16
28
15
16
19
36
31
27
31
23
17
11
17
16
15
24
26
1
5
28
20
21
22
14
11
22
27
22
24
17
25
19
28
27
21
27
18
31
31
17
25
32
14
15
26
30
26
17
12
22
17
22
14
23
21
13
20
6
4
6
-10
0
15
21
14
26
34
20
20
13
24
7
15
26
22
21
19
30
38
31
12
10
25
27
31
16
30
36
41
33
32
40
34
44
31
22
35
33
31
43
48
50
42
42
45
51
32
44
49
55
60
40
51
44
39
38
32
54
33
38
44
26
41
48
38
44
58
46
55
51
64
47
41
51
42
51
50
62
70
54
41
53
52
55
58
61
53
53
67
47
59
53
48
50
39
46
44
43
55
58
57
48
41
49
43
52
56
49
51
49
56
48
44
48
52
68
58
51
45
48
33
41
31
30
52
30
39
14
24
46
39
27
29
17
15
19
16
30
37
20
10
10
25
26
9
18
20
35
37
28
32
49
33
27
24
25
18
23
31
34
33
32
32
30
33
45
34
31
35
31
35
26
27
30
39
27
42
39
32
29
42
31
25
39
36
35
21
36
48
39
35
25
14
15
14
20
17
23
27
44
32
14
23
13
37
16
26
36
14
34
20
31
29
13
24
28
25
12
25
18
31
17
7
27
34
42
28
18
19
35
39
47
34
33
40
27
34
29
35
31
33
38
41
43
43
42
47
35
24
53
50
39
41
34
36
38
38
31
29
34
28
44
38
43
40
33
26
29
51
39
25
32
31
39
19
20
33
26
36
20
30
34
31
35
30
29
35
28
25
23
30
33
31
48
42
26
31
21
37
57
35
29
35
25
32
44
48
47
26
41
40
48
40
42
50
49
40
43
48
39
43
33
31
23
32
22
23
27
18
19
18
18
30
27
13
14
29
17
23
23
20
29
26
30
26
18
20
46
31
37
36
40
47
41
43
36
35
21
25
49
46
41
42
32
45
57
56
37
58
53
54
59
38
60
50
48
40
46
56
51
44
39
38
43
38
46
55
45
43
47
67
44
40
39
42
46
54
46
42
53
41
43
42
36
44
43
49
43
64
44
47
52
45
42
40
50
43
56
39
57
48
35
46
58
48
55
60
55
60
44
45
55
43
32
51
39
44
50
39
50
42
29
42
40
32
37
23
24
25
25
16
30
29
39
41
22
26
26
26
20
18
11
19
25
30
11
32
25
8
25
29
10
11
15
12
14
11
10
14
19
5
-3
6
10
-4
10
1
5
12
14
13
-6
6
6
-1
-1
3
-5
6
13
8
9
5
20
8
14
5
12
3
-4
-3
3
-8
6
19
-4
1
-13
7
3
17
7
12
10
14
2
-5
-3
-5
-10
-11
8
0
10
9
4
-6
17
-5
1
17
16
7
18
15
5
19
1
14
10
14
13
15
29
14
7
7
12
16
22
3
4
-10
-7
16
-3
-1
10
7
15
17
21
16
10
7
23
25
17
11
8
25
8
13
20
23
28
18
11
9
14
8
8
5
10
3
9
18
2
15
9
16
15
2
5
5
4
-4
11
-13
-11
-2
2
4
-6
17
15
11
29
30
22
35
24
30
19
26
24
27
27
15
24
18
19
31
13
11
25
25
21
23
22
25
24
8
21
31
31
20
18
22
12
21
20
16
11
10
24
24
23
8
1
9
16
3
6
3
-4
-1
-10
8
-3
8
-8
-5
13
-7
-4
-10
-9
-11
-5
-3
0
6
10
0
11
-10
-2
2
-5
7
8
10
5
22
-3
3
15
-4
12
17
18
17
-4
8
0
7
10
-4
10
23
11
21
11
1
20
-1
2
4
12
-12
-6
14
0
8
20
8
17
7
5
17
6
1
8
8
2
-12
-6
0
-9
7
2
-13
-11
-1
-8
11
13
-4
9
6
3
7
10
27
13
-3
16
17
24
24
21
21
16
6
3
6
11
21
3
15
7
7
-5
12
16
6
16
5
11
11
26
13
6
15
7
14
-1
-10
-15
-12
1
7
-6
-10
1
-3
-13
-12
-18
1
-15
-9
-1
-7
-12
-14
-5
-9
-9
-1
12
18
2
4
4
1
-8
0
-18
-3
5
-12
3
-16
-5
-3
-15
-4
0
-12
-12
-20
-7
3
20
13
3
5
4
-10
5
7
-9
1
12
1
-4
-10
-22
-2
4
3
0
0
-9
-6
4
-10
-1
-2
-8
-1
-3
-5
1
-6
-8
4
18
17
-13
-18
-7
1
4
-18
-7
-4
0
6
0
18
-5
-6
14
5
-4
4
15
14
22
23
10
0
12
12
-2
5
-7
24
4
10
16
-4
7
-2
-2
7
8
4
1
-11
-5
-9
-12
-8
9
-9
0
13
7
-3
3
12
14
11
11
7
10
24
4
7
22
12
11
10
-7
13
10
4
14
0
-9
2
8
1
6
4
8
-11
10
14
5
-7
12
19
-1
9
-5
11
14
-1
14
8
-5
7
16
6
13
8
16
14
-4
8
3
8
18
10
18
4
23
19
15
17
-1
17
-6
5
-3
-4
19
5
21
10
16
18
8
18
1
4
9
9
8
3
6
13
-11
5
6
15
-8
-12
7
-14
-17
-22
-14
-13
-12
-7
-10
-6
-7
-23
-1
5
4
8
-11
-2
7
-8
-2
-18
-15
0
1
9
1
2
11
26
4
6
7
-4
-3
-9
-8
-7
15
26
2
-2
-6
-4
-1
11
7
-7
-12
-16
13
1
-11
-1
-2
1
-4
-10
-9
-9
-6
-8
-8
-13
11
-3
-5
-7
-15
0
-5
2
4
-6
-16
-15
-9
-8
7
-6
-10
-8
-20
-11
-28
-13
-19
-14
-20
-33
-22
-27
-26
-17
-7
-15
0
-10
-13
5
-4
-4
-10
-9
-3
-14
-3
-6
4
8
-20
1
-3
-17
-4
-5
-15
-10
-12
7
11
-15
-7
4
8
7
-1
10
-1
0
8
10
7
4
-3
14
-8
-14
13
-2
10
1
-17
-6
-8
-15
-16
-4
7
-4
-1
-2
-4
-16
-6
4
-10
-16
3
0
13
-3
-21
-5
-5
-1
-6
-5
-10
-7
-11
-10
-12
-35
-17
-6
-16
1
-15
-15
-11
-11
-4
-12
-10
-12
-8
-12
-7
-21
-16
-10
-12
-12
-10
-15
2
-7
-3
-3
-16
-4
-11
5
-9
-14
-16
-4
2
-6
6
-5
-18
-23
-13
-6
-14
-9
-15
-27
-31
-18
-9
-18
-13
-15
-8
-19
-17
-10
-20
-24
-27
-13
-31
-14
-18
-33
-22
-35
-32
-35
-40
-31
-25
-7
-19
-34
-17
-11
-19
-20
-23
-38
-34
-26
-29
-29
-22
-19
-32
-38
-28
-14
-11
-12
-25
-29
-14
-18
-22
-6
-8
-14
-11
-17
-16
-9
-5
-1
-10
3
19
-18
7
8
7
27
7
12
12
-6
-3
6
7
18
-5
-2
-2
-11
-2
-3
-10
-2
-6
-3
2
2
-4
-12
-9
-17
-12
-3
-6
6
-9
-14
-17
-14
-12
-7
-9
-23
-21
-8
-13
-20
-20
-21
-19
-28
-16
-11
-20
-6
-11
-23
-6
-19
-11
-27
-15
-21
-14
-25
-28
-8
-17
-6
-23
-25
-22
-10
-13
-21
-24
-13
-13
-17
-9
-11
-6
-15
-24
-2
-2
-11
-17
-28
-2
-7
-8
-17
-16
-12
-29
-13
-12
-10
-9
-10
-19
-26
-16
-7
-14
-25
-20
-20
-5
-5
-8
-18
-24
-20
-29
-13
-12
-12
-8
-6
-3
-10
-12
-9
-4
5
-6
-8
-8
0
10
3
14
6
9
12
-11
-7
13
9
2
10
13
2
8
-7
0
-6
-8
-8
-12
-8
-20
1
10
-1
-24
-15
-9
-13
-14
-14
-20
-15
-18
-12
-6
-16
-29
-24
-22
-19
-32
-29
-22
-23
-42
-27
-27
-38
-35
-37
-18
-24
-25
-17
-17
-30
-26
-15
-12
-26
-13
-30
-8
-20
-18
-2
-21
3
-6
-24
-15
-8
-10
-5
-13
-26
-27
-29
-26
-24
-35
-37
-25
-29
-32
-31
-30
-12
-17
-16
-20
-20
-31
-25
-28
-31
-8
0
-18
-12
-15
-27
-11
-10
-13
-11
-5
-7
-8
-10
1
-16
-19
-20
-18
-33
-33
-26
-14
-9
-21
-28
-17
-15
-34
-17
-19
-18
-21
-27
-8
-17
-22
-15
-11
-9
-15
-23
-27
-31
-6
-7
-15
-11
-32
-15
-16
-18
-25
-29
-11
-16
-14
-22
-4
-18
-20
-5
-18
-14
-19
-4
5
-11
-8
-2
-3
-3
-18
-20
-18
-6
-10
-4
1
-19
-9
-5
-11
-13
-17
-15
2
-4
-9
-6
-7
12
-7
-10
-8
-5
-9
-24
-7
-8
1
4
0
-14
-16
-9
-12
-9
-4
1
-1
0
-15
-4
9
8
-4
-7
-11
-13
2
-3
4
-10
0
4
1
-3
-7
-13
-21
-13
-2
0
-12
8
-8
-6
-8
-2
3
-7
-8
5
-12
-9
-3
-11
-6
-16
-18
-24
-9
-8
-22
-12
-12
-12
-8
-9
-8
-20
-24
-10
-27
-18
-28
-35
-38
-24
-46
-36
-24
-34
-13
-21
-2
-21
-20
-11
-29
-4
-24
-39
-26
-42
-33
-35
-40
-29
-30
-23
-32
-37
-41
-52
-55
-34
-36
-49
-41
-33
-34
-40
-44
-42
-46
-43
-34
-40
-31
-39
-56
-39
-40
-47
-35
-52
-47
-40
-40
-53
-55
-44
-41
-45
-35
-32
-47
-48
-41
-22
-45
-35
-31
-31
-39
-47
-25
-36
-36
-25
-27
-21
-28
-27
-38
-28
-34
-53
-42
-39
-41
-38
-39
-43
-32
-46
-35
-43
-45
-25
-49
-38
-28
-30
-26
-25
-24
-13
-19
-15
-10
-11
-33
-14
-10
-27
-12
-27
-31
-29
-30
-31
-25
-20
-20
-29
-31
-15
-9
-14
-21
-18
-9
-8
-9
-19
-19
-20
-13
-13
-25
-14
-17
-17
-23
-12
-6
-15
-11
-14
-21
-20
-14
-5
-7
-17
-22
-11
-5
-23
-5
-9
-11
-11
-11
-1
-4
1
-8
3
-8
-13
4
-21
8
-5
-12
-1
-23
-9
-16
-10
0
-15
-29
-19
-9
0
-11
-13
-18
-17
-9
-30
-32
-27
-13
-21
-22
-32
-18
-9
-32
-27
-9
-13
-16
-19
-22
-12
-11
-31
-17
-9
-13
-15
-12
-4
-9
-10
-18
-14
-7
-15
-3
-2
-18
-14
-30
-15
-8
-13
-15
-10
-24
-22
-16
-18
-20
-27
-25
-13
-9
-28
-23
-12
-7
-16
-18
-20
-10
-15
-19
-25
-19
-22
-45
-22
-24
-28
-32
-45
-27
-42
-24
-33
-18
-23
-22
-14
-31
4
-27
-11
-30
-32
-13
-34
-33
-27
-14
-10
-11
-10
-15
-12
-18
-16
-9
-22
-25
-20
-22
-26
-26
-8
-15
-16
-7
-17
-6
-19
-19
-12
-31
-28
-18
-26
-18
-23
-14
-29
-25
-22
-51
-41
-44
-28
-29
-38
-46
-47
-28
-35
-36
-24
-37
-47
-29
-31
-45
-33
-37
-40
-26
-33
-27
-36
-37
-23
-25
-24
-26
-31
-34
-26
-19
-11
-16
-25
-26
-13
-24
-29
-19
-14
-25
-26
-27
-23
-35
-39
-22
-16
-25
-23
-26
-14
-10
-19
-26
-23
-30
-21
-16
-16
-4
-7
-9
-19
-26
-18
-1
-2
-3
-13
-13
-8
-8
-11
8
5
0
-5
-5
-4
4
16
10
12
13
11
10
11
13
13
21
8
-4
14
-10
5
13
2
-8
-6
-2
6
17
-13
-8
7
5
3
4
8
7
-10
-16
-2
-4
-2
-16
-23
-27
-16
-19
-18
-5
-19
-22
-24
-13
-18
-28
-37
-32
-12
-42
-49
-24
-27
-26
-34
-24
-15
-41
-35
-22
-32
-29
-16
-17
-9
-8
-15
-13
-18
-33
-26
-18
-18
-22
-17
-7
-22
-13
-19
-22
3
-14
-16
-13
-12
-21
-20
-25
-12
-22
-16
1
-13
-22
-22
-15
-29
-12
-16
-23
-24
-13
-22
-38
-25
-18
-32
-22
-19
-22
0
-7
-12
-33
-28
-20
-23
-34
-20
-27
-27
-22
-22
-19
-23
-10
-13
-7
-26
-18
-12
-23
-20
-19
-11
-17
-22
-22
-10
-20
-30
-24
-14
-18
-14
-14
-19
-26
-22
-23
-29
-26
-29
-41
-37
-30
-42
-35
-44
-38
-37
-40
-25
-40
-41
-33
-30
-25
-16
-30
-28
-28
-40
-39
-38
-40
-39
-55
-51
-37
-38
-45
-47
-52
-42
-45
-48
-39
-48
-44
-42
-25
-35
-37
-30
-37
-29
-22
-33
-28
-25
-21
-16
-22
-25
-36
-35
-39
-17
-19
-25
-39
-19
-23
-34
-22
-21
-23
-40
-31
-24
-27
-35
-21
-28
-34
-43
-30
-38
-33
-23
-25
-33
-35
-24
-26
-16
-24
-30
-42
-33
-31
-44
-35
-45
-51
-46
-33
-42
-46
-45
-45
-40
-38
-43
-46
-42
-57
-43
-107
-401
-498
-362
-81
41
-149
-359
-570
-697
-611
-372
-185
-158
-365
-456
-496
-420
-224
-119
-31
-32
-14
6
5
32
109
161
242
301
308
246
131
101
144
237
254
228
108
-10
-95
-69
-14
7
11
-90
-164
-188
-187
-151
-106
-80
-72
-49
-36
-30
8
22
52
98
112
157
173
148
133
142
163
163
157
109
82
63
37
25
17
-9
-63
-106
-129
-147
-153
-128
-141
-157
-145
-159
-149
-140
-134
-108
-91
-75
-59
-48
-43
-29
-7
1
17
26
9
31
22
25
35
22
10
18
32
7
10
-6
-14
-8
9
19
10
-7
-10
-19
-3
11
25
45
30
22
34
34
67
80
74
69
65
80
88
86
96
81
84
81
87
75
78
80
58
63
46
55
44
51
53
46
60
31
25
25
41
37
31
38
28
27
28
11
13
10
-16
-4
-36
-43
-51
-43
-61
-83
-89
-96
-87
-116
-128
-137
-131
-126
-123
-125
-142
-143
-143
-115
-115
-123
-95
-97
-97
-80
-101
-72
-49
-61
-40
-29
-21
-23
-29
-16
-7
-9
4
-3
-1
25
26
18
-8
16
22
18
35
33
7
10
48
62
69
63
59
67
71
69
66
81
95
118
121
116
111
137
162
164
182
186
188
178
189
207
224
227
219
237
227
225
214
200
211
189
172
152
125
85
36
7
-25
-85
-140
-206
-252
-313
-341
-400
-445
-466
-497
-528
-567
-545
-561
-574
-563
-546
-522
-490
-458
-437
-425
-366
-323
-273
-230
-170
-133
-114
-66
-66
-31
-6
38
75
81
104
95
100
105
112
148
162
175
182
203
214
228
271
327
384
399
433
470
524
580
658
755
804
892
995
1075
1181
1285
1392
1472
1421
1105
597
356
488
759
724
364
-88
-507
-790
-799
-595
-481
-672
-968
-1159
-1227
-1105
-937
-763
-685
-608
-500
-401
-290
-174
-4
156
398
613
694
654
551
558
664
781
853
742
493
232
66
-21
-95
-182
-322
-587
-949
-1143
-1260
-1396
-1580
-1635
-1536
-1431
-1427
-1469
-1447
-1375
-1197
-939
-674
-522
-467
-449
-317
-123
92
271
312
310
317
341
372
450
491
462
394
331
269
240
190
143
135
159
169
163
128
133
209
357
557
740
913
1015
1120
1308
1625
1921
2114
1837
1164
712
790
1318
1496
1138
565
-69
-590
-732
-522
-348
-548
-1013
-1329
-1543
-1529
-1377
-1217
-1118
-1088
-938
-768
-671
-540
-335
-107
197
586
833
825
705
736
932
1158
1351
1320
1049
709
472
388
382
347
198
-120
-464
-670
-799
-881
-939
-999
-1044
-1078
-1074
-1014
-1037
-977
-882
-790
-684
-649
-533
-437
-353
-235
-107
-46
-39
-113
-112
-104
-63
6
-78
-183
-306
-417
-482
-508
-520
-544
-636
-701
-734
-737
-697
-674
-631
-559
-487
-421
-312
-231
-162
-70
63
199
291
375
477
571
690
788
897
1055
1179
1315
1437
1527
1578
1648
1764
1961
2126
2265
1857
1086
553
607
1100
1153
781
249
-396
-935
-1022
-763
-494
-718
-1131
-1420
-1586
-1489
-1244
-995
-911
-843
-709
-529
-412
-205
36
224
518
823
1053
1025
877
913
1075
1215
1354
1243
968
657
370
251
187
150
-4
-304
-656
-832
-939
-1020
-1039
-1094
-1104
-1152
-1125
-1113
-1172
-1167
-1063
-890
-724
-615
-534
-519
-502
-343
-150
-24
-48
-89
-99
-70
11
45
-6
-97
-210
-286
-297
-315
-340
-397
-448
-508
-510
-489
-494
-481
-436
-356
-305
-226
-172
-107
-36
84
249
408
545
644
765
907
1100
1309
1479
1602
1691
1793
1943
2116
2279
2383
2408
2015
1316
830
871
1190
1171
734
182
-423
-958
-1119
-970
-802
-1003
-1381
-1666
-1827
-1748
-1535
-1305
-1179
-1063
-908
-730
-563
-325
-8
263
584
908
1120
1138
1085
1148
1317
1451
1522
1425
1139
806
533
376
280
181
-47
-398
-715
-940
-1090
-1168
-1236
-1273
-1315
-1355
-1323
-1232
-1131
-1063
-960
-825
-631
-427
-313
-285
-313
-271
-80
187
329
238
57
-80
-57
43
101
67
-108
-367
-524
-559
-513
-514
-575
-670
-762
-759
-729
-685
-632
-549
-446
-328
-222
-124
-57
56
225
441
641
774
864
944
1069
1262
1391
1451
1460
1524
1634
1707
1843
2001
2081
2054
1699
1065
683
708
999
1069
685
141
-402
-770
-837
-651
-514
-681
-1043
-1314
-1439
-1398
-1148
-948
-832
-770
-712
-572
-451
-270
-7
215
438
664
801
803
730
781
953
1126
1207
1115
862
574
392
305
278
218
71
-204
-516
-736
-850
-900
-936
-981
-1044
-1113
-1127
-1088
-999
-894
-765
-650
-496
-417
-329
-285
-254
-210
-120
46
150
173
88
-17
-61
-47
-75
-88
-149
-207
-346
-533
-617
-650
-662
-677
-690
-710
-767
-818
-782
-696
-573
-466
-384
-325
-254
-181
-59
78
206
329
408
471
527
596
675
777
860
1001
1144
1215
1310
1390
1498
1601
1757
1915
2099
2211
1875
1214
730
854
1225
1308
1002
470
-164
-711
-861
-616
-397
-592
-1009
-1404
-1591
-1563
-1357
-1114
-1031
-1014
-932
-810
-664
-424
-176
42
287
620
886
934
916
996
1157
1320
1461
1431
1217
909
658
529
453
373
200
-130
-521
-766
-907
-991
-1065
-1132
-1224
-1332
-1359
-1282
-1180
-1063
-937
-837
-756
-702
-631
-543
-383
-149
100
212
177
104
80
91
174
279
327
207
-27
-230
-345
-383
-373
-393
-518
-676
-815
-855
-859
-824
-775
-729
-715
-697
-620
-553
-450
-305
-141
-29
60
119
199
290
443
648
815
915
968
1074
1197
1374
1561
1726
1828
1906
2041
2195
2343
2195
1668
1168
1058
1276
1384
1131
678
84
-506
-800
-714
-513
-631
-1039
-1477
-1735
-1772
-1570
-1315
-1245
-1273
-1267
-1119
-920
-636
-303
-75
134
431
733
913
982
1076
1224
1367
1512
1560
1417
1148
865
691
615
535
370
37
-380
-695
-899
-1018
-1107
-1229
-1321
-1468
-1552
-1528
-1453
-1341
-1196
-1069
-1004
-946
-828
-603
-453
-374
-245
-51
154
263
253
191
133
118
236
318
281
84
-193
-388
-482
-462
-463
-539
-713
-885
-976
-1006
-945
-861
-804
-799
-771
-699
-595
-473
-336
-158
-4
123
231
338
478
639
823
1008
1197
1359
1472
1545
1640
1811
1986
2103
2214
2334
2381
2079
1447
926
862
1130
1229
960
422
-250
-825
-1079
-919
-688
-744
-1093
-1532
-1832
-1828
-1556
-1267
-1090
-1030
-1010
-933
-753
-450
-86
193
438
698
934
1030
1057
1141
1272
1382
1489
1464
1255
982
682
495
382
298
142
-164
-563
-876
-1042
-1120
-1163
-1211
-1296
-1431
-1478
-1429
-1302
-1114
-950
-850
-814
-796
-725
-572
-330
-102
94
181
131
88
83
137
219
300
303
153
-53
-248
-372
-390
-435
-483
-592
-758
-891
-948
-957
-912
-844
-799
-785
-786
-719
-619
-505
-331
-143
-7
93
156
269
391
573
772
939
1058
1177
1324
1471
1592
1682
1823
1930
2065
2196
2309
2414
2248
1682
1070
849
1056
1251
1081
668
45
-605
-983
-973
-722
-664
-945
-1344
-1691
-1820
-1647
-1365
-1154
-1073
-1016
-907
-776
-551
-216
67
336
624
879
1068
1079
1086
1230
1371
1485
1538
1426
1158
819
574
423
321
243
3
-355
-718
-1006
-1160
-1229
-1262
-1290
-1370
-1471
-1477
-1415
-1279
-1111
-927
-748
-735
-685
-598
-452
-227
-9
217
291
219
141
102
149
259
309
273
107
-142
-340
-460
-515
-542
-574
-685
-853
-965
-995
-992
-946
-877
-792
-733
-688
-604
-480
-365
-188
13
150
250
299
374
500
697
877
1041
1134
1231
1323
1410
1539
1650
1795
1899
1978
2082
2198
2240
1958
1363
896
838
1091
1179
916
407
-197
-740
-976
-831
-625
-679
-1035
-1459
-1739
-1725
-1465
-1197
-1076
-1078
-1036
-926
-750
-445
-121
143
336
575
822
975
1044
1131
1258
1362
1459
1442
1315
1051
772
553
413
300
171
-67
-433
-796
-1055
-1161
-1209
-1241
-1302
-1391
-1494
-1530
-1429
-1264
-1074
-928
-888
-867
-771
-555
-290
-60
62
152
167
160
213
289
365
360
320
192
58
-84
-198
-328
-433
-525
-629
-723
-813
-888
-925
-923
-930
-851
-773
-713
-625
-529
-408
-277
-145
-8
108
212
315
437
568
707
836
946
1036
1119
1244
1351
1434
1506
1611
1700
1801
1942
2046
2183
2028
1528
960
763
991
1224
1082
673
98
-522
-888
-844
-579
-560
-820
-1225
-1602
-1749
-1557
-1276
-1068
-1041
-1053
-985
-880
-645
-302
27
231
418
637
803
887
998
1117
1254
1343
1361
1277
1073
808
590
423
308
236
50
-268
-621
-886
-1048
-1139
-1153
-1194
-1262
-1391
-1451
-1409
-1282
-1121
-1010
-980
-974
-911
-712
-436
-197
-59
-17
-10
4
73
219
333
305
222
122
21
-45
-124
-186
-260
-391
-505
-581
-635
-697
-709
-749
-754
-720
-667
-616
-566
-506
-439
-328
-214
-82
34
112
179
276
393
560
717
846
945
1022
1159
1273
1394
1546
1671
1787
1899
1996
2155
2213
1954
1417
967
967
1218
1282
1006
530
-61
-601
-870
-723
-549
-651
-1018
-1449
-1731
-1782
-1536
-1258
-1122
-1128
-1097
-1010
-858
-555
-164
141
338
511
726
882
999
1158
1278
1369
1418
1403
1297
1085
833
642
497
389
269
55
-279
-632
-895
-1028
-1094
-1119
-1179
-1312
-1415
-1460
-1402
-1271
-1134
-1024
-980
-967
-886
-707
-442
-226
-67
3
3
13
87
225
317
346
285
192
85
-19
-88
-158
-205
-294
-392
-485
-573
-647
-697
-720
-730
-681
-654
-633
-601
-564
-488
-383
-271
-178
-97
-29
65
170
310
489
614
753
876
1013
1128
1254
1401
1505
1668
1805
1965
2136
2263
2258
1944
1405
1054
1141
1373
1383
1085
584
-24
-536
-747
-648
-500
-626
-984
-1431
-1766
-1803
-1565
-1278
-1154
-1192
-1161
-1094
-949
-636
-270
51
232
409
637
814
950
1116
1262
1355
1416
1426
1322
1125
908
748
605
479
357
119
-209
-554
-800
-949
-1048
-1111
-1205
-1306
-1420
-1476
-1426
-1364
-1236
-1088
-1066
-1019
-926
-761
-538
-332
-125
-2
21
21
112
231
336
384
383
297
178
92
9
-41
-99
-178
-279
-386
-476
-541
-615
-666
-685
-682
-653
-636
-624
-617
-577
-525
-412
-300
-219
-131
-61
19
157
310
472
642
799
920
1031
1170
1312
1478
1670
1816
1962
2089
2238
2323
2165
1692
1258
1160
1340
1457
1276
833
220
-362
-697
-688
-538
-532
-838
-1284
-1713
-1861
-1708
-1432
-1239
-1242
-1269
-1217
-1068
-828
-465
-118
125
295
495
707
892
1070
1233
1345
1424
1486
1456
1303
1074
889
745
643
521
338
48
-287
-597
-839
-953
-1012
-1090
-1209
-1352
-1462
-1507
-1462
-1349
-1231
-1140
-1086
-1006
-887
-699
-478
-268
-99
-22
32
99
184
280
369
418
382
304
209
125
74
20
-43
-117
-238
-354
-438
-527
-592
-626
-653
-641
-630
-632
-640
-616
-570
-480
-392
-293
-212
-143
-74
27
163
329
489
617
747
873
1036
1194
1345
1474
1604
1769
1921
2072
2243
2251
2007
1527
1181
1181
1398
1490
1242
714
108
-378
-579
-501
-436
-561
-899
-1337
-1700
-1788
-1622
-1363
-1273
-1323
-1332
-1253
-1095
-856
-546
-270
-31
197
417
599
761
959
1116
1235
1325
1390
1359
1207
1029
880
793
708
585
366
106
-224
-507
-671
-807
-922
-1028
-1161
-1270
-1357
-1432
-1415
-1349
-1263
-1196
-1139
-1079
-981
-814
-605
-414
-273
-212
-150
-45
72
196
276
333
296
232
210
176
155
112
62
-23
-109
-190
-247
-317
-407
-444
-471
-471
-478
-496
-524
-535
-500
-462
-389
-341
-287
-236
-156
-63
57
230
351
476
619
781
956
1106
1241
1368
1472
1663
1883
2102
2222
2112
1786
1380
1220
1380
1621
1584
1228
642
106
-219
-271
-212
-272
-505
-863
-1262
-1558
-1595
-1437
-1282
-1288
-1366
-1384
-1297
-1141
-931
-691
-466
-251
-12
206
351
495
664
875
1036
1139
1183
1163
1082
976
883
846
799
699
506
214
-41
-257
-397
-510
-640
-788
-929
-1088
-1203
-1288
-1264
-1177
-1149
-1218
-1319
-1319
-1126
-874
-673
-565
-563
-560
-471
-291
-90
64
141
153
128
127
166
222
258
248
182
121
63
57
6
-57
-133
-191
-215
-240
-292
-397
-460
-488
-466
-430
-417
-424
-441
-404
-345
-242
-103
34
174
269
385
535
719
902
1070
1236
1387
1567
1726
1944
2040
1952
1669
1407
1367
1502
1664
1547
1120
582
189
12
29
-2
-182
-523
-878
-1211
-1405
-1400
-1292
-1231
-1315
-1418
-1462
-1377
-1191
-961
-787
-643
-486
-265
-53
110
262
444
641
764
877
926
936
917
870
841
804
757
689
547
325
145
-25
-110
-177
-289
-441
-622
-748
-834
-852
-891
-901
-945
-1021
-1084
-1120
-1060
-929
-780
-715
-735
-746
-685
-544
-396
-269
-190
-158
-126
-97
-50
0
77
121
144
150
109
99
99
103
78
53
43
15
-51
-121
-196
-231
-249
-239
-258
-335
-381
-391
-385
-339
-245
-155
-77
-4
60
167
324
503
695
856
991
1108
1277
1462
1655
1732
1704
1505
1323
1345
1501
1634
1505
1187
767
496
366
408
338
112
-214
-527
-734
-886
-916
-948
-990
-1074
-1151
-1182
-1177
-1103
-986
-877
-768
-642
-468
-296
-158
-64
48
210
382
537
616
645
624
614
619
668
678
646
586
471
356
273
203
159
94
-6
-125
-243
-339
-405
-456
-503
-567
-664
-772
-877
-892
-817
-725
-702
-749
-825
-850
-773
-635
-486
-387
-396
-393
-341
-240
-120
-12
75
128
184
241
289
306
329
342
366
369
319
265
185
111
45
-5
-37
-90
-201
-295
-376
-424
-412
-369
-331
-319
-275
-259
-184
-79
59
199
317
434
552
718
857
997
1134
1254
1381
1427
1371
1238
1167
1212
1309
1353
1241
973
659
458
413
429
370
172
-92
-338
-495
-560
-567
-596
-683
-762
-858
-861
-849
-800
-723
-652
-562
-485
-407
-330
-255
-167
-40
58
158
228
271
281
284
289
301
347
393
411
336
265
198
165
156
147
110
52
-15
-68
-110
-130
-198
-266
-344
-429
-434
-441
-427
-437
-491
-554
-577
-529
-440
-364
-359
-332
-323
-286
-164
-76
3
37
56
86
136
182
208
236
232
211
198
164
139
111
77
36
-7
-51
-114
-166
-183
-210
-224
-206
-210
-209
-192
-175
-130
-91
-46
33
80
115
182
236
319
400
445
490
524
570
592
639
676
686
722
717
661
609
533
519
523
542
528
448
344
254
214
211
232
196
127
56
23
-1
26
29
-10
-36
-69
-75
-44
-48
-37
-88
-113
-104
-114
-92
-104
-143
-170
-195
-182
-168
-174
-162
-167
-186
-172
-159
-131
-108
-109
-69
-70
-51
-37
-47
-20
-21
5
23
5
-3
-11
-20
-23
-18
-10
-22
-42
-63
-37
-29
-12
19
11
10
12
16
35
67
87
92
71
81
74
59
42
36
29
7
-22
-40
-56
-57
-55
-104
-121
-112
-131
-138
-115
-111
-86
-100
-109
-90
-63
-25
-2
47
63
69
106
120
156
163
162
188
197
197
175
160
155
161
169
147
112
73
68
55
52
75
69
64
54
39
58
76
96
108
141
147
162
192
188
222
237
239
236
203
211
188
166
155
128
94
75
55
15
16
-6
-36
-22
-34
-51
-69
-68
-64
-54
-42
-46
-60
-59
-55
-40
-36
-37
-44
-58
-53
-46
-46
-48
-61
-74
-67
-52
-37
-32
-43
-17
10
7
16
30
41
38
53
75
65
82
78
62
61
49
46
29
21
-13
-28
-32
-55
-59
-80
-103
-131
-146
-141
-119
-98
-101
-89
-85
-75
-44
-11
30
71
107
124
135
152
175
195
224
246
250
230
217
195
194
201
194
176
139
86
51
47
49
68
56
38
6
-7
-19
-1
6
32
45
57
68
67
86
106
134
138
159
154
140
132
134
142
154
126
97
62
45
43
30
30
44
18
-20
-27
-33
-17
-19
-28
-58
-60
-53
-73
-84
-79
-74
-69
-72
-80
-66
-65
-73
-65
-62
-46
-43
-15
-9
19
39
57
79
92
106
106
125
144
145
153
149
112
110
128
110
105
80
39
11
-27
-33
-32
-44
-80
-110
-131
-146
-133
-121
-111
-96
-94
-95
-97
-87
-40
-9
36
71
107
125
134
160
175
218
240
242
239
229
221
204
189
197
197
168
129
92
56
24
37
54
21
17
6
-12
-19
-7
14
19
25
19
41
61
89
104
103
117
107
124
112
116
122
111
98
81
90
81
77
74
70
70
61
69
65
74
77
63
40
24
41
16
28
19
-16
-21
-16
-29
-46
-51
-55
-53
-58
-50
-54
-28
-17
-19
-9
-6
35
58
87
124
135
137
162
175
199
206
214
209
192
222
193
190
154
120
79
57
34
21
15
-41
-78
-121
-159
-160
-152
-134
-139
-147
-130
-153
-111
-72
-52
2
48
54
86
119
136
171
172
210
233
244
245
237
212
207
198
197
195
159
115
99
65
47
45
30
31
20
-9
-38
-42
-49
-51
-38
-50
-49
-19
-15
-19
-22
-7
-19
-15
-12
-14
-25
-26
-31
-25
-9
-7
1
5
-5
-6
13
13
26
49
52
49
30
13
21
28
24
14
1
-18
-22
-27
-14
-11
1
-24
-64
-47
-37
-22
9
12
25
54
52
64
104
137
158
178
174
201
222
225
231
219
238
233
212
205
162
139
112
102
108
62
35
-13
-73
-89
-85
-92
-80
-78
-88
-128
-120
-95
-68
-41
-33
-12
22
42
50
69
102
120
140
159
159
168
165
176
154
159
154
167
169
139
128
100
95
91
90
86
71
74
90
56
77
61
52
74
63
85
77
86
83
75
68
50
63
44
37
32
37
11
5
3
6
-3
-10
-11
-10
-8
-21
16
23
22
21
32
16
26
33
39
45
43
38
55
77
82
99
88
99
100
101
108
120
126
132
111
120
144
140
146
146
156
150
162
162
170
151
132
123
132
132
131
113
88
70
58
64
49
44
16
-4
-18
-38
-40
-20
-16
-24
-39
-59
-51
-49
-18
-5
2
9
16
13
34
35
42
48
58
76
58
56
67
63
63
59
50
65
55
53
55
35
46
64
90
91
109
105
92
114
135
150
165
163
169
164
158
160
155
148
136
136
114
89
65
51
19
-1
-6
-33
-38
-44
-59
-64
-80
-83
-68
-54
-55
-61
-70
-37
-46
-34
-17
-6
-7
-15
22
17
33
54
45
65
64
47
54
74
74
74
80
58
56
74
83
73
81
72
73
75
84
69
58
70
61
65
59
77
53
49
49
35
40
27
22
0
-4
-17
-24
-25
-22
-38
-46
-48
-51
-52
-55
-40
-40
-48
-46
-57
-60
-41
-29
-25
-37
-30
-50
-43
-32
-30
-26
-35
-28
-32
-14
13
13
20
35
25
42
59
86
69
79
113
130
144
155
169
170
171
175
178
172
160
155
139
133
97
74
59
37
25
-22
-18
-35
-38
-65
-59
-79
-73
-71
-65
-47
-39
-34
-38
-22
-21
19
42
60
64
77
66
62
74
78
79
68
69
52
48
59
47
43
41
39
21
9
17
17
24
28
19
30
48
40
42
25
41
45
72
86
60
63
59
76
75
62
74
66
42
37
33
34
40
31
16
-4
-29
-18
-33
-21
-4
-27
-40
-84
-73
-65
-60
-63
-70
-71
-76
-85
-81
-70
-65
-53
-51
-34
-21
-22
-14
-9
25
56
71
84
90
106
113
134
166
169
182
177
155
175
186
177
174
184
158
147
113
97
76
39
40
27
9
-22
-51
-67
-86
-93
-88
-99
-92
-94
-103
-84
-71
-61
-33
-33
-16
-14
0
27
40
44
33
55
50
66
73
62
52
51
53
57
46
12
17
21
11
3
13
-16
-2
4
-7
4
-3
4
14
15
16
25
34
36
14
43
51
38
55
54
59
41
29
37
19
13
20
14
-14
-23
-14
-24
-37
-56
-59
-75
-80
-90
-100
-107
-123
-129
-127
-139
-149
-145
-145
-152
-150
-140
-137
-125
-106
-97
-82
-50
-28
-20
-4
23
42
60
82
109
134
157
129
135
137
140
154
145
158
135
101
85
45
39
11
-20
-34
-63
-75
-109
-130
-155
-154
-150
-165
-157
-148
-139
-129
-116
-119
-87
-75
-67
-49
-40
-25
-15
-6
-1
25
17
23
6
-2
2
0
-10
-7
-13
-22
-28
-38
-47
-51
-42
-53
-25
-33
-51
-47
-32
-35
-31
-16
7
19
21
14
12
29
14
34
28
16
24
5
20
4
6
-2
-17
-14
-39
-32
-22
-32
-51
-68
-66
-68
-83
-106
-111
-135
-169
-171
-158
-163
-175
-177
-164
-167
-170
-150
-154
-139
-127
-121
-93
-85
-43
-40
-18
13
25
49
80
87
99
105
109
123
111
136
119
124
94
70
70
28
24
6
-9
-40
-51
-72
-96
-124
-141
-135
-140
-134
-124
-132
-124
-115
-112
-79
-61
-42
-16
-3
-6
15
29
23
42
43
38
47
28
32
11
2
-9
-12
-11
-30
-41
-40
-47
-56
-64
-52
-35
-46
-29
-24
-32
-10
-2
20
19
28
32
35
38
59
67
73
80
76
78
58
60
46
37
40
29
24
15
-12
-7
-26
-35
-39
-72
-80
-93
-115
-123
-123
-143
-147
-158
-165
-171
-169
-168
-148
-154
-149
-145
-145
-136
-120
-114
-96
-89
-63
-41
-50
-18
8
24
39
64
70
89
93
76
73
89
84
71
49
41
21
-12
-20
-29
-28
-45
-55
-76
-99
-103
-118
-102
-101
-99
-101
-99
-97
-90
-68
-62
-52
-44
-20
-25
-7
-2
10
30
33
40
39
22
24
22
-3
1
4
-18
-25
-21
-29
-31
-35
-49
-29
-21
-31
-19
-26
-20
-6
-24
-4
15
5
10
5
8
10
20
13
10
-6
-10
-14
-10
-11
-21
-24
-25
-33
-43
-39
-47
-54
-46
-41
-56
-53
-66
-77
-98
-110
-106
-118
-121
-136
-132
-132
-139
-140
-129
-125
-115
-123
-123
-118
-105
-89
-89
-55
-56
-44
-14
-22
-4
22
42
48
59
55
61
68
74
74
59
56
44
21
2
-14
-28
-49
-66
-85
-82
-91
-110
-108
-121
-114
-109
-109
-100
-102
-95
-64
-60
-42
-20
-5
-10
1
21
25
40
53
46
41
57
49
46
25
33
34
21
34
21
-1
3
-20
-22
-4
-17
-23
11
2
16
16
11
31
20
26
27
21
17
18
20
17
35
21
2
7
-15
-21
-16
-20
-20
-19
-41
-47
-51
-55
-67
-57
-56
-52
-62
-74
-70
-69
-76
-82
-73
-90
-102
-104
-115
-92
-90
-97
-94
-83
-92
-93
-86
-74
-48
-60
-38
-26
-24
0
6
23
33
34
58
64
52
60
50
42
35
37
27
8
-23
-31
-50
-58
-55
-81
-78
-97
-118
-128
-149
-150
-139
-132
-143
-141
-134
-127
-119
-114
-96
-90
-93
-60
-63
-61
-50
-36
-7
-19
6
0
-6
-8
-9
-16
-10
-6
-17
-33
-31
-18
-21
-19
-16
-11
-3
-15
-32
-21
-24
-17
-25
-22
-38
-36
-19
-30
-22
-16
-16
-16
-17
-33
-31
-39
-18
-21
-16
-24
-40
-23
-20
-28
-39
-24
-31
-45
-44
-65
-71
-69
-82
-74
-95
-106
-125
-127
-131
-123
-138
-167
-147
-156
-159
-162
-157
-145
-129
-115
-119
-84
-78
-65
-46
-31
-24
-15
9
18
38
38
34
53
45
28
19
31
14
-30
-26
-36
-58
-83
-87
-101
-111
-131
-135
-149
-163
-167
-162
-154
-149
-153
-152
-137
-107
-112
-100
-80
-91
-72
-83
-58
-63
-54
-39
-48
-48
-41
-51
-51
-38
-44
-32
-46
-42
-40
-60
-58
-42
-47
-51
-50
-59
-70
-57
-68
-91
-290
-563
-613
-522
-336
-147
-121
-282
-392
-336
-222
-239
-341
-345
-295
-237
-230
-376
-578
-638
-529
-370
-262
-232
-279
-310
-321
-355
-352
-360
-335
-245
-200
-206
-279
-411
-513
-522
-500
-454
-408
-422
-435
-478
-551
-573
-571
-518
-437
-381
-351
-374
-389
-420
-400
-337
-241
-135
-99
-63
-84
-113
-125
-110
-78
-24
10
2
-18
-71
-128
-170
-173
-147
-144
-131
-162
-215
-284
-325
-315
-286
-241
-240
-227
-248
-261
-254
-238
-223
-183
-117
-52
-21
-41
-88
-90
-51
-11
46
83
111
119
103
38
16
7
30
58
51
59
17
-23
-60
-82
-68
-56
-31
1
19
-18
-54
-69
-54
-13
23
50
60
48
27
28
47
76
103
143
152
143
134
112
97
106
110
114
136
116
67
53
15
0
-8
7
12
0
7
-23
-69
-73
-86
-66
-42
-39
-19
-30
-14
-23
-6
9
56
85
105
130
133
132
120
126
145
163
168
168
153
133
124
107
103
109
99
90
92
79
71
76
80
71
81
86
90
108
107
96
101
94
94
115
133
128
111
107
103
123
109
107
98
99
101
108
82
75
88
74
101
104
99
110
109
96
101
128
120
131
141
145
150
133
121
125
138
145
139
131
128
118
97
94
98
99
90
96
99
95
116
113
109
117
128
138
141
130
135
147
152
159
153
135
136
135
134
130
132
127
116
117
96
88
84
72
67
80
83
74
83
72
74
81
73
84
91
113
117
129
147
140
156
155
164
162
160
182
172
164
171
160
164
156
154
146
136
120
94
100
90
77
90
98
96
73
70
74
53
71
88
93
105
94
94
101
107
104
107
120
112
111
109
113
124
115
119
116
96
118
134
137
141
140
152
144
134
141
147
124
135
138
124
122
124
136
136
133
135
133
122
116
127
121
111
107
115
110
100
93
91
113
132
133
119
128
135
129
124
144
136
152
144
135
135
129
129
126
115
104
99
94
98
90
87
80
69
88
85
72
79
62
79
101
95
113
126
137
139
144
168
164
186
183
177
177
185
182
184
184
171
185
176
168
173
184
176
159
152
148
135
137
136
141
146
148
148
155
137
132
149
149
164
160
146
157
145
135
132
130
123
125
132
131
123
118
115
114
135
135
127
136
141
133
147
144
142
147
139
145
156
154
155
146
147
146
141
130
130
158
140
139
152
149
147
142
122
136
143
141
146
129
163
170
164
162
166
171
159
164
144
133
135
129
130
124
96
89
101
91
84
83
61
58
52
52
51
62
57
60
71
83
84
83
93
93
122
137
154
142
142
160
148
158
165
165
156
150
156
165
154
141
155
154
144
154
146
140
134
133
137
148
141
150
146
139
147
150
153
140
151
149
133
138
140
127
137
137
141
129
112
122
98
102
110
120
114
110
112
101
101
117
140
148
133
151
158
139
142
143
132
144
149
145
150
138
140
111
120
125
134
125
122
114
93
109
96
130
118
110
126
122
110
117
120
122
134
133
133
135
112
120
138
107
112
112
90
100
82
63
73
58
47
41
54
42
45
35
38
54
35
36
47
58
64
53
69
79
95
98
110
116
104
105
102
94
102
121
100
93
102
92
86
97
87
88
95
93
94
99
100
88
76
89
80
76
87
84
85
95
77
46
54
65
71
56
53
64
57
39
43
58
36
47
52
46
48
53
34
18
26
30
43
58
56
61
71
58
66
67
76
92
93
75
78
71
56
55
63
61
64
65
76
81
66
71
85
84
97
74
77
83
70
77
69
80
84
74
71
70
61
62
67
66
61
57
47
39
24
24
22
35
35
13
27
7
34
40
28
41
31
46
49
46
60
51
60
53
47
65
46
62
50
35
52
37
28
18
32
43
26
25
18
22
20
28
47
67
42
53
66
67
77
92
85
87
98
84
90
85
81
71
71
63
70
70
57
59
55
29
30
30
21
40
43
39
46
41
34
30
46
66
72
81
71
72
72
67
76
92
91
94
83
79
94
82
95
79
85
62
65
53
62
60
54
54
50
73
55
71
71
51
59
61
66
66
67
65
65
50
28
40
17
13
28
15
15
5
-5
4
-4
-10
-12
-7
23
12
5
25
17
26
22
9
38
37
38
45
34
42
21
24
45
39
28
12
5
12
-2
1
20
-4
-9
2
-2
11
18
18
25
27
31
23
33
28
27
41
49
32
45
54
41
73
33
19
26
31
20
21
18
13
16
3
13
11
4
7
21
18
-4
-10
-9
2
15
13
29
22
15
20
11
16
18
17
48
42
27
31
32
35
36
36
44
53
46
38
50
42
44
45
39
30
22
22
23
10
2
13
-3
-13
-10
-23
-31
-25
-36
-28
-36
-39
-33
-35
-46
-51
-63
-75
-47
-54
-50
-32
-22
-17
-25
-17
-18
-14
-14
-26
-7
-17
-2
-17
-15
3
-4
-1
-13
-1
-17
-6
-19
-13
-4
-30
-13
-32
-23
-32
-19
-27
-27
-12
-20
-12
-1
6
3
-8
2
8
23
22
22
17
13
3
-11
0
-1
-1
4
-4
-23
-24
-39
-39
-35
-40
-41
-47
-46
-51
-42
-25
-38
-44
-35
-39
-25
-20
-16
-11
-18
-5
4
-7
6
17
5
21
25
30
36
44
47
45
37
26
40
21
30
37
17
14
12
9
-8
-3
2
-3
2
-14
-28
-9
-39
-46
-49
-52
-47
-39
-37
-37
-25
-32
-26
-37
-8
-14
-4
0
10
11
13
4
19
30
5
42
31
24
18
-4
3
1
-9
-12
-21
-41
-42
-34
-43
-56
-55
-55
-59
-62
-50
-53
-55
-50
-42
-14
-17
-26
-3
9
8
11
-6
-2
12
23
32
11
12
14
10
1
3
2
-8
-8
-36
-31
-29
-43
-46
-48
-55
-55
-69
-58
-61
-74
-71
-77
-70
-58
-45
-45
-28
-28
-36
-40
-25
-13
-22
-12
-2
-1
16
24
17
28
31
56
49
25
24
26
45
22
22
14
-15
-19
-1
-14
-13
-16
-33
-48
-59
-52
-54
-59
-66
-64
-66
-68
-68
-59
-56
-49
-31
-26
-33
-24
-22
-5
15
13
21
21
15
16
3
-4
1
-10
6
2
-2
-11
-34
-38
-28
-25
-21
-38
-45
-58
-57
-62
-58
-53
-71
-37
-36
-36
-22
-21
-10
2
12
24
25
33
43
39
34
37
43
36
29
14
26
30
11
3
-6
-8
1
-12
-41
-50
-62
-66
-51
-61
-65
-69
-69
-70
-71
-81
-75
-74
-75
-49
-37
-40
-41
-30
-34
-19
-14
-20
-4
3
31
18
15
28
32
26
31
44
42
44
34
33
30
6
0
-4
-6
4
-18
-22
-36
-43
-30
-37
-42
-43
-49
-45
-44
-35
-37
-29
-19
-28
-15
-13
0
-8
10
21
8
9
22
25
12
14
6
-4
9
-1
-21
-7
-24
-36
-47
-45
-53
-74
-64
-53
-68
-59
-64
-66
-56
-63
-53
-33
-17
-14
-10
2
5
-10
9
19
18
18
14
33
39
29
31
24
23
30
33
23
15
14
-4
-4
-12
-26
-31
-29
-46
-55
-62
-68
-65
-65
-69
-73
-86
-79
-86
-83
-67
-66
-71
-67
-59
-56
-24
-38
-28
-29
-32
-8
-4
6
9
11
10
21
24
24
33
32
11
26
14
13
17
-9
-2
-7
-27
-26
-31
-51
-36
-46
-48
-45
-44
-47
-40
-40
-47
-37
-51
-37
-26
-30
-12
-5
-14
-5
-16
-11
-15
-9
8
-6
-13
-2
-4
-21
-36
-42
-42
-36
-37
-42
-61
-62
-72
-57
-58
-71
-67
-64
-60
-53
-58
-46
-25
-32
-18
-13
-13
-7
-13
4
14
9
11
10
13
23
20
30
18
18
5
4
-5
-15
-22
-29
-36
-55
-42
-55
-68
-71
-74
-73
-80
-89
-84
-102
-101
-82
-85
-98
-89
-101
-93
-81
-84
-92
-78
-61
-52
-56
-55
-56
-60
-40
-43
-24
-18
-22
-31
-23
-28
-43
-29
-35
-12
-41
-43
-51
-65
-62
-62
-65
-76
-68
-79
-67
-75
-73
-86
-85
-79
-71
-56
-54
-58
-43
-34
-44
-36
-46
-23
-26
-23
-27
-30
-23
-37
-34
-40
-52
-51
-38
-47
-67
-74
-66
-49
-67
-65
-56
-73
-72
-72
-67
-65
-76
-69
-56
-48
-62
-56
-45
-33
-43
-37
-16
-10
-4
-22
-8
-15
-10
6
-11
2
-2
4
7
-20
-9
-21
-10
-19
-24
-27
-21
-32
-56
-68
-71
-56
-50
-45
-37
-42
-66
-47
-62
-47
-50
-46
-47
-36
-41
-43
-38
-24
-3
-4
8
4
-9
3
17
8
16
22
21
12
24
11
12
10
8
-2
-16
-11
-23
-22
-11
-27
-32
-30
-28
-6
-6
-1
-10
-12
12
-1
3
4
1
15
14
14
19
13
22
14
10
9
12
20
6
11
4
1
-7
-21
-24
-12
-3
-1
-11
-14
3
-18
-14
-4
-4
6
-5
6
-4
5
7
21
21
29
42
37
35
35
38
25
37
42
39
35
36
29
34
37
12
28
17
14
7
9
8
-12
-12
-17
1
-27
-24
-7
-25
-23
-22
-28
-23
-29
-25
-14
-18
-6
-7
-5
2
10
0
7
-2
-2
9
22
18
28
43
24
12
20
17
20
11
21
32
9
15
-1
-13
2
-9
-18
-2
-9
-10
-11
-17
-25
-13
-16
-15
-7
-15
-6
-16
-20
-2
-12
-11
-3
8
-9
-20
-4
15
9
-5
-4
-11
2
2
-4
-7
-15
-20
-27
-30
-26
-38
-44
-23
-19
-40
-29
-16
-15
-32
-38
-16
-14
-6
7
10
3
11
14
2
-20
21
16
-10
-5
-9
-7
-5
-14
-14
-9
-25
-9
0
-20
-18
-24
-35
-25
-37
-29
-28
-37
-23
-39
-38
-43
-42
-14
-37
-51
-40
-50
-56
-47
-49
-48
-40
-33
-24
-22
-20
-17
-25
-14
-14
-23
-11
-22
-13
-9
-15
-19
-22
-14
-5
-15
-17
-16
-20
-16
-25
-10
-22
-23
-16
-13
-26
-16
-13
-32
-24
-23
-14
-27
-16
-11
-10
3
-17
-10
-14
-11
-11
-13
-14
-25
-1
-12
-31
-15
-26
-19
-20
-23
-25
-39
-55
-50
-41
-44
-30
-43
-36
-50
-52
-52
-53
-33
-51
-41
-39
-45
-40
-33
-25
-28
-23
-21
-29
-18
-6
-22
-28
-17
-10
-26
-9
-22
-21
-30
-36
-35
-19
-13
-27
-33
-45
-35
-42
-40
-40
-54
-48
-28
-44
-33
-34
-45
-43
-35
-25
-38
-25
-38
-37
-30
-35
-28
-26
-21
-23
-25
-24
-26
-13
-13
-25
-21
-25
-30
-29
-28
-17
-13
-13
-13
-25
-31
-40
-42
-42
-41
-46
-46
-46
-47
-38
-45
-51
-40
-41
-38
-50
-43
-47
-34
-35
-36
-34
-41
-30
-43
-23
-23
-38
-47
-43
-49
-52
-39
-48
-55
-71
-45
-62
-60
-64
-84
-74
-84
-72
-81
-85
-77
-82
-77
-78
-60
-59
-74
-52
-47
-41
-47
-48
-48
-50
-45
-57
-50
-43
-56
-58
-46
-45
-68
-61
-66
-53
-45
-72
-60
-58
-63
-59
-79
-61
-92
-88
-96
-83
-61
-57
-70
-99
-92
-84
-82
-92
-64
-70
-66
-75
-76
-61
-61
-65
-69
-60
-72
-61
-56
-54
-55
-71
-71
-64
-65
-67
-67
-73
-60
-67
-76
-65
-73
-82
-67
-55
-75
-65
-71
-77
-72
-77
-69
-66
-69
-56
-57
-69
-76
-78
-59
-60
-61
-50
-65
-65
-69
-64
-55
-64
-60
-46
-62
-54
-56
-47
-50
-70
-70
-84
-66
-74
-74
-73
-78
-87
-82
-66
-66
-71
-69
-58
-57
-64
-63
-55
-57
-50
-53
-51
-46
-50
-45
-41
-36
-28
-58
-36
-26
-30
-54
-60
-46
-62
-49
-55
-44
-50
-59
-59
-44
-66
-69
-50
-68
-60
-59
-59
-57
-71
-71
-65
-72
-74
-58
-62
-75
-81
-77
-73
-55
-60
-79
-73
-60
-55
-60
-54
-48
-33
-47
-40
-34
-46
-37
-37
-38
-38
-36
-43
-23
-32
-36
-16
-24
-28
-19
-23
-6
-16
-24
-10
-28
-25
-24
-26
-26
-30
-31
-32
-34
-33
-34
-31
-30
-26
-35
-25
-30
-32
-40
-41
-51
-37
-31
-39
-44
-53
-44
-60
-63
-42
-38
-49
-56
-57
-53
-51
-56
-37
-30
-44
-47
-32
-31
-43
-27
-42
-31
-38
-33
-37
-31
-44
-37
-41
-34
-25
-31
-23
-46
-51
-25
-32
-35
-34
-45
-36
-42
-44
-40
-46
-50
-46
-42
-48
-52
-52
-52
-60
-45
-38
-32
-30
-40
-44
-42
-34
-53
-42
-43
-19
-33
-48
-37
-29
-39
-43
-32
-40
-32
-54
-33
-40
-33
-21
-18
-11
-14
-7
-21
2
3
5
-6
19
21
13
9
1
-2
4
-6
-4
3
-5
-3
-7
-18
-18
-26
-32
-21
-33
-36
-37
-32
-20
-23
-40
-46
-29
-24
-39
-42
-29
-33
-27
-34
-58
-40
-42
-37
-48
-37
-43
-43
-33
-59
-53
-64
-64
-73
-74
-82
-59
-56
-61
-72
-67
-61
-52
-41
-63
-45
-58
-59
-56
-50
-32
-56
-33
-35
-33
-35
-43
-37
-41
-41
-47
-44
-33
-46
-45
-46
-48
-40
-40
-41
-54
-54
-53
-55
-38
-57
-56
-58
-58
-46
-57
-37
-49
-43
-41
-49
-51
-39
-34
-38
-39
-38
-34
-20
-33
-20
-4
-13
-20
-30
-21
-31
-14
-16
-2
-4
-1
-12
-20
-4
-4
-1
-10
-3
-4
-6
-16
-10
-19
-17
-5
-30
-26
-26
-24
-37
-37
-39
-38
-37
-22
-17
-15
-30
-49
-44
-48
-53
-45
-34
-33
-40
-31
-38
-46
-45
-41
-35
-42
-40
-39
-50
-48
-35
-42
-29
-41
-45
-40
-44
-28
-31
-38
-35
-40
-43
-44
-26
-32
-49
-37
-42
-33
-24
-35
-38
-35
-20
-33
-26
-16
-38
-40
-26
-40
-40
-34
-15
-20
-37
-28
-24
-28
-25
-27
-21
-14
-26
-46
-43
-33
-32
-49
-60
-57
-57
-61
-48
-25
-32
-29
-24
-34
-36
-36
-51
-40
-31
-30
-27
-29
-19
-12
-32
-33
-17
-21
-12
-29
-16
-18
-11
-16
-13
-4
-32
-30
-17
-18
-20
-22
-32
-20
-27
-32
-27
-30
-30
-37
-43
-39
-34
-32
-39
-26
-28
-35
-40
-46
-46
-55
-66
-61
-46
-43
-51
-53
-35
-42
-37
-53
-50
-42
-54
-54
-70
-75
-65
-61
-86
-75
-77
-68
-72
-74
-87
-86
-69
-63
-58
-63
-69
-67
-61
-65
-57
-63
-53
-58
-58
-57
-52
-57
-63
-65
-55
-58
-73
-63
-57
-62
-70
-59
-67
-58
-59
-55
-60
-65
-64
-70
-70
-64
-56
-67
-66
-62
-49
-58
-56
-51
-55
-64
-44
-45
-60
-49
-50
-45
-60
-50
-52
-37
-38
-61
-62
-71
-71
-64
-53
-64
-61
-64
-57
-42
-53
-49
-45
-47
-49
-44
-45
-56
-52
-47
-48
-49
-34
-54
-50
-56
-53
-44
-33
-36
-40
-23
-30
-26
-34
-34
-30
-38
-29
-35
-30
-42
-39
-46
-43
-39
-43
-38
-38
-30
-27
-26
-43
-39
-37
-60
-43
-40
-41
-44
-48
-46
-53
-46
-45
-48
-56
-60
-43
-52
-53
-44
-52
-43
-51
-44
-50
-27
-32
-26
-20
-30
-37
-36
-32
-29
-36
-34
-25
-31
-38
-30
-34
-31
-33
-59
-48
-51
-42
-44
-28
-27
-30
-28
-32
-21
-21
-39
-26
-31
-29
-21
-49
-32
-36
-32
-32
-19
-36
-28
-18
-34
-48
-39
-33
-34
-28
-23
-21
-35
-36
-34
-38
-39
-37
-29
-42
-44
-36
-23
-40
-54
-38
-52
-59
-46
-46
-36
-52
-52
-46
-43
-42
-36
-33
-41
-51
-54
-35
-41
-26
-24
-30
-24
-21
-28
-26
-40
-44
-43
-50
-45
-52
-48
-46
-35
-29
-42
-52
-48
-44
-49
-49
-61
-44
-47
-49
-48
-62
-42
-54
-61
-37
-35
-41
-36
-44
-47
-22
-26
-23
-28
-28
-24
-38
-30
-43
-43
-47
-49
-55
-50
-36
-37
-49
-46
-33
-28
-20
-45
-39
-23
-46
-36
-30
-36
-31
-21
-18
-25
-35
-36
-39
-34
-18
-10
-16
-31
-15
-27
-25
-28
-22
-25
-25
-22
-39
-36
-26
-23
-36
-13
-25
-29
-29
-51
-17
-32
-33
-35
-38
-32
-31
-18
-28
-35
-36
-32
-36
-28
-31
-25
-21
-12
-16
-11
-3
-14
-4
-7
-12
-11
2
-2
-3
-3
-17
-23
11
-13
-17
2
-13
10
-10
-12
-13
-5
-11
-16
-15
-26
-45
-37
-10
-33
-21
-20
-19
-19
-28
-14
-9
-6
-7
0
-7
-21
-18
-14
-21
-11
-5
-13
4
-16
-2
-14
-18
0
-18
5
-2
-4
-15
-16
-29
-46
-41
-18
-34
-28
-17
-40
-17
-24
-19
-22
-28
-28
-28
-30
-23
-26
-23
-20
-24
-27
-33
-8
-15
-28
-19
-19
-35
-35
-36
-26
-30
-33
-29
-26
-30
-36
-42
-48
-34
-29
-33
-48
-49
-34
-39
-40
-32
-24
-17
-26
-18
-22
-22
-33
-31
-33
-30
-39
-40
-35
-52
-39
-29
-48
-47
-53
-61
-54
-57
-60
-58
-45
-56
-51
-49
-47
-57
-71
-53
-76
-73
-64
-76
-66
-50
-58
-53
-45
-52
-53
-42
-39
-41
-31
-38
-26
-23
-15
4
-9
-19
-2
-12
-21
-26
-24
-22
-22
-19
-41
-37
-44
-29
-27
-25
-25
-38
-18
-11
-16
-20
-24
-25
-41
-31
-41
-24
-23
-16
-15
-34
-26
-17
-11
-11
-16
-27
-18
-13
-18
-23
-27
-16
-12
-3
-14
-23
-14
-28
-17
-16
-30
-24
-28
-34
-26
-41
-40
-21
-41
-46
-26
-24
-22
-20
-23
-23
-14
-10
-14
0
-12
-20
-12
-1
-4
-3
-3
-3
-17
-20
-20
-42
-16
-28
-27
-25
-31
-20
-25
-30
-39
-31
-25
-28
-19
-34
-29
-18
-29
-34
-24
-29
-15
-14
-18
-12
-24
-3
-1
14
-8
-5
9
15
7
-10
-1
15
1
-4
9
1
16
0
10
6
-2
-20
-21
-20
-21
5
0
-5
-2
-13
-13
1
-4
-15
1
-17
-8
-10
4
-1
23
3
10
13
4
16
1
24
2
6
-13
0
6
-4
8
0
-1
1
-9
-15
-22
-15
-7
-12
-7
-20
-19
-20
-27
-19
-19
-25
-34
-35
-19
-30
-33
-37
-27
-24
-40
-33
-36
-27
-22
-28
-17
-25
-20
-42
-31
-34
-35
-40
-37
-49
-37
-37
-55
-39
-51
-56
-65
-50
-56
-44
-61
-43
-39
-49
-46
-57
-43
-46
-42
-27
-26
-22
-17
-23
-23
-35
-34
-24
-15
-18
-37
-22
-4
-15
-33
-23
-17
-25
-25
-27
-43
-28
-32
-25
-33
-34
-22
-25
-28
-32
-30
-39
-36
-50
-54
-42
-63
-43
-50
-44
-46
-49
-22
-37
-28
-7
-16
-14
-21
-25
-17
-18
-11
-17
-9
-9
-3
-19
-18
1
-15
-12
-18
-7
-2
-21
-9
-17
-33
-24
-17
-18
-32
-16
-20
-20
-29
-27
-28
-28
-10
-26
-30
-31
-32
-26
-22
-17
-26
-12
-5
-1
-5
-14
-10
-21
-19
-23
-36
-24
-31
-27
-38
-44
-47
-42
-42
-43
-53
-59
-43
-46
-39
-40
-37
-43
-33
-34
-34
-33
-35
-36
-20
-33
-14
-14
-12
-16
-14
-18
-20
-13
-15
-8
-13
0
-14
-16
-17
-6
-21
-22
-10
-18
-4
-11
-20
-27
-24
-20
-28
-15
-18
-34
-34
-41
-32
-29
-17
-25
-13
-17
-26
-7
-13
-2
-9
-4
-15
-22
-10
-6
-21
-16
1
-7
-3
-13
-11
-7
-10
-7
-15
-6
-12
-18
-3
-9
-16
-27
-23
-8
-31
-26
-13
-39
-31
-25
-27
-11
-13
-14
-26
-15
-17
-11
-3
-3
-11
-3
0
-8
-2
0
-7
-19
-6
-18
-9
-11
-19
-14
-23
-28
-28
-23
-6
-23
-34
-29
-21
-22
-14
-21
-7
8
-11
-5
4
-5
-19
7
13
4
3
9
13
13
0
17
19
16
13
7
15
1
1
7
-7
16
6
-2
-7
4
1
2
2
-11
-9
-4
11
10
12
10
-7
-10
-4
-6
5
-2
12
12
10
8
-3
4
7
6
15
12
6
3
0
-2
-8
-18
-16
-8
-14
-18
-19
-27
-18
-33
-25
-21
-27
-32
-27
-26
-19
-23
-24
-31
-35
-28
-22
-25
-30
-18
-33
-16
-25
-33
-26
-43
-32
-24
-22
-20
-36
-26
-31
-25
-28
-27
-18
-25
-27
-40
-39
-42
-32
-44
-32
-46
-38
-30
-35
-23
-34
-28
-34
-32
-34
-41
-42
-32
-41
-40
-40
-43
-19
-37
-31
-16
-26
-31
-20
-23
-13
-25
-46
-27
-19
-27
-25
-28
-37
-39
-31
-28
-23
-19
-34
-34
-35
-38
-45
-41
-43
-43
-24
-32
-38
-31
-37
-44
-36
-26
-50
-40
-45
-27
-32
-41
-24
-34
-26
-21
-18
-15
-35
-21
-25
-41
-23
-29
-19
-26
-31
-33
-48
-36
-50
-41
-24
-35
-45
-30
-44
-38
-39
-50
-33
-46
-35
-51
-44
-34
-46
-33
-50
-39
-35
-34
-37
-47
-31
-33
-28
-17
-4
-9
-13
-1
-17
-13
-15
-17
-18
-25
-12
-35
-33
-29
-46
-28
-25
-28
-36
-42
-41
-38
-20
-39
-41
-18
-30
-27
-21
-26
-21
-20
-10
-19
-12
-10
-4
-19
-25
-12
-21
-17
-22
-23
-18
-19
-28
-22
-15
-21
-33
-32
-18
-22
-24
-16
-18
-18
-31
-27
-19
-17
-7
-26
-13
-13
-7
-12
-3
-9
-13
-11
-33
-10
-1
-13
3
-15
-19
11
-5
-10
-4
-1
-22
-27
-24
-24
-22
-29
-22
-26
-37
-37
-25
-25
-27
-16
-25
-41
-24
-17
-20
-23
-40
-27
-39
-16
-22
-26
-4
-10
-13
-20
-13
-15
-14
-17
-19
-17
-15
-22
-30
-43
-29
-42
-39
-50
-40
-37
-40
-41
-37
-22
-30
-40
-28
-15
-33
-32
-36
-43
-41
-23
-24
-21
-32
-7
-16
-16
-16
-39
-23
-25
-8
-26
-14
3
1
-14
-13
-8
-10
-12
-11
-11
-20
-24
-27
-5
-23
-21
-26
-29
-18
-10
-20
-25
-15
-9
-24
-27
-11
-10
-9
-19
-29
-21
-13
-16
-14
1
0
-18
-4
-10
-17
-24
-11
-24
-10
-17
-37
-21
-33
-13
-12
-29
-20
-12
-10
-15
-20
-19
-8
-9
-20
-19
4
-7
-13
-5
-16
-25
-13
-14
-18
-5
8
0
1
2
3
2
-4
-14
-21
-2
-7
-6
-6
-10
-7
6
-7
-5
-2
-8
-6
-6
4
-1
2
-15
-15
-15
-20
-15
-18
-20
-7
-7
-17
-2
-4
7
14
-8
-3
6
-7
1
4
1
12
17
0
-9
6
-1
-4
-3
-4
3
8
5
12
-2
-15
-25
-7
-11
-21
-4
-19
-3
-26
-14
-9
-9
-17
-2
1
-5
2
-8
13
3
8
9
-6
-6
-5
-7
-2
-1
-7
0
4
-1
15
-8
-10
-14
-13
-7
-17
-12
-29
-21
-13
-11
-21
-10
-25
-14
-3
-12
-23
-15
-2
-6
-7
4
1
10
16
-8
9
1
4
-9
-21
-29
-15
-28
-22
-24
-35
-31
-48
-17
-25
-21
-27
-33
-35
-39
-32
-22
-20
-24
-35
-31
-18
-18
-32
-20
-31
-25
-26
-33
-27
-27
-14
-14
-20
-33
-26
-28
-16
-19
-18
-3
-7
-10
-9
-21
-27
-31
-28
-19
-10
-37
-30
-20
-30
-39
-42
-38
-45
-38
-42
-40
-34
-22
-35
-30
-25
-27
-23
-23
-22
-35
-30
-22
0
-17
-23
-19
-13
-14
-11
-5
-4
-5
6
-9
-7
-4
-23
-9
-20
-25
-18
-10
-15
1
-21
7
-1
-8
0
-14
-11
-6
8
8
10
6
12
0
-7
21
24
4
22
6
0
17
11
-3
5
7
-7
-13
1
3
-3
-8
-15
7
4
0
-5
4
8
-19
9
-8
-11
4
-16
13
-2
7
2
0
10
-6
-6
1
11
17
2
11
5
-2
1
9
17
11
22
19
11
12
27
12
9
10
15
19
-5
3
5
6
7
-3
-2
-15
6
5
-19
-11
-22
-16
5
-1
-7
-8
7
3
0
-7
-15
-4
12
-4
-9
-1
-2
5
4
2
1
1
-9
-11
5
-2
-5
-1
-6
5
-13
-11
-5
-10
-29
-14
-17
-32
-15
-26
-15
-22
-23
-15
-25
-27
-23
-7
-17
-23
-35
-36
-35
-37
-19
-19
-23
-22
-27
-24
-15
-22
-32
-17
-26
-28
-28
-19
-17
-26
-24
-22
-29
-19
-15
-7
-12
-21
-20
-32
-20
-22
-31
-25
-33
-24
-16
-12
-15
-20
-5
-8
-7
2
-2
3
-2
0
13
-2
-7
9
18
-10
3
-15
-28
-16
-24
-25
-12
-9
-12
-14
-19
-26
-25
-31
-13
-17
-27
-23
-29
-20
-29
-21
-25
-23
-29
-19
-29
-45
-21
-38
-26
-37
-46
-39
-31
-20
-24
-27
-13
-32
-31
-13
-19
-19
-24
-16
-5
-5
-10
-15
-18
-4
-14
-4
-8
-20
-27
-19
-27
-19
-28
-19
-6
-14
-25
-14
-1
-7
-4
-5
-6
-20
-22
-18
-20
-19
-23
-32
-20
-36
-32
-27
-39
-29
-34
-17
-18
-21
-25
-43
-33
-10
-17
-29
-29
-40
-41
-34
-25
-20
-32
-39
-18
-30
-21
-17
-18
-25
-33
-26
-35
-30
-39
-32
-31
-17
-21
-18
-28
-50
-23
-22
-30
