-8
-10
-21
-14
-14
-4
11
-3
-13
-3
-5
-4
-14
-10
-6
-18
-10
-3
-6
-6
0
0
1
3
-20
-2
1
-13
3
6
1
-2
-13
-13
12
-2
-19
4
-3
-1
-6
-7
-5
-5
3
7
0
-6
4
5
14
15
0
1
16
13
19
13
14
18
8
17
22
16
28
28
24
22
9
-1
6
0
5
13
2
11
15
-6
-13
-16
-5
-6
-7
0
-11
-17
-10
-4
-5
-9
-12
-2
-8
-8
-4
-11
-5
9
6
-11
-1
-10
-6
1
-4
1
5
-1
-4
2
9
21
-4
-3
7
-10
-9
1
5
3
13
17
4
9
20
17
14
10
27
13
16
19
11
28
19
10
7
22
5
2
-12
2
-7
-13
-19
-28
-5
-17
8
-1
-9
-4
-1
5
-1
-4
10
10
-10
-15
-10
3
-4
-1
8
3
7
8
19
7
-2
6
-4
10
12
-3
-1
2
2
14
9
9
2
-8
-11
-32
-9
-9
-5
-1
0
3
-17
-14
-9
3
-5
-10
-8
-7
3
5
-17
-23
-11
-18
-2
4
-15
-3
-7
1
-5
-21
-16
-13
4
4
-17
-21
-23
-27
-17
-11
-24
-18
-18
-25
-28
-26
-19
-36
-15
-14
-31
-22
-23
-18
-16
-21
-16
-18
0
-24
-38
-16
-28
-11
-21
-23
-16
-14
-25
-33
-15
-20
-30
-37
-25
-28
-29
-35
-40
-32
-17
-38
-21
-12
-19
-20
-14
-6
-23
-22
-25
-11
-12
6
-11
-20
-21
-9
-5
-12
8
-18
-10
-18
-7
-17
-12
-20
-35
-20
-22
-32
-32
-22
-33
-11
-10
-18
0
-18
-21
-14
-30
-22
-25
-17
-23
-30
-16
-19
-22
-19
-22
-31
-12
-11
-16
-25
-33
-13
-15
-2
-10
-8
-5
-1
-3
-11
-3
-1
-8
-8
0
-15
-11
-3
-1
2
-2
-14
-13
-13
-24
-11
2
-20
-17
-15
-9
-13
-6
9
8
6
-8
-8
-25
-13
-7
-5
-6
1
6
-1
-2
8
4
1
-7
-1
0
-13
-7
-18
-18
-17
-21
-23
-1
-17
-24
-26
-23
-20
-21
-21
-26
-18
1
-1
-7
-11
-37
-20
0
-13
0
-4
-22
-18
-9
-18
-24
-25
-14
-17
-15
-21
-12
-17
-14
-4
-10
-8
-22
-8
-13
-19
-14
-31
-18
-20
-12
-29
-35
-29
-31
-21
-23
-19
-23
-16
0
-7
-5
-28
-20
-10
1
-14
-14
-3
-8
-2
-11
-10
-8
-6
-19
-23
-8
-4
-10
-11
-4
-4
0
-5
-7
-19
-2
-9
5
0
-9
-19
-18
-3
-10
-5
-6
-10
-14
-6
-22
-31
-21
-22
-9
-1
-19
-14
-19
-15
7
-12
-16
-9
-13
-11
-17
-20
-19
-27
-28
-31
-26
-22
-24
-26
-38
-24
-20
-41
-27
-27
-30
-23
-27
-10
-20
-40
-30
-30
-24
-24
-36
-28
-31
-39
-41
-22
-34
-37
-40
-49
-29
-31
-26
-24
-22
-22
-17
-21
-25
-8
-19
-18
-21
-16
-10
-11
-11
-17
-9
-11
-9
-10
-18
-13
-8
-19
-9
4
5
4
1
-6
-4
-4
1
11
10
-9
8
-5
-6
8
8
-3
9
11
26
12
6
22
6
11
10
17
29
10
32
37
2
7
21
25
17
13
18
9
27
42
35
23
37
32
23
16
12
32
31
33
20
24
15
18
9
16
11
31
36
6
26
20
23
9
23
29
16
18
8
13
11
19
24
21
22
23
31
33
20
16
22
15
7
21
25
7
22
8
17
15
18
23
8
8
19
15
1
8
15
0
-5
2
2
9
13
1
4
19
-11
0
5
15
11
7
10
8
21
-1
1
8
4
0
4
3
-1
12
15
7
-6
-16
-8
-20
-9
-6
-10
3
4
7
19
-2
-7
-3
1
8
10
4
-3
-7
-3
28
3
4
4
3
5
8
17
22
13
11
11
11
14
13
6
8
18
30
18
18
19
21
26
20
23
2
13
6
20
7
18
35
21
22
21
22
22
19
7
15
9
2
12
4
9
10
-21
-2
-3
-18
-5
-14
-21
-16
2
-17
-8
-11
-26
-9
-26
-7
-12
-26
-16
-13
-24
-21
-15
-23
-2
-29
-20
-12
-21
-27
-33
-24
-34
-25
-28
-26
-44
-29
-29
-23
-39
-36
-15
-37
-30
-35
-16
-40
-21
-37
-45
-33
-39
-33
-32
-38
-34
-28
-27
-10
-16
-10
-8
-14
-18
-16
-21
-12
-15
-16
-15
-12
-4
-4
-8
-15
-8
-1
10
23
11
25
27
6
22
16
34
32
26
28
16
30
23
33
26
24
34
32
23
29
30
31
32
17
30
31
38
36
28
28
21
23
17
20
30
17
7
27
29
28
23
10
24
24
11
11
21
19
6
22
10
1
22
7
7
22
11
23
9
-8
5
1
7
7
0
7
2
-1
3
2
-5
-7
-12
5
5
-18
-10
3
7
-7
10
0
5
6
-8
2
-10
17
18
7
21
12
17
7
7
-4
11
1
1
13
-2
15
6
4
2
14
22
-2
6
-3
2
26
5
6
17
27
15
9
26
18
10
22
3
10
-4
5
29
23
10
19
16
2
10
1
5
-5
-14
7
-10
-21
6
-12
7
-2
2
-2
-2
10
12
9
-7
-7
-11
-15
-19
-12
-8
-14
-10
12
9
8
10
23
3
-18
-7
13
-1
1
-2
-2
-9
-5
-4
-5
-15
-30
-18
-24
-13
-5
-4
-6
-11
5
-8
-10
-1
-21
-3
5
-9
6
-7
-21
-25
-13
-11
-12
-16
-16
6
-16
-14
-4
-8
-8
4
0
-13
-11
-10
-20
-21
-22
-17
-12
-1
-15
-9
-2
-5
13
-12
-3
9
-9
-8
-5
-5
-1
-13
-4
-4
3
-3
-14
-7
-7
17
2
9
0
-3
-1
-11
-15
-11
-10
0
1
-3
-8
-6
4
-5
-25
-5
-4
-15
-11
-24
-17
-19
-15
-20
-27
-7
-10
-26
-25
-27
-26
-31
-14
-3
-9
-2
-10
-10
1
-10
-3
-11
-10
-11
-8
-12
-26
-21
-40
-27
-21
-15
-21
-31
-13
-30
-30
-16
-16
-36
-21
-25
-23
-29
-26
-33
-34
-34
-48
-43
-42
-46
-41
-39
-35
-43
-33
-34
-46
-43
-51
-45
-40
-49
-40
-49
-47
-29
-35
-30
-18
-20
-31
-30
-19
-38
-30
-28
-26
-15
-10
-33
-14
-5
-12
-10
-17
-8
-26
-25
-11
-25
-7
-14
-11
-4
-18
-16
7
-6
-22
-23
-23
-11
-4
-5
-11
-8
2
-9
-5
-7
-22
-13
-12
-9
-15
-20
-13
-10
-24
-25
-11
-15
-7
3
-9
-9
-6
-16
-17
-24
-19
-2
-23
-19
4
-6
-13
-13
-12
-13
-12
-30
-16
-5
-8
-16
-4
-19
-9
-3
-10
-10
-29
3
-23
-16
-15
-31
-23
-26
-32
-24
-25
-34
-22
-37
-16
-16
-23
-14
-13
-16
-35
-23
-15
-32
-27
-32
-22
-28
-29
-7
-7
-2
-20
-27
-8
-21
-25
-28
-34
-33
-27
-23
-29
-34
-39
-50
-47
-32
-46
-38
-15
-32
-16
-18
-22
-13
-19
-20
-35
-28
-11
-31
-35
-40
-35
-23
-32
-38
-38
-32
-39
-32
-38
-44
-40
-40
-33
-24
-14
-16
-24
-35
-12
-17
-35
-34
-26
-31
-29
-22
-27
-34
-37
-26
-25
-31
-50
-42
-32
-35
-32
-22
-35
-20
-11
-4
-4
-10
-13
-16
-13
-20
-28
-35
-35
-26
-21
-7
-20
-39
-26
-27
-36
-27
-35
-40
-23
-10
-23
-22
-18
-17
-14
-19
-18
-7
-1
-13
-22
-20
-23
-36
-15
-28
-32
-34
-21
-7
-21
-24
-14
-2
-25
-26
-19
-6
-22
-19
-17
-40
-24
-31
-19
-33
-28
-10
-31
-35
-34
-30
-28
-32
-29
-35
-25
-30
-9
-3
-21
-12
-41
-30
-32
-35
-27
-30
-10
-31
-29
-26
-39
-25
-33
-34
-26
-21
-16
-25
-8
-10
-9
-8
-22
-27
-37
-31
-37
-21
-14
-34
-34
-36
-51
-37
-33
-58
-55
-33
-43
-32
-36
-41
-33
-38
-36
-43
-39
-27
-36
-45
-32
-29
-22
-27
-33
-26
-10
-10
-15
-36
-21
-7
-11
-8
-9
-16
-4
-18
-29
-23
-15
-12
-21
-28
-21
-10
-19
-27
-15
-17
-19
-19
-21
2
-18
-14
-13
-19
-25
-19
-25
-14
-8
-13
-7
0
-11
-10
-15
-20
-15
-10
-14
-2
-3
-11
-23
-24
-4
-6
-12
-6
-2
4
-6
0
-2
-6
3
-2
0
-8
-1
8
4
1
-15
-2
-4
-10
5
-9
-3
-13
-8
-2
-16
-4
-6
-22
-23
-11
1
-15
-16
-13
-11
-12
-13
-2
-5
-17
-18
0
-8
-6
0
-14
5
-14
-6
4
2
9
2
3
-13
-15
-6
-15
-7
-11
-25
-14
-10
-16
-11
-16
-3
2
-15
-21
-17
-10
-8
-6
-10
-9
-7
-4
13
0
2
-5
-14
0
0
-11
-7
-6
-12
-6
-9
4
5
8
-18
-1
9
-3
-5
4
21
7
0
-2
0
-1
-6
-8
-3
-9
-15
-5
-14
-5
-8
-18
-34
-24
-1
-19
-6
9
-8
-21
-6
-9
-12
-25
-24
-6
-18
-29
-37
-30
-4
-17
-10
-18
-24
-1
-12
-23
-32
-22
-18
-8
-5
-24
-5
-14
0
-4
0
-8
-16
-6
-6
16
16
-3
1
-5
-7
-12
-4
3
4
12
6
0
-14
-15
-20
-13
-10
-8
-11
-15
-14
-9
-9
1
-21
-30
-7
-25
-18
-21
-27
-17
-11
-23
-32
-27
-38
-30
-32
-22
-27
-30
-18
-25
-29
-29
-31
-25
-25
-27
-39
-36
-35
-31
-37
-47
-48
-48
-31
-40
-36
-30
-27
-28
-39
-38
-35
-32
-26
-36
-37
-20
-22
-31
-27
-26
-43
-42
-44
-16
-24
-20
-25
-28
-13
-23
-1
-10
-12
-25
-23
-22
-34
-11
-22
-31
-20
-25
-20
-14
-8
-11
-7
-13
-20
-17
-19
-8
4
0
-7
-4
-6
-16
-21
-17
-15
-10
-22
-27
-12
-21
-8
-2
-19
-32
-13
-17
-22
-20
-27
-18
-32
-13
-18
-12
-19
-17
-8
-23
-16
-25
-18
-12
-2
-14
-6
-8
-16
-8
-16
-13
-32
-34
-26
-22
-40
-36
-35
-23
-21
-37
-39
-40
-29
-37
-31
-13
-7
-31
-26
-20
-20
3
-4
-2
-10
-20
-8
-18
-7
-3
-17
-4
-5
-14
-4
-6
-17
6
9
2
-14
-19
-14
-10
-4
-8
4
-11
-6
-5
13
-2
1
-3
1
5
-9
-1
-14
-17
8
-11
-18
-4
-5
-10
-14
-2
0
-12
-1
-8
2
-3
6
2
9
2
4
12
1
15
0
-2
-11
14
-4
-2
6
17
27
10
19
23
11
2
24
6
-4
18
13
1
3
-6
-16
-11
12
-9
2
10
-10
6
6
16
22
6
16
13
0
12
-13
-7
14
13
11
-1
5
5
6
0
1
11
3
5
8
5
-4
7
28
7
-6
26
27
16
-9
-3
17
17
4
-3
2
-1
14
13
10
-4
11
4
4
-8
0
6
0
5
6
18
10
7
4
7
10
1
0
12
-3
10
8
10
26
26
24
10
3
18
16
9
18
24
20
10
20
29
19
13
22
14
19
21
15
14
0
14
27
13
0
-1
-2
6
5
4
10
3
-5
-10
0
3
-7
-2
-13
-8
-1
7
6
-11
6
4
-2
-8
-9
-3
-11
5
-7
-6
10
-9
0
2
3
-1
-9
-3
12
-11
-6
-13
-4
-8
-10
12
6
6
1
-9
-11
-3
-7
-14
-14
-13
-11
-9
-26
-21
-13
-16
-8
0
1
-3
-9
-10
-6
-9
1
-9
-12
-5
1
3
8
13
5
9
-1
14
4
8
3
-3
16
20
11
3
12
5
14
9
14
16
18
7
4
16
2
20
21
25
26
30
24
12
13
12
17
20
25
23
14
16
30
31
17
18
10
20
9
11
23
38
37
12
26
8
17
16
19
11
12
23
8
14
25
22
24
27
25
26
17
17
13
20
14
5
13
15
32
12
27
34
27
9
-1
13
7
1
1
3
6
13
8
11
4
5
-2
-6
8
6
16
12
0
12
21
-8
-1
19
25
11
20
9
16
10
3
9
21
21
-4
12
2
10
-5
-5
5
4
21
13
6
12
20
14
4
9
3
20
12
-1
19
23
26
19
24
24
14
4
7
6
15
20
21
27
26
10
8
33
25
22
14
18
27
11
13
30
29
7
19
-11
5
3
-8
1
8
18
1
-4
5
13
0
3
-2
0
-7
-2
15
7
2
-10
0
0
9
-4
-9
-12
-5
6
-9
1
-1
-15
-4
4
-21
10
-6
-8
-8
-22
-7
-5
-6
-14
-10
-2
-11
-6
10
11
-1
12
2
10
10
2
9
5
-9
-1
4
-6
4
-4
7
-11
-11
-6
-12
5
2
-5
-9
-10
-6
2
-5
22
7
-1
-6
-8
6
7
-6
-7
-4
5
-5
-3
-8
-11
11
-4
13
4
16
0
-13
3
15
-4
-13
-12
-20
-6
-9
-14
-16
-9
-28
-28
-25
-31
-12
-14
-16
1
-12
-5
-5
-19
-10
-7
-8
-19
-14
-25
-15
-14
-8
-22
-22
-6
-9
-12
-3
-10
-9
3
-7
-2
-15
-11
-18
-28
-25
-20
-27
-16
-6
-20
-26
-1
-24
-21
-27
-21
-15
-17
-9
-11
-26
-28
-11
-21
-23
-22
-6
-14
-18
-23
-11
-24
-16
-15
-19
-4
-22
-9
-23
-27
-15
-28
-21
-33
-27
-10
-20
-34
-23
-49
-32
-17
-22
-22
-31
-32
-25
-17
-18
-21
-42
-26
-11
-25
-36
-39
-38
-23
-22
-21
-25
-11
-26
-23
-2
-3
-6
-12
-9
-11
3
1
-13
-18
-14
-3
-7
-18
-23
-11
0
-17
-24
-14
-24
-16
-4
-1
2
-2
0
3
-7
-15
-20
-11
2
-6
-4
17
9
-2
12
8
-7
-13
-10
-15
-2
-1
1
-18
-14
-5
7
7
-9
10
0
5
-1
9
-2
-7
-1
5
-6
4
0
-7
0
3
-11
4
12
8
-1
4
5
2
10
-11
6
-7
-8
4
-2
-11
-1
7
-3
-20
-8
-10
-7
-14
-11
0
-4
-10
-9
-10
-15
-10
-13
0
-13
1
6
1
1
14
-6
-10
12
21
13
2
13
12
33
11
8
2
6
6
11
5
-13
-1
-9
5
-4
9
14
-4
-3
-12
4
-3
0
4
-4
2
21
14
12
22
-1
8
12
8
5
10
20
10
-7
6
17
8
14
14
16
25
12
8
9
11
6
6
8
1
-1
3
3
-2
9
22
21
17
21
2
4
8
0
3
1
-4
0
-10
-10
-6
-16
5
-1
0
-2
11
-8
-11
-2
-15
9
4
2
11
8
-2
2
13
3
-7
20
25
16
17
16
17
2
-2
4
6
6
-6
9
-4
8
5
-11
4
8
6
-11
-7
11
-3
0
-5
5
10
7
7
-9
1
6
7
-6
3
0
-3
-4
1
-5
7
0
5
13
13
7
11
13
3
23
21
5
1
18
12
11
3
11
-2
9
20
6
14
4
13
9
5
18
6
14
16
20
25
16
32
23
26
46
27
20
25
18
28
32
29
33
33
36
31
21
36
30
16
46
43
31
34
45
44
50
37
17
23
29
37
24
33
33
22
29
20
23
33
30
24
14
28
27
25
26
36
22
9
20
15
14
14
19
16
21
17
11
27
26
4
14
23
14
26
28
35
25
28
43
36
43
48
36
42
46
46
48
27
26
21
42
26
9
26
22
28
28
45
51
44
34
46
39
14
20
39
30
30
18
31
42
34
36
19
34
44
36
55
45
42
42
29
48
47
32
52
31
26
32
23
35
40
38
30
24
35
31
13
31
28
38
14
25
36
14
28
31
41
24
19
21
28
46
40
28
38
28
36
49
36
33
35
43
23
21
38
31
37
31
28
31
17
31
6
24
29
10
26
16
11
28
33
40
40
34
33
33
21
32
21
23
30
6
33
31
20
30
27
26
17
5
22
14
16
25
28
33
41
22
14
36
47
31
24
26
23
29
32
41
32
35
38
17
22
16
27
13
9
20
17
34
16
13
19
36
16
12
29
18
11
6
18
40
34
19
22
14
26
25
23
20
20
17
20
30
18
33
26
30
35
6
25
29
18
46
43
34
33
28
53
43
15
44
39
43
38
31
36
39
38
24
49
35
28
40
46
32
32
33
27
37
37
53
36
25
49
31
32
46
37
32
51
57
47
47
57
52
53
51
45
36
29
41
35
50
39
41
24
25
30
31
43
25
22
22
39
38
24
37
27
27
37
40
41
29
26
39
39
40
14
27
36
30
35
32
31
27
43
21
20
19
25
25
29
24
16
24
33
27
21
29
21
21
24
14
19
28
31
17
29
16
23
22
12
24
18
28
22
25
34
27
35
45
28
21
27
24
25
11
18
17
13
9
21
20
18
28
12
17
22
15
9
26
18
16
22
5
0
19
28
22
17
-5
2
14
6
6
12
0
-13
-5
17
6
0
-7
-3
8
6
-3
1
-2
-5
-4
-7
1
-7
2
-8
-4
0
-19
-16
-25
-5
1
-7
4
17
14
1
1
-9
8
13
-1
8
13
9
1
0
13
14
-12
-6
10
3
4
-12
-14
-19
-12
-13
-6
-16
-30
-13
-28
-11
-4
-12
-4
-6
-5
11
-2
-6
-10
-19
7
5
-9
-7
-2
9
-5
1
-3
-18
-8
-18
-7
-2
-6
-7
-15
-9
-7
-12
-6
-9
6
-1
-4
7
-14
0
-4
-4
6
-11
-13
-13
-24
-14
-11
-13
-11
1
-6
-15
-10
-6
-9
-13
-10
-19
-16
-24
-12
-6
-13
-8
-7
-2
-8
-3
3
-4
-9
-4
-3
-7
-3
-11
-19
-12
-10
-22
-21
-4
-17
-7
-22
-16
-7
-2
1
3
3
-6
-2
-8
-1
-1
-1
3
6
11
2
-5
10
-4
-17
12
15
2
16
26
14
7
17
18
4
2
7
6
-5
-6
7
3
10
2
11
9
9
13
21
21
10
15
22
23
18
19
4
11
8
-4
4
8
6
12
4
8
-5
-7
5
-1
6
1
6
12
-5
9
10
22
7
-6
22
15
19
17
13
12
15
23
27
38
18
12
1
-2
25
11
20
16
13
7
18
0
13
25
9
5
5
10
20
5
-1
12
-2
11
-8
2
3
-3
7
2
-12
10
19
12
9
5
6
-10
-4
5
8
5
3
-6
5
-1
2
1
0
8
5
12
19
17
14
12
-16
-1
13
-3
8
10
10
6
-3
21
10
3
3
4
1
6
13
-13
7
3
2
-2
-5
-2
2
11
0
5
-15
-4
12
-2
13
1
-8
-13
-10
-1
-5
2
-12
-12
-4
-7
16
0
4
16
5
8
0
2
-4
3
2
-16
8
15
11
5
12
5
-5
9
4
8
5
10
-3
-6
-5
12
11
26
38
25
21
14
20
23
19
7
10
4
16
13
4
16
-2
4
6
10
13
10
20
13
14
3
-3
4
17
10
12
17
2
9
-1
4
4
11
4
4
7
10
11
6
7
15
14
5
14
14
16
22
23
16
21
15
14
24
15
18
30
16
46
25
10
30
14
20
31
26
24
37
18
23
17
24
7
8
31
11
19
11
15
19
22
32
21
16
12
28
21
5
3
-1
8
13
21
10
23
29
22
27
21
25
12
20
11
22
1
12
30
9
2
2
4
8
-2
6
5
5
10
5
15
22
9
8
13
3
31
13
-2
23
21
18
8
11
9
1
10
27
16
10
12
4
15
4
13
11
9
26
22
21
22
21
8
11
16
13
4
3
-4
-6
-7
-20
-20
-5
3
-11
-12
-2
3
2
-18
-4
2
-11
-2
-6
-8
3
8
10
6
3
4
8
4
13
-6
-5
5
-6
-2
1
-4
8
27
4
9
16
7
16
13
9
17
17
8
7
10
0
18
15
14
25
16
22
22
16
14
32
33
15
33
28
16
23
27
16
24
27
28
14
12
16
9
19
10
22
25
13
27
25
30
18
15
12
34
27
26
30
-1
5
10
19
23
24
32
29
19
33
19
-3
38
29
34
42
46
27
32
39
29
33
21
31
22
20
8
26
37
49
33
44
29
22
41
22
31
12
10
27
23
19
22
16
17
26
21
29
39
29
39
38
29
11
22
33
25
15
30
38
34
43
31
42
33
42
47
51
39
44
47
53
45
36
36
36
41
41
39
40
44
50
51
41
46
32
44
60
46
32
40
49
52
51
64
64
43
59
67
52
38
38
41
45
57
61
61
34
36
34
38
38
34
41
39
37
44
34
36
26
14
30
22
17
12
18
28
29
44
34
31
36
41
50
51
37
43
32
60
52
34
52
53
68
39
47
51
64
61
51
59
41
48
44
44
46
39
66
55
52
58
49
69
43
53
61
52
55
50
53
48
63
63
61
41
54
42
50
54
35
42
37
44
50
44
32
40
33
36
32
30
31
42
38
42
20
19
31
17
36
46
28
31
33
21
37
42
46
31
35
39
38
46
41
53
35
37
57
40
35
39
38
40
38
25
32
27
21
27
18
35
28
27
30
23
26
5
9
6
20
11
0
5
9
1
0
16
6
7
2
-3
2
7
-7
13
1
8
15
4
13
4
1
2
14
2
9
14
29
28
15
29
20
27
13
7
1
20
15
16
19
25
25
19
35
44
28
15
22
22
29
24
27
18
36
43
37
43
31
31
30
20
17
31
19
27
33
29
29
32
41
34
24
28
25
27
33
42
32
41
43
31
36
42
42
31
30
27
38
42
41
47
44
40
42
40
51
53
48
63
44
42
48
53
64
52
51
35
37
40
37
31
26
37
27
33
51
31
53
50
39
52
43
60
50
56
49
45
56
37
43
39
45
35
44
52
45
49
47
47
43
55
41
30
51
42
44
40
45
51
46
59
38
34
49
50
62
50
66
64
47
47
33
39
32
50
46
52
53
64
58
56
60
49
58
57
59
49
57
45
57
61
65
52
48
63
53
72
54
50
49
48
43
57
59
53
47
55
63
60
48
53
62
47
58
58
43
53
62
48
58
41
40
40
46
44
64
68
51
40
32
45
47
53
48
39
38
34
38
34
44
32
31
35
42
45
42
53
21
35
44
37
41
38
46
33
35
33
43
36
34
33
38
36
23
37
20
37
12
21
8
23
13
19
24
22
27
9
26
19
14
-5
27
-9
5
14
-1
18
18
24
1
-1
-3
-4
11
5
-11
0
2
0
-13
0
0
-11
10
-14
-13
-2
-17
-8
-2
-6
-8
1
-18
-16
-11
-12
3
-6
-6
-17
-26
-8
-20
-9
-21
-10
-13
-18
-4
0
-2
-3
6
-3
-2
2
4
-5
0
-9
-20
-23
-11
-13
-19
-4
-9
-15
-9
-7
-1
-21
-33
-13
-20
-25
-28
-25
-11
-20
-35
-27
-20
-11
-24
-22
-37
-37
-31
-26
-26
-26
-14
-27
-23
-40
-15
-28
-14
-17
-34
-19
-32
-30
-27
-39
-28
-26
-30
-22
-17
-17
-18
-7
-16
-18
-21
-42
-22
-16
-32
-13
-16
1
-2
-10
-1
-6
-20
-11
-5
-11
-7
-4
-11
-10
-13
-11
-9
-9
-9
-16
-7
-19
-18
-4
1
-8
-12
1
8
10
-8
1
14
-1
3
0
8
6
9
3
0
1
-17
-10
-6
1
-4
-12
-10
1
-3
5
7
-2
11
-7
-6
-11
-4
-3
6
3
-11
7
0
-9
3
1
0
5
-2
-8
-2
7
-15
7
12
-22
-15
-12
-11
-9
-24
-8
6
-15
-3
-1
1
-11
5
15
11
4
10
9
6
16
9
7
-1
1
4
0
11
8
20
12
-10
12
9
-4
-1
-9
-4
5
17
2
5
5
3
8
6
1
-4
-8
-11
-13
-5
-2
-8
2
-16
-9
-27
-23
-13
-13
-12
-25
-24
-36
-22
-7
-16
-18
-9
-37
-25
-34
-5
-18
-16
-8
-24
-29
-34
-29
-33
-39
-36
-8
-46
-40
-39
-40
-22
-38
-26
-41
-41
-29
-33
-34
-34
-41
-42
-41
-42
-41
-35
-44
-45
-31
-30
-31
-30
-27
-26
-24
-27
-45
-14
-21
-20
-19
-30
-32
-21
-17
-29
-28
-30
-22
-38
-29
-41
-40
-30
-27
-28
-25
-35
-60
-50
-26
-44
-41
-32
-41
-46
-36
-54
-57
-35
-61
-43
-36
-35
-36
-46
-60
-42
-19
-46
-34
-36
-29
-21
-45
-23
-21
-24
-36
-28
-18
-22
-10
-21
-12
-14
-14
-2
-31
-24
-19
-14
-6
-22
-18
-18
-21
-14
-6
-16
-15
-9
-19
-33
-25
-20
-23
-26
-23
-19
-24
-17
-15
-18
-21
-29
-21
-28
-40
-32
-46
-40
-31
-19
-28
-31
-14
-19
-30
-36
-19
-26
-19
0
-12
-6
-4
-31
-11
-10
-7
-2
-15
-11
-31
-19
-4
-30
-40
-21
-26
-31
-12
-17
-27
-33
-16
-30
-30
-12
-32
-17
-18
-13
-2
-30
-35
-24
-26
-32
-16
-34
-12
-27
-16
-4
-27
-22
-15
-19
-30
-16
-24
-13
-9
-7
-7
-6
0
-4
-18
-2
5
-11
23
2
5
14
-13
-8
-11
-4
-3
2
13
8
5
-12
-4
1
-15
-6
-15
-23
-15
8
-15
-15
-16
-14
-3
-6
-12
-5
-8
5
1
-11
1
8
5
3
15
-6
12
-4
-10
-8
-7
-2
0
-7
-23
-4
-9
-8
-4
-12
-9
-2
7
6
19
4
-7
-3
-6
0
16
1
-2
7
14
2
8
12
9
16
16
15
9
-6
1
-8
-16
10
11
2
-8
-1
-5
-1
1
-4
0
0
-4
-7
2
-11
6
-6
-10
3
-12
4
-15
-13
-2
2
3
9
3
-4
5
2
9
7
13
2
-7
-7
2
11
11
-1
-5
-1
-7
-26
-18
-2
7
2
-14
7
3
3
-14
-10
0
7
-3
15
-3
-13
-11
-16
4
-25
-3
0
-6
-3
11
5
-3
-9
-1
-9
-14
-8
1
8
8
0
5
8
-20
-1
4
-12
-1
-13
-31
-16
-18
-4
-17
-23
2
-3
1
-5
-2
1
7
1
1
0
3
7
-1
-15
4
-3
-4
-1
-1
1
7
-13
10
-8
-3
11
6
7
6
17
7
13
-8
3
7
15
21
0
3
0
0
7
9
-6
-6
-14
-12
-15
-23
-1
-14
4
3
-9
-22
-11
-7
-15
9
1
19
15
2
0
0
16
11
15
11
1
7
4
6
10
17
9
14
23
15
30
12
16
18
36
19
16
22
-2
12
24
18
9
21
10
19
19
22
22
13
31
38
31
27
22
27
8
30
16
21
27
25
36
29
27
33
24
12
32
16
28
26
20
30
8
27
22
11
30
19
24
29
17
13
22
14
21
26
15
14
14
15
8
18
7
6
20
8
1
18
5
11
14
9
2
2
11
12
8
5
10
18
19
10
10
20
9
11
16
4
1
17
17
4
28
18
18
19
20
10
5
1
5
20
4
20
1
7
4
-7
-7
-20
-5
-17
-12
-12
-1
-11
-16
-26
-15
-2
-22
-6
-3
-18
-15
-5
-10
2
-8
-3
-7
-24
-20
-2
-15
-30
-17
-11
-7
-22
-17
-16
-12
-17
-2
-14
-11
-6
-19
-4
-26
-23
-6
-18
-10
-15
-27
-15
-13
-8
-20
-20
-5
-1
7
-12
-3
-1
-8
-14
7
-1
-10
-2
9
8
-11
7
2
6
1
18
30
14
19
-6
4
5
12
2
0
-13
-6
-3
5
17
-9
-11
-7
-7
3
-6
-6
-1
2
1
15
12
6
14
16
9
17
31
25
15
14
12
23
27
23
26
18
35
25
12
18
18
15
20
7
6
12
11
14
12
18
2
1
8
-6
3
8
1
-4
-13
12
8
-7
-7
-11
4
0
3
-12
-21
-14
-31
-18
0
-7
-7
-5
-1
-13
-18
-12
-21
-8
-1
0
10
-3
-1
-2
-9
-1
-17
-2
-5
-3
-2
-11
3
-11
11
9
3
6
8
25
11
-2
22
15
2
31
24
22
29
28
37
10
3
4
9
-16
-8
22
5
19
22
22
19
13
29
20
9
30
20
21
12
14
19
20
25
20
13
23
35
23
34
32
47
49
32
29
30
34
18
29
27
22
29
40
35
35
36
30
35
36
30
23
27
47
42
22
32
35
14
26
34
25
26
22
19
5
12
33
26
16
11
-4
15
11
13
12
-10
2
5
4
13
11
10
10
-8
0
6
3
3
-4
-2
3
-3
-17
-4
-14
-23
-6
-20
-18
1
-9
-22
-23
-14
-6
-18
-18
-19
-20
-19
-25
-7
-11
6
11
10
12
-7
18
17
1
6
18
14
3
23
22
42
29
26
39
39
36
11
29
32
26
34
47
40
34
31
40
26
23
51
46
31
31
39
45
35
18
43
43
39
46
31
40
53
38
44
51
43
42
46
27
32
43
33
27
27
14
19
29
26
32
14
18
22
20
2
13
13
1
10
18
4
-13
-6
-10
-16
-17
-3
-9
-3
-3
-10
-18
-32
-17
-19
-6
-20
-23
-23
-16
-31
-22
-31
-35
-19
-12
4
-16
-5
-16
0
-3
1
13
15
15
-1
24
36
42
36
30
37
44
49
57
60
52
65
64
72
93
76
81
87
88
97
94
115
111
113
113
111
121
125
133
115
126
117
130
142
136
147
141
140
122
127
126
121
118
109
96
93
103
84
85
78
61
47
48
53
30
33
26
6
-12
-25
-21
-31
-32
-52
-49
-79
-77
-94
-104
-125
-132
-132
-148
-137
-147
-152
-157
-154
-167
-159
-164
-176
-167
-167
-179
-171
-180
-164
-143
-156
-143
-144
-140
-137
-130
-113
-99
-95
-83
-76
-62
-47
-33
-14
13
17
20
41
80
96
99
119
149
175
189
219
233
250
284
314
310
327
361
395
401
427
439
461
494
504
522
530
545
547
545
542
531
501
486
470
426
400
367
298
268
213
180
138
84
21
-17
-64
-116
-146
-204
-231
-286
-305
-340
-365
-407
-420
-432
-454
-459
-468
-496
-506
-505
-519
-539
-555
-534
-544
-545
-536
-530
-551
-545
-518
-516
-498
-480
-480
-450
-445
-412
-380
-357
-340
-323
-278
-240
-197
-183
-141
-94
-50
-11
44
89
120
177
225
266
305
338
380
416
465
511
552
589
605
645
693
707
739
769
807
854
892
911
929
909
879
868
832
812
787
751
696
625
527
457
372
291
216
145
91
28
-22
-95
-139
-186
-255
-296
-315
-325
-326
-347
-329
-328
-331
-355
-358
-347
-342
-333
-334
-297
-302
-296
-284
-278
-290
-299
-292
-277
-255
-241
-214
-185
-177
-141
-141
-169
-163
-153
-120
-109
-99
-113
-128
-128
-111
-99
-115
-109
-129
-118
-99
-85
-94
-99
-99
-73
-68
-88
-68
-94
-110
-79
-79
-96
-108
-127
-111
-112
-118
-123
-150
-176
-165
-146
-140
-132
-128
-90
-82
-69
-29
1
27
75
127
200
264
345
422
490
562
629
712
776
817
810
804
775
782
828
863
852
769
692
609
522
471
397
321
277
260
232
215
137
68
-7
-58
-68
-92
-101
-115
-109
-73
-69
-96
-126
-199
-204
-203
-204
-195
-218
-238
-259
-255
-291
-291
-350
-373
-382
-385
-351
-343
-331
-352
-338
-364
-374
-387
-410
-384
-365
-357
-355
-345
-355
-355
-333
-314
-326
-325
-289
-274
-237
-206
-186
-149
-141
-136
-90
-68
-75
-51
-24
-14
-22
-19
-10
6
32
40
24
23
22
29
37
38
45
38
62
91
105
136
179
197
224
287
338
388
454
531
609
698
774
834
882
884
842
790
776
807
846
863
797
685
592
478
376
285
195
118
70
51
21
-27
-83
-166
-234
-253
-289
-308
-288
-264
-232
-208
-190
-200
-243
-292
-287
-296
-286
-285
-313
-316
-309
-275
-284
-314
-355
-357
-350
-330
-316
-302
-297
-279
-238
-233
-240
-250
-267
-265
-242
-243
-253
-250
-236
-233
-188
-179
-196
-225
-242
-218
-178
-150
-127
-122
-95
-77
-40
-15
-39
-43
-42
-23
-14
10
0
-10
8
7
24
6
-16
-12
-14
-2
16
20
15
34
56
89
133
141
202
244
296
343
410
480
542
660
737
811
823
807
772
697
685
700
720
733
685
591
467
358
251
171
74
-2
-43
-82
-98
-116
-171
-239
-290
-332
-349
-376
-380
-360
-319
-246
-221
-234
-284
-316
-313
-318
-320
-341
-349
-352
-313
-287
-297
-315
-340
-361
-385
-372
-347
-345
-314
-286
-272
-225
-201
-209
-200
-204
-200
-193
-181
-174
-163
-174
-198
-208
-220
-214
-193
-195
-211
-239
-251
-249
-239
-221
-196
-170
-160
-132
-139
-135
-151
-173
-181
-176
-154
-131
-87
-67
-90
-87
-81
-115
-116
-105
-93
-63
-40
10
50
84
159
195
248
306
347
438
516
616
731
834
865
842
793
734
718
745
766
784
744
634
533
406
313
213
115
28
-31
-34
-51
-73
-120
-162
-225
-264
-306
-339
-339
-329
-279
-212
-174
-188
-222
-248
-265
-267
-291
-333
-363
-358
-350
-311
-281
-286
-304
-331
-370
-363
-345
-352
-319
-294
-239
-200
-158
-153
-152
-138
-161
-173
-200
-202
-208
-181
-151
-142
-137
-127
-126
-165
-206
-236
-227
-212
-171
-153
-140
-94
-97
-78
-109
-128
-154
-175
-146
-135
-115
-94
-107
-111
-94
-101
-129
-158
-156
-136
-128
-107
-88
-76
-56
1
46
81
154
195
248
308
388
469
557
646
775
873
881
849
777
738
743
769
797
770
715
621
524
422
321
174
62
0
-52
-65
-47
-55
-113
-131
-202
-237
-282
-307
-292
-250
-187
-122
-102
-117
-132
-158
-158
-182
-228
-266
-295
-292
-277
-255
-235
-268
-278
-312
-316
-305
-339
-323
-318
-309
-263
-226
-201
-175
-153
-164
-177
-175
-189
-197
-188
-200
-207
-203
-209
-187
-167
-165
-177
-207
-235
-221
-244
-258
-264
-243
-201
-181
-166
-177
-202
-217
-233
-245
-238
-240
-246
-251
-193
-190
-188
-185
-201
-182
-208
-167
-155
-137
-92
-41
9
60
127
190
248
324
412
524
635
741
849
904
917
870
813
766
787
847
876
881
791
677
553
416
298
145
19
-60
-94
-83
-66
-65
-113
-185
-219
-283
-341
-385
-385
-357
-297
-224
-198
-176
-189
-213
-227
-253
-307
-371
-426
-424
-414
-367
-343
-353
-351
-353
-364
-365
-373
-399
-429
-450
-442
-412
-376
-346
-307
-260
-221
-195
-197
-214
-255
-353
-428
-484
-496
-484
-414
-267
-153
-121
-172
-237
-268
-311
-307
-253
-187
-133
-78
-40
-35
-86
-208
-290
-325
-376
-383
-344
-291
-248
-239
-193
-169
-194
-179
-136
-65
12
104
226
369
512
683
873
1034
1176
1326
1507
1720
1827
1766
1498
1029
484
-7
-423
-654
-691
-529
-293
-175
-108
-162
-257
-403
-470
-387
-258
-53
218
467
676
679
550
334
37
-207
-393
-456
-416
-346
-199
-72
22
24
-73
-141
-284
-409
-467
-471
-402
-289
-149
-43
-30
-93
-208
-332
-444
-522
-510
-458
-346
-176
-24
101
116
99
4
-111
-156
-175
-147
-85
8
77
31
-216
-494
-700
-830
-830
-781
-578
-307
-159
-86
-121
-224
-365
-496
-529
-505
-483
-484
-502
-549
-653
-755
-830
-836
-764
-633
-463
-301
-195
-109
-34
26
65
109
197
256
323
400
467
564
697
862
1019
1159
1266
1398
1515
1673
1907
1973
1760
1264
577
-57
-586
-933
-959
-780
-365
52
337
473
371
183
23
-27
85
243
440
608
652
601
372
39
-371
-742
-948
-1016
-898
-690
-438
-188
-26
101
122
19
-100
-222
-302
-325
-313
-262
-220
-227
-300
-427
-561
-694
-742
-700
-600
-423
-294
-142
-18
58
113
92
45
-18
-66
-87
-66
-30
7
18
-66
-376
-697
-890
-892
-755
-570
-299
4
154
145
0
-250
-486
-630
-613
-540
-451
-427
-486
-631
-786
-884
-920
-860
-705
-513
-274
-95
-34
-27
-99
-136
-142
-118
-42
22
130
256
425
593
753
909
1040
1188
1283
1423
1625
1890
2184
2223
1857
1151
175
-633
-1187
-1481
-1334
-973
-393
174
477
618
471
240
51
11
197
425
655
740
703
558
243
-190
-668
-1041
-1207
-1194
-931
-603
-270
32
181
239
188
32
-132
-293
-335
-349
-360
-347
-403
-514
-663
-820
-911
-910
-823
-649
-460
-234
-91
10
85
103
125
78
21
-40
-105
-133
-127
-107
-152
-243
-384
-568
-774
-842
-762
-523
-256
-58
138
185
87
-102
-328
-507
-609
-631
-585
-549
-547
-620
-707
-787
-826
-811
-751
-620
-428
-259
-173
-138
-171
-200
-239
-254
-236
-184
-75
64
274
498
714
887
1008
1127
1222
1390
1552
1748
1994
2276
2460
2172
1477
440
-550
-1186
-1566
-1538
-1138
-580
60
496
697
642
359
127
-1
123
415
666
806
732
543
218
-218
-672
-1112
-1280
-1237
-982
-590
-227
81
237
274
253
128
-30
-151
-227
-260
-305
-386
-533
-717
-913
-1080
-1141
-1067
-910
-691
-447
-219
-48
33
86
114
119
156
151
131
100
68
10
-35
-83
-145
-254
-441
-636
-739
-668
-466
-208
16
146
151
104
-73
-259
-452
-582
-607
-547
-527
-573
-627
-790
-879
-908
-855
-754
-637
-486
-372
-249
-205
-214
-222
-260
-260
-220
-176
-71
11
135
317
513
741
947
1099
1207
1317
1471
1651
1858
2067
2327
2481
2086
1279
156
-872
-1444
-1731
-1596
-1173
-558
80
438
597
498
257
105
131
404
762
1026
1057
842
515
98
-338
-785
-1128
-1186
-1064
-764
-413
-113
49
103
82
53
39
31
4
-11
-29
-158
-342
-620
-893
-1098
-1176
-1103
-900
-639
-385
-203
-112
-54
-42
-16
12
95
202
275
303
262
172
56
-89
-229
-337
-524
-691
-769
-664
-406
-157
44
139
197
123
-41
-219
-407
-534
-589
-585
-578
-632
-738
-889
-1019
-1005
-922
-762
-620
-495
-318
-232
-173
-180
-210
-228
-236
-223
-186
-154
-104
-66
15
199
414
671
903
1124
1253
1374
1452
1560
1737
1915
2163
2424
2448
1953
1067
-72
-989
-1458
-1618
-1343
-829
-270
226
442
426
235
11
-14
196
618
1054
1288
1184
819
371
-84
-503
-830
-1007
-943
-731
-464
-220
-87
-70
-132
-142
-50
57
165
224
198
78
-194
-521
-862
-1134
-1242
-1149
-945
-696
-467
-321
-285
-289
-312
-272
-165
-6
222
433
543
501
351
137
-77
-251
-333
-395
-394
-272
-287
-403
-496
-598
-496
-327
-187
-53
-51
-81
-224
-392
-540
-709
-754
-740
-641
-574
-576
-615
-733
-776
-719
-615
-459
-335
-191
-60
-31
-46
-162
-294
-368
-407
-323
-194
-6
219
458
664
822
943
992
1019
1113
1290
1536
1853
2105
2337
2518
2179
1356
275
-736
-1174
-1284
-1044
-587
-175
118
159
55
-138
-308
-243
98
648
1167
1427
1324
833
310
-103
-412
-568
-622
-539
-381
-280
-231
-319
-458
-559
-537
-266
54
322
454
387
178
-168
-535
-813
-985
-949
-770
-551
-358
-313
-387
-516
-626
-603
-459
-184
116
380
599
633
491
247
-22
-193
-301
-299
-244
-208
-209
-318
-432
-525
-561
-480
-342
-155
-12
37
-33
-174
-320
-439
-497
-518
-510
-437
-404
-461
-554
-637
-646
-632
-529
-395
-292
-201
-158
-174
-233
-326
-383
-422
-422
-351
-241
-131
17
171
335
511
680
790
839
906
1008
1134
1293
1539
1831
2083
2265
2395
2070
1346
453
-263
-539
-597
-448
-193
-42
-38
-251
-440
-548
-529
-222
255
815
1210
1271
1036
542
141
-50
-95
-22
0
30
-63
-329
-571
-808
-951
-886
-640
-227
87
236
204
-19
-270
-503
-589
-557
-438
-257
-138
-153
-264
-474
-633
-682
-623
-412
-164
60
163
173
123
1
-76
-111
-55
89
234
324
281
130
-172
-562
-812
-851
-676
-457
-254
-121
-81
-135
-277
-351
-353
-237
-66
14
43
-74
-282
-519
-751
-825
-817
-751
-705
-688
-653
-653
-656
-647
-585
-472
-335
-187
-73
13
81
96
130
209
312
491
638
725
787
797
878
1033
1260
1555
1867
2077
2269
2308
1868
1129
374
-45
-113
-88
9
21
-101
-348
-631
-702
-638
-364
42
464
847
945
830
506
202
156
270
397
424
322
65
-299
-623
-830
-930
-843
-645
-394
-192
-160
-262
-444
-583
-566
-457
-307
-209
-205
-221
-328
-443
-539
-518
-425
-365
-273
-223
-296
-389
-489
-515
-380
-208
-61
4
24
21
-57
-167
-219
-179
-127
-80
-18
-14
-48
-109
-153
-129
-56
-14
-28
-72
-86
-109
-172
-247
-273
-292
-316
-393
-514
-649
-770
-857
-904
-827
-756
-669
-608
-560
-499
-454
-378
-254
-131
7
113
164
167
145
199
291
382
472
559
634
722
843
1020
1236
1518
1812
2037
2249
2118
1613
1014
552
467
443
330
240
15
-272
-592
-780
-704
-555
-220
95
347
485
408
266
154
165
408
590
646
537
323
57
-242
-372
-458
-476
-445
-413
-381
-435
-567
-643
-663
-607
-502
-400
-353
-360
-346
-307
-260
-199
-134
-107
-144
-267
-396
-485
-505
-432
-309
-157
-47
-33
-87
-166
-169
-114
-31
57
107
146
154
107
59
-8
-24
23
86
106
69
-7
-81
-129
-135
-136
-186
-250
-331
-397
-499
-598
-674
-714
-720
-710
-684
-673
-664
-629
-583
-514
-398
-307
-232
-185
-167
-127
-126
-114
-76
15
140
251
335
408
449
520
670
869
1090
1337
1503
1664
1782
1929
1970
1648
1282
935
814
779
595
416
159
-145
-331
-476
-375
-262
-153
-17
14
107
118
84
116
226
462
631
597
460
210
-3
-153
-258
-263
-330
-416
-468
-578
-661
-705
-711
-669
-586
-482
-417
-421
-426
-393
-345
-302
-281
-273
-299
-353
-384
-402
-389
-357
-316
-248
-217
-183
-173
-170
-108
13
143
218
177
141
68
34
43
19
60
69
66
37
-22
-102
-160
-202
-202
-174
-186
-237
-299
-353
-407
-455
-512
-550
-613
-642
-654
-666
-647
-613
-597
-561
-487
-435
-403
-378
-332
-271
-189
-144
-141
-126
-58
53
176
263
319
392
489
601
742
890
1055
1197
1373
1520
1706
1772
1536
1223
1016
1007
1000
795
583
385
141
10
-93
-70
-71
-113
-126
-150
-127
-43
12
95
225
328
381
251
106
-24
-129
-156
-160
-164
-204
-288
-351
-378
-409
-384
-384
-368
-359
-367
-371
-437
-438
-417
-424
-415
-401
-437
-444
-439
-443
-414
-399
-366
-323
-272
-200
-114
-54
-17
-11
-15
15
25
-7
-5
40
122
116
115
77
2
-5
-45
-57
-86
-111
-128
-113
-113
-120
-183
-272
-356
-415
-439
-475
-475
-490
-516
-560
-576
-579
-562
-529
-461
-384
-309
-261
-286
-281
-268
-231
-174
-131
-75
-8
46
116
206
283
335
400
512
679
862
1013
1162
1258
1409
1544
1713
1714
1516
1329
1227
1253
1188
986
767
539
304
156
66
31
-53
-170
-208
-234
-192
-152
-167
-201
-192
-185
-194
-224
-246
-212
-179
-104
-84
-111
-135
-198
-231
-222
-241
-230
-232
-272
-288
-350
-410
-479
-528
-543
-560
-572
-534
-509
-478
-436
-428
-403
-402
-377
-300
-234
-177
-137
-163
-129
-84
30
141
173
175
153
135
124
110
63
34
-35
-51
-15
9
17
-13
-98
-155
-217
-264
-297
-323
-329
-338
-352
-391
-459
-532
-537
-527
-478
-418
-386
-358
-350
-340
-365
-373
-359
-327
-245
-184
-155
-106
-57
-2
30
89
174
254
328
469
603
750
879
982
1104
1209
1343
1464
1599
1550
1401
1283
1276
1314
1232
1011
762
515
351
251
174
145
11
-134
-235
-336
-350
-352
-400
-428
-414
-352
-270
-199
-132
-101
-93
-107
-158
-194
-191
-184
-147
-141
-157
-191
-265
-352
-391
-437
-469
-451
-447
-447
-436
-391
-354
-349
-355
-363
-385
-396
-334
-283
-208
-156
-125
-88
-91
-59
22
85
90
61
43
36
49
59
71
88
99
85
79
66
19
-5
-80
-139
-152
-169
-201
-243
-305
-369
-428
-470
-474
-442
-389
-337
-334
-354
-380
-405
-421
-409
-392
-372
-330
-305
-287
-265
-244
-259
-221
-155
-91
-3
100
220
311
407
506
597
693
761
882
1013
1139
1282
1419
1543
1529
1390
1311
1333
1322
1204
1002
796
601
475
412
367
265
46
-142
-247
-264
-238
-189
-208
-232
-214
-212
-169
-162
-165
-175
-202
-219
-217
-227
-218
-213
-239
-255
-295
-318
-344
-385
-369
-332
-317
-308
-302
-314
-314
-310
-296
-302
-294
-300
-301
-259
-218
-186
-200
-197
-252
-248
-199
-100
26
30
-16
-79
-92
-7
80
94
97
44
3
7
20
41
-27
-126
-201
-230
-236
-201
-236
-273
-332
-354
-315
-319
-311
-338
-340
-357
-368
-364
-357
-359
-370
-368
-358
-369
-391
-377
-337
-304
-288
-225
-168
-103
-15
60
140
214
282
362
503
615
741
847
979
1088
1201
1308
1427
1477
1384
1280
1272
1374
1368
1232
1033
841
672
584
538
461
296
69
-84
-156
-116
-70
-118
-231
-336
-386
-389
-340
-304
-283
-321
-368
-379
-375
-354
-338
-342
-361
-350
-341
-313
-268
-266
-254
-285
-302
-299
-289
-256
-240
-206
-228
-267
-305
-354
-398
-394
-374
-354
-330
-328
-284
-235
-183
-132
-126
-122
-138
-133
-40
52
89
38
-49
-79
-89
-53
-47
-89
-164
-235
-232
-203
-166
-181
-239
-296
-308
-248
-200
-167
-207
-260
-308
-339
-343
-369
-421
-462
-482
-494
-452
-443
-409
-380
-358
-319
-284
-210
-106
1
96
176
228
301
394
488
585
678
730
819
924
1036
1170
1288
1405
1350
1268
1219
1288
1333
1240
1075
886
727
628
593
557
442
215
16
-81
-94
-68
-68
-182
-321
-417
-425
-379
-354
-336
-408
-485
-527
-521
-459
-390
-364
-387
-416
-418
-367
-320
-273
-230
-227
-227
-219
-213
-202
-218
-246
-272
-318
-343
-317
-327
-317
-310
-310
-332
-358
-303
-228
-130
-63
-43
-39
-50
-30
29
59
51
10
-42
-57
-51
-31
-28
-47
-81
-124
-123
-104
-83
-85
-74
-93
-105
-101
-103
-131
-184
-262
-340
-379
-387
-393
-388
-404
-411
-426
-421
-387
-370
-351
-325
-263
-217
-152
-52
28
75
104
132
165
215
311
397
479
560
641
711
808
903
1012
1092
1189
1233
1198
1181
1223
1267
1225
1081
935
829
728
715
683
636
520
323
163
91
54
22
-56
-218
-334
-422
-443
-427
-460
-497
-581
-630
-609
-553
-468
-428
-414
-391
-344
-283
-189
-164
-148
-185
-254
-261
-247
-207
-193
-180
-213
-247
-267
-291
-276
-261
-256
-248
-211
-195
-194
-165
-134
-136
-180
-210
-209
-165
-111
-81
-71
-106
-144
-130
-106
-70
-59
-85
-84
-81
-86
-65
-56
-90
-141
-188
-217
-233
-259
-291
-326
-344
-361
-376
-369
-380
-394
-401
-400
-396
-380
-341
-315
-287
-247
-234
-219
-188
-143
-91
-59
-12
48
113
179
249
317
394
459
512
628
736
818
921
982
1072
1105
1082
1051
1080
1162
1173
1135
1010
916
824
762
712
637
504
320
202
130
98
22
-106
-274
-415
-494
-498
-475
-491
-510
-586
-625
-587
-534
-492
-447
-450
-440
-407
-382
-310
-259
-244
-249
-256
-248
-203
-148
-170
-187
-225
-249
-242
-222
-184
-183
-198
-213
-214
-247
-261
-252
-226
-197
-190
-180
-177
-134
-111
-106
-111
-159
-194
-189
-162
-97
-69
-107
-147
-197
-213
-195
-184
-181
-201
-239
-243
-247
-243
-254
-280
-300
-299
-302
-304
-310
-334
-364
-383
-380
-346
-330
-309
-294
-288
-277
-261
-236
-184
-142
-92
-39
-8
52
97
151
230
320
376
422
487
557
633
712
795
867
945
1012
1037
1037
1041
1089
1070
1007
934
874
823
793
735
670
545
352
220
159
69
-38
-141
-254
-326
-403
-402
-399
-437
-494
-557
-561
-540
-472
-409
-382
-376
-371
-340
-315
-268
-218
-224
-237
-240
-225
-203
-192
-186
-227
-247
-249
-268
-241
-255
-280
-282
-271
-224
-190
-184
-134
-120
-149
-165
-182
-200
-203
-190
-159
-154
-182
-199
-206
-222
-232
-234
-242
-236
-221
-185
-165
-169
-173
-188
-208
-205
-179
-161
-171
-187
-195
-219
-242
-234
-240
-238
-253
-275
-234
-239
-238
-245
-267
-276
-263
-247
-201
-172
-151
-126
-101
-55
-18
53
102
158
239
300
345
392
426
494
547
620
693
736
820
850
889
896
947
971
965
898
838
779
710
678
599
543
422
289
189
114
43
-47
-127
-235
-306
-350
-336
-342
-378
-426
-470
-494
-466
-428
-408
-420
-405
-393
-370
-291
-267
-245
-243
-235
-241
-200
-160
-146
-158
-177
-192
-200
-184
-152
-135
-171
-168
-172
-173
-204
-210
-220
-218
-204
-195
-205
-218
-235
-266
-276
-295
-291
-289
-295
-283
-259
-273
-272
-270
-273
-252
-217
-204
-191
-184
-175
-148
-145
-136
-141
-146
-121
-135
-116
-104
-120
-120
-159
-172
-195
-208
-211
-232
-228
-242
-236
-243
-247
-235
-216
-165
-123
-47
-16
36
88
111
156
191
250
301
349
393
455
558
616
686
770
800
812
813
831
875
890
838
774
730
706
671
614
544
435
310
210
166
131
39
-35
-110
-201
-255
-273
-288
-344
-391
-438
-452
-451
-436
-412
-395
-399
-385
-335
-258
-183
-147
-116
-110
-133
-133
-87
-99
-108
-108
-151
-166
-172
-162
-176
-206
-225
-217
-195
-201
-213
-234
-261
-266
-282
-285
-287
-302
-318
-310
-313
-330
-355
-361
-343
-305
-283
-282
-252
-243
-203
-146
-100
-65
-53
-47
-30
-17
-15
2
13
0
-2
-35
-49
-69
-86
-123
-153
-172
-201
-204
-210
-204
-210
-210
-206
-186
-156
-142
-152
-133
-111
-100
-85
-24
23
91
149
186
245
300
357
418
472
549
618
671
698
729
738
748
791
797
792
734
705
652
629
609
554
511
412
321
250
185
146
68
-25
-106
-175
-216
-246
-263
-304
-358
-382
-398
-358
-301
-241
-208
-172
-143
-141
-94
-53
-62
-71
-79
-81
-64
-80
-91
-106
-138
-146
-168
-175
-177
-191
-202
-205
-222
-248
-261
-284
-276
-281
-277
-307
-324
-351
-369
-335
-343
-318
-329
-336
-315
-282
-213
-170
-118
-83
-67
-19
7
25
48
41
47
59
66
75
49
18
-27
-51
-69
-62
-45
-33
-25
-16
-20
-11
-30
-55
-67
-104
-111
-123
-134
-141
-128
-99
-94
-91
-42
3
29
75
103
126
158
188
221
264
292
310
355
405
446
482
541
586
599
634
663
689
678
681
689
667
633
586
562
494
431
355
293
215
154
78
29
-1
-51
-71
-100
-111
-126
-117
-108
-102
-124
-125
-106
-104
-95
-99
-86
-93
-108
-110
-142
-150
-157
-166
-172
-199
-183
-185
-186
-176
-179
-192
-213
-212
-233
-247
-289
-310
-328
-375
-378
-375
-393
-377
-341
-331
-309
-288
-252
-217
-188
-161
-141
-124
-105
-69
-54
-23
9
1
0
2
-7
17
17
66
83
113
149
146
154
124
98
76
68
70
52
39
25
-3
-29
-39
-51
-65
-62
-70
-44
-44
-40
-21
-34
2
7
28
27
39
46
52
72
110
146
170
228
301
381
458
514
572
617
643
670
677
713
735
745
741
702
660
584
517
458
397
350
286
251
188
147
99
63
32
-13
-33
-64
-77
-71
-109
-124
-161
-172
-180
-198
-207
-228
-226
-212
-220
-216
-187
-191
-189
-179
-170
-178
-199
-215
-198
-215
-239
-247
-253
-260
-286
-291
-291
-310
-328
-325
-323
-332
-322
-313
-290
-284
-270
-239
-225
-188
-185
-156
-110
-97
-58
-37
-13
28
65
102
138
155
162
178
195
195
186
186
185
149
147
144
112
79
69
44
51
40
20
22
-5
-24
-20
-29
-41
-63
-68
-55
-94
-110
-124
-129
-107
-84
-53
-26
10
38
100
160
228
278
331
413
486
529
590
626
640
655
654
684
691
684
658
622
581
547
499
460
402
345
297
229
181
141
100
48
5
-48
-67
-126
-157
-180
-220
-249
-257
-236
-220
-192
-192
-185
-171
-162
-163
-156
-160
-153
-146
-152
-164
-165
-157
-179
-199
-221
-250
-278
-295
-320
-330
-359
-383
-376
-374
-362
-373
-358
-337
-338
-326
-314
-274
-256
-217
-161
-146
-105
-86
-47
-13
12
43
67
94
96
109
104
125
130
135
123
121
125
126
132
135
126
109
100
81
74
80
71
70
46
24
0
-30
-57
-95
-115
-121
-112
-91
-57
-61
-66
-57
-43
-13
27
60
96
128
187
253
305
368
407
464
492
526
579
588
600
627
651
645
594
547
506
459
410
356
300
227
149
113
50
9
-50
-89
-123
-158
-171
-192
-200
-194
-225
-221
-239
-217
-223
-241
-226
-226
-201
-218
-193
-179
-170
-178
-176
-164
-170
-188
-215
-219
-236
-265
-292
-313
-336
-354
-366
-390
-399
-386
-393
-376
-360
-339
-328
-296
-265
-247
-221
-233
-192
-156
-143
-109
-103
-86
-75
-74
-83
-50
-17
-5
13
35
65
82
85
91
85
99
103
118
111
113
122
114
95
71
55
22
7
-2
9
17
-1
10
-11
-43
-57
-74
-99
-104
-91
-84
-73
-51
-55
-33
-10
31
82
118
186
249
341
403
489
531
547
558
549
543
556
558
547
531
493
442
380
338
294
227
194
159
116
98
59
10
-29
-70
-104
-144
-178
-203
-204
-211
-226
-219
-211
-189
-184
-171
-151
-149
-135
-113
-116
-107
-116
-127
-139
-185
-225
-221
-255
-256
-258
-284
-294
-302
-312
-328
-312
-319
-300
-300
-278
-249
-237
-232
-216
-224
-219
-218
-211
-190
-182
-168
-158
-127
-123
-91
-70
-41
-13
13
40
49
67
108
137
162
179
166
173
157
146
146
124
127
129
143
158
155
156
129
110
87
76
33
8
9
-25
-44
-79
-90
-112
-128
-128
-115
-97
-59
-8
53
97
123
185
211
272
319
366
413
446
478
487
481
468
484
475
464
458
435
397
387
362
314
274
220
163
108
49
21
-1
-30
-55
-109
-116
-125
-162
-183
-179
-190
-177
-157
-152
-119
-109
-122
-115
-107
-136
-151
-156
-166
-155
-170
-206
-209
-221
-241
-276
-296
-292
-301
-287
-297
-309
-304
-308
-328
-322
-323
-318
-319
-313
-317
-286
-271
-267
-270
-246
-222
-214
-182
-155
-128
-116
-84
-56
-11
22
43
48
70
86
97
107
127
147
129
150
142
141
152
151
171
164
170
155
148
144
120
88
80
55
18
22
-13
-35
-41
-38
-60
-29
-21
-10
20
39
76
98
134
173
201
242
272
318
356
372
411
413
410
427
423
425
393
380
358
327
303
260
222
198
160
125
103
79
40
1
-42
-76
-113
-144
-153
-161
-173
-196
-200
-182
-169
-163
-154
-150
-137
-114
-90
-104
-103
-126
-126
-131
-149
-161
-180
-179
-209
-221
-235
-246
-264
-276
-287
-288
-270
-270
-270
-265
-276
-280
-288
-301
-281
-284
-261
-249
-229
-190
-177
-148
-120
-80
-42
-28
-7
33
63
72
91
102
106
113
109
114
114
117
132
123
131
139
159
172
181
178
182
164
140
149
125
116
120
87
78
51
43
29
10
8
8
40
42
54
79
102
102
128
160
193
243
273
313
331
354
356
344
334
336
337
344
345
344
315
298
278
246
222
187
159
123
89
43
3
-41
-75
-120
-167
-172
-210
-219
-223
-206
-206
-194
-164
-167
-139
-148
-113
-109
-112
-111
-108
-111
-113
-138
-145
-165
-174
-199
-221
-231
-250
-249
-246
-253
-268
-270
-269
-263
-297
-300
-304
-306
-295
-289
-269
-275
-262
-236
-212
-209
-184
-151
-117
-104
-63
-52
-46
-15
-17
-11
7
-5
5
18
23
36
38
48
60
89
113
127
158
157
153
161
149
168
167
162
155
140
130
134
113
102
91
85
96
97
112
106
127
143
150
174
185
209
232
242
252
266
276
275
287
282
300
309
322
328
314
282
261
264
222
199
184
146
111
65
14
-36
-97
-132
-169
-205
-235
-231
-253
-265
-268
-259
-251
-239
-216
-199
-201
-202
-163
-149
-121
-122
-120
-138
-125
-133
-157
-152
-172
-171
-189
-208
-230
-253
-258
-252
-274
-277
-284
-300
-304
-308
-287
-289
-304
-297
-280
-253
-246
-239
-215
-196
-179
-164
-118
-89
-83
-71
-51
-34
-18
-27
-17
-31
-17
4
-14
14
18
26
33
58
56
62
89
88
116
117
110
117
143
148
178
188
187
190
189
196
198
204
234
242
246
260
261
264
273
306
311
324
314
318
304
302
319
297
295
294
272
248
228
217
200
166
134
142
120
74
43
3
-16
-57
-93
-136
-171
-167
-213
-226
-243
-247
-261
-272
-273
-284
-274
-256
-249
-224
-216
-197
-182
-186
-159
-146
-155
-155
-157
-171
-165
-177
-207
-210
-212
-227
-228
-241
-231
-231
-251
-250
-248
-255
-270
-265
-254
-244
-234
-212
-200
-203
-203
-177
-155
-142
-107
-90
-63
-45
-25
-15
-21
-22
-28
-17
-13
13
-1
5
4
-16
-27
-30
-1
-1
26
37
61
70
83
106
126
138
180
211
225
240
250
283
298
316
348
364
361
361
360
354
380
382
385
387
394
371
345
333
291
282
265
235
212
197
170
114
93
72
45
37
11
-6
-13
-32
-67
-74
-106
-101
-124
-147
-150
-185
-190
-223
-237
-258
-261
-268
-279
-268
-255
-255
-256
-232
-231
-226
-211
-210
-199
-189
-190
-186
-188
-184
-190
-200
-194
-185
-178
-179
-181
-184
-172
-179
-157
-149
-167
-159
-157
-133
-128
-128
-113
-112
-105
-90
-69
-51
-36
-33
-27
-11
-1
-16
-10
3
8
7
16
27
41
32
19
23
14
8
23
33
47
54
72
87
93
120
123
170
180
205
251
282
294
309
324
339
348
362
374
374
409
393
390
405
410
413
396
394
382
382
345
310
294
257
236
195
177
143
113
80
67
28
11
-3
-14
-25
-45
-46
-62
-53
-51
-80
-92
-107
-117
-155
-151
-181
-200
-201
-232
-232
-251
-252
-267
-284
-269
-263
-272
-286
-287
-273
-259
-254
-260
-252
-249
-231
-192
-194
-179
-164
-162
-150
-136
-131
-125
-106
-96
-93
-93
-83
-66
-61
-58
-43
-24
-29
-31
-22
-10
-1
6
12
16
26
20
28
17
52
51
54
59
49
52
56
48
44
70
75
83
72
92
105
110
124
135
126
174
191
198
208
236
243
239
254
268
297
310
305
315
305
304
317
319
337
345
330
313
312
276
270
237
225
213
179
141
110
91
55
11
-28
-46
-62
-81
-74
-96
-126
-116
-143
-151
-160
-165
-177
-191
-210
-226
-237
-254
-265
-274
-295
-313
-323
-344
-357
-353
-353
-354
-349
-351
-351
-339
-330
-324
-283
-287
-267
-241
-217
-202
-181
-145
-119
-101
-96
-66
-45
-44
-17
7
5
28
26
36
56
65
66
86
79
99
109
115
116
133
138
145
153
144
159
164
161
172
185
177
181
164
150
168
157
156
171
165
163
151
150
155
162
170
175
176
189
192
194
184
199
215
209
194
182
193
178
198
194
190
198
194
161
147
122
117
102
77
72
38
38
25
-3
-33
-58
-83
-120
-145
-165
-181
-204
-210
-216
-244
-240
-237
-251
-249
-243
-234
-233
-231
-227
-216
-215
-229
-214
-222
-228
-213
-224
-215
-217
-215
-205
-198
-207
-197
-180
-186
-154
-147
-118
-96
-70
-69
-40
-19
-9
30
45
69
64
94
105
109
122
128
152
144
149
164
166
183
192
184
179
179
179
152
162
173
176
180
159
174
175
166
156
153
147
148
145
138
132
139
155
115
110
105
81
85
63
50
52
44
52
57
60
55
47
61
49
42
13
17
36
31
24
1
3
2
6
-17
-21
-30
-28
-20
-28
-39
-47
-45
-47
-53
-81
-96
-107
-134
-120
-128
-152
-150
-175
-174
-184
-180
-189
-195
-187
-180
-172
-183
-162
-174
-179
-179
-176
-160
-132
-140
-125
-115
-114
-120
-104
-97
-99
-85
-77
-53
-59
-47
-34
-15
-5
9
13
33
50
45
72
80
98
99
101
124
100
119
123
142
152
157
159
147
169
166
149
146
141
141
142
136
128
137
149
145
136
132
136
136
139
132
122
132
122
82
101
68
52
32
11
9
-21
-18
-14
-16
-32
-25
-48
-65
-53
-51
-61
-58
-64
-51
-54
-47
-48
-59
-58
-70
-64
-67
-80
-68
-63
-69
-75
-68
-51
-53
-51
-49
-50
-33
-43
-39
-40
-31
-58
-54
-45
-62
-51
-63
-64
-62
-58
-62
-68
-67
-62
-52
-38
-38
-32
-13
-19
-11
-1
-2
15
26
20
26
42
41
40
51
41
51
54
63
71
68
68
77
86
81
96
100
106
102
99
118
103
89
96
116
112
125
123
128
115
113
109
99
122
105
101
103
103
100
79
69
70
64
54
50
39
51
43
33
11
-11
-11
-15
-26
-30
-26
-47
-52
-68
-77
-76
-76
-96
-100
-94
-89
-78
-95
-72
-77
-77
-84
-84
-64
-65
-66
-67
-52
-54
-47
-60
-54
-44
-30
-42
-37
-29
-12
-15
-27
-5
-9
3
-2
-16
-5
-8
-31
-31
-21
-25
-17
-12
-34
-29
-22
-35
-14
-17
-28
-27
-26
-31
-16
3
4
-6
-7
11
17
17
18
14
16
27
35
33
23
25
45
37
43
42
38
51
37
30
32
21
18
28
10
22
27
34
40
39
16
25
30
33
26
2
27
19
18
9
0
-19
-37
-13
-11
-28
-23
-26
-38
-42
-59
-45
-33
-50
-61
-56
-55
-72
-70
-70
-65
-85
-103
-94
-89
-80
-80
-84
-78
-63
-44
-62
-51
-43
-38
-18
-20
-13
-23
-8
-1
-8
-14
-4
-4
-3
-8
-10
2
-12
4
5
18
16
33
45
26
27
3
7
12
14
5
-4
-9
-27
-7
-12
-20
-18
-4
-19
-30
-22
-17
-33
-36
-29
-46
-39
-40
-35
-33
-30
-18
-22
-22
-24
-14
-14
-19
-13
-24
-3
6
7
1
6
-5
-6
7
22
17
13
9
17
27
23
24
18
20
27
24
15
12
4
15
10
-5
5
-10
-2
-19
-26
-13
-11
-14
-37
-34
-30
-38
-48
-14
-26
-20
-16
-32
-13
-37
-19
-6
-30
-11
-20
0
14
7
-2
-5
24
26
16
29
28
44
45
37
36
18
35
45
25
41
55
44
49
22
23
34
58
32
39
44
36
46
43
38
37
25
23
16
19
30
45
48
45
48
22
17
33
24
17
10
19
20
4
13
-1
-13
-8
6
-16
10
10
0
9
5
24
17
21
16
37
24
25
30
29
34
29
35
50
37
48
42
47
44
45
57
49
66
57
67
50
54
73
59
60
53
51
57
33
23
24
38
22
21
25
7
16
4
8
15
-1
-12
-19
-7
2
1
-4
-24
-15
-14
2
9
8
17
0
-1
16
26
19
29
26
21
35
38
40
27
28
45
32
38
35
34
47
39
35
39
41
31
29
27
22
22
24
16
8
4
-1
-4
-4
4
0
3
-8
-20
-8
13
-2
2
7
-9
-12
-16
-17
-25
-29
-20
-7
-22
-15
-13
-4
-4
-18
-17
1
-3
-5
4
-17
27
1
0
-6
1
25
7
32
18
23
20
36
42
51
72
59
68
67
56
56
59
62
54
43
61
44
42
30
34
33
33
25
9
22
11
-2
3
-1
-4
1
-19
-30
-27
-25
-33
-25
-37
-40
-36
-39
-18
-35
-33
-19
-24
-3
-15
-9
2
8
13
11
15
10
19
21
31
26
22
37
21
43
15
12
43
30
27
16
34
16
19
25
15
-1
3
-7
-1
16
5
-9
7
8
-6
-3
-11
-1
-1
8
2
5
0
-7
-4
-7
8
3
-2
-1
-18
-14
-12
-17
-26
-25
-21
-35
-44
-46
-29
-47
-49
-57
-66
-59
-63
-49
-52
-47
-27
-36
-24
-14
-10
-22
-15
6
8
26
13
12
8
-3
3
4
2
6
-13
6
4
-14
-25
-18
-25
-24
-37
-53
-51
-57
-53
-82
-76
-72
-70
-75
-85
-96
-103
-65
-67
-76
-77
-81
-63
-60
-68
-67
-45
-45
-33
-36
-35
-31
-34
-18
-3
-4
-12
0
18
38
23
19
30
26
22
37
17
10
31
15
28
23
15
33
18
17
11
15
23
15
2
12
11
-7
-10
-10
9
-9
-2
3
1
3
-3
-14
-7
11
0
2
6
-15
-11
-4
-13
-9
-5
-9
-11
-33
-27
-43
-51
-59
-66
-73
-74
-72
-72
-56
-60
-54
-53
-41
-30
-35
-35
-30
-15
-3
-1
1
0
15
15
23
27
23
42
16
13
7
21
1
8
5
-9
7
-1
-3
-15
-12
-34
-39
-52
-21
-40
-51
-38
-49
-41
-41
-20
-31
-38
-35
-16
-22
-28
-6
5
4
9
5
5
23
29
26
24
27
44
48
49
54
29
51
64
71
73
71
68
68
74
62
58
75
71
72
78
68
65
52
65
58
36
45
40
24
34
26
20
37
34
16
7
-9
-15
-5
-19
-22
-4
3
-4
-18
9
5
-8
-14
-18
-11
-34
-39
-32
-42
-57
-68
-54
-40
-53
-62
-60
-51
-49
-62
-38
-43
-35
-28
-33
-11
-15
-6
-7
11
-6
20
15
16
28
22
44
38
16
25
26
6
19
10
6
3
-5
-10
-12
8
4
-8
-12
-16
-17
-31
-22
-4
-19
-32
-24
-27
-22
-4
-16
-16
-25
-16
-6
-4
-2
-5
-19
-13
-4
-10
10
14
9
2
17
22
5
26
36
38
57
42
43
54
55
65
65
45
48
52
38
67
55
55
48
29
45
35
44
27
35
30
24
27
18
-3
7
17
7
9
-5
-6
9
15
1
6
0
4
-10
-2
-4
-20
-16
-13
-8
-22
-28
-43
-26
-11
-18
-19
-35
-19
-13
-10
-11
-3
-2
-6
1
1
10
20
26
21
47
35
36
38
42
36
50
51
47
57
65
57
51
57
31
36
41
27
17
18
19
7
1
-4
-4
-3
-5
4
5
14
-7
-9
-10
-20
-20
-8
-26
-4
-4
-6
-3
-26
-7
-5
-2
1
-3
-2
-5
9
13
12
7
9
29
32
33
38
32
43
49
55
50
26
19
11
22
30
21
15
10
12
-10
-12
11
5
12
13
3
-9
-9
-5
16
10
2
24
32
28
19
13
-2
13
9
22
14
28
17
21
28
8
8
9
1
7
3
-2
13
-3
-5
1
-4
-2
-3
7
2
-6
-19
-11
1
9
9
10
23
20
31
39
44
39
42
50
41
28
32
21
27
25
11
26
26
19
17
22
23
31
26
23
21
23
5
11
15
0
17
13
16
18
19
33
45
50
31
40
35
29
29
15
23
37
30
31
29
39
42
23
45
49
26
39
43
50
51
51
61
38
43
65
65
78
79
73
76
70
76
74
86
73
67
83
73
55
75
80
68
76
68
44
70
66
57
51
43
49
46
50
69
66
55
61
65
75
70
71
62
67
52
53
58
54
54
30
37
41
11
8
-5
5
15
17
22
32
32
14
24
24
46
52
41
56
60
52
55
65
61
40
63
60
52
68
56
39
57
64
68
73
70
61
60
65
52
44
47
50
44
40
32
32
37
42
46
48
57
33
37
43
29
60
43
44
51
41
35
34
26
43
47
35
55
52
47
47
63
58
48
41
53
47
45
49
51
53
60
70
55
64
50
58
61
51
57
59
59
55
41
65
60
64
53
44
40
40
58
50
59
52
50
47
58
65
76
58
66
68
66
70
48
62
54
56
58
52
39
42
32
18
18
21
10
13
28
6
-3
12
8
-9
-4
7
8
-3
18
14
3
15
6
11
11
13
5
9
9
16
9
13
14
7
1
-4
-5
-12
-7
1
20
8
-3
10
11
12
21
13
19
28
17
29
15
7
15
30
21
35
33
15
19
17
22
12
15
5
6
24
21
17
12
-3
-6
-1
-2
5
9
-7
-8
-4
6
6
14
13
32
25
18
44
18
13
21
20
15
10
6
22
26
19
19
20
37
29
39
27
15
22
17
26
30
19
12
15
25
20
18
23
6
22
20
15
25
28
16
14
27
26
21
7
17
6
6
4
4
17
-2
-8
2
-3
-2
3
6
-12
-4
6
17
21
9
21
23
19
18
21
15
25
11
20
26
27
23
12
10
11
0
12
24
18
7
8
10
14
24
24
17
27
16
20
36
25
30
7
37
33
24
46
37
20
16
18
7
13
6
-10
-1
-2
-13
-14
-17
-1
-3
0
8
-12
-4
-8
-12
-10
-13
-5
-9
1
1
5
-1
-7
10
12
19
24
18
8
24
19
22
23
23
20
19
13
9
10
6
20
29
5
27
35
46
48
41
35
34
32
36
52
36
31
35
37
37
44
48
26
28
26
5
12
13
15
3
2
3
-1
-24
-7
-23
-15
-22
-19
-19
-30
-8
-12
-19
-7
-10
-12
-12
-16
-16
-15
-8
-8
-28
-10
-5
8
11
7
3
14
23
16
25
40
47
47
34
23
37
39
43
39
33
52
51
39
39
36
43
40
33
28
20
14
7
11
-1
8
3
1
10
7
8
8
1
-22
-11
-17
-5
2
-10
-15
-2
-14
-6
14
9
-9
-3
16
20
11
0
21
16
16
24
3
6
7
8
10
6
11
15
19
10
12
31
37
30
36
38
38
55
33
17
33
38
34
32
24
1
25
21
5
13
-4
-6
6
-7
-9
-17
-17
-14
-31
-34
-26
-20
-33
-23
-23
-15
-34
-39
-28
-40
-27
-47
-40
-46
-53
-49
-58
-45
-43
-29
-35
-49
-37
-20
-17
-5
1
-1
-2
-2
21
17
28
29
25
37
26
23
38
40
19
40
42
34
37
35
24
29
19
16
25
15
8
8
18
-2
-1
-11
-13
-7
-10
-10
-3
-5
-11
-13
-4
-19
-13
-9
4
-5
-14
14
11
-5
3
1
-4
-5
16
8
-8
-1
-13
-3
-13
-11
2
-11
-6
-12
-13
7
2
-4
15
16
9
3
7
8
9
19
23
10
16
22
21
25
11
15
12
-3
5
-2
5
3
0
-2
2
-6
-19
-26
-23
-33
-40
-35
-34
-49
-54
-29
-40
-50
-25
-36
-36
-36
-41
-26
-30
-32
-30
-25
-31
-13
-15
-16
-10
-26
-23
-18
-13
-20
-20
6
-6
3
7
-7
16
8
23
11
14
16
18
29
13
15
22
11
-5
-6
2
-3
-3
2
-11
-22
-12
0
-10
4
-10
-23
-6
-34
-31
-23
-26
-21
-33
-36
-30
-35
-59
-39
-35
-42
-44
-52
-28
-41
-39
-50
-44
-42
-48
-42
-52
-41
-50
-48
-42
-59
-42
-44
-43
-40
-33
-33
-19
-23
-26
-26
-30
-27
-16
6
-17
-9
-26
-35
-28
-18
-25
-30
-34
-27
-31
-33
-49
-52
-45
-71
-71
-56
-60
-64
-59
-55
-62
-52
-46
-31
-53
-48
-53
-43
-50
-57
-42
-53
-32
-41
-41
-48
-43
-13
-10
-36
-15
-25
-26
-15
-14
0
-3
2
1
-6
-3
0
8
8
5
3
0
-6
19
3
-7
3
-9
5
-3
-13
-7
-17
-23
-10
-13
-8
-10
-31
-20
-20
-38
-31
-38
-26
-31
-34
-29
-42
-47
-39
-32
-28
-50
-43
-54
-45
-45
-49
-19
-33
-40
-44
-46
-43
-36
-34
-32
-36
-41
-46
-39
-43
-35
-36
-46
-23
-30
-20
-3
-11
-10
-19
-7
-8
-9
-13
-5
-9
-7
-20
-15
-31
-32
-10
-35
-30
-30
-28
-40
-30
-40
-48
-56
-37
-30
-47
-44
-32
-41
-60
-27
-34
-35
-32
-35
-52
-47
-50
-52
-42
-34
-19
-30
-29
-34
-33
-22
-35
-18
-25
-19
-13
-22
-14
-15
-3
-8
0
18
5
3
5
20
8
13
13
-3
4
-13
2
5
-6
-24
-16
-14
-16
-8
-14
-23
-26
-25
-33
-24
-39
-41
-33
-20
-41
-32
-29
-45
-31
-39
-29
-40
-40
-30
-41
-26
-32
-31
-27
-49
-51
-57
-55
-59
-46
-48
-54
-54
-61
-66
-55
-46
-70
-55
-47
-44
-53
-55
-46
-34
-40
-44
-37
-39
-26
-39
-40
-27
-25
-38
-38
-47
-38
-37
-43
-42
-57
-56
-53
-50
-41
-45
-41
-31
-34
-30
-24
-25
-33
-40
-35
-27
-29
-40
-36
-36
-31
-31
-24
-28
-27
-28
-29
-22
-27
-23
-31
-23
-35
-18
-17
-27
-25
-24
-22
-11
-22
-22
-30
-32
-17
-15
-25
-14
-16
-26
-15
-4
-17
-16
2
-3
-5
0
-3
-12
-18
-40
-25
-24
-33
-26
-25
-39
-34
-39
-35
-37
-40
-43
-39
-12
-24
-23
-21
-7
-24
-30
-27
-15
-27
-27
-6
-34
-31
-33
-28
-22
-21
-19
-38
-47
-29
-39
-42
-40
-33
-38
-34
-12
-25
-23
-9
-33
-36
-19
-21
-24
-25
-21
-7
-28
-37
-22
-6
-5
-4
-5
-2
-15
-19
-26
-10
2
-12
1
-11
-12
-22
-20
-24
-14
-27
-30
-17
-30
-13
-18
-24
-29
-17
-8
-14
-25
-26
-16
-27
-17
-5
-13
-24
-25
-26
-25
-34
-19
-28
-15
-5
-25
6
-7
-16
-5
-24
-10
9
5
7
1
17
15
18
14
-3
-4
-6
-3
-11
-3
9
-10
4
4
12
12
7
12
11
27
12
9
-17
-7
-4
-11
1
-12
7
-3
-17
-16
-15
-8
-15
-25
-25
-29
-25
-16
-34
-32
-26
-27
-32
-37
-35
-42
-39
-32
-36
-48
-40
-52
-41
-35
-39
-18
-37
-13
-8
-32
-18
-34
-30
-22
-19
-10
-7
-13
-12
-12
-14
-18
-26
-10
-24
-27
-33
-22
-29
-39
-23
-33
-33
-42
-28
-44
-41
-29
-45
-35
-32
-23
-25
-34
-26
-29
-50
-36
-29
-36
-43
-31
-31
-30
-42
-31
-25
-26
-24
-27
-22
-27
-17
-32
-18
-33
-36
-13
-12
-12
-2
-16
-16
-12
-17
-18
-30
-2
7
-2
-4
-2
-15
-17
-4
-11
0
0
-16
-24
-25
-16
-18
-8
-18
-28
-25
-25
-33
-38
-38
-38
-34
-29
-34
-18
-25
-37
-22
-50
-51
-55
-53
-38
-64
-54
-44
-74
-69
-70
-59
-55
-82
-69
-70
-65
-73
-60
-61
-66
-54
-57
-46
-43
-32
-32
-18
-21
-29
-26
-28
-16
-13
-13
-22
-17
-13
-20
-12
-28
-27
-21
-18
-24
-22
-21
-25
-21
-28
-21
-41
-37
-31
-40
-52
-66
-45
-45
-57
-54
-56
-45
-46
-40
-52
-57
-60
-46
-37
-51
-49
-53
-47
-54
-52
-70
-61
-38
-44
-46
-40
-37
-39
-41
-42
-37
-41
-41
-49
-39
-28
-34
-35
-38
-38
-34
-25
-25
-26
-26
-24
-19
-39
-28
-32
-25
-29
-29
-32
-36
-40
-36
-30
-26
-24
-26
-24
-51
-44
-26
-32
-38
-38
-32
-37
-44
-50
-48
-54
-54
-45
-56
-60
-71
-66
-62
-73
-78
-69
-61
-58
-55
-35
-54
-44
-52
-42
-42
-55
-38
-59
-56
-54
-52
-43
-34
-44
-43
-38
-32
-41
-53
-47
-35
-35
-37
-23
-32
-38
-43
-43
-41
-60
-42
-59
-68
-44
-71
-78
-63
-47
-54
-66
-60
-59
-40
-37
-45
-42
-44
-46
-58
-67
-46
-53
-48
-56
-65
-58
-54
-44
-51
-50
-67
-51
-61
-55
-48
-49
-60
-61
-43
-65
-51
-46
-42
-37
-31
-21
-31
-24
-21
-28
-41
-29
-29
-20
-33
-37
-37
-44
-48
-41
-31
-37
-38
-44
-29
-44
-38
-32
-35
-33
-36
-25
-45
-37
-48
-52
-57
-44
-43
-58
-58
-72
-58
-47
-53
-61
-46
-57
-57
-61
-59
-56
-59
-55
-45
-46
-51
-34
-40
-42
-47
-34
-24
-28
-14
-20
-36
-24
-25
-35
-16
-23
-35
-31
-25
-30
-30
-28
-23
-24
-44
-35
-32
-27
-29
-38
-43
-24
-38
-40
-29
-43
-31
-40
-38
-28
-33
-38
-48
-47
-27
-36
-30
-31
-21
-47
-32
-38
-31
-35
-48
-44
-53
-40
-29
-36
-23
-28
-23
-17
-26
0
-13
-10
-4
7
19
-12
-12
-12
-2
-5
-13
-5
-4
5
5
-1
-14
-10
-5
2
4
-5
-9
8
-17
3
-2
2
3
-26
-10
-20
-23
-13
-10
-39
-25
-32
-42
-40
-19
-28
-41
-19
-32
-38
-41
-31
-45
-41
-37
-35
-34
-27
-36
-31
-30
-13
-13
-18
-10
-9
-11
-13
-16
-27
-7
-16
-1
-4
-18
-21
-2
-12
-3
-3
-4
1
-5
2
2
8
2
-1
-10
-13
-12
13
-11
-14
-23
-13
-8
-10
-7
-16
-6
-14
-14
-15
-8
-8
-11
-18
-9
-12
-20
-7
-5
-15
0
-3
-9
-6
-7
-8
-25
-21
-21
-12
-28
-23
-5
-3
-1
17
1
-6
2
-4
13
4
10
-1
-7
9
-2
5
13
11
-5
-7
1
6
1
-12
-1
7
3
0
-7
-10
-21
-3
-15
-11
5
-22
-12
-17
0
-7
-15
8
-1
-12
-9
-19
-18
-16
-22
-21
-12
-12
-8
-16
-19
-25
-16
-13
-17
-14
-24
1
0
-17
-10
-20
-24
-16
-21
-31
-28
-8
-15
-32
-16
-14
-23
-19
-3
-16
-27
-26
-14
-16
-9
-2
-1
-8
-11
-5
-11
-16
-25
0
3
-5
-1
-5
1
1
0
8
-8
-4
7
5
13
-3
4
3
-7
-3
-7
-8
-10
4
0
-1
-1
10
-4
-1
16
23
32
29
20
29
11
26
21
19
34
22
33
39
45
32
31
39
36
34
18
32
41
12
23
37
27
21
19
16
-3
8
9
21
11
18
24
11
6
7
21
21
14
19
20
11
19
11
32
21
31
32
26
20
16
13
24
30
24
28
4
20
18
23
17
10
13
9
17
26
21
20
33
45
44
31
31
26
7
15
14
27
6
21
31
14
20
34
31
20
32
7
31
21
15
10
10
20
10
10
19
24
9
9
24
12
26
10
-2
1
2
18
-3
17
2
5
6
-9
-3
2
-5
1
-9
6
29
15
9
15
16
6
7
32
20
7
9
-3
14
23
13
13
12
12
9
8
1
-7
10
-9
1
1
10
6
-7
-1
-7
4
-5
-18
-14
3
15
5
9
12
1
22
0
2
14
11
11
11
19
12
4
0
-8
7
4
-10
-15
-15
-16
-12
-9
-22
-4
-27
-15
-10
-13
-10
-3
-15
-13
-13
-21
5
15
-1
-11
-9
-1
9
11
11
-13
-1
0
-19
-12
-18
0
-11
-1
-19
-11
-1
-5
8
2
11
14
2
8
8
0
12
14
16
8
8
0
-6
10
4
3
12
8
8
13
11
14
8
7
15
6
17
30
14
14
20
11
25
20
21
28
9
17
15
12
6
15
2
14
10
14
10
20
23
15
11
4
14
19
25
-6
0
10
12
-5
0
8
13
22
25
27
22
32
26
35
36
27
33
42
29
36
22
30
36
14
37
35
25
39
38
46
52
36
36
38
42
26
35
34
40
32
30
33
44
39
42
29
34
36
39
29
23
24
34
41
29
42
33
38
34
28
33
29
17
8
1
3
24
17
19
21
1
15
10
9
17
13
29
25
26
21
28
23
33
33
41
43
37
52
26
44
52
48
34
29
36
36
49
44
44
29
32
30
34
35
36
57
45
38
40
44
48
44
44
31
43
40
43
48
32
27
33
27
38
26
22
28
21
16
38
38
19
18
27
33
45
33
30
59
42
45
44
42
41
40
32
31
25
27
31
34
50
45
46
38
30
35
20
26
33
27
45
36
21
29
33
41
27
13
18
29
22
17
29
13
21
18
13
17
-6
7
-2
11
3
11
6
-3
21
16
26
15
16
17
13
27
16
16
22
12
8
-4
7
18
21
26
20
19
18
33
14
26
22
24
26
26
15
15
8
16
25
-7
26
25
12
26
15
24
31
28
18
16
35
25
39
24
25
39
36
35
37
49
43
23
27
19
5
16
27
24
15
25
32
19
24
17
16
6
6
23
13
10
16
35
33
43
40
37
52
38
22
50
44
55
51
47
59
48
40
37
37
55
58
59
61
47
43
35
42
50
48
35
34
40
24
34
42
18
14
22
24
19
26
29
27
24
33
17
2
23
28
11
15
11
16
28
4
20
7
36
23
15
19
12
26
23
51
35
42
47
41
50
47
63
72
44
51
59
52
62
62
58
50
52
69
64
65
70
65
65
61
65
65
77
64
71
76
66
73
77
58
65
61
57
43
59
61
41
54
41
35
35
43
18
25
31
42
44
17
35
18
37
43
33
14
13
32
32
32
35
49
35
42
53
66
56
47
64
59
54
48
62
62
52
50
52
52
65
46
41
50
60
58
50
68
51
57
67
60
62
61
57
62
49
64
64
54
58
33
47
56
53
40
44
42
35
41
36
45
45
44
32
56
41
44
49
46
52
48
48
52
57
51
50
45
57
61
51
58
56
49
64
73
64
68
79
63
79
91
89
63
71
61
66
69
60
67
66
68
45
51
71
63
48
59
60
46
51
61
48
53
57
34
37
39
27
43
20
12
27
26
35
39
44
31
23
29
8
0
16
14
9
30
18
30
16
12
20
21
22
20
17
10
19
20
17
13
4
13
22
13
-4
2
9
10
0
9
22
21
17
16
20
4
11
5
9
25
10
20
2
4
3
-7
4
11
3
11
29
12
8
29
33
13
15
21
11
11
5
14
9
3
12
9
11
9
11
9
16
17
27
15
15
6
14
20
9
19
15
10
20
1
8
24
5
25
15
14
15
8
13
17
15
1
16
14
10
15
-2
-7
-7
2
10
6
0
-2
-6
0
3
-6
-18
-7
13
0
-5
-2
-3
0
-5
14
8
12
9
11
17
23
25
16
35
26
25
30
31
16
24
38
25
15
7
26
27
16
21
17
23
23
34
27
23
13
8
6
15
6
7
11
22
23
0
5
13
6
7
25
4
21
22
9
8
1
21
3
9
21
-2
18
19
18
25
17
19
31
39
24
26
29
30
24
28
38
34
24
20
22
24
23
27
24
31
25
32
37
27
21
40
35
22
28
35
31
40
38
34
54
53
47
61
70
48
44
63
56
36
35
31
35
53
38
50
41
27
34
37
34
20
29
23
17
17
22
24
12
6
4
21
26
32
24
30
25
45
48
36
33
34
33
22
33
29
19
31
35
28
29
30
13
16
6
29
28
16
16
20
31
22
21
22
22
11
29
14
13
21
24
12
19
29
9
10
19
7
9
-2
2
1
15
32
6
12
18
8
0
9
11
11
-3
-14
2
13
3
-6
3
5
10
8
22
5
1
2
-13
3
0
-3
-7
-1
15
6
15
-1
3
8
-4
-3
-6
11
7
4
-2
-4
-4
-5
6
12
1
-1
1
3
-7
5
12
-7
-16
-1
2
16
8
4
2
2
14
8
2
-14
-5
-1
13
2
-8
-10
-10
-5
-24
-3
1
-11
-6
1
-1
-16
13
1
-8
1
8
0
-8
-14
-9
4
-11
-3
-6
0
-4
1
-10
0
3
-12
11
-3
7
11
2
6
7
1
-3
-18
-24
-15
-11
-7
-11
-10
-18
-5
-4
-16
-6
-13
-14
-14
-1
-18
-5
-3
-3
-6
0
-3
-4
-6
-18
-3
-1
-17
0
10
-10
-12
-10
-6
-5
-18
-11
1
0
1
-3
3
-20
-4
-11
-13
-11
-24
-23
-2
-10
-26
-18
-8
-5
-3
-6
4
-1
-4
1
-15
-7
-16
-13
-14
-28
-22
-11
-18
-19
-23
-24
-32
-17
-26
-17
-19
-7
-26
-41
-21
-34
-30
-33
-12
-39
-32
-24
-17
-26
-18
-26
-23
-30
-36
-28
-31
-27
-22
-29
-38
-21
-36
-28
-17
-24
-21
-22
-28
-26
-26
-25
-21
-12
-11
-34
-30
-39
-18
-5
-13
-6
-9
-8
3
-12
-16
-7
-13
5
-13
-8
7
5
18
8
3
-15
-4
-1
-13
-15
-12
-20
-21
-26
-18
-23
-28
-7
-14
-11
-20
-15
-13
-20
-5
-17
-15
-12
-1
1
-16
-7
-11
-13
-12
-9
-17
-14
-17
-17
-21
-12
-11
-33
-28
-17
-20
-24
-15
-17
-27
-12
-17
-26
-34
-20
-6
-30
-21
-10
-13
-2
-13
-27
-11
-8
-13
-10
12
1
3
3
-9
-15
-13
10
-1
1
-5
2
4
-13
-11
-5
1
-5
-4
-23
-15
-23
-3
-29
-9
-7
-37
-3
-7
-32
-23
-8
-11
-30
-16
-2
-11
-10
-24
-19
-3
-1
14
17
-1
3
-10
-20
-9
13
-4
-5
0
7
6
2
-4
-7
-7
3
-1
-9
2
11
1
6
12
19
12
10
17
3
15
30
17
23
20
8
15
23
31
30
18
13
16
14
18
9
24
26
15
21
14
5
3
9
14
4
0
6
-1
5
15
16
20
5
15
20
22
40
15
22
28
53
39
28
33
17
12
-4
7
12
6
5
6
11
0
-7
1
-6
-13
4
-11
5
-20
-6
-8
-8
-1
-9
-9
-17
-15
-22
-16
-6
-5
-25
3
-22
-11
-4
-23
-15
-13
-14
-19
-8
-15
-15
-9
0
-6
15
15
11
7
3
11
-11
-10
2
4
4
5
6
4
17
25
5
4
15
10
35
27
17
16
9
21
22
10
8
19
15
16
23
16
7
12
0
15
9
1
4
-6
0
7
3
-10
4
6
7
-3
-6
-1
-4
-3
-2
-6
-8
-7
-5
9
1
-13
1
0
-5
0
-1
-5
-1
-8
-4
-18
-13
-11
-12
-2
-9
-4
-10
-10
-28
-28
-20
-17
-10
-10
-9
-25
-23
-20
-17
-19
-23
-30
-23
-29
-31
-36
-35
-24
-23
-33
-16
-20
-27
-40
-50
-29
-29
-27
-31
-17
-27
-25
-27
-15
-12
-36
-1
-23
-26
-23
-31
-15
-8
-15
-16
-6
-19
-11
7
3
15
6
-22
-11
-9
-17
-5
-5
-1
-3
-6
-1
4
-3
1
6
2
-20
-22
-16
-29
-24
-15
-2
-13
-15
-24
-30
-28
-11
-15
-17
-8
-4
-7
-14
-11
-3
-24
-20
-13
-22
-2
-31
-15
-11
-22
-2
-10
12
-4
-3
7
-2
-13
-8
-5
-1
-17
-7
0
-7
-3
1
-3
2
-11
-3
5
-10
-1
-10
0
-1
-10
-15
-7
-8
-8
-6
-21
7
3
-8
-7
-37
-19
-29
-33
-15
-16
-27
-16
-24
-39
-27
-30
-39
-46
-34
-37
-35
-24
-30
-20
-22
-26
-27
-20
-36
-44
-26
-27
-12
-25
-17
-31
-20
-24
-15
-17
-14
1
-16
-2
-15
-25
-12
-7
-16
-12
-6
-14
-5
-15
-3
-4
-15
5
-14
-14
-12
-21
-20
-5
8
6
2
-1
4
-4
-4
-7
-1
7
-13
-1
2
7
1
-5
-1
-1
-11
-17
-12
-6
-11
-21
-24
-19
-39
-16
-12
-30
-32
-25
-20
-15
-19
-20
-10
-7
-5
-19
-21
-11
-11
-5
-1
0
-4
-10
-2
-12
-25
-16
-17
-27
-15
-12
-18
-29
-13
-21
-26
-24
-37
-10
-15
-20
-28
-34
-16
-11
-26
-13
-14
-19
-10
-12
-25
-27
-12
-38
-32
-18
-34
-17
-26
-52
-35
-40
-34
-25
-24
-36
-41
-13
-7
-30
-36
-28
-23
-34
-48
-19
-30
-18
-20
-32
-16
-23
-20
-12
-7
-28
-30
-19
-36
-22
-23
-15
-16
-25
-33
-28
-12
-7
-16
-23
-28
-27
-8
-13
-31
-28
-30
-35
-15
-26
-18
-8
-28
-25
-8
-18
-16
-27
-37
-29
-24
-23
-26
-25
-34
-13
-28
-20
-28
-14
-24
-26
-18
-37
-26
-27
-31
-39
-28
-29
-31
-35
-28
-26
-25
-36
-30
-16
-40
-41
-30
-39
-11
-17
-40
-42
-47
-33
-31
-40
-31
-25
-38
-54
-50
-47
-34
-31
-31
-34
-43
-47
-49
-39
-38
-38
-29
-41
-53
-51
-48
-39
-55
-45
-41
-53
-54
-55
-43
-49
-47
-48
-45
-39
-37
-35
-38
-45
-39
-27
-30
-30
-26
-21
-28
-18
-11
-15
-25
-18
-21
-28
-19
-27
-31
-26
-23
-16
-24
-26
-20
-8
-19
-21
-7
-11
-30
-31
-27
-13
-14
-12
-19
-12
-8
-8
-11
-15
-10
-21
-15
-23
-3
-16
-14
-12
-28
-22
-12
-17
-9
-13
-9
-19
-23
-25
-23
-23
-14
-21
-31
-13
-24
-9
-22
-21
-19
-26
-9
-2
-25
-24
-23
-28
-20
-12
-10
-11
-25
-21
-12
-7
-15
-19
-20
-9
-14
-16
-14
-15
-12
3
-4
-2
-1
-22
-12
-20
-10
-22
-10
0
-19
-10
-7
-17
-12
-9
-16
-9
-9
-15
-11
-19
-19
-17
-26
-29
-30
-33
-30
-31
-29
-32
-25
-24
-11
-16
-25
-10
-6
-5
-2
-11
-5
-13
-18
-1
-9
-5
-6
-6
-2
-10
-10
1
-11
-17
-4
-12
-7
5
-6
-10
-4
-2
-7
4
-8
-17
-1
-10
-15
-17
-18
-19
-10
-11
-8
-11
-19
-8
-11
-13
-11
-11
-8
-13
-9
-15
-12
-2
0
-11
-13
-8
-17
-22
-12
-4
-10
-13
-16
-11
-6
-2
1
-17
-4
-6
-6
-4
-15
-6
0
-6
-4
1
-13
-2
-11
-11
-11
-17
-21
-28
-23
-33
-15
-12
-19
-2
-17
-12
-6
0
8
-17
-2
-2
9
-3
-15
8
2
-11
-1
5
-7
-9
-2
-6
-3
-6
5
12
0
-3
1
13
-2
-5
4
-3
11
-1
10
-1
-11
10
15
2
3
-10
-1
0
8
6
17
21
19
7
28
21
16
15
25
23
4
23
24
-3
-5
24
17
11
13
-4
5
13
7
18
8
23
13
0
29
-2
5
-4
7
19
21
14
18
24
12
16
-1
4
15
10
9
7
13
0
-9
-1
3
-12
-9
1
-12
9
-9
-12
-13
-11
-2
3
-11
-3
11
-17
-25
-6
-12
-9
-5
-4
-7
0
-12
-21
2
-10
19
9
3
6
-1
10
13
14
19
22
8
21
25
15
20
21
33
25
27
20
17
19
19
28
34
26
18
27
30
15
12
13
10
-6
16
19
7
10
12
6
5
21
13
16
18
2
7
9
10
3
-3
5
7
-9
5
10
-7
-10
-12
3
-9
14
-4
5
12
3
12
-2
9
9
18
19
10
9
8
15
18
21
29
15
19
13
9
20
23
7
13
10
-5
4
25
9
5
12
19
3
-7
6
-14
7
-5
-8
-22
-6
-5
-19
-7
-6
-1
2
-14
-12
-3
-5
-3
6
12
3
-3
-9
-9
-9
-5
2
6
-8
-1
-3
-17
1
-7
-1
14
7
9
6
8
-3
-2
8
-1
-13
-6
11
5
3
3
2
11
-4
-12
0
0
4
1
-7
17
6
5
15
17
0
11
3
-10
-3
6
-6
-2
-9
-14
1
-1
11
-1
-3
9
7
-11
-5
-2
2
-13
-8
-17
-11
-7
0
18
5
4
0
10
-2
3
5
4
17
11
-4
13
13
11
23
27
17
16
30
25
7
6
28
15
23
14
25
15
24
19
23
25
18
37
22
29
32
27
22
30
32
34
15
32
22
25
21
19
23
26
15
22
18
23
23
30
23
6
9
15
25
9
12
-2
15
8
7
21
25
19
10
29
15
13
17
31
12
21
14
12
22
20
14
6
6
4
20
31
15
10
20
-5
9
16
25
23
16
25
21
25
21
19
32
42
34
28
41
56
38
31
46
42
54
38
38
29
38
41
29
47
41
41
40
46
51
34
40
40
41
45
46
52
44
39
32
40
49
44
19
24
39
22
26
36
28
31
33
17
28
34
20
43
32
32
33
40
29
28
18
6
18
14
35
27
26
31
30
25
18
24
11
7
12
24
12
24
39
30
15
23
46
36
21
12
19
13
17
12
16
8
9
13
3
13
-6
9
2
10
16
9
19
2
33
18
27
20
26
20
6
8
9
19
16
13
9
20
10
40
32
26
36
18
21
30
33
27
28
17
32
33
29
39
21
25
33
22
24
17
19
33
31
42
27
16
21
11
15
19
14
20
20
7
-4
2
0
-14
1
13
-1
6
15
20
1
9
12
-20
-22
-8
-2
-13
-9
-12
-15
-24
-15
-7
-20
-7
-20
-15
-15
-21
-11
10
0
2
-1
-4
-1
12
-8
0
6
-4
1
2
4
-4
-10
-8
-10
-10
3
-6
-9
-6
-15
-19
-3
-14
-17
-12
-13
-8
-9
-2
-14
-17
-22
-5
-21
-6
-10
-31
-24
-20
-13
-12
-14
-23
-18
-15
0
-19
-19
-25
-22
-10
-23
-10
-21
-11
1
-36
-22
-14
2
-8
-4
-7
-6
2
6
-5
-11
1
-17
-10
-4
-3
-3
-17
-2
-7
-14
-3
-8
5
-11
1
1
-6
