-11
-16
-12
-17
-20
3
-22
-9
-7
-4
7
-4
-8
-17
1
10
8
-2
4
-9
4
8
-10
5
2
-3
1
-17
-2
-4
-9
5
-9
5
13
12
4
5
12
0
-8
9
-7
-8
-4
-11
-14
-13
-9
-22
-33
-20
-17
-26
-45
-38
-34
-41
-26
-27
-38
-23
-35
-49
-30
-32
-42
-37
-48
-41
-26
-38
-39
-48
-50
-51
-42
-62
-48
-56
-43
-46
-45
-38
-38
-46
-35
-27
-34
-24
-35
-38
-51
-31
-20
-28
-27
-47
-33
-37
-41
-37
-32
-31
-38
-28
-33
-33
-28
-33
-31
-24
-32
-29
-11
-19
-19
-26
-9
-15
-10
0
-17
-11
-32
-28
-30
-27
-23
-24
-16
-24
-22
-30
-13
-25
-39
-28
-32
-31
-23
-23
-25
-25
-21
-20
-24
-40
-36
-53
-41
-31
-34
-47
-51
-31
-51
-39
-28
-38
-31
-35
-33
-38
-32
-35
-36
-25
-48
-26
-21
-35
-33
-23
-34
-36
-21
-22
-24
-32
-31
-33
-33
-21
-22
-28
-16
-21
-27
-19
-16
-19
-22
-15
-23
-20
-26
-23
-16
-35
-26
-16
-23
-31
-27
-33
-18
-23
-26
-18
-25
3
-6
-9
-15
-4
-9
-20
-24
-39
-19
-19
-18
-27
-24
-41
-17
-22
-20
-35
-29
-28
-38
-37
-37
-17
-42
-30
-18
-8
-21
-37
-13
-19
-12
-10
-22
-9
-6
-5
-12
-9
-14
-20
-8
-5
0
-11
-31
-6
-14
-12
-23
-27
-25
-26
-28
-18
-12
-21
-7
-18
-17
-18
-20
-19
-14
-14
-24
-28
-24
-29
-29
-7
-12
-27
-17
-9
-15
-23
-27
-7
-10
-19
-22
-31
-21
-11
-22
-34
-37
-31
-39
-41
-28
-26
-25
-36
-23
-20
-31
-32
-39
-51
-36
-13
-23
-44
-50
-45
-61
-41
-39
-49
-50
-56
-45
-46
-36
-28
-38
-29
-31
-40
-38
-33
-32
-35
-45
-45
-39
-20
-44
-46
-51
-56
-58
-68
-54
-57
-56
-52
-46
-43
-44
-40
-51
-42
-37
-46
-49
-47
-38
-43
-35
-43
-42
-41
-39
-32
-49
-51
-42
-35
-39
-32
-32
-56
-63
-51
-62
-65
-54
-57
-45
-29
-30
-22
-36
-32
-17
-26
-18
-24
-28
-11
-14
-15
3
10
1
-8
-12
-7
-15
-19
-12
-8
4
4
11
-14
-12
8
9
-2
5
8
7
6
-5
6
-4
-2
-14
2
-9
-3
5
-18
-11
-21
-31
-27
-19
-19
-26
-12
-13
-29
-23
-16
-12
-22
-22
-18
-12
-11
-13
-14
-28
-31
-23
-30
-34
-28
-27
-29
-33
-34
-23
-15
-34
-24
-13
-18
-23
-21
-14
-25
-15
-27
-21
-9
-15
10
24
15
-2
7
6
-10
-19
-20
-10
-13
-21
-13
0
-21
-26
-10
-3
-7
-11
-1
-11
-9
-22
-7
6
-7
5
-2
-8
-2
-12
-14
-1
-4
-7
1
10
-2
-9
-20
-21
-17
-23
-18
-4
-8
2
-16
-12
2
-13
-1
-3
0
-8
4
-5
10
12
5
2
4
-2
-7
6
-17
-17
-23
-15
-17
-21
-8
-14
-19
-30
-9
-23
-7
-5
-16
1
-1
-1
9
9
-2
7
-4
8
-11
6
-21
-16
4
-7
-1
-1
15
5
1
2
-7
-4
-2
-3
6
8
1
-5
-2
-11
3
-4
-3
2
-7
-4
4
11
-1
4
-7
1
-2
1
16
-11
1
6
11
-3
1
9
16
-11
12
14
-7
-8
-25
-3
7
-7
-31
-1
-2
-4
-7
8
-1
-12
-19
-8
-10
-19
-2
-14
-4
-2
-3
0
-5
-3
-10
-6
-13
-9
-16
-17
-5
-21
-20
-27
-7
-15
-21
-21
-25
-23
-24
-24
-16
-23
-26
-23
-27
-25
-24
0
-11
6
-7
-16
-13
-21
-17
-26
-27
-10
-12
-21
-14
-10
5
9
-11
-2
14
9
2
5
3
-6
-6
-5
-4
-8
4
7
-7
-7
7
-5
-4
-3
10
2
1
2
4
7
-15
-13
-24
-7
-7
-10
10
8
9
8
1
-8
-10
-16
-19
-12
-19
-6
-17
-19
-14
-3
-3
-17
-5
-16
-21
-16
-1
-10
-8
-26
-17
-31
-27
-12
-24
-17
-28
-45
-42
-25
-31
-35
-33
-23
-33
-14
-28
-20
-9
-3
2
-12
-19
-16
-14
-15
-20
-18
-15
-17
-20
-24
-21
1
2
-1
-9
-22
6
-6
-5
-5
21
19
8
21
14
18
25
25
17
19
23
17
10
20
10
22
16
-2
12
22
17
26
36
24
17
25
17
13
14
12
24
14
12
23
6
16
37
31
8
15
10
10
8
0
-5
-11
15
24
11
6
15
20
-2
7
15
16
16
16
20
14
19
19
14
17
8
13
25
14
23
22
25
11
16
21
26
18
3
5
10
9
6
20
24
31
23
24
26
14
12
17
22
35
21
33
29
20
29
32
36
29
32
35
39
43
47
59
44
47
27
32
45
36
36
34
38
37
35
46
47
42
35
27
26
28
42
38
31
38
39
24
39
37
31
33
31
24
31
36
34
22
26
11
18
24
33
34
24
21
30
12
0
17
22
28
39
30
24
29
23
25
35
33
29
53
45
56
40
35
21
26
36
34
30
38
35
38
29
19
32
25
26
13
15
26
18
30
25
27
33
17
31
34
34
35
40
29
40
47
30
39
29
24
23
21
15
17
26
28
39
14
25
25
33
22
24
24
5
28
11
20
33
17
17
11
15
11
5
14
10
7
17
14
9
24
18
4
12
9
7
-3
-1
7
-9
-9
-21
-18
0
6
-8
-10
-15
-13
-20
-18
-7
-31
-5
-10
-21
-28
-17
-22
-12
-17
-24
-17
-23
8
3
0
6
0
-1
-5
-5
7
12
2
16
17
26
6
1
4
-3
-2
13
22
7
2
2
5
23
22
21
28
32
33
35
25
26
25
10
29
26
33
22
19
26
32
21
27
33
33
34
31
36
33
22
32
22
23
19
12
8
9
19
-5
14
18
14
14
7
14
16
3
18
22
21
26
19
18
12
31
23
27
13
19
21
27
27
17
20
16
24
27
12
8
26
25
25
28
28
30
29
22
14
23
24
24
16
19
36
25
29
18
22
40
24
27
46
32
28
25
17
19
13
19
17
27
28
18
19
27
14
20
24
23
24
25
33
40
34
32
29
25
19
14
23
11
28
24
28
39
26
36
20
26
15
6
18
26
32
27
32
27
42
32
19
41
27
32
38
13
30
41
33
32
19
19
28
36
37
29
39
40
48
45
24
39
49
44
38
37
29
54
49
54
53
61
46
56
61
45
44
61
40
43
55
42
57
47
54
60
40
39
35
46
34
34
52
41
50
48
37
31
29
40
50
34
35
46
43
38
41
28
28
23
25
41
29
39
43
48
44
62
53
56
48
34
37
24
37
37
42
41
37
31
35
33
45
47
34
59
40
61
73
55
53
59
53
38
49
35
49
57
49
43
50
52
66
55
38
38
30
46
35
42
56
34
25
2
26
24
37
34
33
50
47
43
35
49
29
38
53
55
57
76
54
59
56
37
63
65
55
47
43
37
38
44
49
53
31
47
47
47
52
35
34
27
37
29
33
30
25
23
21
13
27
48
30
35
37
43
55
55
54
51
30
21
29
36
39
39
34
35
39
37
44
42
38
50
32
36
32
45
64
41
38
43
47
43
35
17
22
22
33
29
42
39
30
24
28
19
9
22
23
15
27
11
19
32
24
33
45
44
31
26
32
35
34
29
33
39
20
50
53
34
34
38
35
34
43
48
57
43
44
61
69
64
48
46
33
45
42
50
51
65
54
44
48
34
43
39
35
31
38
26
30
28
34
39
18
26
38
35
26
24
19
28
21
27
30
23
30
18
34
27
17
15
15
2
13
11
29
14
7
26
6
27
32
34
30
23
15
35
32
44
44
26
34
42
29
23
24
30
38
20
24
28
29
42
34
36
30
25
22
27
15
15
38
34
29
29
37
33
31
38
29
31
28
36
41
29
37
32
17
30
26
22
36
34
27
24
21
8
37
35
29
22
15
23
28
25
17
2
11
21
9
13
16
27
9
30
25
10
24
23
11
8
18
21
25
29
31
40
41
20
27
42
45
42
30
29
39
40
47
48
36
35
40
43
50
43
44
25
26
38
20
22
28
29
27
24
48
36
32
32
30
35
29
20
13
20
26
25
11
-7
9
31
12
31
18
26
22
3
21
8
8
15
24
16
3
17
31
16
24
20
36
39
42
30
29
25
27
15
6
15
24
13
16
33
6
14
23
25
17
6
1
17
29
16
29
28
20
14
40
28
15
28
19
35
20
33
42
31
20
17
21
24
21
26
21
21
29
34
15
20
26
41
10
19
31
10
12
19
28
11
20
12
13
22
9
3
22
12
6
13
25
38
28
16
13
16
8
-3
10
11
10
12
13
9
6
-9
0
0
23
11
6
18
6
11
4
-6
-4
1
12
7
-4
13
5
-5
7
1
14
-9
15
-6
-6
-11
-17
4
-2
-24
-9
10
-9
2
-8
10
9
-1
2
3
-9
-11
-2
-7
-13
-6
-7
-8
2
7
1
0
17
2
-6
10
13
8
12
10
13
21
9
26
26
14
16
12
8
11
17
1
14
20
-3
17
29
0
11
10
10
13
10
15
17
5
1
14
3
19
-1
-14
-4
-3
21
22
27
24
17
31
18
12
17
14
8
28
28
14
16
20
23
12
17
9
28
13
13
21
25
16
6
3
-10
2
15
4
5
12
5
6
-10
-4
-1
0
-4
2
-24
-13
-5
-15
-8
-3
-13
-17
9
-11
-12
-15
-6
-13
-10
-17
-15
-11
-13
-4
-11
8
7
6
5
4
-8
1
7
-7
11
1
0
7
17
19
7
26
11
-1
7
-1
-5
-13
-2
6
-5
-2
-3
-19
-17
10
-6
-13
-11
-19
-12
-32
-23
-30
-23
-27
-22
-6
-24
-36
-30
-11
-23
-16
-20
-15
-12
-16
-7
-22
-21
-14
-28
-31
-29
-25
-29
-19
-16
-20
-16
-25
-21
-3
-15
-5
-21
-29
-14
-24
-24
-38
-26
-28
-31
-16
-13
-24
-18
-19
-14
-13
-40
-11
-20
-33
-27
-17
-12
-8
-4
-12
-14
-10
-9
-42
-22
-21
-16
-23
-25
-23
-35
-22
-17
-32
-29
-13
-10
-8
-6
5
-11
-4
-23
-13
-23
-21
-12
-17
-12
-27
-17
-34
-11
-13
-35
-37
-42
-12
-21
-18
-13
-23
-12
-22
-20
-28
-16
-29
-32
-15
-10
-6
-20
-13
-22
-14
-19
-34
-29
-23
-20
-17
-10
-8
-6
-8
-9
-26
2
-12
-17
-13
-5
1
-16
4
0
-25
-22
-12
-11
-11
-6
-11
-24
-18
-17
-12
-13
-30
-4
-28
-25
-10
-10
-16
-13
-12
-17
-9
-19
-8
-5
5
-9
-10
-13
-9
0
-14
-3
3
3
-10
10
5
4
-3
-17
-7
-3
-11
-16
-12
-18
-6
-13
-9
-12
-10
-4
-22
-25
-30
-22
-24
-13
-14
-18
-20
-32
-22
-12
-8
-18
-24
-29
-27
-9
-26
-32
-20
-32
-39
-33
-26
-23
-28
-25
-26
-26
-30
-23
-32
-37
-37
-31
-30
-23
-30
-15
-18
-28
4
-4
-10
-16
-37
-37
-24
-21
0
-13
-14
-15
-37
-31
-9
-12
-13
-7
-10
-14
-19
-20
-28
-6
-7
-23
-48
-28
-36
-13
-2
-2
-15
-29
-19
-38
-27
-24
-19
-22
-26
-16
-19
-19
-21
-34
-20
-15
-26
-33
-31
-16
-18
-21
-25
-20
-18
-25
-13
-21
-29
-30
-29
-19
-32
-39
-48
-37
-30
-28
-42
-33
-29
-36
-30
-22
-24
-24
-21
-34
-29
-29
-44
-38
-13
-27
-11
-22
-31
-20
-32
-18
-27
-25
-21
-25
-23
-31
-27
-33
-12
-15
-19
-19
-9
-12
-22
-14
-14
-6
-14
2
-5
-2
-8
-2
1
-4
4
7
6
-7
-5
-6
-3
4
17
2
2
13
6
18
19
9
10
25
13
12
22
5
20
1
11
9
11
2
-10
8
-6
-1
5
12
9
22
-3
-7
5
19
13
-5
14
0
15
18
11
9
13
12
22
28
12
9
13
6
13
16
4
23
9
10
18
26
14
36
32
9
9
7
19
11
30
20
18
16
14
8
12
7
-5
5
-7
-6
-2
14
11
-8
10
-5
2
8
11
19
17
12
7
13
21
34
9
8
-7
-5
6
-17
4
-3
-12
6
3
-5
-15
-8
-5
-17
-7
-16
-15
9
11
13
8
12
21
-4
-8
5
-6
21
6
-5
9
1
-7
-13
-7
7
-9
-19
-17
-12
-15
-27
-23
-18
-25
-2
-12
-13
-8
-18
-4
-1
-13
-18
-28
-25
-18
-26
-20
-23
-18
-28
-27
-31
-27
-37
-34
-37
-31
-19
-27
-34
-31
-29
-33
-25
-44
-30
-36
-35
-31
-40
-28
-46
-43
-28
-23
-30
-33
-24
-13
-16
-15
-33
-41
-19
-26
-43
-22
-28
-29
-14
-26
-42
-41
-36
-43
-43
-34
-42
-38
-25
-36
-27
-36
-34
-33
-45
-48
-60
-54
-46
-48
-60
-51
-42
-55
-37
-39
-42
-48
-52
-34
-40
-52
-42
-41
-44
-32
-32
-46
-59
-52
-51
-41
-43
-60
-51
-52
-51
-63
-57
-43
-59
-76
-71
-74
-71
-61
-63
-58
-73
-69
-46
-70
-72
-53
-62
-68
-69
-60
-53
-48
-61
-65
-72
-65
-66
-65
-72
-70
-61
-71
-61
-72
-57
-70
-59
-49
-66
-55
-61
-56
-55
-64
-56
-54
-60
-59
-52
-45
-55
-58
-36
-52
-41
-43
-30
-25
-35
-18
-16
-40
-23
-18
-14
-10
-20
-22
-13
-29
-25
-28
-27
-34
-18
-31
-26
-16
-18
-17
-12
-6
-7
-22
-16
-11
-30
-11
-16
-10
-7
-6
-6
-16
-14
-16
0
-12
3
-6
-24
-13
-18
-4
-9
-12
-3
-18
-18
-9
-7
-7
-14
15
-5
4
-13
-16
-8
-4
-10
-21
-6
-9
-6
-4
-4
-6
2
-14
-5
6
-10
-9
-2
-3
7
2
7
-4
2
0
3
4
-9
1
5
-1
14
-7
1
-1
-8
-9
-10
12
-19
-3
-7
-12
-26
-4
-10
-17
-10
-3
-1
-16
-8
-22
-13
-7
9
1
-26
-11
-7
-12
-12
-9
-12
-3
-11
-14
-16
-15
-6
-15
-23
-34
-4
-15
-26
-16
-15
-17
-33
-37
-36
-44
-33
-31
-30
-24
-51
-31
-33
-26
-33
-34
-34
-31
-40
-49
-36
-56
-38
-33
-35
-30
-27
-32
-37
-49
-46
-35
-46
-45
-47
-40
-26
-29
-38
-46
-33
-38
-43
-39
-31
-31
-37
-26
-22
-9
-24
-30
-27
-32
-44
-35
-12
-29
-15
-23
-31
-30
-38
-33
-45
-48
-47
-50
-28
-33
-30
-29
-27
-27
-19
-20
-22
-22
-21
-36
-24
-13
-29
-16
-2
-13
-8
-22
-38
-33
-57
-27
-28
-32
-27
-32
-26
-30
-41
-29
-43
-36
-47
-36
-7
-17
-15
-26
-21
-27
-26
-32
-20
-37
-52
-18
-22
-41
-34
-14
-40
-32
-36
-28
-27
-51
-32
-38
-18
-30
-32
-32
-37
-29
-29
-26
-45
-35
-36
-27
-34
-47
-42
-41
-42
-38
-35
-36
-39
-53
-36
-36
-39
-37
-47
-37
-35
-53
-42
-40
-38
-37
-35
-32
-37
-27
-32
-30
-31
-25
-28
-43
-38
-37
-11
-27
-22
-13
-25
-35
-32
-21
-25
-13
-17
-29
-24
-12
-16
-25
-16
-11
-3
-25
-2
-24
-25
-33
-28
-15
-33
-16
-30
-31
-40
-39
-44
-42
-32
-36
-36
-32
-32
-31
-47
-31
-15
-18
-19
-32
-25
-31
-15
-16
-20
-19
-28
-14
-19
-21
-31
-1
-20
-28
-31
-34
-18
-30
-15
-21
-25
-19
-13
1
-6
-4
-1
-19
-11
-13
-12
-7
-12
-22
-17
-5
-17
-13
-6
-11
-15
-20
2
-9
-15
1
-1
-5
-1
5
-10
-6
4
-5
-1
-5
2
-5
6
-2
-9
17
-2
-7
-8
4
0
0
5
-13
-5
3
-11
6
-7
-11
-5
-2
-2
7
12
11
11
-2
18
5
6
4
-3
12
4
4
15
19
1
-1
8
6
-9
-10
-6
-8
-10
4
-1
-1
19
1
2
-11
-14
-11
-28
-16
-18
-15
-2
-1
0
-1
-19
-8
4
-7
1
-2
-15
-16
-15
-9
-8
-8
-21
-16
-14
-15
-4
-7
-17
3
-6
-9
-18
-17
0
-20
-24
-18
-5
-11
-22
-6
-20
-16
-15
-25
-5
-35
-50
-34
-31
-31
-33
-40
-47
-47
-50
-39
-36
-38
-32
-48
-53
-42
-27
-39
-38
-45
-28
-29
-35
-10
-23
-26
-16
-30
-42
-34
-28
-44
-41
-31
-42
-40
-34
-28
-29
-29
-41
-33
-21
-32
-40
-41
-38
-32
-44
-47
-40
-37
-52
-56
-56
-55
-55
-41
-48
-53
-42
-68
-38
-35
-46
-44
-49
-47
-46
-50
-37
-53
-53
-58
-70
-50
-64
-53
-51
-42
-56
-54
-44
-46
-69
-78
-60
-72
-68
-61
-81
-65
-49
-75
-68
-70
-66
-59
-67
-63
-42
-58
-53
-56
-60
-63
-82
-72
-74
-56
-56
-60
-66
-70
-79
-61
-73
-53
-55
-59
-63
-49
-49
-71
-62
-70
-56
-52
-46
-62
-68
-52
-60
-38
-46
-64
-49
-60
-61
-52
-45
-52
-55
-58
-61
-57
-49
-41
-39
-47
-45
-47
-59
-38
-37
-38
-44
-39
-39
-56
-48
-37
-41
-38
-36
-49
-49
-43
-37
-29
-18
-28
-37
-14
-34
-25
-30
-27
-26
-39
-31
-41
-33
-25
-31
-26
-25
-26
-26
-39
-26
-20
-26
-27
-19
-27
-25
-21
-28
-24
-32
-46
-31
-30
-28
-24
-30
-34
-31
-21
-23
-21
-23
-15
-30
-11
-10
-14
-30
-28
-27
-33
-20
-27
-29
-31
-26
-26
-19
-30
-39
-28
-26
-39
-33
-10
-32
-27
-33
-35
-37
-30
-26
-40
-41
-26
-11
-22
-14
-22
-27
-22
-39
-34
-11
-27
-19
-12
-24
-28
-33
-34
-26
-33
-28
-35
-43
-31
-39
-16
-9
-8
-19
-9
-7
-30
-14
-14
-23
-6
-36
-32
-27
-30
-8
-21
-20
-18
-16
-25
-27
-19
-19
-30
-13
-13
-20
-9
-20
-9
-16
-19
-9
5
-8
-23
-11
-22
-18
-34
-14
-19
-27
-12
-4
5
-20
6
-2
-4
9
11
2
-17
-17
-10
-7
-10
-12
-5
-8
5
21
-1
10
-3
-15
-3
-20
-18
0
-14
-13
-6
-2
-1
-7
6
-16
-7
11
-2
-4
-12
-13
-27
-2
-16
-12
-20
-32
-20
-37
-34
-23
-24
-28
-8
-29
-28
-35
-47
-29
-30
-45
-39
-45
-35
-24
-39
-51
-45
-34
-48
-40
-34
-63
-50
-55
-51
-47
-38
-46
-57
-45
-42
-43
-33
-44
-58
-58
-64
-44
-62
-41
-36
-64
-62
-64
-46
-50
-33
-40
-37
-59
-56
-59
-51
-45
-66
-51
-54
-57
-43
-45
-39
-60
-55
-48
-74
-58
-50
-50
-55
-47
-45
-53
-49
-41
-51
-46
-46
-58
-41
-35
-34
-46
-54
-51
-48
-47
-60
-48
-45
-52
-54
-53
-37
-57
-63
-52
-62
-46
-40
-49
-36
-35
-38
-32
-68
-50
-50
-40
-23
-28
-41
-44
-29
-52
-33
-47
-56
-35
-50
-55
-39
-57
-34
-28
-41
-41
-31
-20
-44
-48
-34
-41
-50
-45
-53
-42
-52
-48
-56
-46
-52
-46
-62
-73
-47
-40
-49
-51
-47
-41
-51
-52
-54
-57
-58
-59
-44
-36
-30
-52
-51
-37
-36
-38
-43
-39
-29
-35
-31
-23
-21
-13
-31
-41
-38
-21
-36
-32
-17
-22
-47
-39
-25
-37
-28
-25
-16
-28
-31
-30
-28
-18
-26
-12
-21
-33
-30
-28
-32
-23
-22
-16
-15
-19
-8
-11
-10
-5
-2
-5
6
5
-17
-15
-7
-11
-5
13
-1
-13
-8
-9
-11
-7
-13
-1
0
-13
-5
0
-3
5
5
-8
-3
-1
8
8
4
0
-10
-13
-5
-7
-24
-8
-24
-21
-10
-8
-13
-25
-23
-13
-4
-17
-18
-10
-16
-12
-14
-13
6
-8
-29
-13
-1
3
-22
-16
-4
-7
-7
-9
8
4
12
-9
0
10
-14
-16
4
-8
-22
-5
-11
-3
16
-1
4
1
-3
1
-5
1
-16
-5
-2
5
-2
0
-10
-25
-4
-10
2
-4
-11
-8
-5
-4
-17
-14
-10
-9
-12
-4
-8
-8
-14
0
13
-6
-10
-1
-4
-4
-6
-13
-15
0
-22
-17
-19
-21
-16
-24
-25
-32
-31
-35
-41
-41
-41
-24
-13
-27
-20
-21
-36
-29
-21
-18
-24
-18
-14
-23
-13
-19
-12
-16
-34
-20
-15
1
-22
-23
-30
-34
-23
-32
-23
-40
-42
-42
-39
-29
-43
-31
-34
-39
-32
-39
-35
-41
-53
-31
-44
-43
-45
-34
-42
-37
-45
-51
-39
-45
-37
-42
-20
-24
-45
-38
-35
-45
-39
-45
-43
-32
-26
-32
-42
-42
-53
-45
-50
-47
-40
-43
-37
-38
-37
-49
-35
-45
-35
-21
-25
-22
-22
-38
-30
-43
-33
-31
-37
-45
-57
-45
-50
-45
-44
-17
-36
-46
-37
-39
-36
-49
-46
-38
-24
-31
-40
-57
-30
-23
-35
-38
-38
-20
-8
-9
-22
-23
-14
-23
-25
-20
-23
-35
-33
-23
-23
-31
-37
-37
-38
-41
-35
-25
-29
-34
-41
-41
-34
-36
-37
-35
-50
-48
-43
-34
-45
-35
-21
-39
-26
-41
-20
-27
-48
-54
-44
-39
-43
-46
-52
-28
-30
-30
-32
-47
-51
-46
-39
-40
-35
-50
-39
-34
-38
-38
-52
-42
-27
-44
-38
-32
-38
-36
-48
-34
-26
-39
-38
-31
-23
-17
-18
-29
-35
-18
-26
-38
-21
-20
-20
-6
-16
-12
-10
-14
-5
-18
-11
-6
-7
-9
-9
-1
-16
-15
-5
-11
-22
-34
-12
-5
-2
-15
-5
-12
-5
6
-9
-19
0
-1
-5
4
-15
3
17
8
-15
-8
3
6
3
-16
-26
-9
-6
-1
-9
-3
6
7
6
-4
12
0
0
-18
-15
-2
-4
-8
-10
6
-5
7
-17
-16
-4
-27
-34
-30
-21
-39
-23
-19
-2
-16
-25
-20
-33
-8
-15
-12
-16
-6
-13
-8
-8
-6
-9
-1
-1
-18
-6
-2
-10
-15
-20
-9
1
-17
-6
-1
-4
-4
-15
-1
-2
2
-1
-4
11
5
-5
-7
7
-8
-16
-11
-5
-5
-3
12
-3
1
-10
-11
-9
-9
0
-14
-19
-5
-6
-17
-16
-21
-16
-14
-8
-13
-18
-22
-14
2
-11
-21
-16
-40
-37
-25
-22
-23
-15
-21
-27
-16
-29
-45
-26
-35
-24
-33
-28
-16
-24
-11
-28
-32
-18
-27
-22
-11
-34
-29
-23
-32
-22
-28
-36
-16
-29
-33
-36
-31
-31
-29
-28
-40
-24
-22
1
-5
-29
-17
-17
-17
-15
-6
-10
-16
-19
-13
-8
-8
-11
-11
-5
-12
-19
-12
-28
-4
4
-17
-15
-11
-11
-24
-17
-27
-35
-26
-21
-18
-20
-26
-17
-39
-30
-12
-15
-14
-32
-35
-33
-15
-36
-36
-18
-15
-24
-24
-19
-17
-7
-8
0
-15
-2
-15
-12
-17
-14
-23
-14
-19
-22
-11
-18
-21
-10
-12
-34
-34
-25
-13
-16
-19
-16
-20
-17
-16
-21
-13
-15
-23
-14
-14
-15
-15
-8
-10
-10
5
-6
-13
-5
-14
-14
-2
-8
6
9
6
1
-12
-8
-9
-7
-13
-18
-23
-7
7
5
0
8
-14
-3
-1
3
5
-5
0
-5
-6
0
9
-7
-9
-1
3
-8
-9
6
-9
-3
-2
-7
-8
-11
-21
-15
-2
4
5
6
20
18
2
5
4
15
20
32
27
17
23
26
35
6
19
20
21
38
36
22
19
29
29
45
34
28
30
24
49
51
44
45
44
36
26
44
31
31
37
44
37
46
28
37
40
34
56
32
40
47
36
37
34
40
39
41
43
44
40
41
49
35
44
37
48
37
54
56
24
42
20
26
49
53
40
42
50
34
23
21
39
21
27
31
28
27
20
27
21
24
13
17
24
32
35
54
44
34
32
32
37
32
29
23
28
33
38
22
32
26
32
37
25
23
36
36
24
15
18
24
14
18
26
40
24
12
1
17
12
7
16
3
-2
3
17
13
22
20
10
16
30
13
8
6
4
21
16
21
17
21
25
18
10
5
12
12
-1
7
10
2
13
22
13
4
15
25
15
24
15
9
15
24
11
6
23
26
2
18
12
7
10
5
6
13
-1
-6
-3
-2
-2
-20
-6
-15
3
3
-14
3
3
12
16
14
24
19
11
13
14
15
22
9
1
7
-2
5
19
11
14
7
8
7
30
15
-2
13
2
-2
-2
4
-8
16
6
0
18
3
4
6
3
13
2
0
0
-2
21
13
13
11
2
19
-1
-3
4
-2
12
6
9
6
14
19
0
-6
-4
4
0
-3
-6
-10
2
-2
-2
4
22
12
-7
-3
4
-14
2
10
3
16
14
17
27
13
8
16
2
7
11
2
7
8
6
19
18
1
4
15
-1
6
7
-13
0
14
7
8
6
-6
-10
-5
-10
6
8
-3
-3
-20
11
-4
-10
6
1
-1
1
2
-4
-7
-17
-10
-12
-7
-21
-9
-14
-11
-5
-11
-11
3
-3
-8
6
-7
-8
-21
2
0
-9
-4
-2
13
-5
5
10
17
14
3
4
5
15
14
15
15
18
5
2
7
16
11
2
9
13
18
16
18
25
16
33
46
39
27
14
15
26
35
44
29
22
29
19
34
18
4
10
1
7
15
10
16
13
3
8
5
-8
1
-4
-5
4
6
11
7
4
-3
14
2
5
14
7
11
13
28
16
2
16
18
16
12
12
23
18
12
6
15
22
4
17
17
11
17
15
12
19
12
5
15
19
19
25
16
24
11
3
15
11
7
21
20
11
28
25
33
27
21
26
35
37
22
33
22
17
23
17
35
4
30
28
23
35
21
19
16
13
2
21
8
7
9
8
7
-6
6
6
-5
7
13
7
6
-1
2
7
13
7
3
-1
0
25
8
7
10
15
14
12
4
0
8
9
18
14
4
11
21
4
2
-9
-3
-4
1
10
-4
6
4
-11
-4
-2
10
2
-2
-8
-17
-8
-5
-7
-1
-21
0
8
-1
8
8
19
-1
11
14
21
10
9
12
28
27
2
21
22
19
36
26
16
10
17
23
10
18
10
-3
17
15
1
24
12
4
19
17
29
23
17
16
20
16
11
0
14
25
21
17
20
27
36
31
16
6
19
27
9
12
11
2
5
12
4
2
0
4
3
-1
-3
-9
-11
-22
-8
-3
0
0
-17
-33
-15
-16
-23
-7
-15
-7
1
10
3
11
-3
-6
21
18
0
5
6
-6
0
6
-6
-5
-7
-10
-1
-8
-2
-5
-1
3
-7
8
-9
11
18
13
19
-3
2
13
10
1
1
6
4
16
12
16
-4
8
18
16
0
-12
15
-7
1
6
-4
-3
-5
-21
-8
-11
-15
-20
-26
-47
-31
-33
-45
-35
-42
-50
-44
-47
-28
-23
-33
-33
-55
-47
-31
-16
-30
-40
-43
-28
-36
-36
-20
-39
-40
-45
-38
-24
-35
-41
-36
-28
-36
-28
-22
-31
-36
-31
-34
-29
-26
-19
-12
-16
-19
-21
-28
-25
-26
-23
-20
-23
-13
-8
-17
-17
-30
-33
-19
-26
-15
-11
1
-12
-22
-6
-12
-12
-9
-16
-18
-13
-6
3
-8
-1
-2
-4
17
11
6
1
9
7
12
14
15
12
6
12
5
13
10
-5
7
9
1
-3
6
0
9
14
16
5
13
18
19
29
30
31
33
38
33
22
23
32
34
26
46
45
45
57
42
63
76
65
60
44
45
56
51
55
42
40
41
33
30
38
49
36
47
48
54
49
33
49
41
54
53
63
54
38
52
46
58
68
70
56
48
56
73
73
69
84
82
70
64
60
61
64
54
45
55
67
49
71
69
70
67
51
57
47
59
60
64
67
71
65
51
62
56
54
56
48
30
57
56
34
35
48
51
53
45
52
52
53
71
51
55
64
66
60
36
51
59
49
64
68
75
56
43
60
64
67
69
58
62
72
69
70
62
59
75
77
75
87
92
80
74
68
82
79
66
89
80
85
69
66
71
69
62
63
80
66
50
63
56
59
58
55
66
56
61
61
70
77
73
64
66
59
41
56
40
48
49
42
43
42
54
52
55
57
42
45
39
47
64
44
41
38
31
55
46
38
44
25
22
25
40
25
28
36
32
40
34
33
38
41
46
39
28
44
37
43
42
49
38
44
31
43
62
38
60
56
54
46
51
41
32
46
55
39
37
50
47
38
47
63
41
52
56
71
65
49
50
51
79
64
52
55
54
47
54
52
46
61
50
50
61
54
58
62
56
60
64
67
76
70
61
70
54
58
48
45
64
65
57
58
72
55
59
53
49
48
62
55
47
51
47
45
59
55
52
39
41
41
44
44
49
58
50
49
37
54
40
45
38
28
47
55
43
62
70
59
85
57
73
67
53
69
71
81
65
63
69
57
64
67
79
63
61
75
67
78
78
82
71
86
78
77
72
71
80
71
72
79
77
57
61
52
56
51
69
64
61
67
56
54
63
52
66
81
65
74
80
74
71
78
72
76
61
68
78
54
50
61
66
52
50
61
62
56
51
48
71
59
49
66
70
81
77
54
46
51
55
66
46
54
63
43
54
48
51
51
51
44
45
61
53
55
53
59
54
55
72
69
59
56
57
67
79
69
62
72
60
69
90
85
84
78
83
75
83
73
76
69
59
66
63
71
76
69
66
65
79
61
56
68
62
79
72
62
51
67
70
69
76
64
49
58
57
49
37
35
51
49
46
53
39
43
34
43
49
34
31
25
45
36
42
60
36
42
42
26
33
40
39
48
53
52
54
53
55
47
65
52
43
48
51
50
61
51
60
74
58
69
78
71
67
66
60
59
52
67
55
48
54
51
56
65
65
61
56
39
49
52
42
53
50
58
37
36
30
22
43
51
38
34
47
40
35
46
39
42
38
41
41
35
57
35
49
44
45
47
35
38
53
51
52
60
59
50
52
46
53
48
33
36
39
55
52
67
53
41
43
45
42
51
49
52
56
45
32
56
35
45
54
45
51
45
63
50
49
42
43
41
43
36
52
59
61
55
50
39
47
45
35
50
46
38
59
68
37
37
45
44
52
42
39
45
40
49
57
56
53
46
37
38
50
42
34
43
30
38
51
32
27
41
40
41
51
43
43
34
39
58
59
49
30
40
30
32
21
29
18
13
24
17
24
26
30
15
18
33
29
17
21
32
31
27
14
10
28
20
23
25
14
12
9
12
2
14
12
6
10
1
11
14
7
8
14
8
21
24
25
29
16
23
17
12
12
7
14
17
9
14
8
-8
13
13
12
17
17
14
11
24
1
4
12
-2
4
11
-7
16
23
-1
4
-9
-4
0
-10
-10
-12
-1
-6
1
3
6
-3
2
1
-25
5
6
-15
-7
-8
0
-16
-10
-13
-6
-9
-6
10
-4
-14
-16
1
7
-1
-1
0
1
-1
2
-2
18
1
-12
4
11
10
0
11
19
14
2
7
9
1
-5
14
10
9
2
9
15
2
9
20
16
13
11
9
4
8
9
15
6
0
-4
-9
-7
-6
5
-4
4
-11
-2
-5
-4
0
-4
-3
-15
-14
-13
-7
-14
-22
2
-11
-15
-12
-17
-14
0
-5
12
10
-8
10
9
6
4
21
0
7
2
8
5
-2
1
2
10
-5
-16
-1
4
-3
10
-10
-13
-8
12
11
10
7
1
23
12
-7
22
8
8
15
7
-2
13
22
15
7
-1
3
1
17
7
16
1
10
21
-4
10
3
16
3
7
23
0
19
12
3
0
6
16
17
21
22
18
27
31
30
23
19
28
15
35
25
27
24
13
14
29
31
24
24
16
28
21
15
19
20
31
28
20
23
16
0
15
5
8
17
16
20
15
21
7
17
6
10
10
2
9
9
6
18
22
8
15
6
17
26
26
29
34
27
12
23
22
23
38
38
18
8
22
23
26
19
6
11
10
14
26
32
25
12
2
6
15
11
13
17
19
24
19
3
10
23
29
39
17
8
23
20
23
15
17
24
18
13
22
8
10
28
25
24
22
10
18
24
12
31
29
18
21
22
43
21
26
23
27
23
10
43
39
30
9
17
24
35
32
36
46
39
41
48
41
47
46
29
47
33
46
41
42
39
39
35
30
41
30
22
47
47
52
50
29
43
38
40
40
36
36
30
32
54
42
42
50
43
55
46
43
49
63
49
36
55
29
25
43
49
45
45
26
13
33
39
40
52
28
26
41
39
49
49
45
62
42
50
52
34
34
33
32
34
49
40
35
21
37
44
37
24
26
26
27
34
41
47
24
29
30
20
19
31
36
33
26
42
47
38
18
25
32
34
40
21
23
42
51
50
43
43
28
12
22
25
15
39
47
11
25
15
21
31
24
20
8
25
36
39
35
48
53
61
50
44
38
42
55
61
49
45
54
50
50
50
56
56
61
62
62
54
46
49
55
57
50
41
48
50
22
33
39
31
25
32
37
48
31
28
30
22
32
33
24
25
25
17
19
0
10
24
27
20
17
28
21
31
28
26
15
11
10
19
14
17
7
4
12
9
23
4
17
13
14
11
16
4
10
23
18
14
9
3
-10
13
7
16
18
20
21
7
23
11
9
29
25
12
19
31
15
32
38
20
25
10
1
17
5
3
8
-5
10
9
14
13
-3
3
19
14
-3
20
33
28
23
22
25
27
34
25
33
42
34
30
39
29
13
22
11
13
14
26
23
12
20
0
19
23
30
34
25
37
20
21
24
14
34
35
31
7
5
15
23
19
28
25
14
28
19
24
20
23
26
8
16
26
37
24
26
23
18
22
22
25
35
26
14
15
19
33
33
38
16
14
27
30
49
28
38
53
32
33
33
27
27
42
37
44
34
26
27
24
24
15
29
39
36
19
26
38
22
31
25
31
31
18
34
32
43
31
18
15
20
22
21
27
16
6
12
7
10
2
13
40
19
5
22
1
2
19
17
26
36
23
23
14
6
19
33
15
15
10
-9
23
21
20
16
38
28
27
19
34
35
37
42
18
46
29
33
34
33
37
40
35
32
54
50
51
41
52
44
34
37
30
28
27
18
10
4
21
18
13
37
33
30
31
37
36
28
43
25
31
25
10
23
32
55
34
45
36
37
42
40
50
35
27
11
7
24
14
17
17
8
2
17
13
-1
13
9
19
21
5
11
10
13
33
15
19
22
23
2
7
15
-4
-2
4
13
4
10
-8
-8
7
-5
-12
0
-2
-7
-9
-4
-3
0
7
-7
13
3
-3
-1
-4
-4
5
9
1
-4
-7
-4
7
-4
-15
-8
9
-2
1
8
0
21
22
25
31
21
19
-4
16
24
9
31
34
26
28
12
12
12
8
6
7
8
0
6
5
2
10
23
16
26
34
19
21
18
25
8
5
-2
-8
-1
-13
-4
-9
-18
-13
-25
-18
-25
-10
-11
-9
-8
-14
-12
-10
-16
-5
-2
-16
-6
-2
-10
-20
-21
0
-11
-8
-8
1
-2
-5
1
7
9
4
20
20
32
39
26
12
19
28
21
15
12
9
11
8
15
18
16
26
27
18
11
14
28
35
24
30
27
20
21
21
23
9
16
24
26
7
7
10
17
18
15
13
-1
4
0
0
6
5
10
17
7
3
-5
15
12
5
12
0
7
14
0
-1
10
4
-1
6
-6
1
5
-5
6
14
7
0
-9
5
13
3
20
19
7
5
6
14
13
-8
-12
9
2
2
5
3
9
13
17
26
16
12
6
18
8
24
16
20
39
32
11
15
25
9
14
20
3
17
24
13
38
16
20
41
13
16
27
26
18
16
15
14
26
12
15
20
13
5
15
14
23
19
32
25
24
31
36
48
43
43
37
42
30
39
31
31
34
28
29
24
32
25
15
2
20
14
9
16
11
19
0
-2
-8
-11
-2
1
0
0
1
9
9
9
11
-16
14
18
16
7
5
17
18
18
23
10
7
4
13
14
21
17
-6
8
0
9
12
17
7
12
18
12
10
-14
-5
16
13
-9
7
3
21
22
22
33
22
8
8
22
27
18
26
11
13
24
14
21
5
22
26
5
6
16
23
22
6
-3
0
-3
-13
-15
-2
-18
-12
-3
-12
-3
-3
-6
3
-17
-8
-8
3
7
5
11
15
6
-3
-3
8
2
-3
-2
2
0
-15
0
2
-1
-7
-2
9
-8
-7
1
-6
-9
-14
0
12
1
2
16
3
18
4
-6
15
25
18
4
15
23
24
20
43
21
9
36
16
18
22
7
11
0
17
15
2
2
9
15
11
12
12
-6
-5
11
10
27
12
8
17
21
23
25
26
23
31
25
23
7
17
24
30
28
24
45
29
17
22
14
18
-3
-2
9
0
10
2
9
-4
-5
22
20
19
6
16
18
3
17
30
35
25
36
38
17
10
10
9
11
20
21
25
19
3
22
14
7
-2
17
24
12
19
13
11
6
-11
2
15
8
4
20
23
5
3
-9
10
9
-3
1
12
21
23
-7
0
11
11
1
13
19
23
13
19
12
12
9
-15
-6
-4
0
8
19
-10
8
1
4
8
24
18
8
45
27
1
5
19
-23
5
26
-2
21
20
2
19
1
-4
-6
19
9
16
27
7
12
-32
-26
-20
-26
-27
-10
-9
-3
5
-6
-7
-12
-8
5
38
54
34
34
59
48
51
40
40
30
46
59
45
44
76
80
35
50
64
31
61
58
35
43
38
40
48
57
21
15
36
13
34
36
24
66
60
19
37
70
53
52
87
60
73
62
54
56
88
72
53
59
40
67
27
15
39
40
28
36
36
33
-6
1
3
19
45
-2
32
43
0
19
46
46
48
82
41
80
84
43
79
73
47
60
74
47
45
36
42
43
40
25
28
53
45
19
58
52
53
58
65
62
45
41
22
37
55
13
20
37
36
45
13
69
51
3
35
41
43
71
48
19
83
40
35
74
66
3
6
49
-14
42
46
-19
25
26
-2
-6
50
9
8
54
36
-4
27
32
14
39
17
86
32
45
16
36
38
9
37
43
67
33
55
34
55
49
52
47
51
30
19
69
39
33
78
45
29
63
36
25
38
21
59
59
58
62
6
3
4
-29
-3
11
-5
-3
22
9
-33
39
1
19
64
36
33
15
58
-26
-2
60
35
8
38
81
-12
3
47
11
9
24
5
26
56
9
46
28
36
0
-11
29
10
-5
36
49
24
40
39
0
45
18
-1
65
36
31
63
24
14
39
20
46
69
22
78
41
25
49
2
59
32
39
46
23
31
63
13
37
18
29
50
-7
3
43
7
18
41
25
25
-1
4
8
11
26
5
17
42
-1
38
41
31
65
2
38
71
-3
17
16
31
20
24
27
-9
26
5
18
26
-18
-3
5
-36
-11
9
-19
26
-20
30
26
-13
56
-20
58
27
3
44
14
34
21
24
56
33
63
32
39
38
-9
22
43
23
-3
37
39
34
40
24
13
60
0
53
56
5
62
49
4
38
56
6
69
15
73
49
5
32
18
31
13
22
42
38
66
-3
6
43
-10
42
27
-1
78
47
43
60
23
49
33
20
120
-2
61
69
3
86
18
8
149
-6
36
71
10
3
36
59
-25
103
21
6
102
42
-31
37
91
-15
101
35
78
45
81
86
39
121
52
84
78
54
51
46
118
74
51
49
87
15
13
112
-19
94
76
-37
92
64
-5
53
73
-16
114
-15
28
84
-50
32
61
-11
75
65
-8
110
-1
43
6
7
65
34
73
46
27
29
50
-15
45
40
23
61
60
26
44
107
-13
69
10
71
33
9
75
24
-37
50
117
12
32
48
31
42
16
39
48
31
105
-33
94
43
-41
46
57
1
43
40
24
68
-23
75
63
-45
94
-18
71
-26
41
41
-83
68
-11
2
-7
64
-41
-31
17
-33
9
-36
23
10
-27
48
-6
6
5
4
-26
37
27
-17
1
45
-5
5
6
45
40
-33
34
-26
28
31
-51
-24
60
-47
-1
80
-17
2
45
77
-45
61
-28
-6
9
-50
44
-14
-45
62
23
-38
-39
35
41
-81
27
85
-9
18
4
36
-4
-30
-6
61
-52
30
-16
-54
52
-50
-30
-39
3
-44
-27
16
-42
-59
-14
-54
-52
78
-66
-71
43
-87
-31
32
-78
31
-6
-25
-32
37
-9
-73
87
-53
-14
56
-14
11
16
-72
115
-73
19
58
-51
5
62
-49
29
-4
-30
-17
20
26
-62
-16
47
29
-9
0
63
67
-107
117
67
10
64
63
29
6
41
34
-65
70
-31
-3
14
-50
-6
16
-44
36
-29
-30
49
-20
-30
62
-17
-25
120
-66
20
87
-66
52
90
-61
57
-13
34
-11
-26
69
-53
-25
0
-13
-62
-4
-36
-45
46
5
16
-14
13
43
-77
69
-56
30
32
-41
24
92
-42
-27
88
-46
97
13
-5
53
-37
2
54
-37
12
70
-84
116
52
-81
127
-45
45
-7
-46
77
-91
-13
61
-117
79
-30
3
-29
14
29
-53
59
107
-88
51
19
48
1
-25
79
-17
38
45
-7
80
1
-5
6
-36
71
5
13
26
25
-118
143
-62
-7
42
-11
48
-53
-2
5
-24
1
17
-6
1
31
-58
10
0
-27
33
-6
70
-49
1
25
-26
28
-3
29
18
-96
65
-21
-64
-32
-6
-14
5
-10
37
65
-25
21
28
110
-101
85
31
-12
22
-10
29
-9
-6
71
48
46
57
14
36
2
-40
28
11
-52
23
35
-22
-21
-25
29
15
-56
75
19
-1
-1
82
-40
36
38
-49
19
-36
-1
-58
-21
25
22
3
21
149
-87
40
-21
33
9
-64
109
-121
-4
-81
-33
-29
34
-22
-32
62
-16
16
-68
71
70
-49
-3
64
-79
-30
-88
113
-30
-77
60
-67
3
16
-49
11
-43
-22
29
-60
-37
57
-148
23
64
-125
75
34
-138
-7
-86
-55
-20
-106
79
-76
-103
90
-182
-45
28
-163
80
-9
-90
9
4
-59
-59
73
-15
4
-74
53
-66
24
85
-128
88
27
-6
23
1
21
-48
-66
98
-118
14
27
-61
30
-91
-12
-121
-55
-29
-85
-61
-30
-60
-84
43
-110
-46
-44
12
-25
-29
-10
-41
-24
-25
67
-108
22
-39
10
-71
1
25
-79
-81
50
6
-45
18
-73
-54
-68
32
-97
-1
-83
22
-58
-84
-30
-3
-141
58
-19
-149
33
-36
-24
-87
29
50
-70
-73
90
-130
24
50
-169
101
-75
-19
15
-78
-45
-111
16
-114
1
-66
-73
-50
-151
-16
-104
-23
-53
7
-3
-4
0
-59
-38
29
-60
50
92
-58
30
-30
9
20
-82
106
-44
12
66
-133
135
-116
-77
94
-182
34
94
-203
112
-3
-150
88
-38
91
3
-63
177
-41
-62
151
-104
-59
140
-26
55
48
-73
84
-87
12
44
-99
103
19
-108
38
70
-55
92
-32
59
34
-72
109
34
-12
13
34
8
-14
30
-44
1
9
-29
16
-35
-52
-54
8
65
-51
27
51
-70
8
-23
-19
67
-7
116
-11
10
74
37
41
-21
149
-69
83
26
3
-62
-3
-85
-18
47
10
-8
7
-1
-28
60
6
46
-30
4
-4
2
-69
-25
73
-62
47
8
-29
-34
-85
88
-104
-12
47
7
41
-71
41
11
-26
14
86
-28
65
10
58
33
-1
52
18
33
61
64
-56
22
33
-44
-41
80
8
5
35
-6
-26
-1
-24
-7
-85
58
-67
-72
65
-99
106
-123
70
56
-27
51
46
56
-2
-102
50
-16
-15
14
42
-102
-16
25
-91
16
-9
0
-48
-64
-28
3
-100
97
-94
-70
85
-162
-63
16
-198
37
-80
-6
43
-214
18
-16
-84
58
-70
-55
7
-15
-60
90
-171
108
-50
65
87
-117
108
-139
177
-134
-55
125
-156
44
-131
-27
-75
-77
18
-148
122
-132
-24
44
-92
-33
-11
-105
65
-33
-88
90
-84
33
-37
-12
-19
-14
-72
-100
26
-91
-22
44
-119
40
-115
-107
168
-212
-20
27
-185
43
-47
-4
-130
-4
-19
-83
-29
-67
16
-71
17
-37
-24
-139
83
-187
-2
-27
-216
21
-159
-15
-111
-27
-32
-10
-100
-44
-1
-49
-33
-62
65
-113
-4
3
-113
-128
-43
-158
28
-131
-32
24
-131
-4
-129
-14
-52
-114
7
-59
-75
-30
-105
2
-122
-31
19
-155
24
-9
-193
73
-225
36
-19
-126
99
-178
-68
23
-120
-99
104
-150
-64
63
-147
105
-165
-32
11
-157
82
-75
-92
-39
-105
-103
26
-67
-9
-58
-64
-54
5
-187
14
-54
-72
-13
-64
-29
-92
-109
-159
-83
47
-72
-110
-13
-111
-128
-86
-11
-110
-57
-64
10
-85
-26
93
-132
-25
-13
-85
-48
44
-208
44
-221
0
46
-194
58
-70
23
-39
-57
-147
-25
20
-31
6
48
-55
-83
-66
75
-19
-96
96
-136
-93
175
-116
-140
94
-176
-18
10
-29
-57
-85
-175
73
-108
-60
112
-74
0
40
-127
-30
47
-139
115
36
100
-13
-213
177
-95
-86
13
-55
-5
-179
-5
-40
-231
67
-73
-128
119
-74
-23
-70
13
-9
12
-29
42
-64
-63
-33
-12
-154
-23
65
-179
55
7
-130
56
-54
-26
0
-56
5
-15
-11
120
-130
23
48
-131
42
-113
87
5
-151
148
-25
-148
-39
-72
-133
119
-51
-16
4
30
-17
-29
25
-61
34
-135
183
-1
-164
103
-147
-49
-68
36
-29
-72
32
7
-29
-104
63
-85
30
26
42
-42
-158
43
-257
-102
-9
-166
-148
107
-54
-35
-18
-84
6
-124
-96
13
-48
-28
-12
-112
-17
-158
-14
34
-130
155
-77
-92
26
-34
-107
-56
-23
-204
-142
-186
-183
-252
-160
-277
-250
-223
-153
-236
-172
-54
-119
-67
-68
-41
99
-133
101
47
-74
45
-108
-32
32
-98
-185
26
-109
-171
-37
-81
-141
-200
-45
-58
-162
4
-55
5
-132
-122
-32
-43
-93
-4
29
-107
-21
-56
18
-99
-19
-52
24
29
-106
50
-1
-95
-79
-6
-4
-88
-64
-115
-27
-66
-152
-15
-32
-25
-53
53
-29
-121
-49
41
-57
-6
-95
-6
-48
-122
2
-21
-41
-127
-10
-34
-117
-52
16
-77
-62
1
44
37
-16
-36
4
-45
-54
-18
28
-38
-58
1
-1
-81
-66
-75
-111
52
-70
-82
-48
-71
-91
23
73
-61
14
-23
-20
0
-34
35
-37
-93
68
46
-34
-10
-77
-48
-39
-39
4
-16
-21
-77
-100
44
-10
16
31
29
85
28
-46
5
-38
-125
-10
3
-32
-29
-3
-98
-104
-7
-34
-13
-1
-5
12
-76
-46
-11
36
-29
20
68
16
40
-6
35
50
-51
-8
-38
5
-13
-54
-7
-59
-32
-47
-54
-83
-79
-85
-68
-13
-86
-73
-105
-136
-117
-62
-68
-67
-23
-49
-54
-104
-74
-35
-83
-116
-47
-71
-63
-91
-116
-132
-139
-152
-108
-181
-155
-155
-230
-171
-165
-233
-253
-197
-150
-136
-135
-98
-154
-203
-138
-124
-112
-68
-95
-70
-32
-18
-12
-29
-2
2
-10
39
46
51
52
56
48
90
111
66
3
68
107
107
131
116
121
104
118
149
122
166
191
165
208
172
199
189
193
245
265
263
283
230
207
240
205
214
213
183
139
116
82
32
-51
-117
-78
-147
-178
-206
-245
-331
-410
-447
-445
-441
-524
-554
-585
-646
-663
-697
-715
-721
-738
-716
-678
-733
-731
-707
-735
-700
-642
-592
-538
-528
-496
-475
-440
-402
-373
-320
-266
-235
-188
-142
-124
-74
-50
9
105
141
163
183
282
324
421
545
593
659
749
849
960
1004
1100
1184
1262
1378
1464
1493
1549
1600
1591
1565
1496
1428
1343
1160
961
832
660
531
365
137
-50
-306
-498
-658
-786
-873
-1001
-1070
-1117
-1125
-1135
-1149
-1101
-1031
-898
-741
-592
-459
-356
-258
-122
38
172
297
426
489
509
522
512
468
442
381
303
214
41
-153
-376
-572
-737
-884
-1008
-1169
-1342
-1504
-1625
-1706
-1756
-1742
-1716
-1656
-1609
-1507
-1395
-1329
-1188
-1032
-827
-603
-421
-244
-112
54
182
328
476
595
684
749
829
871
903
962
1045
1118
1222
1318
1430
1537
1668
1839
2036
2343
2531
2614
2541
2187
1727
1429
1476
1645
1593
1261
770
289
-189
-588
-846
-1049
-1221
-1406
-1438
-1396
-1612
-1979
-2259
-2180
-1837
-1423
-1014
-765
-709
-720
-606
-251
161
492
792
1065
1338
1427
1377
1244
1104
1092
1208
1386
1420
1247
855
439
174
8
-89
-175
-407
-667
-848
-1072
-1326
-1653
-1946
-2003
-1940
-1844
-1780
-1778
-1871
-1931
-1772
-1490
-1242
-1088
-922
-720
-497
-287
-119
9
90
191
345
550
606
528
441
415
448
468
418
321
187
40
21
75
80
62
28
39
141
278
442
624
865
1162
1493
1874
2263
2686
2966
2720
2184
1938
2097
2485
2616
2350
1906
1309
699
226
73
-112
-469
-880
-1038
-1020
-1316
-1864
-2328
-2418
-2153
-1787
-1418
-1186
-1300
-1526
-1436
-970
-411
28
307
592
901
1103
1188
1177
1152
1205
1431
1663
1770
1571
1122
663
428
431
395
182
-200
-554
-932
-1210
-1446
-1684
-1862
-2053
-2169
-2181
-2183
-2260
-2344
-2274
-2028
-1717
-1519
-1387
-1265
-1102
-868
-554
-240
-3
130
188
310
429
513
591
607
694
730
697
607
487
403
384
497
644
730
778
836
968
1168
1411
1727
2095
2557
2978
2912
2432
1848
1695
2049
2463
2492
2141
1471
752
177
-85
-146
-350
-749
-1055
-1123
-1245
-1628
-2142
-2408
-2289
-1870
-1368
-1075
-1054
-1300
-1389
-1049
-387
231
565
786
932
1094
1199
1238
1213
1257
1376
1559
1620
1412
989
476
131
71
148
82
-262
-787
-1267
-1548
-1622
-1691
-1848
-2024
-2135
-2188
-2141
-2083
-2081
-2060
-1859
-1493
-1158
-1014
-960
-894
-732
-411
-89
135
187
141
109
232
371
428
384
350
359
339
263
154
45
-41
-15
65
125
109
40
51
220
488
787
1131
1453
1728
1995
2369
2936
2937
2395
1963
2108
2666
2915
2575
2078
1530
914
403
326
381
17
-693
-1162
-1079
-1136
-1698
-2230
-2264
-2035
-1777
-1601
-1389
-1400
-1736
-1766
-1128
-316
98
125
216
509
724
895
1078
1241
1305
1284
1360
1437
1255
823
428
339
410
385
103
-415
-948
-1240
-1344
-1397
-1469
-1641
-1921
-2172
-2256
-2178
-2142
-2143
-2073
-1787
-1483
-1379
-1355
-1326
-1084
-767
-468
-136
13
-8
-46
29
271
476
479
476
485
448
342
249
198
140
141
175
219
241
182
172
322
632
936
1246
1514
1716
1942
2390
2984
2850
2144
1709
2057
2812
3027
2530
1917
1271
709
318
424
585
59
-869
-1311
-1070
-1112
-1763
-2291
-2181
-1834
-1694
-1574
-1400
-1471
-1793
-1713
-862
4
283
54
80
458
757
945
1156
1353
1343
1201
1213
1347
1198
728
381
429
594
420
-82
-590
-891
-1034
-1139
-1178
-1226
-1494
-1940
-2250
-2137
-1860
-1845
-1906
-1830
-1634
-1534
-1540
-1421
-1192
-964
-747
-507
-331
-277
-403
-420
-158
146
266
214
168
127
89
111
225
282
229
150
99
96
91
54
109
266
499
699
848
1003
1240
1524
1935
2448
3058
3461
2901
2005
1655
2062
2798
3043
2707
2068
1193
344
-89
96
301
-121
-806
-1168
-1246
-1617
-2266
-2452
-2147
-1808
-1617
-1521
-1525
-1743
-2011
-1663
-723
35
256
160
132
307
519
835
1248
1430
1356
1155
1052
999
844
623
526
573
565
268
-270
-757
-998
-1048
-1012
-1014
-1169
-1514
-2049
-2338
-2274
-1999
-1815
-1834
-1810
-1832
-1891
-1877
-1693
-1279
-934
-775
-635
-533
-497
-450
-312
50
359
445
398
339
319
301
358
524
584
454
267
109
93
97
133
254
422
494
475
552
765
1015
1306
1770
2335
2785
2777
2176
1661
1830
2546
3203
3129
2499
1679
973
686
764
978
852
177
-626
-1060
-1197
-1414
-1774
-1909
-1773
-1675
-1797
-1961
-2125
-2213
-2091
-1577
-832
-442
-536
-787
-758
-268
325
776
1022
998
796
657
727
990
1135
1035
917
815
640
310
-56
-227
-194
-233
-405
-691
-1039
-1420
-1734
-1765
-1592
-1528
-1681
-1945
-2018
-1995
-1933
-1814
-1629
-1422
-1334
-1326
-1201
-984
-810
-626
-416
-187
-48
-42
2
143
301
468
574
600
514
351
273
318
380
393
325
287
316
357
407
558
823
1071
1340
1621
1902
2151
2655
2821
2335
1851
1977
2761
3252
2815
2054
1472
1063
772
728
1047
906
-118
-1166
-1323
-969
-1102
-1659
-1879
-1752
-1950
-2265
-2204
-1882
-1786
-1915
-1639
-992
-696
-902
-999
-564
115
455
610
747
730
531
482
831
1313
1375
988
701
654
658
489
319
362
282
-77
-439
-615
-800
-1158
-1440
-1421
-1312
-1482
-1908
-2204
-2175
-2041
-1943
-1855
-1754
-1733
-1790
-1716
-1369
-989
-848
-788
-629
-393
-183
-57
143
320
440
519
554
623
607
543
522
553
558
458
353
365
450
509
588
753
938
1052
1144
1369
1832
2308
2838
2885
2224
1688
1893
2712
3273
3020
2314
1590
983
745
992
1380
1125
51
-993
-1175
-976
-1095
-1425
-1609
-1720
-2125
-2403
-2246
-1967
-1956
-2019
-1698
-1217
-1095
-1253
-1153
-689
-180
115
315
507
424
244
382
860
1255
1233
934
740
721
730
746
808
822
554
151
-136
-216
-269
-505
-780
-918
-1070
-1370
-1658
-1755
-1685
-1697
-1800
-1866
-1870
-1886
-1901
-1728
-1413
-1201
-1181
-1198
-1031
-784
-516
-249
-7
145
142
140
301
513
622
651
645
635
565
519
571
726
835
834
829
885
1016
1130
1387
1615
1846
2148
2516
2849
2511
1909
1708
2202
2852
2989
2513
1842
1133
628
731
1215
1428
671
-545
-1237
-1191
-1013
-1007
-1095
-1366
-1921
-2519
-2470
-1938
-1593
-1646
-1721
-1644
-1542
-1533
-1285
-776
-396
-271
-268
-126
-1
35
136
496
853
921
743
621
657
730
853
944
1009
840
473
172
200
278
177
-43
-319
-634
-947
-1092
-1075
-1022
-1178
-1478
-1771
-1873
-1851
-1740
-1563
-1484
-1543
-1660
-1617
-1396
-1094
-844
-667
-541
-488
-407
-248
13
228
355
400
413
429
464
550
732
841
866
866
877
962
1095
1284
1487
1703
1772
1897
2015
2295
2637
2594
2270
1923
2022
2371
2569
2323
1888
1359
894
711
860
1050
699
-124
-891
-1129
-1088
-997
-1032
-1216
-1691
-2256
-2380
-2015
-1532
-1456
-1628
-1789
-1841
-1743
-1393
-889
-560
-572
-767
-743
-476
-193
48
242
346
351
276
348
579
758
766
718
730
667
534
429
420
380
309
136
-63
-233
-403
-544
-656
-720
-827
-1076
-1321
-1419
-1394
-1315
-1296
-1329
-1427
-1500
-1459
-1277
-1005
-787
-751
-776
-733
-585
-311
-59
147
243
236
250
350
547
769
896
928
917
913
990
1090
1216
1314
1354
1362
1362
1404
1481
1582
1726
1930
1894
1660
1403
1409
1579
1716
1635
1427
1112
733
546
626
798
608
87
-433
-607
-603
-546
-515
-619
-949
-1396
-1568
-1364
-1051
-967
-1092
-1304
-1492
-1530
-1294
-898
-648
-716
-934
-1056
-960
-695
-393
-165
-134
-272
-403
-291
25
320
448
424
327
220
261
439
600
672
519
280
150
129
153
176
80
-96
-345
-524
-579
-599
-618
-704
-820
-921
-981
-961
-911
-864
-791
-783
-772
-723
-627
-469
-305
-147
-25
14
57
140
250
361
457
513
522
513
505
519
597
662
686
673
694
679
683
763
878
912
933
966
1005
1042
1023
1015
1023
1087
1083
1042
986
919
796
733
721
697
582
383
202
95
12
-78
-108
-213
-378
-552
-688
-714
-694
-699
-752
-848
-958
-1005
-975
-869
-779
-784
-813
-846
-818
-753
-643
-537
-472
-473
-429
-336
-224
-132
-78
-51
-37
4
96
187
216
211
169
140
91
70
86
87
32
-85
-191
-230
-252
-268
-290
-333
-368
-472
-546
-514
-445
-413
-412
-412
-412
-392
-346
-249
-158
-119
-82
-73
-32
57
126
169
181
189
235
281
336
372
382
391
384
415
473
480
485
451
450
478
504
538
575
571
544
554
553
584
579
560
585
590
552
498
459
452
410
346
288
215
138
61
-32
-83
-156
-243
-328
-379
-382
-442
-493
-512
-518
-526
-520
-484
-430
-412
-376
-341
-274
-172
-102
-71
-48
-17
1
8
37
92
113
95
62
19
-19
-34
-73
-90
-114
-144
-188
-238
-271
-286
-304
-335
-337
-333
-366
-385
-384
-351
-325
-305
-290
-248
-215
-208
-216
-192
-107
-65
-34
-21
-12
-8
7
36
78
128
142
142
159
196
243
256
264
297
280
265
277
279
288
275
263
269
259
236
216
202
227
235
248
259
278
266
236
283
327
362
361
352
307
272
248
242
268
235
157
81
11
-40
-75
-100
-134
-197
-287
-332
-306
-275
-230
-217
-214
-199
-185
-123
-47
21
53
34
71
108
101
135
148
144
107
80
66
31
-19
-83
-124
-126
-123
-170
-193
-223
-275
-301
-308
-276
-252
-262
-272
-255
-248
-231
-181
-140
-137
-144
-155
-126
-77
-64
-40
-31
-20
-41
-45
-22
3
29
60
73
81
93
58
42
70
119
120
128
136
109
75
43
53
67
92
81
64
54
60
62
57
95
132
155
146
134
136
167
184
198
202
195
162
145
152
172
169
126
96
67
61
43
36
34
7
-18
-26
9
59
68
95
93
81
96
130
208
253
269
244
237
241
245
263
276
259
215
167
93
64
43
41
-6
-48
-91
-142
-202
-211
-181
-207
-192
-215
-199
-209
-217
-208
-196
-138
-101
-92
-111
-103
-94
-64
-39
-20
-28
-36
-62
-54
-22
17
51
34
10
0
1
0
23
59
97
122
90
52
44
17
-6
35
47
42
0
-24
-31
-56
-32
-5
29
45
21
-2
-13
-1
10
27
71
80
26
-26
-21
7
39
70
56
29
-19
-43
-4
15
57
67
73
57
91
133
166
221
255
280
290
296
324
338
332
358
378
379
350
311
279
244
221
212
185
160
131
116
55
8
3
-17
-32
-34
-41
-59
-78
-94
-75
-105
-111
-121
-123
-113
-115
-97
-115
-127
-125
-130
-97
-40
-57
-65
-78
-80
-45
-2
47
38
16
-19
-33
-11
17
36
38
-17
-70
-87
-93
-109
-109
-99
-112
-147
-179
-175
-186
-185
-167
-126
-106
-115
-123
-110
-104
-75
-57
-27
-7
-25
-60
-54
-29
-12
-11
-6
-32
-52
-46
-36
-3
27
60
44
17
25
50
108
161
211
241
224
211
207
244
298
332
311
303
264
231
208
223
217
181
164
124
113
87
51
20
18
8
-11
-22
-14
-15
-45
-56
-41
-11
-25
-55
-57
-40
-11
-11
-23
-29
-8
6
15
27
27
31
34
40
43
54
41
30
36
42
36
14
4
-26
-44
-42
-53
-66
-104
-140
-173
-168
-138
-133
-162
-198
-211
-226
-224
-210
-161
-150
-151
-150
-149
-135
-110
-108
-82
-57
-60
-70
-76
-62
-56
-69
-81
-50
-43
-51
-34
10
12
22
26
50
72
69
86
125
175
170
158
146
135
147
186
203
178
131
96
89
95
135
141
106
72
39
30
12
31
30
7
-17
-36
-43
-34
-48
-45
-52
-54
-58
-55
-39
-46
-27
-8
-6
-2
6
9
42
67
85
99
76
115
130
164
179
152
145
148
145
130
128
106
61
32
-3
-16
-32
-57
-91
-128
-148
-168
-184
-189
-196
-201
-216
-232
-210
-226
-215
-190
-171
-153
-149
-121
-83
-61
-65
-58
-60
-33
-18
-4
1
12
16
-8
15
43
67
66
80
83
115
138
149
151
151
171
185
194
207
209
187
167
159
166
160
171
154
125
106
94
70
71
53
40
22
7
-8
-33
-26
-53
-62
-48
-20
2
-6
-16
-40
-38
-28
4
39
62
53
44
48
64
118
143
168
177
174
164
172
207
231
248
221
191
163
139
97
98
80
50
5
-46
-72
-81
-97
-111
-134
-182
-231
-254
-228
-224
-239
-258
-283
-275
-287
-283
-248
-221
-211
-204
-205
-209
-190
-172
-133
-91
-72
-89
-78
-57
-9
5
31
91
106
108
134
140
202
216
236
257
275
293
287
287
298
294
286
285
286
270
244
228
191
161
136
110
79
49
21
-13
-52
-110
-146
-178
-182
-159
-191
-229
-240
-246
-241
-213
-199
-184
-173
-171
-137
-107
-96
-92
-54
-7
12
45
85
99
113
127
161
181
227
223
172
178
165
146
138
143
127
91
36
-4
-24
-44
-70
-67
-91
-136
-170
-188
-204
-206
-210
-218
-206
-201
-215
-217
-206
-178
-166
-168
-164
-167
-149
-122
-114
-87
-98
-120
-95
-76
-44
-41
-19
21
43
64
88
115
160
193
220
253
280
289
292
304
323
342
343
332
301
304
278
277
263
232
185
137
92
63
37
-6
-40
-75
-105
-130
-143
-167
-186
-211
-204
-201
-210
-198
-192
-185
-170
-171
-149
-130
-114
-105
-86
-78
-54
-39
-11
32
57
88
102
115
127
137
143
148
132
119
117
115
108
91
67
41
25
4
5
2
-16
-49
-66
-89
-78
-68
-91
-92
-115
-91
-96
-92
-88
-88
-75
-89
-87
-68
-64
-88
-82
-78
-58
-62
-79
-54
-51
-23
-3
7
24
46
72
118
144
153
184
217
262
284
301
328
350
339
342
344
347
348
326
309
269
238
182
151
116
58
23
-10
-57
-107
-166
-193
-205
-240
-248
-245
-246
-255
-240
-234
-239
-223
-204
-176
-145
-120
-126
-110
-84
-73
-43
-21
-10
23
29
41
61
72
86
95
90
48
44
49
38
21
12
-7
-8
-11
-16
-39
-72
-60
-79
-75
-69
-81
-83
-100
-89
-65
-45
-37
-31
-19
-19
-17
13
50
52
60
43
43
52
23
32
7
1
7
-4
-6
-10
7
22
14
26
39
50
54
70
100
124
137
152
175
211
235
251
252
240
235
243
235
214
191
150
110
69
28
-22
-68
-102
-132
-181
-227
-224
-248
-250
-282
-293
-271
-265
-266
-239
-231
-223
-197
-185
-144
-112
-85
-63
-61
-44
-6
11
32
39
55
52
62
77
69
68
53
46
46
39
31
6
-12
-24
-50
-49
-60
-63
-79
-97
-115
-114
-105
-119
-113
-120
-103
-89
-69
-54
-31
-28
-20
-2
32
61
81
68
60
63
54
63
64
82
64
45
15
30
32
12
14
19
14
9
1
40
49
63
83
89
103
89
80
100
130
128
127
121
107
84
69
54
44
25
-18
-67
-102
-120
-143
-152
-165
-201
-241
-243
-258
-266
-238
-259
-248
-234
-217
-206
-205
-189
-151
-125
-109
-79
-84
-54
-18
-10
41
59
53
65
63
97
104
108
100
81
79
79
81
87
55
32
2
-16
-23
-38
-42
-59
-69
-75
-89
-87
-79
-57
-47
-45
-32
-27
1
15
45
60
75
83
79
50
67
-17
-85
-84
-28
63
116
159
157
67
-11
-179
-341
-379
-321
-193
-62
91
138
106
76
6
-51
-33
26
149
212
269
283
211
134
29
10
-31
-86
-123
-150
-202
-266
-288
-331
-351
-346
-341
-347
-362
-361
-348
-328
-303
-237
-175
-142
-108
-80
-75
-61
-46
-28
-16
0
28
70
100
123
118
110
100
59
75
85
84
84
77
97
70
53
36
15
-1
-31
-44
-87
-92
-94
-78
-75
-86
-83
-120
-138
-95
-56
-37
25
56
95
112
135
165
195
226
236
272
284
289
279
255
224
165
136
126
108
69
36
-8
-27
-52
-81
-92
-74
-72
-85
-72
-45
-47
-24
0
20
42
65
88
86
94
114
100
90
94
76
15
-44
-33
-46
-51
-38
-36
-64
-93
-103
-142
-138
-141
-139
-101
-89
-79
-78
-119
-128
-98
-92
-10
61
98
131
106
86
83
71
96
117
130
178
186
215
215
173
125
127
115
120
137
113
94
82
56
30
7
-34
-65
-20
-20
-15
2
-29
-24
-8
2
31
66
110
155
176
171
227
203
224
231
231
275
230
224
210
218
204
155
131
67
1
4
-10
-6
-23
-31
-37
-29
-71
-75
-39
-71
-3
12
40
68
61
28
59
61
-1
71
26
0
38
64
-32
-27
-2
-54
-103
-77
-36
-83
-35
-19
-81
-49
-102
-95
-40
-38
-33
-56
-10
-53
18
50
-2
-15
49
1
4
78
68
80
42
66
68
76
114
54
84
55
104
60
16
96
1
29
33
63
-31
-31
-16
-69
-11
-42
5
-33
-30
29
-14
-8
90
29
56
132
107
197
148
243
179
207
225
201
168
203
159
149
146
72
92
83
29
-72
6
-95
-116
-55
-132
-67
-46
-114
-78
-114
-97
-118
-95
-71
-37
8
61
2
-22
-36
-30
5
10
66
31
32
42
2
-33
18
-32
-23
40
-11
20
-9
-27
-60
-27
-24
-30
-4
-35
-27
-22
-38
-11
29
1
-8
40
41
57
27
37
86
65
108
83
143
94
108
172
102
132
52
108
84
87
70
31
71
-15
30
7
-3
17
26
6
51
63
62
133
102
182
181
164
181
162
244
216
234
213
163
177
155
136
163
92
85
25
68
5
13
24
-20
-35
25
-49
-41
-51
7
-49
-63
-3
-56
-4
-67
56
-38
-31
17
-3
0
73
19
-9
44
21
84
22
108
108
64
78
83
68
116
78
114
134
73
136
73
85
122
80
86
117
93
106
79
63
106
43
15
115
107
107
174
57
164
62
95
128
173
127
93
219
71
150
98
80
113
65
31
47
96
87
51
107
-17
45
74
46
136
92
118
146
121
123
174
127
159
151
204
204
173
181
107
108
140
113
152
30
83
93
-40
-9
17
-53
14
17
-99
38
-55
-72
-11
-87
-79
-20
-72
-59
-7
-17
-73
-48
-22
-78
-26
-41
47
20
26
36
35
19
43
116
82
110
109
62
79
38
-18
109
83
83
154
30
78
45
22
109
18
84
130
49
90
83
60
62
86
119
117
132
49
150
66
59
144
12
121
34
22
107
56
45
18
-10
30
-35
-13
76
-34
60
23
3
71
38
94
71
105
107
121
39
155
105
168
96
149
167
88
161
62
103
31
98
69
14
131
-12
50
46
-26
-3
-55
4
28
-32
40
-3
-115
-6
-59
-102
-19
-37
-107
8
-108
-65
-33
-47
-60
-69
-20
-59
4
-8
14
35
64
47
47
79
41
70
84
54
78
82
87
105
26
92
101
34
91
25
89
49
60
66
41
78
40
137
104
70
148
37
148
82
108
99
111
87
100
128
42
149
76
84
35
95
20
60
124
47
76
94
42
70
131
72
101
133
96
149
139
75
205
60
75
161
28
92
77
17
30
32
-19
54
37
-11
12
-20
-53
-32
-75
20
-28
0
1
-5
-52
-11
-42
-68
46
7
30
3
35
-23
5
44
-4
63
47
30
60
21
31
52
20
90
76
142
98
91
107
74
86
77
41
133
86
92
169
97
79
93
83
88
106
111
115
118
124
50
98
29
101
68
55
54
19
30
-10
-15
41
-7
35
15
21
8
7
19
-35
-20
-19
-3
77
13
28
56
36
69
14
98
85
25
99
18
54
48
16
67
51
47
19
-12
-19
-74
-14
-36
-23
-15
-76
-28
-59
-90
-34
-42
-86
-22
37
-80
-20
25
-71
14
29
-21
43
37
-11
39
8
-1
14
-19
78
39
58
46
101
69
44
110
64
107
82
54
183
36
143
97
49
147
12
82
74
109
87
50
53
65
24
82
30
118
43
35
26
2
9
20
25
-22
3
-4
4
-23
-12
-26
-48
8
21
-38
59
-6
-42
42
1
-29
92
24
30
136
-25
117
91
-7
145
118
38
143
63
70
30
62
-5
100
-83
69
7
-65
23
-91
-83
-43
-96
-43
-50
-133
20
-109
-98
5
-91
-60
-37
-81
12
-29
-25
7
-38
25
48
-13
77
70
15
118
18
49
89
58
67
117
84
42
105
60
119
69
107
80
56
122
110
79
119
141
71
117
69
111
108
90
140
57
86
38
44
34
62
52
-18
15
-19
-75
-7
-104
-63
-10
-73
-22
-65
-55
-124
-78
-61
-101
-62
-14
-67
-33
6
-70
50
-4
79
2
93
49
-9
118
-70
80
45
-48
74
-36
-79
-3
-98
-56
-44
-70
-97
-78
-55
-60
-20
-62
-35
-56
-73
11
-48
-21
2
18
-31
22
-3
0
-1
-27
-2
2
30
33
-6
16
37
-13
94
36
58
132
14
96
68
28
60
84
38
157
26
71
134
5
121
72
36
108
119
6
77
37
-39
18
-53
5
-1
-68
30
-72
-59
-35
-128
-20
-87
-104
-25
-98
-165
-1
-198
-103
-25
-127
-40
-45
-79
-49
22
-95
46
-10
19
46
-59
43
14
-33
-36
12
-84
-29
17
-39
-60
-2
-118
-94
-47
-121
-84
-57
-117
-94
-61
-67
-96
-40
-18
-51
10
-26
-22
10
-37
-34
-2
21
-65
69
1
-18
26
-35
-58
55
16
-14
46
16
-50
76
-63
39
-7
21
46
33
29
23
29
-50
113
-22
54
129
2
66
87
-1
15
64
22
27
41
-8
4
2
-29
-59
-15
-48
-21
-113
-12
-69
-156
-11
-172
-29
-48
-85
-56
-94
-91
-44
-97
-93
29
-53
-28
42
-91
14
25
-108
100
36
-19
82
13
-71
45
-9
6
64
45
0
-3
30
-69
35
-70
-11
-7
67
-27
38
-40
-95
-13
-71
1
-45
49
-26
-15
15
-50
-2
57
-31
57
17
19
44
32
29
15
88
20
91
137
27
99
64
0
99
29
105
152
38
106
97
-12
112
74
-29
214
21
58
163
2
29
86
-24
17
93
-7
36
28
-25
-42
-60
-9
-35
8
-28
-23
-43
-31
-94
-38
-59
-73
-3
-106
-32
-41
-77
-3
-63
-27
-49
9
-3
13
26
-26
68
-29
30
96
-48
67
28
20
45
-21
63
-52
69
41
-19
38
24
-20
68
12
38
5
50
-16
71
52
18
94
-22
90
-23
56
36
-23
42
74
-32
35
38
-40
-1
5
-25
22
45
1
33
54
-2
88
45
94
60
134
41
69
103
50
73
120
102
75
192
3
112
55
55
8
89
13
26
38
55
-6
0
18
-25
32
-22
-35
16
-1
5
-16
-85
-23
-68
-11
-4
-53
5
-16
-50
-6
-111
-31
-18
-12
85
-11
-6
23
-34
-11
11
-14
92
22
51
17
-19
1
4
1
44
30
13
31
5
-9
-17
71
-37
72
117
-18
152
72
-32
111
69
-35
176
11
49
54
5
22
-14
3
-36
2
18
-3
23
4
-71
6
-29
-22
3
33
12
31
8
14
-3
84
12
72
111
70
120
41
81
50
15
117
90
57
124
107
-33
110
-54
-17
104
-56
63
29
-25
1
-55
-65
-27
8
21
-5
51
-80
-34
-30
-70
-30
8
-58
15
-5
-99
1
-43
-102
37
10
-23
71
4
-38
62
-41
-35
87
-2
33
106
-22
-14
65
-71
33
37
29
19
81
17
35
55
49
18
98
60
57
85
52
59
62
80
1
125
22
28
35
34
-9
51
-22
-7
-4
-42
11
-11
-20
12
0
30
38
2
65
46
52
119
69
102
149
56
102
90
76
90
133
108
105
74
27
112
32
52
43
52
36
12
15
26
-53
-44
9
-89
-5
-52
-75
-2
-71
-28
-24
-79
1
-13
-24
7
2
-34
-19
-12
-45
35
44
-1
39
6
13
37
22
47
44
-3
41
54
26
40
2
32
-4
53
26
68
41
39
39
61
56
75
66
78
94
25
114
47
60
68
46
84
30
15
77
-17
-5
4
-43
-12
-84
-36
-24
-77
-55
-50
-64
-42
-45
-34
-13
6
0
15
52
10
63
67
43
104
114
59
99
112
58
76
72
70
50
87
37
53
45
-51
3
-21
-20
35
-11
-21
-4
-72
-49
-77
-34
-40
-53
-47
-28
-72
-93
4
-82
-21
-17
-31
-2
-64
-6
-19
-31
38
9
36
30
-1
37
13
0
36
45
-12
33
28
7
-5
27
-36
41
37
0
72
5
76
29
47
104
51
54
76
39
68
31
-2
49
31
41
24
20
6
-14
-18
-33
-44
-44
-32
-59
-87
-62
-72
-107
-37
-69
-41
13
-45
-12
-3
-3
28
45
28
68
73
90
60
86
74
54
77
42
103
62
66
30
28
-43
-32
-25
-39
0
-64
-34
-75
-114
-111
-82
-89
-110
-46
-50
-82
-78
-111
-95
-73
-66
-27
-64
-44
-49
-100
-34
-76
-89
-39
-31
-77
-66
-43
-52
-57
-26
-35
-52
-30
-33
-68
-22
-46
-62
-21
-23
-47
-26
29
-25
19
41
-11
14
73
-17
38
79
-15
35
66
-7
29
11
-26
19
-19
-49
-25
-36
-66
-43
-41
-72
-75
-76
-77
-66
-60
-58
-42
-27
-22
-29
-26
3
22
44
44
95
58
57
79
50
59
59
43
41
80
13
23
11
-15
-8
-26
-21
-28
-50
-71
-71
-72
-94
-95
-83
-88
-88
-76
-38
-70
-76
-37
-57
-67
-52
-20
-19
-35
17
-9
-36
15
2
-40
8
15
-14
23
-18
-4
-20
-50
-35
-41
-17
14
14
3
-17
-37
-22
-8
-2
28
71
63
72
57
50
60
77
83
94
103
96
86
54
72
35
44
34
33
18
1
20
-29
-58
-47
-59
-58
-28
-8
-20
-36
-20
-23
-22
-18
-10
13
7
14
30
39
43
46
41
64
82
64
59
63
38
26
33
26
30
47
44
29
2
-23
-25
6
-26
-33
-6
-27
-39
-47
-49
-80
-68
-62
-48
-33
-38
-25
-15
-11
-4
3
-6
28
48
51
23
11
7
-13
-6
-5
-17
-25
1
-18
-18
-49
-48
-16
-30
-5
13
6
-10
9
25
30
43
41
58
52
88
90
91
75
97
59
46
78
48
38
53
33
-8
-12
-39
-32
-31
-36
-41
-69
-79
-78
-91
-84
-70
-58
-51
-51
-32
-13
-26
-39
-40
-30
-8
-15
-8
-1
-3
-11
-16
-10
-8
-20
1
8
-16
-29
-42
-58
-74
-72
-43
-34
-44
-60
-57
-74
-77
-78
-67
-60
-49
-32
-30
-26
-47
-39
-50
-22
-15
-29
3
14
-23
-22
-6
-24
-16
-39
-32
-16
-32
-36
-34
-53
-79
-48
-53
-66
-67
-59
-58
-69
-59
-51
-14
-18
-13
8
28
17
37
45
27
67
72
52
60
60
35
35
47
44
56
24
9
-3
-19
-26
-18
-30
-35
-39
-46
-51
-45
-61
-80
-60
-69
-63
-59
-68
-72
-71
-67
-79
-69
-68
-56
-39
-56
-60
-63
-63
-47
-41
-42
-30
-31
-21
-46
-48
-53
-46
-44
-62
-56
-79
-66
-67
-62
-74
-77
-77
-69
-62
-61
-57
-37
-17
-36
-13
-12
-27
2
12
27
31
24
23
20
19
5
12
16
7
23
20
5
-12
-17
-2
7
11
-3
-4
-14
-8
-9
-9
5
27
23
26
35
41
49
44
39
62
62
72
58
64
60
44
46
32
17
31
38
30
36
25
14
11
1
8
17
-6
-9
-17
-24
-10
-13
-17
2
-7
-9
-4
-9
-5
3
15
10
18
3
-1
3
9
5
1
6
4
-1
0
-3
-20
-8
6
6
-19
-2
10
-1
9
-5
-1
6
18
21
31
33
8
36
17
29
27
41
61
82
68
53
57
55
50
36
48
48
53
49
44
41
42
36
36
35
23
43
36
38
21
26
18
8
13
-5
17
26
45
44
25
25
27
32
24
31
25
37
30
13
3
-2
-2
-16
-13
-22
-15
-24
-34
-34
-41
-48
-59
-55
-48
-49
-52
-38
-34
-28
-35
-40
-26
-35
-22
-25
-34
-22
-18
-25
-36
-26
-21
-3
4
-5
0
-9
-35
-33
-39
-37
-22
-30
-62
-40
-47
-51
-56
-55
-45
-54
-58
-46
-19
-39
-23
-19
-10
-14
-13
-4
3
22
1
11
33
28
20
14
35
47
24
35
26
18
33
16
18
18
31
14
26
8
4
17
3
9
8
7
11
29
22
21
13
7
15
0
7
25
16
18
13
7
-13
-21
-15
-9
-15
-26
-32
-28
-36
-55
-41
-30
-53
-37
-48
-44
-44
-57
-29
-31
-40
-32
-31
-41
-38
-35
-26
-29
-18
-18
-21
-31
-32
-17
-30
-33
-41
-31
-31
-36
-27
-31
-48
-39
-26
-35
-18
-13
-8
-3
-10
-13
-9
-8
-1
8
35
37
11
15
28
16
28
36
34
43
39
42
43
32
40
54
40
50
64
56
49
45
35
37
32
18
38
23
30
23
18
34
20
21
2
12
-2
-1
6
8
15
-14
5
-9
-5
9
5
-4
-12
-10
-10
-1
-20
-4
-2
6
-8
-13
-10
-22
-25
-15
-18
-33
-38
-34
-40
-43
-43
-34
-33
-30
-34
-24
-27
-37
-24
-39
-33
-8
-11
-16
1
1
-14
-15
-6
-10
5
-9
5
5
-3
4
1
13
-2
28
24
20
42
28
38
29
22
36
38
50
29
26
26
31
34
40
40
30
39
35
36
29
46
49
36
39
36
33
32
32
53
49
38
22
27
29
26
32
39
17
9
1
17
10
2
19
16
16
20
13
10
18
37
28
10
21
12
18
14
9
9
21
21
12
-4
6
3
-3
-11
-11
-1
2
6
-10
-12
-15
-9
0
-11
-4
0
8
-4
-1
7
2
5
-1
-1
14
28
38
17
40
43
39
42
12
31
5
10
35
26
53
60
64
74
75
60
31
20
32
30
54
64
72
80
88
105
74
52
40
37
39
32
51
79
86
90
70
57
54
56
31
1
6
17
15
13
17
23
22
7
-2
-7
-22
-41
-45
-33
-16
-25
4
6
-7
-2
-27
-36
-35
-50
-36
-16
0
8
3
0
-5
-14
0
-19
-17
-23
-24
-19
-26
-15
-16
-1
-4
-2
-5
-33
-41
-33
-36
-42
-40
-39
-45
-36
-36
-33
-31
-36
-34
-31
-27
-18
-15
-23
-3
-1
-12
7
20
-2
-1
5
9
26
4
6
24
15
15
29
13
14
9
24
21
11
10
26
18
6
17
-6
3
-7
-6
-2
-9
-9
-18
-23
-39
-36
-28
-21
-20
-37
-36
-42
-51
-52
-42
-42
-61
-60
-58
-57
-67
-68
-53
-55
-66
-50
-51
-62
-58
-52
-49
-37
-23
-55
-43
-53
-56
-45
-36
-33
-45
-35
-31
-24
-38
-44
-22
-20
-33
-24
-29
-20
-16
-31
-33
-33
-40
-44
-31
-39
-44
-48
-31
-41
-29
-29
-34
-19
-21
-23
-18
-12
0
-1
0
6
9
9
1
4
16
10
5
16
-9
-3
7
-2
5
1
-2
-2
9
9
5
3
-3
-1
7
0
-14
-2
-5
-8
9
3
-11
-14
-11
-25
-23
-23
-24
-24
-24
-38
-43
-47
-60
-56
-57
-51
-55
-72
-50
-66
-73
-69
-73
-88
-82
-80
-94
-89
-79
-63
-70
-51
-62
-54
-52
-42
-34
-28
-35
-27
-23
-33
-23
-34
-30
-18
-33
-43
-35
-17
-32
-45
-34
-38
-52
-40
-47
-61
-56
-54
-41
-14
-13
-20
-13
-26
-22
-32
-25
-29
-16
-10
-2
0
-10
3
-3
-1
-10
-23
-3
1
-14
-18
-22
-26
-33
-10
-24
-14
-24
-45
-19
-30
-35
-30
-15
-31
-40
-52
-54
-31
-59
-44
-37
-53
-54
-58
-72
-64
-53
-56
-43
-61
-73
-80
-65
-78
-75
-69
-93
-104
-95
-104
-107
-92
-103
-85
-99
-109
-115
-98
-101
-103
-100
-113
-113
-104
-87
-76
-85
-79
-73
-82
-69
-53
-56
-65
-55
-66
-60
-65
-67
-70
-60
-58
-70
-67
-70
-69
-76
-77
-80
-68
-80
-67
-67
-72
-58
-64
-38
-27
-36
-46
-28
-24
-17
-29
-30
-31
-28
-27
-44
-47
-38
-53
-59
-50
-52
-47
-53
-66
-54
-61
-77
-58
-62
-65
-67
-82
-68
-74
-66
-70
-65
-71
-83
-65
-99
-91
-88
-99
-90
-86
-94
-95
-95
-96
-81
-107
-107
-99
-118
-105
-102
-124
-135
-125
-123
-115
-117
-104
-110
-122
-112
-105
-90
-96
-100
-89
-103
-98
-95
-96
-81
-90
-65
-53
-61
-58
-72
-57
-45
-55
-61
-66
-75
-58
-54
-47
-50
-49
-44
-46
-44
-62
-52
-56
-48
-60
-45
-41
-35
-31
-41
-23
-36
-32
-30
-29
-36
-44
-34
-48
-46
-36
-40
-46
-39
-52
-52
-48
-55
-43
-48
-47
-44
-47
-53
-53
-58
-54
-57
-54
-62
-62
-58
-70
-59
-61
-64
-78
-90
-76
-81
-88
-75
-94
-111
-86
-104
-107
-105
-106
-98
-111
-116
-110
-106
-107
-86
-92
-102
-91
-88
-78
-76
-78
-88
-78
-85
-81
-65
-86
-59
-65
-60
-63
-43
-46
-44
-43
-33
-16
-16
-8
-24
-28
-23
-8
-28
-38
-33
-45
-58
-62
-56
-50
-72
-75
-53
-63
-69
-64
-56
-55
-52
-64
-65
-59
-59
-45
-60
-56
-73
-63
-71
-71
-64
-48
-48
-60
-54
-64
-77
-61
-63
-71
-51
-69
-82
-73
-67
-66
-80
-79
-75
-90
-93
-92
-87
-92
-97
-83
-87
-99
-91
-85
-81
-96
-102
-97
-97
-98
-89
-100
-111
-97
-106
-109
-96
-101
-122
-120
-117
-124
-121
-113
-96
-112
-125
-108
-98
-77
-83
-85
-65
-63
-65
-64
-43
-45
-61
-38
-35
-27
-25
-27
-13
-27
-25
-16
-29
-34
-28
-24
-27
-32
-36
-49
-38
-47
-57
-54
-42
-27
-51
-41
-42
-50
-53
-47
-71
-66
-55
-67
-72
-73
-74
-72
-74
-61
-52
-70
-60
-67
-81
-76
-76
-86
-80
-84
-90
-74
-89
-86
-76
-88
-93
-83
-77
-82
-91
-86
-83
-85
-82
-92
-86
-73
-76
-81
-83
-74
-71
-67
-65
-82
-91
-84
-79
-80
-87
-77
-88
-89
-79
-80
-92
-79
-87
-73
-85
-85
-55
-65
-41
-28
-45
-39
-29
-31
-18
-28
-16
-10
-13
1
6
-9
2
9
15
30
12
8
18
16
3
2
6
-16
-10
6
-9
-22
-30
-34
-19
-34
-35
-37
-33
-46
-56
-47
-52
-46
-49
-70
-79
-64
-72
-84
-70
-71
-75
-81
-86
-83
-87
-74
-102
-101
-89
-88
-101
-111
-109
-120
-89
-104
-86
-84
-101
-88
-88
-102
-109
-88
-85
-78
-81
-77
-89
-87
-88
-76
-63
-73
-62
-80
-83
-69
-79
-60
-67
-66
-62
-83
-79
-70
-62
-59
-73
-65
-51
-53
-49
-45
-45
-56
-43
-45
-55
-52
-32
-35
-40
-34
-26
-13
-10
-9
-9
-10
-16
-6
-3
-9
-17
-24
-15
-22
-28
-28
-31
-30
-24
-30
-46
-41
-50
-57
-52
-63
-60
-51
-45
-68
-65
-60
-77
-68
-87
-89
-101
-91
-91
-92
-100
-90
-100
-109
-111
-115
-102
-111
-107
-96
-114
-119
-101
-122
-110
-133
-110
-95
-106
-94
-114
-113
-106
-104
-110
-104
-111
-89
-87
-87
-88
-72
-82
-94
-74
-76
-75
-82
-81
-78
-92
-72
-80
-76
-66
-82
-66
-73
-80
-73
-73
-64
-60
-74
-68
-48
-55
-48
-28
-45
-52
-37
-40
-38
-38
-39
-41
-21
-29
-39
-45
-32
-31
-35
-36
-42
-39
-62
-48
-58
-56
-67
-67
-56
-50
-41
-42
-34
-24
-42
-43
-45
-57
-49
-62
-65
-41
-67
-73
-53
-60
-70
-62
-65
-65
-76
-88
-80
-83
-89
-82
-90
-106
-88
-79
-85
-95
-106
-103
-96
-83
-71
-78
-82
-76
-69
-66
-55
-68
-61
-46
-40
-41
-45
-47
-59
-30
-35
-52
-31
-35
-37
-45
-45
-45
-52
-47
-50
-53
-48
-47
-50
-42
-28
-38
-45
-28
-30
-16
-11
-8
-23
-26
-15
-18
-21
-34
-23
-20
-14
-27
-9
-21
-37
-20
-24
-34
-39
-28
-37
-42
-45
-47
-57
-44
-41
-53
-50
-63
-48
-51
-62
-41
-56
-50
-34
-48
-47
-47
-48
-50
-54
-60
-49
-51
-50
-53
-73
-66
-64
-65
-59
-58
-61
-70
-73
-59
-64
-81
-86
-82
-85
-71
-66
-64
-63
-68
-67
-70
-63
-64
-66
-50
-42
-42
-51
-46
-60
-39
-33
-51
-49
-51
-62
-52
-50
-44
-42
-57
-54
-48
-45
-60
-46
-43
-50
-41
-35
-42
-44
-40
-30
-31
-20
-40
-41
-33
-43
-21
-34
-36
-26
-31
-39
-28
-36
-48
-50
-46
-55
-42
-48
-48
-55
-62
-52
-50
-68
-80
-58
-70
-68
-78
-70
-63
-70
-52
-47
-63
-59
-73
-61
-53
-73
-65
-76
-79
-77
-85
-88
-74
-62
-73
-80
-71
-82
-82
-91
-85
-77
-78
-78
-85
-86
-95
-60
-56
-61
-63
-63
-57
-50
-54
-55
-41
-49
-40
-33
-27
-18
-29
-36
-33
-32
-38
-41
-38
-36
-35
-44
-42
-34
-41
-29
-44
-25
-27
-38
-24
-30
-36
-38
-46
-34
-31
-53
-37
-30
-39
-32
-24
-26
-35
-33
-30
-33
-24
-32
-20
-13
-18
-19
-37
-23
-20
-30
-19
-31
-38
-30
-28
-36
-40
-37
-33
-46
-54
-40
-66
-55
-45
-58
-51
-53
-42
-56
-52
-47
-53
-54
-30
-30
-41
-41
-58
-38
-54
-57
-61
-44
-57
-55
-54
-69
-42
-45
-52
-49
-37
-40
-32
-33
-26
-26
-41
-22
-8
-3
-19
-11
-6
2
-15
-10
-8
-11
-4
-6
-6
-12
12
-8
-11
-10
-10
-12
-23
-12
-23
-29
-22
-20
-25
-34
-37
-31
-32
-23
-22
-35
-26
-28
-34
-25
-26
-25
-25
-21
-26
-41
-25
-28
-30
-20
-32
-19
-27
-33
-27
-38
-35
-41
-48
-53
-36
-39
-59
-65
-75
-67
-64
-70
-63
-58
-73
-75
-70
-56
-59
-64
-60
-59
-65
-74
-60
-64
-53
-60
-60
-56
-53
-45
-56
-62
-51
-43
-62
-48
-51
-48
-39
-54
-50
-43
-42
-34
-35
-41
-35
-38
-37
-54
-35
-38
-54
-56
-60
-38
-34
-49
-29
-19
-24
-34
-40
-33
-46
-39
-43
-33
-41
-60
-50
-62
-39
-44
-60
-60
-57
-55
-55
-37
-48
-32
-25
-21
-20
-25
-47
-37
-24
-30
-39
-47
-29
-54
-53
-43
-37
-65
-39
-60
-68
-38
-52
-46
-58
-60
-68
-58
-69
-65
-70
-70
-56
-66
-80
-70
-77
-73
-60
-74
-58
-60
-65
-74
-68
-67
-63
-76
-74
-65
-76
-80
-78
-59
-75
-55
-66
-67
-61
-69
-70
-61
-55
-63
-62
-62
-61
-71
-64
-64
-63
-73
-65
-52
-51
-62
-58
-51
-62
-66
-58
-70
-65
-70
-57
-42
-55
-42
-48
-47
-55
-55
-40
-54
-66
-57
-62
-62
-54
-52
-59
-39
-58
-66
-61
-53
-60
-69
-68
-73
-69
-87
-76
-65
-76
-57
-62
-74
-64
-68
-56
-59
-63
-59
-74
-76
-80
-81
-83
-92
-78
-87
-87
-94
-100
-80
-76
-94
-89
-84
-86
-80
-96
-66
-68
-81
-74
-77
-74
-74
-66
-63
-68
-54
-59
-58
-74
-67
-70
-71
-79
-79
-67
-75
-70
-72
-66
-77
-72
-74
-71
-72
-64
-59
-63
-58
-68
-55
-60
-50
-50
-67
-42
-53
-43
-39
-58
-62
-53
-54
-60
-74
-75
-70
-49
-48
-53
-49
-59
-65
-50
-42
-52
-72
-56
-56
-62
-56
-63
-40
-55
-48
-44
-67
-47
-49
-53
-48
-54
-47
-36
-19
-35
-60
-52
-55
-53
-69
-65
-56
-65
-82
-73
-60
-91
-82
-85
-77
-75
-75
-65
-68
-77
-82
-64
-73
-54
-46
-50
-54
-65
-64
-47
-47
-51
-43
-41
-28
-33
-48
-34
-22
-28
-31
-29
-32
-21
-27
-25
-12
-11
-12
-13
-30
-43
-23
-27
-19
-33
-40
-26
-9
-17
-34
-20
-22
-15
-24
-17
-20
-11
-21
-30
-21
-24
-9
-19
-20
-15
-9
-13
-17
-20
-4
1
-6
-1
5
-3
-4
-3
-8
-2
-7
1
6
-6
-12
-4
-11
-9
-7
-32
-15
-6
-14
-15
-18
-29
-30
-16
-37
-20
-24
-26
-17
-20
-42
-37
-23
-34
-28
-38
-27
-26
-31
-34
-17
-15
-10
-7
-15
-18
-9
1
-11
-21
-8
-2
-8
-21
-23
-27
-24
-22
-23
-26
-23
-19
-33
-20
-20
-38
-17
-29
-25
-27
-32
-32
-39
-34
-40
-29
-29
-30
-30
-26
-33
-19
-37
-43
-32
-38
-40
-44
-41
-40
-45
-43
-37
-70
-55
-50
-49
-57
-36
-45
-52
-40
-52
-52
-61
-53
-54
-42
-50
-57
-48
-44
-49
-54
-46
-46
-46
-45
-51
-34
-47
-56
-61
-59
-49
-64
-50
-38
-46
-46
-52
-60
-51
-55
-62
-62
-70
-68
-56
-48
-50
-47
-52
-59
-53
-57
-51
-57
-61
-28
-34
-44
-46
-51
-47
-55
-56
-50
-54
-49
-53
-43
-42
-53
-38
-41
-39
-34
-47
-33
-17
-34
-32
-17
-28
-25
-26
-30
-13
-11
-17
-18
-14
-18
-32
-24
-24
-21
-36
-29
-40
-40
-30
-48
-50
-39
-28
-40
-29
-37
-40
-41
-39
-31
-32
-32
-36
-50
-50
-46
-42
-47
-45
-39
-57
-53
-49
-32
-48
-48
-45
-42
-41
-42
-35
-43
-54
-52
-54
-44
-58
-53
-65
-65
-61
-63
-63
-39
-39
-51
-46
-48
-28
-43
-47
-40
-43
-52
-44
-39
-33
-32
-37
-33
-30
-25
-39
-40
-32
-35
-31
-28
-39
-30
-35
-37
-10
-24
-33
-25
-13
-14
-22
-16
-7
-12
-17
-26
-7
1
-14
-11
-8
-15
-15
-13
-10
-9
-17
-5
-2
-15
-2
0
-4
-10
2
12
-14
-7
-11
-5
-18
-19
-7
-22
-11
-18
-10
-7
-14
-14
-31
-42
-9
-17
-10
-13
-16
-19
-15
-12
-6
-9
-22
-8
-7
-13
-20
-24
-9
-5
-16
-21
-25
-27
-22
-17
-28
-11
-8
-13
-16
-17
-10
3
-7
-24
-16
-21
-16
-16
-22
-18
-24
-26
-26
-28
-33
-30
-33
-39
-32
-35
-38
-19
-41
-38
-31
-11
-20
-33
-19
-31
-35
-29
-25
-34
-29
-22
-16
-31
-30
-34
-31
-33
-33
-27
-29
-23
-28
-29
-25
-30
-38
-51
-52
-29
-33
-44
-19
-30
-47
-47
-45
-29
-31
-24
-37
-35
-48
-36
-42
-31
-38
-50
-20
-32
-21
-50
-50
-45
-46
-40
-45
-50
-40
-34
-33
-38
-35
-36
-42
-31
-39
-54
-53
-42
-44
-51
-46
-52
-39
-42
-67
-44
-45
-36
-37
-42
-34
-36
-40
-51
-50
-42
-41
-47
-45
-69
-56
-48
-38
-56
-63
-51
-63
-49
-48
-56
-66
-62
-48
-58
-55
-49
-38
-39
-39
-27
-34
-38
-32
-28
-34
-56
-26
-34
-29
-25
-33
-26
-17
-18
-31
-11
-20
-19
-27
-28
-26
-39
-28
-23
-38
-29
-26
-33
-24
-24
-35
-45
-36
-31
-26
-29
-24
-35
-27
-24
-30
-25
-38
-27
-20
-21
-14
-20
-16
-17
-24
-9
-9
-15
-16
-24
-13
-19
-28
-27
-33
-31
-36
-22
-24
-25
-20
-11
-21
-13
3
4
-23
-9
-9
-8
7
-9
7
-4
11
7
13
8
4
-8
4
-7
2
0
-4
13
-3
1
-9
-9
9
10
1
14
19
12
5
0
20
13
2
25
18
12
18
0
2
15
12
10
10
22
9
9
14
33
16
15
4
12
11
-19
-7
8
4
-2
18
-4
-3
11
9
14
16
16
2
9
1
-16
-12
5
1
9
18
0
-8
0
-2
8
3
-3
-8
-13
-7
-5
12
-2
3
12
15
-5
-2
11
9
22
8
10
-3
7
5
-6
30
5
18
14
-3
9
23
2
-5
14
14
-1
15
14
15
14
-1
1
10
2
0
4
11
19
12
8
6
22
7
14
21
20
21
11
10
6
19
21
18
16
23
35
27
21
20
30
20
22
23
12
25
16
8
20
3
-1
8
-7
2
-7
-12
-3
8
2
18
4
3
10
6
4
12
14
-4
11
-13
4
11
10
10
4
-4
-17
2
-11
0
0
-2
-7
-8
-4
-3
8
2
-1
-7
-22
-5
-1
-4
-3
-16
-8
-17
-4
3
-20
10
12
-9
-7
-6
-2
-2
6
4
1
1
7
5
0
8
-7
-1
-6
-15
5
-2
10
9
9
1
0
8
-2
-3
-4
0
1
-13
-9
13
4
16
23
18
4
-2
1
20
20
5
9
2
4
-12
-20
-7
1
-14
-23
-18
-10
-8
-21
-18
-18
-16
0
-16
-18
-14
0
-3
-20
-21
-13
-8
-3
-19
6
1
4
16
-4
-1
-5
15
9
14
-13
-5
13
13
8
3
10
6
1
5
-5
2
-5
-9
-6
13
2
9
16
-1
-9
-10
31
1
8
0
-4
10
8
12
8
-13
4
5
6
3
-16
-15
-10
-9
-17
1
-15
-2
6
-8
-13
-12
-2
-8
-3
-3
-5
-11
-6
0
4
6
3
-14
-9
-5
0
15
3
13
5
17
1
12
20
-9
-17
-2
4
0
-6
-6
7
2
10
9
17
16
-1
24
5
-2
8
9
11
14
10
1
22
13
12
-1
-2
9
4
16
1
1
2
-4
4
9
11
3
-14
-7
10
4
-12
-5
5
9
5
15
15
27
12
5
14
-3
16
6
6
9
1
19
2
1
10
-3
-4
-6
11
15
-2
8
20
25
30
16
26
27
32
23
8
28
19
22
25
25
24
33
25
29
40
24
25
32
21
21
24
26
35
31
21
17
25
13
12
8
11
9
8
10
4
6
9
-3
-10
3
7
5
4
3
9
8
8
7
-1
-4
6
1
12
-3
12
6
-19
-7
6
12
17
12
-1
-3
-9
-3
5
5
12
16
10
12
13
1
10
-1
14
24
6
-1
8
6
14
5
2
10
16
24
15
16
15
11
19
5
7
9
2
26
11
10
1
-6
10
-3
17
26
18
37
24
10
12
25
12
34
29
25
26
24
41
28
18
16
13
17
7
21
10
17
13
-3
18
18
9
19
1
-1
5
6
26
11
9
16
17
13
25
12
1
9
18
11
6
1
9
17
22
14
-4
10
-2
2
2
-6
-3
-2
-7
4
14
5
0
-4
18
13
-1
4
-4
2
22
0
-1
12
7
-3
17
14
8
16
23
20
2
19
25
19
21
30
30
11
26
20
11
21
12
9
14
17
23
26
18
19
34
43
20
19
29
20
14
6
16
38
14
14
18
20
24
25
36
26
20
32
21
24
6
22
21
13
22
24
36
15
30
26
33
33
37
49
38
38
35
43
53
46
41
33
23
46
39
28
26
29
28
25
33
40
31
27
27
14
21
29
25
23
24
23
21
40
42
46
50
30
33
50
45
37
31
32
43
46
48
37
48
57
55
56
48
57
51
35
44
52
54
42
43
43
53
71
57
42
63
61
53
68
47
54
56
41
65
50
56
55
66
44
56
48
44
60
45
46
50
50
45
42
25
46
34
39
30
30
42
35
28
28
37
45
36
40
31
14
16
29
19
25
19
18
30
23
9
12
32
20
24
19
9
13
28
19
7
15
23
29
39
30
35
23
33
37
27
34
29
44
45
45
56
34
37
52
20
32
42
7
25
19
28
27
18
31
28
30
33
30
29
30
35
49
33
39
51
44
46
29
33
49
42
42
54
55
52
51
47
40
45
46
49
48
47
30
28
36
28
34
42
37
28
21
30
24
24
32
23
20
26
21
11
-1
2
22
-2
29
12
4
8
6
9
9
28
20
13
6
20
13
19
13
21
15
6
15
14
17
22
24
15
21
35
29
11
6
25
24
18
32
29
23
30
27
38
30
28
18
38
32
24
29
38
42
28
24
28
36
25
44
28
31
38
36
27
23
29
33
47
25
9
12
20
20
21
16
26
13
25
24
8
9
19
23
19
28
18
19
5
24
17
5
23
33
34
27
25
20
17
15
22
15
7
12
9
24
30
22
6
7
17
15
30
1
6
18
14
26
17
12
25
19
28
47
29
35
38
29
21
29
33
44
23
24
30
20
17
22
28
15
27
17
24
26
18
23
25
25
14
14
22
18
18
4
16
18
-3
12
22
11
23
31
25
14
12
24
15
17
3
0
6
10
17
17
12
7
8
10
4
16
27
16
23
36
36
27
33
23
17
38
27
13
16
20
22
14
20
27
12
23
24
9
14
5
12
23
14
9
22
13
4
14
9
23
14
22
26
34
34
25
16
7
-1
14
13
0
20
7
3
13
1
-5
-2
-4
4
-6
1
-10
7
1
-11
-8
-3
3
-9
-3
2
16
21
21
29
21
29
23
27
16
7
20
18
31
14
37
27
23
26
1
-1
3
-3
11
2
5
1
-3
10
-19
-10
-1
-10
-11
-5
-15
-11
-18
-29
-19
-5
-17
-12
-10
-29
-14
-8
-10
-7
-18
-14
-5
-13
-3
-7
-2
-2
-18
-10
-13
-17
-13
-21
-13
-6
-24
-12
-2
-14
-3
-21
-19
0
9
2
2
-4
7
23
15
24
13
8
-2
20
13
-4
19
19
23
21
-5
6
9
0
0
11
7
17
10
13
29
12
11
11
29
23
6
15
20
16
14
20
23
14
-8
13
16
15
20
5
13
-8
3
-3
1
10
-11
-12
-14
0
-8
-23
-15
-11
-2
-8
-1
-6
2
-7
10
10
0
11
7
5
6
6
5
16
1
3
-6
-10
-2
-10
-11
-1
-6
-8
-8
1
8
-10
5
15
-6
2
11
4
0
8
6
0
0
12
9
4
14
18
16
22
20
27
17
22
19
29
20
23
33
28
35
32
15
9
19
13
24
11
10
17
11
12
4
2
7
14
12
18
17
17
27
11
11
15
2
12
24
5
4
5
-7
-9
-11
-12
-9
-12
-36
-23
-13
-18
-25
-25
-23
-18
-21
-30
-15
-16
-7
-24
-17
-18
-35
-26
-23
-18
-23
-19
-15
-15
-4
-11
-23
-26
-8
6
-9
15
23
19
19
10
-5
3
8
17
1
-1
6
5
21
23
12
13
2
4
7
17
17
13
11
23
19
15
26
25
18
27
34
12
21
13
-2
5
8
8
6
2
-7
-8
-6
-1
1
9
10
15
7
3
4
7
2
1
1
12
2
12
16
17
16
7
0
-1
-5
-5
-4
-20
-14
-11
-15
-22
-26
-22
-15
-19
-9
-17
-5
-3
-8
-4
-9
-17
-9
-12
1
-1
11
16
19
17
10
24
2
14
10
13
16
5
18
-2
2
15
20
22
6
19
20
18
32
16
20
28
12
22
14
16
14
23
11
8
16
16
28
26
9
17
20
12
35
30
25
7
11
27
19
14
21
-2
20
11
6
15
1
6
2
6
14
13
15
18
26
28
38
25
11
20
13
4
15
25
15
19
36
22
11
40
18
19
25
22
35
21
23
10
22
14
9
5
14
10
1
20
-7
-1
1
13
7
11
24
18
34
23
22
18
21
13
4
7
11
13
-3
13
8
22
24
25
14
13
35
40
44
37
31
21
24
22
28
38
35
38
46
36
40
29
51
54
37
38
38
37
18
20
31
21
18
26
12
29
21
9
29
32
42
39
30
41
29
23
28
14
33
22
20
23
29
33
18
14
24
23
11
17
22
23
7
29
37
44
34
17
43
24
20
19
29
20
24
26
11
5
14
34
16
17
16
23
19
24
14
25
40
27
26
19
37
20
5
16
22
40
26
31
26
35
29
29
27
22
18
28
25
22
38
22
33
38
25
34
21
33
27
28
37
30
37
18
34
31
29
47
47
43
31
26
22
27
35
21
31
18
17
23
16
18
-3
7
7
9
-1
-13
4
0
-5
-5
3
10
-3
-2
-11
-2
5
1
6
4
-5
11
13
13
4
5
9
-5
-3
-5
15
18
-1
-9
-16
-19
-11
-20
-9
-8
-15
-3
-8
-10
-5
-3
-1
-13
1
8
33
26
4
23
8
13
6
1
4
-4
2
-6
0
-9
1
1
5
4
6
2
-1
11
13
14
-1
2
8
7
18
23
16
5
7
-4
-4
6
-6
13
8
3
3
11
8
8
4
12
9
6
1
5
20
28
13
4
13
13
12
22
28
18
10
20
12
22
20
14
19
20
30
19
5
8
16
10
10
-3
18
10
7
26
33
29
28
34
30
31
15
21
23
20
28
24
23
15
7
25
33
23
24
30
19
26
22
13
29
31
26
19
32
30
28
19
30
37
37
49
30
31
38
38
39
50
37
47
40
36
43
49
41
53
64
47
40
46
41
41
47
44
62
49
50
46
39
59
43
43
58
30
18
36
37
44
37
38
25
38
35
31
34
28
23
21
36
36
27
29
36
30
39
41
48
33
42
34
40
53
43
45
47
46
35
33
48
51
33
43
46
41
39
42
45
46
47
33
29
47
52
48
50
50
59
56
57
55
71
59
57
53
57
56
57
72
62
44
40
70
62
45
43
40
29
26
25
21
32
34
19
18
25
28
34
31
27
36
27
36
36
30
22
38
33
18
20
15
25
8
21
9
13
17
4
12
7
11
10
3
5
19
18
6
23
15
16
20
11
13
22
22
38
42
28
28
36
22
27
32
25
25
20
28
39
23
18
23
28
20
21
23
29
23
13
26
18
28
37
33
18
25
23
20
34
8
-9
5
30
23
24
20
24
15
28
29
24
17
6
7
8
8
19
29
18
36
28
24
36
31
35
32
15
28
23
16
41
38
23
31
16
31
23
15
34
15
13
27
12
14
20
24
26
23
24
32
31
21
23
14
32
27
27
13
25
21
17
23
38
35
18
31
33
29
34
27
20
38
30
35
35
25
4
21
22
18
21
11
12
27
-4
3
7
13
15
8
28
20
22
10
18
30
12
17
14
0
17
22
31
32
33
32
36
22
44
39
25
41
24
27
38
30
40
52
37
27
39
44
35
32
33
17
22
22
33
32
19
29
39
36
31
44
25
13
19
32
16
21
23
16
23
42
42
38
28
34
41
28
54
41
35
56
52
43
54
47
50
55
57
44
50
53
47
48
39
50
53
57
49
52
39
57
42
48
50
57
56
45
51
56
57
65
62
42
59
59
56
68
74
65
71
81
75
78
66
66
75
70
94
73
61
68
61
59
51
62
68
61
61
58
69
60
49
54
65
41
38
47
48
50
39
28
33
48
43
46
52
56
53
52
41
32
48
53
57
43
56
56
44
61
53
50
36
41
49
58
54
28
41
37
22
32
31
35
34
39
36
20
24
27
36
37
33
22
34
39
22
31
40
44
30
28
37
47
46
48
48
57
45
50
54
36
48
54
57
34
36
49
44
55
46
34
33
32
39
25
29
40
28
36
39
33
23
18
42
30
10
19
31
12
21
39
35
29
14
11
17
19
16
38
24
24
28
33
24
16
22
19
20
13
24
23
18
22
16
19
20
18
36
28
20
6
17
26
35
16
26
44
32
31
28
37
21
-3
8
19
12
22
28
34
23
6
23
29
18
17
25
32
28
21
28
41
18
35
25
30
32
28
28
38
21
24
29
20
35
18
31
36
34
25
37
34
26
29
38
37
20
28
40
42
30
22
22
19
15
2
21
18
21
12
19
37
20
21
23
18
8
23
14
2
18
8
-6
8
17
-5
19
19
17
22
13
21
10
9
11
28
25
23
19
21
10
25
24
39
25
26
34
16
37
27
26
19
14
29
20
32
29
6
15
21
17
11
15
17
28
31
14
8
35
37
42
37
34
33
38
50
39
43
36
48
52
32
38
44
27
37
58
51
56
56
42
27
22
20
21
31
33
40
26
32
30
31
38
38
42
30
33
32
54
57
47
47
36
46
64
39
42
38
37
45
16
23
12
19
20
15
31
38
31
46
30
23
29
22
30
44
27
30
39
23
34
38
29
31
42
39
37
38
23
32
50
41
28
35
19
29
28
20
35
11
25
19
27
27
15
21
14
11
18
27
8
15
25
28
44
35
44
43
41
53
35
27
40
30
28
30
30
28
2
19
26
28
26
30
28
34
27
28
41
34
25
28
18
8
25
21
22
25
21
8
17
26
21
16
6
7
3
12
16
6
6
14
8
-5
13
10
3
-6
9
14
5
24
27
6
10
9
0
15
14
9
-2
-9
5
4
5
4
6
13
16
18
3
1
0
-14
-9
1
5
-8
-5
4
13
3
1
-2
-4
2
-11
-2
-10
-4
-4
1
2
-10
4
11
-8
-4
-1
3
4
-14
-14
-3
1
5
-9
-1
-18
-3
-3
-3
2
-19
5
1
-17
-2
15
11
3
-7
16
6
-7
6
0
11
4
6
10
12
3
-7
-8
-10
3
-5
6
24
5
6
23
8
15
15
4
11
8
2
8
15
13
16
10
13
-2
5
19
19
12
10
3
17
14
17
17
7
14
3
17
-3
20
10
-8
12
15
8
-1
20
14
7
17
21
17
6
13
9
1
16
6
19
16
11
22
11
6
10
25
11
0
24
36
19
-7
10
25
24
36
26
32
19
12
13
7
28
25
15
20
20
0
11
13
15
14
33
18
17
11
8
29
17
14
-1
5
-8
-3
4
6
16
-13
11
29
8
-5
-5
2
16
5
-4
8
6
-2
-7
4
-3
10
15
0
-11
-12
4
3
4
1
7
5
-6
8
-8
-2
5
1
-7
1
-3
-1
-7
-6
-1
-6
-17
-5
-14
-22
-7
-25
2
-2
-7
-10
-3
-5
1
4
-3
-8
-1
4
1
-3
-19
10
5
10
14
10
22
9
6
21
5
25
21
6
15
11
3
3
5
-2
6
9
6
-2
-4
8
2
13
1
12
14
-12
1
-3
2
0
-6
-2
-3
1
13
5
3
-5
-14
0
0
0
-12
-16
-1
-1
-10
-5
-1
6
1
-1
-6
-12
6
3
-1
-3
8
6
-1
14
-7
-4
-3
9
12
15
28
20
24
19
22
24
25
23
14
13
24
11
18
21
22
18
10
13
30
28
31
21
10
23
31
31
22
23
23
31
26
29
29
26
14
19
21
17
24
19
24
17
13
21
27
14
7
25
12
10
21
-1
4
16
-4
10
13
-6
7
3
12
-7
-13
-7
-4
0
4
6
-5
2
2
0
1
-3
-13
-3
-5
9
4
7
11
22
16
10
9
6
30
13
8
-5
5
0
-3
-2
0
13
-5
3
12
-6
15
8
1
8
3
3
7
-6
-2
-1
-8
5
2
8
7
3
13
4
6
0
11
10
10
-2
13
24
-1
8
8
9
17
35
31
18
21
18
0
30
19
12
8
19
11
4
16
0
8
-3
12
7
1
7
17
18
20
9
3
10
0
-5
14
6
1
6
3
2
8
21
14
26
3
-1
7
-2
2
12
5
1
-4
2
18
18
8
2
13
19
15
16
0
-9
6
7
4
17
21
15
16
1
13
8
11
14
7
10
15
26
10
10
16
22
20
11
18
20
20
28
16
22
25
23
28
22
33
32
39
22
13
19
16
9
15
20
26
46
37
20
24
17
36
40
27
24
18
15
17
14
18
10
6
15
19
18
14
15
7
8
16
9
5
