-5
2
10
-5
1
-8
0
2
-7
-2
-16
-12
-5
-10
-7
-6
-14
-9
-6
-15
-24
-22
-24
-9
-16
-12
-5
-8
-4
-22
2
-15
-9
-7
-13
-14
-25
-16
-25
-29
-27
-42
-56
-34
-29
-45
-34
-30
-25
-33
-45
-48
-25
-33
-16
-17
-34
-30
-29
-51
-53
-52
-66
-52
-40
-33
-35
-45
-63
-55
-26
-27
-39
-48
-48
-44
-36
-48
-47
-40
-41
-50
-43
-24
-33
-36
-23
-24
-31
-45
-33
-29
-35
-12
-16
-23
-14
-16
-28
-22
-21
-16
-26
-30
-20
-12
-31
-29
-34
-36
-20
-30
-34
-46
-26
-17
-37
-29
-20
-16
-20
-24
-10
-30
-28
-8
-16
-23
-22
-35
-30
-41
-41
-37
-55
-38
-52
-44
-24
-22
-21
-30
-31
-29
-28
-29
-15
-17
-36
-19
-24
-28
-16
-18
-25
-19
-5
-17
-6
7
2
-21
-10
0
-8
2
-6
-13
-5
2
2
-17
-8
3
-1
21
-3
18
7
7
18
-1
14
19
16
17
8
19
20
6
14
5
11
18
5
-6
0
5
10
10
0
1
6
10
1
2
10
8
15
11
16
11
22
24
7
16
16
21
21
12
23
3
14
16
7
14
3
19
10
3
12
15
10
2
16
15
3
11
19
19
5
8
2
2
7
0
-3
6
-9
1
17
9
12
-6
0
-4
1
-12
-9
1
-20
-1
1
-15
-8
1
-9
-10
-3
0
-15
-4
-6
5
11
16
5
0
10
10
20
5
14
26
24
23
30
28
28
18
23
20
9
9
26
8
19
18
25
19
-3
21
12
-5
11
11
18
6
15
7
12
19
10
21
3
-2
-3
-1
-14
4
-4
2
-14
-9
-12
-18
-8
-23
-25
-27
-18
-28
-25
-19
-22
-26
-32
-44
-36
-30
-25
-32
-38
-29
-44
-39
-42
-32
-30
-32
-42
-57
-39
-33
-43
-44
-36
-24
-35
-39
-25
-42
-26
-29
-29
-21
-28
-19
-32
-19
-36
-38
-27
-35
-20
-29
-27
-17
-18
-35
-29
-20
-36
-22
-23
-28
-29
-17
-4
-28
-35
-30
-34
-40
-33
-22
-25
-28
-29
-40
-42
-31
-34
-38
-46
-46
-36
-33
-36
-31
-40
-39
-21
-30
-34
-31
-37
-22
-41
-50
-53
-44
-37
-44
-47
-42
-38
-38
-44
-49
-32
-41
-42
-52
-41
-41
-38
-29
-40
-34
-39
-38
-41
-43
-48
-48
-49
-46
-48
-49
-31
-37
-41
-26
-37
-29
-49
-44
-28
-52
-42
-28
-38
-39
3
-21
-24
-16
2
-7
-20
-10
-10
-7
-3
-2
-10
-11
-4
9
-11
5
0
7
1
15
20
-2
7
8
11
6
8
17
22
19
21
1
24
11
12
-2
5
21
11
8
20
15
20
19
24
17
15
40
15
15
14
21
26
32
33
38
22
30
24
15
29
30
30
30
30
28
26
25
29
29
23
27
16
25
31
25
29
37
37
21
25
29
19
21
34
28
18
41
38
42
43
38
47
56
47
33
38
58
55
56
59
71
54
71
74
59
78
78
75
94
63
80
80
79
92
76
90
80
68
74
91
76
82
82
82
75
91
58
65
81
62
75
70
60
59
48
61
44
46
67
52
55
39
54
60
70
49
61
55
38
66
33
36
44
46
33
31
44
33
38
32
38
37
26
22
38
23
28
16
-6
14
32
20
33
30
16
19
21
9
11
21
25
23
16
14
18
13
7
32
14
3
20
15
20
30
33
20
3
5
1
21
31
33
13
18
20
10
14
11
5
15
4
14
13
-3
0
-12
-10
-6
-4
-12
-9
-25
-25
-7
-9
-9
-23
-16
-13
-13
1
-11
1
-5
2
-1
1
8
-8
-13
-7
-9
-1
-8
-12
-16
-21
-15
-5
-21
-25
-13
-40
-27
-33
-31
-28
-36
-30
-34
-30
-36
-43
-30
-28
-28
-25
-25
-29
-34
-29
-24
-28
-31
-45
-37
-21
-32
-35
-9
-26
-29
-30
-23
2
-20
-15
-35
-27
-14
-35
-25
-22
-44
-42
-34
-35
-41
-33
-24
-41
-45
-33
-25
-40
-27
-16
-17
-32
-28
-16
-22
-18
-38
-30
-23
-22
-19
-10
-10
-13
-26
-10
-17
-28
-18
-8
-10
-28
-18
-17
-13
-31
-34
-26
-23
-17
-20
-29
-32
-17
-20
-16
-16
-22
-4
-27
-32
-28
-27
-19
-25
-31
-12
-8
-8
-2
-20
-20
5
-6
-1
1
10
10
6
6
12
11
11
19
1
10
8
18
21
12
2
15
6
5
4
-3
9
8
4
-3
2
9
12
7
5
-4
3
11
28
14
6
18
17
19
1
9
23
24
17
15
14
26
23
18
23
43
30
33
22
30
22
15
20
23
39
26
25
18
23
21
25
18
8
33
25
17
12
24
25
26
22
26
27
12
24
12
8
1
11
19
1
9
-7
0
4
-1
10
-2
5
3
-1
-15
-2
-4
-4
6
3
-6
-28
-5
-13
-16
-3
-9
-4
-9
-10
-9
2
1
-3
3
11
6
-7
-1
11
-4
8
-2
-17
-6
-3
13
18
27
11
12
15
14
11
15
9
22
1
18
19
20
37
19
29
31
28
21
19
15
12
0
14
13
14
4
2
6
7
18
-1
0
-9
0
15
11
13
5
-6
-6
-10
-12
-6
-7
-12
-16
-12
-14
-6
-6
-7
-12
5
-7
-19
-17
-15
-2
-15
-24
-15
-6
-14
-23
-22
-7
-14
-17
-18
-18
-6
-29
-32
-22
-17
-23
-33
-30
-14
-22
-25
-17
-30
-25
-18
-21
-27
-31
-29
-32
-23
-28
-29
-16
-17
-17
-25
-24
-12
-14
-26
-40
-39
-30
-37
-22
-26
-35
-34
-27
-36
-28
-33
-44
-32
-35
-41
-33
-29
-26
-37
-43
-51
-39
-38
-41
-40
-55
-49
-66
-56
-62
-68
-42
-62
-67
-64
-77
-71
-55
-60
-56
-68
-69
-71
-67
-46
-64
-64
-65
-65
-65
-52
-50
-56
-69
-58
-77
-72
-72
-65
-70
-84
-68
-65
-45
-77
-52
-67
-61
-52
-59
-50
-62
-47
-56
-52
-56
-53
-60
-67
-58
-57
-59
-56
-48
-53
-39
-51
-44
-37
-40
-54
-41
-40
-50
-33
-47
-55
-50
-59
-40
-35
-54
-25
-41
-29
-27
-43
-41
-37
-36
-48
-60
-47
-33
-44
-32
-29
-29
-24
-34
-37
-43
-28
-36
-57
-57
-43
-59
-57
-54
-61
-72
-72
-60
-70
-62
-67
-65
-78
-81
-76
-73
-84
-86
-81
-73
-79
-83
-67
-90
-87
-67
-75
-81
-71
-61
-70
-52
-64
-66
-78
-61
-51
-73
-70
-72
-70
-78
-69
-55
-45
-52
-57
-60
-52
-62
-63
-48
-61
-67
-56
-50
-59
-70
-49
-54
-54
-51
-41
-32
-47
-35
-42
-44
-37
-43
-39
-41
-55
-54
-62
-60
-63
-64
-58
-76
-78
-61
-70
-76
-79
-85
-88
-67
-79
-67
-65
-69
-66
-78
-67
-82
-81
-76
-77
-77
-78
-96
-88
-77
-93
-90
-78
-84
-71
-78
-74
-62
-74
-67
-65
-76
-65
-58
-62
-82
-72
-73
-68
-69
-72
-80
-73
-56
-69
-64
-77
-76
-75
-67
-49
-58
-55
-59
-58
-51
-43
-57
-58
-55
-66
-68
-62
-53
-64
-69
-82
-67
-66
-78
-87
-73
-69
-89
-99
-72
-70
-79
-81
-78
-68
-60
-77
-71
-86
-89
-81
-85
-79
-77
-71
-76
-71
-93
-89
-99
-84
-77
-79
-82
-87
-101
-94
-92
-70
-67
-98
-79
-88
-88
-87
-77
-75
-74
-83
-93
-79
-105
-100
-77
-76
-82
-82
-94
-78
-95
-103
-102
-100
-108
-108
-84
-90
-106
-100
-112
-121
-102
-104
-106
-98
-99
-87
-96
-86
-80
-83
-77
-92
-72
-81
-83
-75
-86
-72
-92
-85
-67
-66
-68
-64
-71
-63
-73
-85
-78
-63
-50
-71
-76
-83
-66
-76
-78
-75
-82
-69
-85
-85
-63
-72
-71
-63
-76
-71
-80
-65
-68
-61
-72
-80
-53
-57
-69
-80
-81
-74
-89
-91
-93
-73
-78
-78
-84
-75
-66
-81
-75
-72
-78
-86
-89
-79
-64
-85
-70
-87
-65
-68
-76
-60
-84
-72
-85
-67
-93
-78
-78
-68
-61
-80
-76
-74
-61
-64
-61
-64
-55
-47
-54
-47
-45
-62
-62
-53
-58
-59
-46
-50
-66
-52
-49
-48
-37
-40
-32
-22
-30
-37
-17
-38
-17
-25
-26
-21
-22
-28
-33
-26
-27
-9
-30
-39
-21
-13
-34
-16
-12
-17
-15
-5
6
0
-10
-13
-9
-30
-18
-17
-19
-24
-16
-12
-12
0
-19
-8
-19
-22
-19
-23
-5
-23
-22
-15
-15
-7
-10
-8
-4
6
-15
-19
-22
-21
-1
-14
-14
-18
-23
-21
-15
-14
-19
-14
-25
-10
-15
-11
-4
-17
-9
-3
-10
-6
-5
-10
1
8
15
21
1
-1
10
-1
12
6
4
1
3
-14
4
16
2
0
-2
4
6
1
3
8
-1
5
4
8
-2
-23
-13
-10
-1
-3
-18
2
-2
-7
-10
-19
-4
-6
-16
-6
-1
6
9
2
1
11
18
8
2
5
1
7
-12
9
0
2
-6
-23
-17
-22
-9
-22
-9
-29
-19
-15
-19
-18
-31
-7
-12
0
-11
-26
4
5
-24
-29
-18
-18
-7
-13
-24
-27
-24
-23
-18
-24
-30
-34
-18
-23
-12
-15
-22
-11
-23
-34
-27
-22
-29
-13
-15
-13
-5
-17
-3
-14
-16
-8
-4
-10
-14
-5
-15
-4
-15
-24
-15
-3
-17
-23
-21
-20
-26
-7
-11
-24
-26
-35
-23
-14
-23
-29
-17
-15
-23
-16
-30
-20
-22
-46
-28
-26
-30
-54
-26
-14
-19
-17
-11
-13
-30
-33
-17
-9
-9
-24
-25
-19
-9
-19
-20
-10
-1
-7
0
5
3
5
4
-4
-14
2
5
-1
-23
-4
-1
8
4
4
-6
-12
-9
-4
-11
-1
3
-16
-4
-2
4
-16
9
7
-6
-9
-6
3
-4
-7
0
-14
-7
-3
-3
5
-10
-8
-3
1
-1
-11
5
-8
-14
-16
-7
1
-26
-7
-8
-20
-11
-17
-33
-31
-11
-20
-7
-6
-13
-9
-19
-3
-10
-1
3
1
1
3
24
23
23
11
27
14
8
25
20
12
13
29
7
21
20
27
23
26
46
11
19
10
27
8
5
30
21
35
19
37
27
21
16
9
14
22
18
14
30
26
21
14
13
20
13
24
39
25
13
27
32
10
20
14
27
25
15
24
15
19
17
17
46
21
8
27
16
29
48
27
25
37
31
39
26
25
41
21
25
17
21
17
12
17
7
-3
14
13
12
13
10
5
2
15
8
5
-3
15
29
14
5
5
10
1
16
6
-8
5
12
12
4
20
21
11
2
6
13
11
0
3
12
-4
2
1
-2
-15
-10
-7
-27
-14
5
-12
-4
-21
-25
0
-10
1
-1
-6
5
-8
7
24
-2
-4
-3
1
-6
0
-16
-9
-6
-25
-10
-3
-2
-9
-8
0
0
-1
-10
14
15
-6
0
-13
-7
4
4
2
6
8
2
-1
-3
-3
-4
-8
0
3
-5
14
14
3
13
0
0
19
0
9
10
9
14
0
-3
-5
-4
-3
0
4
17
12
19
0
13
16
4
18
7
5
8
27
10
6
12
10
12
-3
2
13
15
16
13
22
9
4
4
15
6
10
8
15
13
3
9
13
-2
7
2
-10
7
1
3
8
6
-7
16
11
4
-7
2
8
10
16
11
18
11
13
5
23
10
27
19
-3
-6
1
4
-1
0
4
9
-4
1
-12
2
8
-11
-4
4
-10
-13
0
2
-8
-18
-17
-22
-6
-19
-4
-8
-2
-11
-25
-6
-22
-14
-6
-14
-16
-6
-2
-15
-10
-9
-23
-17
-7
-4
-8
4
-16
-9
-1
-10
-2
-6
0
-4
5
10
7
9
8
13
7
6
4
-3
12
17
2
5
4
0
13
14
3
1
6
-5
-3
7
-3
3
13
25
18
8
16
12
11
12
13
24
12
24
23
16
23
16
23
10
9
11
11
-18
3
-4
-8
20
5
9
-5
6
0
0
3
1
11
12
-2
4
7
-1
8
-5
2
5
-5
7
9
2
-12
-8
-27
-11
-16
-6
-6
-17
-1
-2
11
4
8
-1
6
12
-2
6
20
17
10
12
20
21
6
7
8
8
12
7
18
17
8
-1
12
6
9
11
17
22
9
13
-2
20
3
1
7
2
11
2
-2
2
21
10
11
11
15
10
-7
8
13
16
17
9
4
3
24
8
4
10
17
2
-1
4
4
-4
-6
4
-6
5
2
9
4
11
10
1
12
12
26
9
3
7
19
13
7
3
2
14
2
4
-15
-15
3
-2
4
-5
-1
5
7
11
6
-1
0
-1
5
8
-3
9
16
10
0
7
13
16
14
18
18
-3
11
11
5
8
11
4
0
-4
-5
13
21
17
-3
2
13
19
30
16
26
13
17
3
9
10
17
6
0
22
4
13
6
27
15
8
13
30
29
6
4
-4
4
1
6
-4
3
15
8
11
-8
-10
-3
2
2
8
-3
-1
22
15
2
-5
-10
-5
8
4
-6
1
14
-2
-2
-3
-9
-2
-34
-1
-7
0
-8
-10
1
-5
-9
-6
1
-2
-2
-13
8
-15
-22
1
-20
-21
-19
-18
-6
-7
-12
-14
-23
-16
-9
-9
3
-4
0
-4
-16
-8
-6
-23
-20
-22
-14
-31
-24
-16
-18
-14
-12
-14
-4
-2
-16
-18
-11
-14
-23
-20
-15
-16
-14
-12
-15
-4
-13
-12
-19
-4
-8
-10
2
-15
-18
-22
-9
-11
-18
-7
-5
4
-3
-4
-5
3
10
1
4
2
25
6
8
0
0
27
13
17
1
0
11
-10
8
15
-8
20
13
7
11
10
5
5
-5
16
11
14
21
33
23
19
28
10
12
16
20
23
25
7
22
10
10
21
15
15
28
35
35
28
28
61
51
58
56
39
40
48
41
52
54
50
53
46
63
53
45
59
52
65
64
57
51
41
59
55
62
48
53
44
47
42
48
58
43
43
45
37
48
46
66
58
37
37
42
41
47
57
58
59
44
52
52
50
45
48
45
48
45
49
45
50
52
55
49
47
55
48
56
68
50
40
61
59
62
59
42
47
49
43
49
51
58
43
44
56
51
46
60
51
54
55
41
48
28
30
41
41
44
47
45
39
29
40
41
25
35
27
40
38
42
36
25
49
34
36
23
30
50
41
49
58
53
61
51
47
63
47
47
60
61
46
45
49
43
43
41
49
59
58
40
50
39
34
54
47
54
38
53
56
37
45
49
36
35
46
52
57
35
39
45
28
12
15
29
36
33
32
31
19
18
26
31
35
28
29
32
23
26
26
22
23
19
38
31
22
29
29
36
39
42
40
46
46
36
29
35
38
39
44
41
41
40
43
61
38
44
53
42
37
27
37
41
43
57
50
38
43
44
35
36
48
42
40
37
26
30
19
29
37
29
39
38
46
22
7
27
15
27
29
19
21
26
16
23
21
23
16
11
17
8
19
26
24
13
33
22
18
25
18
8
15
17
1
12
11
27
13
12
24
17
9
13
25
20
32
25
20
22
29
19
31
19
20
18
28
33
15
23
16
24
29
27
31
18
13
17
12
34
21
40
32
24
33
18
27
20
27
32
38
29
31
25
40
37
41
41
46
34
27
19
29
22
31
35
35
37
36
44
35
41
40
37
37
33
13
27
13
20
15
18
33
45
35
24
9
11
20
20
30
26
24
10
26
25
35
21
25
35
14
46
33
30
35
35
50
28
36
38
47
42
15
36
37
27
43
18
20
34
15
20
40
53
38
39
32
35
46
51
50
48
53
44
40
44
40
49
52
51
56
51
36
51
51
34
30
33
32
39
42
28
25
22
48
40
38
42
25
37
50
40
50
47
52
44
34
56
40
41
44
48
43
24
49
46
41
44
60
43
33
47
57
49
37
48
41
38
37
46
41
30
41
27
26
24
29
57
36
38
35
41
39
28
35
29
34
39
30
20
24
26
10
13
26
28
30
17
28
29
28
20
17
34
28
36
12
23
31
17
26
20
10
23
42
38
21
23
35
14
4
22
26
20
13
13
13
14
12
23
12
14
23
22
14
19
34
35
18
24
16
19
15
17
16
16
21
16
29
19
33
17
7
12
14
6
3
4
3
4
13
9
6
10
1
11
21
19
13
9
6
17
30
9
1
19
23
16
4
6
11
6
0
9
0
9
4
-7
0
-17
-2
1
-16
-4
-7
-13
0
3
-5
2
-6
-12
-26
-10
-11
-11
-19
-16
-22
-18
-12
-24
-22
-20
-23
-26
-25
-14
-20
-18
-35
-24
-16
-13
-3
-21
-15
-27
-17
-13
-5
-17
-23
7
-17
-1
-5
-17
4
-1
-23
-16
-3
-18
-13
-22
-16
-25
-22
-16
-28
-11
-17
-21
-35
-21
-21
-26
-9
-24
-15
-21
-11
2
9
-14
-6
5
-22
-1
-13
-14
-16
-11
-1
-11
5
-2
-9
-29
-35
-7
-6
-4
3
-4
-4
-9
0
-5
3
-8
-18
14
15
1
-5
4
-2
4
18
-2
-4
-11
-14
-9
10
3
-21
-14
-8
-23
-22
-15
-9
-5
-13
-20
-17
-20
-4
-4
4
-1
6
10
-3
6
-16
-5
-3
1
-3
-13
7
9
3
-6
12
-8
-18
3
-7
2
0
-1
-12
-3
19
1
9
-3
-3
17
-4
-1
0
-2
-6
-6
-5
0
-16
5
5
5
-7
6
12
-18
-5
-11
-7
-18
-12
-7
-15
-12
-18
-11
-18
-9
-5
-13
-15
-22
-21
-2
-12
-9
-5
-9
1
5
7
14
19
8
13
-5
-2
13
-2
-3
-1
8
1
-3
16
8
3
4
4
-6
-1
1
-11
-9
-6
0
-5
4
-4
-12
-10
-10
1
-2
0
-19
-22
-9
-6
-7
-16
-11
-8
-2
-15
-7
-23
-14
-13
-16
-12
-22
-12
-19
-37
-25
-22
-17
-4
-27
-25
-20
-23
-23
-20
-22
-33
-38
-36
-25
-29
-21
-27
-23
-29
-37
-33
-35
-27
-20
-34
-35
-23
-30
-27
-38
-40
-30
-33
-38
-35
-28
-38
-49
-35
-18
-36
-30
-45
-41
-29
-25
-40
-50
-35
-53
-45
-36
-18
-34
-27
-32
-34
-36
-49
-24
-42
-37
-31
-40
-44
-42
-35
-36
-42
-38
-44
-44
-47
-45
-49
-53
-45
-59
-44
-40
-55
-55
-31
-37
-47
-44
-27
-31
-38
-34
-28
-22
-42
-38
-39
-45
-48
-54
-41
-51
-45
-47
-35
-56
-62
-51
-50
-57
-66
-61
-56
-56
-53
-46
-48
-34
-36
-33
-49
-51
-34
-49
-54
-44
-43
-48
-39
-35
-44
-55
-36
-34
-48
-34
-49
-43
-38
-42
-35
-48
-39
-28
-26
-36
-33
-21
-25
-35
-34
-42
-49
-45
-44
-51
-66
-56
-54
-57
-75
-70
-67
-77
-75
-81
-73
-66
-57
-62
-63
-69
-61
-66
-65
-55
-51
-57
-62
-61
-63
-35
-42
-54
-57
-47
-53
-44
-51
-69
-48
-56
-49
-52
-46
-45
-34
-38
-53
-29
-46
-40
-34
-32
-36
-41
-26
-41
-34
-20
-17
-20
-51
-20
-27
-25
-34
-37
-31
-28
-3
-19
-21
-19
-18
-25
-21
-28
-19
-23
-21
-19
-12
-20
-11
-14
-15
-12
-23
-14
-3
-7
8
6
-16
-2
-10
8
8
16
18
10
22
13
23
22
21
13
-1
-8
-1
-1
-2
9
4
7
6
0
-2
6
7
9
12
-6
-1
18
6
-3
-5
-6
7
-8
-2
-13
-5
4
-12
4
-1
0
-29
-27
-22
-14
-27
-15
-17
-24
-27
-25
-24
-34
-28
-39
-27
-33
-24
-22
-29
-29
-30
-27
-43
-48
-39
-18
-11
-9
-13
-15
-8
-21
-42
-32
-31
-46
-16
-41
-37
-20
-37
-41
-30
-31
-59
-47
-42
-48
-54
-64
-61
-70
-51
-69
-64
-55
-57
-72
-76
-61
-76
-58
-71
-69
-69
-68
-70
-66
-78
-74
-71
-64
-63
-74
-74
-62
-70
-67
-71
-59
-48
-70
-58
-55
-63
-62
-55
-60
-63
-57
-66
-57
-60
-74
-50
-68
-64
-63
-57
-66
-61
-61
-69
-72
-76
-78
-62
-58
-65
-68
-62
-61
-72
-63
-66
-67
-69
-79
-60
-58
-71
-77
-66
-51
-90
-77
-73
-78
-80
-79
-70
-74
-80
-83
-90
-79
-81
-73
-80
-80
-72
-90
-78
-85
-85
-71
-89
-76
-92
-94
-76
-77
-82
-87
-72
-84
-87
-86
-93
-85
-70
-73
-70
-77
-78
-74
-71
-81
-65
-76
-79
-54
-78
-69
-82
-71
-78
-82
-72
-82
-70
-74
-67
-74
-74
-68
-72
-64
-57
-39
-58
-61
-71
-68
-55
-55
-48
-62
-55
-54
-62
-46
-46
-73
-41
-47
-51
-36
-30
-40
-35
-50
-41
-42
-47
-24
-30
-33
-32
-35
-30
-19
-40
-31
-51
-44
-39
-49
-35
-55
-38
-36
-43
-46
-50
-43
-39
-25
-44
-33
-30
-19
-25
-38
-16
-32
-31
-28
-40
-37
-21
-40
-37
-37
-55
-20
-37
-36
-41
-49
-28
-53
-43
-50
-40
-44
-65
-52
-65
-59
-48
-58
-53
-55
-48
-45
-62
-49
-57
-51
-43
-40
-46
-46
-50
-50
-46
-40
-51
-54
-53
-53
-58
-49
-63
-64
-48
-48
-49
-51
-48
-54
-53
-49
-50
-61
-55
-59
-55
-62
-50
-47
-58
-39
-45
-58
-53
-49
-57
-48
-47
-63
-45
-45
-56
-63
-57
-46
-62
-52
-59
-55
-56
-62
-49
-40
-60
-60
-60
-57
-49
-65
-63
-75
-59
-56
-62
-57
-56
-54
-80
-75
-70
-58
-64
-61
-57
-68
-65
-68
-73
-79
-83
-75
-80
-85
-75
-71
-77
-95
-77
-75
-99
-81
-74
-80
-65
-63
-64
-82
-82
-73
-87
-80
-71
-79
-77
-85
-99
-91
-82
-84
-96
-89
-66
-80
-80
-78
-72
-78
-65
-72
-81
-65
-84
-81
-78
-84
-75
-87
-95
-90
-83
-82
-105
-107
-104
-88
-104
-91
-91
-91
-96
-111
-94
-107
-119
-102
-112
-106
-100
-108
-119
-107
-99
-105
-103
-114
-95
-104
-114
-112
-103
-110
-110
-106
-106
-108
-93
-98
-125
-107
-116
-117
-127
-116
-112
-113
-116
-110
-103
-108
-112
-109
-100
-113
-112
-124
-129
-107
-114
-107
-110
-112
-117
-110
-112
-124
-120
-126
-116
-118
-116
-109
-120
-123
-111
-124
-110
-101
-111
-114
-111
-104
-101
-106
-108
-115
-102
-92
-117
-116
-120
-119
-110
-106
-103
-114
-102
-104
-91
-88
-93
-90
-95
-77
-95
-88
-89
-94
-93
-100
-90
-88
-84
-97
-86
-100
-95
-83
-95
-94
-87
-81
-84
-99
-90
-83
-104
-94
-85
-92
-101
-103
-105
-89
-85
-87
-112
-107
-87
-88
-84
-89
-88
-85
-86
-88
-86
-85
-94
-92
-98
-111
-93
-97
-103
-100
-98
-97
-117
-116
-130
-110
-105
-119
-111
-115
-101
-98
-104
-102
-100
-103
-112
-103
-91
-90
-95
-94
-97
-103
-87
-104
-96
-92
-109
-87
-100
-95
-95
-111
-113
-107
-89
-96
-91
-98
-99
-93
-88
-96
-93
-100
-77
-84
-88
-92
-97
-92
-84
-95
-89
-96
-92
-98
-97
-87
-99
-91
-91
-95
-94
-89
-100
-94
-115
-95
-92
-93
-99
-91
-80
-87
-71
-85
-87
-78
-88
-75
-82
-85
-92
-85
-73
-77
-92
-81
-86
-103
-82
-84
-90
-96
-92
-96
-92
-94
-86
-88
-83
-101
-100
-95
-110
-91
-90
-90
-108
-123
-113
-126
-108
-110
-119
-112
-113
-114
-124
-103
-102
-117
-106
-120
-125
-115
-122
-119
-122
-123
-117
-108
-113
-126
-111
-97
-92
-112
-120
-113
-118
-98
-115
-118
-114
-118
-111
-120
-107
-104
-118
-115
-117
-116
-115
-114
-98
-108
-104
-111
-116
-112
-121
-112
-103
-87
-99
-107
-123
-114
-110
-112
-97
-119
-127
-129
-123
-128
-145
-140
-126
-130
-123
-114
-126
-113
-125
-127
-128
-139
-134
-125
-128
-128
-122
-152
-138
-150
-148
-132
-146
-136
-122
-127
-142
-148
-138
-156
-129
-144
-144
-153
-143
-145
-147
-133
-147
-142
-156
-133
-128
-147
-149
-143
-143
-132
-137
-136
-131
-129
-120
-139
-122
-123
-136
-133
-137
-125
-137
-137
-130
-134
-147
-133
-143
-143
-144
-154
-148
-154
-148
-152
-144
-142
-150
-152
-145
-134
-140
-158
-118
-128
-132
-113
-141
-116
-134
-131
-129
-136
-135
-127
-130
-119
-128
-143
-133
-144
-147
-147
-135
-140
-135
-152
-132
-127
-130
-125
-131
-125
-127
-117
-108
-105
-104
-105
-125
-116
-108
-114
-100
-107
-112
-95
-101
-110
-96
-103
-109
-112
-118
-89
-88
-100
-99
-98
-94
-99
-98
-89
-96
-99
-104
-94
-81
-90
-90
-83
-106
-90
-91
-108
-89
-76
-80
-84
-80
-89
-85
-88
-93
-84
-81
-71
-70
-77
-77
-71
-66
-86
-76
-90
-83
-84
-84
-79
-80
-59
-75
-73
-84
-59
-61
-70
-75
-71
-86
-75
-81
-87
-90
-93
-73
-96
-95
-82
-95
-89
-91
-83
-75
-89
-68
-81
-91
-84
-90
-75
-67
-80
-73
-70
-73
-72
-73
-66
-70
-64
-64
-74
-58
-70
-79
-76
-79
-81
-92
-92
-83
-64
-81
-90
-95
-93
-76
-71
-69
-77
-85
-78
-74
-65
-57
-59
-54
-56
-54
-53
-53
-58
-35
-55
-67
-53
-55
-57
-64
-63
-71
-79
-79
-67
-59
-80
-80
-75
-94
-82
-76
-77
-78
-70
-76
-77
-86
-88
-80
-78
-78
-87
-77
-72
-73
-85
-90
-100
-90
-99
-85
-85
-79
-84
-90
-90
-88
-72
-69
-69
-74
-63
-50
-60
-75
-71
-63
-65
-71
-59
-57
-49
-61
-71
-72
-65
-68
-71
-76
-78
-88
-88
-76
-91
-57
-63
-91
-76
-65
-66
-51
-62
-57
-57
-52
-52
-66
-50
-52
-45
-54
-55
-49
-61
-62
-53
-80
-82
-75
-97
-71
-88
-97
-84
-102
-115
-118
-108
-107
-87
-72
-72
-73
-72
-57
-78
-57
-61
-44
-31
-22
-24
-40
-28
-43
-46
-51
-28
-34
-33
-51
-50
-20
-40
-53
-21
-40
-52
-31
-36
-30
-19
-47
-28
-30
-31
-22
-29
-25
-40
-5
-28
3
-2
1
-34
-44
-48
-46
-31
-49
-45
-53
-36
-35
-28
-27
-45
-57
-36
-32
-32
-24
-17
-26
-39
-39
-26
-15
-34
-12
-16
-21
-15
-15
-9
-16
3
-16
-22
-10
-20
-16
-23
-31
-46
-50
-19
-23
-29
-37
-26
-17
-32
-12
-17
-5
-10
-9
-7
-21
-16
-10
-7
-30
-21
-28
-15
-24
-42
-8
-26
-27
-28
-25
-39
-43
-28
-25
-21
-21
-23
-21
-15
-8
-14
-14
-6
-18
-23
-20
-12
-9
-7
-15
-11
-7
-16
-27
-16
-17
-25
-23
-24
-5
2
-10
-7
2
-14
-9
4
4
11
11
-5
-15
-12
-3
-3
0
-8
7
-2
-4
-7
2
9
2
7
1
-1
-1
14
6
3
5
12
22
12
2
11
14
6
21
5
6
19
27
24
20
27
26
29
30
35
28
24
30
15
-2
11
7
16
11
0
6
9
22
7
20
27
33
30
15
35
17
13
23
25
41
26
28
39
37
30
24
7
24
17
4
-4
-2
8
1
-6
-10
-14
-2
-6
-13
-7
-12
23
30
36
54
30
14
8
12
20
14
12
10
16
15
1
1
6
6
6
-1
12
4
-19
3
-19
-19
-3
-7
-25
-11
-18
-20
4
7
13
7
17
15
9
10
5
19
17
14
23
15
27
18
8
14
17
14
7
8
14
-10
-1
-8
19
10
-5
-17
-27
-26
-30
-19
-33
-15
-39
-17
-31
-30
-10
-20
-10
-9
-4
5
2
7
-7
14
10
-37
-22
-10
-15
-14
-6
3
-14
-21
-14
-13
-15
-14
-1
-5
-8
-7
5
7
1
-6
-8
-1
5
2
-2
1
-18
-18
-25
-25
-33
-22
8
-4
-2
14
15
7
-6
5
-2
-5
7
-3
11
15
14
1
-3
-8
-21
-8
2
-20
-11
6
4
14
14
5
9
17
5
17
17
13
22
16
24
11
5
17
-5
-8
8
-1
9
10
9
1
0
13
20
8
29
40
29
47
36
38
51
63
46
34
49
64
57
48
48
59
60
36
48
64
60
51
42
38
24
43
30
40
59
42
54
49
38
45
55
64
79
77
100
95
95
94
55
45
57
49
57
69
51
56
44
43
42
73
63
50
61
44
37
40
34
34
50
52
51
54
68
78
56
69
83
88
96
86
79
84
71
70
65
82
76
71
60
52
73
65
46
69
54
62
58
60
63
68
65
46
48
49
59
55
87
103
68
86
88
54
84
84
65
64
68
56
51
74
63
69
84
57
71
56
42
71
71
88
80
61
58
77
86
73
89
102
87
95
108
78
100
98
89
104
95
90
103
67
75
71
63
77
101
89
77
62
78
66
76
67
73
87
90
114
87
85
83
74
77
81
90
65
89
83
69
74
55
78
59
57
55
52
58
59
72
59
59
60
53
65
51
44
46
33
63
46
45
51
54
45
44
46
46
40
23
49
66
57
64
52
29
18
29
48
30
44
41
37
51
45
47
37
28
57
34
20
21
47
37
19
27
32
31
57
38
33
29
27
12
22
22
46
52
23
33
43
50
24
47
36
32
42
44
55
67
30
58
27
6
41
16
48
33
49
42
58
29
56
50
20
35
26
52
67
90
64
73
76
67
72
50
62
79
72
76
76
101
81
88
56
68
71
76
89
91
94
74
80
39
91
40
68
58
40
37
37
75
37
57
61
49
70
72
99
74
59
86
66
53
69
113
78
61
88
78
58
74
55
32
50
72
73
38
44
60
27
58
59
49
67
46
82
52
62
91
72
64
78
77
84
65
87
85
67
70
100
98
76
71
93
83
47
87
48
85
64
79
76
85
89
101
107
90
136
50
79
116
80
81
58
123
79
78
83
92
86
49
88
77
68
89
79
43
95
122
71
100
97
106
106
108
119
121
116
124
140
136
117
134
89
106
153
70
112
111
93
82
117
97
66
121
100
80
98
121
69
122
113
88
121
135
97
126
143
137
103
175
97
122
141
86
113
140
139
79
143
105
72
99
106
123
112
124
92
161
131
93
170
108
134
102
146
89
105
140
64
132
101
65
120
114
99
122
57
78
102
107
85
88
107
77
98
66
84
78
50
86
54
59
80
82
94
75
69
69
112
61
93
110
60
138
49
81
86
37
65
61
71
54
81
78
28
82
40
49
49
24
101
18
50
59
32
90
41
41
78
82
63
73
120
45
65
64
70
108
70
99
84
60
76
38
49
36
41
48
31
73
-30
81
33
28
99
10
62
33
36
37
50
58
21
102
42
22
83
34
9
41
78
31
71
82
62
47
25
43
6
38
54
-2
40
34
48
22
-8
29
1
-5
54
18
29
27
32
124
3
74
34
37
29
0
39
27
41
33
40
25
40
44
3
34
2
37
33
-21
43
33
11
37
77
-20
13
66
-18
-23
73
-6
39
63
-6
53
22
19
30
20
34
65
67
35
26
74
-8
72
82
10
111
22
-2
60
-7
-17
33
-26
-39
44
-27
3
17
-7
49
-1
67
29
28
62
48
11
52
77
20
107
74
43
104
14
45
56
3
76
38
9
66
2
61
-27
16
2
-23
-10
-16
2
68
-16
68
56
30
145
55
55
85
82
51
57
37
85
78
16
100
68
49
110
50
90
65
97
50
84
85
44
82
21
33
69
38
40
58
49
31
69
96
-7
104
54
50
112
44
133
52
121
66
92
54
89
103
30
186
45
132
102
66
118
95
77
117
109
62
110
75
58
137
64
101
136
9
124
120
23
115
74
27
95
81
95
60
78
115
67
77
106
65
73
69
120
67
123
108
64
76
97
40
80
66
-20
118
-5
100
62
8
77
-3
77
-1
30
91
42
58
77
40
49
107
39
95
107
47
89
89
65
52
110
43
90
66
100
44
63
85
21
93
68
52
55
108
6
29
131
19
54
119
75
54
53
56
61
-1
171
24
84
93
0
106
10
88
13
39
44
61
66
60
60
63
58
23
63
69
52
24
131
40
38
135
39
38
98
73
65
122
72
70
37
123
37
46
49
40
54
33
63
33
89
30
22
59
41
39
62
-9
76
55
11
46
35
48
-27
91
11
18
71
-5
109
-6
81
-13
68
47
-48
34
14
-8
22
54
-7
27
26
96
-51
61
20
-14
63
26
57
-21
101
42
46
16
61
0
18
47
36
66
17
64
9
31
10
50
22
60
84
48
60
41
0
63
35
23
52
10
49
62
16
9
35
40
22
64
32
42
59
-47
77
30
8
18
24
78
-53
116
50
-32
136
6
29
17
81
37
-29
166
-2
102
107
39
66
76
30
59
62
41
118
3
123
56
8
114
27
59
95
50
62
101
75
13
128
79
62
187
93
53
160
95
62
78
68
127
21
165
66
158
40
138
26
78
141
-10
218
14
119
91
76
151
69
112
132
-4
134
104
32
135
132
58
107
130
70
60
115
104
32
131
106
54
109
152
75
81
137
43
76
109
61
68
93
64
129
91
101
102
155
42
87
131
41
60
135
138
74
182
119
142
76
176
98
57
218
49
134
169
52
85
133
98
106
59
140
68
121
57
143
75
51
178
99
119
123
123
186
61
118
171
75
126
177
58
115
96
117
147
68
168
7
138
155
42
103
77
74
115
31
28
103
85
61
29
133
88
45
149
80
62
128
130
0
164
85
80
108
39
162
48
67
161
26
81
79
83
90
40
67
76
29
36
132
-27
85
81
97
57
25
141
39
45
96
54
108
82
85
78
74
88
27
100
52
35
46
49
28
-7
37
-31
54
38
9
66
1
-16
65
23
1
52
31
102
-28
115
39
-6
95
29
31
46
-6
50
-3
-26
42
-15
3
30
51
13
29
99
-41
10
87
-18
62
35
79
52
-12
130
-57
21
65
-45
30
40
-4
-39
19
-27
17
-13
7
-26
-5
21
2
-57
57
-27
6
52
-33
52
17
-21
5
-12
-10
-5
-6
-46
22
-16
-29
22
-32
51
-22
19
30
37
113
-62
54
77
-50
100
5
27
54
-5
84
-58
63
22
-75
98
-90
18
31
-58
55
-26
55
-1
-23
36
-23
31
11
-17
17
-19
-22
73
6
22
54
35
51
-30
107
-28
64
43
10
86
84
62
64
35
71
13
3
63
-68
34
36
7
-14
51
58
-37
71
62
-45
52
45
-20
32
14
71
-43
72
32
28
82
-21
104
-59
55
97
-22
95
3
80
65
-6
119
-19
-7
95
31
4
125
20
31
94
13
59
-6
-3
35
-27
31
9
45
22
-10
13
52
-34
30
102
-24
39
109
12
54
-21
85
5
14
140
-4
0
126
10
22
136
21
100
50
97
46
96
40
64
90
8
109
2
28
12
2
-13
23
-29
23
-27
5
0
34
15
24
38
55
43
27
42
69
7
95
62
-9
151
-59
131
39
-27
82
16
43
24
39
26
19
24
14
-12
18
-2
-26
31
-50
50
-31
33
27
58
32
91
22
34
13
9
22
-13
15
-8
6
9
92
6
38
87
-8
22
2
19
31
23
25
-95
12
-53
-83
-40
-52
-48
4
-38
-30
46
-5
11
57
58
-32
51
21
-46
-107
-6
-120
-91
13
-88
-112
-25
-99
-51
6
-10
-8
16
68
-57
26
-1
-13
-31
51
-24
-32
67
-56
38
11
-24
-57
32
38
-97
19
-51
-17
-32
-25
10
-116
-38
-6
-35
-25
-34
-18
-36
-4
-2
-68
77
-31
-19
53
14
-23
75
-57
-64
73
-163
-15
-85
-57
-109
-1
-55
-83
-13
-71
-23
-66
-64
-51
-80
-182
5
-139
-124
27
-19
-59
-55
-13
8
1
-34
42
-91
-15
-22
-88
-45
-42
-83
-8
-29
-71
-80
-65
-64
-62
-88
-6
-96
-174
60
-132
-82
21
-98
12
-82
-38
-9
-35
-27
-100
68
-95
-69
-42
-86
-88
-125
-34
-84
-27
-76
6
27
-43
-29
-69
-19
-220
-41
-214
-191
-102
-242
-86
-156
-103
-123
-81
-201
-77
-117
0
-43
-52
23
-120
-14
-18
-6
25
2
32
25
25
13
-21
-33
-121
-28
-5
-88
-121
-69
-102
-101
-70
-73
-103
-156
-19
-75
-28
-13
-111
-120
-51
-115
-53
40
-84
39
59
44
68
55
25
44
41
-55
55
-44
25
-13
30
-43
-89
-50
-147
-26
-69
-105
-33
-61
-63
-28
10
-46
-89
15
7
-103
-39
-59
-19
-30
-1
-15
-115
-49
8
48
5
38
-7
-55
-59
-71
-89
-25
-100
3
-39
3
38
-17
-78
21
-83
-51
115
10
99
-39
104
-25
29
17
-28
95
-79
-16
76
-96
7
22
-110
-5
-78
-62
-17
-79
-58
-38
10
52
-2
75
70
-93
62
62
-15
0
67
-19
-73
-14
-26
-67
-37
-46
-12
-90
-18
-23
-89
27
-110
27
50
-7
16
45
10
-128
-35
-102
-77
-86
-100
-12
-39
-125
-76
-70
-57
-59
-30
77
43
-65
119
39
-65
95
21
28
19
56
34
67
-14
75
16
-2
65
-99
161
-84
-3
35
-99
-81
-126
-138
-111
-69
-108
-116
-7
-64
-89
62
-53
-77
-42
29
-73
-74
-46
-16
-95
-59
22
-12
-39
-48
68
-41
16
161
33
-12
-29
-64
15
-23
-46
-77
-38
-70
-29
61
14
-180
-26
-75
-175
-44
-104
-133
-66
-85
-90
87
76
-85
25
162
28
22
156
62
5
11
96
-2
17
-43
-70
-99
-151
-99
-100
-41
-149
-147
-66
-38
-118
1
-8
-110
2
-64
46
-27
-80
44
-3
13
65
89
5
-108
149
97
-109
3
-20
-109
-121
-79
-118
-32
-87
-49
-22
-144
-94
-132
-118
-33
-24
28
36
1
163
83
52
229
144
47
144
127
-19
66
91
-77
-113
58
-6
-61
36
38
-67
-76
-57
7
-28
-155
-17
-97
-130
-2
-11
-51
-106
13
77
-44
-40
34
-79
-25
65
-21
69
39
28
56
8
62
-43
-151
-18
52
-92
-128
-2
-142
-221
-35
5
-149
-74
-42
-135
-140
-68
-61
-105
-103
-82
48
-102
-35
8
-5
85
33
121
100
78
-17
65
70
38
75
19
-16
-70
-86
-180
-247
-156
-143
-168
-27
7
-135
-72
-93
-86
-45
71
80
-95
-53
47
-118
-77
71
-55
-9
-13
-7
-74
-141
-70
-104
-113
-80
-142
-189
-157
-204
-117
-52
-96
-75
-75
-27
-51
-44
-105
-117
-141
-93
-51
-64
-21
-60
-164
-103
-48
-151
-143
-83
-94
-82
-88
-158
-173
-174
-58
-134
-87
12
-125
-176
-72
-84
-140
-129
-57
-29
-64
-47
-30
-51
-93
-76
-22
-63
-100
-75
-120
-86
-90
-108
-130
-68
-102
-171
-135
-165
-172
-158
-178
-110
-102
-131
-98
-101
-152
-210
-166
-104
-118
-138
-52
-122
-116
-71
-79
-84
-53
-125
-149
-130
-95
-72
-81
-26
-93
-82
-53
-81
-130
-111
-155
-198
-174
-192
-194
-164
-188
-170
-199
-172
-133
-131
-93
-66
-21
-71
-52
-28
-50
-10
-31
-52
-36
-22
-44
-52
-28
-31
-127
-61
-76
-119
-91
-97
-90
-110
-55
-60
-96
-123
-117
-93
-84
-104
-97
-33
-27
-47
-22
-21
-55
-49
-65
-38
-35
-36
-10
25
-32
-107
-42
-16
-42
-68
-28
-82
-120
-64
-40
-29
-44
-51
-45
-42
-34
-55
-27
-33
-43
-19
-9
-1
-40
-43
-25
-30
27
63
34
41
25
42
100
97
107
144
149
159
156
166
169
126
135
179
206
210
191
201
195
165
207
181
173
223
236
248
262
279
239
212
242
288
302
287
282
284
273
302
295
298
304
303
306
308
336
329
300
312
302
267
256
243
240
212
185
171
149
109
42
25
-5
-63
-111
-132
-141
-193
-229
-258
-300
-308
-340
-343
-360
-378
-380
-406
-401
-415
-425
-435
-415
-393
-389
-383
-347
-346
-347
-326
-291
-265
-265
-228
-186
-177
-161
-140
-97
-46
25
98
160
203
247
295
343
387
434
516
604
661
727
798
827
882
943
1005
1088
1166
1238
1348
1423
1545
1622
1705
1786
1861
1975
1979
1885
1578
1185
987
867
806
687
450
193
-89
-345
-552
-723
-901
-1045
-1075
-1003
-907
-946
-1044
-1115
-1089
-904
-649
-387
-168
-71
5
183
318
401
479
562
632
676
710
658
430
132
-138
-359
-516
-672
-841
-1043
-1251
-1446
-1600
-1720
-1814
-1879
-1890
-1820
-1713
-1587
-1496
-1367
-1217
-1013
-750
-505
-250
-68
150
389
595
779
926
1043
1129
1192
1236
1320
1356
1356
1376
1405
1432
1452
1506
1548
1626
1768
1919
2044
2191
2339
2465
2666
2828
2494
1849
1368
1186
1252
1235
1021
688
240
-241
-613
-860
-1094
-1394
-1575
-1457
-1162
-1096
-1271
-1480
-1613
-1483
-1131
-584
-66
166
273
511
774
957
1072
1179
1381
1622
1840
1991
1845
1442
1009
714
578
473
297
32
-277
-641
-964
-1212
-1554
-1857
-2054
-2143
-2134
-2111
-2063
-2013
-1927
-1781
-1562
-1284
-1004
-779
-541
-289
-57
157
324
422
464
480
471
463
419
340
296
224
104
-6
-129
-261
-400
-442
-450
-440
-420
-335
-228
-133
56
254
543
854
1237
1646
2062
2422
2820
3203
3534
3881
4248
4065
3328
2613
2225
2253
2165
1755
1164
522
-149
-820
-1345
-1774
-2208
-2621
-2650
-2306
-2100
-2271
-2572
-2715
-2493
-1984
-1271
-479
16
286
583
1020
1420
1679
1850
2114
2498
2820
2979
2801
2276
1642
1146
892
755
432
-55
-586
-1125
-1599
-1973
-2330
-2652
-2855
-2916
-2833
-2770
-2751
-2720
-2613
-2335
-1870
-1388
-940
-626
-387
-97
204
508
736
868
946
1005
1009
938
733
480
266
123
3
-181
-452
-747
-1046
-1254
-1352
-1332
-1293
-1234
-1148
-1098
-979
-795
-516
-157
251
720
1192
1611
1992
2353
2727
3079
3453
3904
4336
4734
4939
4182
3054
2290
1899
1918
1694
1138
566
-255
-1109
-1776
-2328
-2805
-3210
-3344
-2988
-2438
-2361
-2569
-2797
-2777
-2280
-1539
-533
353
735
1005
1391
1745
1999
2137
2304
2629
2914
3052
2974
2420
1587
864
363
157
-77
-506
-1040
-1652
-2205
-2640
-2922
-3146
-3274
-3292
-3156
-2852
-2704
-2630
-2479
-2190
-1691
-1107
-554
-119
118
276
500
758
952
1079
1090
1036
956
782
534
205
-133
-375
-565
-688
-845
-1090
-1327
-1519
-1594
-1561
-1456
-1322
-1138
-931
-725
-471
-180
174
588
1065
1570
2064
2412
2717
3060
3404
3731
4047
4363
4726
4984
4216
2881
1950
1494
1551
1395
820
234
-623
-1522
-2189
-2611
-2962
-3293
-3468
-3039
-2330
-2188
-2399
-2615
-2570
-1985
-1157
-104
826
1183
1318
1553
1852
2089
2192
2285
2515
2771
2785
2571
1953
1047
286
-200
-326
-460
-865
-1378
-1989
-2585
-2910
-3062
-3117
-3049
-2942
-2642
-2251
-2102
-2089
-2028
-1752
-1210
-564
42
418
484
441
475
619
763
848
828
726
606
376
65
-337
-746
-974
-1053
-1047
-1120
-1322
-1587
-1771
-1786
-1631
-1378
-1111
-821
-600
-392
-158
63
258
574
972
1453
1974
2317
2479
2710
2942
3229
3559
3790
4106
4351
4340
3449
2176
1361
1067
1158
972
482
-140
-985
-1839
-2454
-2768
-2939
-3108
-3082
-2625
-2109
-2100
-2351
-2486
-2269
-1586
-709
265
978
1180
1191
1298
1564
1863
2013
2148
2345
2463
2347
1956
1239
441
-149
-437
-481
-639
-1038
-1610
-2206
-2733
-2983
-2939
-2830
-2651
-2491
-2283
-2078
-2002
-1889
-1651
-1293
-827
-363
19
211
220
189
226
347
481
537
461
300
37
-272
-502
-711
-861
-966
-1039
-1090
-1208
-1362
-1459
-1433
-1315
-1075
-813
-560
-323
-131
47
304
676
1051
1446
1848
2202
2416
2671
2979
3306
3578
3816
4054
4384
4199
3001
1846
1225
1179
1304
905
333
-313
-1217
-2037
-2486
-2651
-2745
-2960
-2899
-2325
-1938
-2099
-2338
-2362
-1905
-1119
-264
639
1121
1088
1038
1245
1600
1922
2048
2150
2335
2273
1972
1463
722
86
-292
-433
-460
-713
-1279
-1931
-2502
-2770
-2777
-2688
-2533
-2350
-2165
-1986
-1873
-1802
-1606
-1308
-901
-345
69
259
278
188
200
319
474
586
589
421
198
-87
-394
-598
-796
-898
-908
-985
-1113
-1296
-1482
-1516
-1408
-1194
-941
-757
-610
-461
-319
-152
116
419
736
1040
1265
1451
1580
1668
1893
2276
2602
2955
3270
3424
3555
3700
3810
3241
2159
1454
1362
1640
1538
888
77
-756
-1463
-1916
-2003
-1969
-2172
-2504
-2446
-2074
-2039
-2319
-2425
-2147
-1495
-755
-40
494
562
437
556
1048
1561
1877
1951
1957
1922
1784
1505
1043
526
106
-90
-191
-421
-881
-1483
-2030
-2336
-2404
-2258
-2115
-2090
-2070
-2016
-1873
-1706
-1586
-1378
-1012
-580
-221
-81
-46
-30
21
187
395
499
423
248
19
-189
-341
-506
-650
-768
-872
-991
-1147
-1323
-1451
-1490
-1337
-1086
-921
-825
-746
-620
-450
-183
109
420
714
932
1157
1381
1602
1821
2074
2411
2768
3009
3159
3355
3566
3771
4025
3733
2594
1482
1039
1323
1534
1025
152
-691
-1457
-1981
-2217
-2283
-2380
-2685
-2762
-2321
-1987
-2175
-2464
-2412
-1805
-962
-164
488
738
608
632
1018
1548
1929
2036
2045
2030
1891
1631
1217
628
161
-85
-203
-395
-833
-1472
-2058
-2422
-2545
-2410
-2244
-2176
-2192
-2203
-2084
-1920
-1784
-1495
-1091
-730
-450
-250
-118
-42
13
168
369
477
464
353
105
-122
-290
-437
-510
-638
-816
-1012
-1205
-1354
-1442
-1446
-1343
-1190
-1115
-1061
-941
-812
-651
-414
-118
196
438
631
812
977
1197
1511
1832
2191
2504
2708
2879
3018
3154
3371
3683
4025
4314
3591
2083
1041
911
1392
1475
772
-65
-906
-1727
-2223
-2336
-2342
-2517
-2786
-2679
-2112
-2015
-2451
-2753
-2510
-1670
-730
56
554
540
348
515
1084
1695
2046
2091
2032
1993
1868
1602
1103
507
212
174
67
-253
-860
-1608
-2208
-2485
-2331
-2013
-1977
-2158
-2327
-2369
-2269
-2105
-1852
-1457
-1034
-711
-491
-338
-264
-230
-73
259
602
720
595
360
106
-48
-85
-93
-159
-361
-623
-873
-1080
-1198
-1297
-1312
-1198
-1054
-1019
-1052
-1043
-959
-791
-494
-135
191
401
561
766
998
1281
1580
1918
2240
2506
2717
2908
3059
3210
3371
3649
4006
4336
3821
2343
1145
910
1425
1659
1128
210
-774
-1702
-2257
-2246
-2094
-2269
-2668
-2791
-2438
-2274
-2613
-2906
-2681
-1949
-1012
-220
200
177
-61
112
767
1566
2058
2151
1991
1872
1856
1785
1537
1154
879
772
600
210
-314
-987
-1664
-1962
-1850
-1664
-1755
-2180
-2564
-2712
-2645
-2446
-2116
-1712
-1519
-1467
-1297
-1023
-774
-580
-323
51
388
538
487
401
308
262
336
442
431
203
-170
-465
-609
-676
-735
-783
-839
-950
-1112
-1227
-1196
-1094
-930
-720
-442
-197
-42
98
297
648
1023
1414
1737
1973
2173
2364
2645
2921
3200
3423
3629
3862
4171
4002
2860
1627
1243
1667
2031
1616
659
-387
-1403
-2014
-2066
-1779
-1852
-2425
-2942
-2943
-2730
-2823
-2980
-2813
-2281
-1592
-954
-524
-421
-566
-429
254
1136
1786
1951
1795
1610
1664
1851
1978
1844
1575
1282
959
596
225
-228
-821
-1273
-1393
-1346
-1517
-1965
-2467
-2687
-2688
-2507
-2246
-2096
-2092
-2127
-1970
-1572
-1169
-910
-734
-533
-229
37
184
303
377
409
491
595
619
462
204
62
41
34
-77
-261
-461
-655
-806
-862
-832
-770
-753
-756
-677
-522
-418
-305
-73
213
516
782
1106
1372
1580
1804
2056
2341
2645
2954
3260
3516
3766
3885
3363
2472
1808
1918
2380
2324
1596
630
-305
-968
-1276
-1258
-1242
-1701
-2422
-2874
-2875
-2838
-2943
-2978
-2786
-2442
-2095
-1759
-1476
-1288
-1134
-666
36
724
1157
1262
1279
1460
1848
2211
2337
2229
1999
1692
1414
1203
1035
695
161
-309
-585
-824
-1197
-1616
-1973
-2246
-2424
-2478
-2469
-2487
-2550
-2524
-2333
-1987
-1672
-1479
-1282
-1017
-693
-370
-65
202
354
414
500
618
724
733
625
541
457
328
214
66
-106
-321
-489
-605
-664
-705
-776
-829
-768
-658
-536
-396
-238
-55
193
555
904
1150
1328
1553
1880
2236
2571
2888
3149
3378
3675
3642
3024
2324
2114
2422
2654
2282
1558
755
-79
-636
-736
-604
-828
-1492
-2210
-2505
-2522
-2563
-2598
-2568
-2490
-2427
-2241
-1889
-1580
-1407
-1206
-763
-176
295
562
718
905
1173
1536
1824
1936
1855
1665
1504
1400
1400
1330
1020
618
277
64
-176
-416
-677
-1027
-1407
-1685
-1764
-1770
-1860
-1959
-2012
-1975
-1894
-1808
-1672
-1520
-1337
-1115
-828
-594
-451
-415
-331
-136
111
306
367
380
321
288
307
390
408
317
182
46
18
-24
-101
-177
-207
-181
-153
-109
-108
-108
-71
98
356
572
699
768
886
1087
1405
1720
1980
2149
2327
2556
2832
2792
2362
1922
1873
2202
2372
2142
1584
899
279
22
126
298
58
-645
-1316
-1644
-1664
-1507
-1446
-1559
-1847
-2105
-2069
-1756
-1409
-1250
-1168
-1088
-911
-651
-369
-156
-1
192
406
595
718
764
728
664
718
887
985
873
643
430
325
246
225
138
-169
-531
-777
-779
-734
-855
-1085
-1295
-1481
-1542
-1464
-1338
-1282
-1348
-1433
-1399
-1279
-1151
-1017
-899
-778
-700
-607
-436
-317
-206
-103
15
177
287
299
308
334
403
517
634
696
674
573
460
399
451
582
685
726
684
622
621
673
789
910
1026
1133
1217
1275
1377
1474
1602
1515
1292
1140
1197
1369
1381
1243
1007
702
385
318
381
496
306
-91
-441
-576
-591
-554
-466
-527
-761
-1050
-1081
-928
-761
-721
-753
-788
-825
-801
-638
-422
-332
-323
-325
-266
-179
-80
-10
50
68
75
120
128
186
215
238
209
174
142
114
74
5
-56
-84
-128
-166
-238
-336
-443
-533
-512
-527
-569
-644
-693
-711
-746
-730
-677
-626
-611
-610
-548
-484
-371
-250
-162
-101
-46
21
158
289
407
452
462
448
452
512
565
617
639
625
592
578
567
590
584
557
513
508
504
467
411
345
353
361
392
427
414
394
409
448
456
456
461
476
518
551
540
547
507
468
490
556
577
513
378
291
272
242
264
256
190
39
-99
-128
-123
-134
-162
-181
-253
-330
-360
-314
-238
-245
-254
-242
-193
-200
-173
-139
-113
-95
-108
-58
-39
-41
-15
2
16
9
-8
8
21
39
32
23
9
-27
-35
-22
-10
-36
-81
-108
-125
-127
-129
-139
-143
-188
-190
-184
-173
-178
-199
-205
-210
-199
-207
-195
-195
-176
-168
-139
-78
-22
19
44
100
152
216
250
295
330
337
364
408
445
419
387
387
414
394
366
325
291
254
237
212
192
134
50
12
12
-11
27
60
-74
-3
12
-121
-5
67
65
147
222
229
226
208
254
299
337
409
402
379
346
299
299
326
344
358
328
305
262
182
116
30
-9
8
-37
-71
-70
-115
-165
-184
-167
-159
-150
-116
-77
-65
-42
-67
-62
-9
15
39
38
44
-9
-42
-55
-44
-32
-63
-94
-127
-154
-163
-191
-242
-271
-269
-272
-267
-283
-317
-328
-313
-276
-233
-185
-175
-170
-141
-106
-67
-23
20
29
47
96
139
162
172
175
173
216
230
241
242
232
180
182
195
175
177
133
103
80
77
76
14
-39
-98
-142
-151
-137
-141
-139
-154
-196
-179
-150
-133
-77
-41
2
49
92
124
142
176
189
251
325
425
468
440
412
382
355
362
363
368
376
315
272
211
169
132
116
114
79
70
41
3
-34
-42
-48
-55
-27
-17
-16
-44
-55
-63
-70
-39
6
45
61
53
26
17
7
-2
1
-10
-32
-52
-98
-138
-154
-169
-182
-170
-179
-195
-195
-206
-217
-227
-224
-167
-146
-121
-85
-39
-8
25
68
89
142
202
259
289
297
319
313
320
331
317
339
322
291
237
182
132
83
19
-36
-60
-93
-140
-189
-218
-250
-277
-273
-235
-191
-168
-138
-109
-72
-51
-31
28
94
164
221
249
279
293
287
290
299
310
320
302
275
269
250
201
172
174
198
186
160
148
117
71
16
12
24
24
8
-11
-42
-75
-79
-64
-46
-40
-17
4
21
9
-11
3
-33
8
80
103
90
58
37
8
12
26
8
2
-27
-61
-76
-86
-105
-145
-163
-158
-128
-117
-86
-103
-105
-87
-44
27
77
113
127
178
200
222
252
270
280
287
300
301
282
245
204
169
150
105
45
14
-38
-84
-124
-161
-168
-205
-211
-191
-174
-136
-109
-67
-61
-40
28
48
78
104
136
139
146
184
219
217
201
195
204
196
165
147
141
148
147
135
137
115
59
44
32
37
17
8
0
-3
-19
-53
-65
-78
-98
-129
-136
-109
-124
-149
-148
-159
-158
-176
-171
-159
-141
-122
-121
-117
-125
-121
-102
-70
-43
-44
-64
-56
-38
-27
-24
-14
-15
-7
-13
3
22
29
59
83
137
153
163
148
167
179
201
238
239
214
183
180
167
152
138
108
74
57
24
-13
-63
-106
-138
-141
-135
-144
-145
-141
-145
-155
-118
-70
-37
-23
16
57
99
140
147
133
154
165
173
184
186
168
123
97
70
53
48
18
17
19
18
5
2
-24
-28
-20
-7
38
56
53
28
48
64
84
113
108
111
97
80
82
75
54
18
3
-3
-8
-39
-83
-126
-154
-156
-152
-176
-201
-210
-231
-214
-209
-174
-167
-171
-143
-99
-44
-3
11
14
48
109
161
225
280
311
326
335
348
356
357
350
347
318
263
217
166
82
33
-4
-42
-75
-150
-199
-240
-281
-302
-294
-295
-269
-248
-252
-195
-166
-123
-73
-18
45
105
139
188
210
219
212
200
218
216
207
170
123
76
43
-4
-49
-84
-118
-149
-178
-172
-158
-136
-119
-138
-138
-108
-30
23
72
108
170
203
200
265
297
325
323
344
340
311
283
248
233
213
156
130
103
23
-55
-111
-137
-160
-174
-212
-242
-249
-253
-268
-233
-211
-168
-149
-119
-54
0
46
90
152
213
288
333
382
412
435
484
488
485
510
496
470
409
356
297
211
144
96
48
-35
-99
-172
-229
-263
-299
-300
-310
-332
-329
-292
-256
-235
-202
-155
-87
-31
26
78
140
183
195
242
252
265
265
251
220
182
147
98
60
7
-17
-58
-107
-147
-180
-177
-187
-187
-178
-157
-154
-141
-112
-69
-12
51
109
150
168
197
227
275
325
355
368
374
359
330
329
321
309
278
246
179
99
29
-24
-66
-98
-145
-191
-221
-265
-309
-315
-280
-270
-259
-248
-231
-206
-174
-107
-19
43
84
145
201
248
293
337
363
355
378
376
383
353
302
257
198
137
72
21
-35
-72
-129
-193
-226
-262
-288
-296
-281
-259
-258
-243
-238
-212
-146
-100
-31
12
39
98
143
142
178
206
192
177
150
124
99
67
30
-9
-46
-120
-179
-195
-210
-218
-229
-243
-261
-242
-220
-203
-154
-135
-124
-84
-54
3
55
102
149
168
190
205
234
260
290
297
293
263
243
221
205
178
141
100
55
4
-50
-79
-128
-153
-185
-230
-268
-285
-321
-299
-289
-272
-220
-196
-178
-160
-118
-49
0
45
58
94
131
140
154
178
208
205
178
166
104
62
41
0
-14
-63
-116
-169
-202
-211
-225
-236
-234
-246
-246
-210
-206
-184
-150
-131
-81
-44
10
50
68
95
111
153
190
195
174
160
148
140
114
89
67
49
21
3
-58
-107
-104
-121
-128
-134
-138
-139
-143
-126
-97
-86
-58
-40
-25
4
34
65
96
135
161
171
174
187
208
235
239
235
205
184
144
120
83
58
28
-29
-61
-95
-116
-142
-168
-198
-227
-245
-231
-226
-199
-196
-167
-118
-89
-59
-31
13
32
70
86
101
117
121
138
120
115
114
91
56
6
-11
-46
-84
-98
-113
-152
-181
-204
-236
-241
-211
-175
-163
-149
-130
-108
-98
-59
-18
14
36
73
100
117
137
140
151
165
173
158
127
103
90
61
27
14
9
-6
-29
-50
-68
-75
-81
-89
-90
-78
-46
-53
-37
-21
10
38
57
88
100
124
143
162
180
218
239
211
194
182
189
184
186
156
106
69
20
-5
-41
-67
-117
-154
-198
-234
-253
-264
-265
-252
-244
-249
-228
-216
-193
-167
-127
-95
-33
-20
6
48
65
82
86
95
112
110
108
105
69
31
-5
-25
-36
-73
-96
-144
-163
-160
-185
-191
-226
-215
-217
-206
-153
-121
-93
-81
-60
-36
17
48
77
115
99
112
126
149
153
118
111
107
84
74
52
12
-36
-58
-93
-112
-129
-123
-141
-165
-154
-175
-174
-174
-150
-128
-111
-79
-32
-24
7
48
67
121
119
143
168
199
212
199
200
169
155
129
124
105
88
38
-23
-62
-106
-133
-159
-175
-199
-221
-221
-250
-250
-248
-243
-247
-220
-178
-140
-115
-112
-83
-57
-8
23
55
95
109
114
119
130
131
108
101
98
76
68
49
35
20
7
-30
-54
-79
-98
-108
-114
-120
-114
-111
-144
-130
-111
-86
-69
-49
-40
-25
-20
0
27
48
68
83
90
97
97
103
112
105
96
79
82
54
31
4
-15
-34
-43
-67
-80
-95
-126
-135
-150
-135
-133
-122
-107
-79
-87
-78
-39
-13
36
65
77
93
97
137
163
156
155
161
174
178
150
138
105
59
22
-12
-53
-58
-80
-129
-149
-175
-204
-216
-191
-198
-191
-191
-182
-165
-170
-126
-106
-70
-29
8
42
69
90
111
148
156
168
168
151
155
152
134
107
89
89
65
49
12
-13
-27
-40
-59
-66
-81
-113
-120
-138
-131
-143
-146
-138
-143
-119
-115
-99
-115
-96
-94
-161
-187
-196
-132
-59
62
187
263
279
260
202
93
-27
-90
-71
-40
33
91
124
118
51
-35
-122
-204
-318
-341
-350
-304
-225
-142
-69
-33
-28
-68
-103
-120
-99
-75
-32
31
93
142
176
162
142
104
38
9
4
18
13
19
15
2
-46
-91
-150
-225
-297
-364
-381
-391
-382
-332
-290
-254
-220
-212
-211
-212
-179
-136
-86
-15
51
65
91
100
101
120
111
115
134
137
130
124
91
82
57
28
17
5
-43
-87
-112
-139
-165
-170
-165
-168
-163
-188
-154
-160
-152
-131
-101
-71
-31
6
8
26
35
65
61
90
111
110
132
145
115
92
68
64
50
38
45
61
45
6
-10
-40
-59
-84
-78
-83
-77
-69
-77
-54
-65
-57
-53
-55
-53
-47
-20
21
64
62
80
78
82
74
64
65
50
37
44
48
19
21
-14
-43
-51
-86
-78
-85
-97
-80
-95
-111
-116
-116
-99
-94
-53
-31
-9
7
15
51
48
46
82
101
103
140
166
138
108
108
123
117
117
121
119
85
42
47
-2
-41
-25
-19
-52
-72
-78
-94
-120
-146
-109
-98
-97
-50
-18
5
2
-39
-13
-16
24
58
65
60
39
59
31
53
67
55
64
63
92
80
38
34
35
48
58
75
60
4
-29
-26
-66
-51
14
-6
-20
-11
-11
-70
-96
-70
18
23
-5
79
50
-15
15
65
62
69
93
79
39
47
32
25
48
30
35
41
44
-16
-32
-81
-92
-49
-28
-20
-53
-36
-52
-83
-70
8
45
47
89
86
75
68
69
70
81
129
136
102
119
118
51
39
23
55
40
10
71
135
76
19
23
13
-23
-69
8
35
2
23
69
-14
-67
-43
-45
-65
-48
61
89
65
46
103
16
-27
10
-8
18
65
80
52
63
30
35
7
-6
35
36
68
43
93
57
5
-53
-72
-33
-68
-38
33
0
-72
20
-21
-73
-38
38
5
10
93
90
21
70
87
-15
19
72
33
3
115
64
24
30
43
13
5
4
-11
-2
9
55
21
28
85
-56
-48
2
-29
-23
11
124
71
59
72
110
39
-8
8
58
52
52
46
89
21
-59
-40
-6
18
-19
13
1
-6
0
-14
-25
-82
-53
14
19
-13
20
-19
-62
-31
-2
12
5
83
39
39
32
-1
44
-58
-10
55
74
64
11
-3
-49
-32
-8
-5
9
32
-17
-82
-33
3
-87
-123
-26
14
-18
26
66
45
17
-43
33
88
32
127
122
35
92
61
37
20
66
89
61
26
-7
9
-45
-34
8
13
23
-1
26
-24
-18
46
-7
51
107
90
26
19
63
54
-2
49
99
12
64
90
27
-33
-61
-25
-48
-85
-34
-39
-50
-66
-113
-115
-105
-170
-130
-95
-76
-15
-45
-32
-20
-65
-18
-17
-24
10
59
7
50
28
17
47
-35
49
37
9
70
26
32
43
12
-14
-24
-19
19
32
-30
47
33
-3
-2
-49
-4
-89
-63
0
-66
-13
-27
-47
-50
-70
-62
-18
-4
18
90
82
54
75
83
2
33
64
44
83
105
75
25
65
65
-1
30
83
74
57
83
99
44
89
84
37
75
114
121
105
140
112
150
84
116
148
75
87
35
62
23
-19
42
31
-5
-22
-4
-60
-73
-16
-44
-62
-89
3
-86
-116
23
-24
-30
-3
-27
-2
18
-7
32
42
20
85
45
52
47
41
66
25
66
98
104
44
52
20
32
-15
31
10
-40
31
16
-11
-57
23
-21
-3
-29
58
5
-17
43
10
26
25
83
53
73
95
66
39
67
8
27
35
12
76
17
-2
55
-5
-17
13
21
60
20
35
68
26
21
52
17
79
89
88
94
37
39
68
28
0
110
104
76
104
25
28
-5
9
38
52
54
72
40
-16
-7
-64
-48
-23
-31
27
-14
-34
-55
-105
-76
-87
-104
-36
42
-55
-30
30
-113
-53
-14
-15
33
71
85
22
77
-21
-10
70
54
80
78
109
65
39
109
63
-1
68
88
111
74
78
98
23
-21
-17
20
31
21
91
106
10
0
-7
-36
-41
-36
46
92
82
71
63
12
34
13
32
74
113
128
100
128
77
29
2
67
44
55
82
6
-15
-77
-156
-75
-109
-72
23
3
31
-85
-37
18
-105
0
94
27
51
81
5
13
23
8
61
36
66
31
45
32
6
-1
6
1
36
7
-130
-36
-84
-136
-84
-66
-79
-19
-13
-71
-85
-62
0
-62
-4
116
1
60
63
24
46
52
69
141
139
120
163
57
140
101
74
126
109
73
119
52
-11
2
-90
-61
-48
-109
-95
-51
-122
-118
-137
-137
-117
-163
-85
-41
-105
-86
-37
5
-34
39
56
46
117
83
75
94
78
98
107
86
98
105
47
4
27
-18
-29
-64
-128
-144
-129
-143
-139
-188
-177
-153
-225
-126
-132
-137
-34
-52
-112
-22
-80
-44
5
22
37
64
71
128
56
38
114
42
37
77
54
36
-8
-39
-57
-99
-101
-93
-85
-184
-129
-93
-117
-162
-107
-100
-102
-28
-27
-34
-8
71
54
45
134
180
149
138
139
189
104
125
188
83
111
110
59
53
42
-58
-46
-76
-133
-88
-59
-107
-143
-108
-104
-113
-80
-108
-48
-28
-95
-32
36
-13
8
32
73
43
89
108
95
132
89
146
106
91
131
93
96
84
73
31
26
-8
-57
-51
-89
-35
-69
-115
-76
-76
-89
-105
-66
-86
-13
-6
-44
2
37
12
48
54
35
63
51
79
67
54
64
44
28
49
3
-32
-38
-41
-85
-67
-110
-101
-112
-80
-75
-104
-98
-34
-49
-58
-5
24
67
-23
63
108
56
1
81
128
38
45
105
92
30
75
96
66
-15
-6
1
-72
-20
-8
-70
-60
-121
-126
-84
-158
-144
-146
-57
-173
-104
-79
-93
-94
-86
6
-6
-79
-29
71
-41
45
59
122
86
17
79
39
25
3
20
8
8
-25
-16
-38
-48
-51
-40
-64
-80
-6
-46
-68
-48
-49
-16
-22
-11
62
18
-5
33
57
76
28
46
87
7
50
42
-15
28
12
-50
0
-10
-75
-67
-56
-103
-86
-99
-48
-98
-143
-88
-88
-148
-64
18
-66
-12
62
39
21
49
78
106
79
98
157
31
107
67
-72
43
-9
-28
-35
-47
-68
-71
-91
-127
-123
-80
-92
-133
-140
-86
-120
-150
-38
-93
-102
-81
-63
-11
-7
-31
-31
-26
-32
19
15
-28
22
28
0
16
19
-2
10
-37
-41
-15
-40
2
-90
-80
-43
-110
-111
-73
-60
-45
-76
-24
8
-27
6
15
8
51
56
38
77
85
72
70
56
69
76
21
19
39
-71
-9
-4
-79
-8
-72
-96
-50
-59
-88
-37
-48
-94
-92
-81
-84
-50
-36
1
55
24
54
62
54
3
76
94
86
122
100
114
75
48
35
48
-30
-26
-4
-48
-52
-86
-84
-114
-111
-122
-110
-105
-166
-106
-161
-120
-67
-111
-10
-33
-16
-4
-20
-7
61
26
73
109
108
89
80
99
37
36
84
47
15
82
-10
-4
-20
-75
-82
-80
-37
-87
-62
-73
-76
-87
-63
-81
-82
-76
-59
-9
-75
-56
0
-73
-23
4
-7
-8
-18
-20
14
-13
-33
-28
-44
-13
-60
-53
-63
-56
-56
-76
-90
-78
-117
-129
-79
-140
-97
-53
-130
-76
-112
-106
-85
-91
-83
-33
8
-22
15
-30
-9
3
-32
0
51
24
51
33
-39
4
-58
-76
-11
-76
-72
-67
-117
-129
-148
-117
-109
-139
-164
-44
-123
-115
-88
-74
-15
-67
0
-10
-21
-2
1
9
32
87
41
49
19
50
5
4
4
-46
1
13
-35
-28
-13
-48
-17
-35
-36
-33
-70
-25
-18
-83
-51
-27
-49
-53
-42
-67
-12
-29
-7
11
-10
13
-16
4
-4
-15
-3
-4
-51
-25
-16
-52
-85
-56
-62
-50
-43
-43
-50
-96
-75
-21
-24
-89
-24
-29
15
-13
-28
42
16
-7
68
77
16
71
64
42
0
33
76
19
10
19
16
-21
-21
-44
-20
-37
-53
-25
-10
-24
-25
-32
-20
-19
-67
-1
-9
-39
20
49
2
7
52
54
35
10
77
77
32
88
93
20
32
68
-5
24
-1
-11
45
6
-17
-9
-3
3
4
-7
27
-6
7
42
56
59
45
84
104
48
60
118
37
5
47
-5
35
20
-58
18
-38
-40
-57
-118
-95
-95
-85
-82
-97
-95
-22
-75
-39
-15
-111
-15
-4
-38
33
50
42
38
51
68
39
43
82
58
60
76
63
55
-6
-2
4
-25
-2
5
-9
-7
-28
-20
-44
-76
8
-16
-47
24
5
15
37
0
40
38
35
44
88
59
21
61
41
71
111
67
70
61
55
29
1
12
35
12
14
26
-21
-18
-12
-36
10
-30
-10
12
-16
35
-32
-22
-14
15
10
16
33
22
39
35
43
49
71
65
90
121
26
55
77
22
34
17
64
46
1
36
4
-73
-45
-44
-119
-47
-43
-65
-9
-21
-35
-2
-44
-24
13
17
62
14
55
75
78
26
62
84
29
70
77
96
62
57
42
6
20
37
-37
-9
14
-22
-39
-63
-46
-54
-87
-75
-64
-62
-52
-58
-22
-35
-44
-14
-5
-27
3
-2
15
-22
-37
28
-23
-49
21
-15
-72
-29
-24
-26
-61
-67
-37
-64
-78
-64
-118
-105
-62
-90
-55
-53
-90
-46
-47
-45
-18
-26
-23
6
-4
-13
33
-4
-22
26
3
-10
13
-1
-33
-24
-42
-40
-31
-54
-40
-57
-56
-71
-90
-86
-129
-86
-79
-89
-52
-74
-73
-49
-51
-91
-55
-15
5
-5
31
66
5
47
25
6
25
29
23
44
63
23
18
9
11
-19
-6
-33
-53
-5
-32
-56
-48
-75
-67
-39
-86
-52
-14
-44
-69
-77
-55
-68
-63
-31
-27
3
18
13
-13
-4
-26
-28
-4
-20
0
-5
-39
-61
-72
-34
-57
-94
-44
-36
-42
-41
-36
-35
-23
-11
-43
-28
-39
-24
-45
-43
-29
-34
-29
-77
-88
-56
-57
-67
-55
-59
-64
-37
-19
4
42
28
44
54
33
46
31
45
35
7
8
-9
-16
-29
-40
-56
-54
-85
-96
-67
-91
-74
-52
-50
-45
-52
3
-11
-2
41
30
51
75
70
113
123
126
106
74
58
47
61
46
40
28
-7
-15
-49
-36
-44
-66
-56
-59
-36
-36
-42
-72
-47
-47
-61
-60
-30
14
-16
-1
12
1
-9
0
-23
-6
19
13
22
-1
16
32
-3
-20
-12
-41
-11
-17
-10
5
-5
-23
-38
-28
-29
-7
-23
-4
-5
1
-4
-24
-2
-7
1
11
11
22
26
15
19
32
2
0
8
-7
10
4
14
22
5
11
-15
-21
-13
-38
-44
-41
-54
-66
-34
-66
-71
-50
-68
-58
-51
-40
-19
-29
-19
-7
2
19
4
0
25
12
2
7
-5
-17
-1
-13
-40
-40
-37
-50
-54
-76
-71
-56
-66
-51
-52
-63
-65
-91
-72
-45
-50
-50
-48
-23
-14
-29
-34
-34
-16
-17
-42
-50
-26
-24
-43
-41
-43
-22
-37
-56
-61
-59
-57
-69
-70
-61
-49
-28
-33
-71
-44
-26
-32
-32
-13
-5
-15
-26
-51
-14
-30
-26
-33
-31
-25
-40
-32
-37
-38
-12
-8
3
13
6
21
11
-3
-24
17
9
28
35
50
26
-9
-11
-13
-9
-35
-21
-12
-27
-28
-22
-50
-55
-71
-62
-57
-30
-35
-31
-18
-6
8
3
8
11
8
-18
-3
0
-6
-14
-13
-3
-22
-19
-28
-32
-48
-61
-46
-32
-40
-40
-29
-45
-36
-34
-14
-23
-4
11
-8
2
-14
-22
-23
-19
2
19
39
26
37
27
7
-4
14
25
14
11
12
2
8
-1
-26
-17
-16
0
6
4
-6
5
-7
-41
-40
-47
-36
-36
-34
-19
-20
-32
-26
4
0
2
-2
-19
-1
3
-2
-4
-18
26
16
10
22
10
26
20
8
6
21
1
-9
-7
-5
-15
-16
-11
-31
-37
-48
-21
-26
-46
-36
-19
-17
-17
-10
3
-10
4
3
-8
1
-2
-4
-6
-1
5
-15
-28
-10
-17
-15
-18
-24
-30
-30
-35
-21
-10
-13
-3
16
21
32
32
24
30
19
39
36
39
30
42
39
19
26
26
18
22
27
35
42
39
35
35
33
27
37
50
59
71
74
63
60
56
38
37
44
40
33
16
13
3
-8
-13
-22
-30
-27
-25
-26
-20
-14
-32
-31
-16
-20
-17
-21
-15
5
-1
10
20
33
42
24
12
7
9
16
4
23
21
3
7
13
11
9
12
11
8
-7
2
-11
-17
-11
0
4
3
-1
3
-23
-30
-27
-25
-14
-1
-20
-38
-29
-46
-40
-37
-38
-26
-30
-13
-3
-9
10
13
17
10
4
2
-3
8
16
7
24
6
14
24
14
14
-11
-8
-16
-12
-3
9
15
3
9
15
8
13
14
17
39
42
26
25
37
28
22
30
13
0
-10
-26
-29
-43
-36
-50
-49
-47
-52
-56
-65
-55
-65
-44
-40
-38
-35
-21
-26
-20
-19
-9
8
-15
0
7
6
-9
-10
-16
-27
-10
-17
-18
-31
-33
-26
-33
-34
-32
-43
-37
-34
-38
-41
-38
-35
-30
-38
-26
-25
-23
-15
-22
-34
-26
-14
-27
-5
-12
-6
-2
-6
12
-5
-7
-14
-3
-2
-8
-1
-6
1
0
-16
-14
-11
-13
0
-1
0
6
9
19
9
2
13
18
14
6
10
5
3
13
6
6
2
-4
-2
-10
-16
-5
-1
-4
-7
-15
-9
9
-13
-30
-19
-24
-19
-34
-28
-18
-31
-25
-15
-9
-22
-7
-12
1
15
1
22
1
11
7
13
38
47
32
31
45
39
47
43
52
27
32
45
38
22
30
36
8
12
31
36
29
27
28
28
8
25
41
35
57
58
57
46
50
66
42
55
51
49
49
44
42
29
33
42
27
21
26
20
24
12
15
24
22
19
20
16
42
39
39
65
60
51
46
47
59
46
41
33
12
25
29
36
31
23
16
16
24
19
16
3
4
-1
-11
-7
-2
-16
-22
-34
-16
-12
-26
-26
-22
-35
-10
1
-18
-3
8
-8
0
-3
-5
-7
-12
-4
7
8
-9
14
11
0
17
-3
15
10
4
2
9
4
-12
15
-12
-11
2
13
15
9
11
-1
14
8
31
44
31
33
46
31
36
39
23
40
41
36
27
18
29
20
19
34
5
6
6
2
1
0
19
17
8
-5
-25
-8
16
-1
15
16
20
40
39
27
28
27
38
33
9
18
14
13
-3
-9
-6
-13
-15
-16
-12
-23
-17
-29
-36
-36
-24
-33
-35
-23
-35
-38
-18
-13
-24
-21
16
5
-1
9
4
19
19
26
13
24
16
18
29
13
25
34
28
17
38
17
22
24
17
24
24
27
36
27
25
38
22
39
38
45
41
36
49
52
44
53
51
57
58
65
63
38
67
58
43
46
52
47
48
51
25
28
22
13
20
19
12
-11
-16
-13
0
2
-15
3
14
5
9
21
12
24
29
36
21
7
11
27
21
21
40
13
10
10
1
0
-4
-4
1
-14
-19
-22
-34
-21
-13
-14
-14
-9
-6
-2
-16
-7
3
-1
28
1
23
25
10
33
13
25
34
30
45
40
19
42
25
27
28
20
33
26
28
26
41
27
19
30
39
35
32
34
45
37
30
27
16
20
31
36
22
34
40
35
30
18
22
26
21
28
14
22
40
13
7
17
12
4
-7
-4
13
-2
-12
4
-14
-20
-20
1
-7
-4
-20
-14
-4
-5
-3
-12
-3
-17
-4
-11
-10
-14
-10
-20
-18
-20
-9
-7
-11
1
-10
-15
-3
2
6
-3
10
14
2
17
31
39
31
-5
-5
0
5
-5
7
28
36
37
20
9
10
2
-24
8
6
29
27
21
25
13
14
16
25
12
28
34
35
54
64
54
47
55
43
59
46
45
41
39
20
20
36
29
36
24
44
17
9
17
-3
1
-6
22
15
11
10
2
6
-10
-5
-1
-11
2
9
6
2
11
-10
-11
-8
-15
-3
-6
16
12
12
-5
-3
3
5
-14
-16
-22
-25
-12
-41
-35
-21
-28
-48
-38
-21
-39
-41
-24
-19
-25
2
-8
18
21
6
27
20
21
37
25
26
42
41
48
53
59
51
39
44
50
38
35
53
32
28
27
30
42
41
31
30
32
38
26
25
35
24
39
43
42
41
46
43
60
54
58
50
40
33
37
40
34
21
9
7
2
7
4
2
-28
-16
-17
-21
-18
-18
-13
-3
-3
-14
2
-15
8
-1
-10
10
17
14
22
19
15
18
13
22
26
38
30
26
38
37
31
21
29
19
10
15
12
9
7
-5
0
-6
2
14
3
1
15
16
29
25
30
53
45
47
53
48
65
66
70
63
72
66
57
69
65
63
47
48
49
37
54
48
31
30
21
28
36
21
7
9
24
23
22
30
16
25
35
40
36
31
49
30
32
22
39
32
24
23
10
13
-6
3
-2
-12
0
-17
-27
-30
-40
-20
-33
-54
-43
-47
-35
-13
-39
-15
-19
-14
3
-1
4
1
21
34
21
29
43
53
39
41
31
41
56
38
18
30
48
19
30
19
18
34
8
20
24
33
26
18
19
20
33
9
41
40
28
38
37
38
38
48
31
17
19
30
19
23
16
24
1
8
11
-2
14
4
7
-11
-2
-2
0
-5
-4
-14
-13
-11
-11
-11
-14
-9
-30
-27
-22
-24
-2
2
-10
-13
-8
-15
-10
-18
-23
-38
-29
-21
-43
-19
-18
-24
-26
-39
-32
-38
-52
-32
-34
-20
-41
-28
-18
-32
-23
-23
-23
-14
-7
-19
-19
-12
-13
8
-8
-1
19
18
19
12
10
14
5
15
20
11
23
3
-3
-9
16
3
12
25
8
23
10
20
22
14
27
33
15
12
18
14
24
25
10
19
1
6
9
-10
0
7
3
-1
9
-5
-1
-12
-17
-20
-16
-16
-23
-19
-16
-23
-17
-9
-13
10
3
-8
1
-2
-3
-4
-7
5
0
-12
1
-1
9
-15
-28
-25
-37
-32
-42
-35
-27
-31
-25
-37
-26
-13
-17
-32
-21
-20
-27
-18
-9
-10
-18
-6
0
-1
-1
-8
11
-5
-4
6
-7
-6
-24
-13
-4
-14
-16
0
-3
2
-6
-2
4
-3
6
13
22
-3
7
6
16
24
29
13
6
23
10
10
15
-4
3
-6
-16
-6
-7
-4
-10
-20
-20
-26
-20
-18
-28
-38
-42
-34
-32
-21
-20
-37
-44
-50
-54
-47
-49
-38
-36
-32
-34
-37
-23
-21
-29
-39
-35
-41
-25
-23
-16
-28
-34
-13
-38
-32
-28
-20
-19
-34
-37
-33
-27
-32
-33
-33
-27
-21
-23
-27
-18
-11
-25
-27
-13
-9
-17
-19
-2
-5
-3
-15
-7
-1
-16
-15
-7
2
-8
-10
-2
-11
-16
-24
-16
-26
-17
-22
-25
-3
-22
-13
1
-20
-5
0
-13
-4
-1
-13
-3
-6
-6
1
-8
-8
-7
4
-15
-15
-18
-24
-22
-35
-30
-35
-38
-34
-37
-44
-32
-38
-48
-45
-50
-48
-46
-53
-58
-58
-58
-48
-43
-46
-42
-46
-40
-33
-26
-13
-15
-23
-31
-12
-20
-19
-22
-20
-8
-11
-17
-26
-7
-22
-34
-21
-30
-29
-24
-24
-25
-17
-22
-10
-12
-8
-13
-4
8
-7
-2
2
17
19
26
12
26
20
22
27
6
15
30
14
14
21
0
-11
-8
-4
-3
-6
-16
-9
-6
-11
4
15
6
3
-3
12
11
-3
10
10
1
-10
18
12
2
19
-6
-8
-1
-22
-4
3
10
2
-5
-22
-25
-19
-12
-29
-9
-9
-32
-14
-31
-17
-29
-28
-15
-18
-20
-16
-2
-4
-12
-17
-8
1
-8
-12
-10
-13
-18
0
12
20
19
4
14
10
22
10
13
30
10
25
22
33
17
9
27
26
22
11
11
21
18
20
13
26
24
9
13
21
35
8
18
25
32
24
16
21
32
32
10
-8
0
-2
4
13
-6
-10
6
3
-18
-15
-26
-10
-13
-16
-2
3
-2
-5
-9
-12
-4
-1
0
5
10
0
0
5
3
7
5
13
23
0
7
6
-11
-7
16
6
-14
11
13
-4
2
-2
-18
-4
-14
-3
7
-9
4
4
-9
0
7
19
11
13
22
18
25
24
16
30
12
18
35
43
38
31
30
22
41
34
30
27
27
40
36
31
24
18
33
31
23
28
15
35
47
40
43
39
39
38
27
25
15
19
39
22
28
20
16
19
4
5
9
9
11
-4
7
11
5
5
13
5
-6
-10
-4
-7
-20
4
2
5
7
-7
-2
-3
8
-6
-11
-9
-5
-17
-10
-9
-11
-14
-3
0
-24
-6
-8
-10
16
19
3
1
8
15
21
22
16
20
26
34
36
35
27
23
17
16
17
19
18
9
29
20
7
25
18
14
29
18
33
28
27
30
27
28
12
19
11
37
23
8
5
24
13
11
16
-2
4
12
7
6
-2
4
-5
6
13
-18
-7
1
-3
4
2
9
2
4
1
-2
10
-6
-8
1
1
-4
-6
8
6
-6
-20
-4
-10
-16
-17
-34
-26
-28
-15
-4
-3
-10
-16
-24
-14
-24
-33
-26
-15
-24
-14
-25
-18
-2
-16
-2
-15
-4
-13
-18
-17
-13
-17
-2
1
-11
5
-2
6
0
7
-1
5
1
2
-1
-10
-1
-8
-2
3
-10
-4
-13
-27
2
15
-13
11
13
1
-1
10
0
-10
5
-7
3
-14
1
9
6
-3
-10
-3
0
-6
-16
-5
-10
-19
-8
-5
-6
-9
-6
-17
-7
-15
-22
-3
-1
-13
-20
-12
-22
-24
-15
-19
-10
-13
-8
-12
-21
-11
-11
-2
-16
-21
-4
-9
-17
-20
-11
-28
-17
-5
-7
-17
-16
0
-6
-6
-38
-33
-22
-41
-26
-46
-23
-23
-16
-8
-19
-23
-20
-17
-22
-7
-24
-8
-15
-27
-31
-30
-28
-20
-16
-20
-19
-1
-9
-9
8
-3
6
-3
-2
-16
-16
-11
-9
-24
-36
-29
-16
-17
-18
-7
-22
-10
-27
-19
-23
-19
-28
-46
-13
-20
-23
-24
-24
-28
-38
-20
-18
-22
-19
-20
-14
-13
-21
-27
-31
-27
-18
-21
-13
-25
-21
-13
-17
-7
-17
-11
-21
-17
-26
-14
-11
-27
7
-9
-18
-7
-8
-6
6
0
0
0
-6
-8
3
1
12
9
-5
11
22
21
6
24
16
18
17
26
30
14
26
14
3
1
5
-7
-12
-6
-13
-9
-13
-16
-21
-23
-20
-30
-25
-4
-9
-16
-23
-21
-21
-20
-24
-24
-20
-19
-23
-25
-5
-30
-24
-18
-22
-15
-14
1
-13
-6
-19
-12
-17
-12
-3
-29
-13
-14
-6
-14
-21
-17
-12
-27
-29
-19
-19
-22
-21
-24
-20
-11
-30
-25
-18
-3
-15
-14
-1
-12
2
6
-9
-2
-7
-12
-11
1
-16
-19
-6
-16
-18
-13
-4
-12
-10
-12
-28
-18
-17
-22
-6
-2
-3
-25
-5
-5
-20
-5
-8
2
-22
-17
-3
14
6
-8
-9
-18
5
-16
-15
-16
-14
-19
-15
-13
-16
-30
-20
-10
-27
-20
-16
-13
-6
6
-9
-1
-9
0
7
1
-1
1
4
6
3
8
-5
-23
-8
-1
-1
-23
-6
-17
2
-1
1
2
-10
4
-11
-17
-15
-17
-16
-4
-7
-8
3
-1
4
-6
-1
7
4
5
7
8
13
19
32
33
36
48
50
42
21
28
25
38
32
28
33
29
25
28
28
30
19
10
18
23
36
24
28
34
27
25
36
36
36
44
38
35
31
33
40
40
36
20
15
11
5
2
1
5
-1
-1
-5
-12
-20
-8
1
-31
-20
-31
-16
3
3
0
-4
11
4
10
2
9
7
6
6
11
-8
-12
10
-5
20
7
5
15
0
-2
22
12
18
8
18
17
7
16
23
34
29
29
33
53
33
33
34
26
36
45
45
53
49
48
56
51
44
45
52
52
17
31
27
19
31
26
42
19
18
44
30
23
33
25
39
38
32
30
16
31
45
40
51
50
47
30
26
33
36
35
10
28
13
4
8
-2
6
-3
-1
2
-8
-10
-8
-21
-14
-4
-18
-7
-11
-3
4
-5
-12
-21
-21
-20
-24
-21
-22
-11
-22
-21
-6
-12
-10
-14
-18
-8
-4
-10
-6
-11
-29
-35
-10
-3
4
-1
-5
11
5
-18
-6
-8
-7
0
3
6
-10
4
2
6
21
20
13
35
25
16
11
3
16
16
20
23
27
18
8
14
0
5
17
0
17
15
15
21
11
22
9
22
13
8
3
11
14
5
-2
7
-3
3
29
13
7
8
-3
1
-12
-7
-5
-15
-7
-19
-17
-10
8
8
-8
-2
12
-8
-16
-9
0
20
3
10
23
-5
7
15
4
-2
23
-1
9
17
11
30
5
18
5
11
0
8
5
3
22
15
16
9
3
4
4
5
22
25
23
15
11
23
2
15
35
16
28
17
4
19
4
11
5
11
14
14
2
11
16
0
9
-4
0
-5
-4
3
2
16
20
12
6
11
-3
4
11
-9
-20
-1
2
0
-7
-10
1
1
-7
0
5
-1
-3
4
-8
-13
5
6
-8
-15
5
-17
-2
-6
5
6
-5
-4
-18
-5
2
-5
10
2
-6
19
20
5
9
12
3
-7
-1
27
16
9
10
12
0
2
-2
-7
8
5
-4
6
6
10
1
10
13
18
11
23
32
18
19
21
28
33
44
36
38
21
33
27
26
29
21
31
14
27
26
11
24
18
13
3
-4
7
17
8
-3
2
1
-4
12
13
25
12
9
8
8
6
6
16
3
18
19
33
16
26
12
5
18
16
23
8
6
9
2
-1
6
5
20
5
2
7
10
7
-5
23
-4
-4
5
-5
18
0
-4
9
12
20
14
15
25
22
23
25
25
21
19
27
35
23
32
27
28
20
13
22
24
30
8
14
14
14
20
31
45
16
27
24
11
19
32
44
24
32
34
32
38
32
33
39
37
39
52
40
51
46
32
42
35
49
41
34
34
27
31
25
27
25
23
20
22
4
4
21
24
17
20
13
11
8
3
6
13
9
2
14
18
17
16
27
3
-1
-3
-8
11
2
-15
-19
-7
-13
-7
-2
6
0
14
24
11
31
46
22
20
28
30
29
13
29
31
26
30
29
33
46
39
32
18
22
18
19
39
25
12
27
23
20
19
32
28
0
22
19
27
29
26
26
18
26
25
41
36
31
34
26
33
27
23
18
18
18
18
16
10
-5
8
6
-4
-1
6
0
-7
0
-3
12
6
8
22
7
2
19
24
15
13
21
23
27
13
21
34
20
22
23
27
12
32
18
32
32
30
46
28
36
27
39
25
34
36
31
27
45
56
41
30
43
35
29
26
33
42
38
35
42
42
20
30
22
33
31
5
14
22
14
34
34
2
4
1
11
6
4
7
20
14
1
14
23
18
15
20
-3
5
24
12
16
16
19
17
21
8
-5
9
19
16
17
9
14
17
19
24
17
17
20
27
22
25
18
17
2
2
28
22
19
12
11
25
24
23
19
26
17
13
34
14
17
18
20
28
13
17
19
19
20
6
27
24
20
17
21
42
20
30
23
20
22
34
23
27
35
24
31
33
37
24
17
8
29
27
2
12
18
16
16
5
9
18
-7
19
18
14
9
14
25
-4
11
16
32
30
9
5
19
43
34
14
6
16
16
15
19
23
26
8
17
30
16
23
25
15
24
19
18
15
12
24
13
12
15
8
9
2
9
7
19
29
20
27
32
29
22
35
22
8
32
33
29
35
36
17
37
35
23
39
43
33
28
40
19
28
27
24
26
29
44
40
33
42
44
36
23
20
37
44
24
29
23
17
28
15
13
11
-6
-9
4
18
0
1
1
0
9
22
13
2
9
8
8
2
11
-8
8
19
2
10
11
21
18
8
20
22
11
26
22
19
18
15
28
16
16
11
1
8
11
13
4
-1
-4
-1
26
19
18
31
7
10
24
38
22
26
26
15
33
38
37
25
20
15
41
36
16
41
45
40
34
31
30
24
24
25
39
33
32
33
30
31
21
32
24
26
28
9
22
20
22
25
13
25
41
19
9
8
17
19
23
30
34
35
23
21
9
8
2
8
5
3
6
9
-5
-3
1
16
22
21
23
16
8
4
24
-3
17
29
8
23
8
7
34
16
19
18
20
17
8
12
13
22
7
12
8
14
16
-1
-6
3
0
3
7
-2
6
15
21
38
25
21
12
15
27
3
9
14
21
20
24
38
18
16
5
8
2
13
8
3
3
-1
-4
-16
-10
-11
4
-6
0
-3
-17
-3
3
0
3
12
-4
-5
1
1
-19
-17
-5
7
13
-2
-1
-2
1
-4
-11
-1
-12
2
9
17
8
7
15
16
21
27
28
2
13
16
6
9
-7
0
9
-1
6
16
30
24
26
16
28
26
22
23
15
23
19
30
20
26
18
34
17
22
44
26
30
36
31
17
14
13
26
28
32
37
33
34
44
23
27
39
17
41
25
41
35
26
33
22
36
30
13
22
31
2
-7
9
-2
4
14
5
-1
3
1
-2
0
-12
0
5
-4
-14
-14
-20
-14
-9
-7
7
-2
0
9
8
4
9
2
-13
-12
-3
0
6
3
-3
8
5
-4
4
14
16
3
7
6
14
7
24
8
15
25
22
15
25
13
-7
13
-3
15
17
5
20
21
4
17
18
12
9
22
6
9
19
2
10
7
4
8
10
2
11
8
21
24
4
-3
3
4
10
15
8
18
17
4
7
-7
1
7
16
2
18
22
8
-14
-3
6
-3
-3
-8
-6
-8
10
-5
10
2
-12
-14
-9
-6
12
8
-15
-10
-12
0
-9
4
-5
-9
-10
-8
-2
2
2
-8
-4
-13
-9
-11
-11
3
9
13
8
4
23
21
9
29
10
7
3
0
12
-3
7
-3
2
3
-2
-1
0
17
20
17
8
-2
5
1
17
22
20
27
15
13
13
28
23
19
7
16
38
38
38
38
23
32
40
32
36
43
44
37
37
33
27
34
42
32
47
38
30
27
14
28
29
34
28
25
28
6
16
26
32
32
20
24
21
9
18
24
19
20
12
16
9
10
26
15
22
32
24
27
31
39
19
3
25
26
9
14
17
17
29
19
18
25
20
31
36
25
41
34
37
35
33
30
32
44
28
30
38
29
24
28
30
24
15
27
36
37
38
26
25
22
22
29
21
36
23
19
16
19
28
17
22
22
26
17
21
13
3
-19
4
2
7
7
3
4
13
13
11
11
5
6
-1
4
6
2
8
7
19
12
7
19
6
13
12
1
-5
11
12
24
24
12
6
15
19
14
11
18
29
16
26
22
14
21
4
4
13
-6
9
11
7
8
6
22
13
23
19
-2
14
12
15
22
32
25
15
33
46
21
19
24
16
19
5
15
15
6
11
18
17
17
11
18
13
7
17
-2
13
10
-1
1
-9
6
3
-2
-1
-11
-18
9
15
-4
-4
-3
-1
2
0
-13
-12
-7
-10
6
-3
-8
-6
-5
-8
-5
-1
8
8
8
7
11
19
15
13
-2
20
-6
2
4
6
9
12
11
6
21
18
26
22
24
11
16
22
12
17
8
26
30
14
25
33
30
33
31
28
33
31
14
7
16
35
15
25
39
24
27
27
30
38
58
32
16
20
27
40
14
31
37
31
50
32
23
25
28
35
31
37
14
14
24
22
22
27
29
15
33
34
22
18
20
8
13
26
16
30
34
22
19
16
12
17
34
39
34
37
16
18
20
6
18
14
21
5
18
21
18
7
8
17
20
24
12
14
12
13
14
29
7
27
28
23
22
34
29
21
12
12
18
19
32
8
20
14
9
16
24
18
23
18
13
15
31
27
26
28
12
13
7
5
11
25
30
21
27
15
14
8
14
21
19
36
17
19
17
21
15
18
1
7
18
4
1
15
4
-1
6
-12
10
8
-12
1
-2
-11
3
-20
-12
-3
-11
5
-5
-3
-9
-14
1
-18
-26
-9
-7
-19
3
0
-9
-12
-6
2
-13
-6
-12
-21
-8
-6
-16
-30
-32
-13
-7
-10
-9
-20
-11
-14
-18
-18
-13
-8
0
-18
-11
-14
-8
2
0
4
-4
-1
10
-4
4
-13
-10
-7
-6
-8
-15
10
-1
3
0
7
4
-1
9
5
-7
8
9
19
24
13
13
8
7
-4
8
2
6
13
10
7
22
26
21
13
-10
-4
3
-7
-12
-4
-10
-16
-16
-25
-15
-19
0
-9
-10
-1
-4
-29
-10
-4
-9
-2
-9
-5
-14
-1
-16
-22
-20
-4
-14
-10
-21
-20
-18
1
5
-16
-14
5
-10
-11
12
8
8
-9
-9
10
16
-1
16
11
14
26
9
22
16
13
7
3
17
-4
-13
-11
-8
-10
-9
-2
1
2
-15
4
-6
-13
2
1
-13
-18
10
6
2
-1
-6
7
1
-4
9
17
1
11
9
5
1
-1
4
-6
-10
-18
-12
-15
-20
-23
-21
-27
-22
-22
-24
-26
-9
-27
-35
-31
-29
-39
-19
-1
-18
-26
-22
-4
-17
-15
-13
-22
-29
-28
-24
-29
-25
-41
-42
-16
-20
-25
-29
-44
-23
-20
-16
-27
-17
-4
-19
1
-6
-10
-2
-5
-7
-3
1
-5
-6
-6
-2
2
-10
9
0
-10
-2
-24
-16
-10
-4
-10
-26
-15
-5
-18
-26
-21
-31
-26
-23
-26
-4
-10
-35
-32
-42
-38
-36
-36
-47
-42
-22
-24
-40
-32
-36
-31
-31
-32
-32
-19
3
-22
-15
-25
-20
-21
-29
-36
-28
-23
-25
-22
-16
-35
-35
-44
-34
-23
-40
-36
-39
-33
-34
-40
-37
-34
-44
-45
-53
-46
-46
-55
-33
-25
-45
-43
-42
-16
-34
-27
-12
-23
-9
-37
-29
-26
-35
-30
-31
-38
-41
-23
-26
-23
-37
-41
-32
-33
-28
-30
-15
-27
-14
-5
-22
-16
-5
-7
-9
-6
-12
-4
-1
-8
-24
-12
-29
-27
-14
-31
-28
-22
-15
-20
-16
-17
-5
-19
-30
-18
-12
-23
-28
-33
-15
-34
-33
-26
-26
-34
-25
-26
-22
-25
-31
-44
-55
-51
-46
-36
-39
-36
-46
-30
-40
-39
-43
-47
-36
-41
-28
-39
-35
-36
-34
-39
-53
-38
-47
-51
-51
-35
-41
-40
-31
-28
-19
-23
-26
-24
-31
-35
-36
-17
-23
-21
-25
-31
-24
-24
-23
-33
-30
-31
-15
-14
-16
-28
-7
-18
-14
-2
-9
2
-3
-26
-16
-18
-15
-6
-6
-19
-34
-21
-27
-30
-18
-15
-20
-23
-24
-24
-27
-21
-13
-24
-45
-40
-44
-47
-24
-24
-45
-34
-29
-2
-15
-28
-7
-15
-35
-13
-5
-25
-8
-6
-24
-17
5
-16
-12
-16
-17
