-18
-23
-18
-10
-6
-11
-18
-12
-22
-16
-15
-5
-17
-20
-20
-33
-37
-29
-22
-19
-12
-19
-26
-13
-14
-33
-26
-47
-36
-33
-36
-23
-38
-37
-42
-20
-29
-47
-37
-45
-22
-25
-25
-27
-28
-13
-30
-41
-43
-28
-31
-46
-42
-42
-48
-49
-61
-55
-63
-65
-64
-55
-49
-49
-43
-43
-45
-29
-31
-43
-47
-58
-54
-41
-50
-55
-54
-52
-39
-46
-63
-47
-36
-43
-55
-54
-42
-39
-33
-36
-42
-40
-55
-44
-34
-42
-37
-33
-25
-33
-32
-35
-13
-20
-21
-15
-23
-16
-16
-17
-23
-7
-8
-27
-39
-22
-14
-19
-4
-19
-19
-29
-14
-11
-19
-15
-17
-4
-10
-12
-27
-25
-10
2
-14
-31
-31
-32
-25
-32
-26
-25
-30
-15
-13
-21
-24
-25
-30
-21
-4
-21
-26
-25
-28
-11
-26
-27
-31
-26
-32
-40
-34
-31
-29
-34
-29
-25
-13
-33
-18
-33
-33
-18
-18
-1
-7
-6
3
4
5
0
6
-11
-7
3
-22
-12
-3
-3
-5
-17
-15
-13
-10
-31
-18
-15
-14
-5
-17
-24
-4
-23
-29
-9
1
1
-27
-16
-12
-16
-16
-18
-14
-19
-21
-22
-19
-20
-14
-13
-33
-34
-23
-12
-22
-19
-24
-26
-17
-24
-13
-18
-18
-3
-19
-19
-1
-1
-1
-6
-17
-7
-15
-22
-16
8
4
-9
-3
6
-7
10
-10
-23
1
-3
19
3
-1
-4
-10
14
2
9
10
-10
7
-5
-3
15
11
1
3
-3
5
21
17
21
22
27
15
24
11
7
12
-1
11
-10
4
15
-2
13
16
2
9
23
21
14
15
4
5
9
21
22
18
24
27
12
24
24
17
31
16
23
34
31
33
30
19
21
18
30
23
29
20
23
19
4
40
26
28
29
29
26
13
18
24
34
16
22
17
22
24
17
15
15
11
11
12
29
0
3
11
-4
7
17
3
9
7
3
-1
24
-2
-3
0
-7
5
7
7
-3
8
0
15
12
17
11
14
17
15
6
17
19
14
17
24
21
4
11
11
15
3
0
9
0
-6
5
1
14
11
10
13
18
17
4
3
-18
-4
-10
-16
-1
-16
-27
-19
-15
-10
2
-25
-20
-6
-18
4
-7
-23
-25
-19
-22
-26
-24
-3
-16
-15
-3
-6
-15
-14
-17
-9
-1
-12
-12
-5
-19
-35
-12
-19
-27
-21
-13
-14
-19
-15
-25
-7
-20
-23
-13
-11
-13
-21
-5
-5
-4
-14
-2
-1
0
-9
-17
-15
-22
-14
-5
-11
-5
-4
-14
-8
5
-1
0
0
-12
-11
0
7
-14
-8
8
-2
-4
4
-3
-5
4
-10
-14
-5
-6
-3
-4
-9
-11
-22
-7
4
-12
-7
-25
-29
-15
-16
-16
-16
-3
-13
-18
-10
-21
-28
-27
-24
-21
-18
-23
-13
-5
-16
-23
-16
-10
-20
-18
-13
-7
-1
0
-9
-16
-14
9
-18
-13
-15
1
0
6
10
0
3
-12
2
2
4
3
4
0
17
9
-8
-10
-15
2
-7
3
21
-5
-5
-2
-2
0
-3
2
-3
5
5
3
7
5
0
-3
1
-13
-10
1
0
13
13
-13
-10
1
-11
-11
-5
-11
-11
-20
-25
-23
-19
-16
-15
-8
-26
-22
-9
-7
-16
-37
-18
3
-15
-10
-8
-19
-17
-15
-17
-28
-17
-20
-26
-15
-17
-18
-22
-23
-11
-16
-26
-6
-17
-24
-14
-20
-17
-25
-34
-29
-28
-33
-45
-22
-36
-31
-34
-26
-31
-32
-16
-24
-22
-34
-30
-34
-26
-36
-25
-22
-20
-10
-13
-17
-17
-18
-5
-13
-18
-9
-4
-3
-11
-2
-7
1
-7
11
17
7
18
7
-2
1
12
12
30
15
11
16
10
14
18
14
10
5
6
17
8
24
22
14
26
29
13
4
14
10
17
14
10
15
6
10
3
12
16
13
4
-4
0
3
7
-1
-4
-1
1
13
-13
-5
-2
-10
-17
-36
-19
-26
-20
-15
-20
-16
-16
-9
-23
-17
-9
-8
-8
-4
-5
-16
-9
-19
-3
-3
-11
-3
-8
-12
-3
9
-7
5
-6
12
16
8
15
13
2
-2
12
-2
7
13
6
4
15
3
11
27
7
-3
2
-7
-13
11
1
0
-12
-3
0
-20
-11
-13
-25
-13
-17
-19
-6
4
2
-10
-7
-10
-10
0
-11
-5
6
2
5
1
7
5
17
7
0
1
9
5
16
19
14
9
13
21
1
1
17
20
16
14
6
10
27
21
16
32
17
20
22
36
45
34
26
26
27
11
20
29
21
17
25
22
17
14
20
28
26
46
33
30
33
37
24
19
28
21
50
36
21
20
18
31
40
26
37
31
30
30
33
42
31
22
27
28
41
35
24
30
41
38
27
20
19
38
32
32
29
40
36
21
22
29
28
23
10
7
20
18
16
20
14
3
5
18
16
4
10
-1
19
12
28
13
-6
7
18
10
2
11
3
10
-5
-14
0
1
-12
16
0
2
-1
-2
18
12
17
2
11
6
9
5
9
14
9
25
21
14
15
8
17
20
10
9
20
29
31
29
12
19
15
8
6
-5
7
-2
6
5
17
10
3
21
24
12
21
28
26
15
16
31
14
13
15
24
6
9
20
11
14
6
7
5
1
-2
1
12
-6
-20
-19
-6
-10
-14
-3
10
-4
-10
3
5
10
-7
-3
-3
-9
-6
-12
-3
-9
-19
-14
-12
-8
-4
-12
-3
-9
-7
-5
-5
-6
3
13
8
-5
-8
-13
-11
3
-2
7
9
3
-16
0
5
-1
-5
-10
-3
-13
-10
-21
-9
0
3
-3
-13
-4
6
-5
-9
-14
-7
16
-10
5
-4
-2
4
-5
14
-6
-12
4
0
22
15
16
25
-2
35
29
35
21
32
23
22
27
11
34
12
17
28
25
36
21
17
21
29
10
10
18
0
11
12
5
10
0
-1
12
-4
5
-4
-3
-11
-4
17
-5
6
11
-2
-12
-14
-5
3
1
6
16
9
4
2
4
-1
6
1
7
12
10
6
7
17
17
25
14
17
13
16
23
23
41
28
29
36
19
17
46
30
-2
31
39
16
23
29
18
18
17
19
10
22
-2
14
20
11
3
4
12
2
10
1
-4
-3
3
-7
-6
-12
-8
6
-8
-21
-9
-17
-14
-6
-11
-21
-21
-29
-21
-20
2
-13
-11
-5
-9
2
-4
8
-15
15
7
-9
-7
3
5
-2
-3
8
7
7
-3
15
10
-9
10
19
6
4
26
18
1
-3
10
15
20
17
11
19
6
9
25
17
19
7
5
5
13
2
11
15
2
-5
-11
-1
-1
0
-7
-3
-2
-3
2
-7
3
4
2
-6
0
-4
6
10
5
16
-12
5
6
-4
0
-12
-14
-3
9
-8
0
5
0
6
24
14
-1
-8
8
11
-3
4
2
-1
-19
0
-5
-14
-9
-9
-12
-15
-4
-34
-20
-27
-12
-17
-12
-15
-29
-21
-33
-30
-27
-18
-25
-22
-13
-19
-12
-7
-12
-11
-5
10
-2
-1
-16
-2
-11
-19
15
5
21
8
12
9
14
7
-1
12
-1
17
14
6
11
18
9
7
13
1
8
24
13
16
20
19
24
7
17
8
5
6
15
18
11
-5
4
13
-5
-3
-1
11
16
18
14
19
12
2
17
24
20
4
20
33
20
23
19
18
19
14
20
17
17
25
34
29
24
11
21
30
25
26
23
41
43
25
36
30
5
13
34
25
26
17
29
21
15
25
5
34
30
3
13
15
21
33
31
52
46
45
36
30
25
35
38
37
44
43
27
39
39
37
31
25
25
20
21
10
18
12
28
19
30
38
36
27
40
27
34
33
34
21
25
33
32
37
21
23
14
18
8
25
28
11
5
9
21
12
19
10
20
9
5
8
5
19
14
23
14
24
17
17
15
27
15
6
17
17
23
18
37
28
32
32
27
42
32
30
28
21
42
45
47
39
35
49
39
45
41
46
45
44
44
50
56
50
56
63
56
50
46
58
57
66
62
36
54
45
35
30
43
34
41
50
45
45
22
34
36
39
44
40
38
31
33
44
48
40
41
54
52
35
49
39
54
43
42
34
20
30
24
23
7
15
-5
-9
13
16
6
15
7
2
18
2
7
2
-1
2
20
8
-8
1
0
-5
8
4
-3
5
2
2
0
-5
-13
8
-11
12
-15
-12
-2
-3
12
10
12
0
-10
4
3
-8
5
8
10
24
9
4
7
6
-2
-4
-2
2
11
4
-7
0
13
-4
-4
-7
-13
-5
6
10
8
13
16
17
15
16
18
16
26
28
23
14
15
28
19
16
7
8
3
14
11
13
17
2
21
33
23
33
27
32
22
26
27
14
34
21
21
27
34
24
21
17
20
39
29
27
26
25
27
38
40
28
17
19
22
16
31
19
6
27
28
37
38
29
41
45
40
26
35
28
36
27
25
40
27
38
41
29
29
22
36
22
27
34
29
29
8
33
33
37
37
41
43
32
44
41
34
40
16
17
23
33
28
3
24
16
13
14
22
21
31
40
17
14
18
21
31
17
9
14
9
17
3
-9
17
18
10
5
1
21
3
-4
8
3
-3
4
19
12
-2
6
14
9
5
6
1
17
13
20
11
23
33
0
13
15
24
33
33
34
20
21
30
28
37
34
25
27
14
15
24
29
25
33
39
21
7
17
17
19
10
18
18
30
18
28
21
18
23
0
4
10
21
14
21
15
6
16
15
21
27
9
10
12
17
34
31
29
32
24
37
17
18
43
27
9
11
11
24
14
14
27
20
26
18
18
0
2
6
12
10
8
5
14
0
3
12
-7
12
17
19
16
-7
0
6
9
12
6
0
14
1
28
16
7
17
9
23
13
-2
24
24
22
26
17
18
14
23
15
33
21
26
15
2
15
10
16
20
17
0
6
-3
-7
16
-7
3
6
7
-3
2
-4
-12
24
9
10
-1
-9
-11
2
1
4
13
15
10
19
13
13
18
13
15
15
13
23
30
1
-17
-6
-2
-12
-3
-5
-7
-10
-11
-1
6
7
17
7
9
26
13
-4
16
-2
9
14
8
13
-3
6
11
11
19
22
26
21
32
25
12
30
30
26
24
30
29
20
28
21
30
41
24
35
24
34
33
22
29
27
16
13
22
16
26
17
3
12
20
19
27
9
14
18
14
33
11
17
32
36
38
27
43
39
35
41
50
56
39
32
41
35
42
32
40
27
31
28
25
42
30
36
38
36
40
46
33
45
37
51
49
48
40
20
41
33
34
30
28
30
26
44
27
31
39
45
39
42
52
55
58
46
51
40
55
49
43
47
42
40
45
45
37
28
47
54
25
44
35
33
35
31
33
51
49
40
39
44
47
57
47
33
52
45
44
55
58
66
56
51
53
57
50
51
49
46
60
53
47
47
57
40
55
61
54
66
60
58
60
50
55
61
60
59
73
67
42
44
52
39
40
38
52
32
39
39
36
51
39
31
41
48
46
52
39
53
37
38
20
31
39
26
34
42
45
37
52
40
39
21
38
31
33
33
38
40
36
28
43
44
45
38
23
33
40
64
43
54
44
43
43
57
64
52
44
43
50
41
43
41
54
33
48
49
43
33
37
60
47
40
45
49
42
43
29
37
51
47
29
36
37
36
45
29
32
29
29
22
28
25
30
20
22
42
32
35
25
28
19
29
20
26
32
9
26
22
15
16
24
38
26
25
32
46
33
36
33
26
28
32
43
50
47
28
19
25
42
30
29
19
16
9
24
6
4
9
6
8
16
19
6
13
1
17
26
15
8
10
6
19
24
11
2
22
15
17
0
9
21
24
17
20
22
16
2
2
-2
0
16
9
7
12
16
13
10
8
11
16
19
29
21
21
30
17
11
26
19
18
24
22
35
15
25
10
12
16
12
-1
4
30
6
14
4
15
24
32
25
17
29
32
19
3
6
16
18
24
-6
-8
2
-13
2
3
12
11
10
12
3
1
25
13
7
-4
4
11
6
-10
-8
-3
-9
-5
11
7
5
5
0
21
4
9
-1
-5
12
10
-2
-10
-6
-3
-11
-6
1
-4
0
-1
-10
-1
8
-2
4
3
-9
0
8
-8
7
12
-2
1
10
5
-11
0
2
11
15
5
18
7
13
22
31
23
24
17
15
19
-2
-3
-1
9
12
8
-2
13
-1
8
12
13
17
8
12
10
8
3
4
12
7
-3
1
-11
13
12
13
24
-2
-4
-1
8
1
6
4
16
11
2
6
6
12
10
-1
10
19
6
-6
0
4
7
9
5
10
1
-5
7
13
4
11
2
4
14
22
12
22
22
21
20
9
12
27
40
28
32
23
35
25
27
27
33
31
41
41
22
28
27
28
13
27
33
45
44
36
47
32
29
31
34
34
33
25
21
23
20
18
23
18
33
36
21
13
25
17
40
21
28
25
20
31
11
24
17
25
19
12
3
9
17
10
6
9
6
0
9
14
19
12
24
18
14
18
6
9
15
7
15
12
15
17
28
9
8
16
10
2
-3
7
-4
7
-14
-3
-7
-8
-7
-2
7
-5
1
-20
-5
-14
-10
-7
-18
-3
-19
-16
1
-10
-14
0
-8
-10
-14
1
-14
-10
-24
-33
-16
-23
-3
-13
-4
-11
-8
5
2
-3
1
8
1
3
2
-1
-11
-6
7
-17
10
5
2
10
-6
14
11
11
10
14
2
18
12
18
19
20
27
17
17
-2
15
19
21
23
12
7
6
8
13
5
7
24
4
19
26
-2
7
13
-4
0
4
5
20
-7
4
8
-5
15
16
14
14
-1
-11
1
-9
-10
-16
-6
-4
6
-7
-4
-3
8
5
-5
-4
10
-1
4
3
-4
2
-8
-7
-15
8
1
-5
12
7
-5
9
8
17
15
-6
8
17
9
12
6
2
1
-5
2
-4
0
17
12
3
11
-3
-4
10
-3
8
-7
-6
-4
1
-4
-9
16
-8
-11
-6
0
-12
-5
-9
-14
-3
-9
-1
-9
-2
14
7
16
22
33
2
-8
1
13
13
20
22
5
3
6
13
3
2
8
16
8
20
22
24
19
29
18
30
10
14
36
22
33
29
29
26
26
24
13
16
11
16
20
5
7
14
11
23
32
21
31
32
14
17
25
22
14
18
20
21
31
28
25
28
20
25
6
17
16
-4
1
0
17
9
3
0
8
13
8
19
17
13
10
11
16
8
-5
12
8
17
25
8
20
12
5
13
17
17
7
8
8
2
1
20
29
28
17
18
19
21
22
23
25
31
43
43
40
32
32
46
57
47
41
40
39
35
33
37
42
41
27
29
29
29
27
31
34
31
34
21
29
25
17
29
33
30
30
12
23
23
34
30
30
33
33
31
20
8
6
10
10
5
1
3
2
9
11
10
5
-7
7
9
3
12
0
9
23
8
19
24
17
13
17
10
8
23
22
10
5
19
6
17
13
11
16
8
2
17
12
14
36
10
16
18
-6
9
16
7
4
1
2
9
19
26
14
21
30
10
5
17
16
1
11
10
-7
7
-10
-9
3
4
-2
-3
4
18
30
13
3
-9
-8
16
8
-4
-9
0
-5
-17
-6
-1
-17
-13
-10
-7
0
-1
-14
-11
-5
-19
-7
-17
-24
-17
-12
-8
-16
6
3
19
-1
-4
-9
-13
-3
-19
-17
-18
-20
-26
-12
-27
-15
-17
-20
-23
-19
-20
-35
-29
-20
-10
-24
-28
-18
-19
-15
-14
-17
-24
-21
-19
-27
-14
-3
-3
-24
-17
-26
-23
-25
-4
0
-10
-15
-15
-19
-10
-12
-3
3
-9
-7
-2
-16
1
-1
3
2
-3
7
2
22
17
-6
4
-2
-14
2
-2
-6
-8
-5
-18
10
-9
-4
-10
-4
-8
-6
12
-9
7
1
14
-5
-9
4
1
-16
-14
-18
-8
-21
-14
-10
-20
-31
-5
-6
-28
-18
-31
-22
-11
-2
-16
-9
-5
-9
-7
-1
-5
-8
-14
-1
-12
-21
-21
-18
-23
-23
-12
-15
-24
-7
0
-2
9
-12
-1
-3
5
-9
4
6
-5
4
4
8
1
4
12
6
11
8
25
29
10
15
6
10
-13
-5
-11
-20
-9
-11
-19
-12
-5
-8
6
12
16
17
5
12
11
2
2
-6
6
-3
-14
-4
11
-12
-1
15
0
15
13
25
14
6
22
10
20
9
27
36
7
31
25
25
22
19
31
23
27
31
40
41
22
28
30
24
23
17
22
5
8
4
8
30
5
13
21
21
16
29
27
29
29
33
32
21
50
28
17
27
16
8
14
18
7
10
7
-10
0
18
16
-5
-11
3
-2
6
13
18
16
12
15
23
25
13
7
14
15
2
12
17
34
19
4
9
11
18
29
5
27
24
14
12
-4
21
20
24
19
27
8
17
14
18
12
20
-4
-4
8
2
2
-2
12
10
-1
-7
-4
8
15
0
7
-11
2
-5
-15
-1
-2
13
29
25
4
15
14
6
9
9
6
24
19
0
0
-3
7
4
9
29
20
6
22
18
14
13
6
4
8
-12
-5
2
5
2
0
14
7
8
8
4
9
1
6
12
-4
-6
-1
-3
6
3
10
1
-13
-8
-6
-16
1
-6
-28
-2
12
8
7
4
0
12
-1
-8
0
3
13
15
10
22
38
11
17
4
18
16
20
21
5
-3
7
16
1
-1
-1
-2
20
6
5
7
-10
7
12
22
21
19
24
17
26
24
24
14
34
34
13
21
10
23
20
20
23
19
17
24
18
25
7
-9
14
17
14
24
25
9
21
38
45
31
34
30
28
27
34
29
21
26
34
21
14
16
15
24
31
22
28
32
42
27
12
30
4
25
28
28
26
27
21
28
39
28
42
47
21
24
27
28
30
42
23
14
30
23
16
26
28
20
31
33
48
57
42
45
20
29
41
27
38
30
53
60
59
52
33
39
39
55
47
28
43
40
34
28
27
24
34
28
24
22
15
17
25
12
21
53
31
35
33
25
32
30
35
29
37
33
7
7
12
7
21
22
9
1
7
21
22
15
40
15
-4
26
15
6
15
14
9
14
21
32
28
35
21
22
38
27
13
23
18
10
9
0
3
13
8
12
26
11
32
13
20
23
27
44
32
43
34
31
22
42
40
24
23
28
35
36
29
20
47
38
38
47
22
38
18
18
19
8
34
19
11
42
17
2
18
12
9
29
26
10
24
14
5
31
20
7
0
18
8
2
-9
-5
-4
2
19
-2
9
-4
-7
7
14
3
10
6
-1
6
-12
-10
-24
-1
0
4
-9
-25
-13
-6
9
11
-11
-24
-7
-7
-13
3
18
-3
9
17
-24
-18
-7
-6
-13
-3
-14
-54
-25
-11
-27
-23
-16
-23
-20
-12
-27
-9
-12
-18
-21
-19
-19
-8
-16
-11
-5
-15
0
-5
16
34
26
23
12
23
19
-3
7
30
8
9
23
-10
0
1
-2
-2
13
6
2
-11
-14
-27
-32
-16
-12
-7
-5
-6
0
9
-3
-7
26
20
8
-8
-2
9
2
20
-8
-4
-28
-2
-14
-8
-6
0
9
-19
-10
10
10
1
14
-4
15
4
-3
-3
-1
-13
-20
-18
-2
15
9
15
20
11
22
24
16
48
17
18
6
9
25
16
16
3
27
25
24
7
18
9
15
33
24
19
16
10
8
13
-3
14
18
-1
16
17
8
14
10
-4
1
-8
-13
4
-15
-15
0
-8
-5
-14
-14
-9
-23
-2
-6
-16
-3
-11
-16
-1
-12
-11
2
-11
-14
-29
-33
-28
-7
-17
-25
-29
-13
-5
-3
6
-10
-1
-19
-25
-33
-49
-31
-33
-36
-20
-15
-18
-9
-14
-19
1
10
18
12
-9
-20
-37
-16
-5
-19
-13
-14
-19
1
9
14
16
11
33
22
6
27
-4
-16
-12
-12
-5
-1
1
-13
6
1
-1
10
-8
-6
-10
-40
-27
-9
-25
-44
-41
-36
-26
-37
-56
-31
-30
-2
-11
-26
-32
-30
-12
-13
-22
-10
-25
-40
-23
-37
-23
-14
-34
-36
-34
-50
-53
-68
-53
-40
-20
-35
-65
-64
-37
-10
-26
-39
-46
-43
-34
-22
-35
-28
-31
-33
-35
-27
-64
-62
-40
-38
-43
-62
-63
-63
-55
-54
-65
-57
-52
-39
-38
-47
-24
-33
-31
-36
-29
-59
-76
-61
-62
-45
-59
-51
-46
-48
-41
-36
-27
-6
-42
-54
-18
-52
-51
-59
-48
-35
-30
-32
-44
-33
-45
-24
-10
-25
-40
-53
-57
-62
-35
-29
-33
-38
-33
-19
-17
-49
-67
-38
0
-4
-5
-37
-48
-48
-59
-67
-54
-50
-38
-44
-47
-29
-72
-53
-65
-87
-86
-112
-83
-71
-59
-66
-92
-71
-60
-53
-50
-60
-52
-35
-58
-70
-66
-65
-45
-63
-88
-68
-42
-53
-62
-70
-92
-62
-49
-39
-40
-47
-47
-64
-34
-75
-99
-81
-115
-81
-71
-67
-70
-79
-74
-74
-47
-62
-55
-43
-30
-36
-41
-62
-64
-45
-55
-55
-46
-25
-44
-51
-76
-67
-29
-50
-36
-44
-48
-50
-63
-34
-46
-46
-58
-72
-94
-88
-76
-64
-50
-62
-36
-20
-27
-37
-28
-42
-28
-48
-61
-30
-33
-32
-32
-35
-36
-28
-53
-54
-82
-83
-83
-87
-39
-22
-49
-65
-67
-72
-52
-57
-39
-50
-45
-2
-1
-13
-31
-36
-46
-23
-30
-50
-47
-98
-72
-64
-34
-50
-43
-39
-64
-48
-36
-35
-62
-48
-32
-34
-36
-18
-33
-47
-32
-37
-40
-30
-47
-49
-34
-24
-37
-70
-54
-21
-19
-41
-38
-46
-68
-59
-64
-47
-35
-44
-65
-50
-57
-68
-68
-111
-96
-92
-48
-47
-47
-39
-45
-42
-44
-71
-101
-87
-82
-74
-58
-53
-24
-25
-47
-63
-69
-56
-81
-58
-67
-44
-36
-35
-9
-22
-36
-72
-68
-64
-72
-58
-60
-43
-26
-73
-75
-40
-16
-31
-80
-95
-101
-81
-77
-78
-93
-69
-90
-68
-29
-25
-55
-120
-94
-87
-60
-47
-53
-29
-27
-37
-38
-51
-40
-50
-72
-86
-68
-63
-73
-54
-67
-21
-85
-92
-98
-85
-44
-58
-74
-68
-75
-75
-103
-113
-68
-58
-59
-96
-59
-68
-48
-52
-48
-31
-20
-44
-54
-59
-56
-49
-84
-100
-113
-58
-71
-93
-76
-64
-9
-14
-34
-34
-39
-28
-30
-27
-65
-71
-85
-52
-10
-37
-54
-47
-21
-3
-69
-115
-114
-63
-35
-63
-61
-49
-57
-86
-71
-77
-79
-117
-76
-48
-8
-13
-22
-43
-17
-16
-14
-36
-69
-48
-51
-33
-77
-59
-78
-71
-84
-113
-84
-48
-80
-71
-58
-36
-33
-51
-21
-19
-42
-71
-104
-115
-132
-120
-101
-101
-57
-11
5
8
-31
-43
-37
-41
-118
-140
-135
-156
-109
-113
-96
-86
-72
-39
-46
-77
-86
-34
-48
-10
-7
-26
-38
-113
-105
-110
-111
-67
-71
-58
-20
-22
-19
-29
-48
-65
-85
-93
-107
-136
-143
-144
-88
-88
-89
-71
-54
-33
-47
-52
-50
-47
-70
-91
-87
-82
-76
-74
-73
-71
-70
-76
-118
-99
-66
-58
-51
-38
-62
-93
-115
-106
-88
-71
-78
-83
-55
-59
-38
-11
-29
-42
-82
-75
-23
-40
-3
-7
-18
-19
-49
-88
-117
-111
-137
-102
-54
-40
-48
-45
-4
21
23
15
-51
-94
-77
-96
-91
-100
-112
-93
-78
-65
-45
-70
-19
1
14
27
26
15
-34
-66
-110
-116
-113
-85
-61
-49
-26
-19
3
29
7
24
-9
-30
-21
-28
-7
-8
-13
-37
-44
-47
-25
-35
-30
-18
-2
16
31
34
33
9
-22
-32
-41
-73
-51
-65
-63
-92
-89
-55
-56
-42
-34
-4
-16
-36
-61
-41
-11
-9
-30
-50
-65
-52
-65
-46
-64
-64
-21
-36
-25
-14
37
31
31
15
-20
-44
-48
-67
-83
-75
-105
-111
-78
-52
-71
-79
-112
-39
-30
-34
-33
-37
-26
-40
-49
-57
-44
-31
-18
-41
-16
-25
-26
-41
-42
-60
-74
-83
-117
-135
-154
-174
-188
-186
-193
-167
-139
-74
-49
-36
-23
15
12
15
1
-43
-62
-57
-67
-48
-43
-60
-20
-39
-6
11
-1
-21
-43
-49
-57
-58
-65
-71
-58
-69
-98
-100
-60
-17
-23
5
12
38
40
3
18
-5
-5
3
-17
-49
-78
-57
-43
8
28
22
32
33
38
-3
-27
-61
-77
-74
-92
-89
-106
-73
-73
-65
-50
-41
4
38
42
28
44
72
68
43
24
-3
-1
14
44
67
70
89
88
107
130
101
94
111
112
88
51
25
58
73
35
30
15
-1
-21
-23
-32
-27
-22
-26
-8
-6
-13
-4
25
23
8
10
39
49
70
87
84
86
83
66
25
26
-6
-16
-15
-29
-33
-58
-26
-27
-27
-1
-3
10
2
4
22
35
34
70
57
45
31
20
31
34
34
39
20
19
44
28
46
51
49
61
33
14
35
36
43
20
-10
2
-16
-33
-6
-4
18
58
60
72
71
57
77
53
46
34
13
9
-9
-19
-40
-18
-19
-34
-57
-88
-31
-36
-41
-20
-25
-18
5
26
37
30
19
15
3
2
-16
15
60
75
60
34
16
21
8
-28
-23
-16
-29
-43
-32
-26
-18
8
41
74
83
63
53
27
59
35
23
29
-14
-6
-20
-50
-52
-33
-19
-30
-30
-29
-12
-19
-34
-15
-3
47
31
9
-1
-20
5
11
32
22
2
5
3
-3
-19
-39
-44
-67
-68
-74
-91
-88
-74
-61
-35
-17
-22
29
30
36
29
8
-2
-7
2
-5
14
7
-3
-12
-21
-9
-25
-22
-17
-39
-46
-73
-91
-89
-87
-107
-98
-88
-81
-62
-67
-74
-70
-51
-37
-42
-49
-49
-51
-69
-68
-60
-69
-79
-88
-84
-63
-81
-77
-81
-78
-42
-45
-51
-44
-49
-54
-43
-36
-24
-24
-32
-31
-12
-3
11
3
0
24
29
24
25
24
31
41
40
43
52
67
92
101
90
104
97
84
97
72
71
82
88
92
87
104
92
92
80
79
80
60
43
18
-4
-21
-37
-76
-97
-95
-127
-136
-160
-159
-166
-190
-200
-221
-229
-271
-294
-308
-309
-334
-342
-358
-360
-344
-358
-366
-352
-344
-353
-347
-360
-373
-356
-345
-360
-355
-362
-360
-351
-346
-315
-292
-292
-286
-252
-229
-212
-200
-167
-143
-114
-81
-37
6
55
118
142
173
240
281
311
335
358
378
408
439
464
511
557
625
646
704
764
826
879
939
1004
1057
1142
1195
1252
1317
1333
1293
1067
756
417
39
-286
-707
-1074
-1320
-1556
-1671
-1697
-1558
-1310
-1048
-769
-531
-277
-33
146
265
336
395
371
323
311
289
298
278
247
207
111
-30
-259
-516
-771
-1053
-1311
-1577
-1767
-1856
-1925
-1887
-1797
-1624
-1365
-1124
-851
-586
-343
-140
-8
61
84
78
-7
-111
-226
-373
-476
-601
-686
-742
-742
-719
-685
-579
-465
-354
-237
-120
-26
80
199
313
452
616
751
903
1071
1218
1374
1543
1656
1788
1889
1935
2008
2028
2039
2071
2013
1640
1007
379
-307
-904
-1552
-2142
-2439
-2715
-2804
-2744
-2398
-1742
-1126
-532
23
498
883
1098
1246
1336
1358
1210
965
855
760
705
652
595
526
317
84
-193
-505
-786
-1139
-1447
-1745
-1934
-1962
-1883
-1632
-1349
-999
-628
-326
-51
207
358
440
404
312
181
19
-137
-301
-442
-635
-778
-908
-1041
-1115
-1189
-1202
-1197
-1210
-1154
-1081
-960
-820
-681
-508
-387
-259
-135
-15
93
155
230
238
268
239
177
108
40
12
-32
-71
-37
33
154
298
463
661
873
1117
1358
1609
1849
2072
2288
2488
2679
2759
2480
1912
1162
391
-373
-1189
-1939
-2498
-2843
-3040
-3054
-2689
-2051
-1324
-675
-114
442
870
1170
1345
1506
1628
1558
1407
1304
1250
1228
1153
1047
864
553
124
-380
-863
-1327
-1765
-2152
-2418
-2535
-2494
-2255
-1854
-1349
-826
-351
85
460
772
1043
1148
1182
1111
938
707
435
180
-93
-367
-647
-935
-1236
-1487
-1669
-1773
-1814
-1800
-1727
-1575
-1374
-1140
-873
-619
-372
-146
35
192
324
426
441
411
346
217
32
-135
-313
-455
-563
-634
-659
-601
-462
-292
-87
150
383
604
824
1026
1263
1477
1704
1923
2157
2408
2662
2930
3187
3330
3129
2583
1759
699
-279
-1337
-2312
-3001
-3588
-3769
-3735
-3349
-2549
-1663
-715
113
773
1310
1642
1845
1979
2060
1993
1883
1764
1596
1528
1396
1204
880
302
-378
-1175
-1877
-2478
-2963
-3225
-3322
-3195
-2851
-2309
-1552
-723
76
736
1232
1602
1802
1934
1934
1873
1692
1419
1061
612
183
-338
-910
-1459
-2039
-2488
-2817
-3030
-2974
-2798
-2412
-1939
-1446
-864
-327
157
559
855
1039
1093
1058
943
790
616
373
125
-154
-405
-654
-850
-944
-999
-965
-864
-696
-464
-228
5
249
440
653
849
1053
1291
1535
1816
2073
2342
2633
2894
3151
3357
3484
3472
3015
2140
1013
-258
-1408
-2528
-3430
-3948
-4194
-4088
-3713
-2979
-1889
-801
177
972
1570
1934
2086
2162
2201
2217
2127
1957
1820
1658
1427
1037
512
-125
-967
-1782
-2557
-3131
-3407
-3486
-3302
-2916
-2341
-1627
-873
-92
615
1170
1546
1749
1869
1932
1942
1862
1736
1558
1232
774
182
-521
-1229
-1976
-2653
-3128
-3380
-3349
-3092
-2634
-2014
-1313
-662
-10
507
964
1276
1390
1414
1335
1168
954
657
324
-15
-383
-714
-996
-1165
-1297
-1341
-1288
-1114
-907
-657
-408
-215
-42
108
239
365
549
757
999
1257
1533
1757
1939
2107
2214
2311
2358
2369
2380
2338
2291
2217
1834
1177
313
-684
-1565
-2409
-3029
-3308
-3341
-3119
-2728
-2069
-1173
-295
462
1098
1543
1760
1836
1857
1924
2015
1963
1844
1693
1401
1001
447
-129
-779
-1526
-2194
-2748
-3019
-3044
-2842
-2412
-1892
-1295
-733
-207
329
779
1131
1402
1595
1735
1839
1909
1940
1837
1572
1157
540
-230
-1032
-1806
-2438
-2849
-3103
-3065
-2808
-2425
-1885
-1300
-718
-188
253
611
876
1039
1108
1102
1022
862
613
305
-4
-306
-588
-827
-972
-1025
-1008
-884
-711
-539
-360
-235
-137
-48
37
156
323
501
732
997
1269
1547
1810
1994
2126
2212
2275
2328
2376
2452
2475
2542
2436
1870
1017
4
-1107
-2028
-2815
-3286
-3385
-3263
-2913
-2398
-1625
-716
40
648
1093
1335
1470
1554
1729
2012
2258
2372
2306
2080
1636
1004
213
-600
-1403
-2195
-2741
-3058
-3073
-2799
-2367
-1811
-1289
-851
-399
-16
406
865
1284
1705
2072
2381
2627
2719
2604
2253
1654
842
-71
-1045
-1851
-2522
-3039
-3261
-3255
-3040
-2687
-2319
-1852
-1311
-812
-304
176
706
1148
1448
1638
1686
1567
1276
899
476
65
-310
-617
-798
-889
-883
-861
-846
-784
-799
-844
-871
-884
-809
-657
-459
-163
181
525
846
1102
1322
1464
1555
1634
1677
1779
1896
1963
2056
2139
2193
2235
2261
2250
1938
1256
405
-556
-1360
-2051
-2556
-2733
-2717
-2566
-2318
-1938
-1359
-774
-250
201
619
1010
1304
1659
2044
2421
2611
2555
2306
1882
1302
609
-89
-674
-1254
-1734
-2053
-2218
-2216
-2135
-2023
-1883
-1747
-1538
-1224
-772
-190
488
1186
1766
2216
2495
2591
2463
2135
1644
1005
303
-314
-879
-1331
-1711
-2049
-2316
-2485
-2527
-2471
-2237
-1898
-1412
-882
-323
219
669
1011
1181
1183
1098
950
734
569
421
305
168
-7
-224
-447
-695
-970
-1186
-1340
-1375
-1292
-1106
-808
-449
-125
153
356
456
524
560
610
740
907
1111
1333
1543
1751
1879
1942
1930
1830
1770
1698
1675
1762
1807
1678
1241
568
-107
-780
-1411
-1858
-2080
-2095
-2038
-1941
-1682
-1265
-850
-513
-226
93
430
732
1102
1574
2042
2349
2402
2240
1924
1425
812
202
-376
-857
-1283
-1632
-1830
-1924
-1961
-2004
-1987
-1868
-1610
-1251
-730
-81
570
1196
1638
1942
2101
2062
1912
1648
1335
1021
658
299
-48
-418
-829
-1303
-1814
-2214
-2463
-2576
-2450
-2162
-1738
-1230
-752
-277
104
422
676
826
945
1027
1069
1074
1007
881
698
444
127
-178
-466
-658
-800
-928
-966
-974
-963
-925
-900
-863
-802
-723
-564
-334
4
385
753
1132
1432
1609
1733
1792
1808
1800
1817
1928
2037
2204
2408
2552
2551
2180
1447
589
-272
-1034
-1666
-2136
-2351
-2444
-2475
-2437
-2191
-1775
-1423
-1042
-560
5
583
1191
1843
2430
2822
2925
2785
2464
2012
1516
982
506
55
-418
-846
-1269
-1663
-2007
-2326
-2562
-2692
-2562
-2207
-1687
-1037
-338
331
826
1223
1552
1812
2007
2112
2132
2083
1928
1641
1204
717
124
-579
-1254
-1817
-2222
-2475
-2588
-2537
-2340
-2090
-1829
-1537
-1165
-774
-359
88
524
900
1237
1458
1566
1560
1450
1198
891
570
233
-70
-370
-654
-919
-1131
-1317
-1419
-1441
-1393
-1275
-1149
-988
-797
-587
-358
-169
63
323
627
929
1225
1530
1781
1995
2169
2270
2302
2306
2256
2203
2182
2176
2154
1962
1477
793
66
-545
-1060
-1480
-1721
-1823
-1921
-2045
-2093
-1958
-1717
-1451
-1122
-663
-117
448
985
1509
1968
2177
2226
2125
1944
1746
1498
1226
954
639
253
-166
-615
-1052
-1419
-1720
-1970
-2065
-1996
-1810
-1583
-1303
-984
-687
-404
-110
248
670
1041
1339
1545
1658
1649
1458
1141
799
460
71
-265
-544
-781
-1006
-1222
-1401
-1551
-1641
-1696
-1646
-1519
-1349
-1145
-894
-615
-319
-52
160
365
508
641
734
759
756
721
634
529
406
280
132
-48
-251
-463
-683
-885
-1072
-1172
-1195
-1143
-1020
-803
-512
-213
145
495
858
1210
1538
1855
2108
2371
2604
2766
2906
3019
3161
3167
2856
2271
1599
924
268
-427
-1053
-1412
-1685
-1942
-2217
-2390
-2362
-2304
-2184
-1860
-1423
-948
-503
-64
399
843
1207
1527
1857
2149
2363
2423
2386
2265
2012
1632
1131
553
8
-510
-983
-1342
-1627
-1811
-2001
-2192
-2215
-2164
-2043
-1833
-1522
-1094
-661
-280
129
542
871
1176
1393
1581
1691
1720
1690
1559
1355
980
586
161
-233
-567
-956
-1232
-1483
-1690
-1845
-1956
-1900
-1790
-1578
-1354
-1071
-721
-393
-43
246
540
779
945
1047
1079
1092
1033
897
716
500
254
-15
-259
-469
-614
-764
-874
-919
-913
-845
-731
-521
-277
48
373
731
1109
1455
1784
2026
2220
2380
2549
2714
2896
3022
2982
2723
2325
1945
1525
1002
463
-10
-397
-872
-1443
-1926
-2285
-2521
-2665
-2649
-2418
-2107
-1797
-1440
-974
-517
-92
303
723
1133
1511
1831
2063
2221
2296
2288
2153
1933
1640
1317
892
441
40
-338
-751
-1145
-1469
-1698
-1877
-2017
-2048
-1982
-1851
-1725
-1541
-1297
-969
-638
-299
91
457
748
953
1105
1215
1327
1329
1279
1224
1073
915
724
493
291
50
-209
-442
-609
-768
-934
-1078
-1169
-1178
-1197
-1193
-1156
-1087
-929
-765
-558
-302
-113
65
207
320
419
493
524
580
640
698
753
736
704
629
525
403
271
142
41
-45
-98
-44
65
219
439
661
917
1228
1545
1851
2185
2371
2396
2251
2004
1926
1826
1671
1351
882
519
137
-271
-709
-1106
-1378
-1621
-1776
-1829
-1816
-1820
-1780
-1610
-1330
-1014
-802
-599
-319
9
384
680
972
1244
1455
1623
1740
1823
1807
1734
1558
1381
1202
897
557
151
-221
-527
-826
-1066
-1256
-1392
-1489
-1526
-1495
-1437
-1364
-1310
-1197
-1024
-826
-620
-430
-154
141
410
636
841
1003
1101
1111
1030
960
822
635
462
297
115
-119
-360
-585
-746
-886
-1026
-1106
-1167
-1137
-1073
-943
-786
-585
-372
-169
51
265
444
565
667
718
754
730
656
543
453
353
262
205
184
161
165
186
237
327
403
549
694
911
1159
1429
1701
1976
2188
2287
2280
2143
2025
1907
1686
1379
937
520
184
-227
-628
-1008
-1358
-1626
-1812
-1905
-1898
-1876
-1800
-1632
-1384
-1059
-757
-488
-208
131
474
800
1100
1337
1538
1678
1759
1797
1743
1620
1425
1190
967
708
402
89
-211
-462
-684
-865
-1005
-1101
-1136
-1107
-1027
-904
-757
-624
-495
-350
-222
-103
-7
70
107
154
133
113
89
29
-13
-107
-189
-265
-377
-463
-491
-485
-428
-369
-262
-120
-24
86
179
235
309
351
358
364
374
357
341
290
236
165
57
-25
-124
-240
-349
-449
-528
-610
-655
-630
-583
-501
-358
-171
43
271
491
739
1010
1287
1577
1812
1989
2159
2336
2497
2517
2403
2162
1942
1799
1596
1362
961
483
116
-228
-494
-825
-1164
-1411
-1570
-1612
-1616
-1582
-1549
-1486
-1335
-1110
-865
-641
-452
-228
57
393
660
850
993
1075
1144
1176
1164
1071
931
775
672
601
500
394
275
165
124
89
23
2
-62
-114
-134
-165
-182
-234
-302
-389
-493
-559
-628
-700
-763
-838
-910
-921
-896
-843
-802
-747
-681
-561
-464
-359
-253
-140
14
157
285
415
501
537
579
632
680
662
643
584
554
464
395
313
207
111
-51
-190
-321
-452
-572
-703
-802
-848
-864
-860
-823
-718
-589
-431
-231
-25
251
592
913
1212
1497
1764
2024
2286
2508
2624
2617
2473
2304
2202
2069
1862
1491
1045
635
307
-11
-344
-688
-1003
-1239
-1382
-1432
-1461
-1491
-1484
-1371
-1208
-1012
-882
-833
-739
-613
-445
-298
-211
-136
-66
29
180
327
445
538
585
642
725
802
869
901
925
968
1002
1017
955
836
716
581
435
269
56
-197
-447
-724
-952
-1084
-1186
-1308
-1476
-1589
-1616
-1572
-1464
-1331
-1207
-1074
-919
-770
-561
-385
-245
-112
15
171
272
361
441
554
661
742
790
792
778
715
678
661
580
488
353
166
-8
-179
-364
-541
-710
-836
-926
-940
-929
-850
-718
-586
-447
-250
-33
210
444
671
970
1242
1515
1754
1945
2137
2252
2272
2149
1974
1899
1812
1667
1405
1115
867
678
541
397
196
-58
-344
-586
-731
-839
-966
-1061
-1123
-1155
-1134
-1127
-1132
-1117
-1085
-1023
-946
-859
-798
-710
-585
-422
-196
16
190
322
435
577
718
838
945
999
1016
1012
967
896
808
727
640
537
424
283
132
-26
-221
-357
-449
-523
-585
-704
-873
-984
-1061
-1077
-1067
-1127
-1205
-1265
-1273
-1187
-1038
-934
-822
-708
-597
-437
-250
-58
138
330
532
706
830
895
926
940
961
948
895
799
639
488
365
254
120
-67
-255
-441
-567
-633
-685
-677
-651
-596
-518
-376
-213
-54
121
318
560
802
1051
1304
1577
1819
1943
1979
1997
2027
2098
2067
1862
1612
1357
1159
989
809
604
333
32
-266
-460
-625
-783
-959
-1134
-1247
-1332
-1379
-1431
-1418
-1338
-1222
-1087
-926
-790
-637
-504
-335
-119
78
230
286
349
387
442
506
550
569
536
491
446
428
445
435
456
434
389
351
302
233
151
75
9
-50
-154
-255
-402
-558
-677
-752
-811
-885
-975
-1057
-1110
-1086
-1014
-961
-879
-796
-749
-646
-505
-356
-216
-49
97
221
358
470
551
602
620
634
608
557
504
409
343
261
193
129
32
-95
-236
-354
-441
-489
-507
-509
-502
-443
-358
-212
-59
97
260
404
601
791
950
1130
1326
1513
1609
1597
1593
1653
1736
1741
1609
1401
1200
996
829
647
479
231
-53
-314
-481
-566
-663
-772
-878
-945
-1016
-1042
-1079
-1081
-1065
-1040
-970
-882
-776
-685
-615
-543
-446
-335
-221
-172
-143
-92
-17
96
220
328
373
376
389
395
441
501
508
494
477
453
390
333
269
228
168
70
-29
-133
-204
-340
-418
-463
-536
-610
-766
-873
-940
-956
-969
-953
-944
-938
-932
-898
-804
-661
-496
-381
-257
-144
-13
126
281
404
506
584
630
653
641
611
545
445
306
140
-16
-196
-352
-462
-525
-539
-559
-544
-513
-456
-313
-141
28
176
339
509
703
923
1131
1329
1517
1599
1554
1526
1529
1558
1497
1326
1093
823
632
480
376
295
125
-102
-282
-407
-446
-463
-516
-563
-593
-632
-652
-651
-645
-624
-651
-671
-658
-660
-670
-671
-641
-594
-533
-459
-414
-355
-325
-277
-185
-81
30
111
144
189
274
361
471
542
576
577
553
516
518
515
488
397
276
169
29
-111
-288
-469
-596
-724
-862
-966
-1104
-1181
-1251
-1294
-1283
-1224
-1176
-1112
-981
-827
-603
-387
-178
0
165
289
401
496
572
630
608
608
566
483
386
249
97
-72
-226
-369
-509
-618
-685
-717
-729
-692
-612
-557
-470
-353
-182
29
236
436
598
776
955
1133
1320
1462
1545
1555
1471
1400
1379
1398
1347
1195
1026
829
622
505
408
316
163
-32
-202
-293
-308
-334
-369
-458
-543
-658
-737
-757
-751
-733
-727
-745
-762
-765
-749
-733
-737
-702
-674
-630
-591
-542
-466
-426
-363
-273
-163
-55
26
106
217
322
439
533
616
659
625
585
514
462
400
280
128
-74
-249
-436
-593
-715
-840
-958
-1087
-1187
-1229
-1208
-1172
-1129
-1073
-997
-919
-817
-668
-490
-320
-154
-9
129
260
362
441
513
504
506
442
365
304
230
166
70
-13
-92
-193
-272
-355
-435
-436
-441
-421
-389
-331
-277
-195
-123
-13
99
193
288
371
495
627
801
949
1099
1190
1199
1171
1209
1215
1256
1233
1126
1038
914
821
758
702
611
415
152
-28
-172
-269
-342
-417
-506
-631
-752
-834
-864
-884
-921
-976
-1024
-1025
-977
-896
-840
-740
-645
-604
-537
-458
-341
-248
-144
-33
80
186
221
252
261
257
274
287
302
307
275
221
172
112
85
15
-67
-180
-277
-352
-428
-471
-501
-553
-615
-667
-733
-712
-684
-674
-649
-655
-665
-660
-614
-566
-493
-404
-329
-246
-138
-37
63
177
249
268
319
349
402
428
431
425
380
340
271
178
69
-46
-152
-253
-336
-390
-455
-495
-501
-478
-408
-343
-268
-176
-73
49
208
375
569
776
971
1132
1239
1327
1397
1454
1479
1437
1339
1199
1030
852
726
586
442
255
27
-166
-335
-451
-550
-633
-737
-822
-898
-912
-876
-815
-766
-712
-682
-613
-567
-535
-465
-412
-372
-325
-280
-244
-206
-162
-155
-137
-104
-88
-47
-57
9
61
103
128
150
169
160
170
160
143
134
111
64
23
-74
-169
-293
-416
-502
-598
-693
-775
-813
-829
-833
-815
-765
-730
-674
-593
-501
-382
-261
-133
-34
83
162
243
321
380
399
411
408
395
355
318
253
166
93
-34
-115
-200
-280
-349
-398
-425
-453
-447
-435
-399
-332
-246
-137
-35
73
204
357
519
661
813
943
1047
1096
1106
1135
1135
1126
1067
961
851
726
621
527
417
322
196
29
-82
-163
-204
-269
-337
-427
-515
-592
-635
-637
-627
-626
-639
-629
-608
-570
-530
-490
-438
-399
-381
-344
-317
-269
-223
-181
-135
-97
-25
37
93
139
165
201
206
229
219
221
173
120
76
-23
-92
-159
-260
-371
-464
-569
-625
-713
-786
-832
-845
-898
-893
-845
-771
-652
-546
-430
-290
-151
-31
101
212
290
364
416
445
494
512
509
480
408
319
224
121
16
-95
-177
-270
-357
-421
-485
-493
-480
-458
-412
-355
-303
-237
-134
-29
77
153
246
338
412
517
619
723
786
838
869
891
907
912
921
898
828
749
666
588
502
425
338
235
120
11
-87
-152
-228
-308
-382
-451
-499
-535
-543
-551
-543
-548
-535
-546
-516
-480
-445
-386
-358
-308
-283
-251
-220
-207
-183
-151
-104
-68
-54
-55
-53
-54
-33
-49
-56
-76
-123
-179
-233
-271
-320
-350
-415
-482
-541
-587
-629
-658
-669
-684
-707
-701
-680
-636
-583
-522
-446
-369
-298
-194
-108
-48
65
159
255
333
394
411
402
422
399
372
318
286
241
191
133
108
46
-9
-70
-142
-192
-260
-272
-284
-292
-263
-231
-218
-184
-112
3
100
248
365
479
604
703
801
877
928
985
992
970
939
864
799
708
570
434
257
97
-58
-217
-326
-409
-472
-540
-588
-621
-620
-587
-536
-492
-410
-342
-265
-159
-71
-4
38
78
84
67
33
-36
-83
-143
-206
-251
-297
-336
-366
-413
-441
-456
-482
-498
-503
-484
-438
-411
-374
-330
-301
-266
-244
-202
-205
-223
-248
-275
-292
-349
-386
-405
-429
-439
-453
-447
-413
-401
-368
-313
-259
-187
-102
-22
50
116
208
302
368
427
475
498
499
517
500
479
414
339
254
166
85
-12
-72
-144
-194
-232
-280
-297
-297
-243
-207
-131
-54
53
185
340
488
601
740
810
859
902
919
910
868
804
751
640
510
378
240
80
-55
-222
-356
-447
-540
-577
-597
-596
-554
-503
-446
-402
-339
-265
-201
-107
-54
20
52
69
86
76
71
57
23
-4
-59
-102
-137
-194
-245
-281
-322
-374
-402
-426
-455
-464
-477
-485
-478
-505
-497
-514
-528
-514
-531
-524
-509
-471
-443
-403
-338
-296
-230
-162
-115
-48
4
41
97
144
161
167
184
185
187
187
182
165
156
148
132
117
103
98
111
124
134
161
194
255
273
308
309
335
362
360
379
371
402
421
439
474
460
471
472
462
470
456
443
414
388
337
294
242
193
127
42
-52
-133
-207
-262
-327
-361
-398
-408
-409
-407
-362
-344
-298
-259
-220
-196
-163
-140
-109
-82
-85
-71
-66
-89
-99
-117
-139
-184
-194
-235
-237
-207
-216
-202
-196
-184
-190
-169
-166
-172
-181
-185
-218
-263
-323
-377
-442
-529
-590
-651
-680
-698
-714
-690
-635
-553
-488
-393
-290
-201
-107
-8
93
177
289
361
442
497
524
520
507
482
413
360
299
230
171
142
110
95
78
81
75
71
107
155
189
228
303
362
411
502
573
642
699
717
750
744
761
737
700
672
622
565
461
400
317
236
152
47
-37
-131
-216
-305
-370
-427
-454
-484
-480
-492
-479
-457
-432
-385
-338
-279
-238
-186
-133
-81
-46
-30
-18
-38
-84
-118
-135
-191
-220
-255
-281
-293
-309
-281
-262
-224
-191
-160
-139
-118
-92
-82
-82
-74
-84
-86
-121
-153
-173
-211
-260
-313
-331
-376
-372
-384
-394
-380
-364
-342
-304
-214
-158
-86
-26
49
117
181
233
242
270
290
290
300
300
313
309
312
323
310
323
320
336
350
352
367
406
427
456
502
528
551
570
576
589
611
590
561
539
509
483
444
397
360
290
254
219
160
99
60
14
-39
-90
-147
-167
-208
-234
-279
-299
-313
-325
-333
-347
-338
-354
-360
-356
-355
-357
-358
-362
-370
-385
-411
-420
-425
-446
-436
-456
-449
-429
-418
-361
-330
-294
-236
-194
-134
-93
-48
-5
32
70
79
104
99
107
83
71
61
30
7
-17
-44
-72
-94
-90
-117
-93
-83
-57
-33
5
53
70
104
137
184
212
246
274
303
341
352
365
373
391
387
395
411
426
424
433
455
452
461
477
458
472
496
527
532
523
537
503
486
443
410
347
300
240
197
176
140
122
87
75
54
45
25
-4
-25
-28
-67
-97
-119
-143
-137
-158
-169
-172
-175
-172
-182
-191
-193
-189
-224
-237
-257
-295
-319
-329
-353
-374
-406
-424
-433
-458
-461
-461
-448
-432
-425
-409
-366
-330
-294
-236
-198
-147
-85
-27
27
70
131
172
232
285
321
349
360
380
396
412
423
426
437
437
445
434
413
398
389
377
349
357
339
320
310
299
293
292
323
328
347
378
417
467
508
555
597
643
652
678
688
677
650
611
583
530
466
389
308
224
142
51
-50
-117
-188
-234
-295
-332
-333
-341
-346
-325
-273
-273
-231
-199
-163
-125
-98
-57
-63
-52
-51
-82
-104
-130
-152
-173
-219
-254
-272
-302
-322
-319
-320
-307
-292
-289
-276
-267
-264
-226
-223
-184
-164
-146
-130
-128
-102
-86
-74
-79
-70
-87
-93
-91
-69
-44
-30
-12
5
35
78
124
179
252
288
358
422
488
562
615
692
723
778
805
827
847
841
849
826
788
751
706
663
605
530
475
412
325
268
226
179
162
149
136
132
139
143
166
163
177
189
159
180
159
150
128
78
34
-12
-43
-136
-187
-264
-322
-365
-416
-446
-493
-502
-504
-514
-504
-481
-452
-411
-378
-329
-265
-224
-175
-132
-96
-83
-41
-34
-17
-5
2
21
8
20
32
29
43
51
40
40
30
47
54
66
91
93
109
139
175
198
213
227
266
288
305
351
344
368
373
361
365
358
385
379
371
361
367
342
342
353
331
337
329
338
364
368
378
394
426
447
466
499
514
525
520
519
504
488
437
377
328
282
238
191
124
84
34
-18
-79
-122
-147
-190
-235
-241
-255
-261
-259
-261
-255
-245
-223
-211
-214
-199
-203
-207
-210
-214
-228
-230
-232
-223
-229
-246
-234
-234
-218
-199
-183
-172
-137
-122
-99
-89
-86
-69
-49
-18
10
34
60
106
132
158
190
202
235
258
269
286
296
307
334
340
349
388
397
399
409
416
420
443
455
464
471
474
501
512
513
505
495
485
471
458
427
401
365
333
294
252
212
188
151
95
52
10
-26
-56
-79
-92
-93
-108
-72
-76
-65
-39
-23
-22
-29
-12
-14
4
13
4
26
47
56
56
41
33
12
-9
-17
-25
-63
-68
-75
-96
-123
-145
-172
-195
-211
-246
-282
-265
-258
-266
-255
-267
-252
-225
-205
-192
-175
-135
-103
-69
-42
10
40
57
78
108
144
167
214
219
246
269
282
299
316
334
337
339
335
345
347
353
359
371
377
369
383
386
363
372
354
342
327
332
313
298
304
293
307
291
286
287
284
287
269
266
264
224
229
215
199
174
147
134
98
66
54
2
-52
-79
-113
-131
-171
-188
-177
-206
-231
-224
-272
-285
-316
-312
-328
-356
-324
-314
-282
-249
-233
-209
-174
-154
-110
-88
-47
-9
24
71
104
113
132
126
119
105
89
63
73
35
13
25
9
15
-3
-5
-6
6
26
20
41
68
79
92
104
148
154
156
183
185
215
214
220
234
231
228
220
215
216
223
225
231
228
257
267
265
293
312
314
319
327
315
312
311
297
285
263
239
210
173
142
115
81
41
17
-25
-47
-58
-54
-73
-101
-98
-95
-89
-80
-71
-61
-38
-14
-17
11
22
25
45
33
36
12
5
-7
-46
-68
-125
-152
-203
-241
-269
-319
-354
-370
-378
-400
-380
-378
-362
-303
-262
-218
-158
-106
-46
0
58
116
165
195
220
264
270
296
301
311
290
277
258
232
220
187
161
149
122
121
116
113
112
107
133
132
146
167
184
185
193
192
190
188
190
167
146
141
122
102
63
52
21
3
-6
-28
-38
-39
-47
-39
-15
-14
-12
0
11
32
67
90
90
78
104
85
96
79
73
60
27
-5
-66
-87
-117
-156
-187
-216
-238
-250
-259
-247
-248
-233
-209
-193
-161
-103
-71
-41
-5
30
70
96
111
120
118
109
75
37
9
-54
-86
-114
-149
-179
-212
-228
-235
-250
-253
-247
-225
-199
-188
-156
-107
-57
-9
41
83
139
200
226
253
257
295
294
282
273
240
219
200
187
175
118
97
92
74
68
63
67
71
73
69
82
83
70
69
76
66
48
49
29
33
22
-5
-33
-47
-81
-110
-126
-142
-149
-178
-179
-195
-204
-209
-200
-198
-204
-200
-186
-171
-138
-112
-88
-65
-39
-19
-1
9
13
24
22
19
1
2
1
-14
-41
-51
-79
-100
-109
-131
-128
-123
-113
-101
-81
-85
-54
-28
-10
13
26
59
49
76
92
100
127
135
151
148
133
143
125
119
77
31
19
-2
-24
-54
-57
-68
-59
-65
-50
-44
-34
-8
-10
7
28
29
48
69
74
81
73
85
79
72
78
75
68
63
50
45
28
33
37
24
25
15
14
20
27
51
57
48
53
44
42
14
6
-8
-17
-24
-49
-45
-72
-93
-124
-143
-152
-189
-207
-209
-216
-217
-216
-238
-208
-194
-192
-174
-165
-156
-125
-102
-85
-53
-20
1
25
49
73
110
88
116
120
112
100
88
72
78
74
49
39
23
4
-10
-8
-5
-15
-11
2
5
11
20
43
48
62
89
80
99
119
101
113
101
93
92
72
62
49
47
20
14
-14
-34
-30
-54
-50
-66
-77
-83
-79
-76
-90
-98
-94
-94
-83
-76
-82
-65
-77
-73
-84
-79
-83
-83
-73
-75
-64
-68
-60
-43
-53
-43
-15
-13
-12
-13
-6
-4
-5
3
-4
-8
-9
-15
-23
-41
-44
-54
-90
-90
-102
-109
-112
-126
-131
-147
-149
-159
-178
-179
-174
-201
-188
-181
-170
-135
-120
-92
-69
-44
-24
1
29
52
70
86
81
112
108
115
142
117
100
86
90
96
101
84
78
75
49
47
17
8
9
-23
-14
-19
-18
-36
-42
-30
-53
-44
-46
-55
-52
-54
-62
-48
-43
-31
-22
-24
-6
-22
-21
-12
-30
-17
-28
-37
-30
-52
-54
-58
-72
-90
-109
-126
-141
-154
-171
-169
-175
-172
-169
-156
-173
-166
-141
-138
-138
-109
-98
-103
-87
-84
-71
-60
-55
-32
-15
-15
-9
8
6
28
22
62
50
44
51
47
35
18
26
4
-29
-39
-44
-75
-100
-113
-115
-127
-147
-165
-163
-148
-140
-148
-123
-105
-103
-76
-59
-39
-9
2
1
15
18
30
34
50
54
69
72
92
87
82
89
82
63
43
47
12
20
8
-5
-16
-38
-41
-61
-74
-105
-108
-116
-128
-129
-146
-127
-125
-104
-101
-85
-77
-52
-45
-44
-9
-20
-10
-17
-18
-26
-47
-57
-57
-77
-89
-99
-112
-126
-152
-155
-167
-158
-163
-184
-184
-180
-173
-168
-153
-145
-160
-154
-137
-151
-133
-126
-114
-101
-93
-75
-56
-46
-32
-10
4
11
30
27
47
50
59
78
57
60
51
53
33
41
35
31
10
-6
-9
-33
-55
-54
-73
-80
-118
-146
-152
-172
-176
-196
-175
-184
-173
-171
-151
-137
-121
-87
-78
-59
-40
-26
-17
4
19
38
47
56
49
47
41
49
35
29
8
-17
-39
-54
-76
-101
-114
-123
-120
-123
-117
-116
-106
-97
-101
-121
-96
-81
-71
-83
-85
-72
-65
-74
-62
-63
-71
-52
-56
-43
-69
-80
-83
-103
-99
-121
-108
-127
-141
-151
-150
-155
-178
-175
-169
-187
-186
-180
-168
-148
-121
-115
-102
-93
-77
-58
-59
-47
-39
-22
-25
-27
-32
-11
-10
-5
-10
-9
-14
4
13
19
30
49
45
51
53
49
43
33
41
27
23
20
-11
-26
-49
-64
-105
-122
-137
-163
-188
-210
-204
-199
-195
-186
-171
-165
-143
-132
-105
-83
-76
-50
-40
-35
-21
-35
-41
-40
-46
-61
-59
-71
-73
-64
-73
-70
-67
-60
-85
-86
-66
-84
-99
-89
-61
-68
-67
-62
-36
-39
-39
-48
-50
-49
-63
-74
-60
-82
-99
-109
-114
-92
-133
-139
-144
-142
-150
-153
-156
-152
-147
-147
-128
-129
-120
-103
-89
-80
-65
-37
-38
-48
-42
-19
-19
-16
-38
-44
-42
-56
-56
-73
-80
-97
-66
-96
-95
-81
-87
-64
-72
-38
-31
-27
-21
3
28
43
69
70
82
63
54
41
25
11
-11
-33
-66
-80
-103
-133
-136
-135
-148
-151
-152
-140
-145
-145
-131
-128
-119
-101
-99
-98
-84
-83
-87
-77
-77
-82
-86
-87
-83
-97
-79
-89
-82
-83
-65
-62
-51
-44
-41
-21
-9
-7
5
17
19
44
39
40
46
39
38
5
5
7
-12
-26
-50
-71
-96
-97
-128
-112
-127
-136
-139
-153
-142
-143
-125
-118
-111
-110
-91
-82
-73
-44
-58
-47
-35
-39
-33
-29
-18
-17
-30
-40
-71
-76
-98
-91
-87
-108
-121
-126
-132
-142
-127
-130
-109
-108
-105
-100
-88
-73
-66
-37
-24
-15
0
0
6
9
12
-3
2
-11
-25
-18
-34
-48
-64
-96
-95
-99
-115
-111
-123
-107
-118
-121
-112
-104
-102
-104
-82
-70
-75
-58
-43
-62
-62
-59
-54
-69
-76
-65
-74
-69
-66
-63
-69
-70
-59
-45
-55
-41
-23
-15
-1
-6
13
7
22
43
42
42
26
26
41
12
22
8
-12
-9
-27
-29
-50
-48
-41
-61
-74
-80
-93
-106
-118
-119
-128
-136
-138
-147
-149
-147
-136
-135
-125
-126
-123
-107
-112
-121
-117
-116
-105
-102
-106
-106
-100
-112
-120
-123
-128
-133
-141
-134
-144
-156
-136
-125
-111
-96
-109
-80
-65
-79
-54
-55
-42
-37
-29
-21
-38
-26
-36
-28
-41
-66
-49
-71
-93
-93
-103
-107
-112
-136
-126
-112
-97
-87
-83
-88
-86
-62
-68
-67
-71
-84
-78
-91
-80
-93
-73
-72
-70
-83
-95
-104
-119
-100
-112
-129
-110
-106
-131
-122
-118
-114
-115
-103
-88
-79
-72
-81
-61
-37
-25
-14
7
23
31
40
54
55
68
49
42
39
-5
-8
-31
-45
-66
-105
-122
-156
-175
-199
-230
-242
-253
-241
-236
-228
-212
-190
-166
-159
-137
-124
-111
-84
-59
-62
-44
-35
-54
-48
-43
-33
-54
-56
-73
-72
-79
-84
-79
-85
-84
-92
-84
-91
-75
-86
-103
-83
-75
-94
-84
-85
-84
-76
-76
-75
-66
-60
-39
-50
-50
-46
-47
-37
-32
-25
-15
-25
-27
-35
-46
-41
-60
-70
-64
-55
-67
-74
-85
-72
-68
-89
-89
-83
-77
-87
-83
-79
-83
-89
-89
-82
-92
-92
-95
-108
-106
-99
-98
-113
-91
-89
-78
-63
-45
-38
-29
-19
-6
30
36
47
58
57
77
83
68
45
25
10
-8
-19
-42
-67
-83
-116
-131
-146
-171
-172
-186
-175
-176
-191
-167
-173
-160
-158
-123
-109
-101
-73
-64
-37
-16
-6
10
25
27
45
44
24
34
20
29
22
-11
-35
-55
-63
-82
-100
-99
-104
-111
-115
-126
-116
-108
-91
-78
-68
-71
-49
-22
-29
-23
22
13
22
21
21
15
22
20
-12
-14
-22
-13
-22
-19
-40
-47
-51
-54
-47
-50
-39
-43
-54
-46
-35
-39
-43
-40
-55
-71
-45
-78
-79
-73
-98
-103
-94
-106
-91
-93
-108
-104
-98
-58
-60
-45
-30
-6
6
5
13
20
38
48
37
54
33
33
65
36
21
13
-6
-4
-35
-35
-53
-82
-90
-97
-110
-106
-120
-143
-129
-141
-130
-123
-119
-124
-106
-90
-88
-82
-79
-60
-40
-29
-20
-8
-8
2
6
14
-5
-10
6
-2
-15
-28
-18
-32
-41
-27
-39
-45
-44
-42
-36
-53
-66
-45
-46
-47
-58
-40
-47
-53
-30
-39
-24
-12
7
0
25
23
36
46
39
37
30
40
33
29
3
3
6
-17
-34
-43
-62
-66
-94
-88
-110
-109
-116
-111
-120
-119
-112
-125
-101
-102
-83
-76
-72
-84
-56
-51
-50
-33
-41
-31
-23
-23
-19
-22
-23
3
9
14
12
25
36
40
32
41
31
28
27
0
3
-6
-7
-18
-29
-31
-45
-45
-44
-63
-62
-70
-58
-75
-52
-63
-62
-33
-51
-43
-69
-39
-30
-31
-27
-25
-17
-14
9
8
5
24
14
25
26
11
6
-13
8
-24
-14
-20
-23
-20
-56
-35
-31
-46
-48
-39
-50
-31
-30
-37
-14
-23
2
9
-12
14
19
18
19
26
20
10
22
29
21
19
-2
5
1
-11
9
3
-17
-18
-41
-33
-40
-72
-82
-94
-101
-127
-111
-119
-130
-134
-138
-144
-139
-125
-139
-98
-96
-89
-66
-59
-41
-20
2
-10
-9
6
7
6
24
15
10
8
10
-3
-10
-24
-48
-53
-55
-33
-45
-29
-37
-26
-16
-25
0
-4
-3
0
13
-4
-15
-15
0
-15
-25
-14
-28
-24
-30
-35
-40
-48
-63
-63
-66
-85
-82
-66
-68
-64
-55
-58
-65
-45
-37
-60
-45
-43
-43
-35
-46
-61
-50
-50
-58
-57
-68
-63
-66
-74
-97
-99
-86
-92
-87
-101
-87
-77
-68
-61
-54
-48
-20
-6
-1
16
12
28
26
20
27
1
5
-1
-12
-29
-30
-44
-66
-73
-99
-106
-113
-120
-115
-111
-103
-80
-71
-60
-66
-53
-41
-30
-16
-15
-12
7
26
28
31
22
15
22
27
30
13
11
16
13
18
16
19
26
24
20
14
28
18
33
30
33
43
31
24
30
31
9
17
-12
0
-23
-29
-23
-37
-42
-37
-39
-44
-43
-43
-43
-52
-48
-51
-49
-61
-53
-67
-52
-61
-56
-45
-37
-45
-52
-26
-43
-28
-35
-41
-38
-33
-28
-37
-46
-42
-37
-32
-24
-37
-27
-21
-26
9
4
-1
16
5
17
29
33
38
47
45
62
54
57
57
69
57
61
47
36
44
32
35
45
39
42
27
17
28
8
5
-4
-9
-18
-23
-23
-16
-17
-21
-24
-26
-8
-11
-31
-30
-17
9
6
27
43
41
43
50
55
57
50
40
34
43
33
19
15
2
-9
-21
-28
-27
-44
-37
-44
-54
-61
-44
-48
-40
-39
-33
-31
-48
-38
-29
-20
-45
-19
-35
-30
-36
-56
-32
-45
-48
-60
-60
-52
-53
-59
-46
-37
-50
-34
-33
-15
0
7
-4
15
38
38
34
30
41
52
56
46
32
40
43
40
33
35
22
17
15
-6
3
25
25
19
21
30
26
28
36
47
60
50
46
37
38
36
29
13
23
17
12
6
-10
-21
-32
-26
-44
-72
-93
-83
-81
-105
-99
-93
-97
-98
-79
-72
-74
-53
-58
-72
-53
-42
-30
-29
-24
-24
-12
-31
-40
-23
-37
-34
-42
-48
-51
-43
-37
-52
-66
-68
-58
-68
-60
-59
-60
-38
-50
-43
-53
-58
-48
-38
-43
-49
-48
-45
-44
-30
-43
-42
-36
-42
-28
-35
-17
-37
-38
-28
-40
-20
-19
-16
-12
-6
7
-2
-4
-10
-23
1
-6
4
12
19
5
-1
1
-12
-13
-25
-22
-10
-32
-24
-35
-53
-46
-61
-59
-74
-76
-65
-78
-78
-73
-64
-41
-48
-46
-55
-45
-45
-56
-50
-73
-55
-62
-77
-74
-59
-83
-82
-77
-104
-105
-121
-113
-115
-137
-122
-127
-126
-134
-131
-134
-135
-119
-116
-123
-111
-88
-102
-80
-52
-56
-49
-24
2
-3
27
19
28
27
40
39
42
46
30
36
25
24
14
2
-7
-2
-15
-26
-13
-21
-16
-31
-45
-24
-36
-30
1
4
-3
-1
5
19
-18
-10
-15
5
-18
-17
-6
-26
-26
-32
-26
-35
-45
-38
-37
-45
-39
-30
-35
-41
-28
-27
-37
-27
-34
-43
-30
-57
-61
-64
-78
-77
-76
-90
-89
-102
-104
-89
-99
-99
-99
-89
-76
-57
-52
-51
-50
-34
-18
-35
-23
-19
-10
-11
-14
-12
-30
-16
-13
-27
-39
-50
-53
-56
-51
-69
-56
-70
-74
-68
-61
-54
-58
-64
-48
-27
-13
-19
6
17
24
49
43
67
76
91
80
95
85
83
89
95
79
60
49
52
51
26
38
30
11
15
37
15
2
9
-7
-7
-11
-23
-12
-15
-19
-25
-34
-33
-49
-57
-62
-62
-54
-59
-63
-64
-65
-50
-41
-44
-33
-35
-26
-16
-29
-24
-15
-22
-19
-2
-11
-24
-22
-16
-22
-25
-32
-40
-39
-38
-58
-69
-62
-33
-43
-43
-25
-12
-9
-16
7
23
20
42
44
51
80
59
55
58
77
80
71
74
75
64
68
58
61
66
29
19
18
-2
13
2
-17
-16
-33
-18
-28
-28
-25
-44
-30
-25
-16
0
-6
-9
-5
-9
12
9
4
12
12
11
7
5
5
4
-15
-5
-8
-1
-5
-22
-12
-3
-17
-22
-11
-25
-14
-27
-25
-33
-32
-19
-53
-49
-43
-67
-54
-59
-61
-61
-61
-49
-43
-51
-65
-43
-54
-32
-31
-40
-35
-32
-24
-30
-25
-19
-14
-2
-4
-8
-5
7
13
0
-1
0
17
18
11
15
23
21
36
32
21
25
19
18
17
29
25
49
50
43
39
58
63
55
55
62
62
49
57
48
45
40
43
28
28
33
25
24
30
9
7
4
-11
-17
-11
-19
-14
-13
-21
-15
-18
-22
-18
-17
-28
-23
-19
-16
-9
-14
-10
-5
-13
-3
9
9
-2
15
7
20
19
35
37
18
37
44
14
26
47
32
32
15
39
38
35
34
28
39
35
58
62
51
46
46
52
59
42
59
49
47
49
61
61
47
52
47
66
69
77
75
56
66
75
80
82
91
116
102
86
112
90
94
87
72
81
83
86
86
85
86
85
76
77
75
76
92
86
67
71
89
89
85
87
90
90
77
73
63
75
71
60
63
39
53
42
45
40
32
46
22
28
27
37
46
29
27
45
51
55
62
54
56
57
55
61
56
62
64
68
84
90
81
111
98
94
114
113
106
108
110
91
92
107
106
99
112
105
109
115
108
116
140
144
148
143
143
152
133
134
138
140
135
130
125
119
122
109
104
106
100
94
76
94
98
99
83
98
87
80
113
95
93
95
97
95
95
107
81
91
92
75
65
64
65
55
58
61
62
56
59
52
65
65
53
51
63
59
63
62
54
69
63
64
68
68
56
48
41
53
52
52
43
44
36
35
25
24
23
25
38
34
45
43
40
42
44
48
47
51
46
50
66
67
63
87
81
71
69
65
74
78
88
89
81
98
100
92
94
95
101
83
89
93
71
95
99
96
110
100
98
90
89
83
74
88
97
96
98
98
99
88
92
93
70
66
70
52
42
44
39
33
31
54
46
48
46
52
43
36
48
47
51
39
48
48
40
38
46
38
39
30
34
43
30
35
34
47
45
24
28
36
53
47
49
64
55
61
84
76
68
81
105
102
113
106
99
118
128
116
121
120
120
108
110
131
106
111
100
93
95
97
100
92
108
94
85
107
117
113
111
115
123
125
114
135
138
130
136
135
138
129
133
120
140
133
121
120
114
117
97
110
102
103
101
107
113
101
109
113
102
98
98
110
100
84
74
81
82
90
89
86
93
94
82
90
89
95
76
88
89
67
80
84
84
77
88
81
98
101
92
95
91
85
94
95
76
74
85
87
81
83
93
100
107
97
97
99
107
110
120
120
135
135
150
156
154
168
162
167
174
174
167
158
160
169
152
149
140
133
142
127
124
137
115
109
110
112
104
111
103
102
116
109
121
120
122
123
126
148
148
123
138
140
131
140
140
125
129
121
115
116
122
120
111
109
122
115
116
123
106
112
113
116
112
130
127
123
130
120
121
137
127
116
132
132
128
131
143
127
113
112
109
94
103
101
91
106
125
112
113
128
129
121
121
134
120
117
139
134
140
134
121
115
124
120
118
121
116
135
125
138
132
134
141
142
155
154
160
160
184
187
179
170
175
186
156
188
183
169
170
172
170
159
151
150
142
131
142
137
141
125
120
131
124
134
121
119
114
125
139
106
104
115
133
134
137
143
139
129
138
136
135
144
119
133
153
133
135
134
123
135
126
117
127
125
126
123
125
126
129
134
136
150
138
142
162
149
153
172
160
157
169
168
165
152
171
164
155
152
157
164
172
194
173
161
169
164
170
168
156
163
171
167
163
162
156
162
171
159
178
165
170
161
157
161
160
162
152
163
158
154
174
171
169
175
167
165
160
175
156
173
169
185
178
165
168
163
180
181
190
169
170
161
160
167
169
179
165
173
162
