-77
-78
-75
-74
-59
-74
-56
-53
-57
-50
-49
-48
-35
-62
-43
-50
-57
-57
-68
-51
-74
-53
-59
-52
-52
-70
-63
-71
-56
-67
-68
-67
-90
-70
-68
-79
-73
-68
-79
-69
-72
-75
-99
-78
-75
-85
-48
-69
-89
-93
-84
-74
-78
-82
-87
-81
-81
-65
-89
-81
-76
-60
-54
-72
-65
-71
-75
-68
-51
-59
-60
-60
-44
-46
-47
-47
-51
-48
-50
-48
-47
-51
-42
-39
-39
-38
-44
-37
-28
-47
-49
-26
-32
-49
-41
-56
-62
-52
-44
-28
-44
-38
-33
-29
-36
-45
-40
-16
-39
-36
-21
-32
-35
-29
-10
-16
-32
-30
-42
-33
-31
-32
-29
-27
-21
-24
-46
-31
-21
-16
-13
-20
-38
-41
-32
-32
-23
-25
-21
-28
-24
-19
-24
-3
-1
-16
-6
-7
-5
-4
1
-13
-22
-14
-14
5
-2
-10
2
-4
2
-8
-2
-17
-6
-4
5
11
-23
-4
-8
-8
2
4
5
25
4
0
17
20
20
29
16
-9
5
6
9
24
21
3
7
6
6
9
19
-3
-2
20
17
19
23
7
28
11
15
23
11
10
11
16
13
-7
-3
12
8
22
14
11
17
8
5
10
-1
-8
9
16
3
3
4
8
-4
-10
2
-6
-1
5
-2
8
7
21
20
6
7
-11
-4
-6
16
3
12
17
4
14
6
16
4
2
4
17
12
18
35
20
19
19
30
15
22
17
18
19
14
3
6
10
5
18
6
12
14
12
-3
18
14
8
17
5
6
-7
-11
14
4
5
-10
-20
-11
-9
-8
-25
-16
-37
-39
-25
-27
-7
-34
-29
-28
-38
-36
-36
-38
-34
-21
-22
-19
-30
-39
-40
-41
-41
-43
-47
-50
-41
-45
-52
-45
-56
-56
-54
-59
-61
-67
-57
-71
-76
-72
-67
-61
-66
-56
-58
-64
-55
-60
-59
-63
-75
-65
-64
-80
-76
-89
-53
-51
-61
-54
-61
-51
-56
-48
-40
-46
-40
-43
-51
-44
-34
-47
-60
-66
-48
-57
-52
-40
-50
-54
-48
-49
-52
-47
-55
-51
-49
-55
-51
-44
-56
-57
-46
-37
-34
-35
-46
-42
-23
-22
-37
-34
-30
-13
-22
-54
-41
-33
-40
-31
-33
-28
-23
-19
-36
-35
-31
-33
-29
-45
-31
-38
-33
-23
-20
-22
-30
-30
-31
-16
-17
-28
-25
-33
-30
-13
-20
-37
-26
-13
-10
-8
-19
-32
-17
-29
-23
-18
-54
-30
-17
-11
-29
-39
-33
-38
-18
-15
-11
-12
-19
-15
-12
-1
-11
-4
-15
-20
6
-11
-4
-15
-11
-4
8
-6
-3
0
-4
14
8
2
18
13
6
12
17
6
16
9
1
-1
8
18
19
26
9
-3
-8
3
17
13
4
2
-11
2
-4
-15
15
5
-4
-1
6
8
-11
11
-18
-17
0
8
-3
-16
14
4
4
-9
-15
-8
1
-12
-3
8
-12
-16
-3
5
0
3
7
0
0
5
15
15
7
10
-12
4
24
7
18
17
4
7
-8
-1
12
14
14
20
29
22
16
14
9
4
20
11
31
22
16
13
-6
9
7
14
1
4
14
10
7
3
-7
-10
4
-2
6
1
-7
-6
-7
-11
-10
-3
-8
-7
-4
-37
-8
-3
-21
-21
-16
-1
-9
-14
-9
-20
-16
-17
-15
-19
-24
-18
-39
-44
-43
-25
-41
-37
-43
-44
-31
-41
-45
-49
-28
-45
-45
-52
-56
-47
-45
-49
-38
-36
-56
-51
-55
-34
-43
-54
-38
-39
-49
-51
-52
-40
-42
-49
-30
-32
-20
-36
-36
-36
-37
-37
-36
-49
-37
-33
-44
-59
-54
-48
-45
-47
-44
-22
-25
-20
-45
-26
-35
-44
-51
-40
-38
-28
-32
-44
-33
-48
-43
-39
-29
-32
-25
-39
-46
-20
-37
-33
-24
-44
-40
-43
-49
-36
-41
-58
-41
-37
-41
-45
-58
-59
-54
-52
-53
-59
-46
-59
-49
-37
-48
-60
-57
-57
-72
-65
-71
-65
-62
-75
-70
-74
-64
-60
-62
-70
-78
-70
-69
-59
-63
-66
-58
-58
-64
-72
-65
-56
-60
-69
-61
-55
-65
-76
-61
-47
-81
-70
-48
-48
-42
-37
-54
-51
-49
-49
-27
-27
-31
-48
-41
-37
-38
-39
-50
-42
-32
-43
-34
-42
-41
-35
-42
-29
-21
-34
-10
-19
-22
-19
-34
-22
-30
-38
-48
-29
-28
-24
-26
-29
-47
-36
-40
-40
-41
-40
-42
-32
-38
-68
-48
-64
-54
-48
-49
-41
-41
-33
-47
-48
-57
-52
-44
-46
-57
-52
-31
-38
-32
-47
-32
-44
-38
-35
-43
-34
-33
-37
-35
-30
-44
-37
-33
-18
-17
-31
-30
-36
-41
-37
-33
-31
-27
-36
-37
-24
-46
-27
-14
-29
-23
-42
-34
-27
-28
-23
-37
-43
-32
-30
-30
-36
-27
-15
-24
-25
-34
-27
-25
-42
-26
-41
-36
-43
-30
-27
-40
-19
-32
-45
-44
-41
-37
-46
-33
-38
-42
-28
-37
-40
-37
-35
-51
-35
-35
-31
-26
-40
-24
-38
-25
-18
-22
-13
-10
-22
-23
-29
-26
-19
-36
-7
-23
-32
-37
-40
-30
-34
-40
-47
-37
-37
-43
-36
-32
-42
-35
-25
-23
-21
-6
-22
-22
-22
-35
-40
-34
-30
-20
-22
-23
-29
-36
-19
-39
-38
-39
-26
-33
-19
-12
-25
-21
-32
-23
-29
-16
-29
-26
-34
-54
-38
-51
-42
-30
-52
-38
-41
-41
-37
-44
-28
-30
-21
-48
-43
-34
-41
-52
-41
-47
-63
-40
-51
-47
-47
-45
-29
-42
-29
-32
-30
-34
-53
-4
-24
-31
-32
-39
-45
-40
-57
-76
-63
-58
-52
-57
-68
-54
-59
-64
-62
-60
-52
-72
-47
-60
-56
-63
-58
-65
-56
-45
-49
-59
-63
-47
-76
-58
-55
-61
-57
-62
-45
-37
-37
-50
-44
-23
-30
-44
-36
-31
-48
-34
-22
-29
-25
-35
-16
-15
-33
-43
-10
-15
-42
-26
-33
-42
-36
-38
-34
-43
-52
-39
-32
-41
-49
-36
-42
-43
-40
-56
-51
-54
-52
-46
-65
-59
-73
-83
-70
-69
-66
-78
-68
-62
-85
-58
-70
-70
-62
-75
-56
-58
-52
-50
-57
-48
-43
-56
-81
-59
-46
-44
-42
-58
-63
-64
-57
-58
-54
-52
-39
-47
-56
-52
-55
-50
-54
-43
-63
-51
-71
-61
-64
-62
-57
-59
-58
-53
-74
-80
-61
-65
-61
-63
-53
-76
-74
-76
-82
-90
-85
-78
-73
-67
-86
-77
-78
-86
-74
-54
-58
-85
-89
-81
-73
-82
-73
-77
-74
-81
-61
-81
-72
-60
-75
-65
-58
-52
-66
-62
-70
-66
-57
-52
-61
-64
-54
-55
-52
-58
-49
-44
-41
-46
-48
-53
-45
-41
-59
-44
-57
-39
-22
-23
-37
-30
-31
-39
-48
-47
-41
-42
-40
-27
-33
-26
-26
-20
-9
-24
-30
-20
-19
-22
-20
-35
-12
0
-16
-12
-8
-10
-18
-20
-18
-10
-6
-28
-19
0
-7
-10
0
0
6
2
17
13
-1
6
0
5
-1
-6
3
11
9
9
6
15
26
-4
5
25
-5
-2
13
19
-2
2
3
26
23
5
5
-13
-2
-15
-16
-1
-5
-2
0
-8
-8
7
3
-3
-3
-11
-7
-3
6
8
-4
-3
-19
-4
-9
1
-2
-1
12
-8
10
-2
7
10
-5
0
-8
6
-15
-4
-7
-9
8
2
-11
-4
9
-7
9
18
8
12
15
9
12
24
21
9
11
3
11
19
12
1
4
15
14
3
-7
-8
0
-5
-9
-4
-19
-15
-15
-17
-3
8
1
-16
-6
-8
-10
6
-14
14
-10
-18
-8
-14
-9
-17
-8
-21
-29
-23
-16
-38
-33
-28
-38
-29
-15
-20
-26
-17
-24
-19
-27
-32
-34
-22
-16
-22
-8
-23
-23
-16
-29
-26
-27
-17
-17
-29
-27
-33
-18
-28
-17
-23
-30
-18
-17
-26
-37
-28
-29
-15
-37
-39
-33
-17
-30
-21
-29
-43
-29
-37
-34
-39
-39
-35
-42
-23
-32
-44
-45
-46
-33
-48
-31
-50
-45
-21
-31
-30
-50
-34
-33
-36
-49
-47
-35
-42
-36
-35
-27
-26
-17
-12
-37
-43
-32
-31
-21
-33
-24
-24
-31
-13
-29
-22
-32
-42
-30
-31
-34
-32
-44
-33
-24
-31
-25
-43
-38
-50
-34
-30
-44
-34
-30
-23
-33
-23
-31
-36
-38
-33
-34
-39
-37
-32
-39
-27
-37
-52
-39
-49
-47
-29
-44
-50
-44
-32
-41
-51
-47
-54
-38
-43
-53
-50
-52
-55
-37
-34
-35
-50
-60
-40
-56
-31
-43
-46
-49
-52
-34
-38
-24
-42
-41
-35
-32
-38
-26
-37
-45
-32
-21
-31
-32
-33
-26
-20
-27
-19
-27
-31
-31
-22
-23
-24
-18
-20
-17
-22
-28
-40
-35
-38
-33
-29
-27
-36
-37
-30
-38
-38
-39
-32
-52
-35
-35
-51
-38
-32
-31
-40
-41
-36
-36
-17
-24
-34
-18
-18
-16
-14
-32
-18
-29
-6
-9
-19
-5
-9
7
-8
-6
-11
-2
-1
1
8
10
19
5
17
13
4
-6
-6
20
4
6
10
14
8
11
10
5
9
19
15
10
16
23
8
11
21
21
17
7
20
0
-2
0
3
4
-10
-7
4
-3
-2
-21
-13
-5
-7
-7
-4
-12
1
16
5
8
0
5
7
6
3
14
3
3
20
23
35
37
33
25
16
35
32
19
28
30
22
25
30
37
23
41
31
28
31
26
30
40
47
23
38
23
34
29
21
32
33
24
26
32
36
30
20
21
16
27
26
23
34
39
24
40
43
38
46
36
29
24
19
29
31
24
30
17
2
10
5
21
9
-2
6
3
4
18
28
23
21
20
24
28
24
12
29
31
15
19
22
20
9
12
8
6
12
4
-4
3
10
16
7
0
4
6
-5
10
2
-18
-10
-12
-8
-16
-15
-25
-11
-2
-13
3
-5
-20
-13
-7
-19
-27
-25
-22
-33
-15
-23
-6
-20
-41
-25
-30
-37
-34
-37
-42
-41
-43
-27
-29
-32
-36
-47
-40
-43
-32
-40
-44
-46
-45
-34
-46
-42
-16
-36
-47
-45
-41
-29
-34
-37
-35
-32
-27
-28
-44
-36
-36
-47
-53
-37
-33
-44
-47
-34
-36
-51
-50
-58
-48
-27
-25
-11
-39
-38
-21
-38
-44
-29
-18
-33
-19
-12
-27
-28
-25
-32
-25
-15
-8
-35
-24
-18
-16
-33
-19
-7
-17
-13
-21
-21
-31
-25
-8
-9
-37
-44
-23
-14
-20
-20
-34
-8
-28
-19
-18
-12
-12
-21
9
-3
-20
-16
-8
-4
0
-18
-3
4
0
-3
-10
-8
-2
-9
-21
-25
-30
-25
-28
-4
-18
-2
-28
-20
-10
-44
-17
-26
-21
-18
-20
-31
-31
-26
-12
-26
-21
-14
-17
-10
-11
-10
-11
-13
2
-8
-23
-20
-1
-10
-7
0
-9
1
-3
3
1
-1
24
30
9
5
-5
7
14
14
0
28
29
10
8
15
2
4
14
7
19
27
26
29
36
28
5
16
18
19
40
15
21
34
31
35
26
9
26
35
17
36
33
25
30
28
42
35
48
35
34
42
40
43
35
28
38
36
34
47
34
29
38
42
38
28
35
23
32
32
41
53
38
46
38
52
39
41
41
28
33
29
45
33
35
50
65
36
42
43
43
53
39
53
27
26
43
26
38
34
31
31
50
37
26
32
20
22
7
15
25
7
19
29
32
30
44
32
27
37
25
24
10
33
12
30
33
43
42
21
56
53
23
31
34
26
27
40
41
41
56
47
36
33
33
32
38
35
43
38
30
41
31
19
28
43
33
29
30
38
31
30
25
13
25
31
21
21
21
13
12
13
7
14
16
11
13
10
13
13
10
10
13
-6
3
7
3
24
15
6
4
8
15
7
0
2
13
6
-5
-6
2
15
-10
-19
-15
3
10
8
8
-6
-3
-3
-4
4
1
-6
-5
3
-10
-11
-9
-6
2
-6
-11
-1
-8
-27
-8
-10
-13
-29
-31
-20
-19
-22
-9
-10
-20
-17
-12
-15
-32
-24
-16
-18
-29
-22
-23
-21
-27
-29
-14
-30
-36
-38
-37
-39
-34
-32
-36
-20
-18
-8
-22
-7
-11
-6
-8
-15
-11
-8
1
1
-1
2
6
-11
7
-9
-9
-6
1
3
-5
-7
7
10
-9
-7
2
-6
-14
-11
-8
-7
-8
-2
4
-11
-18
0
-8
-14
2
-15
-13
-13
-18
-21
-23
-16
-24
-9
-5
-6
-8
-20
-11
-11
-27
-22
-19
-9
-19
-8
-19
-2
9
-8
2
-12
-15
-8
-12
-10
7
9
1
-7
-2
8
-1
11
0
9
16
0
25
16
17
11
8
3
-1
9
4
10
5
8
10
-6
1
11
1
0
5
-4
-2
-1
3
8
5
-6
-3
4
15
13
-2
19
23
14
3
-3
-1
4
12
8
16
3
16
8
14
10
7
-9
2
13
-10
-8
5
22
13
-1
0
24
8
15
16
19
30
9
13
22
3
13
17
9
31
7
16
36
10
25
25
13
24
33
31
30
24
35
27
13
20
15
27
20
28
39
47
51
30
25
31
28
31
22
18
34
32
23
27
24
29
22
35
22
26
11
22
30
27
42
28
30
11
29
25
22
15
20
14
8
22
20
35
11
20
15
8
30
18
16
15
20
14
12
15
7
11
-4
10
0
5
26
-3
7
15
7
9
17
33
32
26
37
27
36
48
47
34
38
33
25
24
27
31
33
26
34
40
30
38
40
32
31
35
20
38
35
31
26
42
48
38
27
13
28
21
29
19
26
31
20
17
14
28
16
23
18
19
24
21
19
39
16
16
17
6
22
29
29
19
19
17
22
13
21
11
18
18
-5
7
10
10
23
14
14
13
9
1
7
9
20
12
7
11
9
3
-9
17
20
14
4
6
9
2
-12
-13
15
-7
-4
2
-6
1
-4
-19
-8
4
-9
-13
-23
-18
-19
-6
-28
-22
-8
-14
-15
-3
-5
-11
-5
10
12
-19
-8
0
3
5
7
13
17
2
13
9
21
24
8
18
18
17
24
34
31
44
27
47
42
45
35
34
37
22
36
25
39
28
25
36
25
29
31
30
34
42
30
29
16
10
39
24
19
19
14
14
17
27
3
24
21
17
13
13
15
25
19
11
12
10
10
12
26
12
24
43
25
23
13
23
23
41
42
30
45
25
51
62
44
56
46
54
65
68
57
58
49
67
67
66
68
62
61
45
49
29
48
59
47
44
58
52
46
51
53
55
47
65
52
48
57
59
52
50
58
66
45
66
64
45
63
57
70
64
58
64
65
62
60
53
55
45
36
43
42
30
34
26
40
40
35
33
29
29
34
26
25
40
43
35
42
55
44
67
49
37
34
40
58
42
43
50
59
63
51
53
45
56
52
34
55
34
46
40
35
47
44
44
43
41
33
46
39
28
29
34
48
31
27
34
46
47
38
38
56
45
47
43
48
50
46
31
46
52
42
54
37
40
41
44
48
54
52
54
43
56
61
60
38
38
53
53
50
56
51
58
57
52
51
39
37
31
36
19
34
20
19
37
25
26
34
34
12
40
25
10
25
31
25
21
30
9
32
13
8
10
11
14
12
0
-6
6
15
-12
-13
-4
-14
-8
2
-2
-6
-11
-10
0
10
2
-13
-3
-15
-11
-13
-11
-3
-6
-7
4
3
-9
1
-14
1
-12
-18
-14
-11
-4
-4
1
-5
6
0
-5
-12
-7
3
-4
2
9
11
10
3
13
4
5
-5
-11
-9
9
8
-4
4
-6
-7
-23
-18
-4
-24
-24
-18
-7
0
-4
-11
-15
4
-8
-8
3
-20
-8
-9
-7
-4
-16
-22
-5
-2
0
-3
-20
-16
-11
-4
-16
-5
-5
-8
1
-14
-1
5
-5
-11
1
-7
-3
1
-5
-8
-12
-27
-18
-19
-1
-11
-15
-7
-16
7
-5
1
2
2
-6
-9
-10
0
-10
-12
8
4
-1
0
11
13
12
-10
-4
-4
2
3
-4
-4
-1
-10
-10
-3
1
8
1
1
4
-6
-4
-9
-23
-1
10
4
0
14
1
-8
-14
-14
-12
-6
15
7
-7
-2
16
2
-1
12
4
-6
-16
-3
9
0
-13
9
-5
4
8
8
10
13
5
-13
-2
7
4
-1
10
8
13
25
11
-4
7
26
18
12
20
23
4
22
36
12
19
28
25
26
25
24
24
23
19
28
21
29
36
37
36
37
21
19
23
25
24
22
30
7
5
-1
9
29
21
9
14
4
5
7
2
-1
7
13
-1
-2
7
13
9
9
-10
4
8
11
17
4
-7
-5
-15
-16
-9
-8
-5
-10
-5
2
1
-14
-20
-25
-32
-4
-11
-34
-28
-29
-32
-27
-32
-25
-15
-16
-12
-3
-9
-16
-18
-23
-15
-24
-24
-46
-32
-31
-29
-14
-35
-29
-17
-26
-19
-19
-28
-17
-21
-25
-26
-17
-32
-23
-15
-19
-18
-24
-18
-20
-14
-21
-10
1
-16
-18
-5
1
-15
3
18
-2
-9
11
6
12
-9
-5
14
-5
11
6
1
-1
3
-16
-11
-13
-12
-13
-19
-16
-17
-2
-14
-18
-30
-26
-28
-30
-24
-17
-16
-18
-21
-28
-24
-25
-23
-30
-18
-30
-20
-41
-37
-29
-34
-30
-55
-36
-34
-23
-34
-43
-30
-33
-34
-35
-42
-23
-38
-28
-17
-14
-6
-18
-17
-25
-28
-30
-26
-31
-33
-38
-24
-40
-29
-29
-33
-37
-24
-20
-28
-30
-18
-8
-8
-2
-7
-18
-16
-10
-14
0
-17
-7
-4
1
4
1
-12
-9
-13
9
14
-11
0
-10
7
-4
1
-2
-15
4
3
10
-7
-2
3
-17
-11
0
9
5
-10
-9
2
-14
-5
-13
-23
-14
-31
-26
-20
-19
-13
-12
-25
-17
-11
-22
-17
5
-6
-18
-16
-5
3
-4
-3
4
14
8
1
15
-6
4
24
7
-19
1
12
-8
6
4
-11
-1
-5
-12
-8
-11
-8
0
-4
-12
-1
0
4
-5
4
-10
-16
-15
-15
-27
-29
-13
-16
-3
-20
-13
-18
-5
-15
-22
-25
-29
-8
-13
-9
-20
-27
-23
-22
-33
-32
-20
-26
-28
-21
-37
-25
-27
-24
-38
-39
-33
-22
-17
-36
-29
-49
-53
-48
-49
-47
-42
-44
-46
-31
-35
-44
-40
-40
-43
-41
-54
-54
-58
-48
-36
-41
-31
-52
-49
-50
-42
-55
-46
-61
-70
-43
-43
-36
-51
-45
-49
-52
-60
-48
-50
-49
-34
-37
-34
-41
-46
-52
-43
-36
-34
-32
-43
-52
-40
-31
-39
-38
-54
-37
-29
-48
-37
-59
-66
-35
-33
-39
-44
-48
-50
-27
-25
-38
-36
-38
-24
-50
-45
-38
-38
-38
-45
-44
-30
-38
-40
-50
-60
-47
-49
-57
-44
-39
-52
-40
-37
-41
-53
-44
-58
-57
-53
-54
-50
-54
-47
-52
-58
-52
-75
-78
-60
-68
-67
-59
-53
-57
-47
-49
-56
-51
-56
-70
-67
-58
-64
-66
-55
-59
-54
-53
-47
-54
-52
-47
-45
-40
-51
-48
-56
-71
-72
-53
-63
-66
-76
-61
-56
-66
-45
-58
-54
-39
-54
-57
-51
-46
-32
-44
-45
-47
-26
-41
-48
-60
-50
-62
-46
-53
-56
-36
-50
-42
-58
-50
-61
-53
-39
-23
-40
-61
-60
-44
-45
-36
-41
-49
-63
-47
-39
-46
-47
-49
-29
-43
-50
-54
-33
-39
-40
-41
-33
-27
-41
-41
-34
-35
-34
-32
-50
-49
-55
-27
-20
-42
-40
-58
-41
-47
-57
-55
-52
-48
-44
-50
-35
-46
-44
-27
-36
-30
-49
-37
-32
-40
-48
-35
-35
-31
-37
-20
-14
-32
-28
-25
-32
-33
-31
-42
-19
-13
-25
-30
-24
-23
-31
-27
-33
-24
-26
-19
-15
-12
-20
-14
-24
-18
-17
-14
-12
-17
-16
-15
-11
-22
-8
-12
-4
3
-10
-1
-6
1
14
-13
3
-21
-22
-12
-16
-6
-24
0
-7
-3
-2
-4
1
-3
-3
5
0
-11
-3
-4
-19
-10
1
-3
-4
-5
-28
-11
-14
-30
-25
-8
-14
-23
-16
-18
-15
-29
-26
-23
-30
-26
-15
-19
-32
-30
-8
-16
-9
-13
-20
-14
-5
-22
-14
-5
-15
1
-11
-14
-13
-7
-17
-15
-23
-15
-9
-6
-9
-16
-22
-14
-19
-12
-22
-16
-19
-44
-30
-28
-26
-42
-41
-44
-27
-37
-33
-37
-44
-41
-53
-46
-41
-41
-54
-57
-48
-48
-59
-58
-66
-62
-59
-48
-55
-63
-51
-72
-57
-60
-34
-35
-55
-58
-34
-39
-41
-53
-69
-57
-51
-47
-58
-44
-39
-35
-50
-52
-41
-31
-51
-50
-39
-59
-67
-57
-33
-34
-30
-32
-44
-60
-74
-51
-53
-57
-55
-47
-53
-50
-57
-47
-50
-48
-44
-42
-29
-27
-36
-41
-21
-36
-52
-50
-40
-44
-54
-46
-45
-48
-49
-50
-59
-52
-52
-65
-70
-58
-41
-57
-72
-61
-60
-56
-64
-49
-55
-58
-49
-63
-55
-59
-61
-67
-58
-49
-52
-46
-50
-56
-62
-61
-62
-70
-66
-84
-66
-65
-85
-61
-60
-57
-69
-51
-56
-69
-62
-47
-51
-68
-69
-50
-58
-62
-47
-50
-53
-54
-45
-53
-45
-42
-52
-54
-50
-40
-25
-38
-44
-38
-33
-29
-29
-43
-39
-19
-32
-37
-38
-17
-30
-32
-30
-26
-30
-13
-3
-33
-27
-34
-30
-39
-19
-40
-30
-18
-39
-15
-44
-47
-35
-37
-33
-42
-46
-39
-40
-42
-41
-35
-46
-26
-36
-47
-33
-42
-38
-36
-37
-56
-55
-51
-55
-49
-24
-44
-48
-43
-53
-45
-43
-46
-44
-43
-51
-33
-37
-27
-25
-37
-35
-31
-24
-33
-35
-27
-25
-27
-34
-19
-6
-30
-28
-13
-22
-41
-14
-10
-23
-4
-20
-1
-23
-24
-11
-6
-12
-27
-14
-23
-18
-6
-22
-27
-25
-28
-25
-19
-23
-24
-17
-29
-30
-28
-29
-25
-16
-27
-24
-30
-26
-39
-25
-9
-37
-35
-27
-28
-29
-27
-30
-39
-37
-23
-20
-36
-37
-50
-38
-49
-41
-44
-43
-37
-40
-25
-31
-26
-30
-33
-26
-23
-10
-14
-30
-25
-19
-25
-16
-32
-12
-18
-46
-28
-31
-22
-21
-20
-23
-27
-29
-20
-30
-15
-10
-43
-35
-29
-31
-27
-27
-10
-17
-17
-4
-23
-16
-17
-14
-27
-28
-16
-4
-39
-22
-18
-27
-21
-28
-20
-23
-28
-35
-26
-29
-26
-19
-27
-17
-11
-22
-25
-29
-17
-22
-41
-35
-13
1
-26
-20
-4
-26
-19
-17
-13
-9
-16
-2
-15
-15
-12
-25
-30
-15
-15
-14
-23
-23
-12
-13
-12
8
-2
-3
5
-20
-7
-29
-38
-11
-16
-18
-14
-10
-11
-14
-7
-27
-36
-19
-19
-1
-20
-2
-11
-11
-7
-16
-18
-27
-10
-10
-8
-14
-2
-18
-23
-31
-18
-2
-8
6
-13
-3
-12
-25
-6
-12
-17
-23
-14
-20
-7
-11
-22
-2
-10
-7
-13
4
-50
-112
-72
-96
-33
-27
-59
-3
33
85
74
15
5
3
-14
7
0
-29
-5
-1
-9
-4
-10
-21
9
16
27
27
42
34
32
18
26
-9
-17
3
-13
-15
-43
-5
0
10
1
0
13
20
28
39
29
31
25
22
22
-16
6
1
13
11
10
16
19
25
13
25
6
11
31
20
27
17
12
-1
-10
-4
2
13
-10
12
5
15
14
-6
12
17
20
11
6
18
10
9
18
14
23
11
10
24
20
33
25
7
12
14
16
13
28
9
12
0
1
8
8
8
11
12
23
17
14
3
8
19
0
5
7
7
7
8
14
8
-4
-13
7
1
3
6
0
6
-2
3
-25
-3
-22
-19
-21
-21
-9
-16
-19
-29
-25
-31
-25
-25
-10
-29
-20
-23
-39
-40
-37
-28
-40
-27
-18
-18
-28
-31
-20
-17
-23
-18
-38
-30
-33
-20
-18
-34
-26
-33
-40
-36
-48
-45
-28
-37
-39
-39
-40
-17
-14
-16
-15
-22
-8
-32
0
-19
-30
-15
-19
-10
-22
-3
-9
-26
-22
-23
-9
-23
-33
-13
-26
-30
-41
-35
-38
-34
-33
-39
-49
-46
-56
-61
-46
-63
-60
-63
-55
-72
-94
-85
-97
-85
-91
-105
-113
-109
-99
-105
-111
-109
-119
-113
-101
-110
-119
-119
-123
-125
-99
-126
-130
-132
-124
-119
-105
-99
-96
-100
-110
-95
-86
-81
-83
-63
-53
-43
-38
-41
-38
-26
-19
-6
-8
7
14
4
31
38
33
43
55
57
46
68
75
76
88
92
74
59
81
81
63
72
41
26
26
20
6
-10
-4
-15
-44
-41
-57
-86
-93
-94
-115
-137
-156
-166
-178
-187
-203
-227
-215
-222
-228
-232
-236
-253
-249
-258
-266
-257
-271
-254
-248
-256
-239
-243
-232
-225
-198
-184
-173
-147
-139
-116
-93
-76
-45
-34
-19
28
39
68
101
135
153
198
212
245
283
321
348
382
409
417
462
460
459
451
463
447
435
426
400
383
339
314
274
248
202
169
126
92
59
25
-20
-37
-74
-126
-157
-172
-190
-219
-237
-244
-248
-279
-283
-290
-292
-304
-314
-319
-320
-317
-330
-319
-309
-306
-301
-284
-265
-272
-267
-252
-237
-231
-207
-203
-193
-178
-158
-146
-148
-128
-107
-98
-83
-81
-77
-64
-69
-53
-34
-31
-27
-7
12
18
14
28
36
45
51
58
76
88
82
87
93
100
111
114
112
126
120
110
126
118
111
115
128
117
112
92
90
85
73
62
46
45
35
35
22
7
-19
-39
-57
-78
-98
-117
-124
-137
-153
-149
-173
-166
-158
-166
-159
-161
-149
-153
-160
-116
-113
-112
-94
-87
-54
-42
-16
2
29
43
54
83
86
108
127
122
129
139
136
140
143
135
140
134
126
119
106
93
89
72
43
36
22
14
26
-6
-38
-46
-51
-81
-87
-97
-129
-142
-160
-177
-187
-187
-213
-216
-228
-233
-227
-229
-248
-250
-242
-235
-238
-254
-233
-227
-229
-230
-219
-210
-190
-187
-174
-156
-142
-125
-126
-90
-98
-83
-61
-29
-13
-8
46
51
87
116
144
173
192
240
254
295
333
370
398
430
456
473
493
491
509
510
517
518
480
457
440
410
398
357
310
264
217
181
144
90
26
-2
-51
-76
-113
-157
-180
-238
-270
-304
-324
-364
-384
-405
-422
-436
-451
-459
-482
-501
-499
-511
-509
-494
-486
-481
-487
-466
-454
-434
-404
-394
-377
-349
-331
-281
-252
-229
-204
-183
-152
-145
-120
-102
-95
-77
-52
-41
-29
-11
-11
-2
-8
14
11
12
3
-9
-21
-45
-42
-54
-40
-67
-68
-92
-86
-86
-95
-100
-104
-114
-133
-114
-115
-128
-133
-131
-123
-116
-138
-119
-108
-118
-92
-98
-94
-90
-73
-50
-52
-23
-4
18
45
56
82
98
138
165
188
242
258
292
327
361
364
377
408
425
440
445
444
434
423
409
389
388
355
349
315
282
285
262
216
179
171
143
126
89
62
47
10
-29
-51
-76
-116
-125
-150
-162
-185
-230
-227
-264
-295
-295
-302
-313
-317
-316
-343
-340
-328
-330
-311
-315
-294
-276
-252
-255
-225
-216
-211
-185
-183
-152
-143
-133
-112
-91
-88
-88
-67
-70
-56
-30
-38
-16
-20
-2
1
-1
1
2
4
-10
1
4
2
-2
-2
-24
-32
-22
-16
-31
-32
-21
-43
-44
-51
-45
-30
-43
-47
-48
-38
-46
-45
-41
-58
-50
-25
-35
-25
-24
-21
-19
-3
3
15
36
45
82
104
111
123
160
188
221
240
270
293
307
330
363
366
382
380
374
401
392
394
373
374
363
338
316
299
281
280
255
229
206
187
163
134
119
109
100
63
28
11
0
-18
-35
-79
-95
-128
-131
-152
-195
-189
-237
-241
-251
-264
-266
-293
-314
-316
-305
-320
-322
-330
-302
-303
-298
-288
-301
-276
-293
-279
-262
-273
-270
-275
-254
-272
-264
-252
-253
-242
-247
-242
-224
-225
-227
-217
-203
-195
-196
-169
-165
-168
-153
-144
-139
-132
-113
-104
-77
-77
-61
-55
-49
-27
-27
-22
-9
-7
12
11
17
40
37
45
55
52
54
65
63
72
92
94
108
97
111
129
132
158
156
160
173
181
208
243
255
268
286
298
304
327
350
361
354
366
347
355
345
339
324
305
307
275
250
218
220
182
176
134
113
102
64
40
11
10
-12
-32
-58
-68
-90
-102
-108
-132
-142
-166
-179
-192
-217
-231
-244
-252
-268
-266
-273
-289
-284
-291
-292
-295
-302
-288
-293
-300
-284
-283
-301
-303
-298
-278
-279
-288
-280
-284
-270
-272
-281
-294
-272
-254
-259
-250
-243
-223
-236
-219
-206
-202
-164
-172
-167
-139
-152
-124
-119
-112
-81
-83
-69
-64
-59
-53
-11
-11
-9
9
1
20
20
36
45
41
46
47
55
53
73
89
80
67
80
89
94
101
103
126
101
105
135
143
126
135
138
139
151
160
181
175
185
199
210
230
247
278
291
305
295
312
319
338
338
334
334
321
327
316
294
270
262
246
222
208
185
160
133
117
94
73
65
42
26
6
-15
-19
-33
-50
-63
-63
-94
-102
-128
-127
-129
-146
-163
-173
-196
-188
-182
-205
-222
-230
-233
-245
-258
-265
-278
-277
-279
-302
-287
-286
-295
-305
-290
-275
-266
-275
-261
-267
-264
-248
-230
-218
-204
-199
-194
-167
-163
-154
-148
-121
-113
-99
-84
-66
-54
-53
-30
-18
-8
19
26
34
43
41
36
42
57
53
72
75
65
57
72
61
44
64
44
41
36
28
30
11
24
13
18
15
17
12
16
19
2
9
5
6
4
10
8
12
33
41
30
33
43
61
49
66
60
75
106
99
112
135
139
139
150
140
154
169
177
206
199
200
196
207
209
197
207
188
193
184
161
164
160
141
123
134
105
86
79
61
43
6
1
-8
-20
-57
-71
-77
-114
-130
-131
-152
-159
-166
-201
-226
-239
-239
-255
-262
-274
-295
-292
-350
-570
-487
-301
-283
-276
-241
-215
-269
-232
-179
-201
-191
-145
-167
-150
-110
-104
-110
-103
-98
-110
-94
-66
-65
-75
-67
-77
-78
-66
-57
-57
-38
-40
-43
-54
-57
-50
-65
-57
-46
-19
-9
-15
-38
-37
-23
-20
-18
-25
-27
-32
-11
-10
-27
-24
-32
-28
-28
-27
-20
-5
-8
-11
-13
-9
-12
-21
-8
6
16
10
13
7
2
22
18
11
23
13
10
14
11
20
15
22
13
22
33
24
34
37
37
49
53
58
71
66
58
83
68
83
63
66
73
83
100
105
93
63
71
56
55
60
41
35
43
31
23
12
11
-1
3
-26
-38
-27
-42
-36
-44
-54
-52
-56
-69
-57
-68
-65
-89
-98
-84
-88
-82
-83
-62
-61
-65
-74
-86
-78
-63
-68
-88
-77
-65
-64
-73
-75
-88
-81
-78
-71
-84
-88
-121
-198
-545
-689
-495
-406
-350
-212
-104
-103
-108
-20
3
5
127
194
195
255
250
-193
-343
-121
-94
-121
-49
-5
-152
-197
-120
-144
-136
-91
-104
-118
-64
-67
-94
-86
-93
-103
-47
36
30
23
40
5
11
17
57
-53
-201
-111
-104
-111
-132
-98
-33
-60
22
59
28
80
57
37
6
-6
-21
20
21
25
56
66
18
-6
28
20
-7
53
88
172
190
150
175
196
104
83
83
-11
4
21
58
117
169
181
133
-95
-264
-279
-198
-191
-180
-114
-150
-143
-25
7
49
107
91
145
85
41
85
15
21
134
107
56
102
99
3
32
21
-52
-25
38
-19
-6
29
-16
-57
-85
73
-114
-403
-333
-349
-446
-409
-383
-355
-413
-308
-160
-193
-193
-112
-135
-174
-103
-35
-76
-86
-41
-108
-25
4
2
-50
-1
18
-101
-59
-70
-103
-9
-20
-24
-58
-77
-70
-81
-17
-76
-73
-40
-78
-114
-125
-79
-69
-37
-28
-83
-80
-83
-72
-85
-64
-43
-137
-27
-61
-38
-13
-116
-32
-62
-89
50
19
-57
0
94
67
1
127
104
-10
211
202
104
164
107
67
164
311
207
177
324
275
278
310
-172
-336
-195
-297
-260
-225
-334
-478
-396
-278
-399
-229
-127
-255
-183
-78
-160
-114
-28
-75
24
123
108
17
66
24
-104
31
93
-156
-49
118
-152
-172
5
-102
-173
-204
-304
-322
-282
-238
-341
-296
-251
-287
-164
-242
-205
-251
-280
-172
-310
-340
-205
-240
-324
-216
-182
-213
-164
-149
-162
-37
-27
-3
54
-95
-68
-39
-47
79
87
40
-176
-162
-64
-94
-144
-98
-127
-147
-62
-121
-161
-119
-70
-39
18
-25
-163
-115
-63
-147
-134
13
-36
-105
-37
-30
-7
102
98
87
91
83
-6
-63
12
-127
-73
38
-8
-35
-110
-75
28
78
66
123
38
35
131
102
47
88
101
78
142
184
185
143
59
177
244
40
84
196
126
135
85
32
133
152
154
179
119
-2
48
74
62
95
101
159
85
-13
5
-51
-10
36
42
133
35
-52
14
-76
-52
106
31
118
114
-8
-92
26
94
64
120
38
32
75
-25
-88
46
-10
-4
12
27
-92
-106
6
-65
-27
56
75
-61
-137
-108
-209
-158
-54
-99
-90
-171
-141
-48
-74
-39
-113
-111
-49
-44
-6
-40
-126
-160
-38
5
44
79
-14
-56
-54
-62
136
73
241
243
125
135
163
178
131
267
207
231
214
177
101
7
70
94
212
218
174
90
136
10
175
276
275
307
67
141
178
205
370
379
280
291
336
171
278
275
221
185
271
360
242
271
280
189
154
349
387
297
241
282
133
-73
71
145
86
236
279
67
67
38
-75
-31
84
80
89
162
124
17
-4
1
5
18
48
-43
-77
-4
-43
-90
-87
-134
-125
-104
-45
-116
-208
-284
-301
-131
-105
-139
-219
-320
-261
-208
-238
-284
-262
-323
-350
-239
-284
-271
-242
-335
-369
-358
-242
-259
-452
-420
-250
-306
-255
-233
-282
-325
-250
-203
-230
-303
-222
-153
-146
-31
-54
-126
-72
20
157
178
212
243
243
34
106
288
220
398
498
404
328
342
297
265
425
475
360
316
356
278
212
283
337
438
463
483
459
355
271
429
532
557
683
683
612
577
624
782
836
834
844
748
765
746
749
762
762
706
621
657
551
488
393
289
271
190
138
76
-146
-321
-357
-377
-478
-580
-632
-822
-965
-1015
-999
-994
-1054
-1051
-1071
-1066
-1154
-1097
-1045
-1065
-997
-877
-851
-876
-876
-828
-808
-712
-649
-592
-490
-487
-506
-509
-444
-427
-333
-189
-222
-338
-350
-296
-189
-149
-224
-181
-114
-208
-193
-99
-275
-210
5
75
131
38
73
10
-6
19
143
311
214
273
316
368
371
541
658
825
835
972
1038
963
978
1014
1121
1300
1433
1430
1404
1339
1355
1425
1507
1661
1568
1573
1749
1804
1687
1502
1409
1423
1400
1490
1457
1264
932
692
628
593
501
348
223
49
-188
-247
-324
-554
-713
-817
-838
-849
-899
-923
-1010
-1078
-1022
-913
-849
-795
-780
-768
-621
-507
-351
-241
-211
-243
-211
-117
-53
-40
-63
-122
-220
-256
-242
-350
-534
-695
-762
-752
-802
-900
-1015
-1189
-1288
-1299
-1293
-1299
-1350
-1418
-1416
-1357
-1287
-1243
-1275
-1190
-1115
-1053
-838
-651
-574
-489
-286
-146
-168
-137
6
52
195
389
477
489
445
455
554
662
769
800
870
861
745
710
838
931
874
981
1007
1046
1184
1266
1300
1312
1415
1660
1804
1951
2085
2163
2324
2289
2023
2019
1974
2052
2149
2106
1950
1531
1099
964
925
835
706
452
92
-248
-507
-562
-687
-960
-1113
-1252
-1350
-1407
-1494
-1530
-1594
-1621
-1485
-1346
-1273
-1248
-1204
-1064
-837
-636
-450
-348
-329
-202
-39
150
265
261
219
189
202
228
210
141
-9
-244
-435
-532
-644
-765
-928
-1056
-1213
-1438
-1582
-1663
-1763
-1844
-1879
-1865
-1894
-1980
-1972
-1905
-1818
-1704
-1552
-1374
-1279
-1192
-995
-788
-587
-437
-306
-215
-118
-5
170
317
348
376
426
453
458
502
527
597
647
660
682
770
786
813
842
970
1061
1123
1284
1399
1502
1582
1794
2038
2215
2395
2666
2513
2161
2153
2219
2395
2450
2300
2014
1547
1284
1253
1185
1052
664
180
-172
-379
-549
-647
-912
-1283
-1534
-1718
-1687
-1705
-1806
-1842
-1911
-1857
-1702
-1602
-1456
-1385
-1237
-922
-668
-532
-412
-348
-169
36
291
498
476
383
388
456
493
491
430
311
81
-139
-214
-307
-515
-731
-949
-1104
-1293
-1440
-1520
-1636
-1775
-1876
-1902
-1924
-1980
-1998
-1902
-1785
-1688
-1571
-1456
-1344
-1250
-1025
-724
-524
-399
-258
-106
25
221
439
653
669
681
788
881
950
979
1034
1018
981
1005
1056
1097
1094
1096
1165
1241
1308
1424
1546
1662
1816
2012
2233
2455
2670
2849
2737
2387
2327
2416
2607
2692
2505
2145
1623
1228
1202
1232
1071
613
58
-358
-623
-784
-881
-1047
-1458
-1825
-1955
-1924
-1893
-1958
-1991
-2046
-2027
-1838
-1621
-1420
-1306
-1152
-870
-585
-365
-204
-76
121
342
609
863
898
780
661
666
792
877
856
672
316
25
-117
-94
-222
-494
-866
-1175
-1375
-1499
-1480
-1596
-1829
-2044
-2114
-2081
-2097
-2047
-1963
-1922
-1810
-1662
-1462
-1345
-1202
-955
-681
-402
-209
-61
97
243
422
661
895
922
878
921
1016
1123
1192
1262
1217
1139
1141
1195
1247
1244
1276
1291
1346
1487
1628
1784
1916
2098
2271
2526
2827
3030
2808
2346
2284
2513
2823
2856
2506
1999
1379
1065
1180
1248
984
304
-387
-760
-876
-928
-968
-1328
-1896
-2295
-2295
-2049
-1980
-2084
-2155
-2273
-2233
-1949
-1602
-1339
-1285
-1163
-834
-514
-299
-119
53
261
455
742
955
885
711
684
821
941
904
762
499
113
-100
-68
-78
-288
-719
-1057
-1314
-1584
-1640
-1625
-1769
-2050
-2279
-2318
-2303
-2324
-2243
-2110
-2086
-2075
-1952
-1734
-1533
-1355
-1095
-809
-653
-526
-275
35
273
471
698
836
832
891
1079
1260
1352
1371
1368
1334
1281
1325
1462
1549
1505
1455
1487
1551
1656
1797
2052
2188
2260
2398
2647
2952
3269
3168
2554
2353
2431
2726
2890
2577
2114
1452
987
989
1074
934
315
-457
-915
-1065
-1128
-1118
-1360
-1938
-2403
-2488
-2205
-2034
-2115
-2192
-2302
-2272
-1976
-1600
-1249
-1162
-1100
-814
-474
-208
20
196
392
548
770
1068
1083
957
905
991
1119
1057
925
737
394
190
135
79
-143
-563
-930
-1201
-1460
-1553
-1535
-1681
-2004
-2282
-2339
-2314
-2337
-2270
-2169
-2178
-2203
-2076
-1840
-1678
-1526
-1249
-978
-776
-596
-328
-44
177
339
579
791
863
939
1083
1254
1320
1349
1382
1394
1381
1406
1524
1616
1571
1512
1580
1643
1753
1878
2094
2256
2298
2448
2718
3056
3386
3483
2821
2427
2474
2767
3092
2897
2419
1713
1068
1021
1221
1216
670
-208
-843
-1047
-1076
-992
-1055
-1683
-2308
-2583
-2297
-1977
-1958
-2010
-2200
-2341
-2087
-1648
-1220
-1067
-1087
-915
-576
-264
10
205
345
476
657
983
1107
975
815
863
1018
1100
1062
861
433
77
22
132
39
-374
-834
-1180
-1441
-1503
-1430
-1553
-1971
-2355
-2437
-2357
-2332
-2315
-2265
-2332
-2390
-2256
-1971
-1803
-1732
-1564
-1279
-1015
-850
-597
-374
-189
-7
301
566
608
625
726
924
1044
1102
1154
1111
1010
1003
1148
1278
1234
1130
1096
1154
1223
1356
1557
1700
1748
1882
2136
2411
2702
3018
3273
2667
2134
2222
2474
2836
2763
2354
1783
1009
784
995
1085
696
-136
-861
-1136
-1248
-1189
-1085
-1591
-2272
-2710
-2553
-2179
-2095
-2083
-2202
-2418
-2300
-1914
-1430
-1179
-1195
-1071
-740
-464
-168
78
233
361
461
821
1003
894
798
808
927
1048
1058
998
621
167
13
58
43
-214
-623
-1028
-1419
-1629
-1532
-1542
-1817
-2266
-2575
-2588
-2579
-2510
-2380
-2429
-2583
-2618
-2394
-2140
-1989
-1808
-1585
-1434
-1246
-992
-678
-430
-273
-23
215
339
407
531
707
810
864
944
970
889
840
913
1015
1046
1004
1020
996
998
1058
1248
1392
1528
1626
1806
2060
2312
2647
3015
3235
2531
2035
2107
2365
2735
2680
2316
1738
883
672
899
951
616
-170
-840
-1180
-1369
-1266
-1127
-1602
-2258
-2692
-2588
-2275
-2153
-2066
-2092
-2312
-2278
-1932
-1459
-1213
-1160
-918
-638
-433
-166
124
302
435
590
925
1093
975
870
924
1048
1143
1187
1181
764
305
127
161
167
-90
-382
-763
-1257
-1545
-1482
-1464
-1695
-2085
-2306
-2380
-2489
-2470
-2284
-2278
-2437
-2475
-2277
-2080
-1975
-1752
-1471
-1322
-1190
-968
-669
-456
-303
-17
266
364
389
483
631
739
774
896
930
813
712
739
838
828
820
841
824
752
791
968
1148
1257
1389
1620
1841
2035
2374
2729
3196
3111
2395
2256
2276
2526
2818
2750
2436
1662
929
953
1011
995
514
-208
-817
-1199
-1319
-1126
-1203
-1793
-2344
-2693
-2514
-2315
-2158
-2045
-2194
-2375
-2214
-1836
-1393
-1260
-1127
-858
-603
-312
8
265
376
448
711
1083
1145
1092
1033
1079
1183
1330
1449
1369
861
467
316
309
244
-18
-260
-742
-1250
-1412
-1413
-1512
-1781
-2105
-2228
-2396
-2493
-2389
-2317
-2376
-2474
-2422
-2180
-2098
-1985
-1693
-1399
-1189
-1015
-764
-512
-412
-165
236
500
601
596
683
777
806
922
1056
986
835
716
761
787
752
757
747
644
586
668
864
955
1027
1228
1404
1662
1870
2240
2659
3030
3061
2436
2206
2213
2457
2823
2758
2425
1783
1075
968
1029
1006
578
-144
-770
-1102
-1260
-1138
-1190
-1703
-2269
-2641
-2553
-2338
-2241
-2155
-2184
-2308
-2194
-1889
-1495
-1355
-1236
-964
-605
-327
-3
226
311
408
632
985
1142
1075
1006
1057
1154
1277
1394
1288
880
488
252
271
196
-16
-257
-733
-1205
-1458
-1516
-1582
-1850
-2099
-2231
-2403
-2510
-2465
-2371
-2346
-2411
-2320
-2107
-2054
-1914
-1647
-1372
-1134
-958
-702
-480
-363
-123
199
425
544
579
626
712
716
769
865
828
660
506
463
443
379
363
359
278
219
227
382
477
597
730
971
1172
1388
1762
2127
2540
2942
3364
3006
2458
2307
2492
2876
3057
2875
2465
1638
1120
1088
1160
976
244
-498
-1000
-1267
-1357
-1273
-1542
-2170
-2795
-2947
-2753
-2566
-2514
-2436
-2501
-2536
-2312
-1864
-1555
-1481
-1298
-909
-473
-104
247
421
476
576
940
1341
1463
1353
1321
1320
1371
1537
1646
1465
992
568
420
367
226
-3
-393
-910
-1356
-1537
-1550
-1716
-2055
-2276
-2425
-2550
-2560
-2486
-2428
-2490
-2458
-2238
-2039
-1932
-1796
-1570
-1295
-1040
-746
-458
-310
-169
81
402
648
737
754
796
804
839
908
917
826
608
477
423
353
274
185
141
82
76
170
285
342
404
608
833
1110
1373
1719
2060
2454
2886
3465
3634
3091
2696
2606
2897
3269
3287
3080
2467
1680
1387
1342
1342
829
65
-607
-1021
-1241
-1265
-1356
-1812
-2450
-2832
-2769
-2593
-2569
-2591
-2528
-2511
-2290
-1905
-1570
-1447
-1421
-1118
-576
-97
319
582
634
650
922
1339
1623
1644
1544
1496
1465
1577
1761
1717
1385
969
643
492
316
148
-120
-564
-983
-1323
-1511
-1651
-1952
-2221
-2397
-2475
-2490
-2508
-2452
-2503
-2523
-2371
-2110
-1904
-1746
-1600
-1368
-1114
-814
-467
-200
-34
128
337
574
775
884
974
981
946
884
885
796
647
506
375
254
125
27
-27
-72
-104
-82
-22
30
119
281
500
726
982
1281
1600
1940
2365
2815
3295
3656
3369
2859
2654
2708
2992
3278
3175
2694
1878
1393
1265
1081
793
202
-483
-1037
-1347
-1408
-1469
-1844
-2368
-2722
-2831
-2745
-2621
-2601
-2626
-2654
-2489
-1999
-1586
-1389
-1322
-1233
-871
-390
142
584
689
664
803
1142
1488
1644
1634
1551
1392
1407
1603
1674
1529
1185
859
629
454
266
58
-272
-689
-1002
-1184
-1340
-1635
-2008
-2238
-2384
-2432
-2370
-2337
-2411
-2524
-2455
-2242
-2040
-1859
-1700
-1529
-1340
-1058
-714
-423
-239
-124
94
330
513
671
713
719
707
715
780
758
649
470
306
168
68
2
-52
-128
-262
-308
-276
-195
-125
-51
79
206
367
593
832
1092
1312
1577
1918
2245
2578
2939
2995
2655
2392
2224
2204
2374
2435
2316
1850
1309
1070
844
634
282
-225
-667
-939
-983
-981
-1201
-1599
-1965
-2111
-2034
-1893
-1859
-1913
-1973
-1978
-1680
-1348
-1111
-962
-947
-781
-489
-143
234
438
495
569
722
903
1064
1102
1044
974
922
1001
1094
1070
910
680
467
318
214
175
30
-188
-370
-487
-575
-688
-826
-1000
-1161
-1255
-1221
-1145
-1112
-1117
-1104
-1035
-861
-693
-562
-476
-388
-283
-78
120
242
294
294
327
345
396
385
354
271
232
180
201
263
283
194
63
54
45
45
72
59
-9
-48
6
66
43
26
1
7
7
46
69
63
49
44
61
89
97
104
125
154
206
259
293
335
388
436
484
490
531
536
567
608
664
714
708
709
700
687
625
563
475
431
423
412
416
400
363
296
276
260
212
158
98
71
77
78
65
37
-26
-102
-180
-184
-175
-184
-188
-226
-258
-301
-329
-378
-450
-512
-556
-576
-545
-560
-533
-519
-506
-483
-471
-451
-433
-382
-337
-254
-185
-144
-126
-117
-103
-69
-29
2
-30
-59
-65
-78
-80
-78
-89
-124
-180
-220
-195
-185
-178
-191
-187
-188
-181
-147
-125
-116
-110
-73
-53
-10
33
43
36
-7
-3
31
52
59
22
-14
-20
-29
-33
-42
-95
-156
-210
-237
-233
-223
-250
-296
-334
-360
-353
-310
-303
-317
-320
-315
-253
-228
-188
-149
-135
-80
-17
95
188
247
308
349
421
483
548
608
660
714
768
802
797
771
722
655
594
575
519
437
370
269
184
115
13
-67
-164
-221
-271
-301
-311
-351
-379
-381
-373
-364
-361
-352
-369
-356
-323
-280
-215
-182
-156
-181
-195
-222
-195
-148
-152
-144
-159
-163
-160
-174
-202
-240
-277
-306
-323
-309
-313
-294
-288
-296
-293
-266
-261
-247
-234
-206
-161
-110
-85
-100
-94
-93
-66
-53
-68
-71
-107
-123
-114
-131
-158
-187
-188
-192
-203
-216
-224
-224
-229
-212
-232
-229
-226
-237
-223
-193
-164
-169
-137
-149
-148
-124
-143
-145
-115
-108
-106
-83
-60
-52
-24
2
29
81
99
142
164
214
299
370
388
405
405
455
528
557
567
539
543
532
515
516
440
360
290
230
212
207
193
135
67
-6
-64
-101
-136
-174
-229
-235
-211
-190
-173
-188
-195
-216
-229
-215
-193
-178
-140
-117
-85
-54
-58
-24
-38
-56
-41
-45
-39
-55
-32
-12
10
20
16
32
41
73
114
68
79
168
156
186
209
168
137
106
68
50
49
13
-72
-138
-207
-251
-274
-347
-355
-423
-456
-445
-426
-470
-491
-466
-499
-472
-575
-646
-592
-480
-426
-348
-264
-354
-291
-221
-196
-47
-19
-66
-68
34
143
307
374
275
168
190
188
195
329
262
272
493
550
420
345
206
66
162
283
254
347
374
360
470
503
440
380
480
564
688
811
851
864
907
915
856
773
667
591
598
603
591
529
391
215
109
-21
-191
-335
-458
-546
-591
-600
-622
-687
-740
-794
-841
-859
-833
-761
-690
-584
-492
-374
-254
-158
-28
67
152
220
297
400
529
632
688
730
718
684
652
597
535
443
347
285
197
88
-23
-175
-361
-528
-709
-847
-950
-1057
-1121
-1188
-1214
-1206
-1217
-1217
-1259
-1255
-1214
-1161
-1049
-921
-822
-736
-624
-493
-354
-279
-207
-154
-98
-3
69
149
208
268
328
325
295
249
202
149
120
97
94
88
34
-9
-96
-121
-141
-155
-126
-101
-74
-9
114
277
450
621
776
899
1065
1245
1451
1643
1919
2180
2279
2352
2311
2226
2068
1817
1542
1223
1020
892
766
571
243
-99
-428
-734
-1053
-1330
-1554
-1711
-1740
-1707
-1637
-1536
-1466
-1359
-1262
-1169
-967
-728
-433
-153
152
472
749
1031
1266
1385
1424
1436
1478
1520
1508
1466
1385
1287
1103
928
735
459
150
-122
-386
-634
-841
-956
-1080
-1280
-1453
-1610
-1691
-1785
-1826
-1812
-1762
-1623
-1399
-1189
-1011
-874
-756
-614
-463
-301
-177
5
129
279
420
515
576
605
612
565
517
428
352
278
193
98
21
-71
-153
-251
-347
-438
-466
-483
-494
-457
-383
-276
-136
22
189
367
533
745
957
1173
1410
1702
1954
2232
2501
2763
3065
3323
3402
3316
3009
2540
2110
1688
1350
1004
634
308
-47
-342
-674
-1048
-1468
-1942
-2302
-2554
-2613
-2532
-2345
-2123
-1914
-1611
-1285
-940
-619
-375
-168
113
482
939
1411
1817
2112
2303
2403
2426
2394
2273
2060
1741
1436
1165
914
703
440
113
-293
-737
-1148
-1470
-1765
-2025
-2226
-2335
-2362
-2292
-2180
-2054
-1944
-1854
-1686
-1500
-1243
-926
-616
-329
-44
256
514
698
778
828
819
801
797
730
671
575
493
401
295
176
-10
-220
-442
-626
-758
-849
-907
-910
-878
-824
-743
-610
-469
-323
-181
2
205
448
708
988
1265
1515
1762
1954
2172
2355
2542
2752
2948
3158
3343
3320
3125
2746
2242
1738
1190
632
100
-354
-759
-1071
-1315
-1531
-1758
-2042
-2353
-2656
-2835
-2831
-2709
-2497
-2212
-1846
-1384
-881
-404
31
400
699
971
1220
1483
1774
2031
2214
2354
2410
2426
2374
2178
1848
1422
944
448
-21
-413
-769
-1058
-1338
-1608
-1821
-2001
-2174
-2325
-2468
-2562
-2550
-2458
-2240
-1944
-1632
-1282
-913
-571
-245
15
229
353
420
484
599
703
749
781
760
707
637
514
329
84
-185
-405
-615
-747
-826
-916
-958
-981
-997
-962
-918
-831
-734
-633
-484
-300
-42
253
533
828
1081
1304
1503
1682
1865
2035
2183
2360
2561
2773
3069
3344
3415
3284
2954
2425
1891
1261
590
-28
-592
-1049
-1375
-1603
-1718
-1814
-1995
-2193
-2402
-2538
-2558
-2539
-2417
-2188
-1872
-1410
-876
-297
284
735
1085
1363
1526
1687
1791
1856
1912
1916
1921
1911
1864
1708
1443
1075
633
131
-372
-842
-1309
-1696
-1968
-2165
-2227
-2211
-2143
-2068
-2031
-1999
-1889
-1794
-1647
-1486
-1296
-1004
-667
-236
158
480
714
848
868
869
810
708
583
396
244
146
63
-25
-130
-264
-401
-527
-661
-797
-934
-1039
-1095
-1120
-1056
-925
-787
-595
-368
-133
91
304
513
712
939
1172
1404
1607
1794
1971
2157
2361
2562
2754
2948
3112
3168
3072
2834
2459
1964
1363
684
51
-503
-1024
-1453
-1745
-1936
-2044
-2131
-2147
-2156
-2180
-2172
-2111
-2005
-1818
-1544
-1199
-766
-275
268
775
1216
1614
1923
2126
2228
2216
2139
2029
1833
1634
1450
1224
946
645
312
-49
-445
-856
-1283
-1721
-2046
-2309
-2499
-2547
-2468
-2348
-2163
-1919
-1638
-1350
-1113
-850
-627
-440
-241
-61
133
311
486
644
729
783
825
742
601
434
208
-17
-258
-461
-609
-773
-881
-915
-922
-903
-869
-819
-764
-711
-653
-570
-463
-327
-161
73
333
649
974
1294
1580
1821
2007
2140
2264
2361
2482
2586
2735
2862
2897
2843
2698
2422
1917
1299
616
-66
-744
-1365
-1854
-2178
-2369
-2485
-2429
-2305
-2124
-1945
-1770
-1586
-1424
-1235
-1016
-781
-441
-30
400
867
1312
1747
2091
2339
2451
2452
2319
2026
1675
1307
883
454
63
-290
-601
-917
-1158
-1414
-1674
-1907
-2106
-2248
-2369
-2419
-2387
-2268
-2051
-1780
-1461
-1118
-732
-359
-30
279
517
678
773
769
725
663
569
457
338
230
98
-55
-211
-359
-542
-703
-878
-1059
-1161
-1240
-1272
-1233
-1121
-937
-739
-526
-282
-27
243
479
686
859
1074
1292
1509
1713
1906
2058
2196
2341
2462
2586
2697
2712
2652
2494
2277
2009
1506
862
246
-366
-990
-1574
-2008
-2273
-2482
-2582
-2539
-2343
-2113
-1868
-1616
-1329
-1048
-811
-569
-308
-1
320
651
986
1352
1720
2037
2252
2402
2449
2337
2104
1785
1426
993
499
32
-402
-797
-1152
-1461
-1673
-1795
-1927
-2019
-2044
-2052
-2029
-1992
-1885
-1731
-1547
-1311
-1050
-681
-300
59
413
677
895
1002
1026
996
907
735
508
295
69
-125
-309
-508
-658
-773
-890
-1006
-1088
-1114
-1130
-1117
-1106
-1032
-924
-771
-562
-343
-56
232
531
824
1098
1387
1643
1863
2056
2261
2409
2534
2643
2747
2826
2804
2679
2479
2227
1843
1349
818
291
-314
-947
-1487
-1888
-2225
-2471
-2596
-2550
-2400
-2250
-2010
-1683
-1345
-1045
-739
-438
-141
138
409
689
990
1310
1577
1782
1937
2076
2123
2026
1845
1612
1266
814
338
-136
-559
-998
-1379
-1656
-1859
-2001
-2110
-2105
-2053
-1985
-1898
-1784
-1624
-1437
-1256
-1051
-806
-502
-193
70
329
582
778
900
984
1008
993
910
766
616
458
275
63
-146
-311
-468
-590
-673
-707
-721
-720
-684
-633
-562
-466
-393
-292
-147
34
257
541
855
1191
1501
1793
2076
2345
2570
2669
2702
2619
2475
2208
1850
1472
1033
552
62
-385
-802
-1151
-1450
-1626
-1723
-1750
-1711
-1624
-1440
-1241
-1002
-786
-563
-344
-126
94
299
534
717
889
1035
1130
1205
1192
1122
991
771
547
252
-43
-355
-664
-941
-1201
-1376
-1506
-1586
-1606
-1606
-1549
-1441
-1322
-1171
-998
-789
-590
-417
-241
-87
31
111
137
163
168
130
91
20
-28
-86
-145
-197
-215
-210
-207
-214
-199
-145
-83
-25
40
106
188
303
416
553
691
812
945
1079
1226
1364
1510
1641
1767
1835
1895
1871
1750
1612
1393
1107
750
374
-4
-372
-707
-974
-1139
-1213
-1210
-1143
-966
-735
-494
-244
47
308
501
649
728
841
904
912
873
832
787
731
627
519
394
236
22
-212
-456
-734
-1023
-1326
-1571
-1768
-1913
-1985
-1981
-1892
-1716
-1493
-1229
-944
-627
-345
-118
77
200
256
255
258
220
157
89
27
-46
-68
-107
-147
-187
-225
-249
-303
-319
-320
-310
-273
-233
-164
-27
118
296
506
751
991
1209
1445
1647
1860
2011
2074
2063
1989
1862
1643
1352
1044
689
313
-16
-354
-616
-839
-992
-1049
-1044
-951
-819
-638
-454
-247
-31
154
315
445
528
592
607
619
604
546
484
381
280
136
-18
-176
-336
-499
-672
-823
-976
-1095
-1159
-1204
-1202
-1176
-1109
-1001
-892
-744
-607
-461
-346
-244
-164
-97
-37
2
26
12
-10
-43
-48
-85
-114
-133
-136
-129
-116
-58
4
82
181
270
353
460
583
712
840
964
1093
1216
1342
1448
1555
1621
1626
1578
1499
1364
1183
960
685
419
137
-143
-402
-620
-788
-912
-969
-951
-873
-769
-618
-451
-270
-110
54
174
233
289
316
296
268
219
158
82
-23
-104
-194
-288
-363
-452
-548
-628
-715
-756
-785
-800
-793
-786
-734
-683
-611
-534
-462
-364
-299
-249
-194
-160
-109
-79
-65
-40
-42
-19
13
9
14
28
53
72
104
168
244
320
418
536
632
749
856
967
1090
1175
1269
1355
1393
1409
1392
1351
1240
1096
923
721
499
280
26
-196
-360
-503
-593
-631
-624
-612
-542
-471
-366
-266
-163
-78
-46
-2
24
30
-5
-42
-106
-165
-223
-286
-328
-349
-374
-408
-429
-453
-477
-506
-525
-552
-578
-612
-642
-653
-658
-665
-661
-621
-586
-500
-407
-328
-204
-87
46
167
307
419
531
610
690
748
788
817
822
836
842
862
864
894
900
926
953
952
952
922
885
836
780
680
585
483
346
223
108
3
-95
-181
-239
-289
-339
-357
-372
-361
-361
-359
-363
-383
-397
-441
-479
-525
-572
-610
-652
-706
-696
-699
-693
-660
-624
-565
-521
-444
-434
-387
-339
-310
-280
-278
-238
-217
-177
-136
-98
-42
23
99
198
259
345
422
492
578
658
718
794
842
900
955
966
1023
1030
1038
1028
1016
996
938
877
823
749
695
615
569
547
489
473
423
377
345
296
258
210
128
65
2
-75
-136
-194
-243
-312
-358
-409
-457
-501
-557
-604
-644
-668
-717
-758
-813
-851
-875
-875
-880
-857
-832
-782
-706
-643
-546
-474
-398
-333
-269
-195
-145
-88
-60
-17
32
87
146
211
314
387
471
563
637
729
790
843
889
936
974
973
1002
1013
1014
1001
990
956
927
888
821
756
703
633
561
506
407
327
256
172
77
7
-45
-107
-183
-249
-308
-383
-453
-503
-560
-624
-632
-662
-673
-683
-691
-693
-701
-693
-695
-658
-616
-583
-548
-469
-432
-359
-293
-226
-142
-90
-34
15
76
137
211
252
335
386
439
512
560
609
668
715
737
782
793
824
793
779
774
741
720
658
622
542
504
460
416
372
317
273
252
204
137
78
-7
-100
-187
-264
-344
-423
-491
-559
-599
-617
-645
-659
-662
-648
-652
-641
-604
-572
-535
-486
-432
-385
-323
-276
-212
-160
-130
-88
-42
-19
2
41
76
127
160
199
258
314
388
450
493
538
565
594
607
632
632
616
613
605
610
617
585
589
591
540
528
480
423
373
317
234
150
90
-22
-122
-203
-313
-416
-489
-574
-643
-713
-760
-763
-770
-770
-761
-760
-724
-691
-628
-583
-528
-434
-358
-266
-190
-132
-60
7
48
100
150
185
232
270
287
303
321
341
374
371
390
421
418
438
459
474
498
524
528
538
554
575
573
573
558
534
514
477
438
382
310
263
197
133
61
-19
-109
-190
-264
-330
-385
-452
-491
-528
-546
-557
-545
-567
-554
-548
-521
-491
-440
-376
-317
-253
-201
-155
-116
-68
-42
4
27
59
81
108
150
187
206
263
302
342
403
430
463
487
503
497
479
473
470
439
417
420
359
343
307
258
239
186
167
112
77
28
-26
-61
-87
-112
-143
-179
-198
-235
-264
-269
-281
-268
-266
-252
-236
-229
-209
-188
-160
-156
-149
-132
-121
-114
-130
-128
-134
-130
-134
-112
-95
-84
-71
-24
22
54
96
142
187
245
300
351
400
420
464
499
508
487
489
487
476
473
429
432
414
363
333
291
239
208
154
106
66
-4
-54
-85
-136
-190
-232
-242
-267
-284
-284
-310
-272
-278
-263
-232
-211
-191
-175
-161
-145
-137
-129
-107
-106
-101
-69
-64
-24
19
27
54
74
112
139
167
184
209
239
262
277
285
314
299
290
296
290
279
282
261
257
253
227
183
157
131
107
92
46
19
-7
-32
-66
-78
-110
-132
-177
-201
-219
-256
-263
-291
-286
-291
-307
-269
-277
-238
-216
-201
-146
-150
-108
-63
-61
-33
-9
4
14
33
58
56
53
103
112
120
134
125
138
113
119
99
97
93
92
98
87
104
118
115
132
160
171
190
195
214
215
223
222
218
196
194
174
138
101
59
30
-33
-108
-169
-228
-278
-304
-355
-389
-397
-397
-413
-403
-378
-374
-346
-302
-261
-208
-149
-86
-1
38
94
147
194
263
302
323
343
339
349
353
309
279
240
205
173
116
77
33
-19
-58
-94
-111
-129
-135
-154
-145
-117
-122
-105
-97
-83
-81
-68
-45
-38
-20
-23
-29
-21
-20
-40
-61
-74
-113
-136
-151
-178
-206
-230
-233
-218
-211
-202
-173
-163
-120
-96
-71
-23
12
54
85
145
186
204
237
257
294
285
290
269
281
252
209
197
139
104
65
34
7
-39
-77
-98
-118
-134
-154
-142
-141
-145
-140
-128
-127
-117
-107
-110
-105
-104
-115
-138
-127
-119
-121
-126
-130
-126
-124
-120
-118
-99
-87
-56
-41
-1
30
55
97
115
132
161
171
189
188
190
207
202
208
225
219
210
188
174
170
142
129
104
97
94
94
73
43
48
53
52
62
76
68
88
81
68
69
65
61
61
49
41
19
5
-11
-22
-47
-68
-91
-84
-102
-121
-112
-113
-112
-113
-126
-123
-109
-108
-111
-119
-101
-75
-48
-30
10
29
62
95
110
131
138
140
150
142
136
134
114
112
80
72
67
59
19
16
-2
-25
-33
-52
-74
-80
-79
-81
-97
-106
-92
-89
-74
-58
-56
-54
-36
-28
-17
-11
-5
-11
-12
7
25
31
44
73
78
73
95
124
128
136
145
144
132
107
101
113
81
71
66
52
53
34
39
6
-4
-9
-11
-13
-47
-52
-57
-56
-77
-92
-68
-66
-52
-54
-37
-17
-15
1
15
23
33
26
37
23
15
4
-22
-21
-23
-27
-38
-20
-4
1
-6
5
9
23
35
40
40
56
59
60
65
60
40
41
39
26
39
25
27
26
18
14
5
-1
-21
-32
-34
-37
-36
-37
-37
-44
-44
-64
-62
-84
-98
-113
-154
-145
-167
-174
-184
-176
-171
-194
-187
-211
-193
-186
-166
-136
-126
-107
-86
-42
-21
8
49
69
97
116
136
146
141
138
127
130
103
85
64
40
20
-19
-34
-67
-86
-82
-77
-79
-64
-65
-32
-14
8
36
48
81
98
109
137
153
168
163
151
157
138
132
101
70
54
12
-41
-68
-91
-131
-182
-196
-200
-210
-243
-221
-224
-233
-211
-175
-152
-149
-121
-112
-78
-74
-48
-36
-14
21
48
84
78
97
102
99
87
71
53
32
28
1
-28
-48
-55
-71
-72
-90
-104
-88
-82
-71
-64
-71
-62
-42
-13
-19
-10
20
28
46
74
84
84
112
91
126
141
124
132
140
132
121
107
78
84
43
25
-5
-34
-49
-74
-89
-119
-134
-155
-169
-175
-174
-192
-201
-187
-182
-163
-135
-121
-84
-45
-25
21
50
85
98
111
120
113
111
124
121
98
99
75
69
35
9
-20
-50
-58
-90
-94
-110
-122
-113
-114
-109
-73
-52
-39
-11
13
38
78
98
121
133
150
171
199
218
222
228
225
219
186
151
141
100
59
20
-23
-54
-81
-105
-125
-148
-161
-154
-191
-181
-160
-150
-119
-94
-69
-79
-76
-28
-23
-3
25
32
47
51
67
94
89
78
82
90
68
64
56
46
44
21
5
-22
-36
-45
-53
-82
-87
-88
-122
-126
-124
-133
-132
-103
-101
-85
-76
-61
-25
4
32
70
105
122
173
220
231
245
256
250
249
226
199
155
119
92
49
18
-32
-41
-81
-117
-140
-161
-175
-180
-198
-214
-211
-210
-173
-151
-123
-97
-45
10
29
64
91
118
167
198
218
230
238
234
222
209
178
146
114
85
41
-2
-43
-68
-99
-136
-168
-179
-204
-194
-187
-194
-172
-173
-134
-99
-63
-27
5
31
70
102
128
154
179
188
188
187
188
172
140
109
73
35
-32
-74
-113
-164
-188
-221
-229
-229
-204
-192
-164
-130
-110
-78
-28
-5
37
74
109
154
170
179
183
202
194
192
183
157
132
107
78
63
36
-13
-53
-81
-98
-142
-141
-173
-182
-180
-211
-197
-185
-160
-182
-172
-151
-117
-120
-119
-96
-73
-68
-51
-20
-18
11
9
22
15
33
42
42
39
41
45
38
41
39
31
35
41
44
49
40
45
29
48
47
57
59
73
52
47
51
39
38
39
40
18
44
42
40
33
32
7
-6
-24
-48
-55
-92
-104
-128
-115
-116
-130
-140
-140
-142
-129
-115
-109
-99
-87
-70
-51
-37
-19
-14
0
25
17
19
16
15
-4
0
6
-21
-21
-32
-36
-53
-56
-74
-75
-67
-74
-77
-77
-61
-60
-39
-32
-11
-4
-7
1
8
12
19
10
14
26
6
4
5
-6
-17
-24
-25
-29
-50
-66
-62
-60
-73
-72
-94
-91
-82
-71
-63
-75
-86
-70
-82
-64
-44
-54
-32
-29
-9
17
22
36
59
65
76
78
86
94
98
108
115
122
123
137
128
119
110
73
56
51
21
-18
-42
-59
-68
-87
-116
-118
-128
-145
-149
-159
-170
-160
-154
-148
-160
-159
-138
-127
-122
-121
-111
-100
-71
-54
-50
-25
-14
-8
17
-3
11
18
16
29
29
21
38
19
-4
12
2
-16
-15
-37
-31
-35
-53
-57
-56
-36
-27
-22
3
27
32
41
62
85
81
100
104
105
106
91
89
74
62
37
30
12
-36
-77
-91
-130
-173
-180
-211
-235
-243
-234
-238
-237
-209
-188
-156
-121
-98
-57
-8
11
59
101
95
128
152
157
160
169
149
141
97
86
74
36
24
5
1
-22
-37
-49
-66
-66
-51
-56
-47
-28
2
20
37
47
55
80
89
95
101
88
74
85
60
48
28
16
-5
-45
-72
-113
-129
-154
-167
-174
-176
-165
-153
-140
-112
-92
-100
-98
-70
-58
-60
-51
-32
-15
5
4
22
40
49
76
88
80
98
86
83
97
96
104
95
95
98
91
103
95
95
112
102
101
112
104
81
76
60
30
5
-7
-6
-16
-25
-37
-44
-63
-66
-76
-72
-84
-96
-91
-100
-95
-82
-99
-94
-90
-81
-63
-100
-71
-52
-71
-70
-70
-67
-82
-85
-89
-76
-96
-96
-90
-91
-81
-86
-68
-57
-44
-44
-36
-43
-28
-14
-17
2
24
29
30
63
62
48
75
66
42
52
48
41
42
39
27
16
16
24
1
-15
-9
-26
-38
-45
-43
-59
-43
-40
-56
-54
-51
-56
-54
-46
-31
-23
-31
-10
-10
-16
-13
4
28
8
3
16
7
-14
-16
-23
-19
-22
-28
-24
-37
-37
-45
-43
-56
-53
-59
-44
-43
-43
-38
-9
-21
-8
9
7
15
0
20
29
29
35
50
36
45
45
42
39
25
29
28
-9
-8
-15
-22
-28
-43
-50
-60
-58
-73
-67
-77
-71
-59
-68
-59
-44
-27
-21
-5
-9
2
12
16
44
14
19
22
5
8
-10
3
-13
-32
-38
-55
-70
-57
-63
-60
-46
-40
-31
-24
-12
-16
15
35
46
61
71
83
93
111
133
137
135
112
93
89
66
67
48
49
36
18
15
14
33
0
12
13
11
13
31
31
35
38
38
55
45
45
57
55
56
61
46
55
41
39
27
16
12
-11
-26
-40
-55
-73
-101
-101
-96
-119
-94
-87
-81
-38
-41
-28
-7
14
25
34
34
48
58
67
81
70
60
55
29
11
9
0
-31
-46
-46
-69
-61
-60
-48
-41
-56
-49
-45
-38
-16
-6
0
4
10
15
4
16
14
9
24
10
39
24
16
11
1
-1
-16
-19
-20
-17
-17
-13
-17
-25
-21
-21
-30
-7
-18
-9
1
6
-2
12
-12
-11
-5
-6
-3
-18
-23
-6
-6
-12
-2
-9
-23
-63
-64
-74
-85
-95
-126
-120
-129
-124
-135
-136
-153
-173
-141
-132
-139
-152
-153
-142
-145
-148
-144
-134
-137
-120
-113
-117
-105
-113
-110
-93
-98
-82
-77
-86
-66
-64
-66
-47
-32
-51
-38
-33
-24
-3
9
9
8
19
28
28
49
51
69
81
76
92
87
87
94
93
92
88
67
52
51
46
39
46
26
20
8
-11
-8
-36
-35
-36
-51
-63
-63
-78
-97
-106
-80
-86
-113
-83
-103
-116
-122
-150
-167
-166
-186
-208
-209
-202
-206
-210
-187
-180
-167
-155
-146
-113
-117
-105
-94
-85
-70
-68
-58
-57
-51
-51
-28
-42
-25
-11
-9
25
2
18
17
30
22
28
54
43
42
50
54
60
61
64
74
86
98
92
74
76
69
77
55
42
36
21
13
0
8
-5
-15
-22
-23
-27
-23
-19
-11
-16
-26
-9
0
-8
-11
-4
0
-4
-8
-1
-8
-13
-13
-13
-19
-9
-14
-29
-18
-29
-26
-31
-31
-30
-22
-15
-33
-20
-7
-7
-3
7
3
3
15
11
25
35
33
38
37
47
58
74
81
81
89
68
90
94
76
92
88
82
69
57
58
49
30
19
7
1
-17
-27
-28
-40
-34
-68
-58
-53
-50
-36
-42
-38
-43
-38
-16
6
9
25
50
58
53
57
60
62
58
68
39
30
20
4
6
-16
-38
-28
-24
-47
-48
-49
-36
-27
-21
-10
1
24
53
60
88
102
117
119
138
147
119
143
127
127
126
113
107
81
76
59
46
26
0
-10
-35
-54
-86
-86
-93
-113
-115
-138
-142
-143
-144
-131
-129
-126
-119
-128
-116
-111
-104
-93
-87
-88
-78
-74
-60
-58
-60
-24
-22
7
27
42
45
53
69
76
67
73
101
93
97
90
93
87
75
75
72
56
34
35
18
16
22
-10
-3
-6
-9
-1
5
30
28
40
48
46
46
34
28
38
62
50
35
12
21
5
-13
-23
-68
-80
-112
-134
-157
-183
-197
-198
-206
-215
-206
-203
-190
-181
-176
-150
-156
-125
-108
-93
-56
-64
-60
-45
-24
-20
-2
3
0
14
5
-6
0
-9
-16
-16
-27
-48
-68
-66
-68
-82
-86
-93
-86
-86
-100
-95
-108
-108
-108
-99
-103
-94
-100
-101
-90
-86
-77
-64
-56
-53
-49
-43
-36
-27
-17
1
4
21
26
19
26
34
10
-6
19
2
-20
-27
-26
-34
-36
-45
-52
-37
-48
-66
-64
-56
-38
-40
-31
-14
7
-6
-2
13
25
39
58
56
44
42
39
47
45
21
6
-3
-25
-30
-46
-56
-77
-80
-99
-117
-117
-126
-125
-117
-108
-106
-100
-82
-87
-82
-67
-63
-65
-50
-29
-33
-19
-23
-20
-18
-3
-5
-26
-14
-28
-26
-41
-62
-48
-42
-58
-67
-56
-36
-33
-49
-36
-21
-25
-11
-20
-24
-15
-19
8
-3
-7
-2
-7
-2
5
-5
-8
-19
-33
-41
-51
-42
-66
-52
-61
-40
-35
-28
-32
-30
-25
-36
-13
-16
-13
-6
2
4
6
-7
-18
-6
-27
-26
-29
-46
-47
-64
-46
-60
-70
-63
-70
-85
-78
-61
-87
-75
-72
-67
-63
-66
-35
-48
-43
-38
-23
-19
-26
-30
-28
-35
-31
-32
-36
-42
-49
-39
-28
-29
-49
-39
-43
-25
-26
-31
-2
0
-16
-3
14
8
-8
13
6
18
35
39
40
34
31
37
46
44
38
20
19
13
10
16
-11
0
11
7
2
-2
5
-14
-4
-7
-10
-15
-19
-19
-36
-25
-40
-52
-65
-58
-58
-76
-76
-71
-66
-85
-72
-66
-63
-60
-55
-64
-54
-48
-55
-46
-38
-32
-46
-48
-31
-20
-27
-16
-2
-5
-8
-11
-21
-7
-3
-18
-9
-9
-23
-20
-31
-31
-38
-26
-40
-35
-38
-49
-41
-26
-32
-41
-26
-27
-23
-32
-14
-7
-1
9
-13
5
25
3
1
8
-2
-16
-26
-48
-51
-70
-74
-76
-91
-88
-103
-97
-100
-93
-104
-103
-78
-66
-64
-64
-50
-48
-41
-18
-25
-31
1
7
12
17
17
29
39
24
24
16
-5
-9
-20
-54
-34
-30
-57
-56
-62
-71
-73
-88
-102
-93
-94
-100
-117
-108
-104
-101
-119
-120
-110
-112
-122
-124
-115
-133
-135
-132
-127
-131
-146
-140
-134
-155
-148
-136
-146
-128
-131
-153
-136
-140
-119
-129
-111
-105
-99
-69
-78
-94
-90
-70
-63
-57
-49
-49
-34
-16
-29
-24
-28
-38
-15
-26
-51
-41
-30
-29
-46
-50
-43
-49
-45
-59
-78
-81
-86
-85
-81
-86
-90
-84
-90
-91
-94
-111
-110
-108
-122
-113
-103
-115
-104
-91
-94
-106
-93
-91
-85
-83
-84
-85
-94
-83
-82
-73
-67
-69
-86
-80
-65
-72
-70
-57
-82
-66
-55
-66
-59
-56
-53
-55
-65
-65
-48
-51
-51
-40
-29
-21
-20
-4
0
-4
-4
-2
1
14
2
-5
-4
-12
-23
-24
-30
-35
-39
-26
-26
-35
-25
-34
-29
-28
-24
-32
-42
-23
-13
-12
-1
-3
-5
3
0
5
-6
-1
11
4
7
-9
-1
-4
-13
4
2
-15
-18
-9
-7
-10
-6
-20
-26
-24
-16
-26
-37
-35
-36
-20
-34
-16
2
4
-7
11
22
14
31
29
50
59
54
57
45
56
68
60
51
70
62
50
51
35
32
14
-1
-3
-11
-15
-29
-37
-36
-34
-44
-45
-37
-31
-11
-9
4
2
12
14
14
15
16
23
13
23
18
8
18
14
6
0
-3
-19
-23
-29
-26
-29
-33
-22
-23
-28
-29
-24
-19
-25
-16
-4
3
11
30
39
46
31
42
59
61
60
60
67
75
80
71
73
90
77
56
58
52
34
26
7
-14
-8
-37
-38
-54
-61
-52
-64
-64
-55
-67
-71
-72
-66
-52
-46
-46
-28
-22
-24
-18
-12
-1
-3
3
3
-16
-17
-8
-24
-21
-31
-50
-49
-62
-79
-82
-81
-91
-106
-103
-108
-104
-101
-100
-101
-86
-91
-81
-56
-48
-29
-24
-34
-1
15
16
2
16
19
23
28
18
-14
-12
-20
-37
-38
-49
-53
-75
-80
-91
-85
-104
-113
-111
-114
-119
-104
-94
-89
-97
-84
-80
-70
-54
-39
-37
-43
-47
-39
-50
-50
-39
-46
-42
-53
-59
-60
-58
-53
-65
-75
-73
-82
-83
-86
-101
-85
-84
-90
-91
-90
-85
-87
-90
-86
-72
-82
-62
-52
-55
-49
-52
-59
-50
-54
-43
-35
-42
-28
-49
-29
-11
-32
-22
-25
-30
-28
-34
-44
-55
-55
-53
-45
-65
-71
-63
-88
-79
-74
-88
-96
-83
-70
-71
-81
-68
-53
-54
-54
-36
-28
-36
-8
-25
-25
-13
-16
-22
-26
-19
-20
-33
-54
-46
-40
-56
-60
-74
-78
-87
-73
-75
-59
-53
-54
-43
-40
-18
-4
9
-7
17
33
32
36
40
31
36
24
21
16
8
0
-8
-4
-13
-21
-22
-29
-41
-34
-28
-29
-37
-39
-32
-34
-17
-6
-8
-4
2
13
22
14
32
29
25
26
22
20
21
20
5
18
-5
-5
-16
-16
-14
-22
-42
-39
-32
-53
-49
-46
-26
-29
-38
-22
-9
-22
-8
5
4
20
11
20
21
22
32
39
42
39
22
36
28
8
37
17
24
20
8
17
9
15
21
6
-1
-5
8
10
13
15
10
3
9
15
11
12
20
22
17
17
28
20
28
33
47
44
32
38
43
40
53
36
29
42
15
17
1
-10
-5
-20
-17
-38
-39
-42
-33
-48
-50
-49
-53
-47
-50
-42
-40
-33
-31
-28
-27
-25
-22
-7
9
10
8
3
-6
-2
-7
-12
-11
-6
-12
-8
-21
-21
-24
-16
-17
-22
-13
-11
8
0
0
-11
5
17
30
41
31
38
31
45
44
48
43
51
47
25
32
20
21
1
-10
-12
-26
-34
-31
-37
-29
-28
-47
-39
-54
-53
-36
-47
-45
-31
-30
-60
-51
-33
-26
-16
-12
-9
0
-6
2
3
-6
-4
-17
-17
-23
-19
-17
-18
-12
-16
-30
-38
-30
-36
-41
-52
-31
-18
-37
-31
-34
-34
-44
-52
-41
-48
-56
-44
-38
-44
-32
-34
-53
-34
-23
-15
-18
-29
-26
-21
-16
-34
-30
-26
-14
-25
-13
-18
-28
-25
-24
-42
-47
-48
-55
-56
-64
-62
-59
-60
-59
-60
-59
-53
-43
-48
-36
-31
-35
7
12
16
3
14
26
43
48
38
48
36
49
57
58
51
47
48
17
9
11
-5
-8
-16
-8
-18
-35
-16
-12
-33
-20
-13
3
-18
-23
-3
-8
-12
-6
-6
-21
-9
-1
-5
-14
-16
-25
-24
-19
-21
-31
-30
-24
-25
-20
-35
-29
-25
-30
-19
10
6
16
21
37
29
52
43
31
46
49
76
56
45
54
52
53
60
46
41
38
22
18
19
17
24
15
17
25
14
22
36
31
33
28
32
50
44
51
44
44
55
49
47
58
45
42
35
30
32
35
31
26
24
24
13
6
16
-5
10
1
1
3
7
1
6
35
24
19
24
28
34
36
55
39
44
48
37
49
40
33
42
38
25
17
18
14
10
7
-9
-12
-15
-6
-20
-6
-7
-2
-3
-3
11
9
0
13
1
23
41
26
25
37
48
39
58
68
60
56
58
52
55
49
40
44
30
47
47
36
51
41
58
47
44
48
53
65
55
66
60
61
60
59
60
52
66
67
58
59
52
53
49
53
38
40
44
23
25
23
26
2
3
12
7
-1
-3
-15
2
-14
-17
-11
-18
-35
-30
-29
-37
-21
-21
-35
-36
-53
-42
-29
-36
-29
-21
-18
-21
-14
-27
-19
-11
5
4
-8
13
11
9
23
21
37
22
23
35
30
24
36
13
16
21
22
11
2
13
3
12
2
12
21
39
23
34
46
44
26
34
31
42
42
35
42
30
29
11
16
5
-3
3
-16
-9
-29
-34
-32
-55
-45
-61
-53
-47
-67
-53
-55
-47
-36
-32
-26
-31
-16
-13
0
15
10
-1
4
0
10
-7
-14
0
-10
-17
-18
-27
-28
-32
-50
-29
-39
-46
-51
-55
-45
-42
-41
-38
-27
-37
-26
-24
-21
-11
12
21
6
23
16
33
32
13
12
-1
3
6
-16
-12
-11
1
-21
-24
-20
-23
-21
-22
-12
-14
6
-6
7
-13
7
9
-9
19
19
17
4
1
18
12
1
21
7
-3
13
-5
-13
-8
-2
-10
-11
-6
-1
-2
-7
-6
-1
-13
-5
14
-2
20
-7
-7
-6
2
-4
-22
6
4
-9
6
-9
-1
8
-6
-4
-29
3
-3
-3
15
-7
-2
-15
-17
-20
-13
-16
-10
-10
-2
-1
7
7
2
1
8
7
3
9
0
0
-2
-3
-14
0
13
19
11
16
11
2
7
18
29
24
27
26
18
22
41
31
35
20
34
30
35
29
14
45
32
35
29
37
32
33
32
28
21
18
22
26
28
31
16
17
21
14
14
16
33
32
29
29
31
41
23
26
22
22
36
24
19
24
28
39
40
29
31
29
33
14
18
35
23
1
20
28
16
16
10
4
14
11
7
26
25
34
23
24
17
33
29
24
31
24
27
25
34
48
52
49
49
59
43
32
26
19
46
34
42
45
27
61
56
39
59
50
56
41
51
64
58
75
62
79
67
76
72
70
56
67
56
47
43
22
29
25
22
1
-8
-1
-24
-23
-9
-17
-12
-28
-25
-8
-15
-26
-3
-11
-9
-5
-13
0
7
7
-8
-16
-3
12
18
23
2
9
23
13
14
18
11
17
33
16
28
32
24
34
26
16
33
35
25
35
24
16
25
28
16
15
39
28
8
14
35
21
19
19
13
14
22
36
35
33
30
36
36
35
37
33
44
39
28
37
32
35
41
23
15
25
25
23
37
32
22
33
22
17
19
20
44
38
41
32
34
56
57
60
49
46
49
35
55
52
42
37
26
19
32
25
-2
5
-5
-10
-21
-13
-20
-22
-11
-12
-17
-16
-16
1
10
0
-13
6
1
7
17
9
26
41
30
24
28
24
28
22
29
35
32
31
23
24
11
10
17
29
18
15
30
33
19
40
48
33
49
45
47
38
51
42
44
53
77
80
73
69
71
54
65
60
38
40
23
30
35
31
28
37
31
28
31
21
12
17
18
9
26
46
35
28
30
23
33
31
18
44
42
29
30
32
34
38
40
33
53
52
46
59
39
42
46
49
42
44
52
37
43
38
46
33
34
34
34
38
46
26
25
34
16
11
23
40
28
43
25
31
34
49
52
60
56
48
61
65
62
59
71
84
90
76
80
83
79
82
74
60
82
46
42
72
51
51
39
46
45
31
32
41
28
11
31
37
48
64
66
64
57
59
73
79
69
82
82
76
76
54
65
57
56
39
29
34
31
30
21
26
18
20
16
9
14
8
23
19
5
23
13
29
20
33
30
33
40
19
22
28
43
38
42
34
27
29
34
33
48
35
23
31
27
19
16
15
14
30
18
41
33
28
41
32
38
45
52
53
46
49
60
72
74
64
68
63
67
54
75
72
53
48
64
77
54
71
59
38
60
49
49
54
49
56
59
67
39
42
46
41
53
37
43
45
38
28
27
23
22
18
-3
18
22
-2
11
2
-13
1
13
-9
-16
-1
-3
0
-9
5
-22
-16
-4
6
12
-5
0
-3
12
23
29
6
17
3
7
30
17
24
25
20
20
40
47
30
41
54
58
69
86
69
62
61
69
64
71
79
72
64
72
80
61
58
60
75
61
63
48
45
40
35
34
39
44
29
40
49
49
22
21
8
35
49
39
31
32
49
40
20
7
9
12
3
-4
7
5
11
20
9
4
7
15
15
17
26
35
39
32
42
47
43
39
49
37
48
49
62
68
47
52
66
56
57
42
42
60
38
40
52
41
42
45
45
46
28
33
27
26
35
25
23
14
25
31
36
15
19
13
12
20
16
20
13
25
14
20
23
27
40
36
24
27
23
31
36
39
19
37
49
23
26
30
44
48
39
20
30
56
37
47
53
63
69
65
71
53
47
45
64
49
49
45
46
50
49
44
34
25
23
30
16
22
31
27
25
12
23
15
-2
-3
-10
-7
-10
-5
-13
-4
14
-1
5
6
10
9
-6
4
-2
1
16
9
10
13
3
11
26
6
11
16
11
10
17
36
28
25
38
41
44
61
62
71
67
71
73
61
72
77
70
67
73
69
71
66
76
64
51
53
47
38
37
35
41
44
42
35
22
14
16
25
25
19
12
7
9
-14
-15
3
6
9
13
-5
-4
-2
-24
1
-18
-12
-21
-20
-21
-32
-22
-28
-12
-15
-19
-22
-37
-26
-18
-33
-11
-3
-20
-14
-40
-14
-15
-32
-19
-25
-11
-14
-9
-20
-13
-6
-28
-24
-28
-16
-4
-5
-3
-6
-13
-14
-5
-16
-9
-22
-19
-18
-4
-15
-10
6
-4
-6
-13
11
5
1
-2
5
17
23
24
26
35
21
20
24
35
27
30
19
13
22
12
20
25
28
29
21
8
18
33
28
12
24
26
25
17
14
20
9
8
6
5
7
-14
3
-2
2
7
3
-8
-14
-15
-28
-33
-25
-17
-49
-36
-41
-38
-42
-44
-41
-41
-37
-27
-33
-16
-9
-15
14
-8
-3
10
1
17
18
12
29
14
10
18
38
46
24
47
44
43
48
30
38
49
47
43
40
47
39
34
32
15
34
35
28
38
29
43
40
29
35
27
30
39
20
31
26
32
39
25
22
3
9
16
8
-3
-5
4
-8
0
-6
-1
3
-5
0
-5
4
-17
-23
-15
-17
-9
-8
-4
-14
-19
-25
-5
-5
-1
-12
-16
4
-8
-2
11
3
4
12
5
21
17
16
8
23
26
6
3
-2
15
10
2
-1
-4
-5
5
6
-16
-9
-10
-16
-13
-16
-11
-13
-7
-6
2
8
-6
-1
5
4
12
27
25
19
33
9
5
8
-5
-7
-14
4
-3
4
-4
-6
20
-5
3
3
1
19
13
1
-5
8
20
12
21
28
18
18
10
-3
-17
-10
0
-25
-17
-29
-9
-19
-36
-27
-27
-37
-46
-38
-36
-35
-53
-38
-44
-51
-35
-64
-52
-31
-48
-43
-49
-51
-43
-49
-42
-41
-55
-58
-42
-62
-68
-53
-50
-46
-53
-50
-52
-42
-57
-43
-58
-51
-41
-23
-1
-36
-5
-16
-21
-4
-8
-15
-12
2
12
11
-12
-3
-3
-11
-2
-2
-6
-7
-11
-1
17
7
7
22
5
36
12
0
7
1
4
-4
18
26
6
14
15
22
5
1
8
9
7
-6
8
-7
0
13
8
-8
-4
-17
-17
-2
-18
-16
-28
-28
-23
-31
-27
-41
-31
-29
-41
-30
-31
-41
-39
-31
-46
-35
-29
-19
-26
-22
-16
-25
-15
-12
-11
-14
-5
-22
-6
-10
-11
-9
-19
-20
-12
-22
-11
-11
-16
3
13
-5
0
-10
-9
13
-2
19
3
-5
4
11
13
17
14
11
-1
11
15
13
28
25
26
28
27
21
20
7
-3
5
6
9
-3
-21
-22
-28
-32
-31
-12
-33
-22
-31
-30
-34
-38
-34
-24
-19
-19
-22
-4
0
2
8
-12
-14
-8
10
-13
-13
7
-5
-16
0
-13
-18
-26
-11
-18
-28
-23
-35
-26
-16
-37
-25
-11
-40
-43
-39
-31
-26
-6
-2
-11
11
-6
1
8
10
13
20
22
23
19
16
31
23
28
23
19
5
9
23
23
23
9
21
21
8
19
13
8
16
3
6
2
3
12
9
9
15
19
6
29
19
13
15
0
5
4
19
9
11
2
-4
3
-7
4
-7
-24
-20
-19
-25
-21
-3
-4
-7
-2
-23
-15
-9
-7
4
3
5
3
0
0
0
-3
11
8
4
3
13
8
12
10
26
18
6
19
8
19
8
6
14
17
8
19
37
22
18
34
35
37
29
25
26
26
31
23
22
44
37
11
28
17
20
18
28
26
16
14
21
36
30
23
15
24
27
24
24
32
33
13
27
43
49
40
40
22
32
39
30
36
27
47
23
16
27
16
18
34
49
35
27
38
26
41
47
29
18
20
22
34
23
20
31
22
35
39
36
28
31
39
32
33
26
26
22
24
21
19
11
17
19
19
30
3
5
16
14
8
15
17
10
6
6
26
9
8
16
28
50
30
22
44
34
43
49
57
47
28
52
56
68
57
61
61
68
55
48
59
59
51
49
60
60
60
34
54
63
46
45
42
40
41
42
43
43
51
55
52
50
60
56
48
55
58
51
49
71
64
62
61
66
59
54
66
49
36
38
28
28
33
32
15
10
16
22
10
-5
7
-7
1
18
5
9
13
17
21
15
17
1
9
23
24
40
10
14
30
30
26
22
25
28
23
27
39
12
9
7
7
11
13
12
13
16
12
-2
1
5
-4
20
15
28
20
24
24
14
13
13
-3
0
-2
8
11
14
15
1
12
8
28
29
12
15
15
12
11
-3
-4
12
5
3
0
-8
5
7
20
19
14
14
21
36
15
20
23
18
25
13
17
18
25
13
17
11
2
6
5
5
0
-18
-10
-5
-5
-11
-12
-12
-9
12
0
-5
-9
-19
-14
-13
-5
-4
-12
-12
1
-1
-10
-9
-1
1
-3
-18
-10
-7
-10
-2
1
9
15
5
1
1
10
20
8
13
10
9
34
18
15
30
15
24
29
35
26
19
9
23
30
11
15
21
9
3
16
13
20
21
12
14
24
22
25
19
17
23
9
3
17
23
28
19
24
14
2
13
17
19
8
9
-8
-13
-5
4
16
0
4
14
5
1
11
17
3
21
11
3
6
26
31
31
23
23
26
9
16
16
35
28
29
39
19
18
24
12
24
30
32
12
22
25
17
11
33
19
3
28
19
39
23
40
31
40
32
32
53
39
42
34
38
35
44
46
40
37
56
41
47
51
69
64
62
77
50
46
70
74
56
62
56
71
67
60
46
42
45
49
62
46
56
63
65
71
59
59
57
59
54
63
49
49
34
45
50
25
28
28
16
19
23
18
4
6
25
13
-4
4
10
1
-10
16
0
-9
-13
-22
-5
-4
6
-3
-1
2
-11
-3
-6
-10
-2
0
18
16
6
19
27
24
26
17
14
17
24
25
26
28
14
26
26
36
30
27
35
32
35
16
26
22
41
41
21
22
27
19
24
17
12
36
31
30
37
32
47
24
21
19
32
29
28
16
19
13
10
8
24
38
21
25
13
21
22
5
-1
-14
3
-1
-8
-16
-20
-17
-17
-6
-22
-9
-6
-15
-11
-19
-10
-18
-29
-15
-14
-16
0
-11
-12
-7
-24
-5
-16
-9
2
18
8
17
16
12
23
18
28
22
26
24
23
14
13
23
25
31
31
33
34
24
24
11
14
11
18
29
12
14
23
22
9
18
-6
19
29
9
22
14
29
21
21
33
29
16
25
25
20
20
12
11
17
-3
-6
16
2
0
5
-6
-7
9
0
-11
-18
-8
-9
-3
6
-1
-1
13
1
-9
2
9
19
2
0
6
14
2
2
0
-5
0
-3
1
-10
-2
9
6
7
-3
0
1
-5
10
12
5
8
-1
-10
4
-2
3
9
24
5
4
9
-5
2
7
17
8
-3
-7
-2
2
3
-2
2
-6
9
0
8
8
13
22
-8
24
21
17
10
13
25
14
21
11
11
1
11
16
11
4
10
32
31
31
29
26
19
3
11
14
22
11
1
1
7
15
8
23
8
7
16
11
19
17
27
9
-2
-8
8
11
17
29
9
12
15
15
3
5
8
6
19
34
34
22
21
22
39
23
26
25
31
24
22
23
26
32
38
36
32
34
36
43
39
29
22
29
26
33
40
51
41
54
56
60
76
65
85
70
62
59
67
65
62
62
71
95
91
80
59
60
64
69
86
68
75
63
59
66
75
72
59
68
78
69
54
61
39
58
52
47
59
41
50
42
36
53
45
46
48
30
33
34
37
49
31
37
31
22
31
32
34
39
19
31
28
34
39
5
29
12
22
27
30
29
22
27
23
56
33
40
44
43
45
44
33
27
48
27
43
51
50
62
45
48
44
48
64
49
62
43
42
55
53
50
27
32
26
38
38
35
35
25
24
13
9
22
22
13
18
-4
5
13
24
18
14
14
5
17
16
12
14
19
1
4
12
11
16
25
11
2
14
16
14
-1
3
12
10
0
-13
-12
-13
-27
-27
-24
-19
-15
-18
-1
-27
-27
0
-22
-15
-10
-9
-6
-16
-9
-1
-19
-18
-17
-4
-4
-23
-3
-18
-21
-28
-26
-28
-14
-32
-37
-21
-28
-26
-34
-23
-25
-18
-26
-20
-11
-10
2
-11
-7
-6
-9
-14
2
0
-9
4
1
-3
-3
-5
0
-3
4
-7
-9
-10
-17
1
-16
-13
-8
-5
-5
-15
3
5
-5
-2
-13
-7
-10
-16
-19
-12
-29
-28
-15
-23
-20
-26
-26
-21
-24
-35
-14
-18
-26
-23
-31
-27
-31
-14
-26
-34
-18
-32
-25
-26
-24
-11
-31
-21
-7
-10
-21
-6
4
-5
4
10
20
4
22
12
17
12
39
26
30
24
12
23
10
37
18
9
15
3
18
13
8
21
8
5
-2
8
18
21
13
15
16
9
-10
-4
12
17
10
7
8
8
-6
24
25
16
19
4
6
2
6
1
-7
0
-13
-10
-9
-15
-13
-5
-1
-5
-7
-15
-2
-17
-22
-10
6
0
10
10
6
7
-2
12
18
15
17
5
1
21
11
13
10
9
1
20
5
2
11
13
20
-11
-4
11
11
7
7
32
8
1
10
15
18
10
21
26
27
24
19
18
18
18
11
14
27
13
38
17
14
1
15
28
9
13
29
8
20
35
21
24
23
22
27
27
10
26
21
15
20
24
18
13
18
23
13
21
18
9
7
19
11
7
0
-16
6
-18
-11
-9
-18
-14
-20
-26
-40
-29
-35
-50
-18
-12
-26
-16
-26
-24
-14
-29
-40
-25
-45
-41
-41
-37
-26
-22
-25
-30
-30
-28
-18
-46
-55
-45
-35
-41
-30
-36
-39
-38
-28
-17
-21
-14
-23
-22
-8
-27
-17
-1
-29
-23
-22
-16
-4
-17
-22
-14
-16
-19
-24
-33
-24
-33
-30
-36
-38
-43
-41
-27
-44
-44
-47
-41
-46
-48
-52
-51
-43
-47
-44
-51
-49
-63
-42
-43
-44
-48
-44
-43
-50
-37
-39
-55
-67
-57
-60
-43
-35
-36
-38
-42
-37
-17
-17
-31
-24
-26
-25
-30
-8
-12
-35
-44
-33
-24
-28
-28
-17
-4
-18
-18
-31
-17
-13
-21
-28
-30
-29
-22
-26
-32
-30
-43
-44
-42
-24
-30
-46
-27
-33
-33
-23
-32
-36
-50
-37
-29
-33
-53
-59
-30
-32
-40
-39
-34
-52
-29
-24
-45
-39
-50
-43
-50
-36
-32
-27
-29
-45
-46
-44
-44
-60
-55
-52
-62
-52
-44
-42
-38
-45
-50
-49
-42
-45
-61
-57
-52
-58
-55
-52
-46
-60
-59
-74
-58
-68
-68
-69
-70
-77
-78
-62
-78
-63
-76
-73
-74
-75
-68
-57
-55
-66
-54
-60
-44
-31
-52
-43
-66
-63
-35
-33
-26
-22
-22
-19
-27
-28
-26
-29
-20
-19
-17
-28
-28
-27
-16
-13
-28
-27
-27
-35
-38
-27
-17
-40
-37
-42
-28
-35
-56
-33
-38
-12
-20
-28
-10
-15
-25
-21
-13
-25
-25
-32
-37
-23
-9
-31
-26
-30
-21
-22
-44
-48
-47
-26
-18
-38
-48
-39
-30
-45
-19
-29
-43
-46
-50
-25
-47
-53
-39
-51
-47
-50
-49
-47
-46
-44
-62
-41
-52
-44
-45
-49
-43
-38
-32
-52
-62
-53
-51
-61
-48
-56
-60
-57
-68
-60
-53
-53
-53
-45
-50
-49
-60
-69
-47
-46
-59
-61
-52
-43
-55
-47
-41
-38
-35
-23
-45
-34
-27
-33
-33
-43
-32
-25
-20
-25
-38
-41
-29
-41
-33
-32
-26
-27
-36
-40
-27
-27
-30
-24
-26
-34
-30
-31
-17
-24
-31
-31
-47
-36
-27
-22
-31
-17
-24
-28
-18
-12
-21
-32
-15
-17
-17
-23
-33
-29
-7
-24
-30
-33
-34
-43
-46
-25
-34
-35
-42
-35
-37
-46
-41
-50
-46
-37
-30
-28
-20
-27
-32
-12
-15
-12
