-27
-11
-16
-18
-24
-23
-19
-16
-33
-33
-39
-50
-33
-25
-30
-22
-19
-30
-28
-44
-46
-46
-51
-40
-40
-33
-29
-29
-22
-19
-35
-42
-32
-22
-25
-32
-13
-11
-23
-33
-24
-21
-24
-22
-28
-32
-18
-15
-28
-47
-39
-52
-40
-40
-34
-34
-35
-21
-22
-21
-41
-44
-33
-34
-32
-33
-49
-40
-41
-36
-45
-31
-33
-31
-40
-31
-37
-37
-37
-28
-21
-39
-35
-27
-44
-55
-41
-60
-30
-40
-55
-53
-53
-40
-49
-48
-37
-33
-39
-48
-59
-49
-56
-37
-51
-50
-45
-30
-31
-44
-24
-43
-42
-45
-45
-40
-21
-26
-31
-30
-39
-37
-44
-41
-29
-25
-25
-20
-39
-41
-27
-18
-16
-31
-18
-30
-31
-24
-20
-27
-33
-14
-33
-37
-26
-45
-38
-27
-16
-28
-24
-14
-26
-35
-33
-42
-24
-28
-33
-27
-34
-19
-27
6
1
-20
-21
-8
-16
-25
-28
-24
-38
-45
-31
-29
-27
-28
-33
-32
-33
-40
-27
-35
-30
-40
-32
-43
-31
-9
-18
-31
-33
-25
-25
-23
-56
-22
-26
-52
-49
-53
-33
-32
-23
-33
-34
-40
-40
-35
-25
-20
-26
-17
-25
-6
-37
-25
-18
-19
-25
-12
-17
-17
3
-15
-2
-18
-10
-14
-17
-9
-4
12
-4
-5
-18
-6
14
11
2
-12
9
2
7
3
-10
-6
4
-5
5
17
9
17
15
-3
9
11
-3
-1
0
0
0
-5
-11
-10
-5
4
-16
-11
-10
-12
-12
-14
6
1
4
-1
-1
-9
-4
-8
-6
-3
-3
8
-2
9
6
8
17
10
7
-6
17
24
9
-2
0
0
0
-14
2
-10
-21
-10
-21
-21
-18
-4
-16
-4
-4
-4
-18
-8
-8
-8
-5
-11
-14
-14
-16
-21
-26
-27
-3
-5
-2
-21
-27
-19
-31
-27
-33
-35
-28
-34
-24
-29
-29
-20
-35
-26
-20
-19
-16
-22
-18
-16
-17
-6
-13
-19
-35
-17
-24
-29
-21
-30
-29
-39
-36
-30
-20
-29
-25
-23
-24
-18
-21
-26
-11
-17
-36
-12
-17
-11
-8
-17
-4
-16
-4
-3
-5
8
2
-17
-7
2
-5
-8
-15
-12
-17
5
-2
-11
-11
-7
-8
2
-2
-11
4
5
-6
-3
13
-1
-11
-7
-2
-1
4
-14
-8
-7
10
3
-6
-3
-4
-3
-30
-9
-5
-13
-24
-5
-13
-13
-1
-4
-6
-1
0
-1
-1
0
-4
-15
-2
-9
0
-11
-24
-11
-17
-13
-20
-25
-22
-25
-19
-10
-13
-8
-18
-17
-11
-31
-11
-23
-26
-12
-6
-6
-4
2
0
-4
-11
-25
-23
-5
-14
-24
-10
-4
-10
-11
-9
-10
-4
2
7
8
0
0
-21
-18
-20
-11
-9
-5
-19
-18
-23
-27
1
2
7
12
0
-20
-3
-12
-18
-29
-17
-2
-24
-13
-9
-12
0
-18
-13
-14
-7
-13
-6
-12
-18
-2
-6
-3
-6
-8
-14
-5
6
1
-19
-18
-2
-12
4
-8
-19
-8
-8
-1
-11
-17
-25
-26
-14
-12
-18
-15
-11
-23
-18
1
-11
-11
-8
2
-13
-5
-13
-27
-14
-27
-11
-17
-17
-24
-18
-17
-29
-26
-34
-9
-15
-25
-3
-6
-17
-11
-8
-1
-2
-5
0
-13
-21
-7
-10
-26
-14
-35
-21
-21
-24
-16
-27
-7
-17
-8
-24
-14
-26
-23
-21
-25
-10
-31
-31
-29
-19
-9
-8
0
-7
-17
-19
-9
-6
-3
3
-9
19
10
3
0
1
-3
-3
-2
3
19
2
4
2
3
11
15
11
-2
4
6
14
5
-4
-1
6
0
6
17
-1
4
14
17
22
16
17
18
27
26
17
24
27
20
19
23
17
30
29
33
34
31
33
2
16
13
23
25
12
28
19
28
43
40
25
27
26
36
14
31
42
42
52
27
48
39
43
43
46
49
38
35
28
39
48
45
49
35
37
31
38
45
45
57
63
49
62
66
47
42
60
44
31
41
42
40
48
50
33
43
8
25
34
28
41
44
64
45
43
39
29
42
28
30
44
34
43
34
49
41
9
34
26
27
36
30
27
23
21
26
18
22
32
21
17
25
28
3
16
41
29
23
20
45
42
16
46
46
35
35
27
23
23
46
37
27
31
33
39
41
38
43
32
40
39
47
38
27
13
43
39
28
44
43
46
51
57
59
60
53
60
64
69
69
71
53
53
51
44
57
43
51
45
48
63
59
50
39
49
38
58
36
32
53
36
37
31
29
36
35
45
28
36
26
22
33
19
32
28
35
36
30
38
38
29
22
22
21
11
17
20
21
33
44
42
35
45
44
48
45
42
49
41
30
33
11
22
32
44
47
39
50
39
45
39
48
45
28
32
27
28
31
36
26
35
35
28
26
36
30
32
28
28
35
13
28
22
19
19
22
16
16
24
23
23
10
19
14
-5
-3
8
5
19
15
9
18
19
13
25
16
19
13
23
20
18
15
6
22
4
6
18
17
-6
10
16
13
11
14
5
-8
6
25
28
4
13
-7
22
22
13
40
35
33
41
42
21
27
45
40
37
24
34
26
28
29
31
31
22
31
31
33
39
31
17
31
37
18
23
19
19
19
22
21
15
24
19
10
20
10
9
21
20
4
26
22
18
25
18
19
26
47
45
27
36
40
28
21
14
20
26
27
22
33
27
27
29
28
26
32
32
36
39
26
32
29
38
37
34
35
35
41
47
37
39
44
47
56
51
44
42
58
41
38
29
54
49
42
56
44
53
53
49
37
34
46
48
53
47
40
51
40
32
31
36
37
24
24
18
31
43
33
30
39
31
27
39
33
43
36
34
38
32
33
22
16
16
27
20
23
33
34
14
17
27
14
28
28
10
25
16
29
26
24
38
16
18
15
26
9
9
11
22
22
25
36
32
30
24
18
30
27
30
21
17
26
13
10
14
10
26
21
32
35
34
33
26
33
31
31
29
18
28
29
24
23
19
20
20
22
8
35
29
26
39
14
5
28
30
8
23
30
22
25
20
10
3
7
14
2
14
25
9
9
11
14
12
12
17
0
8
20
13
24
22
29
1
7
15
11
4
-5
11
9
-6
6
8
7
25
14
27
12
14
28
17
23
7
7
10
20
18
25
23
25
32
24
23
12
8
16
8
12
17
10
13
1
30
32
18
20
14
17
16
10
19
15
2
3
13
9
27
34
22
31
8
24
3
15
2
2
24
9
21
17
19
18
22
31
39
35
36
36
35
35
39
40
27
38
36
37
38
31
31
34
28
44
54
37
41
36
31
28
34
30
27
38
33
27
51
53
40
34
38
30
41
26
35
41
18
29
36
21
19
37
45
40
31
47
33
37
47
22
49
32
37
39
36
36
27
48
36
34
27
28
43
49
51
45
48
51
39
49
44
55
50
45
53
54
47
57
43
59
48
23
36
43
36
32
34
27
14
29
40
36
50
37
32
54
52
49
49
43
49
42
53
49
32
38
39
46
29
39
24
25
48
27
36
39
33
46
46
44
46
31
33
37
19
35
36
29
33
31
20
8
37
26
29
38
47
51
44
34
35
41
27
36
40
42
31
30
18
30
36
32
37
43
47
47
42
25
36
44
38
38
36
38
28
29
43
55
43
45
39
47
55
52
53
58
74
57
47
58
56
49
48
60
59
50
69
68
44
52
51
54
65
50
46
75
64
53
55
61
48
42
57
41
51
49
38
43
34
30
30
41
41
36
49
37
39
25
37
54
39
49
28
46
42
30
34
31
14
18
41
49
47
30
28
34
31
39
29
18
35
31
38
46
27
34
48
43
41
40
49
40
30
48
47
43
63
45
46
35
49
45
50
45
42
37
40
48
48
51
42
60
62
49
53
42
52
67
58
50
45
46
46
50
47
33
35
39
28
22
34
33
51
43
40
36
43
40
23
17
29
29
16
38
27
28
18
48
47
34
41
42
37
34
42
32
49
42
27
13
25
14
22
15
23
25
21
25
20
30
37
32
31
31
29
29
26
19
30
18
29
32
25
35
36
37
42
40
30
38
39
40
44
40
49
64
48
54
43
46
50
37
60
59
55
62
61
49
61
53
51
42
59
63
55
60
41
51
57
55
55
63
39
38
39
45
49
53
54
51
56
54
45
49
56
46
61
45
44
47
56
46
49
46
46
65
54
50
58
43
53
60
42
34
41
43
38
43
53
48
58
47
28
59
60
61
52
44
47
52
47
27
46
39
46
45
41
53
53
43
47
55
52
42
32
39
54
49
46
48
38
57
54
51
52
34
40
46
53
60
36
44
55
41
54
38
53
50
30
27
22
35
46
25
33
38
36
39
11
33
23
32
4
10
21
10
14
19
24
10
9
29
28
17
25
8
26
30
23
36
31
13
25
20
16
23
23
34
18
15
10
21
35
23
13
26
15
15
6
22
13
20
31
35
33
26
38
36
26
24
27
12
11
29
28
31
23
27
28
36
32
34
35
57
40
30
42
26
41
32
31
39
35
37
24
29
40
33
36
32
27
38
49
22
47
45
43
54
52
40
40
61
46
54
54
56
41
41
51
39
43
35
31
29
41
41
18
24
36
38
50
46
37
30
29
26
32
45
40
21
33
45
34
29
41
49
31
41
36
21
30
19
28
27
28
12
10
20
22
26
1
16
25
12
14
15
23
6
30
19
17
19
3
26
24
15
14
14
38
20
17
21
15
22
16
33
20
32
34
16
16
27
10
24
20
6
16
20
12
22
18
17
13
8
0
4
16
1
9
8
5
1
9
11
14
16
22
9
16
19
9
16
16
7
4
15
7
13
6
5
17
-1
10
17
21
29
22
4
10
13
12
11
9
4
8
15
-1
13
-8
1
7
8
12
9
3
16
3
6
26
6
4
11
10
15
7
25
10
7
15
13
25
17
13
19
22
14
17
21
13
13
14
31
13
11
25
27
37
30
36
28
33
22
25
22
28
29
19
14
15
18
9
14
25
20
20
21
22
14
18
11
6
16
20
28
25
26
32
13
13
31
24
38
26
20
16
24
20
14
26
5
10
10
11
8
3
-12
10
7
-6
3
5
4
8
7
5
1
-3
8
-14
-12
-13
-10
-15
7
12
6
9
8
6
-6
-2
-14
-5
-17
-21
-17
-26
-7
-18
-7
-1
-15
-4
11
15
2
-6
-8
6
-2
2
-9
-8
0
0
19
-9
3
0
-4
11
12
9
4
6
5
9
-6
-1
3
5
0
-10
-4
-9
-6
3
-3
7
1
-1
-2
-16
3
-15
-4
-8
-17
-22
-16
-18
-1
-6
-19
-11
-15
-21
-27
-14
-23
-15
-28
-22
-20
-17
-11
-26
-17
-23
-28
-32
-20
-34
-35
-25
-11
-28
-34
-12
-5
-14
-17
-7
-11
-19
-18
-18
-2
-10
-14
-29
-26
-32
-30
-30
-33
-29
-33
-27
-39
-45
-30
-27
-25
-26
-36
-38
-22
-22
-17
-8
-12
-21
-33
-20
-14
-2
-15
-4
-5
-17
-11
-4
-5
-3
-3
-19
-7
-13
-15
-22
-18
-5
1
0
3
1
-10
4
-7
-1
0
1
-13
-7
-5
-10
-4
-2
9
4
1
-12
3
18
-4
-6
-10
-18
-7
-5
9
7
14
9
7
19
25
8
10
9
0
18
4
0
-1
3
26
4
-1
-9
1
-5
-12
-4
1
-7
-16
9
9
-1
8
14
16
18
12
17
19
22
27
23
15
23
28
22
22
5
21
16
15
28
22
22
24
24
23
6
9
-1
25
20
12
18
9
6
14
20
2
15
17
6
22
26
6
17
7
16
18
12
10
22
24
10
10
17
6
-2
6
16
2
-7
9
17
7
0
4
-1
10
15
8
16
11
4
19
9
5
9
12
6
9
19
18
33
27
29
26
31
32
34
31
26
19
11
21
2
13
30
19
26
10
15
28
23
13
14
20
17
16
18
11
5
19
28
25
18
13
19
26
15
28
13
30
21
18
23
24
28
24
9
26
29
14
24
23
19
17
30
16
21
8
23
40
20
8
16
21
24
17
27
23
8
12
5
18
12
17
13
16
24
7
16
23
21
23
24
33
25
12
18
30
27
20
15
31
40
37
32
31
32
26
40
33
31
28
13
41
34
33
37
26
22
34
27
3
25
14
13
19
28
16
18
11
21
19
15
16
8
5
14
21
15
26
21
24
25
24
16
18
25
20
13
33
23
23
23
7
22
15
10
8
22
16
0
11
10
6
12
11
-2
24
34
33
16
15
12
20
27
7
15
22
11
15
23
6
11
13
17
7
-6
8
-3
2
5
9
5
9
24
15
12
11
12
11
9
5
14
-1
15
17
4
7
4
2
7
8
7
20
25
23
18
6
10
12
11
14
19
20
3
28
17
0
11
14
8
17
6
7
8
9
-2
13
6
-13
-8
-10
6
-4
11
2
8
25
3
20
14
-3
-10
-13
2
-11
3
6
13
4
-3
-3
1
1
0
0
3
13
-9
-3
9
3
1
4
-7
4
6
16
6
-17
4
-1
-3
-3
-2
-2
5
5
-8
-20
-11
-15
-7
-5
-11
15
-3
9
6
-10
-2
6
6
-5
7
5
20
19
5
-5
13
8
-2
30
8
14
22
16
3
5
28
19
14
17
18
14
8
18
31
30
28
34
43
41
32
19
23
35
26
15
29
28
25
38
30
33
35
20
13
14
26
25
19
30
30
22
12
22
24
30
24
14
27
23
14
13
12
17
5
13
23
21
14
5
13
16
19
11
2
1
-5
-9
5
-2
2
-5
-11
3
15
4
-1
5
-1
3
0
-4
0
-2
3
-6
2
2
-11
3
5
-8
-4
-3
3
7
5
-3
4
-5
2
2
-15
6
3
-1
0
-21
-1
-3
-6
-9
-19
-24
6
5
-12
-12
-11
-11
-11
-10
-9
-8
-3
-10
-15
-21
-8
-21
-28
-10
-18
-24
-3
2
-9
-6
-15
-12
-23
1
-23
-13
-1
-21
-24
-24
-11
-9
-31
-21
-2
-7
-9
-20
-14
-3
-8
-17
-10
-8
-16
-12
-9
-11
-21
-19
-17
-4
-23
-30
-24
-26
-25
-28
-28
-22
-12
-29
-29
-34
-28
-26
-31
-27
-35
-35
-38
-35
-39
-29
-19
-32
-25
-31
-31
-35
-37
-22
-30
-36
-34
-41
-36
-31
-36
-28
-36
-36
-26
-30
-22
-40
-46
-21
-41
-33
-33
-36
-32
-29
-22
-32
-31
-42
-37
-39
-44
-22
-23
-44
-29
-39
-43
-42
-32
-37
-25
-31
-20
-20
-23
-25
-29
-18
-7
-21
-24
-33
-21
-6
-8
-29
-26
-21
-23
-14
-47
-38
-46
-38
-41
-33
-37
-34
-28
-30
-27
-29
-25
-27
-31
-18
-20
-24
-34
-36
-20
-16
-22
-22
-18
-21
-7
-15
-17
-8
-3
3
-14
-2
3
9
-7
-17
-1
-7
-1
-12
0
-15
-10
5
7
21
13
1
22
21
8
6
7
7
14
7
15
25
19
23
17
23
29
24
34
28
21
16
21
31
24
38
22
12
13
14
24
27
27
22
21
25
30
29
29
22
20
30
12
8
24
33
28
12
11
-4
3
7
6
2
2
11
23
25
25
21
15
18
10
16
6
8
35
13
9
23
7
12
19
15
15
25
16
11
18
7
0
13
15
31
4
17
34
21
20
16
24
13
19
24
24
8
13
15
24
7
15
18
-1
4
10
0
12
31
13
27
2
0
30
28
28
21
21
18
8
14
12
8
10
14
9
12
13
5
8
7
24
21
7
3
2
-14
-6
4
1
-9
-8
-14
-10
-3
-19
-10
-8
5
-1
-18
8
-1
-6
-7
-3
-7
-10
-6
-5
-5
-8
2
-23
2
6
-24
14
14
25
6
14
14
-3
14
-7
5
1
-3
6
8
16
-1
9
2
5
2
5
14
-7
-11
-5
-1
-3
-4
-4
-3
-1
-8
-17
6
4
7
9
-9
-11
-7
-35
-17
-13
-23
-11
-22
-8
1
-16
-6
-12
-10
-8
-35
-29
-14
-9
-6
-17
-16
2
-3
-7
4
-1
-22
-23
-6
-18
-20
-21
-30
-11
-7
-20
-25
-17
-23
-8
-17
1
-6
-5
-5
-3
2
1
9
-1
16
18
22
14
29
5
0
14
6
2
-3
6
-10
2
11
3
-7
-21
-17
-7
-15
-12
-12
-6
17
25
0
1
10
17
14
2
19
6
4
15
20
-1
-1
21
15
23
20
19
16
0
20
28
24
24
15
20
19
15
29
8
8
15
3
10
19
30
23
9
12
20
2
16
5
1
4
12
26
28
20
10
19
12
11
12
4
21
16
7
7
7
5
11
6
5
23
16
14
5
15
8
5
27
9
6
12
-3
-5
-2
-4
-3
-2
-2
-14
-20
-4
0
5
9
9
6
2
1
14
10
10
22
21
19
34
53
45
23
21
18
17
16
13
9
-5
0
7
9
11
-3
-4
-1
1
2
0
6
9
7
17
6
0
15
14
25
23
15
8
7
11
22
12
-13
15
12
5
10
17
18
-1
6
-3
2
7
17
20
14
6
-10
1
-2
-19
0
14
-5
3
-5
-11
17
13
7
4
-5
-4
0
-4
-9
9
-2
-9
7
-11
-23
-3
-2
-1
-3
-17
-16
-4
-7
-3
-13
-24
-2
-10
-23
-21
-23
-20
-6
-3
-15
-13
6
-10
-14
-14
0
-16
-5
5
-1
-16
0
1
-32
-15
-23
-19
-14
-12
-16
-31
-21
-21
-31
-29
-21
-24
-25
-33
-29
-34
-29
-53
-37
-18
-30
-16
-37
-21
-26
-11
-7
-19
-15
-30
-14
-23
-12
-24
-28
-13
5
-19
-23
-15
-11
-11
-19
-5
-13
-15
-13
-21
-22
-18
-21
-24
-19
-3
-26
-19
-19
-25
-23
-27
-22
-14
-16
-5
-20
-17
-8
-26
-10
-5
-23
-2
1
-12
0
6
-4
-2
-2
5
3
5
-6
-10
-4
1
2
-7
5
-4
7
7
6
-2
-6
4
11
5
9
-8
7
3
-4
15
5
10
4
2
-1
-10
-9
5
13
18
22
12
9
11
21
28
21
18
11
19
11
9
18
21
32
28
21
5
11
24
23
15
4
3
20
14
20
12
11
22
12
16
13
17
-2
12
30
17
10
10
8
9
7
26
25
10
16
16
4
28
32
30
32
47
37
18
27
11
24
13
20
19
23
24
20
25
32
35
28
35
27
30
30
40
40
18
22
18
17
27
26
15
26
33
24
21
31
15
18
19
19
33
22
18
26
30
24
30
16
11
22
10
29
17
23
31
20
24
39
33
21
11
6
7
14
25
13
18
21
27
38
33
18
25
7
13
26
8
11
14
27
23
21
1
10
24
17
6
12
18
2
7
-4
11
6
6
14
9
12
17
19
17
30
24
16
33
32
29
14
18
27
9
14
10
15
23
22
12
17
24
10
13
18
25
36
38
59
44
42
46
45
52
35
41
35
52
36
23
16
23
37
14
7
22
20
32
21
14
30
26
21
26
25
18
21
23
20
5
19
24
15
21
14
32
8
0
31
18
26
12
14
12
21
29
33
36
20
27
8
20
35
15
24
39
26
31
24
31
24
43
33
27
50
50
55
43
54
45
47
48
43
43
58
53
47
59
56
52
43
48
54
56
62
51
59
62
59
63
45
51
54
52
59
59
59
48
39
61
29
44
52
44
62
47
54
48
54
51
43
40
50
53
38
43
65
49
52
51
35
36
40
32
42
41
33
24
19
35
31
24
29
23
29
28
35
42
25
24
36
47
33
30
33
14
16
32
28
32
20
11
24
4
22
21
15
18
8
9
2
14
20
12
16
7
11
6
15
7
15
35
22
29
47
30
42
34
21
30
8
12
30
25
15
43
41
35
37
39
40
30
17
19
34
31
52
47
46
46
30
35
43
37
36
36
43
37
26
44
41
23
39
56
47
54
57
44
46
33
30
54
36
48
39
40
51
46
39
47
48
42
42
33
27
35
42
32
45
35
28
29
30
39
39
43
26
35
27
29
29
35
38
18
37
5
19
23
15
18
22
15
9
19
29
35
19
37
37
20
28
16
20
32
8
16
14
24
7
14
28
21
32
19
9
19
37
26
24
31
35
33
32
29
44
22
34
42
28
32
27
20
26
23
32
35
48
40
31
42
24
36
48
32
40
29
45
45
23
51
42
42
32
27
33
38
32
34
24
27
37
29
51
36
23
35
25
38
43
26
36
26
10
18
19
15
26
25
30
24
26
28
27
30
24
43
17
26
39
23
32
34
38
34
36
39
44
34
42
22
26
36
21
40
32
38
31
33
40
43
40
44
52
39
58
64
45
50
47
56
54
40
48
45
33
34
38
34
35
39
23
22
28
29
23
14
22
19
23
24
17
30
19
33
17
23
18
19
27
25
38
29
20
20
20
17
34
23
22
22
15
24
12
8
21
23
20
13
9
6
1
22
25
17
20
10
24
17
28
16
21
3
4
9
10
14
3
3
17
17
10
25
4
18
47
28
26
16
26
31
10
25
26
26
15
14
17
16
27
24
17
26
20
21
21
20
22
20
24
36
26
28
23
24
20
16
40
25
25
24
13
17
25
21
9
18
7
13
17
8
20
19
27
23
1
10
14
15
32
25
21
24
20
-3
9
6
6
18
17
8
19
23
18
19
14
11
9
10
13
16
11
3
12
4
11
8
-3
21
13
9
14
13
22
24
-3
3
5
-2
5
-5
-2
-13
-17
4
-6
-20
-8
4
0
-4
2
21
14
10
18
28
18
11
25
3
-1
17
8
-10
-7
5
9
6
-4
-9
6
-5
-17
-13
-5
-1
-7
-8
2
-11
-12
-5
-6
-11
-13
-2
4
7
-1
-10
-8
-2
13
12
14
10
14
8
16
20
14
21
14
3
17
1
8
18
17
17
28
27
18
23
20
20
37
24
26
36
23
27
34
45
33
33
51
39
28
36
21
16
23
23
28
39
33
40
39
47
63
50
51
35
60
41
30
43
44
30
46
38
32
33
25
32
40
41
17
23
17
29
49
29
29
26
24
-3
4
19
17
30
7
19
20
22
14
20
28
13
6
9
-15
-3
21
17
14
10
10
15
26
2
13
22
9
8
10
11
10
9
14
18
9
-4
16
17
11
5
3
3
3
9
10
8
-2
12
8
16
20
-1
10
7
5
9
-2
-4
6
-6
-1
-3
6
-3
-5
22
7
1
16
14
10
3
-6
-12
3
3
-12
-4
-8
-1
0
2
-1
4
0
-2
-1
-11
1
-23
8
5
-37
-8
-2
-11
-12
-14
-6
-2
-9
-21
-14
-15
-16
3
6
14
0
-2
-17
-5
13
-2
10
-4
-2
0
-15
-11
-19
-14
-7
-9
-11
-15
-16
-13
-34
-34
-16
-18
-12
-8
-14
-9
-20
-6
-9
-9
-20
-8
-15
-27
-17
-12
-11
-7
3
-13
-20
-20
-11
-11
-9
-4
-5
-19
5
-3
0
-12
-10
-12
-8
3
7
-2
0
1
10
12
5
0
9
15
-2
3
-9
2
-1
8
18
7
10
20
15
3
14
8
5
22
7
15
4
-8
-6
10
6
-4
11
-5
3
19
23
17
9
20
20
6
19
26
26
26
19
17
18
26
21
32
47
31
33
47
46
52
38
47
39
30
23
23
28
39
50
31
20
24
29
25
32
38
19
27
35
17
23
17
28
16
15
21
33
25
24
42
32
39
31
29
37
20
25
32
40
33
23
25
27
17
8
22
25
18
11
24
21
11
23
6
-8
2
-13
-1
-12
0
13
9
5
-4
4
-1
-2
-17
-7
1
-11
-8
-8
12
-10
-33
-19
-10
-15
-26
-26
-24
-7
-24
-39
-35
-33
-42
-22
-32
-25
-18
-20
-6
-6
-6
-7
-13
-17
-32
-28
-13
-16
-29
-35
-29
-46
-37
-39
-33
-39
-32
-25
-21
-13
-12
-11
-20
-13
-14
-19
-24
-17
-7
-37
-22
-13
-20
-16
-21
-21
-19
-40
-11
-9
-17
-12
-26
-4
-29
-29
-33
-29
-18
-17
-6
-7
-12
-6
-11
-20
-12
-7
-23
-15
-9
-5
2
-8
3
-7
-27
-12
-12
-22
-20
-5
-12
-18
-29
-33
-28
-22
-20
-15
-32
-20
-9
-26
-30
-21
-27
-31
-24
-8
-1
-16
-23
-18
-22
-22
-14
-10
-35
-15
-14
-49
-51
-30
-22
-25
-25
-39
-38
-43
-31
-39
-42
-16
-15
-13
-17
-7
-28
-25
-22
-23
-23
-11
-4
-18
-20
-11
-7
-15
-19
-18
-20
-12
3
-19
-9
-28
-20
5
18
16
24
19
24
27
19
34
27
25
34
30
20
36
31
25
20
42
27
35
30
21
31
33
40
29
27
31
24
-7
12
5
11
15
14
14
19
29
30
29
18
19
26
25
35
48
58
50
50
46
45
32
51
45
41
67
50
54
42
30
27
14
12
-6
7
15
23
22
26
37
23
6
14
29
20
22
7
28
6
12
27
39
38
33
33
29
30
33
47
33
36
39
29
29
15
4
5
21
26
47
43
8
5
0
1
-14
-3
-7
-16
15
9
19
12
7
8
12
18
20
22
27
23
25
22
15
34
46
21
-5
-6
-17
-1
13
5
14
17
20
-1
0
-6
-28
-25
-6
-2
8
9
3
7
-14
1
27
31
25
41
32
25
20
39
38
21
41
52
27
25
-8
-8
0
-15
18
15
-11
-19
-14
-16
-14
-23
7
40
27
44
42
33
19
33
40
40
50
58
55
36
17
20
20
15
22
37
22
24
37
11
8
-5
-4
-10
-2
3
5
1
20
10
11
22
25
24
34
30
25
14
20
41
36
24
26
29
10
-2
1
-2
-8
46
42
2
31
20
19
11
9
25
4
19
12
19
21
31
38
19
13
13
6
14
-6
3
22
27
13
12
17
19
22
35
39
23
33
40
53
42
48
64
50
33
42
50
49
62
36
28
22
13
44
37
24
22
16
2
21
28
21
43
56
54
54
45
40
31
59
60
40
39
42
45
28
45
35
29
20
24
10
5
16
31
25
32
47
33
32
32
37
0
32
47
36
46
30
35
50
58
38
21
33
32
24
32
60
51
34
33
34
15
7
33
47
8
46
60
48
48
73
64
35
54
36
34
32
23
39
39
28
28
38
49
8
34
56
38
46
53
21
15
6
26
37
31
36
33
25
-11
21
42
23
48
30
32
44
36
59
71
48
56
77
47
64
70
55
48
35
58
34
37
18
16
12
7
18
8
27
-10
10
24
2
0
16
27
30
37
14
2
15
17
30
34
22
7
23
13
-5
35
58
31
34
29
17
47
15
0
31
-9
-3
19
21
26
4
22
0
31
22
30
25
6
10
9
17
10
35
20
18
18
23
37
60
46
30
1
19
5
-17
0
2
23
30
37
42
-2
13
20
6
41
34
41
34
57
51
23
18
27
45
49
33
35
32
-1
-31
4
15
-35
17
3
-15
-24
7
10
14
56
46
38
36
39
21
12
59
73
54
47
43
26
-12
13
49
32
10
28
5
-28
-14
5
15
-4
7
-5
-28
24
34
26
21
55
56
11
45
57
51
34
47
47
20
22
34
18
20
12
39
43
24
-6
-31
-7
-29
5
20
25
28
51
23
23
39
20
39
40
51
11
31
0
16
16
41
-1
-13
34
-22
-13
-4
-6
-20
-8
23
13
-24
-6
-30
-17
51
32
8
24
28
17
-4
33
35
40
63
51
40
10
-4
6
-2
3
18
-15
19
35
6
-14
4
-5
-6
15
40
8
12
59
41
-8
46
47
15
15
9
-3
-26
6
18
31
-24
-25
28
-31
-41
-19
-20
-1
19
21
-25
7
28
7
31
70
96
48
87
119
59
46
71
17
-14
33
10
-23
14
41
16
8
14
34
11
-8
-32
-5
-10
-49
-13
-23
-39
-37
-37
-60
-29
1
-14
15
23
5
-2
36
4
37
51
16
62
54
61
50
9
19
-11
12
39
19
2
-15
5
-13
-64
-50
-17
-39
-64
-29
-19
-12
-45
22
24
10
21
22
51
-1
-35
-4
36
-28
32
74
33
-22
22
66
-7
-33
31
40
-8
-29
9
-16
-58
-29
50
8
21
8
-8
-37
-73
-6
-15
-32
-32
4
-23
-11
5
8
-55
-38
22
-48
-12
6
-34
-21
12
9
-26
-33
14
-4
5
-14
-17
2
-22
-20
39
-32
-9
11
-23
-21
12
19
-60
-15
0
-30
-32
-7
-25
-20
-38
-7
1
-69
-19
-15
-2
-5
26
26
-72
-43
-1
-33
-22
40
7
7
-39
-28
-55
-92
-41
-57
-101
-108
-58
-96
-88
-101
-71
-87
-66
-59
-25
-19
-11
27
-33
-15
-28
33
3
-24
-18
-36
-27
-20
17
-8
-14
-8
-14
-48
-21
-62
-68
-35
-40
-1
-62
-96
-80
-73
-44
-31
-4
37
9
20
33
1
-37
-15
8
37
6
28
4
-35
-26
-20
-46
-71
-19
-18
-6
-6
-9
-7
-30
15
-60
7
37
-28
4
-28
23
0
12
-12
-40
-10
19
-3
5
-3
-37
-41
-15
22
-31
2
-22
-23
-19
30
30
58
12
16
23
12
29
19
12
-21
38
6
32
65
30
41
-5
2
-24
0
7
4
26
10
0
-17
10
-31
19
-39
-43
40
60
93
14
-42
-32
-34
-26
63
-8
1
-9
2
34
-19
8
-1
-9
0
1
25
49
-29
16
33
-53
-20
-28
-28
26
-21
-18
-6
-31
-21
-36
21
-29
-17
-21
-27
-45
6
-24
-112
-37
-67
-97
-94
-45
-16
-8
11
62
-5
-22
-8
-2
27
-45
9
-27
-42
-1
-28
-22
-41
-66
-22
-22
-37
-6
-19
9
5
4
6
37
-48
-52
-18
6
-13
-26
-53
23
-66
-99
-17
-79
-45
-53
-21
-67
-50
-35
-10
-4
-3
-37
-39
-5
-10
16
-12
-22
-60
1
51
24
26
5
-5
-23
12
-28
4
-25
-37
-22
1
3
-83
-30
-9
-44
-22
32
5
-35
5
30
11
20
45
69
10
15
61
10
14
35
21
21
30
37
-12
-32
24
-83
-42
-11
-53
-25
-33
-19
-54
-60
3
11
19
-43
23
8
17
-14
29
9
-55
20
-18
14
55
-25
-11
9
18
2
-59
-40
-69
-46
-38
26
-37
-53
12
6
9
20
45
0
-38
10
70
12
34
-21
6
36
-11
13
18
17
-13
-19
5
22
-20
-15
-34
-36
41
6
14
33
-21
-32
31
0
9
-11
36
64
22
43
16
55
-18
-11
23
26
27
13
46
26
-34
-25
29
-76
-38
-35
-42
-35
-111
-34
-70
-39
-8
-6
1
-57
-47
-30
57
-12
35
41
43
37
15
14
11
14
7
35
9
4
-6
4
-48
-22
-16
-36
13
-37
-39
-45
-65
-84
-73
-53
-70
-12
-30
-23
-20
-54
-28
-44
-64
16
53
12
-45
39
-20
-8
-30
-5
17
-50
-4
34
47
-49
2
-16
-71
-12
-1
-8
-8
-7
-31
-79
-46
-98
-67
-34
-57
-22
-35
-37
-45
-57
-6
-14
-27
-13
-41
-39
-31
-5
-12
9
-30
11
58
-30
-5
17
-32
36
-28
40
45
4
16
-50
-17
-48
3
-70
-59
-43
-71
-57
-46
2
-46
10
1
12
1
5
35
20
5
13
89
6
93
65
18
93
16
62
-19
23
-8
-26
-9
-53
-37
14
-17
-26
-21
-2
36
-41
47
-21
27
100
76
56
40
4
31
26
10
64
-27
-11
-16
-23
-5
-49
22
33
-5
42
-11
-47
-28
-15
4
-6
9
32
2
1
116
-28
-34
-6
13
83
5
71
7
-28
-13
-48
2
-14
-79
-15
-41
-72
13
-46
-83
-3
-44
30
1
-12
12
-10
-30
22
28
34
21
28
23
-63
33
-58
-29
22
-19
50
-22
-65
-36
-43
-52
-10
23
-74
-33
-28
-25
-54
6
-15
-56
54
-73
-90
16
-81
-9
13
-18
33
6
-41
42
-19
-15
14
-37
7
-25
-17
19
38
17
28
-79
-1
-49
-84
-58
-69
-43
-86
0
-42
-36
-77
-107
-32
34
-33
74
75
-7
-20
-11
74
-27
19
12
48
36
-20
-7
64
-119
-97
66
-18
-14
2
-56
-66
-81
-170
-74
-113
-125
-12
-57
-72
-36
-124
-41
-77
-6
49
4
-26
-79
32
-35
27
74
-5
-56
2
-58
-18
-20
-35
-24
16
22
-27
-22
-64
27
-53
-10
40
-8
-1
-66
-105
-81
-117
-41
-6
2
25
-89
21
-79
-76
60
18
-49
52
-28
22
-49
-36
28
-6
23
3
-4
48
-46
-66
68
-4
66
49
99
44
-36
-25
-73
-14
27
50
84
-4
17
-30
-50
-39
-23
-74
-26
6
-41
25
26
-116
-17
60
-66
81
60
36
-9
-5
-85
10
-53
-52
3
9
-2
-20
42
-58
-47
53
-14
51
75
-35
18
38
-68
28
0
3
-47
60
58
18
51
-6
-20
-8
-7
44
59
-12
-71
-34
22
-68
-17
-3
-37
-76
-49
54
-37
-34
6
20
52
-5
130
61
51
42
54
126
36
100
137
21
91
-94
-22
52
-14
11
-7
-18
-10
-73
-7
-107
-102
-74
-15
50
-60
29
-54
15
-12
36
35
49
-27
110
37
32
50
30
58
3
66
-8
91
-12
-24
-58
22
1
-24
80
-53
-61
28
-30
-93
-52
-41
33
-33
102
142
4
-22
-37
49
-54
67
-7
-14
52
29
18
73
10
60
-67
-10
-5
-75
33
-75
11
-52
-1
92
44
-13
55
80
137
49
146
152
44
117
147
131
-4
102
-33
-79
8
74
128
-82
-10
-4
-71
19
-91
-101
-25
45
103
-42
-18
-77
-29
24
-1
170
34
89
63
88
84
37
75
82
64
106
147
116
27
114
151
3
29
-9
74
-74
-81
23
10
50
10
32
-108
-102
53
83
-31
51
5
65
112
-58
91
72
-68
4
47
48
13
-53
1
-39
12
50
59
-25
39
87
5
46
9
-16
67
25
44
43
61
93
-34
-40
111
-18
-50
35
8
-37
-12
-42
-9
-140
23
35
-12
55
108
15
28
51
121
23
92
151
-15
168
-66
-12
57
109
115
-9
176
28
-8
126
-12
-52
-44
97
-5
-79
8
74
-2
3
53
-3
-3
23
76
-3
51
22
30
-52
-1
82
-5
15
-2
2
32
71
92
23
-8
3
-32
76
28
-13
133
-131
117
34
-27
55
26
119
19
40
5
100
-58
-54
48
64
15
-2
3
47
-53
-26
49
27
2
26
118
-48
110
-9
-139
124
-38
71
126
64
-14
-11
80
31
-49
127
-1
-32
198
-86
61
107
-146
53
37
-64
125
9
28
6
-4
262
-93
60
132
-24
42
4
124
-100
-15
150
154
9
81
38
22
6
69
114
64
86
52
80
-12
13
8
86
38
170
63
44
91
44
-36
-2
81
-72
80
148
-75
-8
114
140
-26
137
38
-2
107
-2
79
165
38
-26
90
51
-63
126
163
-62
30
50
-59
43
122
-25
-79
59
61
49
-27
118
-73
92
58
6
78
70
82
32
72
7
72
-19
-37
9
111
112
59
28
23
-40
-61
85
25
45
65
-1
-7
-116
63
-19
-20
155
2
165
75
-44
57
-46
-40
32
51
72
44
19
-74
-85
-20
-100
5
102
-51
-51
54
-43
-36
-61
-7
-20
11
51
89
108
24
-39
-39
75
-80
8
47
-38
21
55
-62
-101
-31
-62
28
-17
-2
-114
-65
31
-84
-41
6
30
9
92
11
26
-20
22
51
-21
-5
-25
-85
-65
-73
-13
-12
-76
67
-30
-16
-12
-10
-113
1
79
-69
37
-15
-2
-55
-102
42
-33
-122
19
-53
12
-5
23
9
-182
-22
2
-63
66
-10
-107
-14
-34
9
-50
-55
-55
-40
-14
-17
-21
-44
-106
2
19
-30
-21
-1
2
-28
45
-28
-13
9
-38
58
59
11
16
-12
-67
-1
42
-75
-82
3
-23
-118
-17
-37
-139
-54
12
-6
-29
-39
-42
-19
-24
9
-9
-105
-79
-51
-72
-127
-100
-89
-130
-144
-108
-161
-173
-91
-39
10
-14
-6
10
45
92
61
61
160
190
110
126
102
81
154
-17
-22
-22
-28
-15
-71
-44
-114
-60
-34
-118
-39
-26
-55
24
-45
-23
-64
-14
-18
-64
56
44
-62
-21
-59
-147
-133
-56
42
35
108
40
-26
15
-24
-62
-22
-17
-21
48
76
63
13
-38
-89
-59
56
-3
-22
-47
-32
-50
-66
-60
-107
-101
-121
-40
14
8
-94
-159
-69
-1
-3
-22
-8
-26
14
21
-49
0
-29
-23
5
27
8
-27
17
-35
-34
59
-1
-39
46
44
21
-1
43
22
-3
3
35
9
-76
-114
-167
-182
-163
-226
-241
-262
-239
-206
-221
-195
-156
-161
-120
8
19
-47
-54
-7
33
56
112
138
73
56
65
60
63
49
51
-2
-9
13
-33
-83
-141
-220
-246
-190
-140
-198
-254
-261
-293
-255
-185
-170
-180
-166
-101
-67
-56
-31
-26
-19
23
62
92
78
76
57
53
77
81
58
24
-29
-82
-118
-119
-117
-132
-162
-176
-176
-181
-179
-198
-237
-233
-191
-150
-142
-141
-168
-170
-130
-113
-67
-43
-42
-40
-44
-7
4
-2
37
35
39
59
32
6
-31
-35
-30
-31
8
22
-2
-23
-48
-57
-24
-8
33
46
49
70
79
97
120
92
122
158
166
184
188
176
163
197
223
240
262
262
248
242
241
239
241
230
225
231
234
242
230
187
181
175
164
170
187
163
131
133
123
119
97
101
80
49
47
58
27
21
2
-10
7
-28
-39
-45
-93
-131
-98
-97
-87
-75
-97
-100
-122
-161
-177
-169
-160
-161
-157
-132
-134
-168
-188
-168
-162
-184
-165
-157
-140
-155
-167
-159
-152
-136
-135
-75
-71
-73
-79
-61
-24
-18
13
25
64
96
106
139
140
184
231
298
352
409
473
498
599
693
804
935
1042
1119
1162
1257
1339
1455
1547
1619
1725
1823
1960
2108
2177
2045
1782
1534
1468
1494
1323
1002
655
387
144
-129
-357
-556
-862
-1143
-1260
-1237
-1278
-1421
-1569
-1524
-1376
-1212
-992
-792
-690
-625
-460
-131
226
404
495
624
798
877
924
964
867
637
362
157
-7
-228
-540
-835
-1095
-1314
-1525
-1718
-1864
-2036
-2145
-2167
-2086
-1996
-1926
-1855
-1732
-1504
-1289
-1001
-715
-452
-211
63
383
663
905
1123
1364
1540
1689
1796
1885
1987
2068
2146
2263
2350
2385
2424
2523
2710
2890
3086
3281
3420
2971
1977
1204
1043
1338
1413
955
353
-285
-1015
-1558
-1741
-1692
-1891
-2352
-2475
-2169
-1999
-2149
-2373
-2270
-1826
-1307
-694
-164
15
-89
-22
567
1345
1872
2102
2166
2178
2079
2059
2073
1947
1684
1341
1156
1018
658
103
-525
-1032
-1287
-1366
-1469
-1756
-2251
-2778
-3031
-2939
-2706
-2533
-2453
-2400
-2329
-2104
-1740
-1409
-1146
-831
-450
-51
229
314
337
440
574
772
992
1039
819
495
286
236
260
224
124
-39
-192
-298
-364
-341
-330
-259
-116
138
383
609
793
1086
1486
1904
2364
2870
3384
3883
4062
3342
2432
2047
2446
3078
2945
2171
1334
484
-292
-697
-789
-874
-1412
-2215
-2418
-2192
-2291
-2741
-3083
-2820
-2282
-1765
-1341
-1077
-1103
-1202
-816
198
1243
1680
1686
1671
1826
2067
2363
2525
2565
2355
2057
1888
1733
1378
797
186
-229
-370
-510
-899
-1493
-2131
-2565
-2744
-2731
-2667
-2737
-2941
-3071
-2907
-2524
-2084
-1835
-1664
-1409
-1053
-644
-329
-106
125
300
524
810
945
883
642
497
549
654
584
373
121
-157
-330
-419
-436
-450
-513
-558
-538
-445
-284
-113
161
497
849
1312
1693
2090
2486
2960
3529
4212
4526
3763
2805
2389
2884
3554
3252
2320
1434
704
46
-340
-453
-678
-1440
-2380
-2552
-2180
-2220
-2775
-3249
-2958
-2339
-1943
-1639
-1451
-1462
-1448
-910
172
1182
1451
1286
1334
1695
2164
2498
2578
2514
2289
2059
1926
1768
1416
848
304
-13
-126
-378
-928
-1629
-2136
-2309
-2365
-2439
-2673
-3032
-3246
-3230
-2860
-2387
-2126
-2080
-2050
-1767
-1299
-890
-612
-347
-43
224
434
592
615
541
480
545
723
769
518
148
-97
-163
-152
-207
-347
-528
-668
-688
-581
-443
-296
-166
45
418
779
1146
1501
1854
2290
2895
3561
4230
4610
3812
2702
2257
2856
3794
3650
2650
1574
773
187
-187
-263
-421
-1150
-2246
-2633
-2282
-2218
-2779
-3359
-3145
-2513
-2139
-2009
-1950
-1894
-1840
-1257
-158
817
1081
785
753
1218
1883
2358
2453
2340
2160
1944
1883
1830
1555
1073
608
313
186
-96
-708
-1387
-1838
-1878
-1842
-2053
-2470
-2899
-3232
-3234
-2870
-2356
-2110
-2275
-2448
-2280
-1780
-1276
-921
-617
-340
-149
-31
104
323
487
541
700
869
865
610
280
170
240
314
264
30
-274
-553
-716
-608
-381
-213
-187
-221
-133
122
430
844
1302
1775
2240
2702
3206
3820
4253
3628
2674
2347
3013
3994
3781
2720
1684
1002
594
292
226
33
-813
-2054
-2558
-2166
-1966
-2527
-3226
-3223
-2770
-2540
-2511
-2452
-2285
-2128
-1676
-755
118
352
88
137
830
1705
2171
2184
2052
1968
1958
1968
2094
2036
1608
1067
678
642
506
-40
-707
-1101
-1181
-1374
-1839
-2340
-2702
-2932
-2955
-2752
-2497
-2510
-2856
-3097
-2757
-2085
-1560
-1337
-1208
-1003
-798
-531
-140
281
552
607
676
846
938
860
713
751
920
901
663
341
67
-77
-145
-98
-16
-100
-285
-439
-344
-61
303
602
921
1210
1508
1850
2341
2991
3779
3955
3050
2169
2128
3110
3809
3399
2443
1601
1013
536
382
462
241
-798
-1870
-2008
-1624
-1763
-2534
-3047
-2780
-2412
-2367
-2459
-2416
-2344
-2294
-1714
-691
65
-2
-359
-177
606
1370
1693
1756
1701
1637
1578
1644
1872
1861
1496
1026
850
909
757
229
-335
-627
-796
-1012
-1417
-1808
-2136
-2474
-2577
-2499
-2360
-2496
-2924
-3054
-2718
-2139
-1728
-1587
-1473
-1282
-1095
-788
-289
175
426
443
533
778
973
1007
963
1014
1089
964
720
507
340
177
36
-33
-90
-240
-488
-623
-499
-251
-56
107
323
620
984
1394
1889
2496
3216
3670
3159
2324
2076
2772
3785
3817
3032
2101
1488
1130
941
907
758
60
-1116
-1729
-1622
-1533
-2025
-2740
-2882
-2681
-2666
-2799
-2866
-2775
-2634
-2217
-1438
-756
-672
-921
-804
-122
760
1296
1498
1440
1322
1352
1540
1857
2044
1874
1531
1248
1136
1071
835
470
187
-133
-499
-889
-1291
-1492
-1725
-1962
-2020
-2103
-2273
-2592
-2791
-2579
-2159
-1848
-1744
-1726
-1649
-1468
-1216
-751
-308
-69
-74
-91
135
440
629
677
671
647
537
408
385
409
402
290
150
74
-30
-176
-189
-56
164
323
378
544
758
1002
1347
1707
2143
2544
3031
3513
3209
2383
1908
2351
3313
3440
2528
1584
1046
809
591
449
413
-110
-1326
-2113
-1933
-1466
-1613
-2372
-2740
-2590
-2499
-2575
-2475
-2106
-1878
-1820
-1489
-918
-604
-638
-622
-108
718
1152
1126
959
901
1085
1317
1615
1864
1712
1267
844
761
1038
1142
834
371
-79
-439
-737
-894
-867
-992
-1382
-1723
-1903
-1963
-2142
-2363
-2268
-1973
-1783
-1839
-1989
-1937
-1718
-1507
-1154
-745
-527
-587
-666
-420
14
305
319
249
222
210
270
445
616
609
390
157
136
236
295
309
333
418
435
450
583
797
987
1155
1413
1702
2025
2348
2740
3218
2929
2158
1706
2075
2994
3109
2320
1466
937
637
482
505
585
33
-1231
-1963
-1715
-1193
-1302
-2066
-2506
-2525
-2522
-2495
-2214
-1878
-1918
-2122
-1969
-1349
-892
-849
-858
-502
40
363
476
593
714
805
869
1119
1485
1517
1185
854
909
1176
1205
900
611
347
-39
-364
-344
-136
-265
-903
-1538
-1700
-1624
-1668
-1768
-1765
-1817
-2078
-2321
-2193
-1798
-1563
-1573
-1535
-1340
-1159
-1047
-868
-531
-239
-202
-179
-26
194
381
434
537
621
574
482
446
536
641
672
647
615
547
486
530
715
909
1014
1060
1120
1310
1599
1958
2308
2697
2759
2168
1599
1503
2180
2819
2575
1845
1153
678
421
421
567
490
-345
-1412
-1740
-1428
-1169
-1476
-1961
-2249
-2437
-2551
-2334
-1843
-1621
-1819
-2015
-1775
-1308
-991
-787
-508
-157
66
159
359
605
756
836
975
1227
1351
1223
992
924
1057
1132
1020
773
510
166
-99
-134
-1
-1
-406
-913
-1195
-1203
-1205
-1314
-1362
-1438
-1648
-1877
-1879
-1635
-1424
-1442
-1515
-1494
-1378
-1236
-1053
-751
-526
-494
-533
-437
-199
52
195
286
335
338
370
481
657
772
738
629
558
587
707
811
827
811
733
745
847
965
1096
1194
1332
1554
1787
2088
2108
1694
1267
1216
1701
2078
1899
1367
931
552
366
390
502
375
-365
-1139
-1288
-954
-755
-922
-1307
-1658
-1994
-2109
-1727
-1151
-977
-1329
-1703
-1644
-1304
-926
-522
-253
-234
-474
-566
-220
268
520
458
295
222
247
353
529
670
687
530
314
251
354
372
286
181
123
80
-115
-308
-369
-381
-499
-652
-745
-791
-941
-1150
-1180
-1061
-1030
-1131
-1243
-1164
-1053
-983
-917
-805
-719
-734
-670
-464
-159
-3
22
53
134
273
438
628
770
724
555
457
492
629
717
678
534
373
265
255
381
481
499
429
373
431
579
789
936
1021
1098
1035
912
793
912
1130
1198
983
752
534
408
328
335
339
117
-258
-558
-590
-491
-468
-627
-819
-1008
-1098
-994
-725
-533
-546
-728
-817
-726
-545
-273
-81
-63
-158
-291
-266
-135
-6
63
11
-75
-183
-200
-102
22
19
-86
-195
-241
-181
-107
9
29
-28
-130
-202
-138
-47
-29
-33
-102
-175
-227
-210
-154
-121
-150
-231
-264
-303
-298
-267
-244
-240
-247
-285
-276
-216
-136
-95
-121
-159
-158
-133
-115
-66
-27
-13
-50
-122
-132
-69
-7
12
20
22
28
33
91
162
180
205
213
233
275
273
303
318
317
300
283
288
343
399
366
306
230
229
255
274
280
288
232
161
130
230
307
281
195
148
149
144
194
271
270
179
51
40
150
220
211
153
90
-10
-53
-28
34
71
-25
-147
-188
-165
-155
-173
-159
-183
-232
-308
-321
-268
-253
-282
-351
-320
-309
-318
-323
-328
-278
-253
-276
-245
-199
-155
-181
-221
-226
-204
-159
-151
-153
-141
-206
-278
-240
-213
-172
-186
-208
-190
-207
-254
-284
-277
-238
-200
-206
-213
-196
-207
-201
-124
-69
-31
-20
-24
35
60
65
68
103
131
103
62
29
9
-1
11
62
75
36
-22
-97
-69
-15
44
67
48
78
94
124
177
232
283
294
318
374
400
386
377
377
377
371
346
318
274
222
167
192
195
146
98
49
39
35
8
-3
2
-34
-118
-131
-70
-46
-108
-180
-217
-213
-206
-217
-214
-250
-295
-302
-265
-232
-213
-238
-270
-284
-264
-254
-246
-226
-210
-198
-219
-247
-248
-222
-210
-208
-245
-261
-256
-282
-287
-277
-282
-307
-312
-286
-295
-288
-263
-238
-196
-150
-119
-120
-101
-65
-19
1
28
32
39
40
25
33
4
-25
-31
-29
-14
-6
-45
-104
-149
-153
-138
-116
-98
-94
-126
-169
-151
-79
4
27
19
-12
-3
50
104
226
286
278
239
203
236
272
339
358
399
392
342
325
359
384
368
346
357
374
326
273
236
237
219
180
155
120
108
42
-9
7
8
20
-5
-47
-88
-127
-162
-125
-83
-86
-116
-194
-227
-238
-213
-209
-207
-245
-291
-308
-305
-278
-260
-266
-304
-313
-293
-246
-234
-242
-252
-233
-233
-224
-206
-195
-155
-161
-142
-108
-108
-129
-136
-146
-114
-112
-126
-127
-129
-119
-117
-100
-119
-114
-112
-82
-15
4
6
4
-17
-22
3
64
104
92
65
43
39
58
96
99
106
82
34
32
39
69
68
55
25
9
22
26
53
35
46
57
87
134
163
190
192
212
248
256
235
249
307
352
326
290
275
288
308
299
312
299
255
235
218
209
195
166
154
153
128
85
31
5
40
26
-4
-30
-85
-112
-139
-122
-79
-99
-151
-203
-233
-224
-237
-248
-255
-288
-326
-340
-327
-295
-278
-312
-307
-305
-295
-292
-280
-231
-195
-185
-215
-185
-178
-144
-126
-92
-25
-5
-23
-34
-2
19
35
53
69
60
26
19
33
57
52
5
-29
-46
-59
-70
-67
-81
-92
-90
-125
-114
-77
-92
-91
-89
-71
-20
-19
-1
8
50
58
63
82
88
110
97
121
126
120
90
89
123
161
171
168
174
177
176
208
265
274
260
215
203
225
249
257
251
208
152
103
93
94
84
38
-19
-41
-48
-67
-101
-98
-106
-133
-167
-184
-181
-172
-170
-137
-102
-93
-102
-115
-121
-81
-25
0
0
-1
-22
-21
5
38
66
56
33
11
21
32
57
55
40
23
15
25
32
34
44
69
67
56
58
76
95
83
84
87
101
85
55
29
15
-6
-22
-24
-60
-79
-127
-139
-139
-124
-139
-177
-166
-149
-115
-72
-29
-28
-43
-17
27
85
152
182
169
193
228
257
286
312
327
343
344
322
324
300
271
250
228
222
200
132
76
47
5
-27
-62
-93
-83
-100
-142
-138
-119
-107
-126
-165
-139
-121
-110
-117
-84
-58
-78
-94
-97
-93
-96
-101
-112
-92
-92
-107
-104
-93
-95
-99
-82
-51
-14
12
40
63
97
132
174
213
248
274
271
291
321
353
362
348
336
327
318
292
246
225
192
152
106
39
-4
-72
-120
-178
-207
-228
-260
-283
-303
-290
-268
-245
-217
-210
-187
-171
-128
-79
-49
-23
-37
-1
61
118
146
134
148
166
200
228
235
250
244
241
233
237
258
245
199
173
174
158
122
105
88
63
-6
-53
-32
-7
-11
-55
-75
-90
-81
-86
-71
-38
-53
-60
-67
-43
-19
-10
-13
-32
-50
-54
-42
-81
-110
-159
-197
-192
-168
-167
-196
-221
-237
-222
-201
-160
-131
-115
-51
-25
35
118
146
173
224
293
369
404
387
413
433
415
418
416
366
330
264
217
202
113
12
-57
-93
-113
-183
-215
-226
-258
-280
-316
-302
-274
-249
-228
-169
-125
-127
-116
-87
-26
29
71
88
123
152
162
171
200
221
234
216
202
224
221
188
166
130
111
107
80
55
-6
-53
-83
-75
-53
-39
-70
-108
-147
-126
-100
-77
-59
-59
-55
-66
-44
-32
-7
-14
-20
-1
23
15
-4
-34
-57
-86
-132
-137
-153
-199
-237
-252
-255
-276
-305
-317
-306
-275
-256
-208
-151
-99
-40
11
61
128
206
292
356
406
474
491
481
496
519
513
490
429
378
342
272
184
92
36
-40
-123
-167
-234
-266
-318
-347
-371
-372
-348
-327
-278
-244
-218
-198
-128
-61
-9
21
69
97
140
162
175
213
202
197
170
163
154
119
97
74
61
5
-71
-123
-163
-172
-194
-234
-236
-243
-249
-260
-245
-226
-213
-184
-123
-68
-26
3
11
76
148
196
226
226
219
223
223
234
256
227
174
129
76
37
2
-40
-92
-139
-171
-209
-236
-242
-259
-263
-242
-204
-155
-124
-97
-60
1
91
144
191
233
285
315
334
366
361
364
357
345
316
277
240
184
137
92
36
2
-64
-113
-165
-218
-212
-250
-260
-287
-300
-290
-256
-218
-170
-131
-112
-81
-54
-7
22
75
129
165
189
186
211
227
224
209
195
174
148
136
117
87
37
-37
-76
-94
-122
-147
-150
-173
-221
-270
-260
-213
-188
-186
-171
-135
-103
-73
-36
32
95
146
163
191
222
232
247
277
279
275
235
216
198
166
158
97
64
17
-4
-18
-56
-79
-79
-86
-88
-63
-65
-52
-25
10
49
119
160
177
210
251
275
273
281
306
297
282
271
220
196
160
120
98
53
-7
-62
-107
-137
-149
-177
-198
-233
-258
-262
-269
-262
-234
-203
-181
-126
-99
-75
-52
-27
21
79
96
103
115
120
169
180
204
172
157
157
161
124
111
71
44
0
-34
-93
-236
-308
-332
-286
-198
-110
-87
-108
-154
-184
-245
-250
-183
-116
23
143
281
336
264
209
124
81
88
137
196
232
272
276
188
55
-81
-224
-299
-306
-258
-205
-170
-116
-108
-86
-107
-146
-144
-129
-81
1
72
125
142
137
162
201
246
251
256
261
254
235
211
219
205
141
94
40
-19
-74
-134
-187
-233
-263
-292
-325
-321
-326
-342
-328
-329
-306
-282
-249
-210
-166
-129
-78
-26
18
47
74
83
124
138
135
157
179
182
168
153
127
92
54
11
-15
-41
-73
-83
-99
-128
-118
-150
-177
-165
-154
-119
-74
-28
7
6
46
84
125
163
195
239
280
316
321
304
309
292
246
236
226
197
164
107
56
4
-55
-107
-130
-146
-180
-197
-184
-182
-180
-147
-140
-140
-110
-71
-31
-2
28
89
89
97
130
145
154
173
168
181
158
119
99
77
38
-7
-68
-90
-96
-166
-176
-224
-281
-293
-295
-291
-287
-289
-279
-268
-254
-243
-206
-162
-155
-112
-27
-11
60
83
115
154
179
204
222
240
230
262
263
225
199
173
99
29
-46
-35
-56
-39
-82
-103
-149
-229
-219
-239
-230
-124
-90
-105
9
1
27
55
94
154
176
229
313
343
334
314
346
308
318
307
271
260
208
140
65
11
-34
-62
-115
-95
-85
-107
-142
-213
-183
-179
-142
-137
-130
-58
-84
-41
-38
2
-8
-4
30
70
50
52
102
85
107
104
112
83
68
18
-23
-9
-51
-28
-58
-74
-79
-198
-191
-240
-253
-204
-228
-163
-166
-146
-171
-185
-159
-161
-104
-2
44
105
80
119
127
90
135
207
210
171
249
184
181
139
122
68
37
53
27
65
34
-43
-56
-109
-75
-155
-128
-49
-94
-71
-66
-30
14
-17
60
68
94
94
65
159
146
202
122
130
138
48
104
56
37
37
-25
7
-21
-48
-68
-107
-141
-110
-131
-99
-82
-44
-77
-151
-87
-95
-71
-22
-37
-6
23
14
1
6
40
49
85
100
60
83
67
14
28
22
40
-30
3
-75
-25
-34
-61
-67
-113
-47
-108
-95
-104
-130
-124
-61
-87
-58
-67
-51
-31
2
16
20
84
1
59
104
135
120
89
113
100
85
85
97
101
65
73
23
83
66
-24
14
14
-54
-14
38
42
5
-7
66
-58
-35
64
-5
13
2
30
-18
22
26
-31
57
-23
7
1
6
-10
-56
-8
-8
-45
-63
-75
17
-71
-63
-26
-71
-78
-117
-98
-92
-130
-121
-93
-176
13
-168
-132
-60
-100
-79
-84
-1
-17
6
24
49
-2
59
6
83
86
147
137
89
148
56
81
127
65
132
46
64
-20
25
3
-75
0
-10
-21
-59
-18
-72
-78
-32
-21
-50
-3
82
70
15
79
25
87
50
51
169
40
76
91
114
122
-21
107
19
15
89
22
49
21
8
28
80
68
57
83
6
53
4
110
44
16
85
8
66
35
50
5
-43
-18
-40
-13
-3
5
27
-62
-20
19
-68
-9
-80
-23
-6
-60
32
-84
-49
-30
-84
-39
-40
-19
14
-43
-65
-17
2
-51
28
-27
-25
31
-16
35
-53
29
57
0
146
56
56
38
69
66
95
184
108
45
57
34
26
35
109
54
32
112
-16
-49
-14
-10
-13
72
52
-22
81
1
-28
-49
14
61
23
106
132
22
7
40
93
-12
110
124
15
107
39
68
-5
68
60
59
92
39
84
-22
31
21
91
21
33
76
17
29
90
2
-42
109
35
35
79
35
34
53
11
35
77
28
67
57
2
47
-55
30
-12
6
80
67
23
3
-30
-22
-39
-16
-31
-24
16
-58
-85
8
-108
-83
10
-90
92
20
7
61
-22
118
-3
97
110
9
100
49
75
127
42
90
36
60
50
80
61
90
31
30
14
-3
35
-48
74
27
25
97
21
62
35
16
74
34
158
149
64
58
90
30
52
41
67
47
47
47
-17
-11
-37
-17
-62
7
-44
-6
-82
-75
-48
-52
-79
12
-53
21
-71
20
23
-51
25
54
45
79
88
113
75
61
85
34
57
132
122
70
95
171
53
125
83
0
121
90
132
79
88
108
-42
-4
49
17
54
4
27
-45
-34
-25
-23
-13
2
81
-8
13
35
-60
-10
-78
13
111
35
114
31
40
26
14
53
79
94
38
100
11
43
3
-49
1
-57
-41
-28
-48
-50
-13
-35
-33
-26
0
-4
4
40
58
28
78
83
-15
86
102
41
125
55
66
87
28
54
36
47
-40
-34
22
-106
-40
-32
-92
-85
-80
-79
-18
-98
-56
-34
-71
-25
-45
-5
29
-35
18
35
37
44
1
44
2
22
31
82
66
89
26
1
125
-32
26
51
46
139
-22
129
86
-6
35
40
24
55
110
59
8
41
34
-21
75
26
-8
35
31
64
-44
-39
85
-27
40
3
102
35
18
50
-61
80
17
48
-13
13
-4
-31
62
-38
-10
-18
-75
38
-29
0
20
5
9
-39
20
61
-5
50
97
17
49
108
114
77
159
133
103
136
52
78
7
84
7
-52
20
-76
-74
-71
-65
-88
-100
-64
-134
-70
-98
-57
-45
-56
-20
-66
36
19
6
54
12
57
18
135
99
61
97
51
61
87
57
72
43
64
47
30
15
27
-15
-51
52
-32
58
35
21
27
-11
52
28
-2
31
77
-29
54
96
-7
48
42
1
6
59
96
32
26
48
-16
-3
22
30
-2
-24
-14
-12
-97
-9
-110
-119
-94
-72
-11
-35
-8
-24
-69
10
30
50
108
35
72
-6
33
26
-25
57
-40
80
-2
-14
10
-94
-78
-52
-53
-46
-66
-66
-84
-103
-49
-41
-52
14
-24
39
16
-113
-3
-46
-77
49
23
-6
-9
7
12
-51
11
-42
-31
20
-18
-1
9
43
35
-30
-1
37
5
37
85
51
0
43
36
13
44
32
109
45
66
122
29
37
17
47
34
0
25
-2
10
31
-11
16
-14
-28
5
-20
3
-34
2
-1
-79
-78
-12
-58
-22
-62
-97
-57
-40
-25
-108
-12
-36
-52
-70
2
-11
-49
-23
27
43
-59
27
-19
-45
-4
21
65
8
34
19
13
-24
-19
-1
-16
-3
10
-51
-63
-23
-90
-187
-44
-114
-129
-36
-89
-48
-110
-63
-8
-35
33
32
51
26
31
102
15
38
56
32
7
52
-63
-38
-22
-24
11
5
-23
-16
-91
-22
-32
-7
30
28
-49
-12
-43
7
-3
-9
-22
-43
37
-20
50
-30
-51
-23
5
-51
-1
-40
-62
-56
-107
-82
-99
-115
-62
-62
-55
-25
-80
-55
-111
-84
-61
-70
-26
-119
-111
-78
-103
-95
-82
-67
-32
-36
-25
-2
-24
-62
-34
11
0
18
96
50
10
-4
48
-18
-28
5
40
-77
-91
-53
-152
-160
-166
-185
-193
-209
-240
-225
-219
-171
-179
-187
-149
-77
-107
-79
-57
-32
-48
-23
18
26
71
75
66
70
44
117
116
92
129
107
87
48
62
37
-10
-30
-27
-3
20
-51
-133
-138
-97
-163
-107
-6
-29
-73
-100
-36
-168
-93
-53
-75
-19
-42
-32
-47
-70
-80
-29
0
32
3
36
-7
-81
-70
-72
-57
-70
-77
-16
-41
-110
-106
-147
-157
-150
-161
-74
-110
-126
-117
-76
-56
-143
-52
25
-4
57
69
-18
24
20
49
55
67
128
58
54
22
0
12
-7
30
-10
-47
-3
-72
-115
-106
-155
-138
-108
-117
-153
-146
-171
-186
-116
-135
-113
-92
0
-35
-47
-24
-21
19
28
86
75
50
74
40
55
29
-10
17
-45
-28
-3
-42
-98
-81
-125
-120
-116
-145
-99
-151
-127
-120
-143
-149
-147
-109
-104
-70
-12
-47
-61
-37
-34
-10
-22
-55
-11
15
30
6
13
-27
-29
-40
-76
-44
-59
-62
-79
-39
-80
-113
-132
-155
-161
-123
-116
-100
-65
-58
-86
-103
-113
-99
-44
-25
22
59
56
35
29
40
12
50
41
30
52
26
-37
-48
-90
-105
-103
-138
-120
-158
-132
-181
-248
-289
-261
-288
-207
-167
-156
-152
-181
-130
-139
-136
-72
-47
32
45
40
71
31
46
53
22
33
86
28
3
-42
-97
-96
-108
-104
-71
-101
-110
-148
-128
-139
-157
-181
-179
-145
-88
-65
-45
-85
-145
-82
-99
-87
-30
-7
-46
-73
-49
-78
-84
-110
-105
-50
-46
-84
-68
-114
-198
-137
-146
-162
-134
-133
-145
-182
-161
-137
-163
-171
-147
-101
-91
-73
-14
-54
-76
-52
-32
-32
2
2
-45
-24
-10
-36
-41
-45
-30
-31
-52
-30
-54
-98
-112
-93
-145
-151
-191
-166
-163
-192
-128
-196
-173
-141
-149
-134
-95
-80
-73
-91
-66
-8
-43
-15
-27
5
3
-9
49
8
-11
-3
-23
-47
-8
-20
-61
-103
-124
-118
-183
-190
-177
-208
-206
-200
-192
-183
-178
-150
-137
-157
-131
-98
-105
-68
-38
2
-9
13
-33
-52
-55
-59
-25
-29
-25
-70
-95
-91
-111
-102
-96
-139
-159
-129
-114
-118
-119
-94
-71
-134
-77
-85
-58
-47
-61
-28
-56
-35
-51
-29
-18
-31
19
24
6
-20
-44
-40
-33
-25
-29
-39
-61
-89
-98
-134
-155
-145
-164
-151
-160
-165
-165
-210
-216
-205
-210
-189
-160
-136
-131
-106
-61
-44
-2
35
3
19
88
87
115
116
88
90
67
47
30
15
4
-12
-55
-76
-92
-128
-170
-167
-183
-192
-212
-182
-196
-195
-175
-162
-157
-133
-95
-84
-82
-91
-61
-25
-37
-46
0
-25
-35
-25
-48
-44
-28
-50
-85
-99
-93
-102
-98
-84
-97
-95
-72
-72
-103
-112
-97
-74
-57
-38
5
-24
-39
-18
-28
21
40
38
47
65
64
41
37
29
9
23
-3
-29
-33
-49
-79
-112
-109
-132
-152
-154
-160
-159
-179
-167
-168
-154
-157
-157
-144
-138
-117
-99
-75
-63
-40
-25
23
29
14
47
34
43
88
43
37
25
-11
-13
-20
-33
-40
-44
-47
-56
-61
-93
-120
-126
-114
-100
-88
-90
-92
-70
-89
-86
-82
-90
-75
-55
-63
-48
-39
-40
-28
-29
-40
-39
-63
-64
-76
-84
-82
-95
-93
-94
-85
-102
-94
-105
-136
-122
-127
-123
-85
-68
-58
-37
-16
-29
-1
20
22
27
34
36
53
50
39
48
34
24
10
0
-3
-24
-46
-45
-44
-51
-42
-54
-106
-116
-107
-119
-113
-114
-100
-99
-107
-111
-104
-68
-50
-36
-38
-12
-14
-2
-1
12
29
37
50
62
75
47
61
46
27
18
33
44
21
8
-10
-22
-39
-56
-88
-90
-81
-84
-86
-93
-98
-99
-83
-71
-60
-55
-57
-40
-40
-28
-18
-9
-9
-21
-26
-39
-25
-14
-35
-45
-45
-63
-50
-48
-67
-79
-97
-83
-96
-97
-87
-92
-91
-91
-92
-76
-42
-36
-44
-9
-4
4
10
23
45
46
52
39
49
48
37
42
22
23
12
0
-13
-32
-28
-38
-52
-70
-82
-117
-124
-114
-112
-113
-100
-89
-94
-58
-61
-46
-10
-4
13
9
25
49
57
55
57
69
58
64
69
48
51
24
25
23
-2
-9
-12
-21
-43
-53
-54
-29
-27
-47
-32
-35
-39
-42
-52
-48
-30
-25
-20
10
14
2
8
21
19
35
9
-5
-10
-32
-19
-19
-24
-50
-56
-65
-79
-81
-94
-98
-82
-90
-77
-76
-84
-76
-94
-72
-48
-44
-27
-13
-1
10
20
47
45
50
55
49
58
53
42
45
56
38
32
22
10
2
-8
-21
-43
-48
-59
-72
-64
-66
-77
-91
-99
-104
-104
-93
-86
-62
-59
-65
-54
-28
-13
11
12
26
33
51
43
27
25
25
12
-14
29
13
-8
-24
-43
-46
-69
-75
-81
-87
-86
-78
-79
-79
-62
-59
-58
-72
-74
-62
-29
-9
-18
-2
1
3
0
-13
-14
-9
-26
-15
-13
-37
-29
-33
-47
-62
-66
-74
-84
-82
-95
-83
-95
-89
-80
-73
-65
-58
-52
-57
-54
-40
-31
-1
12
12
34
36
48
39
59
55
41
39
61
58
50
57
30
31
30
25
13
-2
-14
-16
-14
-30
-37
-40
-52
-56
-63
-59
-49
-51
-53
-40
-35
-46
-41
-21
-26
-9
5
-6
6
-16
-15
-21
-18
1
-12
-3
-5
-13
-32
-28
-28
-40
-45
-39
-55
-54
-58
-48
-47
-48
-48
-48
-22
-22
-13
-13
-1
13
22
26
36
59
50
53
52
45
21
23
39
45
39
20
10
2
-9
-18
-29
-31
-29
-41
-40
-34
-23
-31
-34
-28
-31
-14
-3
5
20
41
42
35
55
57
71
67
75
78
87
82
91
69
58
79
66
72
45
37
35
26
40
31
8
7
-1
-1
-2
-7
-2
-13
-2
-7
-15
-18
-1
-7
-15
-9
-27
-27
-32
-21
-15
-12
-14
-25
-21
-9
-28
-36
-45
-33
-41
-47
-47
-56
-47
-56
-74
-69
-55
-38
-50
-56
-44
-41
-31
-33
-25
-27
-22
-30
-18
9
3
-16
-14
-10
-9
-3
-11
-16
-13
-17
-17
-17
-5
-30
-42
-20
-19
-13
-25
-30
-37
-34
-27
-41
-15
-11
-12
-14
-7
-12
-8
-4
-2
0
-2
-7
-4
-18
-4
-7
-23
-15
-11
-4
-1
-21
-30
-11
-9
-4
-2
5
-21
-41
-31
-30
-25
-29
-43
-27
-32
-31
-19
-30
-30
-23
-18
-21
-17
-10
-26
-17
-9
-2
-9
-7
-13
-2
-2
-13
-13
-5
-17
-18
-17
-15
-9
-23
-26
-29
-20
-32
-32
-30
-22
-29
-35
-36
-32
-27
-18
-33
-14
-12
-33
-30
-25
-19
-5
-2
8
7
21
40
28
43
36
45
46
43
53
32
49
43
31
33
30
24
15
16
4
12
26
5
11
9
18
17
0
12
-9
7
15
13
8
1
-16
-16
-8
-6
-11
-25
-33
-29
-46
-66
-49
-60
-52
-46
-59
-66
-78
-74
-74
-80
-63
-45
-54
-64
-59
-66
-57
-49
-52
-49
-46
-42
-51
-31
-38
-60
-42
-45
-35
-36
-38
-32
-34
-35
-22
-22
-39
-24
-10
-33
-23
-22
-39
-27
-21
-14
-20
-13
4
-8
-25
-29
-23
-23
-31
-28
-26
-10
-16
-26
-25
-19
-39
-44
-15
-15
-24
-20
-8
0
-11
-13
-15
-18
-22
-17
-14
-18
-2
9
3
7
9
12
23
18
5
15
15
-1
6
11
-7
4
-1
-7
-3
-19
-19
-29
-29
-42
-41
-59
-76
-78
-81
-64
-67
-71
-77
-99
-78
-73
-66
-63
-67
-66
-86
-80
-69
-71
-67
-52
-40
-49
-63
-55
-64
-40
-50
-41
-34
-44
-36
-32
-35
-18
-13
-16
-17
-5
2
-27
-16
-8
-5
-5
-8
-3
-3
-3
6
-2
4
19
-3
8
13
15
21
8
8
-5
3
-10
-11
-11
-22
-11
-22
-31
-9
-23
-13
-16
-10
-7
-13
-3
-25
-33
-14
-3
-7
-3
-1
1
12
-5
-11
5
5
0
2
29
18
3
11
6
15
9
2
-3
-3
-14
-19
-9
-9
-13
-12
-23
-45
-29
-44
-30
-25
-35
-26
-31
-19
-32
-29
-11
-14
-11
-19
-5
-9
10
7
-8
-4
-11
-3
6
-5
-7
-12
-4
19
6
19
19
22
17
17
15
13
22
34
32
41
37
45
49
55
62
35
41
44
45
42
41
40
32
11
17
24
16
17
8
4
1
-3
3
-15
-17
-9
5
-20
-28
-25
-38
-25
-43
-34
-23
-36
-36
-15
-31
-19
-6
-33
-26
-37
-16
-19
-12
-13
-19
1
-16
-9
-25
-10
-11
-14
-19
-25
-24
-20
-17
-34
-40
-12
-23
-34
-21
-37
-34
-27
-40
-41
-34
-23
-28
-33
-34
-27
-22
-20
-19
-16
-12
-3
-7
-8
-4
-14
0
14
2
11
15
1
27
25
38
52
39
29
45
48
48
46
56
54
61
76
66
65
61
90
81
87
72
69
62
59
51
36
56
44
30
29
34
6
16
8
-1
1
-17
-4
-3
-2
-17
-34
-31
-28
-29
-38
-32
-40
-2
-26
-35
-27
-31
-10
-29
-35
-33
-31
-22
-21
-12
-19
-28
-21
-21
-23
-17
-10
-11
3
-6
2
-3
3
-5
0
1
11
25
13
21
32
28
27
25
34
35
28
32
33
31
30
28
10
26
11
40
31
23
41
27
27
37
42
44
47
40
33
49
41
47
41
38
45
38
53
45
47
48
42
42
30
51
54
63
46
43
49
48
62
60
52
59
59
50
43
29
31
20
29
25
17
5
-5
3
-9
-13
-5
-36
-28
-4
-32
-28
-34
-37
-5
-8
-12
-11
-8
-15
-18
-3
-4
1
7
8
11
35
15
4
21
5
14
13
13
15
3
4
-3
-6
-1
4
-2
-9
5
6
9
35
34
41
43
45
40
30
39
36
51
59
71
57
64
62
38
53
42
38
54
48
53
48
37
35
35
29
34
32
21
40
25
41
43
21
24
19
34
25
21
11
25
26
25
20
25
22
12
19
25
15
2
5
2
-6
-10
-14
-5
-16
-27
-38
-36
-32
-45
-33
-32
-44
-35
-32
-32
-31
-25
-33
-36
-24
-18
-23
2
1
-12
-1
-11
19
30
34
25
28
29
20
27
15
37
34
28
37
33
31
29
47
40
29
45
48
41
47
56
35
50
53
33
49
37
30
44
44
50
58
48
63
47
49
48
49
49
50
36
31
29
31
32
16
19
22
10
14
19
4
2
-12
16
-7
28
27
14
17
3
30
11
11
33
32
-6
-9
14
3
7
2
-9
-10
-19
-22
-27
-25
-13
-37
-24
-30
-27
-29
-33
-25
-31
-37
-39
-34
-33
-31
-25
-23
-25
-24
-40
-21
-17
-8
-8
-3
5
-1
-5
-10
11
-3
-5
-6
8
14
-1
11
-16
-1
11
1
6
-3
-1
25
20
16
18
17
14
28
25
34
44
33
42
36
46
44
47
46
41
41
41
49
38
25
35
26
30
36
37
26
16
8
1
5
3
-1
-26
-1
-14
-14
-14
-10
-10
-11
-9
-9
-10
-13
-19
-19
-33
-23
-20
-39
-23
-33
-32
-31
-41
-46
-41
-43
-41
-43
-34
-52
-49
-36
-39
-44
-45
-40
-32
-27
-16
-1
-6
3
-2
4
8
18
25
19
7
7
6
13
9
19
37
14
1
5
8
7
-2
9
6
-2
12
16
22
8
-3
-8
2
-10
-19
9
15
14
16
21
36
23
29
23
23
28
27
41
29
23
20
27
26
15
7
1
14
-1
-17
-17
-20
-42
-16
-13
-33
-25
-28
-26
-18
-15
-18
-25
-31
-20
-27
-6
-6
-22
-25
-24
-29
-17
-27
-37
-26
-30
-36
-35
-42
-49
-27
-28
-44
-52
-64
-72
-66
-78
-68
-65
-74
-62
-58
-62
-72
-65
-44
-52
-37
2
-12
-8
-9
3
15
8
16
1
5
1
20
16
9
7
11
4
2
4
21
14
6
1
-15
-3
-20
-6
-10
-2
-3
-3
-23
-17
-3
-22
-4
-5
5
-4
-2
2
-16
-13
-26
-7
-18
-16
-26
-34
-22
-44
-41
-56
-35
-39
-37
-32
-41
-28
-32
-36
-32
-26
-40
-34
-33
-29
-22
-21
-8
-9
-8
-7
-15
-3
7
-8
-19
-14
-11
-10
-18
-26
-27
-30
-28
-38
-30
-52
-54
-49
-69
-51
-71
-67
-54
-60
-46
-46
-40
-36
-42
-32
-29
-22
0
-12
1
14
26
11
12
21
27
32
11
17
19
25
23
15
23
23
18
15
24
26
17
15
8
3
10
1
4
11
9
9
-5
4
-2
-4
-12
-21
-12
-19
-28
-21
-12
-33
-30
-32
-33
-24
-26
-32
-54
-62
-42
-45
-76
-71
-71
-61
-50
-63
-71
-67
-63
-84
-67
-63
-59
-43
-59
-49
-45
-38
-25
-20
-24
-33
-16
-6
-10
-6
-7
4
-4
-7
-10
-17
-8
-2
-4
-5
-16
-27
-14
-24
-19
-8
-20
-18
-13
1
-15
-6
-7
7
-3
-5
9
10
7
9
9
10
34
21
11
22
26
23
23
31
25
30
33
32
30
19
34
21
15
14
3
5
11
6
18
15
-1
19
23
29
24
36
20
19
18
10
7
5
2
1
24
16
13
2
-8
-8
-25
-23
-14
-29
-25
-19
-33
-47
-53
-49
-37
-53
-45
-36
-22
-32
-24
-30
-24
-11
-23
-26
-17
-12
-28
-14
-17
-24
-9
1
2
-3
-13
-5
3
-9
-9
0
-20
-9
3
1
-10
-17
2
11
0
21
25
5
8
8
25
9
20
31
32
41
32
36
31
36
43
28
43
17
26
28
36
33
17
17
9
23
5
22
20
26
9
12
11
0
10
-11
5
1
12
22
26
29
17
38
12
12
18
19
25
-6
8
9
10
-4
-13
-4
-1
-25
-12
-20
-25
1
-23
-37
-25
-22
-38
-28
-25
-5
-8
-5
-9
-5
9
14
26
37
39
24
15
17
25
24
8
4
18
19
25
15
33
9
6
4
6
26
12
14
5
6
15
15
33
17
25
39
33
49
21
42
34
28
28
30
37
16
19
21
25
18
21
22
6
11
-8
-7
-4
-5
-6
-21
-15
-14
-8
-17
-13
-21
-26
-10
-21
-14
-21
-15
-16
-7
-2
-22
-6
-15
-16
2
-4
-6
6
-7
-18
-14
-19
-30
-30
-35
-17
-11
-19
-26
-26
-25
-28
-33
-28
-35
-32
-12
-23
-17
-19
-31
-18
-8
4
1
1
4
-10
1
-5
5
-5
0
1
-10
3
7
3
17
12
12
1
-9
0
-3
2
6
3
12
28
19
27
24
49
35
38
43
56
56
45
54
49
59
36
50
36
27
34
24
12
33
33
20
21
18
15
20
12
13
9
1
24
27
29
18
28
32
23
27
37
28
16
26
49
27
21
23
25
28
42
27
31
38
24
29
33
19
21
37
23
22
25
34
-1
14
22
25
35
28
48
55
40
48
67
59
47
53
58
69
72
65
54
66
77
64
82
77
65
73
61
53
54
53
67
48
49
58
30
39
52
51
50
45
47
50
51
42
40
40
54
61
54
49
38
40
43
49
33
24
33
33
29
36
30
12
23
19
4
20
19
11
1
8
-10
-4
4
9
15
6
14
17
-4
4
16
22
27
25
19
16
18
10
22
17
23
16
12
16
10
2
10
23
13
14
16
7
16
15
19
30
22
19
42
28
31
23
30
28
38
40
40
43
34
37
28
36
49
37
41
23
37
38
39
44
35
34
19
37
28
32
13
26
25
20
26
28
23
27
29
14
21
7
28
24
20
26
27
28
26
32
29
37
17
33
33
38
37
16
25
24
13
15
7
15
22
12
14
29
3
11
21
15
2
2
4
5
1
-10
3
1
-6
6
-1
11
11
5
8
6
-3
-8
6
-3
1
1
0
0
-11
6
9
11
7
11
31
25
27
43
22
10
16
29
22
28
29
44
33
32
45
35
30
40
35
21
36
40
29
29
43
28
36
33
29
31
44
30
38
21
28
22
11
32
18
17
30
25
28
31
28
40
25
31
27
36
37
24
24
29
25
34
11
9
27
24
27
19
28
24
22
29
20
23
15
16
11
12
28
24
23
33
41
15
30
16
14
22
4
17
14
19
36
31
22
35
30
39
22
1
14
12
16
17
8
21
5
1
8
21
8
17
13
7
23
19
13
25
9
14
13
14
27
24
24
21
17
32
32
6
15
12
12
12
15
2
13
10
12
3
3
5
-2
-4
-6
-3
-6
-13
-12
7
-16
-19
-5
-21
-4
-36
-22
-15
-30
-13
-13
-16
-21
-30
-16
-18
-17
-16
-17
-25
-19
-11
-34
-17
-21
-22
-8
-28
-29
-27
-16
-7
-17
-24
-20
-18
-35
-39
-25
-12
-41
-28
-31
-24
-27
-10
-21
-21
-18
-37
-25
-3
0
-27
-10
-22
-13
-11
-6
2
-6
-2
-19
-7
-16
-11
-20
-11
-11
-25
-16
-25
-17
-18
-18
4
-2
-20
-4
5
1
15
11
19
27
21
18
11
-4
11
11
6
-7
-14
-4
-6
4
2
14
-2
11
4
9
14
11
15
-1
13
5
-3
-7
2
9
-2
-9
13
-16
-14
-8
-11
-5
4
-8
4
24
-2
9
5
23
15
2
7
3
5
-2
-12
4
-8
-9
6
-13
0
6
17
2
17
27
10
19
9
9
13
17
31
27
20
31
30
18
11
17
22
28
24
27
24
27
17
9
17
8
29
15
24
-3
2
1
3
8
0
10
8
0
-6
7
5
18
21
-8
-2
18
11
18
14
8
4
19
2
4
3
-5
-8
-3
-3
17
0
14
9
12
27
8
14
22
25
12
13
17
7
17
12
11
19
0
1
12
3
-13
10
17
14
2
7
28
17
-2
4
5
3
4
6
22
21
15
10
4
1
1
5
-4
4
12
8
20
11
17
20
15
3
7
12
-1
6
-5
-9
24
12
5
25
13
3
19
20
2
11
19
24
29
11
7
4
12
19
4
-1
15
16
-7
-5
-16
6
-17
-17
-14
-13
-26
-18
-5
-13
-14
-15
-6
-3
-14
-18
5
2
9
-14
-28
-13
0
10
10
-2
12
0
8
3
1
2
-12
0
-15
-17
-27
-11
-13
-9
-13
-23
-3
-30
-29
-23
-23
-13
-20
-37
-25
-23
-26
-24
-26
-26
-1
-17
-29
-12
-17
-23
-25
-13
-28
-24
-19
-25
-10
-32
-32
-26
-52
-42
-35
-30
-33
-23
-8
-18
-25
-15
-9
-28
-29
-20
-20
-6
-13
-8
1
-12
-24
-16
-19
-5
-3
4
-7
-15
-13
-16
-22
-19
-3
-6
-17
-31
-19
-8
-8
-23
-14
-10
-2
-13
-12
3
3
14
-2
-6
-10
-13
0
-10
-3
9
-3
5
8
7
-4
5
3
2
22
-4
1
19
16
11
12
32
24
31
32
34
37
24
35
36
32
33
27
37
40
33
37
31
23
36
40
28
37
29
14
22
27
12
12
16
12
7
12
10
-3
-7
3
4
8
3
9
18
3
-4
5
10
3
21
22
8
1
21
9
6
12
9
17
15
10
9
3
2
4
9
15
16
9
12
10
19
17
12
4
12
23
8
30
19
8
27
37
19
21
12
21
18
1
24
28
29
17
20
30
6
12
25
33
9
12
13
13
12
6
14
12
7
13
21
8
14
6
24
21
13
17
31
-3
12
22
-4
14
17
9
-12
7
-8
-4
0
-3
6
2
-5
-12
9
-23
-18
-25
-3
-14
-10
-9
-24
-4
-11
-20
-14
-27
-4
-4
-18
-1
-5
2
-23
-4
-9
-20
-13
-2
-7
-7
4
-4
-6
1
6
-2
-8
-3
-4
-4
-5
-14
-11
-10
-12
-7
2
-9
-5
-12
-12
3
4
7
3
2
13
10
1
16
9
6
5
-3
-1
-7
3
-4
-1
-7
5
-3
-11
-16
-13
2
-29
-17
-18
-14
-29
-33
-27
-33
-17
-26
-11
-13
-10
-14
-12
-15
-16
-13
-13
-3
-14
-19
-21
-13
-10
-25
-16
-22
-28
-22
-20
-29
-22
-27
-26
-18
-31
-5
-1
-5
-7
-1
12
-11
12
9
7
9
5
4
10
2
-3
27
15
22
21
18
25
24
13
16
23
12
28
40
38
40
34
50
36
21
36
39
42
26
21
38
38
51
43
47
51
47
42
41
35
23
29
32
30
41
40
36
32
40
30
13
30
27
34
28
32
23
17
31
25
27
18
38
33
22
25
25
19
14
26
22
21
27
24
9
15
21
26
12
13
12
7
12
15
26
20
13
-1
5
12
-1
23
8
6
-6
-6
10
-7
-10
4
-6
11
12
-1
21
-6
6
10
11
7
14
4
5
3
6
10
28
2
-19
-11
-21
-10
-1
-7
-22
-1
1
0
-5
3
5
12
2
6
7
3
13
5
2
19
21
13
24
6
11
26
7
3
11
6
4
-5
-1
-5
-10
0
-7
-4
-9
-10
0
-34
-23
-27
-23
-26
-29
-20
-16
11
0
-13
-13
-11
-12
1
-15
-13
-2
-15
5
-1
-9
-12
-26
-14
-15
-15
-9
-11
-16
-12
-19
-26
-19
-18
-9
-3
-7
-15
-16
-1
-12
-4
-12
-9
-10
-2
1
-15
0
-4
-6
-4
4
4
3
-3
-7
9
-17
-29
3
-5
5
-11
-19
-19
-11
-5
-6
-13
-11
-21
-35
-13
4
-3
-3
3
-13
-12
-12
-7
-13
-7
-7
-30
-3
-1
-14
-7
-8
-14
-21
-28
-28
-15
-32
-40
-32
-27
-18
-28
-36
-18
-26
-17
-34
-41
-25
-36
-24
-37
-40
-40
-30
-25
-40
-28
-15
-35
-30
-23
-33
-29
-19
-29
-32
-16
-23
-27
-30
-16
-30
-43
-28
-20
-32
-8
-6
-16
6
4
13
9
3
3
13
18
9
19
14
4
4
13
17
14
0
-5
5
1
-7
1
12
-14
-12
6
-8
-12
-19
-19
0
-7
-19
-9
-18
-19
-15
-13
-19
-24
-13
-5
-30
-22
-8
-29
-21
-15
-10
-26
-28
-10
-22
-6
-23
-19
-17
-20
-30
-29
-19
-27
-13
-22
-27
-42
-19
-30
-54
-20
-17
-15
-25
-25
-22
-11
-19
-21
-16
-15
-11
-20
-13
-9
-3
-24
-33
-19
-18
-21
-21
-24
-35
-33
-33
-38
-38
-36
-32
-32
-28
-52
-45
-30
-39
-32
-43
-44
-40
-22
-22
-19
-24
-14
-12
-21
-5
5
-8
-8
4
6
-9
-6
-12
-14
-9
-4
-17
7
2
-8
-11
-32
-19
-27
-24
-24
-22
-31
-32
-32
-38
-20
-30
-44
-26
-40
-27
-10
-17
-9
-23
-28
-10
-14
-34
-30
-33
-21
-32
-31
-28
-27
-3
-33
-42
-33
-39
-38
-36
-31
-36
-41
-34
-53
-32
-41
-24
-21
-29
-21
-27
-36
-26
-17
-17
-19
-25
-13
-13
-12
-14
-26
-26
-33
-10
-13
-40
-37
-45
-35
-36
-40
-43
-31
-25
-17
-36
-33
-15
-29
-29
-36
-22
-34
-31
-26
-31
-33
-21
-6
-16
-27
-38
-39
-34
-25
-38
-41
-25
-22
-23
-22
-27
-30
-35
-32
-13
-25
-34
-32
-42
-35
-26
-29
-20
-25
-21
-25
-20
-6
-21
-18
-24
-26
-26
-14
-22
-28
-13
-32
-18
-19
-9
-23
-24
-19
-15
-30
-28
-15
-35
-20
-17
-2
-22
-11
-14
3
6
-4
0
-5
7
12
8
20
13
6
18
15
22
14
19
15
16
16
9
11
11
20
24
23
26
16
4
12
9
11
19
16
23
19
11
9
11
3
-13
-3
13
11
20
9
10
22
13
8
4
-5
-21
3
-6
-19
-6
-22
-22
-29
-36
-19
-16
-20
-10
-29
-12
-25
-34
-26
-9
-19
-12
0
-24
-23
-17
-5
-16
-2
-21
-14
-2
-11
1
-3
-9
-15
2
-9
-10
-2
-1
-5
-11
10
-6
-16
-5
-7
-1
1
-18
-4
8
-8
-3
2
9
6
0
7
3
3
-3
10
25
11
8
4
26
21
14
29
26
20
19
12
4
22
23
23
31
20
9
13
20
11
13
14
2
4
7
30
7
16
10
-1
9
5
14
0
6
7
5
7
3
8
11
-11
-7
0
2
7
-5
-7
0
13
-14
-6
-7
-18
-3
-10
-5
-4
-16
-5
-7
-1
0
5
11
-2
7
-8
-8
2
-7
-1
-6
4
0
-8
-10
-9
-3
-11
-4
1
-21
-7
-3
-14
6
1
4
10
-7
3
4
1
2
9
1
0
-18
-11
-4
-7
-21
-24
-17
-12
-31
-36
-15
-18
-9
-12
-18
-28
-14
-8
-20
-22
-3
-18
-25
-12
-2
-10
-26
-21
-18
-22
-38
-34
-23
-20
-24
-12
-24
-21
-16
-6
-10
-8
-17
-14
-14
-17
-6
-8
-17
-33
-23
-31
-24
-20
-12
-1
-14
-15
-16
-17
-6
-13
-21
-26
-11
-7
-14
-22
-12
-6
-29
-24
-17
-12
-11
-4
-4
-17
-6
-14
-14
5
2
0
3
-13
2
1
-7
-2
-17
-6
6
-7
9
5
-1
-4
-20
-12
-8
2
-2
1
4
10
0
-16
-2
-5
7
-4
-17
-10
-13
-12
-12
-2
-9
-11
-22
-12
-2
0
-13
-4
-2
0
-4
-9
-3
-1
-8
-8
-1
-15
-19
-17
-5
-16
-13
-35
-36
-24
-17
-24
-22
-31
-32
-18
-19
-17
-10
-13
-12
-14
-17
-9
-11
-6
-20
-9
-6
0
16
-7
-16
3
-11
-3
5
-1
5
18
7
-7
8
4
4
-3
-15
-4
-11
0
3
-10
16
12
12
17
4
10
7
22
16
7
13
4
10
0
-3
-13
-9
-9
-18
-11
-5
-23
-31
-22
-34
-14
-10
-20
-29
-19
-31
-23
-28
-44
-40
-37
-30
-41
-44
-40
-48
-45
-37
-55
-49
-43
-42
-35
-45
-45
-61
-45
-37
-36
-51
-40
-42
-47
-24
-41
-27
-39
-38
-38
-28
-29
-14
-29
-23
-4
-8
-18
-27
-3
-17
-16
-14
-24
-11
-12
-26
-17
-19
-23
-24
-15
-25
-16
-24
-19
-10
-14
-8
-31
-21
-23
-34
-10
-14
-22
-35
-34
-40
-37
-31
-31
-11
-14
-23
-22
-8
-20
-15
-16
-12
-12
-7
-8
-12
-3
-12
-21
-27
-7
-12
-11
2
-4
1
-13
-8
-5
-20
-3
-26
-10
-13
-16
-31
-16
-9
-28
-6
-13
9
-3
-4
-4
-2
-11
-4
-5
1
1
-18
-19
-8
10
-13
-11
-14
-1
-4
-9
-8
-5
-13
-33
-17
-12
-30
-19
-12
-9
-37
-17
-26
-37
-9
-22
-18
-5
-19
-22
4
-17
-18
-19
-33
-7
-1
-23
-33
-16
-13
-14
-18
-1
-2
0
11
-12
1
1
1
13
-2
-5
11
1
-6
-2
3
-1
11
24
13
24
21
-3
3
4
4
9
-7
-7
6
-9
-5
0
-18
-29
-13
-14
-13
-17
-28
-18
-21
-22
-25
-19
-22
-28
-9
-15
-15
-13
-1
-15
-18
-7
-10
-19
-19
-9
-20
-17
-10
3
0
-18
-17
-13
-18
-20
-27
-24
-33
-27
-14
-31
-19
-27
-20
-21
-24
-31
-40
-22
-38
-45
-39
-40
-49
-36
-39
-29
-41
-41
-44
-35
-31
-47
-37
-37
-41
-36
-36
-37
-20
-33
-24
-33
-55
-50
-57
-31
-42
-38
-40
-35
-35
-48
-33
-25
-25
-28
-28
-20
-23
-37
-24
-28
-23
-18
-27
-36
-35
-16
-32
-34
-32
-29
-28
-30
-23
-30
-29
-34
-32
-15
-30
-42
-26
-35
-24
-17
-29
-23
-31
-36
-32
-27
-32
-19
-25
-18
-9
-21
-28
-29
-14
-24
-21
-26
-28
-14
-31
-17
-24
-32
-25
-39
-28
-38
-39
-28
-37
-42
-40
-31
-33
-31
-35
-43
-26
-26
-29
-27
-43
-33
-24
-30
-28
-29
-24
-36
-22
-27
-21
-43
-43
-32
-32
-42
-34
-28
-44
-23
-26
-24
-24
-13
-8
-22
-25
-19
-23
-10
-21
-13
-15
-17
-7
-13
-13
-4
-13
-11
-12
-10
-18
-14
-2
-13
-14
-15
0
-17
-17
5
-8
-15
-7
4
-2
-7
-1
7
5
-8
-10
-7
0
-10
-5
-1
10
-5
-4
1
-6
9
8
3
11
5
14
12
5
0
-6
-7
-2
-1
-20
-11
-5
-9
-1
-3
-4
-6
-18
-5
2
-3
-7
-10
-6
-19
-19
-11
-14
-13
-17
-1
-11
-6
-13
-12
-15
-30
-2
-10
-7
-24
-16
-18
-14
-6
-16
-31
-14
-14
-31
-20
-31
-34
-33
-32
-33
-29
-25
-14
-27
-30
-28
-18
-5
-25
-21
-8
-21
-18
-7
-14
-16
-22
-16
-24
-26
-20
-19
-19
-16
-24
-19
-18
-36
-25
-34
-45
-37
-30
-24
-36
-23
-27
-40
-46
-35
-52
-38
-37
-49
-43
-44
-45
-43
-32
-22
-40
-52
-34
-43
-38
-56
-53
-41
-32
-42
-46
-52
-55
-50
-57
-62
-60
-69
-61
-68
-64
-44
-67
-53
-49
-60
-50
-47
-63
-44
-34
-41
-41
-54
-45
-58
-50
-61
-68
-50
-68
-51
-59
-60
-69
-61
-54
-58
-65
-65
-68
-61
-69
-73
-50
-65
-64
-69
-57
-55
-64
-52
-58
-44
-44
-72
-57
-61
-59
-54
-73
-53
-52
-61
-47
-41
-55
-61
-61
-59
-52
-49
-53
-55
-50
-37
-48
-36
-24
-37
-41
-43
-38
-33
-44
-37
-30
-29
-57
-60
-38
-49
-39
-41
-42
-53
-42
-55
-61
-36
-31
-35
-40
-39
-18
-42
-38
-26
-34
-16
-39
-15
-14
-27
-28
-34
-31
-25
-19
-28
-30
-33
-28
-42
-35
-34
-28
-21
-27
-47
-41
-37
-31
-32
-36
-33
-35
-31
-33
-33
-35
-34
-58
-38
-37
-42
-43
-32
-30
-28
-8
-26
-34
-24
-23
-29
-29
-32
-29
-38
-24
-21
-22
-21
-27
-9
-27
-9
-7
-13
-4
-15
-4
-10
10
1
0
9
-1
13
-3
7
3
13
15
21
6
15
25
25
21
7
26
19
15
23
18
8
21
27
24
27
24
17
10
15
26
29
15
10
7
14
27
20
7
17
25
32
15
17
22
13
-2
16
17
0
7
1
0
10
-13
-12
3
-3
8
14
3
4
13
-4
-7
-2
6
-9
-10
-3
0
-15
-3
1
-22
-22
-21
-21
-35
-42
-35
-28
-21
-33
-33
-41
-59
-57
-36
-35
-40
-37
-47
-19
-38
-39
-24
-29
-46
-30
-31
-58
-34
-46
-57
-41
-43
-35
-39
-57
-39
-32
-25
-29
-49
-37
-39
-40
-43
-44
-30
-34
-53
-41
-34
-41
-44
-38
-37
-45
-37
-25
-45
-54
-42
-46
-48
-57
-40
-41
-49
-40
-43
-44
-38
-52
-71
-54
-47
-58
-47
-39
-54
-58
-59
-48
-36
-46
-35
-37
-46
-44
-45
-48
-41
-42
-47
-58
-58
-60
-63
-63
-66
-60
-73
-69
-68
-67
-63
-59
-46
-55
-64
-69
-59
-50
-60
-68
-48
-68
-71
-43
-51
-60
-64
-69
-57
-65
-52
-63
-63
-46
-45
-42
-50
-48
-49
-36
-32
-52
-45
-29
-34
-33
-43
-53
-44
-43
-32
-52
-35
-31
-28
-33
-25
-10
-24
-21
-26
-16
-17
-31
-35
-20
-23
-21
-24
-22
-31
-15
-19
-26
-27
-32
-31
-40
-26
-33
-20
-24
-27
-35
-22
-12
-30
-26
-27
-26
-34
-17
-22
-18
-23
-22
-12
-15
-4
1
-11
-36
-27
-22
-23
-19
-13
-19
-23
-20
-24
-29
-26
-33
-33
-9
-17
-11
-16
-18
-5
-6
-21
-12
-13
-9
-22
-21
-18
-5
2
-12
-11
15
0
0
9
5
19
-4
-2
8
3
-2
-3
-3
7
-4
-2
-2
2
3
18
23
7
-8
13
-6
6
1
1
6
-12
7
-7
-2
-13
-20
-9
1
-10
-6
-2
-4
-11
9
-1
-19
-3
-16
-14
-4
-5
-18
-15
-14
-23
-19
-30
-26
-33
-31
-22
-33
-31
-23
-49
-49
-44
-41
-42
-58
-49
-44
-42
-46
-55
-53
-57
-38
-43
-53
-56
-58
-37
-63
-62
-48
-65
-58
-66
-58
-62
-67
-46
-54
-66
-60
-61
-49
-41
-41
-62
-59
-47
-48
-48
-58
-35
-47
-45
-47
-43
-28
-34
-45
-37
-34
-37
-30
-38
-21
-30
-37
-48
-44
-42
-33
-35
-34
-37
-42
-43
-39
-46
-51
-47
-48
-55
-49
-41
-55
-39
-42
-44
-45
-54
-38
-43
-47
-43
-46
-41
-38
-47
-39
-58
-50
-49
-49
-34
-56
-34
-33
-36
-43
-37
-47
-57
-42
-30
-30
-37
-42
-40
-24
-28
-41
-34
-23
-31
-29
-30
-32
-29
-20
-30
-36
-18
-16
-25
-6
-8
-21
-8
-10
-1
-18
1
7
-4
-12
-15
-3
-17
-14
-19
-27
-24
-16
-17
-1
-2
-8
-1
-2
-5
-3
12
10
-4
7
7
-2
2
9
26
13
11
15
-1
12
10
10
10
2
5
8
-3
-5
4
3
5
24
4
-3
5
2
4
-1
-1
-4
1
5
-17
-14
12
2
-2
-3
14
9
-1
4
6
14
5
14
2
-2
7
8
17
19
14
12
17
3
14
-8
10
6
-9
4
4
-12
1
-2
-8
9
-3
-4
-8
-1
-8
-2
-10
2
11
8
-6
-14
0
10
4
-4
0
-18
-4
-3
-9
-24
-10
3
2
11
10
16
0
0
13
-10
-11
-28
-21
-19
-31
-20
-15
-23
-22
-19
-42
-39
-21
-26
-26
-28
-19
-3
-11
-21
-29
-35
-34
-24
-27
-34
-36
-27
-21
-42
-27
-30
-47
-38
-46
-55
-53
-42
-46
-43
-29
-36
-38
-41
-45
-53
-39
-39
-42
-28
-41
-52
-52
-60
-30
-22
-58
-39
-39
-46
-33
-37
-34
-34
-28
-43
-42
-36
-33
-34
-42
-43
-23
-38
-40
-38
-43
-27
-25
-23
-16
-23
-40
-16
-26
-23
7
-9
-21
-26
-43
-36
-29
-14
-26
-29
-25
-23
-16
-27
-21
-24
-36
-20
-21
-25
-15
-16
-15
-9
-4
-10
-10
-4
-5
-5
0
-4
-10
-6
-4
-4
-11
-1
-7
-17
-15
-7
-17
-23
-14
-15
-11
-3
-5
1
-8
2
-8
-10
-9
-15
-16
-4
16
10
0
0
-11
4
4
9
23
1
5
9
28
6
-4
13
10
2
-2
9
-13
6
19
0
18
16
14
14
-4
2
10
2
13
8
18
24
15
24
18
27
17
20
13
22
46
33
30
19
18
12
27
20
33
30
29
37
17
30
20
30
35
39
26
13
17
15
12
17
24
18
31
27
29
23
27
32
28
41
23
24
39
29
31
22
18
20
24
11
6
6
-4
-5
0
6
-2
-1
-3
-1
-23
-3
-18
-16
-1
-12
7
3
-4
-14
0
-9
-7
-8
4
6
-2
-12
1
-5
-19
8
-3
-14
-5
-5
-16
-16
-8
