-27
-4
-2
-9
-16
-12
-8
-8
-13
-6
-22
-1
-8
-23
-29
-33
-8
-9
-11
-28
-27
-19
-23
-20
-21
-33
-42
-36
-35
-21
-50
-32
-43
-51
-54
-54
-41
-50
-40
-48
-49
-57
-33
-47
-42
-35
-27
-24
-35
-36
-24
-28
-23
-25
-48
-45
-37
-45
-42
-45
-38
-25
-26
-30
-32
-34
-27
-29
-13
-23
-41
-23
-31
-21
-26
-16
-18
-15
-14
-18
-22
-24
2
-17
-5
-9
-7
-14
-13
-11
-7
8
21
-6
0
14
-8
2
-3
8
9
-4
-4
-15
-6
-3
-9
10
-1
12
4
-3
5
12
12
8
2
4
19
12
7
-3
9
10
-2
7
-2
-2
1
-7
13
8
-3
3
12
-1
-15
14
-7
-14
-12
-18
-23
-29
-13
-21
-18
-4
-14
-15
-10
-18
2
-16
-19
-7
-27
-25
-16
-22
-12
-15
-15
1
-6
0
-5
-13
-12
-16
-22
-15
-7
-15
-30
-16
-7
-8
-4
-7
-9
-12
-14
-10
-5
-4
-14
-14
-4
-3
-9
4
1
-5
-5
10
10
2
-5
-11
-7
-17
4
-11
-14
-3
-21
-7
-2
-16
-2
-3
-3
-5
-15
-15
-5
-2
-9
-15
-18
-7
-21
-1
-4
-26
-28
-24
-27
-22
-29
-42
-25
-28
-19
-22
-39
-47
-43
-36
-32
-30
-26
-35
-28
-24
-31
-28
-30
-42
-34
-36
-44
-34
-24
-27
-46
-45
-38
-30
-29
-41
-22
-21
-22
-14
-20
-15
-15
-4
-10
-18
-19
-33
-29
-23
-18
0
-10
-10
-2
-26
-11
10
2
1
0
5
-17
-7
-6
-10
-21
-14
-12
-15
-2
-15
0
-1
-4
1
7
-5
-19
-13
10
-12
-3
10
13
16
-9
6
1
-11
-9
-21
-2
2
2
1
-14
-14
-19
2
-4
-10
-1
6
14
13
13
26
24
14
4
8
9
1
6
3
5
23
34
20
20
23
28
4
6
9
-5
19
3
7
21
11
15
9
9
12
25
29
14
31
37
32
28
19
26
31
20
3
19
18
12
37
35
40
38
24
34
21
10
19
6
30
22
18
31
25
38
26
24
31
27
28
14
18
33
18
14
27
17
12
18
15
19
30
31
16
19
21
18
28
20
1
32
35
25
20
20
21
29
17
2
12
13
30
25
25
30
12
17
41
25
17
39
40
27
25
18
14
30
33
24
13
20
47
34
29
35
29
22
23
12
14
22
30
17
28
38
25
34
3
24
28
8
33
33
23
20
23
34
28
28
30
32
40
30
35
31
36
29
26
30
30
32
38
35
17
14
33
39
23
26
22
37
19
26
25
16
20
7
14
1
11
12
3
-4
9
-2
-3
-1
5
5
-8
10
3
-8
-1
-5
11
2
10
24
16
18
10
26
17
21
25
15
-2
2
30
10
13
20
1
16
4
0
10
11
7
-2
-9
-8
-9
-9
3
-5
11
13
8
-6
1
-6
-17
3
-5
4
13
2
6
17
18
8
7
3
11
5
10
5
10
3
-6
5
-11
5
4
2
-4
8
4
-3
-9
-1
5
0
-6
-6
5
-7
2
-9
-1
-9
5
9
3
18
22
17
7
11
11
1
2
24
31
19
19
5
14
25
16
8
10
31
10
18
24
30
16
21
36
13
17
19
13
11
18
23
32
18
13
17
16
23
32
20
14
24
35
21
17
32
43
41
24
31
45
40
28
43
34
34
49
39
42
62
49
51
55
39
43
46
52
53
59
77
65
58
56
67
70
63
65
62
73
67
72
73
68
53
66
58
48
69
59
69
62
67
54
53
52
50
54
44
48
60
54
54
62
43
44
38
47
39
45
51
47
41
40
45
32
30
32
45
44
42
36
39
29
21
36
52
40
38
43
44
26
31
57
51
46
31
40
39
33
51
48
45
51
37
27
51
42
38
50
39
35
37
33
31
35
27
41
39
42
43
44
38
37
25
44
40
53
53
41
40
29
45
31
30
41
29
28
46
38
17
33
31
41
39
24
33
40
27
35
22
15
38
21
27
19
19
18
16
21
29
34
34
32
31
26
40
37
34
44
24
25
38
33
18
20
22
25
31
28
31
19
22
29
34
32
18
19
32
40
18
32
33
18
13
13
32
30
20
48
28
34
49
41
46
45
39
34
47
47
44
39
42
56
43
43
49
44
42
50
44
35
55
39
61
44
44
66
53
70
62
46
49
55
50
46
50
54
54
32
52
47
28
31
28
40
34
42
36
34
35
26
25
44
47
14
26
26
26
24
28
34
32
35
22
18
22
13
39
33
26
28
26
33
24
32
26
37
44
38
27
39
35
31
33
24
26
30
27
37
22
35
22
30
33
19
27
27
29
21
19
27
24
10
27
26
28
26
28
28
24
42
36
38
51
28
29
33
25
29
21
24
14
31
21
34
51
36
44
39
55
41
42
47
46
55
51
25
35
39
32
43
38
35
20
30
20
25
27
38
43
34
41
31
33
36
30
39
49
43
40
41
48
35
28
30
38
46
23
36
34
33
45
19
34
36
28
29
42
38
31
39
29
49
37
40
30
33
36
22
27
36
33
42
49
42
40
33
51
49
50
60
66
56
59
76
63
66
44
49
49
48
49
27
35
43
44
54
47
59
46
43
61
50
56
47
51
52
52
52
36
35
61
33
39
35
25
39
39
31
39
41
39
41
42
39
33
24
17
41
36
37
48
38
36
34
40
35
47
38
39
44
41
48
39
35
25
32
35
28
29
36
40
45
53
45
51
56
59
44
51
53
41
45
38
55
36
37
43
37
42
51
25
33
38
43
43
27
29
35
49
38
37
48
53
46
47
53
47
41
53
63
56
40
43
51
53
47
37
41
44
34
28
34
44
40
29
19
26
37
31
27
38
41
43
39
32
38
37
23
25
24
28
37
34
35
26
28
34
25
32
20
31
45
41
35
42
30
16
38
32
35
39
48
44
37
53
36
44
53
62
60
50
56
48
47
49
52
50
47
47
59
43
46
60
46
40
38
39
50
41
26
31
46
45
35
49
45
45
28
41
59
28
48
31
36
49
47
61
48
55
46
45
46
32
45
34
36
50
43
43
51
39
53
61
52
60
46
55
45
49
33
46
45
50
37
37
43
36
55
41
43
44
47
48
43
35
53
50
32
37
42
49
44
37
38
36
37
35
39
48
54
41
61
50
45
46
30
44
45
35
37
33
44
43
41
44
46
38
39
43
38
40
47
36
44
44
39
40
51
50
48
46
44
57
44
42
42
38
38
44
38
57
43
44
45
24
30
31
44
23
31
32
27
32
28
21
24
32
29
46
25
32
7
26
33
9
23
10
21
19
26
38
41
19
22
19
15
31
18
17
-5
11
21
26
11
29
25
6
27
21
28
23
28
22
24
29
19
26
33
29
35
50
45
38
58
46
43
49
50
42
31
44
34
38
56
29
5
18
25
21
24
32
24
45
37
46
32
26
31
17
26
23
19
20
32
24
32
49
26
23
25
26
41
33
35
41
43
45
48
48
60
51
54
35
55
49
37
51
54
59
45
52
34
47
48
38
51
51
46
52
39
49
42
39
46
39
37
41
31
16
30
47
34
41
58
52
41
41
40
56
33
30
43
26
29
40
40
40
22
34
29
22
34
24
28
32
44
54
28
42
32
25
44
18
36
32
27
22
27
32
16
15
21
13
15
23
25
29
29
17
34
23
25
22
19
10
20
37
24
37
27
29
31
15
17
10
13
21
20
9
24
12
12
4
7
14
1
11
19
25
18
16
17
13
15
10
1
9
22
43
12
18
17
15
40
22
30
7
19
19
10
30
22
20
7
19
10
13
15
26
18
7
11
5
16
13
20
16
13
19
15
12
19
9
24
15
10
21
1
8
16
19
11
13
16
17
14
22
5
7
8
9
3
-9
9
10
7
-4
1
8
9
-2
3
18
11
3
0
1
-7
7
-4
1
-20
-9
-6
-18
-19
-12
-5
-10
-4
-4
8
2
10
-8
-1
-5
-8
-14
-10
-20
-5
-13
-18
0
-2
-11
-12
-10
-8
-3
16
13
8
21
12
34
10
-6
-3
8
13
31
4
7
-7
-6
9
-13
8
3
8
-6
5
19
9
2
2
-6
-13
4
7
5
-10
-8
-20
-6
-1
-19
-8
-8
-7
-8
-19
-17
-3
2
0
-4
-12
-1
-11
-22
-4
-17
-17
-13
-11
-3
-16
-13
-3
-10
-11
-19
-21
-12
-5
-12
-6
-10
-11
-24
-30
-9
-20
-9
-6
-15
-27
-34
-25
-7
-9
-15
-6
-16
-17
-16
-16
-24
-17
-25
-30
-28
-26
-10
-23
-18
-26
-25
-10
0
-13
-29
-26
-25
-15
-14
-18
-28
-10
-9
-8
6
-9
-12
-8
-8
0
-1
-1
-17
-15
3
-8
-2
-10
-13
-8
2
1
1
0
-5
0
-11
-6
0
-20
-13
8
-3
5
-2
1
-1
-9
-15
-10
-17
0
5
-5
16
-12
-5
-11
10
3
-19
-7
7
-1
-6
10
2
12
12
-11
0
-6
-4
0
-2
-6
2
8
9
15
10
12
15
1
5
9
2
18
17
7
-5
-15
-7
-4
-6
4
-7
1
-12
-6
-1
-11
1
7
10
0
-4
-13
-13
-23
-10
-12
-11
-13
-12
-9
-11
-18
-17
-11
-34
-19
-7
-1
-14
-41
-31
-15
-10
-22
-13
-21
-11
-14
-16
-6
-11
-7
-8
-18
-9
-11
-19
-3
5
2
1
17
8
10
12
3
2
18
2
9
22
16
4
25
27
13
24
24
24
16
37
32
30
38
18
24
14
29
42
34
17
21
34
24
30
17
19
8
24
26
28
19
16
22
21
7
9
14
-3
-8
6
-9
-4
4
5
9
2
-2
-10
-3
9
9
6
13
-9
-10
0
4
-1
13
-14
-7
-5
-11
7
3
4
-3
12
-1
15
15
9
-16
-3
12
-8
6
13
23
17
-2
4
-10
-6
12
-6
-7
-2
-2
8
7
-6
7
3
12
11
-3
8
22
12
-3
-1
7
-3
-3
8
2
1
1
6
22
-4
3
14
2
0
7
0
10
5
-1
21
16
15
-4
6
15
22
12
3
4
27
23
8
16
20
14
7
3
8
8
6
7
-5
-2
-4
-3
-14
-15
-5
-2
-10
-4
-15
-22
-2
-14
-13
-9
-3
0
-20
-16
-6
-12
-14
-18
3
-7
-4
-3
-18
-17
-18
-3
-13
-17
-21
-17
-20
-17
3
-7
8
10
1
9
-11
-14
-3
-19
-5
6
-11
-4
-5
1
-1
-14
-13
9
-2
-19
3
10
4
-6
-10
3
3
1
-5
4
-16
-15
-2
-9
-3
-15
-21
-9
-15
-27
-22
-21
-17
-19
-19
-3
-26
-24
-6
-20
-11
-11
-26
-21
-9
-19
-28
-15
-9
-22
-24
-9
-13
-12
-23
-21
-1
-8
-6
-10
-9
6
-14
-9
-13
-30
-23
-20
-11
-13
-30
-7
-13
-19
7
-3
-3
-9
-17
-16
0
4
13
-5
11
0
-3
-4
-1
7
-15
1
-8
-14
-8
-11
-8
-18
-20
-11
-26
-16
-13
-11
-9
-10
-8
-1
-16
-24
-6
-12
-4
-16
-8
-11
-11
-15
-33
-15
3
-13
8
-9
-11
-10
-28
-17
-18
-9
-15
-9
-8
1
-12
1
-10
-14
-13
-9
-17
-16
-1
-17
-4
-22
-16
5
-2
-12
-17
-24
-15
-13
-2
-8
-14
-23
-14
0
-9
-17
-25
-14
-19
-26
-10
-11
-8
-3
-7
10
10
3
-8
-9
-12
-4
5
6
-6
2
0
4
-8
-4
10
9
-5
-16
5
-8
-13
-3
-17
-7
-1
-14
-11
-26
-16
-9
-36
-22
-25
-25
-5
-26
-40
-46
-43
-40
-40
-38
-36
-20
-29
-39
-41
-24
-33
-35
-27
-30
-34
-42
-36
-51
-38
-37
-48
-42
-46
-44
-42
-41
-40
-48
-53
-41
-61
-50
-39
-51
-47
-57
-43
-41
-46
-58
-56
-47
-55
-62
-50
-37
-43
-46
-43
-37
-46
-46
-42
-41
-55
-55
-58
-39
-36
-53
-43
-40
-48
-40
-40
-38
-38
-40
-45
-65
-32
-30
-37
-36
-37
-59
-57
-52
-46
-43
-52
-45
-39
-48
-66
-36
-45
-55
-39
-53
-63
-57
-68
-70
-52
-75
-62
-58
-68
-68
-63
-63
-62
-73
-58
-54
-71
-48
-61
-58
-67
-55
-54
-61
-56
-47
-52
-54
-57
-60
-69
-64
-67
-56
-34
-47
-43
-37
-52
-53
-48
-43
-32
-33
-33
-43
-42
-31
-26
-36
-33
-35
-28
-45
-45
-50
-41
-34
-46
-33
-28
-23
-36
-36
-28
-28
-34
-19
-22
-17
-24
-33
-18
-27
-20
-24
-30
-30
-22
-25
-34
-24
-31
-19
-15
-33
-18
-2
-18
-13
-10
-9
-17
-34
-10
-19
-31
-24
-26
-13
-32
-20
-12
-21
-35
-46
-29
-37
-21
-16
-25
-37
-39
-49
-36
-33
-34
-29
-28
-21
-27
-24
-31
-35
-34
-38
-35
-38
-38
-40
-23
-20
-43
-50
-53
-58
-56
-37
-46
-59
-45
-40
-49
-31
-32
-51
-31
-21
-43
-42
-40
-42
-50
-40
-56
-40
-35
-53
-51
-44
-34
-31
-25
-50
-48
-49
-32
-30
-41
-55
-57
-42
-57
-57
-49
-47
-38
-58
-46
-46
-53
-48
-49
-34
-45
-26
-42
-51
-46
-46
-37
-52
-37
-46
-55
-49
-26
-36
-46
-40
-46
-43
-52
-44
-42
-52
-27
-42
-37
-52
-24
-36
-45
-22
-41
-23
-31
-27
-34
-44
-18
-14
-42
-41
-29
-31
-21
-19
-42
-36
-40
-16
-16
-39
-26
-46
-39
-30
-35
-32
-27
-39
-40
-32
-46
-12
-24
-48
-46
-42
-43
-36
-42
-55
-44
-43
-37
-48
-41
-41
-41
-38
-42
-41
-43
-51
-43
-43
-37
-39
-43
-49
-54
-57
-56
-52
-53
-54
-45
-23
-58
-57
-36
-41
-45
-41
-43
-28
-31
-43
-42
-47
-35
-38
-29
-48
-40
-28
-27
-36
-46
-36
-42
-21
-43
-55
-33
-25
-42
-47
-51
-44
-55
-56
-51
-50
-43
-60
-48
-52
-42
-46
-63
-53
-57
-58
-53
-56
-55
-51
-60
-41
-48
-51
-51
-50
-52
-59
-53
-45
-44
-52
-57
-66
-67
-64
-61
-52
-57
-53
-59
-46
-54
-76
-61
-54
-53
-58
-46
-46
-45
-52
-56
-60
-51
-59
-49
-41
-46
-45
-54
-49
-50
-51
-42
-48
-49
-48
-46
-47
-45
-49
-47
-48
-34
-33
-37
-40
-27
-19
-50
-35
-49
-38
-47
-55
-50
-45
-47
-67
-49
-43
-47
-45
-43
-38
-37
-45
-43
-53
-46
-39
-44
-51
-58
-52
-55
-55
-46
-30
-31
-43
-42
-39
-24
-38
-40
-36
-28
-22
-30
-49
-24
-18
-20
-29
-28
-30
-38
-27
-34
-33
-31
-24
-32
-27
-21
-16
1
-18
-22
-15
-15
-17
-33
-9
-19
-24
-7
-4
-23
-9
-13
-24
-7
-18
-16
-21
-26
-25
-31
-19
-32
-37
-5
-14
-32
-11
-19
-28
-21
-34
-43
-29
-19
-27
-27
-32
-39
-28
-27
-19
-42
-39
-27
-30
-36
-32
-15
-16
-20
-43
-37
-41
-42
-33
-24
-26
-20
-30
-41
-32
-38
-30
-34
-35
-35
-30
-26
-28
-25
-35
-15
-39
-35
-10
-29
-31
-32
-24
-35
-30
-22
-25
-38
-39
-21
-28
-11
-22
-15
-16
-37
-10
-18
-9
-27
-28
-24
-36
-38
-31
-27
-32
-35
-39
-35
-25
-28
-23
-30
-35
-26
-34
-30
-27
-32
-30
-36
-26
-35
-42
-50
-49
-41
-41
-45
-39
-49
-47
-40
-40
-41
-62
-47
-48
-35
-31
-35
-36
-45
-34
-41
-42
-50
-37
-34
-31
-20
-33
-35
-32
-32
-18
-21
-12
-10
-32
-26
-18
-15
-34
-14
-12
-14
-10
-19
-5
-2
-2
-20
-9
-4
-19
-26
-12
-16
-9
-8
-19
-16
-21
-8
2
-16
-16
-8
-12
-13
-26
-19
-6
-20
-2
-26
-7
-6
-23
-4
-22
-20
-30
-13
-10
-30
-12
-4
-13
-19
-11
-2
-13
-5
-17
-19
-6
-37
-21
-14
-8
-26
-41
-13
-23
-21
-26
-24
-32
-20
-23
-27
-23
-19
-21
-27
-26
-34
-33
-30
-39
-37
-25
-22
-27
-23
-32
-25
-29
-25
-37
-42
-40
-34
-37
-44
-26
-38
-26
-24
-22
-38
-19
-31
-38
-26
-33
-39
-34
-28
-30
-31
-36
-27
-31
-32
-31
-20
-24
-26
-42
-39
-32
-28
-29
-21
-35
-29
-28
-31
-40
-39
-29
-35
-37
-52
-37
-23
-18
-30
-32
-29
-14
-30
-27
-18
-22
-22
-17
-19
-12
-21
-24
-16
-15
-10
-18
-16
-4
-2
-13
-10
-7
4
-17
-18
-12
-19
-11
-6
-11
-31
-27
-10
-15
-13
-14
-11
3
-10
-16
-4
-10
-10
-11
-21
-20
-13
-18
-29
-29
-30
-24
-15
-29
-20
-14
-11
3
-11
-4
4
3
-9
-9
-15
-6
-13
-22
-6
-12
-4
-26
-20
-22
-25
-18
-17
-23
-16
-34
-36
-20
-40
-33
-28
-23
-20
-7
-23
-19
-7
-21
-31
-25
-35
-39
-31
-28
-32
-27
-39
-30
-29
-36
-44
-28
-26
-33
-36
-36
-16
-32
-29
-38
-32
-29
-18
-26
-27
-20
-24
-14
-26
-23
-24
-15
-24
-36
-33
-24
-21
-23
-28
-31
-24
-24
-16
-12
-28
-37
-22
-21
-31
-21
-37
-31
-28
-17
-20
-12
-20
-22
-6
-27
-27
-26
-25
-23
-19
-12
-8
-19
-20
-30
-16
-17
-21
-20
-27
-24
-32
-14
-33
-8
-19
-32
-28
-39
-43
-45
-41
-39
-34
-36
-33
-23
-44
-27
-34
-36
-45
-34
-32
-39
-28
-27
-36
-29
-28
-32
-36
-39
-27
-29
-21
-16
-34
-39
-23
-33
-28
-27
-27
-23
-33
-25
-8
-27
-39
-15
-23
-26
-36
-22
-28
-27
-24
-12
-9
-30
-25
-36
-27
-25
-31
-26
-22
-25
-35
-36
-17
-20
-25
-24
-36
-30
-15
-3
-25
-39
-31
-23
-22
-34
-29
-24
-23
-33
-33
-30
-38
-38
-33
-43
-38
-28
-40
-30
-20
-29
-45
-37
-27
-34
-12
-28
-13
-20
-19
-8
-23
-30
-27
-26
-23
-14
-4
6
-5
-11
-26
-14
-12
-10
-3
-10
-10
-23
-9
-1
-19
-15
-1
-7
1
7
-5
-4
-6
-17
-17
-13
-21
-15
-14
-9
-13
-11
-17
-29
-24
-17
-22
-24
-23
-26
-14
-18
-28
-28
-23
-18
-9
-13
-23
-17
-13
-16
-13
-16
-12
-2
2
7
3
9
5
2
-4
-2
3
2
24
2
-13
9
5
3
-5
-8
-19
-4
-5
-13
-4
4
4
9
-2
0
-3
-12
2
1
-11
-9
-11
-13
-2
0
-8
-14
2
11
-7
-12
-11
-13
-21
8
7
-1
-8
-1
-9
-23
-8
-10
10
2
-2
-22
-18
-6
-13
8
7
-3
-3
-4
-2
-10
7
10
0
-5
-7
4
-2
3
7
9
-4
-2
-4
5
4
-12
-7
2
1
-3
3
9
1
0
-5
-18
-9
-12
-6
-11
-11
-3
-15
-15
-2
-4
-5
1
-14
-9
-26
-23
-20
-16
8
-13
-12
-15
-19
-11
-22
-23
-9
-10
-21
-8
-9
-24
-16
6
-5
-22
-8
-5
-15
-7
-4
-3
-12
0
6
9
10
-8
4
-7
0
3
-2
5
-9
7
4
0
-4
-8
-19
-2
3
0
11
9
9
8
8
17
6
9
-7
-10
1
5
5
-9
-3
0
4
-15
-3
-8
-29
-8
-17
-27
-23
-8
-20
-15
-7
-24
-27
-33
-15
-11
-20
-16
-21
-9
-9
-19
-26
-17
-18
-10
-7
-14
0
-13
-19
-8
-18
-19
-14
-23
-14
-14
-7
-8
-9
-3
1
6
7
-2
-9
-3
-18
-6
2
-8
1
-11
-11
-8
-9
-10
-36
-18
-14
-19
-30
-22
-26
-34
-18
-24
-20
-20
-15
-17
-29
-30
-26
-32
-27
-12
-7
-11
-28
-18
-12
-17
-10
-17
-9
-16
-17
-19
-15
-12
-20
-7
-2
-13
-9
2
6
-2
-6
0
0
4
8
-5
-1
0
5
-3
1
8
-2
2
-7
14
10
10
14
0
5
1
-3
-2
16
14
10
14
11
17
19
6
0
20
11
10
-1
2
6
0
13
15
-7
12
16
10
16
9
28
26
18
12
28
18
5
19
16
14
15
21
12
15
30
16
13
23
19
34
36
10
14
16
31
40
34
19
30
31
35
18
39
27
16
30
33
17
1
1
9
22
5
13
1
13
17
12
15
12
6
5
1
-6
11
13
12
7
13
25
8
5
-3
-17
21
1
5
8
2
13
-10
19
-4
-9
15
4
16
5
6
15
10
-4
-1
14
30
14
5
-3
14
10
9
15
14
-2
2
8
1
20
12
1
3
0
8
13
-4
-2
-7
-3
-4
-8
-11
-1
-23
-6
-13
-31
-18
-20
-7
-17
-9
-12
-2
-7
-4
-16
-17
-9
-13
1
-16
-14
-10
-5
-25
-2
-13
-24
-5
-13
-13
-19
-24
-28
-15
-10
-15
-12
0
-8
-15
-12
-3
-7
0
-6
0
3
-11
-9
-9
2
-10
-13
-8
-7
-10
-23
-23
-7
-21
-22
-8
-9
-15
-6
6
-14
1
11
0
-2
-12
0
12
8
-22
1
-3
-4
-9
-11
-1
-10
-19
-22
-7
-13
-7
0
-8
-8
-4
-3
0
-4
-11
3
8
-9
6
2
-9
-4
-10
-10
0
2
-8
6
10
5
18
22
18
2
1
-9
-26
-12
5
0
-13
-18
-9
1
-16
6
-8
-11
0
-17
-3
2
1
2
3
3
-6
0
3
-17
-18
2
-5
3
6
-17
-6
-3
-15
-18
-10
-6
-12
-9
-19
-21
2
-11
-17
-1
-7
-3
-26
-11
-11
-24
-18
-12
-27
-23
-19
-31
-19
-24
-11
-29
-15
-17
-29
-31
-20
-22
-27
-15
-29
-23
-27
-24
-17
-22
-22
-9
-20
-34
-20
-17
-20
-16
-21
-16
-15
-21
-22
-21
-14
-30
-26
-9
-38
-27
-27
-20
-25
-28
-8
-13
-12
-29
-30
-13
-12
-8
-17
-25
-32
-12
-5
-25
-17
-11
-11
-21
0
-5
-12
-10
-8
-5
-14
-3
-22
-8
-5
-20
-15
-4
-11
3
4
1
10
5
-2
-3
1
-13
-8
-26
-20
8
-7
-15
-22
-8
-5
-7
-1
-19
-19
-21
-14
-21
-24
-33
-22
-24
-41
-29
-18
-19
-18
-19
-26
-5
-22
-35
-17
-21
-13
-7
-19
-12
-11
-8
-5
-1
-6
-4
-12
-3
-5
-13
-1
-15
-21
-16
-22
-13
-23
-36
-17
-22
-18
-16
-18
-18
-34
-7
-24
-21
-33
-41
-21
-32
-33
-31
-28
-37
-32
-39
-24
-16
-19
-33
-36
-33
-27
-28
-29
-32
-26
-6
-13
6
-6
-17
-17
-13
-4
-21
-27
-13
-21
-27
-15
-20
-21
-17
-24
-30
-10
-16
-12
-18
-22
-14
-19
-19
-23
-8
-28
-33
-15
-10
-7
-19
-14
-16
-23
-22
-18
-7
-23
-29
-18
-27
-33
-38
-30
-25
-31
-46
-41
-18
-41
-34
-41
-39
-40
-66
-61
-44
-50
-63
-47
-50
-46
-46
-34
-34
-42
-46
-38
-22
-40
-37
-19
-47
-44
-26
-39
-50
-28
-37
-42
-24
-26
-40
-26
-10
-26
-25
-27
-22
-27
-21
-20
-26
-34
-14
-14
-28
-28
-26
-11
4
-11
-12
-9
-19
-33
-30
-15
-26
-14
-31
-24
-23
-15
-4
-12
-16
-26
-22
-32
-22
-22
-17
-25
-36
-37
-38
-52
-27
-31
-31
-31
-41
-33
-36
-35
-37
-20
-31
-34
-35
-51
-48
-60
-67
-59
-48
-46
-47
-47
-56
-44
-50
-38
-36
-36
-40
-31
-30
-51
-23
-45
-48
-49
-42
-25
-44
-35
-50
-39
-38
-53
-39
-52
-37
-33
-43
-37
-53
-39
-33
-25
-32
-29
-21
-5
-23
-29
-21
-23
-16
-7
-24
-21
-17
-13
4
-21
-10
-19
-23
-15
-7
-2
-4
-8
-19
1
-14
-8
-7
-5
8
-2
-11
-10
-5
-10
-23
-27
-7
-7
-30
-35
-21
-21
-21
-36
-32
-44
-22
-47
-55
-42
-62
-51
-52
-33
-58
-61
-64
-72
-76
-65
-69
-74
-82
-74
-74
-98
-89
-94
-98
-89
-89
-113
-100
-105
-89
-103
-98
-86
-92
-82
-72
-70
-75
-78
-77
-72
-65
-56
-49
-46
-46
-30
-49
-29
-11
-6
-8
-8
4
6
20
24
13
27
36
38
47
43
46
34
48
64
64
54
49
63
63
57
66
56
54
59
47
35
44
45
44
37
35
9
25
2
-21
-16
-20
-30
-38
-55
-72
-62
-70
-78
-96
-124
-137
-140
-142
-152
-170
-173
-178
-185
-200
-207
-211
-214
-203
-208
-222
-247
-224
-225
-235
-235
-222
-215
-224
-203
-209
-209
-196
-189
-181
-188
-165
-162
-151
-136
-112
-110
-93
-75
-53
-34
3
18
32
48
63
95
121
141
154
183
202
230
255
284
299
321
349
384
395
409
429
447
484
493
484
488
474
451
417
397
376
329
289
273
221
162
107
59
14
-27
-56
-119
-136
-165
-192
-223
-268
-274
-284
-298
-293
-312
-336
-313
-324
-343
-343
-330
-335
-342
-329
-331
-319
-311
-320
-334
-317
-321
-326
-325
-332
-343
-346
-346
-348
-332
-315
-326
-327
-336
-327
-320
-300
-286
-265
-253
-257
-232
-209
-208
-171
-170
-153
-123
-105
-72
-57
-19
-10
1
34
55
47
51
77
82
80
95
98
84
110
112
153
162
161
211
233
261
281
298
323
358
386
418
443
471
479
474
457
430
403
402
363
318
299
236
183
138
108
60
-4
-31
-68
-105
-130
-176
-182
-195
-200
-194
-211
-213
-206
-207
-200
-202
-216
-214
-220
-232
-221
-210
-228
-230
-238
-239
-243
-260
-272
-253
-260
-256
-243
-247
-229
-226
-229
-225
-210
-199
-186
-167
-151
-146
-158
-159
-165
-169
-155
-161
-155
-168
-168
-175
-166
-166
-177
-176
-175
-167
-144
-147
-140
-145
-152
-141
-136
-117
-125
-108
-127
-117
-112
-103
-122
-121
-117
-101
-84
-75
-59
-68
-49
-28
6
6
33
64
104
138
175
211
252
299
348
391
474
511
537
545
520
503
490
528
551
542
476
389
334
291
267
211
147
96
50
26
4
-28
-77
-144
-145
-140
-153
-165
-183
-191
-224
-173
-189
-226
-259
-273
-270
-276
-266
-277
-285
-322
-329
-338
-328
-351
-374
-349
-338
-315
-307
-325
-327
-327
-317
-284
-263
-252
-255
-246
-244
-235
-246
-277
-271
-269
-277
-275
-277
-290
-263
-273
-275
-259
-274
-253
-225
-211
-187
-167
-153
-149
-139
-120
-124
-108
-85
-66
-56
-50
-45
-30
-37
-24
-5
2
13
34
64
92
108
116
128
165
198
253
313
360
414
455
514
596
647
672
654
627
585
577
597
608
600
510
411
335
275
214
156
90
6
-34
-74
-88
-131
-201
-266
-270
-263
-271
-284
-315
-317
-298
-268
-259
-290
-338
-328
-319
-302
-269
-300
-332
-345
-349
-344
-344
-355
-385
-378
-359
-317
-300
-292
-300
-302
-280
-266
-216
-227
-195
-163
-150
-139
-133
-138
-151
-118
-127
-96
-87
-104
-120
-127
-109
-109
-114
-145
-141
-150
-133
-127
-133
-156
-160
-139
-149
-143
-140
-160
-150
-155
-156
-144
-157
-154
-149
-120
-108
-98
-107
-89
-66
-49
-43
-17
18
43
85
116
143
182
246
303
341
428
499
559
620
625
598
576
556
586
616
605
555
476
384
332
274
212
139
47
-9
-37
-40
-100
-143
-201
-234
-239
-251
-253
-265
-264
-256
-247
-224
-245
-292
-306
-302
-273
-276
-280
-297
-336
-326
-325
-333
-364
-377
-381
-367
-318
-295
-288
-291
-305
-288
-266
-251
-254
-241
-203
-194
-179
-177
-199
-202
-179
-181
-178
-183
-197
-201
-207
-184
-152
-163
-184
-184
-204
-183
-184
-186
-171
-158
-132
-118
-111
-144
-153
-128
-132
-127
-125
-118
-125
-119
-97
-123
-129
-128
-104
-88
-78
-56
-44
-28
-10
18
44
89
122
163
235
293
376
436
503
573
621
629
597
591
586
628
640
644
595
490
398
332
280
215
127
45
3
-43
-64
-101
-168
-224
-260
-280
-277
-293
-287
-285
-259
-231
-225
-227
-266
-276
-281
-259
-239
-253
-276
-288
-299
-295
-303
-336
-357
-356
-325
-308
-279
-274
-277
-276
-267
-260
-258
-255
-250
-245
-242
-218
-210
-210
-239
-268
-269
-273
-272
-285
-269
-252
-233
-202
-209
-221
-233
-219
-173
-142
-124
-101
-99
-101
-76
-92
-85
-85
-86
-82
-69
-68
-86
-75
-82
-68
-85
-81
-71
-79
-42
-17
5
13
44
78
109
185
259
342
394
497
593
655
712
718
721
735
765
786
796
783
726
648
569
496
399
305
223
141
103
54
15
-44
-119
-165
-195
-220
-232
-263
-262
-261
-227
-199
-214
-227
-257
-255
-268
-274
-263
-276
-273
-273
-271
-270
-282
-316
-340
-338
-328
-304
-289
-280
-269
-232
-221
-226
-214
-218
-217
-194
-198
-197
-206
-201
-198
-199
-184
-217
-247
-279
-285
-272
-258
-232
-208
-201
-214
-228
-233
-226
-225
-202
-180
-182
-150
-131
-133
-138
-136
-149
-144
-138
-127
-109
-115
-119
-120
-107
-95
-95
-117
-89
-66
-39
-10
7
47
90
137
208
313
373
457
546
642
747
817
860
830
813
826
846
880
895
811
693
598
513
408
321
213
99
49
11
-19
-70
-156
-239
-281
-303
-320
-327
-341
-333
-283
-242
-212
-233
-258
-298
-291
-261
-278
-289
-312
-317
-309
-286
-278
-312
-349
-377
-364
-335
-318
-326
-302
-283
-268
-245
-248
-257
-262
-258
-248
-248
-248
-239
-258
-225
-222
-246
-267
-296
-302
-298
-283
-269
-257
-235
-236
-219
-186
-165
-166
-177
-178
-166
-131
-115
-104
-122
-109
-85
-103
-109
-112
-127
-109
-105
-120
-131
-128
-112
-103
-75
-60
-46
-29
19
77
138
206
278
371
463
557
662
774
842
874
886
880
867
895
947
951
948
858
740
641
510
424
319
202
114
50
0
-29
-69
-135
-206
-264
-280
-324
-363
-350
-322
-269
-245
-231
-220
-270
-275
-293
-281
-318
-347
-338
-361
-312
-287
-307
-323
-341
-371
-362
-341
-348
-348
-318
-298
-251
-237
-217
-208
-218
-228
-261
-274
-265
-247
-243
-231
-208
-224
-251
-276
-282
-282
-299
-287
-297
-286
-250
-227
-206
-185
-165
-145
-142
-145
-155
-140
-140
-129
-94
-82
-91
-96
-86
-111
-96
-96
-126
-124
-138
-106
-71
-54
-19
17
62
102
164
222
284
390
487
615
758
869
976
1031
1044
1022
950
924
957
986
1007
984
894
788
639
507
386
242
140
57
21
7
1
-39
-96
-133
-207
-239
-282
-338
-360
-348
-265
-225
-201
-184
-199
-227
-257
-284
-336
-398
-423
-425
-403
-331
-301
-294
-307
-303
-301
-326
-336
-345
-339
-309
-266
-202
-158
-136
-135
-163
-197
-206
-233
-266
-298
-305
-307
-293
-251
-211
-178
-187
-195
-215
-250
-251
-230
-186
-130
-81
-79
-219
-305
-297
-243
-214
-240
-219
-188
-181
-212
-198
-181
-143
-98
-72
-54
-30
16
53
113
204
331
465
599
741
895
1063
1233
1411
1612
1804
1824
1775
1474
1003
586
256
4
-120
-71
43
116
96
32
-164
-400
-522
-527
-438
-289
-55
187
403
554
575
491
293
56
-121
-247
-261
-226
-170
-57
-35
-59
-169
-334
-497
-654
-721
-726
-673
-529
-380
-234
-140
-135
-172
-264
-347
-416
-423
-404
-354
-253
-141
-65
-43
-83
-185
-307
-410
-445
-391
-341
-338
-308
-317
-366
-441
-507
-552
-529
-479
-398
-292
-217
-178
-150
-127
-107
-120
-158
-179
-220
-240
-243
-243
-259
-270
-275
-269
-281
-293
-287
-287
-280
-214
-131
-40
70
185
322
459
626
785
916
1095
1248
1428
1627
1762
1930
2066
2191
2232
1816
1087
207
-537
-997
-1314
-1314
-1018
-563
-111
124
268
259
85
-13
57
357
637
795
931
946
858
582
155
-301
-791
-1116
-1239
-1176
-937
-698
-427
-174
-37
45
-19
-109
-177
-191
-136
-105
-4
33
-7
-108
-248
-395
-613
-729
-758
-725
-602
-469
-276
-101
-44
9
18
-12
-113
-238
-255
-255
-271
-304
-381
-444
-542
-576
-596
-549
-461
-336
-172
-44
18
7
-48
-132
-221
-307
-390
-472
-508
-527
-490
-459
-450
-408
-348
-279
-170
-73
-30
12
93
150
253
361
471
603
742
865
976
1113
1276
1457
1635
1852
2073
2236
2340
2219
1686
859
-120
-916
-1393
-1628
-1413
-942
-395
163
512
699
647
442
319
334
497
667
814
837
735
552
213
-189
-652
-1110
-1337
-1368
-1151
-745
-335
67
321
474
521
390
227
30
-142
-211
-250
-218
-218
-278
-386
-533
-663
-787
-809
-741
-615
-426
-209
23
233
296
298
223
82
-65
-239
-305
-374
-475
-516
-569
-578
-586
-562
-466
-342
-153
-23
60
83
-8
-129
-282
-384
-440
-507
-544
-607
-622
-601
-569
-471
-358
-232
-101
-13
59
56
6
-65
-149
-164
-174
-127
-30
117
281
470
672
869
1063
1258
1444
1608
1742
1873
2010
2118
2248
2188
1714
873
-196
-1060
-1574
-1796
-1551
-1044
-378
321
827
1135
1147
920
631
415
408
496
564
533
462
322
74
-253
-659
-1063
-1329
-1414
-1193
-768
-285
175
490
698
754
684
468
157
-156
-410
-587
-616
-574
-572
-595
-654
-718
-732
-710
-622
-506
-363
-176
28
208
304
295
154
-34
-253
-454
-563
-656
-743
-718
-635
-504
-381
-268
-159
-59
55
171
237
213
92
-97
-308
-449
-551
-631
-675
-677
-629
-514
-374
-259
-149
-75
-27
-15
-10
-87
-188
-288
-375
-401
-364
-279
-152
1
220
474
715
959
1141
1318
1469
1612
1701
1817
1979
2052
2210
2299
1933
1188
180
-745
-1322
-1627
-1616
-1222
-617
55
596
929
1075
910
631
443
410
479
541
533
453
323
112
-174
-568
-954
-1199
-1309
-1191
-826
-365
75
410
643
807
828
672
406
97
-195
-420
-572
-637
-681
-752
-823
-844
-834
-730
-623
-507
-346
-182
-12
139
251
243
103
-103
-335
-577
-734
-834
-808
-698
-527
-309
-172
-65
-27
3
14
43
55
31
-37
-149
-275
-395
-472
-537
-539
-521
-462
-359
-227
-142
-86
-47
-70
-112
-165
-281
-377
-457
-528
-530
-469
-358
-195
7
226
438
636
821
991
1125
1290
1430
1529
1627
1717
1860
1960
2121
2189
1868
1184
221
-663
-1305
-1663
-1614
-1189
-604
41
585
919
1018
847
581
395
361
450
566
576
490
342
83
-258
-645
-1004
-1216
-1285
-1123
-723
-266
178
498
719
858
815
636
368
92
-194
-437
-555
-660
-715
-786
-846
-853
-828
-710
-546
-384
-200
-37
107
244
288
299
233
67
-139
-328
-496
-688
-839
-897
-865
-701
-499
-270
-78
99
243
305
345
224
18
-201
-380
-465
-465
-472
-529
-616
-641
-621
-560
-469
-391
-270
-197
-125
-117
-183
-308
-464
-512
-447
-320
-181
8
183
379
571
742
898
1056
1212
1409
1602
1715
1839
1938
2008
2108
2318
2412
1977
1060
-117
-1148
-1711
-1978
-1783
-1206
-502
226
756
1057
1080
816
498
360
474
732
934
933
752
496
113
-331
-845
-1266
-1469
-1475
-1167
-618
-13
455
718
836
848
724
502
237
-23
-200
-353
-434
-521
-667
-847
-1041
-1134
-1073
-859
-587
-313
-39
177
337
442
461
398
285
133
0
-169
-377
-613
-957
-1145
-1130
-958
-632
-332
-40
210
354
445
388
230
74
-117
-228
-298
-381
-532
-709
-868
-943
-829
-720
-543
-352
-218
-71
-66
-77
-174
-305
-374
-420
-391
-307
-216
-101
63
212
356
497
629
801
1024
1299
1551
1756
1874
1958
2047
2135
2220
2365
2299
1680
663
-479
-1320
-1757
-1862
-1543
-951
-271
310
652
805
704
445
267
321
632
1007
1185
1075
735
308
-193
-713
-1175
-1430
-1459
-1261
-850
-327
118
376
444
413
406
358
308
248
161
46
-112
-318
-586
-875
-1131
-1288
-1291
-1081
-758
-419
-152
-2
91
145
173
148
125
114
49
-62
-249
-466
-622
-735
-745
-681
-507
-298
-117
63
178
244
235
189
118
29
-55
-197
-335
-473
-616
-718
-775
-799
-717
-568
-417
-292
-215
-192
-259
-303
-350
-356
-328
-277
-184
-131
-57
-6
20
88
162
293
472
672
880
1078
1238
1376
1462
1542
1648
1779
1927
2067
2276
2305
1829
938
-123
-960
-1424
-1595
-1349
-904
-438
-35
219
360
360
280
303
500
864
1254
1400
1240
816
321
-165
-605
-938
-1115
-1098
-996
-754
-445
-200
-54
7
68
213
402
585
661
606
425
127
-226
-605
-934
-1146
-1268
-1211
-989
-702
-451
-343
-270
-250
-191
-63
88
308
499
599
510
300
44
-293
-651
-892
-922
-744
-452
-206
-60
-8
-12
-64
-72
-23
31
83
78
-33
-198
-412
-691
-936
-1006
-887
-688
-448
-271
-160
-98
-125
-119
-121
-71
0
125
226
241
204
79
-65
-136
-85
82
357
708
1013
1266
1463
1550
1603
1676
1739
1851
2000
2223
2385
2054
1194
69
-944
-1493
-1630
-1414
-958
-516
-172
44
127
152
125
175
382
807
1292
1599
1495
1025
439
-123
-534
-751
-825
-767
-680
-605
-495
-434
-439
-418
-341
-106
263
638
872
822
577
151
-313
-698
-952
-1013
-965
-833
-670
-501
-387
-394
-474
-459
-342
-104
192
478
663
646
497
248
-80
-420
-636
-664
-526
-350
-251
-254
-318
-439
-510
-480
-328
-99
88
211
188
12
-246
-534
-758
-846
-746
-536
-321
-198
-159
-193
-316
-356
-333
-210
-65
45
123
137
67
-62
-259
-409
-419
-358
-155
67
320
530
696
812
956
1158
1283
1432
1570
1698
1848
1960
2122
2170
1676
827
-106
-675
-800
-845
-753
-599
-461
-399
-413
-423
-325
-168
62
400
821
1220
1322
1022
577
252
103
37
-3
-19
-110
-310
-569
-745
-804
-763
-652
-472
-196
139
346
333
99
-158
-332
-410
-380
-279
-167
-162
-244
-326
-404
-458
-531
-582
-573
-460
-251
-102
-34
-3
-4
14
45
65
71
-8
-232
-460
-608
-630
-610
-640
-643
-619
-509
-346
-204
-107
-75
-120
-152
-171
-173
-205
-256
-286
-305
-217
-187
-209
-289
-405
-456
-416
-300
-120
22
90
49
-59
-175
-307
-386
-401
-331
-178
58
298
526
696
831
966
1129
1328
1521
1692
1818
1921
2000
2128
2073
1483
556
-246
-574
-485
-380
-306
-304
-381
-519
-631
-605
-433
-176
154
527
917
1196
1134
794
418
229
272
378
421
345
78
-297
-666
-883
-910
-806
-600
-402
-220
-52
-22
-142
-318
-408
-302
-122
91
247
244
72
-150
-312
-405
-414
-426
-434
-477
-507
-491
-487
-444
-392
-293
-198
-83
-22
-64
-161
-282
-309
-275
-207
-166
-189
-246
-256
-295
-315
-319
-319
-317
-277
-201
-112
-46
-41
-52
-38
3
30
3
-78
-155
-222
-269
-306
-299
-265
-275
-311
-359
-434
-475
-484
-444
-328
-166
16
170
288
389
498
620
782
939
1061
1133
1190
1225
1291
1425
1526
1648
1732
1492
993
463
168
175
236
184
25
-249
-497
-623
-619
-489
-329
-133
25
173
301
301
192
78
128
359
603
713
606
323
-12
-292
-443
-434
-353
-299
-298
-378
-459
-570
-685
-691
-594
-405
-192
-55
-17
-88
-250
-339
-319
-243
-130
-99
-141
-257
-369
-407
-388
-351
-299
-286
-322
-363
-448
-498
-481
-346
-192
-139
-168
-284
-390
-420
-391
-240
-89
22
111
109
86
56
16
32
80
132
120
17
-170
-357
-454
-459
-427
-382
-375
-426
-483
-535
-548
-517
-452
-347
-267
-188
-95
-31
16
93
195
321
447
541
588
596
663
757
867
987
1102
1260
1417
1560
1703
1615
1247
805
553
615
655
542
283
-50
-346
-540
-590
-535
-493
-441
-390
-308
-145
-16
35
96
234
496
708
751
660
438
199
82
66
89
77
-4
-157
-371
-516
-578
-616
-645
-611
-528
-469
-471
-494
-506
-484
-381
-167
11
98
103
6
-102
-155
-98
-57
-49
-99
-215
-396
-536
-562
-494
-384
-341
-308
-351
-418
-398
-322
-179
-11
130
199
215
203
164
120
96
112
114
74
-21
-165
-284
-337
-320
-271
-239
-234
-297
-408
-466
-491
-451
-390
-347
-298
-255
-230
-204
-162
-93
3
120
203
285
346
401
471
539
646
735
811
875
949
1022
1152
1290
1446
1540
1342
967
739
843
1006
912
558
188
-131
-306
-345
-306
-247
-297
-324
-336
-249
-126
-70
-41
70
323
558
619
526
430
378
422
463
450
335
127
-129
-315
-394
-404
-436
-531
-621
-659
-694
-747
-706
-619
-487
-341
-184
-73
-47
-68
-47
-22
-2
47
60
-50
-182
-236
-299
-318
-294
-256
-216
-272
-344
-343
-301
-193
-89
-19
22
54
64
52
79
101
118
90
61
14
-25
-55
-94
-110
-134
-136
-174
-241
-324
-388
-428
-460
-438
-424
-393
-349
-321
-296
-259
-232
-209
-130
-67
47
121
187
242
265
294
362
404
446
507
591
685
787
908
1018
1195
1389
1524
1470
1216
1010
1009
1105
1070
861
588
331
89
-26
-22
-23
-126
-249
-280
-233
-140
-95
-67
-2
113
208
279
256
245
239
275
318
307
247
126
14
-82
-135
-178
-265
-411
-525
-581
-593
-564
-533
-450
-377
-347
-293
-223
-165
-115
-66
-37
-19
-12
12
-17
-52
-80
-148
-283
-342
-286
-213
-202
-239
-256
-214
-124
2
78
93
72
48
97
134
177
181
122
89
74
57
20
-42
-119
-140
-134
-140
-159
-218
-266
-345
-370
-367
-344
-365
-367
-364
-310
-253
-231
-196
-136
-69
-27
9
50
85
141
194
262
292
364
422
508
610
737
867
938
1036
1120
1296
1392
1309
1152
1121
1263
1356
1180
900
651
448
308
276
293
199
-46
-246
-324
-360
-349
-368
-392
-331
-254
-152
-92
-43
58
128
191
190
141
38
-47
-97
-90
-105
-118
-192
-267
-258
-230
-199
-202
-195
-212
-269
-306
-314
-306
-315
-323
-318
-352
-384
-397
-371
-362
-333
-298
-314
-347
-303
-99
96
94
-51
-159
-184
-69
81
170
168
87
36
61
138
179
131
27
-31
-21
-3
-27
-71
-91
-126
-165
-230
-311
-387
-411
-404
-376
-351
-378
-439
-455
-399
-277
-200
-178
-155
-116
-97
-73
-30
13
83
136
179
231
275
343
458
548
676
777
873
996
1100
1278
1413
1373
1215
1127
1202
1246
1115
868
704
582
485
386
332
214
-27
-253
-377
-366
-317
-318
-330
-286
-235
-212
-224
-218
-185
-114
-74
-71
-61
-48
9
47
110
170
165
110
4
-35
-55
-98
-181
-266
-306
-355
-408
-424
-431
-485
-508
-515
-508
-468
-395
-280
-194
-167
-114
-106
-121
-127
-107
-52
-26
-54
-73
-47
-1
108
173
191
155
84
74
85
121
133
120
77
37
46
23
-14
-77
-112
-188
-237
-259
-289
-281
-327
-340
-360
-382
-413
-423
-372
-287
-210
-196
-212
-220
-212
-149
-68
28
106
168
207
258
329
407
485
570
657
731
769
826
929
1050
1185
1216
1154
1124
1200
1316
1291
1088
889
758
626
535
465
358
176
-69
-210
-221
-217
-261
-362
-405
-416
-410
-388
-356
-285
-217
-176
-154
-98
-34
19
81
133
143
110
58
3
-8
7
-4
-86
-197
-298
-402
-467
-481
-482
-477
-481
-447
-405
-368
-324
-267
-239
-261
-277
-288
-253
-182
-77
-27
-60
-102
-99
-44
18
31
23
13
4
20
68
111
109
85
74
93
131
141
99
28
-22
-52
-95
-155
-197
-260
-317
-356
-401
-392
-393
-403
-397
-357
-327
-302
-317
-291
-222
-132
-23
48
98
113
125
178
236
284
321
342
387
448
505
587
693
844
992
1116
1192
1124
1057
1098
1220
1257
1119
935
809
721
640
572
459
262
4
-147
-169
-166
-213
-300
-386
-430
-441
-428
-397
-352
-278
-239
-204
-147
-82
-24
31
52
77
88
56
41
34
32
-41
-143
-255
-350
-400
-418
-414
-410
-421
-486
-514
-469
-429
-367
-325
-292
-239
-192
-148
-88
-57
-24
-5
-52
-112
-151
-143
-128
-117
-93
-105
-129
-116
-71
10
98
144
163
157
130
137
148
119
86
41
-36
-109
-175
-246
-305
-369
-421
-431
-405
-393
-372
-328
-299
-242
-184
-118
-48
13
55
55
48
54
64
84
139
204
281
351
410
499
602
724
864
959
1046
1128
1147
1123
1176
1259
1323
1217
997
881
818
748
624
465
339
201
72
6
-34
-114
-233
-346
-369
-345
-349
-309
-299
-265
-203
-191
-161
-113
-57
22
68
98
105
73
35
5
-33
-65
-155
-241
-306
-365
-415
-464
-459
-455
-441
-419
-375
-293
-224
-180
-111
-103
-109
-100
-84
-82
-135
-190
-265
-268
-255
-238
-219
-201
-210
-143
-69
16
91
149
206
256
297
288
287
238
226
175
130
56
-47
-111
-184
-236
-267
-297
-340
-343
-318
-260
-220
-199
-176
-151
-124
-97
-81
-112
-115
-118
-96
-57
5
83
156
238
315
375
465
541
654
776
922
1023
1101
1186
1180
1165
1170
1217
1251
1146
956
845
760
706
630
523
414
190
24
-28
-53
-112
-225
-329
-369
-384
-376
-294
-276
-266
-271
-270
-175
-106
-19
35
47
31
-13
-49
-58
-83
-86
-130
-231
-303
-370
-377
-390
-406
-378
-364
-370
-351
-305
-275
-239
-225
-203
-195
-251
-244
-215
-234
-235
-260
-274
-275
-236
-175
-128
-82
-86
-63
-30
37
92
149
166
188
191
191
196
167
153
90
26
-23
-41
-52
-59
-83
-133
-171
-188
-223
-248
-255
-258
-265
-269
-294
-307
-319
-317
-303
-273
-216
-129
-23
66
174
243
309
353
435
545
662
821
937
1035
1101
1157
1157
1124
1119
1157
1208
1157
1033
898
790
703
638
532
431
251
56
-7
-24
-52
-140
-241
-326
-343
-345
-330
-286
-281
-290
-274
-216
-135
-84
-87
-80
-77
-73
-89
-74
-78
-98
-125
-172
-241
-295
-334
-360
-385
-397
-427
-487
-485
-479
-412
-379
-343
-318
-307
-297
-270
-233
-228
-184
-177
-142
-119
-154
-156
-154
-156
-151
-150
-148
-127
-96
-36
-1
34
28
6
26
65
103
74
54
53
49
26
2
-41
-75
-117
-164
-199
-231
-283
-347
-376
-406
-435
-464
-465
-438
-392
-324
-259
-201
-113
-42
53
157
266
354
431
550
669
774
883
958
1012
1074
1061
1051
1049
1090
1105
1053
927
814
735
653
587
538
488
345
200
110
64
-6
-105
-204
-265
-303
-344
-329
-307
-312
-325
-329
-296
-251
-219
-184
-197
-173
-143
-115
-66
-74
-89
-122
-175
-242
-274
-302
-330
-349
-374
-395
-408
-435
-455
-450
-427
-390
-381
-390
-408
-385
-323
-274
-249
-230
-210
-216
-205
-169
-156
-139
-144
-128
-85
-34
-17
33
70
66
60
55
62
65
84
83
106
118
109
99
76
57
24
-19
-79
-145
-202
-263
-305
-369
-387
-387
-389
-368
-350
-321
-282
-231
-165
-103
-35
49
131
246
356
455
562
647
732
824
950
1051
1084
1055
1038
1081
1124
1126
1028
921
827
737
672
619
551
424
271
169
112
44
-34
-116
-201
-268
-289
-287
-295
-293
-322
-322
-321
-290
-250
-245
-219
-186
-150
-131
-116
-108
-84
-93
-119
-159
-201
-246
-286
-307
-318
-339
-378
-387
-420
-440
-462
-458
-424
-384
-391
-423
-414
-383
-328
-284
-254
-265
-280
-252
-209
-155
-138
-153
-122
-81
-31
36
54
77
77
70
86
102
135
144
142
166
179
185
153
116
46
14
-47
-96
-142
-203
-235
-283
-301
-303
-319
-346
-340
-351
-322
-294
-235
-177
-126
-25
58
157
271
368
466
580
671
772
859
920
966
992
1015
1022
1035
989
938
855
764
681
615
560
448
332
218
120
54
1
-52
-107
-173
-220
-259
-263
-260
-260
-280
-292
-270
-243
-219
-207
-189
-215
-217
-194
-180
-159
-159
-193
-214
-215
-228
-243
-283
-307
-329
-341
-342
-369
-373
-403
-433
-438
-463
-454
-416
-424
-413
-431
-431
-418
-408
-385
-355
-297
-272
-227
-185
-163
-116
-65
-39
10
30
60
78
107
117
138
170
195
236
250
257
231
189
130
75
17
-31
-79
-114
-138
-176
-201
-248
-294
-309
-314
-314
-298
-263
-233
-201
-160
-92
-52
6
69
122
206
291
373
472
565
636
704
746
766
793
808
847
839
816
780
729
658
590
532
450
370
261
176
79
20
-25
-77
-130
-168
-197
-200
-189
-189
-164
-154
-151
-144
-140
-172
-179
-203
-216
-221
-229
-220
-235
-242
-260
-271
-288
-281
-299
-330
-330
-359
-368
-374
-388
-414
-419
-429
-443
-444
-421
-421
-434
-426
-424
-411
-381
-370
-339
-280
-234
-222
-183
-156
-153
-138
-115
-90
-54
-13
20
96
135
189
222
235
243
263
275
242
219
176
151
126
81
34
-12
-40
-90
-108
-144
-138
-147
-159
-157
-148
-124
-124
-85
-64
-44
-23
2
46
98
156
230
311
394
469
540
611
664
699
733
780
822
849
831
796
774
710
649
562
485
376
278
182
93
56
-6
-66
-104
-144
-169
-176
-164
-148
-136
-128
-138
-118
-135
-147
-144
-173
-178
-187
-206
-222
-211
-214
-245
-232
-252
-259
-283
-302
-323
-350
-336
-361
-365
-367
-390
-397
-410
-420
-447
-467
-479
-461
-422
-397
-364
-336
-294
-263
-234
-201
-176
-174
-158
-133
-112
-79
-64
-13
14
57
81
106
151
151
182
199
231
247
254
251
207
177
138
140
94
69
74
73
65
42
22
-8
-32
-53
-48
-55
-46
-27
-16
3
43
80
145
206
273
328
395
457
476
507
534
585
621
651
667
652
637
594
542
494
424
363
302
235
167
101
31
-28
-88
-146
-169
-199
-236
-240
-232
-216
-216
-215
-185
-194
-197
-205
-214
-214
-224
-219
-242
-242
-243
-273
-280
-292
-305
-309
-310
-321
-332
-343
-362
-372
-409
-438
-449
-474
-490
-483
-507
-509
-511
-514
-469
-433
-392
-350
-294
-277
-255
-215
-168
-129
-102
-63
-57
-27
-5
15
27
48
56
72
97
126
155
153
156
162
163
162
150
128
129
127
115
122
143
124
115
93
91
62
35
44
35
60
117
144
192
231
267
295
357
405
427
451
449
454
432
433
441
423
388
377
357
357
330
289
242
208
166
120
102
60
42
7
-52
-84
-122
-168
-190
-183
-196
-216
-198
-199
-191
-173
-168
-154
-167
-156
-161
-173
-175
-194
-205
-218
-233
-246
-254
-278
-285
-290
-289
-286
-294
-311
-324
-355
-377
-371
-397
-392
-406
-420
-417
-433
-429
-422
-390
-354
-332
-262
-208
-192
-164
-114
-69
-31
1
28
55
79
61
82
93
86
111
104
142
157
151
155
164
155
160
156
166
197
195
208
192
218
231
204
221
202
190
182
166
225
252
289
318
343
403
448
485
490
505
501
494
512
492
469
416
345
308
264
243
197
167
139
94
71
27
-14
-53
-87
-109
-127
-126
-122
-131
-141
-164
-166
-160
-165
-152
-130
-111
-81
-66
-55
-54
-49
-73
-62
-70
-78
-91
-130
-153
-209
-220
-225
-242
-262
-299
-304
-312
-298
-309
-322
-325
-339
-317
-311
-324
-312
-301
-301
-313
-292
-281
-283
-267
-225
-192
-154
-113
-76
-60
-23
4
18
34
78
116
103
113
111
108
116
98
98
108
118
125
160
175
189
220
227
280
301
319
328
348
350
351
356
382
392
385
402
408
435
445
461
506
515
524
535
530
530
543
510
457
394
337
271
217
168
121
80
28
-10
-24
-58
-92
-128
-164
-188
-203
-194
-207
-220
-243
-243
-232
-234
-230
-218
-194
-167
-139
-107
-63
-37
-23
-6
17
6
-3
-17
-54
-67
-111
-157
-219
-278
-336
-360
-372
-401
-401
-405
-407
-397
-389
-366
-344
-312
-284
-254
-217
-205
-184
-177
-153
-137
-111
-92
-65
-51
-12
19
38
67
84
101
96
98
101
83
83
81
67
52
35
61
54
66
92
102
111
158
207
248
313
355
398
433
458
496
527
535
555
563
592
606
624
587
559
548
508
493
481
483
468
440
388
346
280
217
149
86
31
-23
-47
-90
-108
-154
-172
-183
-189
-177
-193
-200
-201
-218
-239
-250
-238
-238
-246
-235
-248
-230
-225
-214
-199
-153
-120
-94
-66
-22
-9
-12
-8
-15
-23
-58
-81
-119
-171
-201
-242
-288
-322
-335
-356
-369
-352
-350
-337
-343
-314
-283
-257
-237
-188
-154
-116
-84
-53
-34
-9
23
52
89
109
140
172
181
190
198
183
199
159
157
165
135
135
113
112
102
114
119
138
156
176
212
271
325
396
452
500
553
589
649
691
699
707
717
716
683
676
660
624
583
489
418
354
311
244
202
143
91
53
-2
-58
-122
-182
-208
-231
-258
-257
-269
-267
-274
-281
-275
-266
-262
-241
-226
-226
-216
-220
-213
-223
-236
-235
-224
-189
-218
-229
-214
-194
-169
-180
-167
-162
-145
-158
-150
-133
-139
-129
-139
-145
-139
-152
-153
-170
-169
-170
-191
-164
-164
-160
-146
-135
-135
-121
-91
-85
-73
-41
0
28
37
63
91
131
148
169
174
196
219
240
250
258
260
254
258
235
248
246
246
252
251
278
281
305
322
346
394
420
436
479
504
532
571
569
579
586
571
557
544
509
484
466
444
388
336
297
237
178
120
60
13
-38
-72
-110
-156
-186
-226
-261
-282
-305
-317
-309
-324
-329
-323
-325
-312
-322
-325
-315
-306
-305
-292
-279
-289
-289
-289
-297
-291
-293
-313
-306
-300
-288
-265
-251
-255
-258
-249
-250
-217
-207
-202
-209
-189
-157
-131
-95
-88
-80
-46
-22
5
32
54
75
81
91
93
84
92
83
81
90
105
106
109
119
135
165
150
185
209
211
238
282
314
339
350
340
346
377
385
371
391
409
422
433
434
451
424
408
412
420
391
399
390
378
355
317
290
251
236
207
177
154
157
128
113
99
74
35
-3
-11
-39
-59
-65
-91
-107
-119
-127
-167
-196
-200
-214
-230
-233
-238
-258
-262
-261
-267
-270
-290
-288
-286
-293
-301
-321
-332
-361
-374
-362
-357
-355
-373
-346
-335
-303
-281
-262
-239
-212
-197
-153
-115
-93
-62
-54
-22
-11
24
29
50
76
72
106
128
137
155
169
202
213
229
247
252
277
288
278
271
289
299
308
328
344
332
334
353
365
368
379
403
431
450
463
471
460
443
406
391
381
365
349
322
281
259
229
195
180
141
103
89
69
38
45
-11
-19
-34
-76
-95
-99
-82
-97
-83
-106
-100
-84
-91
-110
-109
-108
-103
-108
-111
-115
-105
-117
-144
-165
-197
-203
-204
-228
-239
-235
-240
-261
-266
-282
-296
-283
-295
-280
-276
-267
-266
-264
-262
-265
-249
-247
-243
-243
-221
-204
-188
-163
-149
-128
-96
-48
-18
26
43
66
95
106
147
151
167
193
212
212
227
231
242
268
281
301
313
361
393
412
406
417
429
431
452
452
457
468
482
482
460
448
404
383
388
344
318
321
285
244
219
174
133
105
52
21
-5
-34
-37
-62
-102
-129
-141
-177
-172
-158
-155
-167
-173
-172
-189
-188
-186
-173
-177
-157
-142
-133
-146
-173
-192
-196
-193
-189
-180
-185
-189
-201
-196
-214
-208
-217
-216
-197
-178
-179
-171
-181
-194
-170
-174
-153
-148
-149
-126
-116
-105
-88
-65
-63
-48
-21
-20
-1
4
16
8
15
14
15
20
11
39
60
83
118
127
140
170
174
201
237
266
294
300
342
356
373
395
414
438
454
483
497
504
488
479
454
450
429
395
364
344
333
288
253
203
161
118
91
60
27
8
-11
-22
-53
-84
-105
-140
-145
-164
-170
-160
-170
-177
-183
-197
-196
-199
-210
-214
-215
-215
-220
-209
-211
-231
-224
-247
-246
-245
-241
-240
-250
-242
-226
-226
-234
-207
-217
-213
-194
-168
-164
-151
-127
-114
-118
-103
-58
-20
3
13
27
49
55
62
86
87
111
126
143
153
162
170
173
193
194
193
212
209
206
216
209
211
180
192
183
188
198
196
203
201
243
248
251
267
276
288
300
315
323
348
357
353
346
350
315
319
312
293
266
245
211
171
121
90
60
7
3
-48
-64
-96
-140
-174
-197
-192
-189
-210
-212
-198
-207
-215
-229
-243
-234
-243
-257
-241
-246
-244
-244
-264
-263
-260
-280
-295
-284
-276
-280
-257
-272
-247
-258
-270
-253
-260
-231
-228
-206
-174
-157
-138
-108
-88
-50
-20
11
27
50
85
87
133
155
169
175
195
220
218
239
252
245
261
256
260
261
275
289
289
312
315
301
294
297
275
268
279
285
265
266
260
241
236
223
227
203
172
163
158
135
125
118
86
67
31
13
-9
-29
-41
-68
-71
-93
-104
-103
-120
-124
-123
-134
-122
-131
-144
-153
-177
-203
-229
-236
-258
-259
-265
-289
-283
-289
-287
-313
-325
-305
-319
-321
-314
-314
-320
-325
-326
-321
-300
-297
-285
-269
-266
-230
-210
-196
-169
-148
-129
-101
-71
-60
-35
-22
-5
6
10
23
17
45
76
86
122
133
155
175
203
215
248
266
283
306
320
332
340
362
364
374
369
358
341
342
341
353
351
351
348
329
329
314
297
300
296
272
251
220
208
188
168
139
112
68
17
-35
-65
-118
-159
-196
-230
-233
-268
-289
-313
-327
-347
-364
-381
-390
-395
-399
-409
-407
-410
-398
-370
-371
-365
-358
-339
-330
-295
-308
-279
-258
-251
-212
-214
-177
-166
-154
-118
-84
-77
-61
-50
-38
-10
14
12
33
54
44
49
74
83
82
104
111
126
122
130
161
172
207
204
221
248
246
277
283
292
304
278
279
292
294
285
290
271
277
270
288
297
289
297
290
286
290
296
290
288
281
262
237
226
208
176
147
118
92
81
50
16
-6
-50
-64
-76
-99
-115
-149
-181
-191
-207
-242
-248
-273
-286
-302
-310
-329
-349
-359
-378
-369
-382
-381
-372
-368
-355
-369
-360
-350
-334
-317
-342
-318
-306
-284
-271
-273
-249
-206
-182
-181
-131
-99
-80
-66
-28
10
14
42
76
107
137
156
169
200
225
252
272
289
298
316
334
336
332
317
325
327
311
305
287
278
277
268
266
253
229
207
201
186
184
177
168
148
143
133
116
114
113
101
92
102
95
86
70
54
43
31
11
13
-5
-20
-29
-62
-63
-84
-104
-132
-158
-175
-186
-193
-223
-221
-240
-233
-239
-253
-266
-277
-263
-286
-276
-272
-279
-262
-241
-238
-250
-237
-227
-241
-201
-194
-193
-193
-172
-167
-162
-138
-149
-137
-114
-114
-102
-98
-85
-76
-82
-58
-65
-53
-38
-13
-10
-10
5
30
48
80
95
108
141
155
168
184
200
213
235
254
260
278
283
298
302
308
313
324
336
324
318
299
299
283
264
252
231
204
189
160
141
119
76
69
44
8
-20
-30
-53
-76
-100
-106
-108
-144
-156
-176
-181
-175
-171
-157
-169
-162
-162
-162
-169
-192
-175
-182
-187
-185
-184
-180
-196
-207
-213
-208
-226
-223
-224
-223
-208
-223
-206
-178
-195
-186
-176
-169
-156
-148
-108
-105
-102
-70
-38
-14
7
4
35
65
71
103
96
102
119
130
142
146
157
162
166
139
143
126
127
115
101
94
86
102
89
81
85
95
82
89
98
99
104
117
142
138
160
158
174
185
180
194
181
179
182
175
179
170
172
145
117
124
106
98
78
46
20
6
-4
-34
-30
-68
-102
-111
-144
-172
-192
-212
-240
-245
-238
-265
-270
-284
-297
-283
-284
-292
-289
-246
-225
-233
-231
-204
-196
-193
-179
-168
-158
-151
-138
-130
-127
-96
-105
-93
-87
-79
-58
-62
-41
-43
-35
-25
-21
-12
9
7
17
53
59
73
100
123
141
169
190
203
227
225
225
245
248
258
241
236
228
220
215
198
184
194
185
163
137
119
106
89
79
52
54
30
21
-3
-14
-18
-24
-33
-50
-37
-49
-46
-37
-37
-32
-34
-26
-17
-32
-34
-39
-24
-37
-45
-48
-72
-70
-91
-103
-121
-121
-119
-126
-129
-114
-111
-133
-115
-111
-124
-130
-139
-145
-140
-141
-146
-142
-155
-145
-151
-145
-134
-157
-142
-129
-124
-109
-81
-56
-62
-34
-21
-18
8
17
25
33
40
77
58
75
97
85
101
107
112
109
124
121
118
107
126
128
113
101
114
127
132
132
144
175
187
187
198
212
220
217
218
209
214
196
172
173
140
133
115
104
93
76
57
46
22
1
-1
-16
-42
-72
-84
-91
-96
-110
-137
-158
-140
-160
-159
-169
-175
-169
-179
-169
-152
-145
-152
-129
-129
-126
-117
-98
-112
-100
-96
-111
-93
-80
-80
-76
-63
-54
-53
-45
-26
-17
-1
9
6
27
34
31
24
35
38
44
56
36
32
37
54
37
42
48
60
64
70
62
57
64
69
75
83
73
67
70
44
59
78
84
83
85
97
104
94
102
114
123
137
131
129
105
97
103
86
85
80
90
80
78
73
84
73
73
97
70
85
96
95
87
71
53
22
11
12
14
14
-6
-22
-35
-66
-90
-75
-87
-100
-102
-114
-113
-139
-160
-164
-177
-163
-164
-153
-160
-156
-142
-148
-135
-136
-115
-111
-109
-98
-98
-85
-73
-84
-77
-48
-49
-43
-39
-20
-2
-2
10
16
48
53
68
71
85
88
99
106
99
128
107
122
113
126
133
123
124
127
141
132
143
152
129
129
109
100
97
96
93
69
56
45
26
8
10
3
6
5
0
7
13
15
21
27
38
25
29
21
17
19
28
30
18
20
20
27
27
17
7
0
7
16
-1
13
0
-7
3
6
-2
-10
-23
-19
-40
-45
-42
-51
-55
-61
-56
-72
-80
-100
-97
-97
-97
-96
-103
-108
-108
-121
-112
-101
-92
-97
-93
-64
-73
-66
-69
-58
-58
-41
-35
-18
-26
-20
-4
-26
0
3
19
29
37
52
48
44
43
56
62
89
92
90
117
110
107
107
106
91
98
110
94
102
97
95
111
110
100
87
85
66
60
47
32
41
24
13
3
-18
-22
-25
-40
-39
-55
-61
-57
-59
-54
-62
-53
-62
-51
-44
-51
-60
-55
-38
-44
-41
-47
-52
-38
-30
-38
-37
-41
-42
-46
-52
-42
-48
-44
-37
-50
-42
-37
-42
-47
-44
-35
-33
-42
-43
-34
-35
-25
-27
-27
-26
-37
-23
-21
-5
-13
-28
-28
-15
-27
-30
-31
-30
-9
-17
-20
-27
-5
-17
14
23
14
30
21
31
35
48
38
43
45
50
57
52
56
62
67
45
47
48
32
56
54
54
43
30
35
55
31
32
36
39
33
16
26
29
34
17
12
21
8
-13
1
-10
-19
-15
-33
-37
-27
-52
-62
-43
-74
-55
-76
-97
-79
-77
-71
-89
-91
-82
-86
-91
-90
-92
-96
-81
-82
-78
-78
-73
-50
-46
-58
-39
-29
-28
-15
-30
-21
-22
-17
-12
-4
-13
-16
1
-5
13
-3
17
18
22
31
38
45
48
61
54
51
46
59
56
63
58
45
41
42
33
23
38
41
25
17
24
12
23
23
25
20
19
27
11
13
30
35
24
24
19
25
15
20
33
11
1
11
-3
-2
0
0
0
2
0
-13
-12
-17
-11
-12
-2
2
0
8
-6
-8
-17
-15
-25
-10
-18
-15
-11
-21
-20
-27
-15
-33
-19
-13
-33
-22
-33
-33
-35
-60
-54
-48
-49
-60
-51
-52
-48
-46
-49
-39
-41
-47
-29
-14
-11
0
2
17
19
34
34
36
44
54
60
57
59
65
87
76
81
87
94
86
97
104
96
113
93
97
99
77
57
63
76
62
50
38
29
29
25
20
14
7
10
-8
1
0
-17
-8
-10
-10
-4
-2
-5
-19
-19
-15
-3
-17
-21
-7
-20
-32
-25
-38
-43
-40
-39
-43
-45
-59
-47
-59
-71
-45
-47
-31
-34
-32
-47
-40
-22
-39
-30
-23
-24
-20
-17
-4
-11
8
7
10
22
25
32
31
20
31
36
39
33
43
41
38
44
29
47
44
31
22
20
11
-5
20
10
21
20
15
20
29
37
34
48
53
55
53
62
71
83
85
74
76
94
91
89
94
90
91
83
91
81
81
66
63
46
49
43
24
34
43
27
18
7
8
6
-5
-3
-16
-11
-10
-10
-10
-32
-30
-25
-27
-28
-34
-8
-37
-22
-23
-28
-21
-27
-33
-35
-51
-44
-63
-63
-63
-80
-71
-83
-63
-58
-61
-52
-45
-50
-47
-42
-12
-1
-3
14
11
21
22
38
28
27
37
37
46
61
57
65
53
54
37
57
63
55
58
42
60
57
47
40
32
17
26
43
23
40
17
24
25
19
25
28
20
18
31
20
15
20
12
16
24
11
7
9
-2
4
9
7
7
4
6
15
12
3
-4
-3
4
-9
-28
-41
-32
-37
-37
-41
-34
-37
-41
-17
-36
-49
-32
-44
-58
-54
-44
-51
-55
-47
-31
-29
-47
-45
-35
-42
-41
-43
-26
-23
-33
-14
-17
-18
-22
-23
-8
-19
-29
-27
-31
-35
-46
-26
-28
-24
-22
-29
-20
-20
-18
-11
3
-9
5
18
26
17
20
28
29
22
28
34
41
49
47
47
49
53
52
36
28
22
20
24
34
46
8
28
14
23
12
-3
3
-7
-9
-2
-8
-24
-26
-22
-20
-20
-34
-43
-34
-45
-35
-47
-39
-38
-37
-57
-38
-55
-65
-49
-56
-53
-49
-44
-40
-25
-38
-35
-27
-25
-37
-30
-29
-33
-25
-25
-23
-22
-28
-17
-20
-17
-21
-12
-7
-14
-14
-3
-8
-23
2
-5
-6
5
4
9
15
8
20
28
8
19
19
10
6
8
6
0
23
16
14
0
-7
7
4
4
-10
-5
-12
-22
-17
-8
-6
-7
-3
12
12
22
37
26
13
16
27
25
26
32
13
23
30
9
27
32
13
18
0
1
-7
-18
-15
-21
-32
-37
-30
-54
-47
-43
-29
-42
-49
-40
-49
-38
-50
-42
-35
-32
-31
-19
-30
-28
-39
-52
-37
-45
-41
-45
-48
-58
-47
-41
-37
-43
-45
-39
-39
-21
-18
-31
-10
1
-24
-1
0
5
17
14
4
24
28
36
24
38
20
23
42
29
41
46
35
30
39
32
32
46
45
42
25
43
28
10
21
20
14
16
20
3
10
-3
2
1
7
11
-5
-9
-6
3
-22
-9
-4
-9
5
5
8
2
9
2
4
23
20
16
7
15
14
23
22
18
16
10
13
17
19
30
21
6
14
2
2
8
10
7
-1
2
-13
-1
13
4
-9
1
26
8
3
11
-8
5
-11
-3
4
-15
-17
2
1
-8
-4
-18
-12
-25
-5
-7
-25
-18
-3
-3
-5
20
18
8
20
27
25
32
40
58
58
51
47
37
65
68
44
58
52
63
50
56
46
31
28
34
38
20
23
7
12
0
7
17
5
8
20
2
4
-10
-19
-2
-15
-6
-10
-21
-12
-13
-21
-21
-31
-26
-35
-26
-40
-48
-50
-57
-47
-60
-52
-56
-57
-41
-42
-64
-52
-56
-47
-50
-36
-37
-15
-23
-28
-22
-33
-11
-23
-11
-3
4
5
13
11
12
10
4
10
10
13
10
13
17
2
-5
5
-5
-2
-5
-18
-7
-29
-31
-17
-16
-6
-19
-8
-25
2
-17
-18
-5
-6
-4
-3
6
3
23
22
36
20
40
29
36
45
42
52
38
37
38
30
31
34
32
14
31
22
30
26
16
13
5
16
17
19
4
6
-2
15
14
8
4
2
19
11
2
5
21
35
5
13
-7
-6
-5
-15
-4
-16
-9
8
-9
-27
-19
-19
-13
-19
-11
-28
-8
-9
-22
7
-11
-10
-2
13
9
16
18
25
36
26
40
49
42
39
53
57
58
66
65
59
44
63
62
63
70
41
39
43
31
37
49
49
35
41
33
23
29
29
6
18
32
22
22
18
15
8
11
3
7
9
-1
4
10
9
3
-2
13
2
-2
3
-6
-16
-6
8
4
-17
-4
-14
-17
-8
-29
-30
-20
-22
-15
-21
-39
-22
-24
-28
-24
-14
-18
-14
-9
-15
-41
-40
-33
-53
-26
-8
-30
-27
-37
-29
-36
-40
-27
-47
-37
-40
-40
-16
-35
-23
-32
-26
-24
-33
-25
-38
-28
-18
-35
-24
-24
-27
-28
-17
-18
-15
-3
-15
3
7
15
6
10
15
14
31
24
22
25
44
34
17
18
23
29
26
33
26
15
24
11
-11
-3
-7
-18
-34
-35
-35
-32
-42
-41
-28
-57
-44
-53
-72
-61
-50
-49
-55
-49
-56
-57
-42
-45
-50
-56
-52
-32
-47
-41
-49
-45
-39
-55
-52
-63
-64
-79
-82
-87
-86
-75
-95
-85
-81
-95
-84
-90
-74
-69
-63
-53
-74
-59
-63
-53
-56
-62
-60
-50
-44
-57
-57
-53
-48
-47
-43
-47
-30
-41
-27
-36
-29
-31
-31
-47
-36
-13
-34
-32
-40
-26
-29
-16
-13
-22
-32
-16
-23
-21
-8
-14
-7
1
-2
4
11
3
-2
-11
-11
3
4
14
15
10
22
10
9
-9
0
-12
-13
11
-3
-2
-28
-23
-17
-30
-40
-38
-40
-56
-61
-55
-54
-60
-61
-62
-67
-78
-84
-70
-80
-80
-67
-67
-90
-74
-68
-73
-70
-67
-51
-61
-45
-40
-47
-46
-38
-28
-27
-22
-18
-33
-42
-37
-33
-26
-28
-39
-24
-21
-38
-11
-8
-5
-1
4
10
12
3
14
15
20
24
23
58
38
39
48
66
60
45
54
40
57
47
51
49
52
55
39
49
26
21
28
16
18
9
-2
10
-9
-9
-9
-17
-21
-12
-14
-16
-23
-27
-31
-38
-31
-25
-18
-25
-21
-16
-10
-7
-34
-27
-7
-19
-6
-18
-14
-19
-26
-25
-31
-45
-40
-50
-47
-46
-63
-63
-63
-65
-70
-52
-51
-65
-56
-53
-47
-45
-50
-40
-45
-51
-56
-37
-33
-42
-14
-25
-12
-10
-8
7
7
8
-1
15
5
17
12
29
13
4
-6
5
13
-4
-8
-20
5
-13
-2
-9
-5
19
11
14
11
-1
4
9
14
17
6
5
2
-9
8
0
-9
-8
-16
-25
-33
-28
-46
-60
-59
-81
-68
-76
-77
-48
-70
-84
-85
-74
-82
-84
-82
-94
-80
-86
-86
-88
-81
-91
-93
-100
-101
-89
-86
-90
-78
-84
-78
-69
-83
-77
-79
-59
-71
-62
-58
-76
-76
-73
-70
-63
-70
-66
-44
-54
-51
-56
-36
-43
-38
-33
-55
-37
-37
-30
-24
-20
-3
-15
-9
-15
-4
1
-25
-4
-1
-5
9
21
11
17
11
18
21
14
25
30
25
27
23
11
6
9
13
2
-1
-1
-6
-7
-10
-18
-22
-19
-32
-32
-26
-24
-22
-31
-20
-26
-26
-39
-30
-28
-26
-20
-15
-23
-47
-47
-36
-29
-46
-45
-48
-50
-47
-48
-38
-54
-55
-75
-60
-45
-52
-48
-52
-48
-38
-33
-56
-44
-37
-43
-46
-41
-32
-32
-44
-28
-17
-24
-4
-16
-3
-1
8
19
0
12
12
0
19
31
46
42
32
27
34
39
43
46
40
43
40
48
46
36
41
49
50
34
32
44
40
28
25
15
25
13
24
32
7
21
25
22
-3
6
-6
-4
15
-3
12
-9
-20
-6
-1
-24
-11
-31
-23
-19
-37
-24
-36
-29
-35
-33
-11
-30
-39
-32
-53
-38
-23
-38
-38
-44
-43
-47
-39
-31
-40
-34
-35
-39
-48
-42
-32
-42
-50
-28
-23
-38
-45
-34
-44
-37
-43
-20
-28
-26
-35
-37
-25
-41
-37
-32
-20
-16
-14
-22
-13
0
-2
-4
-21
-9
-21
-15
2
-6
-10
4
-4
-1
-4
-16
-18
-22
-17
-17
-3
-11
1
-11
-11
-20
-18
-2
-41
-11
-25
-37
-28
-41
-40
-38
-49
-55
-59
-76
-60
-55
-83
-88
-73
-66
-82
-86
-85
-84
-88
-93
-95
-86
-99
-96
-88
-99
-86
-104
-80
-101
-86
-91
-109
-75
-85
-93
-105
-105
-90
-88
-102
-95
-92
-95
-99
-83
-81
-72
-82
-69
-77
-66
-55
-55
-56
-37
-28
-36
-33
-48
-37
-37
-20
-21
-10
-10
-7
-1
3
16
6
17
7
10
4
1
11
-12
5
7
0
-13
-3
1
-13
-4
-17
-23
-32
-38
-25
-20
-30
-32
-28
-36
-28
-30
-17
-19
-19
-20
-18
-38
-35
-31
-16
-27
-29
-24
-38
-12
-19
-37
-25
-28
-49
-37
-40
-44
-42
-43
-43
-33
-45
-52
-57
-65
-58
-50
-49
-59
-57
-61
-70
-55
-63
-64
-59
-60
-59
-48
-53
-41
-41
-43
-21
-43
-36
-36
-36
-27
-26
-21
-18
-16
-14
-15
-17
-16
3
2
8
6
1
25
14
10
29
32
27
41
31
15
18
22
40
32
18
47
33
21
28
26
23
14
8
15
-2
20
6
-10
-1
-2
-10
-26
-22
-29
-31
-18
-30
-45
-35
-36
-46
-62
-56
-42
-61
-56
-68
-68
-62
-75
-60
-76
-74
-78
-63
-55
-74
-72
-46
-60
-68
-53
-55
-44
-37
-46
-58
-59
-40
-29
-26
-25
-33
-18
-38
-51
-39
-26
-19
-42
-46
-37
-43
-22
-10
-20
-20
-29
-24
-10
-23
-15
3
-6
0
-3
4
5
0
11
10
11
4
11
21
4
22
25
22
18
5
14
5
7
9
8
7
-3
12
9
-2
-9
2
-2
-2
-8
-11
-4
2
-18
-13
-3
-11
-5
-16
-5
-18
-5
10
0
-4
-15
-21
-25
-33
-25
-28
-38
-30
-35
-51
-66
-65
-39
-59
-66
-54
-78
-79
-71
-83
-68
-64
-72
-67
-56
-45
-68
-57
-42
-42
-31
-33
-30
-20
-12
-2
-17
-20
-15
-15
3
-23
-1
-4
-12
1
-19
-12
-14
-20
-29
-15
-26
-23
-15
-26
-8
4
4
3
-3
8
5
10
20
14
19
8
4
28
20
15
14
8
12
13
18
19
18
21
14
11
11
12
2
-2
3
3
-6
-12
-8
-20
-19
-21
-9
4
-7
-10
-6
1
-2
2
17
27
19
11
11
19
11
7
15
16
8
11
3
-7
-13
-12
-15
-22
-15
0
-31
-28
-22
-27
-34
-41
-19
-23
-14
-21
-19
-20
-25
-10
-7
1
1
1
12
5
10
1
5
12
13
14
32
40
40
24
39
54
54
40
52
64
54
54
34
45
28
56
55
33
47
38
28
51
48
48
51
36
36
40
38
35
31
33
44
28
38
32
30
34
21
22
28
22
20
21
12
13
10
10
9
-11
1
-3
-11
-2
-5
-11
-11
6
-17
-25
-3
18
2
-6
5
0
0
-9
-6
5
-6
1
-6
-5
22
12
12
6
7
3
17
1
10
8
-1
10
15
28
2
7
21
14
7
1
-1
2
-11
-8
15
4
24
18
19
17
21
34
19
25
18
21
13
31
8
13
20
13
16
25
23
20
22
29
30
-3
21
26
15
25
26
39
28
23
27
39
40
13
20
29
25
2
26
21
22
13
16
21
6
22
-2
4
7
7
-1
7
-3
0
-13
0
1
-3
7
-11
-11
-26
-17
-21
-22
-35
-17
-24
-32
-13
-24
-29
-27
-19
-23
-17
-22
-4
-14
-6
-2
-4
-1
0
1
-3
0
-10
16
35
14
6
11
16
9
3
-3
33
31
17
18
7
25
22
19
18
11
20
14
18
14
17
14
6
0
-7
8
-1
-6
1
-11
12
7
6
4
5
-1
5
18
13
15
16
0
-14
7
2
-4
1
-2
-3
15
11
18
22
16
22
7
18
12
18
18
17
20
18
16
13
15
4
27
12
6
2
-2
1
-2
9
-6
-6
9
-6
-5
9
1
-13
-6
-1
0
3
-12
-10
2
-4
4
2
14
11
5
6
7
13
16
29
22
13
35
44
31
39
46
36
48
45
46
37
27
26
28
35
44
51
47
35
41
44
59
65
47
63
57
45
61
61
36
37
36
30
27
18
24
23
11
1
4
11
13
17
4
8
15
15
19
15
4
8
19
-2
-6
-5
1
-6
14
19
8
12
6
7
6
12
13
9
8
7
3
5
18
0
-14
-1
-2
7
20
26
32
38
27
19
12
17
25
32
38
32
32
43
21
23
24
27
26
7
21
14
5
10
14
16
7
7
13
3
23
9
-9
3
12
16
-5
19
23
21
37
27
17
21
25
23
29
25
31
16
27
31
46
41
33
39
28
15
22
40
24
38
6
3
8
-9
6
-18
1
-7
-17
-13
-9
-1
-10
-6
-33
-21
-23
-32
-35
-11
-32
-44
-25
-42
-21
-28
-39
-44
-28
-24
-36
-34
-29
-27
-31
-22
-24
-4
-19
-31
-23
-15
-19
-11
-19
-29
-7
-13
-7
-14
-13
-7
7
-4
6
4
5
19
16
12
10
9
4
0
6
2
5
19
22
35
23
11
15
26
28
17
17
27
8
8
15
18
2
14
7
-7
-8
10
5
12
20
3
13
5
5
5
-1
6
14
8
9
-1
-5
-4
-9
-18
-13
-9
-31
-26
-27
-28
-34
-35
-12
-24
-45
-31
-34
-33
-42
-52
-39
-48
-49
-49
-42
-54
-60
-44
-56
-52
-52
-50
-38
-60
-35
-34
-33
-37
-38
-39
-49
-48
-32
-27
-26
-37
-23
-21
-38
-19
-34
-15
-21
-20
-5
-6
-15
-12
0
-7
7
2
1
1
-19
3
15
9
25
26
5
3
7
6
19
17
16
9
10
10
12
18
24
21
11
12
11
21
7
-5
2
0
-8
-11
-2
-11
5
-10
-28
-22
-33
-27
-23
-24
-39
-36
-24
-35
-46
-23
-21
-35
-41
-32
-26
-18
-30
-36
-33
-39
-34
-23
-34
-29
-37
-35
-23
-43
-30
-42
-46
-40
-49
-39
-35
-34
-39
-30
-31
-18
-26
-20
-23
-34
-16
-24
-26
-15
-23
-23
-12
-16
-14
-16
-7
-8
-16
-6
-3
10
-6
-17
2
4
-7
10
12
4
9
-8
-5
-8
-10
-9
-4
-9
-13
-14
-10
-5
-7
-12
-9
2
-16
-11
0
-13
-2
-2
-16
3
-1
3
13
11
5
-5
10
8
-4
1
6
-8
-8
-15
-8
-13
-17
-5
1
-12
-19
-13
-8
-31
-15
-17
-25
-11
-6
-21
-33
-9
-8
-8
-24
-21
-4
-1
-22
-12
-7
-5
-2
-1
-11
-23
-6
-11
-2
-9
-5
-10
-8
10
5
10
16
12
14
-6
-8
-16
8
5
2
-4
-4
6
2
12
10
11
-2
10
6
15
12
10
7
2
29
17
6
23
20
9
10
5
10
11
15
16
-7
3
10
-19
-14
-16
-21
-13
-9
-12
-23
-30
-30
-27
-41
-54
-38
-31
-44
-51
-47
-39
-19
-28
-31
-34
-25
-35
-44
-17
-16
-23
-24
-31
-30
-21
-29
-35
-26
-23
-43
-28
-32
-38
-49
-23
-30
-42
-17
-29
-37
-42
-10
-25
-22
-18
-34
-12
-19
-43
-48
-36
-35
-26
-12
-13
-34
-16
-30
-31
-36
-48
-47
-44
-29
-30
-38
-30
-28
-39
-21
-40
-50
-40
-41
-36
-56
-53
-40
-48
-54
-44
-41
-21
-26
-41
-19
-13
-26
-19
-16
1
-17
-26
-31
-31
-27
-27
-29
-31
-35
-32
-29
-52
-50
-44
-41
-36
-28
-46
-47
-55
-61
-33
-46
-46
-52
-64
-49
-52
-52
-58
-48
-52
-45
-45
-55
-48
-48
-44
-51
-35
-40
-43
-43
-53
-52
-45
-45
-44
-33
-38
-38
-35
-44
-37
-34
-39
-36
-40
-23
-30
-24
-28
-38
-33
-33
-21
-10
-16
-13
-13
-18
-20
-10
-19
-26
-14
-22
-19
-15
-29
-41
-19
-36
-25
-33
-35
-28
-34
-36
-28
-37
-34
-38
-55
-41
-40
-45
-41
-29
-36
-20
-16
-28
-12
-27
-22
-18
-40
-27
-30
-24
-21
-19
-22
-10
-3
-12
-6
-6
-7
-4
7
-9
9
-9
-16
5
-5
-9
-7
-23
-7
-23
-29
-10
-14
-10
-9
-6
-6
2
-11
-3
4
-21
-14
-27
-24
1
-11
-11
-10
-12
-25
-18
-18
-20
-18
-4
-6
-5
-8
-1
8
-12
10
4
13
5
4
8
22
15
3
18
13
26
17
1
3
-2
21
33
19
14
1
5
18
23
2
15
6
-4
-4
-17
3
-1
-11
-10
-3
-22
-7
-7
3
3
-12
-5
-2
6
4
2
-13
3
-8
1
-1
-15
-3
4
-9
-4
4
-10
9
-5
-4
-5
-10
-4
8
-2
-17
-15
-12
-4
0
-3
-2
8
-1
-8
-2
9
-3
-3
2
-14
-17
-17
-12
-16
-14
-30
-17
7
-24
-22
-28
-15
-23
-23
-9
-21
-20
-30
-30
-23
-17
-13
-10
-7
-18
-32
-22
-30
-30
-31
-31
-35
-34
-32
-17
-20
-28
-29
-10
-20
-25
-20
-15
-4
-13
0
5
-3
-6
-2
-9
7
-1
4
0
-1
-1
0
1
2
23
6
14
1
-11
-2
-18
-27
-18
-15
-4
-7
-17
-30
-14
-12
-16
-28
-29
-21
-34
-27
-47
-27
-28
-27
-26
-28
-18
-14
-14
-20
-23
-24
-31
-16
-13
-17
-20
-24
-9
-3
-16
-11
-12
-20
-27
-28
-19
-11
-14
-30
-24
-35
-29
-37
-32
-33
-39
-43
-40
-33
-40
-34
-31
-28
-32
-44
-40
-30
-45
-52
-47
-31
-34
-36
-41
-37
-32
-41
-30
-46
-44
-44
-60
-42
-38
-38
-22
-51
-44
-25
-34
-22
-21
-26
-46
-29
-28
-14
-8
-25
-17
-3
4
-22
-12
-18
-7
-17
-28
-23
-15
-25
-23
-9
-8
-15
-27
-23
-19
-18
-4
-13
-15
-11
-22
-25
-33
-18
-21
-16
-27
-23
-26
-32
-3
-26
-1
-10
-10
-2
-12
-8
-7
-4
-8
6
-4
-5
-13
-8
5
-10
-22
-37
0
-12
-16
-36
-47
-33
-31
-34
-43
-42
-41
-22
-36
-26
-6
-20
-19
-27
-29
-13
-17
-12
-7
-24
-17
-13
-29
-3
-5
-27
-23
-9
-19
-12
-22
-29
-21
-32
-13
-24
-39
-19
-11
-32
-36
-30
-14
-24
-30
-29
-25
-15
-5
-5
-18
-15
-11
-9
-15
-15
-21
-10
-2
-13
-8
-11
-28
-27
-23
-20
-28
-32
-26
-10
-17
-19
-21
1
-15
-30
-26
-24
-18
-22
-15
-27
-17
-27
-21
-35
-38
-24
-34
-32
-30
-24
-20
-22
-30
-28
-35
-44
-41
-44
-56
-58
-62
-69
-51
-38
-51
-38
-40
-60
-28
-54
-53
-42
-44
-44
-49
-40
-43
-35
-34
-32
-36
-45
-40
-43
-27
-41
-25
-32
-24
-32
-20
-36
-50
-25
-41
-30
-46
-30
-42
-26
-45
-29
-31
-43
-36
-29
-20
-28
-26
-28
-34
-31
-37
-41
-32
-50
-62
-53
-47
-43
-50
-41
-38
-43
-48
-44
-27
-39
-42
-38
-38
-46
-38
-37
-50
-51
-48
-40
-34
-52
-48
-49
-42
-38
-38
-35
-43
-27
-29
-35
-34
-34
-37
-32
-27
-24
-22
-24
-28
-14
-10
-8
-11
-9
-22
-30
-35
-24
-22
-30
-20
-14
-17
-14
-8
-9
-8
-21
-13
-4
-12
-2
4
-18
-3
0
10
3
17
14
13
25
24
22
2
9
20
23
24
20
34
44
18
19
17
26
28
10
12
14
14
14
-6
4
12
3
21
14
17
10
14
1
10
4
2
15
6
8
8
9
-1
6
-6
-15
-17
1
-15
-15
-19
15
-8
-4
3
7
15
-4
8
-8
14
5
11
10
0
7
12
15
24
38
21
25
39
46
33
35
31
22
24
26
25
29
37
32
31
27
39
42
36
28
33
34
42
49
41
35
35
43
48
47
44
47
50
52
43
29
34
40
41
41
39
39
40
41
40
51
48
37
40
27
37
45
35
28
30
26
14
24
17
31
21
15
27
21
16
9
0
8
10
2
7
0
18
6
3
15
4
12
16
18
19
17
16
12
20
7
9
13
22
22
21
25
11
7
1
9
9
-16
-7
18
15
18
10
7
9
4
-5
13
23
29
28
33
39
38
41
48
36
44
49
32
62
51
39
37
45
38
31
35
44
45
46
50
33
30
37
31
25
35
48
37
30
36
31
26
22
28
31
43
40
25
30
22
35
32
31
38
30
48
42
41
47
21
15
28
25
25
14
16
18
29
33
19
2
16
10
6
2
-4
13
-1
5
6
12
17
9
16
10
14
14
13
9
12
31
21
27
21
22
22
26
20
20
34
19
27
24
13
24
22
29
13
34
17
20
24
17
5
15
31
8
16
12
9
4
10
11
9
15
13
7
17
11
13
20
16
20
20
13
16
14
9
18
17
18
30
22
21
23
12
11
7
23
5
9
9
14
6
5
7
19
15
24
23
15
9
18
22
16
3
6
5
9
15
2
24
9
7
6
10
1
2
5
5
-14
9
7
-3
6
-5
16
6
-2
16
18
18
17
14
18
29
28
18
27
37
25
28
34
25
30
22
38
42
38
37
43
31
41
44
42
44
47
50
65
61
59
59
42
47
49
42
37
30
18
29
33
30
35
40
42
44
46
51
45
32
36
30
22
48
43
34
22
27
44
38
34
47
48
36
34
43
45
42
27
39
37
21
30
46
38
24
44
41
33
21
28
27
16
30
40
31
12
33
30
34
29
36
36
31
39
28
21
27
38
15
20
18
21
33
32
38
35
33
33
29
38
33
40
34
29
42
33
31
33
33
48
38
53
50
45
49
46
59
45
47
45
42
56
40
41
57
49
54
45
55
49
65
45
37
32
24
28
19
32
32
41
38
35
34
29
38
28
27
32
26
38
29
20
28
13
12
10
-4
8
9
11
5
16
-2
-5
3
0
9
5
-12
3
18
11
13
6
4
11
10
17
17
10
26
33
21
27
25
12
15
22
18
17
31
36
33
24
26
27
31
31
24
23
34
34
43
24
35
45
25
27
49
34
44
47
41
41
38
48
51
39
29
44
39
43
41
32
41
37
35
27
25
33
27
27
41
45
48
46
48
45
50
56
47
39
41
52
30
22
30
43
29
23
45
35
46
37
30
33
21
18
26
21
21
35
17
37
29
24
36
2
12
27
10
7
5
-3
2
-6
-9
2
8
8
8
7
8
20
25
16
4
14
14
9
21
27
23
21
23
34
21
10
30
16
29
32
23
31
32
38
30
23
42
53
29
23
25
24
37
34
21
31
29
42
40
35
38
25
50
52
48
27
44
32
38
19
27
35
24
26
25
33
29
17
36
39
20
20
25
22
24
30
23
17
11
16
15
28
2
8
0
14
10
-8
12
4
10
6
10
20
6
-2
-7
-3
-9
-3
-8
-7
1
-3
7
-7
-9
5
7
-4
12
5
2
16
3
3
-4
-3
9
22
2
9
-4
16
25
4
7
-5
5
26
41
27
35
30
31
43
45
50
47
67
64
55
51
47
60
55
53
70
60
70
74
54
51
48
59
42
51
45
43
44
31
35
37
33
43
38
50
49
39
45
27
37
46
44
47
42
36
46
34
46
44
38
17
35
32
25
39
23
27
23
22
18
25
33
15
12
26
7
24
26
6
26
22
12
17
20
7
35
18
21
29
