-5
-27
-7
-17
-8
-10
-22
-5
-10
5
0
0
1
4
4
-4
-5
1
-6
1
0
-18
-7
0
-11
-3
-17
-14
-16
-15
-6
-6
-2
-17
-5
0
2
-11
-11
12
3
-4
-9
-15
-13
-18
-8
-22
-18
-10
-12
0
-8
-23
-8
-5
15
11
-4
11
6
2
-15
15
11
0
2
-5
3
4
3
-16
-8
-7
-5
-9
-11
-13
-17
-38
-22
-23
-32
-36
-38
-21
-38
-25
-23
-33
-20
-32
-28
-26
-34
-22
-43
-39
-46
-55
-57
-63
-49
-65
-67
-66
-62
-52
-70
-61
-57
-72
-63
-56
-55
-64
-57
-55
-64
-64
-62
-65
-73
-56
-63
-60
-54
-50
-57
-54
-39
-61
-61
-48
-52
-35
-37
-48
-33
-48
-33
-46
-33
-33
-35
-38
-32
-26
-45
-26
-46
-28
-37
-35
-25
-33
-28
-45
-42
-45
-30
-36
-32
-41
-39
-26
-30
-39
-49
-38
-26
-26
-35
-34
-36
-29
-29
-32
-31
-30
-40
-34
-32
-39
-35
-43
-40
-31
-22
-25
-39
-41
-45
-48
-38
-20
-32
-39
-23
-28
-20
-30
-38
-25
-33
-43
-39
-34
-17
-37
-49
-32
-34
-35
-33
-30
-36
-38
-22
-33
-33
-27
-31
-25
-21
-33
-26
-28
-23
-28
-17
-26
-21
-18
-23
-20
-26
-15
-20
-9
-6
-4
-15
0
1
-3
-1
10
-2
-18
-3
-16
-13
-11
-15
-13
-17
-12
-19
-16
1
-5
-17
3
5
-9
-13
-25
-20
-8
-11
3
-2
-5
-13
-19
-5
-5
-17
-16
-23
-18
-13
-16
-7
-26
-12
-16
-39
-22
-17
-23
-6
-14
-11
-25
-12
-30
-27
-14
-30
-22
-29
-21
-28
-28
-25
-48
-36
-22
-36
-31
-35
-27
-22
-26
-29
-27
-24
-19
-27
-27
-32
-25
-36
-32
-1
-32
-39
-36
-22
-27
-34
-29
-29
-18
-23
-14
-7
1
-13
-23
-14
-27
-23
-2
-7
-3
-9
-11
2
-12
-3
-4
1
0
-10
10
0
-5
5
0
-6
0
2
-8
-7
-5
-6
0
-8
4
-13
-18
-8
-7
2
-16
-18
-5
-3
-7
-10
-16
-19
-19
-35
-21
-29
-10
-15
-31
-26
-39
-25
-43
-21
-18
-22
-27
-46
-29
-38
-44
-33
-30
-40
-38
-40
-28
-43
-32
-17
-34
-33
-26
-17
-18
-21
-26
-21
-29
-21
-10
-32
-27
-5
-16
-8
5
11
10
4
-8
4
8
16
7
2
13
11
24
14
20
10
18
19
9
20
24
19
23
21
1
-2
-2
-1
4
6
-13
-10
-10
-22
-23
-13
3
-1
-8
-11
-27
-24
-25
-20
-14
-18
-27
-30
-21
-21
-17
-27
-26
-14
-24
-18
-18
-37
-34
-28
-43
-37
-43
-41
-49
-30
-25
-40
-29
-21
-16
-22
-35
-10
-15
-28
-18
-25
-11
-23
-25
-15
-25
-27
-16
-27
-25
-24
-21
-24
-24
-21
-31
-24
-15
-18
-19
-23
-24
-36
-4
5
-38
-33
-18
-21
-10
-19
-20
-1
0
-15
-8
-2
-17
-14
-23
-26
-17
-35
-8
-7
-18
-3
-26
-15
-18
-21
-28
-35
-21
-20
-29
-17
-25
-21
-14
-26
-37
-35
-25
-14
-24
-24
-21
-22
-22
-28
-17
-18
-17
-13
-21
-29
-28
-13
-24
-30
-29
-29
-21
-36
-31
-19
-27
-33
-7
-10
-19
-11
-17
-12
-29
-20
-25
-33
-26
-39
-20
-42
-36
-30
-36
-19
-27
-26
-33
-28
-21
-20
1
-19
-9
-2
-2
0
-10
-6
-6
5
6
3
-6
-2
-10
2
8
3
4
10
6
-10
1
9
0
-8
8
-2
-13
7
9
5
-2
2
-19
-17
-4
-13
-18
-9
2
-12
-21
-7
3
-6
-19
-28
-20
-21
-17
-12
-9
-21
-28
-14
-24
-32
-30
-12
-25
-43
-19
-24
-31
-42
-34
-39
-46
-36
-31
-38
-40
-27
-22
-26
-34
-26
-28
-27
-30
-24
-8
-14
-19
-12
-2
-6
-20
-15
-16
-14
-7
-4
-6
-1
2
-11
-16
-27
-6
-14
-9
-14
-3
-9
-15
1
-21
-17
-4
-13
-16
-16
-15
-22
-22
-16
-18
-8
-9
-19
-24
-23
-18
-8
-15
-22
-29
-35
-32
-31
-22
-38
-28
-21
-8
-27
-26
-22
-26
-30
-30
-39
-44
-32
-35
-33
-24
-27
-43
-54
-47
-40
-51
-41
-42
-42
-45
-52
-48
-47
-52
-44
-47
-45
-51
-69
-51
-49
-60
-59
-63
-67
-67
-47
-46
-56
-53
-41
-47
-45
-36
-36
-37
-48
-39
-43
-59
-62
-66
-52
-55
-49
-52
-62
-61
-48
-59
-63
-59
-45
-49
-56
-42
-46
-35
-37
-36
-46
-25
-32
-35
-27
-25
-24
-24
-26
-30
-18
-42
-43
-26
-46
-34
-17
-30
-29
-33
-38
-38
-32
-34
-35
-32
-31
-27
-23
-43
-44
-46
-50
-48
-55
-68
-48
-56
-61
-58
-75
-76
-76
-62
-64
-74
-68
-65
-59
-70
-90
-88
-78
-83
-67
-76
-80
-80
-80
-82
-73
-64
-72
-83
-80
-94
-75
-78
-90
-90
-85
-75
-87
-79
-67
-72
-71
-61
-64
-61
-72
-65
-56
-73
-61
-59
-49
-34
-40
-54
-38
-38
-49
-53
-48
-50
-44
-43
-56
-58
-53
-29
-38
-24
-45
-46
-52
-56
-44
-35
-40
-43
-28
-31
-38
-49
-32
-27
-39
-45
-42
-44
-65
-47
-59
-53
-43
-55
-44
-44
-28
-36
-43
-34
-39
-43
-23
-33
-31
-48
-42
-53
-54
-46
-69
-49
-58
-53
-43
-61
-51
-53
-32
-52
-57
-60
-62
-45
-56
-41
-46
-52
-48
-43
-43
-33
-38
-41
-34
-37
-33
-26
-26
-26
-28
-27
-39
-36
-58
-41
-33
-48
-35
-53
-29
-41
-32
-32
-41
-16
-32
-39
-15
-16
-16
-19
-13
-18
2
-1
-5
-22
-23
6
-13
-11
-7
-2
-3
-11
0
-6
-16
-14
-5
-8
-18
-13
-19
-30
-33
-16
-17
-17
-29
-31
-20
-26
-41
-36
-50
-41
-44
-52
-40
-61
-56
-33
-53
-55
-50
-56
-40
-48
-56
-52
-48
-40
-48
-47
-49
-56
-57
-56
-55
-58
-44
-50
-39
-46
-52
-52
-40
-18
-27
-41
-23
-22
-18
-15
-28
-32
-34
-38
-37
-18
-7
-19
-8
6
-1
-2
-16
-3
-2
-18
-16
-3
-15
-8
-5
-11
-14
2
-8
-26
-24
-8
-10
-11
-10
-18
-21
-14
-7
-40
-37
-34
-17
-32
-25
-11
-24
-31
-35
-15
-19
-16
-12
-27
-24
-34
-45
-23
-35
-50
-52
-34
-41
-41
-43
-59
-62
-52
-59
-72
-56
-54
-43
-50
-69
-59
-57
-58
-63
-66
-48
-51
-59
-46
-58
-54
-51
-63
-61
-59
-54
-48
-46
-61
-47
-43
-47
-36
-49
-45
-40
-33
-34
-43
-32
-43
-38
-28
-33
-43
-43
-29
-26
-25
-27
-45
-31
-28
-30
-17
-35
-23
-29
-26
-35
-29
-19
-14
-14
-24
-40
-23
-8
-20
-8
-17
-17
-8
-11
-13
-11
-19
-12
-9
-20
-9
2
2
4
-11
-1
1
-10
15
0
-11
-5
-10
-11
8
4
4
-3
-11
-12
-17
-3
-6
-18
-24
-1
-10
-7
-3
5
9
-9
-4
-7
4
-4
12
8
-14
2
4
-1
-4
-11
-7
-10
0
-12
-10
0
-8
1
19
12
13
16
20
20
24
19
22
22
17
28
19
33
33
36
25
26
34
39
35
28
44
22
35
54
26
35
43
28
33
34
36
32
41
30
15
22
32
26
17
25
24
20
32
39
48
38
18
28
31
33
26
24
23
3
10
8
-4
3
-9
3
5
12
18
-1
-8
1
-1
-14
14
-1
6
3
5
-3
-6
-6
14
3
-2
16
2
12
-5
5
-2
5
3
10
17
14
22
17
17
15
8
9
23
31
20
24
26
22
19
29
30
24
22
20
35
41
45
51
60
48
39
51
40
50
48
32
55
33
36
45
30
21
36
47
32
40
41
29
36
33
23
29
24
28
32
9
14
20
10
17
28
3
14
-2
11
13
14
30
12
27
32
27
9
18
0
16
14
8
15
8
15
10
19
19
9
7
6
2
1
-3
4
7
-6
2
11
14
35
20
10
13
22
14
9
22
23
26
31
26
32
32
49
50
34
44
40
41
39
52
60
47
34
25
23
25
32
20
33
45
43
41
44
47
59
58
58
57
44
45
47
51
53
69
41
41
57
69
51
50
53
47
33
33
39
22
44
35
46
39
38
50
33
50
54
42
48
24
34
49
28
38
44
33
31
16
26
34
29
33
8
24
21
32
25
33
20
33
38
20
20
33
33
25
34
27
23
28
22
27
34
37
30
38
40
39
36
40
38
44
26
27
38
35
31
24
34
34
45
39
35
44
38
37
34
34
21
27
40
40
47
43
43
31
38
24
40
36
27
25
15
36
29
24
32
17
41
33
39
60
26
20
30
25
19
23
22
27
27
43
25
26
33
31
27
13
24
39
47
39
46
22
39
35
40
47
20
33
29
26
25
34
33
25
34
44
32
34
36
29
39
28
25
34
24
36
45
43
37
46
58
58
75
51
52
81
68
59
55
50
47
55
55
60
64
56
61
44
48
50
48
56
51
57
59
56
72
66
63
75
78
63
61
76
55
65
56
56
58
68
51
50
56
70
57
51
45
47
47
41
42
26
42
34
41
23
28
28
18
41
42
31
22
35
23
46
28
29
41
35
40
40
35
34
39
37
35
39
31
48
43
39
54
47
47
31
58
54
54
39
38
51
55
42
51
64
52
48
61
66
58
59
51
56
64
62
61
55
65
66
67
62
65
64
64
64
64
61
64
63
59
73
75
86
77
87
78
71
84
62
80
73
70
80
59
43
55
42
47
63
50
55
68
68
66
62
61
53
61
59
63
61
66
73
67
67
61
44
55
68
48
47
35
33
29
39
51
51
45
40
28
52
45
57
68
48
52
39
49
57
51
45
47
36
68
64
69
73
54
73
41
44
49
58
40
45
61
40
49
55
50
48
55
57
67
60
53
55
65
59
65
69
65
56
56
46
56
53
39
44
41
52
57
61
51
45
54
40
30
37
33
51
39
37
30
22
37
35
30
52
31
28
21
28
40
22
32
36
39
37
36
52
54
41
43
52
42
41
60
42
60
49
43
43
48
48
58
70
70
75
59
61
63
65
55
49
60
56
58
59
53
54
49
44
54
61
53
43
56
61
48
42
47
57
58
60
63
46
55
51
49
50
60
60
56
47
50
55
48
58
62
56
47
53
45
30
36
28
33
30
25
30
40
34
28
31
28
39
26
20
16
10
6
24
34
13
30
23
22
28
23
26
15
15
10
17
14
11
27
22
23
30
33
15
34
40
25
32
18
26
16
7
21
21
26
26
22
25
31
32
26
24
29
34
21
17
40
26
14
37
48
43
36
40
31
42
26
27
25
22
25
35
40
30
26
27
36
25
40
44
35
29
32
34
30
38
35
35
28
35
33
11
29
32
38
36
33
27
21
25
47
26
31
38
12
17
11
15
37
27
18
26
16
21
16
16
21
18
21
7
10
12
17
11
23
20
28
25
20
12
7
5
-7
13
12
20
9
10
13
17
19
21
10
7
23
18
30
24
20
19
16
10
22
25
23
14
23
19
14
17
4
10
3
17
16
10
20
18
14
9
3
5
11
-1
13
12
6
12
18
16
23
17
27
19
24
31
14
24
18
24
39
43
36
32
42
44
31
41
25
36
36
26
35
29
17
22
25
12
17
14
31
23
16
28
24
18
21
14
11
22
20
35
19
23
22
14
20
11
25
29
33
28
31
19
31
38
29
31
22
30
20
14
34
22
17
25
18
40
28
27
29
23
30
28
45
21
37
27
32
42
36
46
41
40
39
34
30
34
38
50
41
48
56
45
56
54
45
57
43
59
53
58
51
51
51
41
43
31
36
35
43
32
38
26
25
27
19
24
31
17
30
22
15
16
22
26
14
4
1
8
16
15
-2
11
5
4
6
-6
-10
1
-8
7
-2
-1
11
-9
7
8
7
7
8
25
9
5
-4
2
-12
-10
-5
-8
8
-12
2
15
10
9
9
10
18
13
16
18
0
25
35
24
29
20
32
27
37
21
29
38
14
41
27
25
12
7
8
-4
-5
1
-1
-15
-7
3
3
4
-16
-15
-19
-27
-5
-19
-15
-20
-8
-20
-22
-3
-14
-1
-17
-12
-15
-26
-11
-16
-11
-20
-16
-20
-19
-16
-9
7
-21
0
-21
-22
-10
-12
-14
-24
-14
-36
-18
-12
-15
-30
-23
-28
-41
-33
-37
-39
-30
-38
-36
-20
-20
-16
-28
-31
-46
-45
-33
-51
-33
-28
-36
-47
-39
-32
-42
-35
-22
-48
-26
-30
-27
-25
-16
-14
-31
-12
-5
-4
-23
-6
-10
-23
-13
-37
-28
-12
-10
-19
-32
-13
-19
-11
-5
-3
7
-1
-12
-3
-14
-20
-23
-20
-8
-22
-15
-2
-19
-22
-16
-16
-9
-16
-22
-15
-8
-18
-17
-17
-13
-13
-21
-13
-23
-17
-15
7
-11
-18
-9
-33
-28
-24
-33
-27
-29
-33
-16
-33
-36
-27
-23
-24
-34
-38
-42
-51
-44
-46
-45
-52
-54
-35
-37
-34
-40
-49
-40
-36
-49
-45
-49
-48
-39
-26
-31
-33
-31
-32
-17
-30
-40
-38
-31
-7
-6
-31
-18
-19
-13
-22
-21
-21
-22
-5
-10
-21
-23
5
0
-7
-6
-10
-11
-5
-13
-25
-22
-22
-11
-22
-18
-11
-9
-13
-3
-2
5
-9
-3
-14
1
5
-6
3
-7
3
-21
-8
-17
-16
-17
-4
-2
-8
-14
-21
5
-4
-15
-25
-18
-21
-21
-8
-24
-14
-14
-12
-11
-28
-11
-11
-24
-23
-41
-34
-26
-21
-29
-24
-34
-23
-40
-22
-3
-21
3
-28
-19
1
4
-5
-13
-3
7
-18
-7
-8
-5
7
0
-11
-7
14
9
3
10
-4
-5
7
11
-4
-13
-6
-5
-8
-2
-10
-8
-4
-29
8
-2
0
3
2
5
14
18
9
14
6
0
-12
-3
-14
-17
-20
-12
-11
-6
-8
-18
-10
-17
-21
-28
-29
-23
-7
-5
-3
-15
-18
-14
-4
-23
-17
4
-16
-10
-7
-1
-1
-7
-7
1
-6
-9
4
3
1
-13
-2
-14
-3
-15
-17
-12
-13
-6
7
-2
5
-1
5
33
0
26
30
18
18
18
11
6
23
10
18
15
17
23
27
27
23
35
22
20
33
40
31
39
44
53
32
43
40
28
42
30
27
28
31
35
39
38
35
22
31
26
39
28
30
33
17
27
38
52
43
43
49
48
59
45
44
48
52
52
46
48
58
58
53
48
42
46
70
40
29
54
49
46
47
63
44
55
49
50
51
39
44
27
34
30
33
45
47
49
46
46
54
54
45
41
50
40
36
44
46
41
40
55
49
66
71
61
79
65
68
57
62
66
61
64
47
59
50
40
53
45
68
69
69
54
52
54
48
57
51
46
61
62
49
61
57
52
61
63
58
49
52
45
32
34
41
47
26
35
21
18
26
23
27
25
27
24
33
35
27
17
-7
11
17
10
2
15
20
8
10
7
12
13
12
9
8
6
9
0
-7
0
5
-6
11
18
6
13
8
22
13
15
2
11
17
8
16
-6
1
4
-8
-6
1
3
6
3
17
8
18
11
11
24
23
27
-5
-4
20
14
19
32
26
23
31
18
12
15
3
10
27
26
-3
9
3
7
11
17
20
8
27
16
27
21
16
27
20
16
28
18
23
18
12
15
7
-2
22
18
8
21
2
25
21
43
33
28
30
22
36
24
20
29
32
6
21
22
22
19
13
28
18
28
36
41
34
31
46
46
40
34
27
32
37
44
53
44
30
36
34
33
43
27
14
28
38
14
7
28
25
35
30
39
29
33
43
32
37
45
43
40
30
45
54
53
48
54
51
53
46
51
50
43
45
45
41
43
35
24
38
36
50
34
15
31
23
36
43
29
18
24
30
36
31
22
20
12
10
12
14
9
11
14
6
10
11
25
17
28
15
7
12
0
23
24
11
20
28
12
9
-3
4
19
10
8
16
15
20
29
37
40
29
26
34
37
52
32
30
30
46
39
29
34
27
26
24
52
36
47
31
26
42
27
38
23
35
24
18
20
21
7
4
20
14
5
-3
21
4
-2
7
-1
13
5
2
7
-2
5
-1
3
18
-7
-4
-7
3
5
-11
-10
-9
-2
7
18
16
-5
3
12
4
12
4
6
4
12
24
10
24
16
19
26
20
21
26
23
14
28
33
20
11
37
28
35
34
28
20
11
7
15
42
41
22
18
35
29
18
15
24
17
14
-1
17
24
7
27
30
19
16
17
27
38
40
32
31
27
11
18
9
38
33
37
40
11
19
1
6
22
15
42
29
32
38
30
30
27
26
24
22
17
39
25
26
33
35
33
33
34
23
26
26
15
33
40
29
33
41
32
44
42
26
36
41
41
35
29
41
38
37
36
43
36
38
37
43
53
45
48
40
34
52
47
42
44
25
42
44
35
57
51
28
41
12
14
22
23
38
44
38
22
40
32
33
35
38
29
25
39
41
51
37
28
20
23
19
22
38
24
23
35
25
35
32
-2
10
3
9
6
-7
-13
8
9
7
11
4
13
39
25
39
34
15
38
22
19
32
2
4
11
8
18
18
14
5
12
5
22
-2
13
12
15
15
13
31
19
29
5
12
18
17
25
30
7
-17
19
-6
15
18
9
24
1
13
10
8
19
15
0
1
-4
24
15
19
-5
1
-1
-10
-21
-32
-24
0
12
-13
5
4
-1
-19
-10
-10
-1
19
-13
12
0
-10
-8
4
0
-13
1
2
-16
-6
-16
0
7
-3
10
-3
9
-11
10
-9
-18
-1
-27
-10
-19
-3
0
-21
-12
-20
-15
-10
-17
-7
-20
-14
-8
-20
-6
-6
0
-2
-4
-1
-5
-21
-26
-13
-27
-31
-28
-30
-16
-30
-12
-16
-26
-27
-20
-18
-3
3
-21
-6
6
4
-7
-13
-15
-3
-2
-4
2
3
-9
-1
15
2
-1
-4
9
18
-4
-4
-5
4
6
6
-17
-33
-19
-12
-4
-5
-20
-11
10
-5
4
-9
-9
9
2
14
4
-7
6
23
9
21
1
1
10
-4
10
12
-12
-5
3
-5
21
14
-7
9
-4
-11
-17
-10
-18
-8
16
-9
23
23
20
-1
25
43
44
35
42
21
12
39
30
29
23
59
35
17
26
27
52
22
29
27
4
31
8
2
22
12
24
17
-18
8
-19
2
-6
-21
23
1
22
-4
2
28
12
21
1
23
34
9
46
5
7
8
5
11
15
8
22
25
4
1
-11
6
8
13
5
-6
-1
8
9
22
42
28
22
9
15
25
19
8
-2
4
-14
20
1
18
36
6
10
5
3
18
9
25
8
-7
11
5
-3
-18
-35
-19
-10
-6
-17
-28
-20
-25
-24
-22
-8
-4
-12
-14
17
-1
-11
-6
-19
-18
-20
-8
-26
31
-20
6
-2
4
8
-10
4
10
6
-1
-28
-31
-12
-9
-11
-30
-39
-11
-22
-17
4
-17
-7
-18
-16
-2
7
7
-15
7
-20
-25
8
2
8
8
-6
-24
-8
-22
-41
-6
-43
-16
-11
-64
-29
-35
-26
-28
-15
-40
-19
-17
-8
-16
-12
-14
-14
6
14
-4
-29
2
-15
-36
-29
-25
-28
-6
-2
20
-9
-1
-4
-20
9
0
-1
-24
-20
-9
-8
-24
-15
-41
-12
-1
-10
20
-20
5
-21
-17
-26
-20
-6
6
-19
-26
-26
-33
-56
-30
7
10
-4
-5
6
-6
11
-9
-25
9
4
24
-28
-40
-18
-35
-20
-3
-20
-22
-6
-22
-15
0
7
-11
13
-31
-9
-7
-5
4
-17
18
-28
3
7
7
17
1
7
0
7
6
-1
-5
20
-3
-4
16
-11
23
16
46
6
9
25
20
37
26
35
12
21
27
21
27
26
19
4
36
8
-21
2
-4
11
22
30
26
16
11
-12
34
8
26
37
16
27
12
20
36
25
43
35
45
61
42
35
42
23
26
31
23
45
33
40
11
4
31
42
26
27
26
11
3
8
31
35
24
36
28
17
10
29
40
45
14
9
37
41
60
30
21
22
18
17
25
29
20
11
20
41
52
14
29
21
48
23
39
23
17
37
15
62
34
25
15
-4
18
17
-21
-18
-29
-18
-18
-18
9
-15
-3
3
-1
40
9
15
47
23
30
22
36
13
20
2
15
-19
-19
9
16
26
-10
-16
3
-5
12
18
-19
-13
-27
3
12
13
4
-30
-32
9
7
20
4
-15
2
-11
-5
3
9
-10
-18
2
18
7
-10
2
-14
-19
-18
4
18
-8
-18
-20
-5
10
4
12
-7
-48
-41
-29
3
4
-19
11
8
31
6
20
51
19
32
5
25
28
34
47
33
24
26
6
-13
8
1
-16
-20
-28
-25
1
4
26
-5
-11
12
14
23
3
-3
11
28
11
-38
-24
-28
-10
-25
-51
-19
-25
7
-17
-14
-7
12
53
16
27
20
-6
10
6
-45
-8
-13
18
11
-18
0
-60
0
9
-27
-46
-24
-15
-8
-6
-28
-44
-33
-34
-50
-22
24
30
14
-7
-5
25
-7
21
4
-24
-8
3
-14
-73
-23
-19
14
-14
-30
15
-42
-24
-11
-31
-2
-13
10
-3
-9
-29
-20
-26
-39
-15
-10
12
-45
-16
-36
-37
14
-13
32
34
-17
-29
-67
-45
-7
26
8
-39
-44
-54
17
26
-6
47
3
1
-23
-32
12
-4
2
0
35
20
-13
-3
0
-3
21
-7
-7
32
0
-24
-27
-2
-29
-24
-8
20
38
19
62
68
39
56
16
-3
-6
-7
-4
-25
-46
-29
-50
12
17
-15
-3
-18
2
17
28
27
-7
13
-13
-11
-31
-72
-51
-10
-5
-57
-32
-20
0
-62
-60
-32
-53
-66
-71
-54
-11
17
-39
-68
-18
-1
7
-19
-27
-13
-58
-57
-65
-61
-74
-82
-33
-50
5
-27
14
-1
3
33
6
34
12
-30
-7
38
33
23
-1
16
-15
0
-56
-26
-49
-40
-4
-40
-15
-66
-40
-7
-58
-42
-47
40
-42
-27
-52
-25
37
-22
61
24
74
76
45
83
78
63
54
46
34
-8
-47
-24
-89
-64
-79
-94
-49
-91
-51
-20
-69
-18
-14
4
-5
-46
1
-18
-42
-43
-89
-76
-61
-67
-79
-89
-60
-48
-13
-2
1
-6
-5
35
20
-20
-34
-51
-39
-80
-59
-30
-52
-43
-53
-14
-27
-20
-13
-11
27
-6
11
8
-33
-26
-68
-55
-17
-34
-12
1
9
30
13
-9
-6
-21
-41
-40
-91
-78
-65
-53
-52
-39
-23
4
-6
-17
-4
-56
-26
-70
-10
-23
-76
-56
-60
-67
-93
-83
-24
0
-54
-54
-42
10
43
38
51
17
-41
1
49
6
-43
-103
-63
-18
43
-5
-35
-20
-42
13
46
54
-3
29
54
62
64
4
62
7
-13
-53
-87
1
-11
15
-13
9
51
66
42
49
51
13
0
-6
-1
-23
-51
-18
52
67
30
32
34
73
61
38
87
83
81
8
-2
9
-8
-4
-3
34
9
46
64
61
66
98
142
111
93
51
20
23
-7
-30
-31
-92
-95
-119
-125
-103
-112
-46
-6
50
78
71
32
85
86
58
34
1
9
-40
-69
-83
-61
-94
-85
-31
-5
-54
-118
-127
-98
-67
-76
-98
-50
4
-6
-41
-23
-11
-18
25
37
103
120
78
79
77
52
54
10
-15
-53
-92
-115
-115
-89
-116
-72
-36
-12
-9
-9
47
24
18
-9
13
15
-21
-3
-53
-55
-89
-50
-21
-13
18
26
56
73
89
85
70
35
7
11
-1
-25
-57
-88
-52
-31
-28
-15
-19
-45
-9
-13
18
41
37
-6
-40
-32
-37
-52
-78
-43
-41
-6
-18
5
15
8
31
47
21
-39
-21
-27
-52
-70
-94
-89
-63
-66
-82
-36
-29
-17
-3
29
32
-2
-15
-12
-7
18
12
-10
-30
-37
-66
-72
-76
-140
-142
-118
-102
-85
-77
-62
-31
27
11
19
19
9
10
8
-21
-48
-37
-96
-106
-117
-116
-80
-68
-43
-41
4
41
58
59
48
12
7
12
-46
-51
-91
-106
-109
-75
-21
-31
-50
-34
4
22
23
-17
-43
-58
-42
-34
-73
-76
-83
-43
-15
-24
-19
-16
21
33
44
61
46
30
-6
-42
-13
-27
-7
15
-5
18
25
14
23
40
44
33
19
14
28
8
-1
-17
-39
-22
-41
-15
-9
-13
-28
-12
-17
-9
-32
-48
-30
-42
-31
-39
-6
-18
-21
-6
-5
-2
-25
-19
-19
-26
1
16
23
11
-47
-28
-13
-19
-5
-1
30
22
-1
-2
-7
0
5
19
28
38
36
24
27
13
19
16
15
-10
-34
-32
-18
-11
-17
24
7
33
50
43
46
65
93
97
105
78
92
97
102
86
58
34
16
-7
-16
1
-22
-35
-28
-7
9
4
-15
-13
-16
-3
-19
-25
-20
-28
-31
-16
18
37
47
48
62
59
51
49
45
31
3
-31
-51
-74
-89
-93
-98
-76
-67
-50
-32
-2
23
27
36
29
42
52
32
21
6
13
31
25
47
32
32
32
57
87
78
60
30
22
-18
12
-22
-49
-43
-62
-25
-10
5
30
61
94
125
149
158
154
145
145
118
83
108
129
126
136
154
181
220
230
232
240
225
232
230
228
222
207
212
230
244
274
277
307
335
353
366
385
403
408
405
384
336
299
254
212
196
166
119
71
42
0
-51
-91
-151
-224
-247
-266
-315
-329
-356
-382
-405
-404
-394
-420
-416
-402
-391
-398
-384
-358
-358
-355
-354
-371
-370
-371
-368
-357
-361
-381
-375
-364
-338
-305
-310
-264
-250
-232
-187
-152
-113
-68
-44
-19
51
90
116
143
136
170
222
267
300
333
379
442
500
554
622
641
681
735
782
848
926
1001
1067
1153
1236
1338
1405
1440
1468
1466
1369
1189
961
664
368
31
-326
-627
-914
-1134
-1287
-1342
-1290
-1224
-1100
-925
-730
-524
-333
-178
13
149
251
350
455
563
652
730
800
874
878
872
796
695
550
337
84
-174
-434
-701
-961
-1234
-1403
-1541
-1589
-1568
-1541
-1404
-1248
-1086
-888
-685
-445
-264
-124
26
130
200
248
235
217
177
105
14
-77
-177
-261
-366
-482
-567
-641
-688
-757
-784
-750
-728
-686
-581
-455
-318
-185
-23
136
286
402
538
660
765
858
916
1003
1052
1088
1121
1163
1214
1242
1299
1364
1443
1554
1634
1626
1540
1404
1162
869
498
56
-359
-785
-1173
-1510
-1719
-1757
-1740
-1631
-1402
-1107
-786
-466
-162
121
356
508
635
736
824
895
923
1002
1072
1099
1136
1116
1091
981
760
473
125
-273
-699
-1124
-1487
-1766
-1987
-2056
-2026
-1858
-1601
-1303
-963
-663
-402
-150
40
191
281
286
287
249
216
175
110
77
11
-91
-205
-314
-434
-558
-730
-879
-1013
-1139
-1200
-1219
-1206
-1134
-1056
-915
-715
-522
-316
-85
127
310
491
609
734
799
845
854
820
784
750
753
741
761
798
850
909
1031
1159
1351
1544
1729
1962
2129
2165
1991
1707
1333
901
347
-226
-755
-1259
-1703
-2055
-2161
-2062
-1880
-1629
-1286
-892
-504
-181
85
370
577
638
712
767
881
988
1061
1187
1297
1368
1344
1255
1053
767
341
-177
-744
-1265
-1753
-2162
-2420
-2519
-2453
-2271
-1927
-1489
-981
-496
-76
293
587
765
823
760
655
566
410
275
120
2
-101
-233
-356
-509
-617
-767
-961
-1126
-1282
-1419
-1538
-1558
-1521
-1448
-1301
-1110
-872
-566
-269
-12
254
466
640
735
796
811
777
697
565
444
319
208
139
102
111
144
213
347
559
753
958
1195
1466
1752
2062
2355
2645
2840
2859
2658
2278
1811
1232
503
-260
-988
-1662
-2215
-2662
-2807
-2722
-2515
-2199
-1799
-1308
-816
-391
11
386
702
914
1073
1244
1443
1605
1749
1880
1941
1883
1671
1362
959
457
-176
-889
-1553
-2143
-2616
-2908
-3018
-2916
-2666
-2290
-1817
-1241
-631
-95
361
736
1007
1154
1231
1146
1035
914
720
568
323
75
-172
-485
-770
-1087
-1333
-1531
-1737
-1842
-1838
-1811
-1729
-1533
-1325
-1023
-731
-450
-152
127
387
567
721
844
889
864
814
689
579
428
260
121
9
-68
-112
-106
-45
82
226
435
682
906
1185
1480
1814
2181
2521
2880
3185
3298
3153
2792
2250
1563
698
-219
-1103
-1941
-2604
-3163
-3429
-3364
-3101
-2673
-2151
-1536
-921
-366
130
595
1014
1307
1527
1728
1931
2091
2203
2277
2258
2079
1740
1249
670
8
-726
-1447
-2146
-2710
-3092
-3282
-3267
-2994
-2585
-2078
-1505
-934
-312
253
752
1149
1460
1691
1798
1777
1672
1538
1265
950
542
89
-356
-848
-1319
-1742
-2052
-2233
-2356
-2329
-2167
-1934
-1646
-1342
-1012
-651
-313
-30
257
499
684
841
915
974
955
835
692
500
319
118
-87
-245
-340
-400
-418
-384
-295
-142
21
205
471
762
1079
1432
1778
2168
2578
2977
3305
3624
3744
3484
2957
2136
1195
131
-1010
-2005
-2892
-3489
-3879
-3997
-3664
-3130
-2434
-1723
-1014
-328
226
665
1067
1436
1739
1986
2145
2324
2525
2577
2508
2274
1833
1234
450
-408
-1221
-1994
-2615
-3139
-3448
-3465
-3288
-2939
-2471
-1861
-1237
-637
-116
419
951
1421
1808
2125
2396
2537
2496
2291
1949
1373
646
-172
-981
-1647
-2290
-2723
-3027
-3130
-3025
-2840
-2460
-2028
-1543
-1071
-648
-266
123
470
744
966
1129
1202
1181
1068
904
708
449
169
-126
-353
-532
-643
-698
-723
-712
-657
-627
-555
-410
-229
-11
274
634
1076
1523
1960
2427
2858
3245
3552
3789
3915
3789
3251
2407
1326
203
-887
-1993
-2861
-3512
-3915
-4075
-3992
-3522
-2809
-2071
-1341
-655
-14
541
969
1420
1915
2334
2645
2872
2964
2994
2837
2406
1841
1120
250
-682
-1589
-2297
-2816
-3145
-3331
-3324
-3091
-2742
-2300
-1796
-1202
-583
-38
480
1033
1588
2087
2452
2720
2841
2762
2417
1834
1186
419
-428
-1277
-2047
-2600
-3008
-3208
-3222
-3115
-2813
-2473
-2065
-1574
-1042
-461
20
445
860
1171
1354
1460
1442
1341
1138
860
575
286
9
-263
-486
-674
-826
-968
-1072
-1129
-1139
-1092
-965
-770
-459
-74
357
818
1311
1831
2255
2599
2925
3157
3361
3538
3605
3654
3500
3015
2218
1124
-7
-1103
-2195
-3071
-3703
-4070
-4174
-4045
-3572
-2848
-2014
-1195
-456
228
875
1369
1834
2361
2820
3189
3357
3371
3233
2885
2293
1539
650
-256
-1177
-2045
-2649
-3049
-3222
-3262
-3192
-2954
-2636
-2298
-1873
-1362
-756
-112
509
1193
1876
2487
2951
3227
3258
3052
2543
1849
1039
150
-678
-1474
-2180
-2653
-2992
-3179
-3171
-3109
-2836
-2469
-2063
-1510
-943
-320
253
725
1144
1425
1555
1563
1441
1270
1078
822
596
355
133
-81
-329
-571
-782
-1015
-1228
-1360
-1403
-1308
-1157
-852
-472
-59
383
788
1201
1555
1877
2175
2423
2610
2798
2969
3126
3245
3279
3240
2895
2175
1199
22
-1045
-2056
-2947
-3463
-3748
-3735
-3565
-3234
-2617
-1913
-1197
-557
72
678
1244
1711
2195
2712
3045
3267
3240
2973
2579
1926
1188
413
-326
-980
-1596
-2045
-2356
-2570
-2707
-2824
-2846
-2763
-2583
-2268
-1778
-1044
-230
639
1440
2167
2755
3057
3163
2984
2656
2159
1512
834
68
-624
-1261
-1916
-2450
-2891
-3186
-3350
-3369
-3139
-2755
-2220
-1575
-909
-220
380
773
1089
1300
1369
1408
1331
1265
1175
1027
855
609
325
7
-365
-749
-1077
-1335
-1496
-1568
-1518
-1357
-1174
-909
-651
-378
-52
253
581
930
1332
1756
2173
2536
2868
3112
3269
3329
3279
3193
2982
2599
1916
1001
-11
-950
-1756
-2479
-2971
-3211
-3231
-3115
-2937
-2529
-2035
-1505
-967
-429
178
736
1250
1738
2222
2640
2943
3054
2982
2733
2288
1710
1026
376
-244
-878
-1467
-1975
-2376
-2724
-3024
-3151
-3078
-2862
-2490
-1969
-1254
-466
278
969
1582
2053
2334
2460
2450
2367
2135
1755
1318
836
309
-322
-1022
-1660
-2237
-2726
-3059
-3249
-3162
-2883
-2525
-2055
-1533
-1023
-590
-189
188
541
831
1096
1293
1434
1480
1386
1222
958
677
287
-108
-428
-706
-939
-1088
-1192
-1218
-1220
-1218
-1172
-1113
-947
-731
-458
-65
389
882
1379
1866
2304
2617
2845
2954
2991
3015
2998
2962
2908
2663
2132
1330
409
-432
-1190
-1906
-2449
-2771
-2931
-2968
-2950
-2784
-2528
-2203
-1772
-1218
-506
248
918
1526
2127
2623
2994
3143
3078
2855
2437
1912
1357
868
403
-132
-731
-1299
-1820
-2344
-2790
-3120
-3196
-3109
-2853
-2419
-1822
-1137
-528
48
620
1152
1578
1894
2125
2272
2326
2205
1954
1594
1024
272
-442
-1094
-1627
-2081
-2536
-2725
-2799
-2752
-2598
-2464
-2149
-1812
-1445
-978
-472
23
474
817
1110
1355
1447
1450
1351
1192
1006
752
496
229
-74
-385
-760
-1048
-1302
-1498
-1636
-1694
-1611
-1417
-1151
-843
-454
-13
431
810
1214
1592
1934
2231
2488
2736
2941
3131
3258
3371
3386
3213
2761
1993
1109
206
-577
-1296
-1963
-2457
-2788
-2985
-3111
-3084
-2928
-2682
-2344
-1855
-1157
-380
355
993
1531
2038
2426
2697
2870
2898
2792
2549
2196
1778
1367
821
149
-561
-1269
-1868
-2399
-2828
-3048
-3108
-3003
-2797
-2456
-1994
-1514
-1047
-529
23
555
1026
1415
1724
1888
1928
1860
1662
1417
1075
659
206
-231
-659
-1117
-1519
-1900
-2160
-2322
-2391
-2365
-2244
-2008
-1711
-1372
-958
-544
-156
226
558
851
1073
1204
1249
1223
1109
932
737
486
244
-13
-279
-494
-697
-855
-1001
-1112
-1180
-1181
-1122
-1010
-815
-576
-317
14
398
821
1279
1696
2081
2433
2735
2980
3206
3385
3461
3413
3159
2589
1871
1116
475
-123
-742
-1259
-1740
-2171
-2547
-2837
-2971
-2994
-2895
-2599
-2115
-1471
-799
-190
384
890
1311
1700
1970
2194
2354
2360
2281
2169
1962
1698
1294
796
323
-177
-654
-1138
-1587
-1931
-2231
-2471
-2549
-2529
-2430
-2246
-1961
-1570
-1128
-691
-301
93
420
690
882
1001
1050
1043
989
923
823
721
529
277
33
-236
-469
-678
-928
-1143
-1307
-1435
-1472
-1457
-1381
-1270
-1118
-910
-671
-431
-217
-15
153
314
470
594
686
740
755
708
591
436
215
-4
-237
-485
-675
-850
-913
-924
-856
-739
-573
-348
-69
203
487
780
1098
1436
1741
2052
2350
2665
2972
3150
3153
3009
2604
2132
1638
1129
651
74
-457
-952
-1397
-1746
-2098
-2333
-2470
-2539
-2488
-2312
-2063
-1772
-1456
-1103
-630
-139
333
825
1238
1627
1934
2161
2319
2326
2211
1989
1698
1392
1028
618
197
-239
-648
-1058
-1434
-1771
-2020
-2231
-2321
-2314
-2218
-2032
-1814
-1559
-1313
-1048
-732
-338
-1
261
496
729
945
1070
1129
1116
1073
971
837
686
487
229
-74
-393
-677
-920
-1144
-1314
-1416
-1439
-1386
-1277
-1136
-953
-743
-554
-332
-115
111
275
358
431
475
459
428
362
273
173
66
-12
-83
-134
-132
-126
-63
50
220
408
614
814
978
1198
1365
1508
1669
1875
2063
2189
2211
2171
2030
1818
1644
1420
1204
829
372
-51
-473
-857
-1221
-1554
-1790
-1946
-2010
-1977
-1902
-1742
-1528
-1312
-1010
-655
-318
-7
267
543
826
1067
1264
1393
1461
1457
1396
1310
1173
985
764
511
244
9
-235
-476
-691
-879
-1068
-1216
-1327
-1400
-1442
-1485
-1469
-1418
-1378
-1177
-960
-760
-549
-391
-178
14
179
313
375
425
474
446
432
402
334
283
243
195
172
73
-66
-193
-339
-391
-484
-573
-657
-762
-820
-829
-813
-771
-781
-794
-788
-752
-660
-572
-454
-278
-78
144
354
577
754
913
1063
1177
1296
1350
1312
1265
1220
1233
1255
1304
1319
1367
1553
1684
1687
1548
1340
1079
926
764
639
442
78
-260
-538
-639
-724
-906
-1051
-1181
-1262
-1259
-1261
-1210
-1154
-1100
-975
-775
-571
-410
-316
-225
-40
186
422
612
733
827
890
936
1022
1067
1035
949
815
724
607
451
281
51
-223
-475
-719
-904
-1087
-1266
-1407
-1515
-1555
-1513
-1488
-1463
-1438
-1367
-1187
-998
-785
-558
-330
-99
159
408
656
830
908
940
929
894
843
688
490
250
27
-155
-378
-600
-795
-1005
-1184
-1269
-1295
-1284
-1274
-1219
-1131
-956
-735
-511
-260
-23
213
454
705
898
1050
1180
1267
1312
1320
1310
1261
1202
1144
1107
1097
1056
1027
1085
1177
1288
1234
1151
1005
887
870
837
854
702
459
217
20
-69
-231
-472
-697
-882
-1049
-1193
-1293
-1375
-1454
-1505
-1450
-1305
-1195
-1099
-1012
-860
-578
-262
72
363
585
797
1013
1251
1484
1626
1667
1651
1566
1447
1275
1047
785
450
126
-158
-443
-752
-1077
-1432
-1702
-1904
-2015
-2087
-2138
-2163
-2121
-1920
-1596
-1223
-896
-605
-315
0
347
658
911
1043
1105
1156
1151
1114
991
747
488
251
29
-179
-423
-671
-902
-1056
-1140
-1135
-1144
-1147
-1138
-1081
-939
-751
-513
-315
-103
67
237
443
598
682
765
813
861
876
845
801
756
713
682
733
765
772
786
846
1008
1179
1276
1356
1382
1338
1370
1365
1395
1355
1114
856
597
379
201
-50
-326
-615
-928
-1189
-1415
-1570
-1692
-1809
-1896
-1861
-1783
-1705
-1591
-1446
-1200
-922
-602
-242
95
386
670
935
1236
1538
1733
1865
1945
1893
1828
1690
1495
1224
852
473
90
-303
-687
-1084
-1425
-1672
-1832
-1978
-2097
-2223
-2271
-2167
-1975
-1726
-1514
-1319
-1077
-792
-477
-141
129
335
469
554
659
733
732
667
572
472
385
270
127
-33
-205
-315
-373
-379
-386
-430
-464
-472
-465
-394
-338
-323
-305
-287
-244
-177
-84
-22
46
122
179
219
280
332
354
405
492
601
708
775
844
966
1166
1412
1584
1663
1638
1623
1695
1703
1696
1635
1458
1211
893
630
403
144
-164
-523
-833
-1109
-1363
-1623
-1832
-1967
-2083
-2124
-2144
-2087
-2034
-1926
-1675
-1351
-972
-586
-229
98
446
799
1123
1452
1706
1845
1869
1823
1783
1671
1511
1344
1118
850
531
179
-153
-504
-831
-1092
-1330
-1528
-1687
-1850
-1951
-1947
-1856
-1721
-1600
-1534
-1416
-1251
-1040
-811
-593
-427
-308
-195
-98
27
135
202
264
295
340
357
369
346
301
277
249
240
192
102
-6
-112
-180
-203
-233
-285
-354
-405
-442
-435
-398
-345
-291
-232
-159
-87
0
109
199
298
419
545
672
800
939
1095
1298
1518
1672
1768
1759
1708
1716
1711
1691
1620
1442
1218
925
684
459
236
2
-308
-609
-918
-1218
-1426
-1589
-1705
-1780
-1824
-1828
-1788
-1710
-1624
-1477
-1287
-1064
-858
-629
-404
-207
30
267
530
739
879
965
1004
1017
1020
1021
1014
971
867
708
546
382
249
134
-32
-177
-332
-487
-704
-898
-1023
-1139
-1212
-1302
-1419
-1519
-1555
-1537
-1488
-1407
-1312
-1230
-1148
-1007
-815
-611
-421
-236
-68
90
209
333
460
550
644
682
693
677
616
521
401
330
226
128
22
-86
-201
-288
-326
-355
-377
-407
-433
-449
-446
-411
-352
-261
-146
-32
94
196
321
485
642
804
990
1196
1397
1498
1537
1557
1625
1681
1673
1623
1464
1256
994
773
615
457
285
4
-303
-524
-725
-888
-1019
-1149
-1262
-1402
-1535
-1576
-1562
-1521
-1475
-1412
-1269
-1120
-959
-831
-664
-487
-339
-193
-24
146
252
370
493
647
776
919
1005
1041
1013
974
949
904
851
738
562
395
189
-30
-242
-484
-711
-937
-1120
-1299
-1449
-1562
-1659
-1686
-1675
-1624
-1539
-1440
-1318
-1147
-947
-730
-525
-356
-180
-20
111
282
434
540
620
656
680
674
646
616
564
488
394
298
201
91
-15
-109
-203
-287
-364
-420
-468
-520
-525
-523
-484
-422
-369
-273
-144
2
175
363
546
768
990
1231
1380
1461
1470
1514
1583
1563
1538
1462
1323
1144
948
792
700
555
335
66
-184
-374
-560
-725
-856
-952
-1070
-1215
-1279
-1276
-1276
-1268
-1252
-1205
-1133
-1071
-991
-911
-787
-661
-492
-305
-98
84
224
378
532
691
835
944
1037
1089
1087
1072
1052
1020
929
700
505
311
108
-97
-307
-513
-685
-884
-1086
-1194
-1271
-1340
-1450
-1487
-1458
-1400
-1318
-1224
-1096
-981
-845
-703
-539
-354
-194
-53
60
188
309
411
479
533
560
525
501
467
413
318
222
143
45
-46
-126
-194
-250
-318
-373
-404
-447
-437
-403
-338
-250
-167
-82
17
111
213
352
462
557
687
814
974
1084
1135
1171
1162
1207
1212
1207
1161
1062
936
765
637
540
458
347
171
6
-119
-249
-333
-402
-455
-566
-699
-832
-953
-1009
-1079
-1137
-1167
-1171
-1152
-1106
-1043
-939
-815
-692
-566
-389
-204
-41
135
293
449
601
701
789
840
843
845
840
838
764
608
464
360
217
33
-181
-365
-568
-777
-956
-1087
-1175
-1254
-1341
-1374
-1366
-1341
-1309
-1237
-1154
-1063
-930
-801
-632
-458
-294
-154
-23
91
202
288
309
341
351
322
296
261
208
131
30
-49
-91
-133
-170
-194
-204
-230
-241
-241
-219
-201
-181
-118
-63
8
74
151
209
298
386
462
522
567
644
740
833
876
898
904
942
942
962
958
914
849
758
675
637
615
575
499
363
215
84
-44
-182
-291
-422
-586
-741
-869
-974
-1039
-1081
-1125
-1180
-1202
-1203
-1155
-1065
-957
-835
-688
-539
-352
-182
-26
116
265
409
510
601
675
741
781
775
742
657
537
429
330
222
73
-105
-298
-496
-669
-799
-882
-964
-1023
-1091
-1117
-1071
-1021
-940
-875
-770
-688
-609
-488
-401
-324
-261
-202
-115
-70
-9
21
30
53
61
77
97
121
127
121
134
138
149
170
163
173
190
202
199
183
196
170
147
128
80
77
46
9
-19
7
42
96
147
236
341
467
631
734
828
899
975
1042
1096
1199
1240
1233
1199
1099
1024
921
789
658
471
273
82
-101
-272
-431
-555
-705
-839
-989
-1097
-1140
-1166
-1162
-1127
-1066
-987
-885
-756
-618
-486
-361
-263
-138
-43
84
181
261
327
388
428
436
443
449
433
364
287
193
131
100
58
-16
-74
-175
-272
-342
-386
-389
-416
-472
-525
-566
-609
-650
-664
-674
-684
-708
-709
-680
-656
-619
-587
-564
-525
-474
-406
-315
-223
-106
-16
89
222
326
405
493
557
589
603
605
574
509
431
334
234
123
31
-60
-142
-226
-288
-329
-348
-346
-329
-281
-191
-62
59
244
435
642
834
991
1144
1235
1319
1369
1397
1399
1345
1227
1100
923
771
618
469
327
129
-74
-259
-404
-548
-639
-695
-760
-784
-815
-818
-800
-753
-696
-678
-614
-585
-546
-487
-441
-395
-349
-310
-279
-246
-201
-155
-109
-65
-27
7
70
137
191
247
270
279
278
271
275
257
213
163
96
34
-50
-124
-218
-310
-430
-560
-673
-771
-832
-900
-952
-958
-972
-955
-904
-840
-747
-655
-536
-400
-247
-87
63
206
309
399
458
507
542
551
544
520
466
396
333
233
154
60
-49
-128
-199
-249
-294
-317
-320
-287
-226
-162
-65
31
137
276
414
563
720
855
979
1065
1118
1151
1147
1123
1066
1035
966
845
737
610
500
394
287
188
86
-30
-109
-176
-232
-244
-277
-314
-344
-385
-432
-451
-486
-529
-577
-625
-641
-665
-669
-672
-662
-616
-574
-525
-447
-356
-262
-140
-53
36
111
201
283
355
425
438
443
440
414
378
319
233
143
34
-94
-242
-336
-453
-597
-715
-798
-856
-900
-908
-914
-889
-855
-792
-738
-654
-538
-431
-316
-198
-65
47
148
235
290
334
375
397
392
387
344
295
247
185
131
69
42
-7
-43
-68
-85
-87
-93
-101
-95
-78
-62
8
74
135
222
313
408
517
615
723
811
874
900
923
951
951
935
899
854
779
722
639
568
499
432
350
270
214
93
-5
-86
-183
-276
-359
-422
-483
-551
-586
-622
-656
-661
-673
-663
-632
-599
-552
-494
-445
-385
-307
-226
-168
-84
-12
49
99
137
188
240
262
271
264
234
195
132
80
0
-58
-100
-169
-234
-318
-387
-433
-488
-543
-607
-629
-677
-697
-704
-697
-676
-653
-605
-555
-501
-460
-374
-290
-201
-120
-51
46
127
198
254
315
366
394
411
424
430
407
397
354
309
255
198
133
53
-11
-78
-123
-156
-166
-146
-94
-43
23
124
213
335
432
548
680
785
886
982
1074
1131
1185
1189
1181
1142
1057
954
811
689
540
373
202
42
-113
-257
-377
-502
-583
-657
-725
-765
-771
-748
-733
-680
-606
-527
-447
-343
-250
-161
-66
-9
55
88
129
140
143
132
111
98
79
46
10
-31
-62
-86
-110
-125
-160
-157
-155
-174
-169
-180
-170
-201
-241
-295
-353
-391
-440
-476
-517
-550
-569
-595
-599
-589
-576
-537
-509
-449
-394
-328
-211
-107
13
130
238
334
410
476
535
560
560
540
504
453
388
306
253
179
86
5
-61
-127
-182
-200
-207
-196
-167
-103
-30
80
189
307
445
576
713
864
990
1087
1173
1228
1253
1247
1206
1169
1086
961
806
656
497
307
129
-58
-215
-372
-509
-620
-679
-745
-770
-785
-773
-738
-682
-625
-557
-467
-379
-270
-191
-84
-14
76
125
171
181
182
178
172
150
129
110
88
80
43
1
-25
-67
-104
-134
-203
-224
-256
-288
-331
-360
-404
-463
-527
-582
-631
-693
-733
-751
-752
-761
-722
-663
-589
-500
-414
-282
-173
-64
69
196
300
411
489
559
589
601
608
549
520
445
364
281
191
115
30
-32
-97
-133
-180
-196
-207
-178
-122
-56
35
127
251
397
510
626
737
831
931
1005
1058
1109
1132
1127
1122
1077
1041
991
899
794
683
557
401
250
107
-27
-146
-254
-344
-408
-465
-524
-568
-566
-564
-566
-543
-512
-490
-461
-408
-354
-284
-215
-149
-102
-59
4
30
82
101
133
161
162
190
204
204
196
174
151
139
84
44
-2
-72
-119
-225
-289
-389
-506
-604
-692
-769
-832
-873
-903
-905
-881
-814
-750
-624
-508
-392
-240
-91
46
177
316
426
532
598
633
640
629
583
528
471
403
332
262
163
78
14
-76
-144
-204
-218
-231
-230
-180
-119
-23
90
208
348
444
556
664
763
845
927
975
997
1037
1042
1038
1016
988
935
874
806
729
612
485
397
275
164
55
-34
-124
-237
-302
-382
-452
-473
-509
-549
-562
-569
-550
-551
-513
-475
-436
-398
-350
-289
-231
-173
-117
-52
-4
55
105
138
173
165
166
142
135
113
77
52
-4
-33
-82
-143
-191
-264
-327
-414
-473
-543
-624
-684
-736
-743
-759
-729
-679
-616
-532
-439
-327
-213
-100
0
78
165
234
289
324
368
387
400
391
364
343
290
263
226
171
122
82
21
-13
-29
-36
-28
-8
48
111
170
243
348
415
499
589
657
735
810
844
862
893
915
919
904
874
855
825
771
709
628
563
453
369
277
164
67
-3
-90
-158
-226
-269
-314
-369
-395
-418
-398
-426
-420
-418
-425
-408
-400
-372
-335
-283
-228
-199
-156
-90
-66
-9
29
33
40
46
30
0
-27
-59
-71
-99
-129
-169
-178
-181
-207
-228
-239
-268
-301
-366
-399
-439
-468
-472
-470
-438
-400
-356
-281
-212
-127
-50
21
101
151
201
233
267
265
270
260
260
267
253
231
253
241
247
240
206
210
170
181
188
184
195
222
257
301
342
417
479
533
617
674
759
813
852
890
910
917
909
911
887
850
804
747
675
594
501
393
293
207
119
46
-53
-121
-167
-220
-276
-317
-328
-338
-351
-340
-323
-303
-252
-226
-200
-179
-127
-95
-72
-46
-53
-50
-62
-57
-81
-108
-155
-212
-264
-304
-333
-376
-396
-440
-430
-431
-437
-406
-401
-365
-345
-308
-271
-246
-230
-211
-177
-149
-145
-121
-87
-82
-53
-29
2
16
22
19
32
41
47
52
52
55
67
73
82
104
116
152
192
241
289
333
362
407
444
480
507
565
581
587
610
640
671
682
693
708
708
714
709
714
716
670
669
629
597
565
509
461
398
338
284
233
177
123
64
4
-36
-85
-118
-125
-177
-206
-222
-243
-256
-271
-266
-300
-290
-271
-274
-264
-244
-227
-220
-191
-178
-166
-157
-153
-175
-198
-237
-282
-330
-366
-430
-464
-480
-512
-532
-556
-566
-561
-548
-519
-507
-492
-446
-406
-354
-283
-223
-169
-105
-48
15
77
128
152
184
192
205
213
181
182
138
139
122
92
87
72
67
47
66
97
110
151
197
230
289
344
413
482
542
635
711
760
837
911
952
985
1005
1017
1013
976
931
852
767
678
559
449
329
207
112
-15
-125
-217
-289
-368
-409
-419
-415
-397
-382
-332
-296
-222
-150
-103
-51
-26
4
30
35
16
-19
-44
-104
-153
-207
-271
-321
-377
-399
-445
-475
-495
-513
-542
-554
-563
-573
-572
-571
-574
-549
-533
-532
-506
-479
-460
-449
-397
-378
-334
-295
-266
-248
-213
-165
-121
-77
-49
-21
6
62
80
99
137
151
185
201
231
249
269
299
316
345
338
332
346
346
355
365
374
410
423
450
481
515
552
598
648
667
705
750
781
820
828
845
871
864
834
801
714
609
506
382
260
144
15
-119
-239
-347
-445
-523
-570
-624
-658
-641
-641
-627
-580
-531
-468
-427
-376
-313
-283
-250
-240
-230
-209
-201
-207
-221
-242
-253
-285
-315
-326
-361
-389
-414
-450
-466
-506
-529
-561
-567
-590
-594
-594
-600
-590
-565
-536
-498
-443
-421
-362
-321
-271
-222
-185
-138
-102
-61
-10
32
69
113
133
161
206
214
234
260
304
343
348
370
384
419
454
483
503
524
540
546
555
551
551
545
531
504
519
525
505
481
469
437
400
378
337
300
261
247
203
175
146
99
76
43
9
-47
-102
-147
-187
-220
-258
-284
-308
-349
-376
-414
-446
-485
-534
-576
-612
-665
-685
-699
-731
-742
-752
-747
-754
-755
-725
-690
-663
-637
-596
-558
-523
-485
-446
-393
-370
-358
-346
-318
-317
-323
-312
-310
-293
-307
-294
-299
-285
-280
-250
-243
-233
-217
-188
-160
-147
-115
-82
-35
17
68
122
177
236
281
341
411
462
531
563
616
653
687
741
760
788
783
804
801
802
797
758
748
700
665
613
584
521
475
411
336
281
208
137
52
-11
-87
-143
-214
-286
-330
-373
-381
-398
-398
-398
-396
-370
-352
-353
-337
-353
-357
-365
-385
-412
-437
-445
-485
-491
-521
-530
-562
-578
-584
-582
-581
-598
-579
-595
-582
-572
-568
-568
-579
-560
-575
-557
-556
-543
-514
-481
-447
-415
-383
-341
-318
-266
-200
-161
-104
-40
17
74
127
173
227
271
313
348
380
391
416
426
419
436
431
414
425
424
425
430
422
421
454
465
493
528
556
602
611
669
694
715
738
736
740
722
669
629
589
523
437
357
271
180
88
-21
-115
-212
-284
-353
-412
-455
-509
-549
-568
-579
-590
-592
-597
-599
-573
-553
-540
-525
-518
-507
-508
-487
-506
-514
-511
-542
-559
-579
-625
-641
-663
-682
-687
-695
-673
-653
-624
-597
-538
-514
-454
-396
-343
-286
-215
-159
-118
-47
-10
49
64
124
137
127
141
157
162
173
185
193
189
220
230
252
304
319
363
426
474
523
584
622
676
700
728
744
752
767
790
770
738
703
656
597
517
477
394
302
233
169
89
36
-21
-62
-123
-158
-176
-216
-215
-224
-227
-214
-199
-199
-202
-192
-214
-198
-196
-226
-253
-289
-316
-375
-411
-466
-521
-557
-602
-635
-657
-697
-717
-705
-711
-707
-693
-649
-603
-576
-518
-460
-421
-378
-325
-277
-245
-211
-197
-177
-151
-140
-122
-113
-103
-73
-48
-26
-6
15
45
90
122
198
251
324
400
468
537
601
681
729
803
833
872
903
911
924
918
891
890
850
789
750
699
649
584
546
478
415
361
306
236
180
117
71
32
-23
-54
-86
-102
-122
-145
-144
-163
-196
-182
-188
-211
-212
-223
-243
-243
-267
-281
-293
-310
-326
-333
-341
-358
-355
-360
-351
-367
-353
-316
-304
-285
-293
-292
-285
-287
-269
-249
-250
-260
-252
-253
-250
-243
-233
-235
-217
-203
-200
-171
-148
-101
-67
-20
26
99
152
213
271
310
360
398
434
475
508
523
570
582
588
603
605
610
597
598
592
569
579
567
557
531
534
521
504
505
481
485
464
427
403
392
347
330
289
255
211
146
127
68
16
-45
-89
-133
-165
-205
-262
-296
-332
-343
-356
-375
-390
-398
-401
-388
-396
-379
-348
-355
-359
-355
-338
-319
-328
-296
-274
-288
-261
-265
-267
-249
-231
-224
-196
-186
-160
-144
-115
-90
-60
-19
12
47
74
115
141
172
193
225
248
277
303
318
347
351
359
361
375
383
369
380
388
375
380
377
390
388
395
415
419
433
451
456
449
449
447
410
380
341
304
281
236
174
117
84
32
-32
-78
-125
-180
-215
-230
-266
-282
-315
-310
-311
-319
-303
-280
-241
-202
-169
-150
-95
-45
-16
10
38
58
69
72
76
72
65
45
21
0
-30
-61
-98
-128
-147
-169
-197
-224
-222
-216
-224
-231
-216
-212
-205
-196
-183
-135
-108
-75
-19
11
59
90
139
172
200
240
260
301
337
354
373
392
401
404
416
418
410
392
382
379
366
356
340
325
302
283
241
225
211
192
147
125
94
53
24
-5
-33
-78
-91
-111
-117
-118
-123
-123
-109
-85
-73
-72
-69
-43
-37
-22
3
-1
20
31
31
32
28
16
-1
-21
-47
-73
-105
-124
-139
-163
-162
-168
-172
-169
-164
-122
-108
-88
-52
-33
1
38
64
98
123
164
193
207
227
246
272
284
304
290
284
311
309
279
270
272
268
216
197
190
163
158
134
111
99
85
74
51
41
29
31
4
-5
4
4
-6
-18
-11
-22
-12
-19
-21
-27
-32
-20
-19
-30
-24
-20
-8
-13
-5
10
9
31
44
43
57
62
70
72
79
80
75
63
53
60
35
17
13
15
-13
-17
-18
-39
-40
-26
-2
-7
-2
23
36
61
79
100
113
118
130
141
153
153
162
159
173
156
165
180
162
150
153
166
152
136
136
132
124
121
120
122
126
124
126
132
134
145
149
151
148
150
161
127
120
147
120
111
97
66
47
34
-9
-21
-43
-71
-105
-139
-147
-182
-180
-202
-207
-202
-224
-188
-199
-177
-167
-164
-139
-130
-116
-92
-62
-42
-33
-12
13
32
67
88
106
120
131
172
170
176
209
203
216
225
216
211
207
218
211
189
199
176
175
151
145
157
131
150
148
159
151
163
170
164
176
183
215
237
248
251
251
264
245
242
234
227
204
170
158
123
99
85
70
49
9
-31
-46
-87
-105
-115
-148
-156
-164
-180
-191
-203
-202
-210
-207
-194
-197
-197
-178
-171
-159
-145
-123
-109
-97
-78
-33
-19
-1
31
37
56
86
93
99
119
131
151
145
145
162
155
154
151
163
151
150
144
138
125
116
111
106
90
90
104
115
122
117
131
135
162
176
181
201
219
226
242
258
278
285
293
275
277
285
259
243
229
194
177
157
117
100
80
52
38
13
-3
-12
-42
-35
-35
-49
-54
-43
-43
-33
-22
-28
-35
-34
-35
-41
-36
-33
-46
-73
-63
-74
-94
-72
-91
-117
-106
-116
-113
-114
-104
-95
-88
-66
-57
-36
-15
2
12
39
52
70
70
91
102
113
117
123
141
137
131
155
170
167
170
180
190
212
223
222
253
266
289
305
313
304
290
278
297
275
248
256
243
210
185
176
146
121
118
82
51
33
28
20
16
18
12
22
29
44
65
76
108
125
141
152
147
162
164
163
155
137
115
101
94
62
26
18
-15
-26
-35
-35
-29
-16
6
15
33
60
86
100
132
139
150
184
198
195
199
189
207
198
189
196
177
176
155
151
138
127
122
99
105
119
116
98
110
136
139
137
165
172
178
170
195
199
198
188
179
195
176
174
158
141
125
124
106
102
85
71
82
87
93
105
109
109
114
131
124
121
147
145
159
152
149
140
150
151
142
142
126
105
106
97
74
64
47
67
52
47
54
69
60
67
81
74
95
119
114
156
184
190
206
215
226
227
239
222
226
222
209
204
175
175
167
146
138
124
128
119
129
120
125
142
132
140
131
140
147
154
163
163
178
163
165
164
162
160
136
114
107
99
69
59
59
34
29
18
25
17
18
13
10
30
45
59
60
79
99
114
126
136
139
148
139
156
153
133
132
106
111
114
100
108
109
83
79
87
82
79
75
80
93
106
116
131
137
137
166
177
183
183
202
219
215
220
226
233
229
247
233
224
218
203
168
166
145
127
119
95
98
78
67
58
60
56
72
67
59
80
91
94
100
104
99
94
87
106
89
99
97
76
81
66
56
48
34
30
43
52
38
33
20
42
47
40
66
61
60
56
67
53
84
95
76
98
97
99
121
134
115
120
142
151
170
191
217
227
248
262
264
283
280
279
279
264
270
266
256
248
248
230
218
215
181
185
170
158
158
153
139
134
135
141
155
133
139
145
136
135
133
154
134
147
144
144
154
147
164
133
140
138
138
138
127
124
91
101
93
79
71
54
51
36
50
32
25
26
39
40
29
45
41
41
42
35
67
88
108
120
131
150
154
169
180
189
205
203
219
221
229
232
217
219
221
210
199
187
176
168
136
139
117
120
118
109
118
114
128
133
146
152
160
187
212
230
243
255
265
296
286
301
322
304
304
311
297
283
257
245
229
195
169
127
100
68
50
30
14
-5
-7
-29
-42
-38
-47
-32
-63
-54
-34
-49
-33
-26
-2
-17
-10
2
3
17
20
26
43
49
36
53
59
61
69
51
47
35
41
35
33
36
42
44
28
46
49
47
31
21
41
41
51
56
56
58
77
77
72
89
85
108
111
102
107
113
113
111
120
127
136
132
128
116
116
121
103
105
99
85
85
81
86
68
63
53
56
60
38
40
36
43
39
34
43
37
27
50
32
41
52
25
32
17
26
25
2
11
-3
-8
-17
-26
-22
-43
-36
-39
-35
-38
-43
-33
-34
-17
-17
-11
-32
-22
-14
-20
-30
-40
-24
-47
-51
-50
-63
-66
-67
-66
-69
-76
-82
-87
-80
-65
-53
-56
-45
-40
-27
-14
-25
8
11
26
42
42
50
64
64
56
64
57
71
71
45
44
51
46
52
32
12
14
23
9
3
-4
1
4
5
14
-3
-7
6
7
1
2
-9
-17
-18
-10
-10
-15
-31
-45
-33
-31
-42
-49
-54
-55
-59
-58
-48
-55
-49
-62
-79
-68
-60
-68
-80
-76
-83
-88
-88
-88
-74
-79
-88
-71
-75
-58
-54
-58
-39
-36
-9
-15
3
23
8
17
24
42
40
39
37
44
49
45
20
23
28
38
19
16
-7
-23
-7
-9
-10
-40
-22
-33
-32
-29
-29
-43
-32
-35
-31
-23
-25
-2
-6
-7
14
17
24
36
38
59
66
62
66
69
51
59
51
42
42
38
15
-2
3
6
-31
-10
-32
-40
-39
-56
-33
-45
-25
-26
-20
-19
-16
1
8
7
29
23
19
32
16
18
9
-5
-21
-20
-19
-36
-48
-49
-64
-74
-73
-76
-90
-98
-92
-101
-77
-75
-73
-70
-52
-48
-39
-34
-31
-20
-11
-11
-4
-2
-8
10
3
-8
-23
-37
-40
-48
-64
-60
-67
-92
-88
-91
-103
-102
-101
-90
-97
-85
-70
-81
-61
-62
-62
-63
-62
-53
-67
-59
-62
-92
-98
-86
-90
-96
-120
-120
-106
-108
-130
-118
-101
-118
-94
-76
-80
-58
-65
-44
-42
-34
-34
-15
-24
-20
-25
-24
-8
-16
-13
-25
-28
-42
-41
-43
-55
-75
-68
-77
-71
-75
-74
-87
-89
-91
-88
-89
-114
-92
-88
-82
-74
-76
-72
-64
-68
-56
-61
-58
-67
-75
-68
-87
-79
-76
-80
-87
-85
-93
-84
-82
-76
-63
-72
-78
-54
-46
-62
-50
-43
-53
-47
-51
-57
-62
-72
-70
-76
-95
-112
-113
-117
-145
-141
-131
-142
-132
-132
-120
-102
-81
-95
-63
-60
-44
-10
-10
11
35
45
34
35
32
28
15
12
-6
-33
-30
-42
-59
-58
-63
-62
-74
-65
-55
-68
-61
-48
-46
-45
-28
-2
-12
2
11
18
15
18
16
29
32
22
22
27
18
40
25
17
28
12
20
23
18
-5
-9
-16
-11
-18
-12
-21
-29
-40
-48
-45
-57
-69
-64
-66
-65
-76
-80
-83
-83
-73
-76
-53
-55
-47
-49
-39
-29
-25
-14
-8
0
20
29
26
17
13
17
7
6
-5
1
-14
-28
-30
-49
-49
-32
-32
-50
-48
-27
-27
-32
-26
-11
6
4
19
36
59
53
54
43
61
66
53
71
51
59
63
48
44
41
28
39
11
6
15
1
-13
-11
-22
-19
-22
-31
-24
-33
-16
-25
-35
-48
-49
-34
-47
-62
-78
-69
-63
-85
-69
-79
-71
-71
-82
-54
-73
-68
-70
-61
-94
-77
-77
-87
-78
-103
-89
-108
-96
-122
-129
-124
-112
-126
-131
-112
-127
-116
-130
-126
-111
-108
-91
-109
-82
-66
-84
-64
-40
-48
-23
-21
-21
3
16
16
14
30
39
47
57
65
58
60
30
28
31
24
13
14
13
19
0
-23
-21
-23
-27
-20
-24
-34
-28
-31
-28
-31
-20
-26
-28
-13
-23
-20
-31
-24
0
-15
-15
-21
-19
-25
-12
-3
-19
-21
-23
-25
-29
-26
-53
-71
-93
-100
-92
-107
-124
-124
-118
-133
-145
-145
-154
-142
-142
-154
-149
-139
-133
-125
-120
-113
-115
-91
-83
-85
-52
-62
-70
-61
-47
-40
-36
-23
-57
-36
-25
-22
-19
-39
-24
-12
-33
-18
-5
-13
15
11
20
10
31
32
27
37
31
59
49
68
54
75
59
64
67
69
82
80
99
103
107
88
98
92
98
91
84
84
74
65
64
47
36
32
7
-22
-18
-33
-50
-55
-76
-83
-84
-89
-112
-123
-122
-117
-124
-124
-121
-117
-123
-119
-118
-111
-101
-98
-89
-95
-87
-87
-87
-92
-90
-88
-94
-84
-85
-92
-98
-82
-95
-87
-86
-101
-99
-89
-104
-94
-84
-81
-73
-72
-71
-66
-37
-38
-54
-37
-37
-48
-39
-28
-24
-27
-17
-18
-15
-19
-12
-3
12
11
4
16
22
30
31
40
44
17
18
29
24
18
5
0
7
-5
-11
-8
-19
-29
-36
-38
-41
-48
-39
-34
-35
-34
-31
-25
-33
-30
-27
-34
-40
-52
-50
-68
-64
-88
-84
-96
-110
-103
-130
-134
-161
-149
-178
-185
-186
-188
-192
-215
-210
-217
-204
-200
-185
-171
-179
-171
-164
-169
-166
-145
-122
-131
-111
-95
-89
-85
-67
-59
-57
-42
-28
-20
-18
-15
-9
-18
-4
-7
-5
11
0
8
2
24
24
7
19
15
17
-3
8
20
-8
-1
9
6
16
18
13
11
6
17
18
11
16
26
27
17
29
47
38
46
42
31
34
18
16
17
-11
-5
-29
-42
-61
-93
-98
-96
-103
-116
-110
-123
-139
-147
-126
-132
-149
-130
-110
-100
-81
-79
-81
-69
-72
-43
-59
-57
-49
-56
-54
-80
-83
-92
-92
-97
-106
-119
-135
-135
-145
-166
-163
-155
-153
-163
-160
-157
-156
-138
-120
-112
-107
-68
-57
-44
-40
-33
-9
-12
7
15
21
25
38
27
47
47
46
52
40
39
39
35
43
38
47
58
52
73
63
68
58
63
42
55
38
36
39
15
27
23
20
14
16
23
-1
-1
-15
-31
-27
-28
-29
-34
-48
-63
-53
-51
-54
-47
-57
-64
-57
-71
-78
-99
-96
-112
-118
-129
-152
-150
-160
-167
-159
-170
-162
-161
-157
-133
-145
-137
-125
-116
-117
-102
-83
-88
-92
-73
-96
-74
-66
-76
-63
-64
-63
-61
-65
-75
-62
-69
-72
-59
-55
-47
-45
-49
-38
-46
-16
-9
-16
-6
-3
6
14
14
31
30
27
40
31
47
61
66
80
80
67
59
65
59
69
58
60
57
53
53
27
17
14
10
1
-5
-11
-20
-25
-19
-28
-20
-38
-33
-36
-35
-50
-48
-53
-57
-61
-79
-69
-79
-85
-103
-92
-99
-124
-117
-110
-118
-128
-126
-126
-132
-119
-127
-136
-139
-133
-118
-126
-133
-128
-118
-90
-97
-85
-81
-72
-48
-32
-36
-28
-8
-12
-6
-8
10
10
27
55
50
59
57
48
63
75
88
81
78
84
83
76
92
97
96
110
110
108
118
111
108
120
99
99
101
102
98
99
78
81
82
58
56
44
51
39
51
58
36
37
33
15
4
2
0
-12
-6
-17
-35
-24
-37
-37
-38
-59
-62
-67
-68
-65
-69
-81
-73
-91
-97
-79
-72
-79
-103
-86
-68
-74
-92
-73
-66
-70
-60
-61
-51
-49
-44
-48
-46
-31
-37
-30
-11
-22
-12
-8
8
9
22
12
27
35
55
70
75
91
92
105
110
133
139
157
149
141
156
168
165
168
161
165
152
151
165
162
145
163
137
140
147
135
136
113
112
119
123
110
108
97
84
76
78
68
52
50
40
46
32
23
18
14
1
-16
4
-4
-14
-22
-25
-30
-41
-32
-47
-62
-64
-63
-63
-57
-50
-50
-59
-63
-60
-63
-62
-59
-49
-47
-56
-54
-61
-54
-29
-20
-28
-38
-31
-9
3
-1
12
18
16
23
30
47
49
57
67
80
75
95
115
112
131
134
119
133
150
153
155
154
163
168
169
165
175
159
165
159
153
154
136
136
149
143
144
143
124
120
119
112
105
108
96
99
114
75
76
81
76
59
61
48
44
49
30
27
28
22
6
5
0
12
-8
-10
-1
-11
-22
-20
-38
-36
-37
-34
-39
-49
-51
-46
-33
-24
-8
-11
-26
-35
-16
-16
-6
11
6
8
25
35
34
47
37
43
74
70
70
68
88
97
97
86
101
119
129
120
125
139
126
121
130
131
129
134
145
153
146
165
155
160
178
179
171
180
193
183
198
198
191
191
178
170
167
169
147
138
134
109
112
105
102
91
98
98
85
102
106
93
91
78
89
100
93
79
78
74
75
84
74
61
47
34
15
9
-1
1
11
-1
5
-9
-12
-25
-40
1
-12
-13
-27
-2
-1
-4
4
5
46
48
35
55
62
77
81
79
92
81
84
85
89
90
95
102
106
101
116
111
115
115
109
119
125
144
129
134
151
149
163
157
164
163
162
162
158
157
150
136
126
135
122
108
92
83
87
74
90
82
87
98
92
93
85
79
82
92
89
73
63
77
62
71
70
61
64
57
40
22
33
20
28
24
28
44
21
19
51
33
13
24
24
35
21
32
34
28
31
28
18
42
26
20
26
10
26
20
24
17
22
19
18
22
11
24
35
31
49
52
54
60
64
86
88
88
90
111
98
106
120
104
113
103
92
102
110
95
79
89
74
63
63
56
60
58
59
58
56
70
70
59
57
56
64
63
52
67
65
48
50
38
32
36
38
21
16
24
16
22
10
18
27
15
7
12
-1
3
6
10
-1
2
5
6
2
13
4
7
18
16
20
22
37
32
30
25
48
42
55
72
69
59
66
71
74
76
68
66
88
72
77
76
67
61
59
64
60
67
53
60
67
53
65
53
50
59
55
49
58
59
79
74
68
91
96
101
98
111
110
110
107
109
125
111
118
126
112
112
90
94
101
98
102
98
95
73
85
84
81
74
78
78
74
85
79
91
90
90
78
85
88
89
98
88
91
84
92
94
93
89
76
86
80
88
73
67
59
57
57
45
52
37
41
41
37
41
51
58
52
48
54
84
65
76
86
74
91
80
80
84
91
88
94
106
124
115
114
112
132
130
123
120
123
111
114
122
89
95
102
108
94
103
102
85
76
73
67
71
89
80
78
62
52
61
62
71
56
62
83
81
78
67
73
70
65
56
84
79
60
59
58
51
61
76
61
53
60
50
50
67
48
64
59
67
65
48
60
69
74
64
71
65
62
80
74
73
76
66
76
73
78
64
57
58
50
52
52
59
68
65
47
25
30
36
45
54
36
53
43
42
50
44
48
42
37
42
47
55
59
43
45
46
49
50
44
50
47
50
57
47
50
57
51
50
49
40
31
50
43
35
49
62
63
42
42
60
43
31
37
39
24
36
37
19
34
31
26
36
40
17
39
21
10
31
29
28
22
30
43
37
30
38
45
55
50
56
54
57
72
65
52
68
65
68
78
58
57
52
49
46
59
39
51
57
35
34
32
31
32
37
40
45
37
47
54
54
55
70
68
68
76
82
90
86
91
104
101
95
89
103
90
61
72
67
61
63
64
43
49
46
44
50
37
43
43
50
48
59
79
64
65
85
90
90
90
84
105
102
104
120
117
131
102
114
105
100
108
90
103
84
74
88
87
81
76
74
65
55
60
55
74
48
53
74
52
61
56
60
56
48
38
53
54
55
54
51
55
68
71
58
66
70
67
70
57
76
76
61
71
71
70
56
57
41
44
40
53
38
4
18
19
7
-11
-11
1
-1
0
-12
8
0
17
27
15
40
22
31
38
35
48
47
43
44
38
46
41
31
32
23
24
33
25
14
21
12
11
25
14
12
10
22
30
37
37
46
55
59
57
67
78
69
77
80
52
70
73
64
63
55
58
37
44
39
25
19
7
13
7
-3
1
-9
-18
-17
-33
-22
-17
-25
-35
-41
-35
-36
-29
-61
-48
-59
-55
-38
-45
-60
-56
-41
-54
-49
-49
-48
-51
-44
-60
-41
-47
-42
-40
-45
-28
-39
-40
-59
-41
-48
-57
-56
-48
-63
-74
-64
-70
-72
-59
-63
-77
-68
-59
-53
-46
-33
-34
-31
-14
-1
-17
-14
-3
6
11
27
12
23
18
4
11
3
-5
8
-9
-13
-5
-3
-7
-4
-7
-22
-6
-9
-14
-14
-19
-16
-24
-25
-31
-31
-9
-12
-38
-39
-27
-27
-53
-28
-27
-51
-42
-47
-36
-42
-30
-36
-39
-45
-33
-43
-50
-43
-59
-58
-64
-63
-84
-70
-77
-75
-64
-84
-76
-72
-85
-70
-69
-86
-78
-67
-72
-50
-55
-55
-50
-53
-40
-43
-27
-17
-26
-13
-8
9
7
-12
-2
11
16
18
9
9
24
14
5
7
1
-5
-12
-8
-12
-5
-21
-16
-21
-17
-19
-26
-18
-14
-22
-38
-11
-21
-9
0
-18
-19
-20
-10
-9
-8
-16
-6
-1
-5
0
-24
-16
-23
-42
-41
-30
-36
-48
-55
-54
-56
-65
-77
-63
-87
-86
-73
-76
-90
-90
-71
-95
-100
-75
-83
-88
-85
-88
-85
-88
-73
-81
-73
-68
-65
-61
-74
-88
-80
-79
-70
-77
-73
-85
-93
-72
-88
-88
-76
-72
-73
-80
-96
-83
-96
-97
-85
-82
-92
-85
-82
-83
-83
-74
-58
-65
-49
-60
-59
-56
-58
-41
-50
-39
-31
-40
-42
-40
-42
-33
-30
-40
-44
-40
-53
-64
-77
-61
-59
-59
-59
-74
-74
-63
-54
-72
-69
-87
-88
-92
-89
-82
-100
-91
-95
-98
-90
-94
-99
-94
-95
-101
-98
-89
-76
-94
-97
-83
-95
-91
-109
-110
-112
-84
-83
-96
-107
-103
-96
-97
-103
-98
-84
-81
-82
-89
-80
-76
-62
-66
-54
-58
-70
-63
-64
-59
-64
-61
-64
-42
-53
-52
-42
-50
-56
-51
-44
-33
-39
-34
-36
-34
-10
-34
-34
-31
-37
-32
-23
-23
-30
-14
-17
-20
-14
-20
-19
-26
-18
-38
-41
-46
-46
-41
-51
-50
-60
-52
-73
-65
-59
-57
-65
-61
-36
-47
-52
-53
-50
-57
-47
-56
-58
-53
-62
-70
-66
-69
-80
-59
-88
-85
-100
-97
-89
-98
-81
-104
-99
-94
-84
-87
-72
-66
-70
-71
-64
-66
-30
-55
-66
-61
-44
-50
-49
-26
-43
-20
-29
-25
-8
-27
-36
-32
-29
-22
-28
-26
-30
-40
-23
-24
-43
-33
-30
-28
-30
-39
-39
-57
-46
-42
-42
-38
-57
-54
-47
-39
-34
-35
-29
-24
-40
-38
-32
-39
-41
-45
-53
-55
-54
-45
-50
-49
-58
-48
-50
-69
-62
-76
-72
-75
-84
-76
-77
-77
-76
-91
-102
-108
-103
-103
-112
-107
-113
-111
-96
-94
-106
-99
-98
-89
-93
-77
-74
-86
-81
-72
-71
-72
-70
-70
-67
-75
-82
-63
-79
-79
-75
-76
-73
-88
-78
-64
-61
-73
-87
-76
-72
-82
-83
-76
-76
-67
-66
-71
-74
-65
-56
-42
-55
-39
-56
-55
-35
-52
-49
-40
-36
-40
-43
-49
-51
-63
-64
-70
-61
-69
-80
-79
-79
-92
-80
-86
-100
-90
-106
-111
-100
-113
-110
-121
-108
-100
-109
-116
-107
-102
-106
-102
-106
-84
-92
-81
-86
-68
-71
-74
-66
-59
-64
-67
-62
-74
-69
-59
-53
-63
-46
-60
-50
-46
-49
-37
-42
-52
-42
-52
-49
-42
-30
-40
-37
-42
-31
-25
-39
-32
-25
-18
-32
-15
-26
-4
6
-7
2
16
7
-7
1
-9
-10
-11
-20
-16
-21
-9
-18
-21
-5
-6
-11
-13
-23
-18
-17
-5
-13
-10
-10
-1
-6
-11
8
-13
-4
-2
-5
0
6
4
-5
4
-1
-16
-11
-5
-1
1
10
-13
-13
-5
-15
1
-13
-19
-10
-4
-16
-25
-30
-41
-28
-28
-19
-18
-25
-19
-10
-4
-9
-5
3
12
18
15
33
41
43
40
42
29
36
36
27
45
40
40
31
41
32
24
26
31
19
22
26
21
32
14
14
24
8
20
31
20
21
20
7
8
-7
4
0
-16
0
-5
-11
-20
-11
-23
-24
-10
-35
-32
-44
-43
-51
-50
-46
-50
-54
-56
-57
-47
-40
-72
-74
-70
-77
-78
-62
-67
-63
-78
-74
-65
-65
-67
-73
-53
-39
-44
-37
-29
-42
-35
-33
-36
-28
-24
-27
-20
-15
-25
-41
-40
-34
-32
-29
-33
-15
-27
-41
-32
-25
-31
-30
-33
-38
-45
-44
-24
-36
-29
-45
-35
-32
-29
-26
-47
-31
-33
-49
-32
-30
-20
-38
-43
-35
-48
-51
-53
-52
-63
-54
-64
-67
-58
-61
-64
-64
-63
-70
-86
-76
-92
-84
-95
-83
-86
-106
-102
-123
-119
-115
-121
-113
-124
-137
-116
-134
-124
-130
-122
-119
-124
-122
-109
-121
-111
-94
-91
-86
-103
-93
-97
-86
-87
-100
-88
-85
-86
-86
-69
-58
-67
-72
-70
-65
-67
-66
-66
-41
-35
-37
-49
-48
-40
-22
-23
-26
-30
-24
-25
-21
-20
-18
-6
0
-22
-30
-18
-22
-12
-10
-17
-14
-4
-17
-21
-15
-10
-13
-24
-30
-14
-28
1
-33
-27
-24
-36
-22
-41
-26
-49
-38
-56
-50
-48
-66
-66
-67
-54
-68
-70
-63
-57
-60
-62
-52
-58
-51
-63
-70
-53
-55
-47
-67
-62
-68
-60
-59
-61
-46
-72
-59
-65
-77
-61
-53
-59
-55
-43
-46
-54
-52
-52
-36
-57
-49
-33
-34
-34
-20
-6
-23
5
-2
10
18
4
14
10
7
19
14
14
18
10
15
23
25
14
19
27
8
7
14
0
-8
-1
2
-7
3
9
-6
-6
-2
3
13
8
-2
12
-8
-11
-11
-31
-24
-31
-30
-25
-27
-29
-27
-26
-36
-34
-37
-49
-50
-57
-59
-51
-59
-60
-54
-56
-57
-70
-80
-74
-62
-61
-71
-71
-79
-78
-71
-57
-53
-54
-33
-42
-34
-45
-44
-33
-31
-38
-46
-34
-42
-40
-45
-37
-29
-33
-46
-38
-37
-29
-29
-36
-29
-30
-30
-26
-35
-5
-15
-27
-14
-17
-9
-17
-9
-13
-12
-11
-8
-20
-13
-8
-15
-11
-15
-17
-22
-10
-27
-30
-7
-34
-26
-38
-55
-53
-54
-41
-47
-45
-49
-44
-48
-56
-57
-59
-76
-61
-71
-75
-71
-74
-74
-72
-80
-93
-77
-100
-90
-71
-84
-86
-81
-85
-94
-86
-81
-90
-84
-97
-103
-97
-106
-95
-94
-85
-97
-98
-83
-88
-73
-82
-76
-69
-69
-65
-67
-59
-47
-46
-43
-41
-44
-47
-48
-51
-44
-35
-42
-30
-13
-24
-20
-21
-30
-15
-12
-19
-14
1
-15
-20
-18
-23
-10
-11
-27
-1
-9
-9
-14
-23
-15
-4
-18
-25
-26
-36
-23
-36
-50
-41
-38
-51
-46
-36
-46
-52
-44
-53
-57
-46
-58
-49
-49
-53
-50
-61
-43
-68
-77
-67
-71
-62
-69
-81
-64
-76
-70
-66
-65
-52
-60
-55
-60
-40
-67
-43
-59
-67
-56
-52
-38
-58
-52
-36
-42
-38
-14
-25
-30
-18
-21
-8
-7
14
19
23
19
3
13
16
25
28
19
14
24
10
13
9
24
5
0
12
15
11
3
-10
-7
5
-10
-10
-13
-10
9
-7
8
12
-2
-4
-14
-12
-16
-20
-24
-15
-8
2
-13
-19
-29
-24
-43
-41
-46
-55
-69
-75
-68
-84
-81
-75
-71
-77
-77
-104
-103
-104
-93
-98
-111
-95
-116
-116
-106
-121
-118
-116
-111
-108
-116
-114
-115
-108
-107
-106
-94
-92
-98
-121
-110
-109
-102
-100
-87
-83
-93
-86
-95
-91
-79
-65
-82
-78
-58
-50
-58
-64
-52
-49
-49
-38
-45
-25
-29
-21
-14
-16
-9
-11
-7
-15
-6
-4
-6
-15
5
3
-16
-13
-24
-8
-9
-14
-19
-30
-36
-37
-37
-37
-36
-51
-61
-62
-58
-63
-53
-74
-67
-62
-73
-59
-64
-70
-76
-65
-86
-74
-58
-87
-88
-94
-97
-85
-83
-89
-95
-116
-98
-105
-108
-102
-116
-108
-117
-114
-100
-107
-114
-110
-91
-103
-116
-106
-109
-91
-98
-103
-78
-98
-88
-88
-83
-79
-72
-60
-64
-61
-67
-54
-45
-51
-33
-38
-36
-30
-46
-25
-34
-38
-29
-26
-31
-50
-34
-38
-38
-24
-29
-25
-43
-27
-28
-17
-4
-19
-5
-5
-4
-11
-22
-4
-11
-17
-12
-11
-28
-28
-28
-12
-18
-12
-19
-29
-23
-38
-14
-29
-50
-47
-49
-47
-49
-65
-69
-74
-71
-87
-89
-84
-91
-87
-77
-85
-104
-92
-111
-98
-100
-104
-81
-103
-86
-72
-83
-87
-85
-89
-78
-83
-95
-97
-92
-87
-76
-86
-80
-70
-71
-69
-63
-51
-55
-62
-61
-49
-60
-42
-42
-46
-44
-51
-44
-48
-53
-34
-12
-33
-21
-25
-39
-33
-31
-21
-13
-19
-18
0
-13
-10
-12
-8
-16
-23
-32
-40
-27
-29
-39
-54
-47
-53
-55
-53
-54
-60
-68
-78
-75
-77
-80
-93
-97
-98
-114
-102
-115
-114
-119
-110
-100
-123
-109
-105
-115
-119
-130
-112
-113
-131
-109
-113
-103
-110
-108
-109
-112
-108
-111
-111
-105
-117
-125
-118
-121
-118
-129
-119
-126
-115
-109
-115
-110
-106
-106
-118
-80
-98
-87
-89
-91
-73
-84
-70
-87
-61
-64
-38
-33
-59
-45
-30
-40
-44
-49
-50
-36
-52
-36
-36
-45
-33
-34
-41
-40
-40
-28
-36
-34
-24
-21
-16
-16
-15
-16
-11
-16
-24
-22
-1
-14
-12
-20
-31
-30
-27
-19
-37
-37
-42
-34
-42
-46
-71
-80
-59
-73
-66
-77
-69
-57
-65
-83
-78
-68
-71
-85
-98
-86
-94
-86
-80
-99
-96
-92
-101
-89
-89
-81
-71
-82
-79
-75
-73
-66
-65
-88
-73
-65
-73
-60
-68
-47
-45
-26
-29
-50
-25
-31
-31
-29
-14
-23
-25
-29
-26
-7
-5
-8
2
5
3
13
20
24
4
19
30
35
39
39
42
22
30
24
39
41
32
34
27
26
25
14
27
16
24
34
19
5
9
26
7
9
-1
9
-2
-11
7
3
-13
-4
-17
-38
-18
-12
-18
-25
-28
-31
-30
-48
-50
-66
-55
-61
-65
-49
-42
-38
-59
-69
-71
-75
-63
-71
-86
-82
-79
-67
-52
-72
-72
-66
-70
-60
-67
-61
-60
-62
-65
-66
-62
-65
-49
-52
-43
-45
-27
-41
-41
-23
-30
-9
-25
-17
-14
-19
-18
-9
-8
-27
-16
-11
-26
-18
-41
-25
-15
-18
-23
-31
-18
-16
-16
-20
-12
-15
-34
-37
-19
