-2
-7
-13
2
-26
-7
-17
-9
-8
-18
0
-17
-25
-9
-4
-16
-7
0
7
-9
2
6
-5
21
2
6
6
6
1
-3
6
10
10
1
14
9
12
6
5
-8
-7
1
-2
-6
2
-1
-3
-11
-31
-26
-29
-33
-16
-6
-29
-22
-19
-25
-17
-13
-12
-23
-24
-14
-15
-26
-25
-15
-13
-13
-13
-5
-18
-7
-9
-16
0
-16
-19
-20
-19
-16
-3
-2
-25
-27
-26
-18
-6
-20
-19
-27
-16
-10
-22
-16
-31
-30
-27
-41
-30
-19
-17
-8
-13
-24
-9
-14
-10
-3
-2
-5
-12
-4
-16
-7
1
-18
-10
0
-8
-3
-8
4
-9
-5
-4
-7
-7
-10
-13
-7
-22
-16
-2
-22
-21
-17
-22
-26
-11
-11
-15
3
-10
4
10
-2
8
2
2
-5
-22
12
18
15
5
-9
2
10
23
20
19
10
17
15
7
14
12
24
1
11
15
2
20
19
7
15
18
11
17
3
-2
-6
15
13
14
3
4
16
-10
-7
10
-9
-3
0
-7
2
-4
-9
-1
-10
-8
-17
-6
5
4
1
-7
3
3
13
0
4
-5
-10
3
-10
-6
12
1
-1
19
25
11
-4
12
27
8
22
8
10
30
14
17
7
8
11
22
8
21
26
5
17
12
18
19
23
22
5
18
10
13
4
7
12
-11
0
3
9
0
-12
-6
7
-9
-6
-1
-4
0
-7
-2
-3
-7
-9
18
7
2
-8
-16
-26
-20
-11
-4
-7
-10
-8
-18
-8
-12
-9
-16
-11
-13
-33
-21
-26
-25
-8
-3
-16
-21
-11
-8
-11
-15
-21
-15
-23
-20
-16
-19
-7
-5
-7
-18
-6
-12
-12
-17
4
-3
3
8
-19
-22
8
9
9
-5
-12
6
3
-2
15
17
5
12
28
-1
9
7
23
12
7
17
6
21
13
11
-4
4
-2
12
3
12
11
13
13
15
13
19
36
8
8
22
5
7
-8
-10
-3
-1
3
-9
2
-9
-31
-22
-25
-34
-28
-40
-25
-22
-22
-35
-37
-37
-37
-31
-48
-34
-47
-45
-41
-32
-43
-54
-60
-43
-56
-71
-56
-39
-43
-52
-37
-20
-39
-38
-39
-41
-28
-38
-12
-24
-43
-30
-33
-19
-18
-29
-23
-26
-28
-32
-44
-27
-15
-28
-27
-21
-21
-9
-4
-23
-19
-38
-23
-26
-17
-9
-24
-22
-21
-22
-22
-37
-32
-20
-35
-18
-31
-31
-37
-42
-35
-50
-40
-52
-58
-57
-73
-54
-48
-60
-45
-52
-56
-58
-60
-52
-50
-46
-42
-63
-53
-52
-57
-37
-53
-61
-44
-55
-54
-59
-60
-58
-50
-65
-56
-47
-58
-53
-63
-59
-62
-53
-60
-60
-58
-48
-64
-68
-63
-53
-59
-54
-47
-47
-41
-51
-57
-39
-48
-42
-39
-52
-43
-47
-37
-31
-52
-41
-39
-42
-35
-31
-42
-34
-25
-30
-33
-44
-40
-45
-51
-43
-40
-38
-36
-43
-32
-24
-38
-25
-19
-23
-27
-28
-18
-24
-24
0
-6
-13
-18
-20
-8
-18
-22
-17
-4
-2
-15
-8
-20
-7
-7
-16
-12
-5
-8
-18
-24
-30
-7
-22
-5
-20
-22
-12
-15
-13
-3
0
-9
-8
-16
-34
-20
-11
-13
-22
-23
-8
-16
-24
-24
-18
-28
-25
-13
-23
-41
-32
-20
-27
-21
-33
-40
-42
-45
-43
-43
-35
-49
-38
-29
-24
-35
-31
-28
-37
-24
-36
-26
-43
-46
-34
-30
-22
-32
-28
-25
-36
-15
-15
-14
-15
-27
-16
-35
-33
-30
-23
-16
-12
-6
-19
-31
-29
-27
-31
-8
-16
-9
-29
-16
-18
-21
-14
-18
-4
-14
-22
-21
-14
-22
-15
-11
-17
-20
-21
-21
-32
-34
-15
-28
-39
-34
-29
-30
-31
-30
-25
-22
-44
-30
-41
-37
-27
-33
-28
-44
-23
-20
-18
-20
-24
-6
-13
-17
-12
-12
1
1
-13
-5
-14
-14
-22
-6
-10
-1
-1
-20
9
-3
-24
-27
-31
-13
-8
-14
-16
-23
-30
-15
-13
-33
-49
-31
-24
-21
-13
-8
-11
-18
-12
-18
-21
-28
-27
-7
-10
-2
-8
-14
-6
-4
-19
-15
-13
-22
-13
-18
-7
3
-3
15
9
2
-3
0
2
-6
6
-18
-12
10
0
-1
-15
-13
-1
1
9
8
-2
11
6
2
13
11
10
32
17
23
11
26
26
12
11
15
22
19
10
16
27
6
13
6
11
13
16
22
10
28
20
13
26
20
31
34
16
26
27
32
23
18
20
1
15
26
14
17
15
11
21
16
0
16
8
-1
17
11
22
22
20
17
20
3
5
28
19
16
29
31
24
35
24
39
24
35
26
20
18
10
3
23
13
1
5
14
24
8
18
9
16
16
12
15
17
13
8
13
12
18
17
17
10
0
29
26
6
19
-2
4
3
5
12
-8
-3
-1
-6
6
12
0
-6
9
8
-7
-7
5
-4
6
7
6
10
-7
-2
1
-8
-19
-7
2
0
3
4
11
-1
-6
3
-4
-7
-12
-1
0
0
2
-9
1
-13
2
12
-1
14
6
0
-6
-17
-5
-10
-15
-11
-14
-11
4
4
-7
-11
2
1
-2
9
-7
-2
-20
2
1
-1
-1
-22
0
-14
-11
-16
-17
-16
-9
-3
-33
-26
-20
-20
-31
-34
-24
-22
-31
-46
-35
-28
-24
-30
-19
-31
-33
-34
-33
-27
-27
-19
-21
-18
-17
-21
-27
-22
-39
-13
-16
-12
-7
-22
-12
-11
-5
-7
-3
-10
2
-10
-4
-6
8
-7
-8
-1
-7
-7
-24
-6
-17
-25
-16
-4
1
0
1
-13
-6
9
4
3
-5
-9
10
-2
-8
2
-7
-14
7
-4
-23
-19
-15
-12
-24
-15
-23
-21
-14
-14
-8
-3
-2
-4
-3
-10
-16
-12
-8
-20
-10
-8
8
-14
-19
-11
-22
-24
-30
-30
-35
-46
-53
-37
-26
-34
-30
-49
-40
-35
-47
-44
-48
-34
-26
-38
-39
-34
-40
-28
-43
-50
-55
-52
-51
-52
-46
-54
-50
-48
-44
-49
-47
-58
-51
-30
-38
-39
-35
-35
-33
-36
-29
-25
-21
-30
-22
1
-15
-12
-17
-7
-16
-19
-13
-7
-9
-9
5
4
8
1
-5
-11
-12
-8
-7
-4
-20
-13
-7
12
13
-4
4
-6
-5
-11
-21
-4
-21
-6
-16
-12
-10
-16
4
-1
-2
-23
-15
-3
-25
-30
-29
-14
-14
-2
-4
-17
-17
-28
-18
-23
-22
-17
-9
-5
-37
-14
-17
-11
-8
-18
-3
-12
-19
-22
-2
-5
-4
-6
-11
-12
-12
-9
-15
-24
-13
-10
-20
-10
-1
-26
-17
-12
-14
-19
-23
-17
-14
-9
-28
0
-11
-6
-6
1
-1
-3
6
-5
-10
-18
-9
-22
-11
4
-3
-1
-5
-16
-2
-18
-12
-9
-15
-6
-11
-9
4
-4
-10
-7
-6
-8
-5
-17
-4
-15
-22
-2
-18
-10
-16
-20
-13
-14
-4
-19
-9
4
-13
-14
-9
-12
-25
-11
-15
-20
-4
-15
-21
-2
-9
-15
-12
-15
-8
-16
-8
0
-14
-8
-13
-15
-5
-22
-21
-12
-21
-6
4
-12
2
-10
-20
6
-12
7
5
0
-1
0
-2
7
5
0
11
-11
-5
-17
-10
-8
-10
-3
0
4
-5
7
-3
-33
-21
-9
-10
-19
-12
-10
-23
-27
-25
-17
-25
-15
-17
-17
-15
-8
-17
-36
-26
-31
-24
-17
-18
-19
-6
-23
-13
-15
-15
-13
-21
-15
-30
-15
-8
-14
-16
-28
-31
-27
-32
-37
-33
-31
-47
-46
-45
-47
-37
-43
-39
-37
-30
-32
-28
-12
-34
-35
-29
-37
-29
-37
-34
-31
-36
-43
-23
-27
-18
-21
-33
-23
-17
-12
-16
-29
-30
-21
-13
-9
9
-8
-4
15
2
-9
-3
-4
-3
5
-3
-8
14
11
12
15
10
16
8
3
17
14
15
18
17
6
3
18
21
16
10
14
1
11
8
3
14
13
16
16
4
-4
9
3
0
-5
2
-6
-6
-7
-6
0
-2
-1
-3
4
14
19
20
9
16
24
22
17
8
11
27
17
15
20
16
13
3
-3
7
9
8
3
8
25
23
15
15
30
41
38
33
35
33
29
25
29
23
25
20
15
5
-3
14
10
16
21
3
25
10
9
25
17
31
27
39
27
24
34
45
31
37
21
6
22
13
19
2
5
11
10
13
8
3
-1
6
2
-10
6
17
16
9
19
22
13
13
25
22
12
18
11
6
2
9
10
24
10
6
10
8
8
6
-1
20
19
7
19
10
24
22
27
46
39
40
41
35
34
35
30
39
22
26
26
47
39
31
36
48
46
41
31
32
44
41
55
49
66
40
50
53
56
46
27
41
39
52
63
50
48
48
31
30
25
32
42
42
22
33
42
38
43
30
31
31
30
27
30
34
30
30
29
24
30
11
24
25
17
29
23
25
23
28
21
25
18
18
34
32
22
15
16
28
19
-1
16
3
10
11
-7
12
1
2
-7
-6
-11
-8
5
-4
13
5
-13
-18
-14
-7
3
-9
5
-6
-4
2
1
29
15
7
7
16
12
12
3
12
-4
-9
-2
7
10
-13
-1
11
10
-8
13
15
4
10
18
20
27
22
13
21
28
17
23
4
-13
-1
0
14
8
-16
-6
-12
-21
-8
-15
-6
-5
0
-3
-5
-14
-17
-19
-12
-16
-27
-2
-4
0
-1
-10
-14
-13
-17
-14
-1
-13
2
-3
-15
-11
-19
-22
-17
-14
-13
-13
-17
-34
-13
-21
-28
-37
-35
-15
-21
-10
-24
-8
-14
-32
-30
-16
1
-14
-8
1
1
2
-6
-10
-15
-1
-9
-1
-8
-10
-8
-9
-8
-5
-1
-11
-13
-22
-15
-19
-8
-15
-20
-17
-19
-10
-9
18
5
-1
5
-8
-7
-4
1
7
3
1
2
-11
12
-9
-4
-11
-22
-24
-14
-16
-19
-10
-11
-16
-22
-7
-14
-12
-17
-10
-1
13
8
7
8
-7
-14
11
-4
5
12
4
20
3
9
19
5
12
2
9
5
-7
2
-1
-5
5
2
12
11
11
10
10
17
16
30
3
8
16
-1
3
10
14
11
16
18
9
25
36
28
17
16
9
0
26
19
22
5
15
24
16
37
22
28
33
21
26
4
24
22
5
14
12
17
2
-3
5
7
15
30
16
22
27
16
8
6
-1
9
16
28
31
15
15
18
18
18
19
10
12
1
6
-2
8
-1
-7
-7
3
8
14
23
22
13
10
18
14
26
16
39
28
17
20
8
33
30
31
23
21
16
19
29
22
31
20
11
21
21
19
14
12
7
10
17
-7
7
11
-1
-2
-2
1
0
-3
-4
2
18
3
13
7
6
3
9
0
-5
18
0
-5
4
9
6
2
0
3
-1
11
-10
5
-8
-5
-9
-20
-7
-15
-24
-22
-25
-11
-22
-25
-16
-28
-11
-11
-15
-14
-29
-36
-34
-30
-11
-25
-31
-29
-22
-25
-30
-26
-47
-28
-33
-38
-43
-35
-28
-46
-39
-31
-34
-29
-42
-26
-31
-53
-26
-21
-19
-27
-26
-31
-12
-16
-12
-24
-19
-18
-22
-25
-27
-4
-12
-7
-15
-27
-21
-14
-10
9
8
-4
-13
-6
-1
-10
7
-9
-3
-7
5
11
8
2
-1
1
-10
-7
-7
12
-2
-4
10
6
-9
-3
-9
-3
-12
-7
-5
-5
-6
0
-6
-7
-14
-12
-5
-7
-19
-16
-5
-14
-6
1
12
-1
0
-13
-14
5
-7
3
9
-6
5
-6
6
16
-2
15
19
3
20
19
9
19
19
27
38
19
16
20
25
18
7
12
25
25
6
13
18
15
3
15
12
14
27
13
15
8
14
-10
-4
17
7
24
21
9
11
9
16
12
13
11
2
4
5
19
3
-2
4
-3
23
14
16
16
6
9
10
17
9
9
23
17
2
21
15
17
15
19
15
0
15
9
7
9
12
6
1
5
7
4
-1
17
2
10
13
-4
-3
-11
-9
2
-2
-11
-5
9
8
1
9
9
-9
2
-6
-8
9
17
-2
-15
1
-3
-3
-4
-2
2
1
0
3
-11
9
21
1
0
1
-3
-4
1
-7
-13
-15
-9
-19
-10
-21
-16
-4
-15
-17
-18
-10
-17
-14
-9
-18
-14
-28
-16
-16
-27
-34
-22
-28
-30
-27
-28
-28
-37
-29
-31
-30
-33
-43
-45
-39
-15
-8
-21
-35
-44
-29
-28
-36
-41
-23
-39
-23
-31
-30
-31
-37
-26
-37
-36
-30
-38
-37
-43
-43
-35
-36
-27
-32
-31
-33
-18
-18
-20
3
-6
-21
-11
1
-3
-5
-19
-26
-11
-9
-21
-21
-16
-24
-28
-27
-29
-23
-19
-17
-25
-20
-25
-20
-13
-11
-3
-13
-1
-4
-2
-11
2
0
0
1
-8
-3
-11
-17
-17
-12
-22
-10
-11
-12
-2
14
-15
-19
-17
-12
-13
-15
-14
-16
2
-27
-22
-21
-22
-24
-26
-14
-25
-20
-8
-34
-11
-16
-13
-6
-8
-16
-14
-18
-27
-25
-31
-16
-26
-16
-33
-25
-27
-15
-10
-30
-20
-19
-19
-18
-21
-18
-18
-31
-36
-23
-23
-23
-18
-7
-12
-22
-10
-23
-21
-12
-14
-11
-9
-5
-11
-1
-5
-16
-10
3
1
-4
6
-10
0
9
8
-5
-9
-13
-8
-6
-7
1
1
-10
-16
11
-10
-1
16
-13
-5
-4
1
-9
-10
-6
-6
-3
-4
6
6
-7
-3
12
-3
8
-2
3
-16
-11
-9
-10
1
-12
-14
-1
-10
-7
9
0
-8
-18
8
-9
-21
-11
-17
-20
-34
-34
-8
2
-9
-6
-12
-19
-18
-29
-18
-5
-6
-10
-1
-6
5
4
-1
11
22
8
18
17
2
0
-5
4
3
15
15
8
24
10
14
19
26
29
14
30
27
29
40
43
31
52
42
34
40
48
50
37
36
40
24
18
26
32
36
34
37
24
33
29
25
27
27
24
9
22
21
18
22
23
-4
8
19
17
17
11
7
13
12
11
6
1
20
21
23
7
6
6
14
3
0
4
2
-3
3
15
10
15
19
17
18
26
12
14
17
16
5
8
22
16
17
24
19
10
31
22
28
37
36
28
28
27
30
34
36
28
20
34
28
28
18
21
7
12
23
21
36
38
25
19
18
22
10
12
31
13
16
13
27
38
14
26
21
16
29
28
31
33
24
28
36
19
13
23
13
10
23
2
13
10
19
6
6
29
21
28
17
34
21
9
25
21
32
34
38
33
33
32
42
36
33
34
35
30
22
52
31
32
24
27
27
25
30
24
30
18
25
21
26
36
43
28
20
26
23
12
35
-2
5
17
3
17
14
28
21
22
19
43
38
41
48
34
52
54
45
55
74
57
58
69
66
77
72
57
70
65
57
62
65
54
67
79
78
67
59
69
85
81
81
74
76
82
91
86
81
75
70
74
73
86
83
62
54
52
47
50
41
59
56
41
36
42
50
44
46
56
58
58
71
64
47
57
63
52
64
51
55
62
54
65
67
76
78
79
81
88
83
90
86
91
92
84
94
92
93
91
87
88
97
102
89
67
92
96
80
91
93
84
68
81
74
73
73
95
73
71
79
76
88
81
88
86
88
91
74
81
88
78
78
63
52
48
58
69
63
45
54
56
66
54
66
70
77
71
55
70
69
68
68
66
76
74
76
77
79
86
81
81
85
88
73
77
82
78
87
86
79
96
92
100
92
102
99
95
106
101
98
103
106
103
90
73
75
79
70
85
81
66
77
69
59
57
55
64
51
53
59
52
55
54
59
67
72
63
70
59
60
59
70
57
58
63
61
72
67
73
68
63
73
82
73
50
57
65
54
60
57
71
49
53
72
75
67
70
83
67
84
80
72
63
63
71
78
71
69
74
85
86
71
70
73
97
77
71
76
71
56
39
55
47
44
48
53
49
39
45
50
53
47
41
32
42
36
38
33
28
33
36
40
57
57
56
52
51
55
56
55
24
54
48
33
49
48
54
56
54
49
60
57
66
59
62
69
59
72
51
70
79
53
71
61
62
66
66
58
65
69
73
61
52
54
46
47
39
46
57
48
52
51
62
65
56
48
63
64
65
56
57
42
42
59
37
50
57
52
44
42
50
60
49
64
57
38
52
71
63
53
67
80
68
69
56
78
85
79
84
95
81
77
78
88
94
79
90
88
81
66
80
71
72
68
68
78
70
82
88
82
82
79
81
71
75
82
72
83
77
87
72
72
74
77
84
84
70
52
55
45
56
56
49
51
46
59
63
54
65
74
66
66
73
75
68
73
64
49
63
54
46
46
61
52
34
53
62
53
44
62
64
59
46
46
55
53
56
51
41
47
48
46
50
49
51
60
57
52
46
34
24
35
46
37
30
38
38
39
44
51
50
41
36
48
43
49
36
42
48
25
52
49
58
57
56
61
45
38
50
63
45
41
59
68
52
43
36
30
42
53
64
64
70
47
39
49
44
47
68
73
67
77
65
64
74
58
61
66
43
45
56
49
43
47
50
47
63
51
45
61
57
56
58
54
52
49
49
53
49
57
60
47
38
51
65
68
69
57
44
44
49
49
38
35
21
22
25
35
31
27
25
34
26
21
39
50
39
40
45
49
40
37
51
43
26
34
30
39
42
27
48
28
22
36
38
40
45
46
59
60
34
19
42
25
26
17
20
32
43
46
35
35
37
34
49
42
52
24
21
56
22
22
21
30
25
28
32
31
43
17
27
28
33
28
29
39
30
36
30
10
11
18
-2
13
21
33
40
34
39
13
19
35
31
35
28
17
0
22
10
7
27
10
8
23
2
1
8
16
13
13
17
17
25
13
22
27
12
16
16
18
10
0
29
11
16
19
17
18
5
4
12
15
38
44
39
33
42
44
35
40
47
52
51
35
56
56
45
44
49
46
55
45
29
46
33
34
46
40
42
38
45
50
39
48
36
51
51
43
41
63
64
40
46
32
36
34
26
38
45
49
36
36
54
38
43
47
38
41
33
41
29
25
22
24
43
29
34
45
30
41
43
42
43
24
37
51
51
44
34
34
32
21
37
21
35
25
22
38
34
41
33
20
35
38
38
33
57
50
21
42
50
54
29
56
50
41
65
53
45
46
47
41
43
52
54
52
46
26
43
29
23
25
13
51
58
43
42
36
47
45
41
46
20
38
49
32
47
59
29
24
22
41
31
46
53
37
36
34
48
44
47
41
40
43
41
28
13
19
1
3
13
11
17
22
21
20
7
17
19
4
24
27
23
31
30
18
15
19
18
0
19
40
24
30
16
15
34
44
45
33
36
22
31
17
15
21
25
36
20
30
41
32
35
42
44
33
37
36
37
42
34
35
16
34
53
43
60
49
37
36
32
52
32
15
38
33
27
46
40
47
36
36
46
20
26
38
40
30
30
33
14
7
18
31
17
12
18
25
30
38
49
54
60
60
53
27
30
26
31
49
57
48
54
58
61
61
65
66
57
58
63
65
42
62
72
68
68
51
74
54
51
50
47
68
45
50
62
56
64
75
74
82
56
53
56
47
53
42
53
46
59
70
64
53
50
57
51
55
51
43
45
69
61
52
46
59
53
53
60
69
55
41
47
32
41
55
43
50
51
48
32
40
44
42
48
50
28
35
33
43
47
49
51
54
50
38
31
47
37
34
29
20
20
6
44
36
29
26
51
33
35
42
32
5
11
35
45
35
50
68
39
49
19
29
36
24
33
52
40
52
52
26
44
36
29
45
52
35
37
38
48
49
37
43
35
53
76
74
58
41
51
52
57
58
39
51
41
55
63
48
45
46
57
55
51
56
68
71
51
49
40
43
51
50
42
29
34
54
46
46
48
33
34
23
15
16
27
22
36
36
23
12
-2
26
35
20
42
46
44
52
26
20
30
22
6
21
22
24
31
40
42
17
17
37
33
54
50
19
17
4
10
15
16
13
26
28
35
31
40
32
37
16
4
22
38
42
50
55
39
34
28
21
2
20
16
3
22
31
24
33
35
11
21
18
8
16
12
-4
-15
-13
-24
-11
1
-12
-6
0
5
-9
-7
-29
-52
-18
-9
3
6
9
9
20
21
13
18
-2
-1
-1
8
-11
3
1
-3
-13
-25
-19
-23
-8
5
17
23
17
1
15
24
18
22
22
20
-3
18
7
5
6
14
20
19
8
-3
16
6
20
5
-14
-15
-3
-15
7
7
10
16
-2
14
26
38
34
23
22
17
13
1
2
5
-17
11
15
15
18
11
2
-11
-20
-15
-2
24
12
10
16
2
11
23
1
-6
6
1
11
5
24
25
5
4
0
14
20
31
16
-10
11
11
23
18
25
18
-6
10
2
10
16
3
8
7
10
15
0
22
7
6
25
23
25
16
19
5
-12
-3
-8
14
29
29
15
4
-1
-3
-12
-21
0
13
15
4
-5
3
-6
-7
-13
10
1
15
11
17
29
23
30
-14
-4
-9
7
19
20
20
20
39
10
4
9
-5
7
26
31
18
-9
-4
19
-3
-3
-7
-10
-3
-11
-36
-5
11
-19
-11
-22
-27
-28
-20
-16
-4
-14
-14
-8
-12
-9
-25
-30
-40
-45
-55
-52
-45
-35
-41
-35
-17
-30
-21
-26
-4
7
-28
9
16
8
-2
-8
-8
-14
-27
-28
-23
-25
-12
-11
0
-10
-32
-50
-76
-69
-25
-31
-32
-22
-15
-6
-23
-1
13
6
20
-3
8
1
-6
-27
-13
8
-25
-31
-30
-33
-20
-19
-35
-25
-16
-8
-24
-39
-26
-26
-28
-36
-34
-22
-48
-41
-28
-35
-23
-29
-20
-20
-17
-25
-43
-15
-27
-53
-41
-52
-44
-28
-42
-17
-15
-34
-29
-29
-27
-63
-42
-32
-38
-19
-26
-21
-33
-25
-24
-22
-14
-20
2
6
-16
-31
-20
-31
-35
-21
9
6
3
11
6
2
13
3
-25
-26
-43
-29
-14
-25
-7
9
19
12
18
7
-10
-6
0
18
17
-6
-15
-12
-33
-17
-27
-4
4
-20
6
-32
-33
-35
-33
-20
-26
-24
-4
2
-6
13
-2
-15
4
-1
-12
-6
-33
-8
-15
-28
-43
-54
-27
-25
-28
-6
-10
6
-12
-21
-18
-32
-21
-37
-49
-47
-40
-35
-22
-29
-47
-50
-39
-34
-54
-44
-74
-52
0
-37
-47
-38
-37
-31
-6
-43
-40
-23
-34
-23
5
12
6
4
10
9
5
-9
-8
-19
-14
-5
11
21
17
21
-12
-2
-8
-13
0
4
1
15
10
3
-1
3
18
18
20
19
9
-11
-15
-33
-26
-21
-24
-2
-1
-7
-22
-34
-22
-25
2
12
7
-5
-17
-46
-50
-43
-52
-47
-25
-27
-1
0
-20
-33
-23
-13
-21
17
2
-3
-19
-47
-34
-26
7
-16
-30
-47
-36
-52
-31
-22
1
-7
-25
-8
-31
-48
-65
-63
-40
-28
-20
-25
-38
-55
-26
-25
-17
-23
-53
-71
-54
-8
-22
-26
-36
-21
-42
-30
-18
-38
-51
-78
-62
-74
-43
-53
-43
-34
-23
4
-21
-29
-25
-7
10
48
24
17
10
-3
-4
-43
-17
-24
-20
-15
-10
8
-24
-13
-33
-17
-34
-42
-24
-32
-25
8
22
8
0
-18
-9
-45
-48
-42
-32
-28
-25
-36
-45
-43
-70
-66
-80
-91
-60
-59
-39
-11
-24
-36
-61
-80
-60
-81
-50
-44
-64
-43
-45
-42
-51
-32
-23
-29
-2
-35
-45
-41
-78
-95
-71
-67
-42
-28
-23
-6
-47
-78
-73
-75
-58
-24
4
49
10
0
-10
-11
-12
-45
-19
-28
-47
-13
-19
34
3
-24
-21
-28
9
23
-7
-65
-60
-46
-12
-11
26
11
12
-5
-23
-15
-10
-14
-10
-14
-41
-35
36
43
16
41
22
57
32
13
-35
-71
-79
-87
-55
-24
-30
3
-29
-40
-32
-74
-72
-78
-91
-91
-45
14
-12
22
-9
-7
-16
-25
-20
-5
1
19
44
13
50
41
46
41
13
19
4
-1
-4
-26
-20
-31
-30
25
16
37
20
29
9
-5
-31
-68
-79
-96
-62
-32
-1
22
7
7
0
-15
-3
-13
-21
-28
-18
-14
12
-11
-35
-29
-41
-22
-10
-48
-59
-64
-39
-53
-16
53
51
87
60
44
24
-39
-29
-41
-27
1
-9
-8
-37
-12
-19
-39
6
14
5
-4
-45
-49
-55
-62
-53
-56
-10
-9
-13
-19
-37
-47
-83
-63
-48
-45
-33
-17
11
46
33
-11
2
-4
25
13
35
48
27
5
-19
-10
-44
-31
-34
-25
-34
-27
-10
5
22
-16
-3
-2
-12
-9
-13
-24
-26
9
24
43
27
41
18
1
3
5
29
37
50
25
20
5
-1
-45
-33
-4
8
33
65
82
64
69
64
67
35
6
-5
-18
-3
-3
14
20
-9
-12
16
18
-6
-12
-17
-1
22
37
40
51
27
16
33
41
34
17
12
27
29
2
17
24
9
22
18
4
-8
-27
-21
-49
-28
11
11
18
19
18
25
-2
23
40
41
52
42
76
67
79
67
47
35
30
57
26
23
-1
-39
-35
-37
-14
-13
-3
13
0
4
9
-14
-30
-19
7
39
52
30
14
16
6
0
-7
-26
-38
-49
-51
-66
-56
-64
-56
-33
-13
-23
-30
-8
-36
-18
-13
-3
21
32
77
70
64
70
63
54
42
34
12
10
-17
-22
-48
-68
-52
-53
-49
-38
-24
-32
-48
-31
-38
-41
-15
-46
-39
-34
-9
20
15
18
36
44
47
66
49
44
47
12
35
57
48
37
15
30
8
-12
-25
-37
-53
-58
-53
-22
-3
-20
14
7
26
23
24
50
59
67
56
66
66
65
54
35
37
17
-12
-19
-17
-5
-11
-2
-30
-37
-32
-34
-7
35
34
29
41
35
48
29
16
14
7
36
23
34
36
16
17
0
23
35
21
27
17
11
21
5
13
12
20
16
11
13
3
-15
-7
6
31
32
35
55
38
18
-11
-16
-31
-21
-24
-29
-41
-45
-23
-22
-6
0
19
26
32
43
38
45
38
14
2
12
7
4
14
12
17
-4
13
19
10
14
-14
1
-25
-28
-2
-16
-13
-19
-23
-28
-9
3
10
29
15
15
16
25
25
3
-12
-1
1
-17
-15
-25
-10
-10
-43
-49
-45
-61
-83
-73
-82
-69
-74
-84
-52
-58
-67
-63
-40
-48
-58
-43
-39
-23
-20
-15
-19
-18
1
6
30
41
37
60
49
62
94
90
109
136
152
180
207
217
240
265
285
322
328
363
401
417
445
440
467
478
500
537
567
588
630
644
667
645
609
580
489
377
237
79
-71
-241
-364
-474
-569
-595
-626
-624
-581
-555
-492
-443
-436
-403
-391
-382
-375
-380
-372
-376
-367
-333
-343
-318
-304
-304
-327
-354
-393
-410
-437
-472
-497
-523
-534
-551
-582
-600
-572
-562
-528
-472
-388
-292
-165
-60
63
180
288
362
437
493
547
555
570
602
625
662
697
743
789
859
915
1012
1089
1162
1269
1357
1493
1619
1767
1887
1708
1415
1104
739
409
-22
-407
-727
-978
-1218
-1342
-1252
-1148
-1023
-967
-816
-614
-441
-276
-200
-129
-57
18
59
196
357
492
543
565
640
670
662
537
403
232
10
-268
-490
-707
-902
-1123
-1361
-1494
-1688
-1749
-1786
-1753
-1646
-1507
-1314
-1091
-786
-552
-297
-164
-80
-16
10
26
-56
-130
-190
-321
-448
-460
-478
-495
-461
-436
-372
-286
-208
-141
-58
31
113
206
338
519
679
854
1015
1184
1373
1565
1732
1878
2048
2172
2230
2302
2347
2370
2144
1532
933
346
-181
-795
-1476
-1952
-2269
-2448
-2588
-2359
-1977
-1553
-1232
-947
-424
28
397
609
789
937
1043
1092
1101
1264
1342
1329
1165
1026
969
801
492
84
-270
-649
-1051
-1444
-1641
-1737
-1823
-1903
-1839
-1613
-1325
-1044
-819
-477
-219
-21
40
111
150
103
-9
-222
-346
-453
-549
-696
-805
-813
-850
-925
-982
-926
-824
-803
-817
-806
-707
-634
-581
-489
-333
-171
-9
161
381
636
850
1019
1104
1238
1329
1357
1344
1349
1371
1369
1369
1426
1591
1771
1944
2091
2276
2109
1443
758
44
-540
-1194
-1897
-2322
-2472
-2438
-2327
-1858
-1241
-622
-223
93
498
814
1023
1037
997
983
983
961
1006
1129
1250
1243
1040
807
611
368
-67
-589
-1056
-1415
-1733
-1960
-1890
-1696
-1525
-1377
-1147
-836
-518
-285
-110
110
250
337
389
469
538
455
218
-122
-473
-824
-1169
-1528
-1762
-1838
-1867
-1813
-1614
-1248
-885
-607
-462
-331
-227
-229
-304
-402
-410
-430
-423
-304
-60
202
422
585
673
764
776
749
682
662
684
717
819
1002
1290
1611
1921
2240
2567
2866
3077
2979
2316
1359
364
-564
-1315
-2053
-2543
-2693
-2658
-2502
-2060
-1406
-727
-233
50
428
726
950
1130
1266
1404
1512
1552
1598
1745
1813
1744
1418
934
371
-237
-833
-1409
-1826
-2107
-2242
-2295
-2061
-1650
-1272
-952
-729
-459
-239
-57
97
308
518
638
730
815
944
951
771
398
-89
-652
-1252
-1819
-2232
-2426
-2449
-2326
-2101
-1743
-1286
-884
-610
-458
-344
-305
-352
-386
-333
-241
-213
-155
-88
56
163
164
180
162
130
88
113
190
328
490
640
872
1109
1385
1673
1932
2275
2642
2936
3171
3369
3339
2718
1642
414
-640
-1509
-2324
-2934
-3163
-3095
-2847
-2426
-1678
-773
-111
317
662
1053
1393
1613
1735
1897
2032
2074
2042
2006
1982
1763
1213
405
-464
-1238
-1880
-2397
-2654
-2639
-2465
-2231
-1813
-1270
-741
-389
-250
-111
33
191
328
573
866
1092
1218
1281
1304
1177
845
281
-426
-1219
-1946
-2516
-2832
-2891
-2735
-2433
-2051
-1588
-1084
-627
-319
-208
-150
-134
-155
-165
-107
-26
0
-53
-122
-175
-260
-390
-557
-633
-660
-555
-384
-105
247
553
821
1006
1208
1364
1473
1605
1771
2052
2410
2840
3301
3682
3903
3731
2953
1610
111
-1251
-2370
-3210
-3757
-3850
-3502
-2925
-2115
-1084
-29
735
1134
1402
1650
1845
1936
2005
2089
2218
2225
2118
1998
1717
1146
234
-843
-1866
-2664
-3209
-3390
-3218
-2775
-2189
-1601
-953
-285
253
477
528
527
574
686
869
1146
1445
1660
1662
1525
1242
780
15
-951
-1864
-2662
-3236
-3514
-3405
-2984
-2408
-1826
-1283
-790
-367
-114
1
54
54
69
120
201
337
420
368
158
-125
-398
-665
-937
-1112
-1143
-1064
-865
-564
-172
217
516
684
800
895
1007
1075
1185
1405
1714
2107
2561
3090
3636
4057
4207
4029
3451
2212
446
-1232
-2537
-3354
-3850
-4042
-3699
-2972
-2156
-1302
-421
405
916
1064
1208
1505
1797
2058
2237
2427
2615
2545
2231
1699
932
-35
-1169
-2278
-3034
-3433
-3434
-3102
-2523
-1767
-1057
-504
-89
263
482
566
530
507
591
812
1070
1369
1624
1615
1328
760
65
-767
-1666
-2461
-3039
-3262
-3137
-2747
-2165
-1512
-946
-567
-375
-330
-321
-301
-273
-211
-60
93
233
331
340
309
189
-28
-342
-597
-733
-769
-743
-604
-424
-283
-182
-137
-93
-60
-68
-31
140
424
799
1233
1669
2068
2428
2688
2929
3134
3323
3473
3463
3160
2520
1372
-155
-1507
-2558
-3130
-3371
-3404
-3051
-2432
-1684
-871
-83
604
1083
1244
1421
1659
1853
2016
2087
2108
2075
1875
1386
713
-126
-1033
-1875
-2606
-2979
-3060
-2814
-2332
-1729
-1081
-565
-228
-63
87
180
309
469
672
959
1268
1524
1706
1711
1464
910
83
-826
-1688
-2392
-2872
-3069
-2945
-2535
-2027
-1487
-936
-506
-249
-136
-99
6
169
340
525
726
902
921
761
535
217
-156
-545
-904
-1153
-1265
-1312
-1307
-1202
-1079
-973
-943
-901
-786
-632
-388
-37
386
918
1408
1883
2301
2650
2925
3119
3201
3268
3313
3315
3416
3301
2877
2010
557
-1133
-2534
-3510
-3960
-4018
-3784
-3140
-2384
-1558
-704
23
621
898
998
1237
1574
1901
2204
2373
2536
2541
2208
1644
820
-105
-1054
-1913
-2492
-2687
-2680
-2496
-2190
-1834
-1441
-1200
-1080
-927
-707
-366
108
690
1375
1928
2270
2376
2195
1789
1155
339
-514
-1290
-1855
-2194
-2307
-2197
-1976
-1756
-1549
-1430
-1311
-1133
-991
-791
-487
-127
278
649
884
942
847
572
215
-158
-450
-685
-829
-871
-927
-912
-975
-1032
-1113
-1144
-1100
-999
-809
-508
-79
352
822
1249
1607
1886
2073
2181
2253
2232
2215
2218
2255
2360
2445
2636
2711
2464
1902
905
-469
-1825
-2767
-3142
-3007
-2697
-2208
-1631
-1118
-692
-418
-194
-50
21
200
692
1373
2029
2497
2691
2647
2307
1662
798
-166
-1075
-1828
-2322
-2431
-2245
-1959
-1775
-1735
-1704
-1641
-1591
-1412
-1065
-544
107
762
1406
1945
2227
2220
1960
1485
936
392
-68
-422
-718
-987
-1222
-1495
-1740
-1935
-2105
-2175
-2132
-1941
-1576
-1056
-537
-63
336
554
634
612
540
446
338
249
197
96
-15
-185
-469
-764
-1039
-1204
-1328
-1265
-1069
-843
-551
-279
-12
200
395
547
728
959
1181
1391
1587
1818
1928
1999
2042
2028
2062
2111
2206
2393
2463
2251
1755
913
-165
-1135
-1839
-2182
-2262
-2241
-2073
-1836
-1589
-1309
-1100
-872
-621
-371
53
638
1275
1788
2105
2129
1984
1629
1168
620
8
-467
-868
-1114
-1230
-1257
-1334
-1514
-1748
-1904
-1894
-1744
-1366
-854
-242
335
789
1158
1368
1427
1341
1117
891
751
657
580
448
208
-142
-628
-1138
-1569
-1883
-2090
-2234
-2198
-1942
-1570
-1184
-858
-552
-276
-43
152
308
426
465
424
339
265
153
-5
-178
-352
-442
-508
-498
-508
-560
-625
-707
-729
-703
-583
-404
-154
128
478
822
1136
1404
1532
1647
1768
1915
2043
2233
2493
2767
2981
3114
3040
2544
1625
371
-945
-1869
-2350
-2471
-2410
-2316
-2202
-2141
-2104
-2045
-1868
-1648
-1304
-753
89
1100
1923
2478
2699
2608
2377
2016
1624
1219
791
372
-37
-389
-680
-1040
-1509
-2008
-2499
-2737
-2712
-2471
-2052
-1587
-1133
-716
-299
178
625
989
1320
1592
1857
2089
2186
2068
1661
1058
393
-265
-772
-1158
-1480
-1758
-2003
-2194
-2267
-2329
-2346
-2242
-2101
-1763
-1264
-675
-40
447
764
939
1035
1114
1139
1122
1040
915
721
532
301
20
-305
-650
-893
-1039
-1051
-984
-926
-890
-846
-719
-481
-180
194
615
1048
1547
2046
2495
2874
3179
3411
3534
3599
3472
2999
2193
1138
-13
-961
-1541
-1851
-2052
-2330
-2664
-2949
-3160
-3166
-2977
-2568
-1985
-1277
-343
654
1471
1965
2206
2270
2269
2314
2367
2363
2177
1800
1267
673
85
-536
-1193
-1797
-2275
-2571
-2639
-2567
-2392
-2227
-2045
-1771
-1402
-861
-264
269
759
1201
1613
1968
2185
2224
2084
1791
1419
1056
688
307
-188
-874
-1533
-2019
-2326
-2451
-2466
-2381
-2223
-1978
-1622
-1208
-778
-442
-222
46
371
684
934
1040
1047
1005
928
894
841
713
480
151
-179
-451
-695
-902
-1038
-1069
-998
-859
-666
-442
-208
32
353
688
1095
1495
1817
2144
2472
2765
3004
3190
3163
2882
2356
1576
690
-34
-432
-649
-873
-1264
-1742
-2189
-2582
-2842
-2907
-2732
-2381
-1958
-1391
-713
-143
253
536
815
1181
1640
2101
2427
2506
2347
2000
1609
1251
934
586
193
-141
-485
-846
-1212
-1605
-1942
-2215
-2324
-2245
-2009
-1691
-1419
-1179
-884
-565
-129
332
747
1149
1459
1693
1844
1900
1805
1575
1253
895
446
62
-284
-655
-1018
-1434
-1739
-1960
-2107
-2189
-2181
-2073
-1875
-1634
-1288
-892
-553
-185
116
386
644
831
919
971
1021
1060
1089
1040
970
821
612
359
74
-188
-412
-577
-666
-629
-547
-396
-245
-63
226
521
921
1329
1727
2058
2389
2599
2662
2488
2163
1771
1315
1069
860
575
118
-455
-998
-1411
-1658
-1787
-1791
-1809
-1804
-1786
-1698
-1537
-1396
-1209
-921
-509
-4
527
920
1178
1335
1443
1562
1736
1919
1998
1864
1620
1267
880
481
26
-362
-748
-1059
-1309
-1479
-1696
-1850
-1960
-1993
-1868
-1637
-1293
-959
-667
-387
-66
224
490
750
969
1076
1007
942
928
874
746
468
216
-2
-196
-376
-594
-778
-1021
-1244
-1384
-1423
-1431
-1448
-1417
-1339
-1113
-831
-538
-277
-36
171
320
501
689
843
890
925
917
904
888
824
716
576
428
343
268
285
345
438
620
828
1061
1294
1466
1605
1628
1534
1389
1238
1162
980
845
714
544
276
-144
-527
-829
-1022
-1194
-1219
-1183
-1202
-1256
-1358
-1364
-1283
-1105
-822
-474
-62
303
570
767
956
1151
1299
1431
1471
1459
1311
1055
816
557
334
93
-126
-315
-482
-683
-902
-1048
-1123
-1123
-1034
-924
-784
-661
-627
-612
-545
-437
-339
-270
-221
-143
-67
6
44
68
37
-26
-99
-134
-153
-198
-298
-409
-485
-503
-457
-392
-337
-282
-254
-273
-257
-228
-216
-221
-194
-164
-118
-86
-106
-147
-210
-250
-250
-187
-118
-25
69
180
296
464
652
851
1048
1186
1367
1556
1740
1861
1940
1986
2030
1963
1771
1486
1230
1026
708
476
268
67
-265
-687
-937
-1085
-1162
-1243
-1283
-1273
-1285
-1257
-1201
-1029
-864
-645
-395
-232
4
133
212
291
386
590
773
962
1099
1117
1095
1041
993
907
865
750
622
449
242
60
-184
-378
-538
-681
-812
-927
-1040
-1149
-1238
-1274
-1247
-1174
-1116
-1070
-985
-895
-704
-507
-330
-190
-96
9
132
242
312
301
300
310
280
249
201
114
4
-52
-110
-142
-194
-262
-301
-332
-323
-331
-316
-328
-353
-340
-312
-244
-177
-77
31
117
210
312
407
533
685
880
1039
1149
1265
1350
1444
1552
1652
1810
1898
1845
1703
1557
1525
1438
1337
1194
988
711
291
-35
-284
-486
-727
-957
-1138
-1344
-1538
-1760
-1890
-1919
-1889
-1704
-1509
-1300
-1021
-779
-440
-60
389
830
1145
1387
1537
1655
1720
1754
1730
1640
1507
1315
1065
835
562
306
68
-148
-320
-533
-722
-928
-1077
-1211
-1261
-1258
-1244
-1219
-1247
-1195
-1130
-1067
-964
-878
-803
-755
-698
-609
-480
-337
-208
-116
-56
2
35
93
183
299
415
530
619
674
688
644
567
476
379
239
89
-40
-158
-247
-280
-282
-296
-263
-254
-237
-185
-113
42
208
395
609
783
987
1195
1440
1644
1847
2001
2014
1917
1755
1665
1649
1635
1553
1398
1156
854
565
360
162
-88
-357
-662
-910
-1128
-1314
-1435
-1468
-1455
-1373
-1268
-1205
-1137
-1082
-941
-725
-462
-208
-35
82
215
335
497
701
855
987
1058
1089
1084
1071
1048
1018
972
961
899
753
579
344
136
-76
-303
-509
-747
-1009
-1264
-1435
-1558
-1645
-1669
-1670
-1652
-1611
-1570
-1439
-1235
-971
-688
-498
-312
-174
-20
141
322
501
616
694
717
694
665
570
517
465
412
389
353
316
290
261
223
249
208
192
169
186
236
297
376
418
472
466
443
398
418
469
558
691
856
1004
1015
947
947
1032
1187
1314
1317
1224
1039
889
850
876
924
854
701
482
251
37
-194
-427
-667
-856
-1019
-1173
-1295
-1419
-1506
-1522
-1430
-1271
-1133
-982
-896
-758
-534
-254
84
379
625
859
1038
1205
1351
1442
1489
1431
1344
1196
1003
752
495
293
95
-86
-262
-488
-778
-1026
-1234
-1388
-1439
-1446
-1401
-1384
-1346
-1229
-1066
-856
-666
-501
-365
-288
-202
-141
-54
52
100
137
134
152
160
183
182
179
204
180
156
113
104
123
171
259
343
421
457
493
493
501
486
525
529
551
603
621
670
701
759
761
749
721
677
640
581
512
421
431
549
699
846
998
1080
1101
1004
951
954
970
945
825
709
573
394
184
-30
-229
-434
-674
-876
-1087
-1232
-1383
-1485
-1528
-1457
-1361
-1245
-1106
-993
-827
-658
-451
-227
-7
210
391
534
719
853
978
1069
1081
1101
1055
944
791
625
448
228
6
-228
-438
-611
-765
-827
-853
-879
-916
-963
-1037
-1090
-1071
-1014
-910
-786
-686
-556
-488
-383
-248
-149
-58
-13
24
44
49
45
54
69
92
107
124
143
118
103
115
167
252
367
446
524
587
639
719
759
778
731
651
540
418
332
275
244
257
307
384
490
548
581
560
597
750
820
914
1009
1059
1109
1027
946
919
830
715
541
365
223
26
-134
-264
-354
-470
-593
-730
-894
-1036
-1149
-1209
-1271
-1237
-1142
-1045
-927
-801
-642
-504
-348
-186
-49
51
134
210
297
414
534
640
720
814
837
816
772
706
657
585
478
359
227
75
-68
-210
-338
-405
-461
-536
-587
-660
-710
-729
-763
-797
-822
-843
-855
-803
-706
-598
-472
-395
-301
-228
-165
-86
-12
69
174
280
363
453
506
541
572
606
628
621
631
563
504
456
409
353
292
220
162
108
112
139
188
268
324
435
523
645
752
819
878
891
963
1047
1051
1039
1029
996
930
804
744
702
617
547
409
300
173
-16
-183
-345
-452
-529
-636
-708
-817
-916
-1009
-1058
-1115
-1111
-1083
-1045
-948
-839
-675
-504
-311
-114
76
243
399
483
572
652
729
802
877
951
994
980
937
883
781
634
458
256
81
-109
-296
-419
-543
-624
-757
-889
-967
-1000
-1005
-958
-911
-849
-768
-737
-657
-557
-446
-335
-292
-210
-171
-135
-97
-111
-112
-125
-104
-41
18
78
118
162
203
245
281
295
308
313
329
387
427
463
500
500
472
416
389
380
356
317
305
328
369
468
578
614
663
686
749
844
907
989
1045
1111
1114
1046
1013
942
854
738
587
439
251
18
-208
-460
-665
-827
-990
-1120
-1201
-1281
-1285
-1278
-1194
-1060
-965
-848
-710
-570
-394
-227
-48
166
331
454
543
592
643
662
628
615
586
561
506
440
392
347
279
193
115
0
-113
-252
-357
-409
-456
-486
-504
-534
-571
-592
-622
-656
-724
-781
-847
-893
-901
-888
-853
-815
-768
-706
-628
-561
-489
-423
-328
-204
-91
39
149
272
348
439
525
594
654
662
603
521
455
374
305
250
228
181
160
113
107
145
165
209
270
361
501
667
807
941
1026
1126
1203
1227
1250
1203
1178
1099
942
824
678
524
376
207
97
-27
-223
-376
-519
-640
-734
-826
-899
-906
-912
-899
-872
-822
-725
-672
-630
-558
-519
-464
-394
-357
-261
-188
-101
8
101
203
260
291
352
405
441
480
465
463
465
396
333
230
111
17
-122
-232
-316
-426
-532
-642
-717
-761
-788
-797
-790
-809
-830
-831
-851
-830
-769
-722
-651
-557
-481
-413
-350
-287
-251
-188
-159
-107
-56
4
100
149
245
319
380
437
458
480
489
471
462
471
477
491
483
461
437
448
468
512
544
585
631
667
714
752
773
805
829
856
861
837
821
794
817
792
734
686
593
482
388
308
294
183
30
-125
-290
-419
-531
-634
-722
-821
-931
-1009
-1097
-1127
-1113
-1095
-1054
-976
-855
-723
-600
-466
-324
-185
-41
96
252
377
450
514
556
566
585
553
504
458
365
260
154
60
2
-49
-158
-249
-337
-425
-525
-608
-667
-700
-725
-717
-695
-673
-638
-623
-630
-646
-645
-640
-639
-615
-549
-479
-394
-309
-226
-141
-45
49
107
176
248
308
383
450
519
577
600
610
607
576
535
480
451
418
399
376
391
383
388
369
373
385
436
500
530
588
615
662
749
791
814
829
836
849
821
769
712
618
502
374
267
163
13
-180
-382
-548
-700
-824
-958
-1029
-1113
-1178
-1206
-1211
-1134
-1068
-982
-902
-789
-670
-573
-451
-336
-221
-121
-15
78
175
277
318
327
331
335
347
376
410
413
405
315
240
131
27
-53
-135
-190
-255
-307
-383
-432
-507
-590
-647
-695
-751
-763
-791
-830
-834
-820
-778
-702
-603
-480
-385
-310
-256
-189
-110
-13
71
167
285
379
431
449
464
444
429
415
404
375
321
270
209
136
72
32
7
8
25
40
97
159
234
350
469
579
676
759
814
869
934
907
854
796
727
666
570
479
402
276
136
19
-71
-138
-234
-341
-451
-557
-641
-699
-763
-785
-804
-819
-811
-798
-771
-734
-729
-711
-664
-586
-501
-425
-308
-243
-181
-131
-74
-3
96
175
235
300
342
387
415
427
451
424
365
310
262
203
83
-46
-175
-320
-452
-563
-620
-670
-736
-770
-790
-787
-792
-796
-785
-733
-660
-566
-451
-341
-225
-101
-20
84
172
261
292
273
288
261
252
231
218
213
191
163
151
137
127
105
96
83
55
73
95
139
201
253
299
335
380
374
385
434
472
488
504
545
588
582
576
559
589
628
627
632
627
586
471
382
306
247
179
71
-30
-149
-264
-397
-543
-694
-814
-941
-995
-1025
-1019
-952
-896
-822
-733
-636
-531
-442
-341
-221
-126
-27
87
213
335
439
499
549
570
542
492
408
315
201
89
3
-68
-131
-219
-320
-413
-509
-611
-668
-710
-720
-714
-699
-660
-602
-535
-478
-411
-342
-286
-239
-210
-185
-165
-137
-134
-102
-41
8
62
102
140
171
204
216
218
232
254
257
259
260
287
293
305
297
279
241
158
134
93
38
19
4
18
66
137
236
332
435
488
568
605
613
633
642
678
715
729
709
677
618
544
449
343
231
89
-55
-185
-309
-449
-553
-637
-712
-745
-780
-788
-803
-798
-766
-733
-662
-592
-510
-416
-327
-195
-92
-20
56
103
162
201
205
214
214
228
228
202
148
95
-6
-106
-199
-296
-399
-486
-554
-604
-646
-670
-657
-632
-593
-575
-582
-565
-523
-491
-434
-380
-309
-261
-198
-141
-101
-65
-22
25
63
101
119
140
138
145
126
114
104
98
90
58
83
84
112
121
129
152
168
183
200
219
267
320
382
422
470
502
524
521
510
519
517
489
458
412
372
374
332
310
300
265
233
224
173
142
94
29
-4
-90
-142
-191
-232
-267
-304
-350
-379
-422
-466
-482
-536
-578
-581
-583
-555
-493
-439
-368
-324
-289
-263
-224
-185
-142
-126
-94
-61
-32
0
1
3
-26
-81
-128
-182
-254
-310
-379
-420
-450
-489
-523
-542
-556
-563
-567
-554
-532
-483
-438
-385
-303
-244
-169
-89
-17
33
95
148
170
196
209
213
201
162
123
88
60
48
9
10
30
33
72
90
127
185
208
265
312
360
413
426
428
452
468
492
521
534
556
553
546
541
508
442
392
326
273
222
181
144
94
77
52
20
-6
-42
-85
-139
-166
-187
-210
-197
-203
-193
-181
-190
-207
-232
-260
-277
-308
-328
-336
-339
-331
-333
-313
-295
-280
-267
-267
-280
-270
-266
-280
-288
-316
-342
-379
-415
-424
-440
-456
-448
-436
-415
-401
-402
-385
-381
-353
-343
-322
-302
-268
-223
-175
-118
-48
3
63
122
119
143
124
112
93
80
72
52
33
10
-16
-43
-56
-58
-60
-31
9
59
112
173
255
307
390
415
463
509
553
605
646
715
719
756
766
777
778
720
656
550
443
332
196
87
-6
-72
-138
-191
-207
-209
-237
-264
-296
-311
-316
-333
-342
-325
-285
-242
-199
-131
-100
-63
-49
-61
-53
-68
-76
-73
-88
-90
-96
-122
-150
-201
-249
-298
-339
-390
-420
-475
-515
-551
-626
-669
-713
-761
-770
-779
-769
-764
-733
-682
-626
-568
-524
-467
-398
-323
-239
-158
-62
22
117
201
271
333
361
363
335
320
292
260
197
136
95
22
-25
-76
-108
-143
-148
-137
-107
-82
-28
34
96
163
204
271
334
396
473
557
645
722
804
857
902
895
867
799
718
634
531
417
296
192
77
-7
-80
-143
-216
-271
-321
-368
-410
-430
-447
-457
-460
-456
-437
-436
-405
-382
-371
-325
-292
-245
-201
-144
-86
-36
18
32
62
50
16
-14
-60
-102
-162
-230
-270
-327
-377
-425
-483
-540
-611
-694
-781
-853
-927
-966
-972
-968
-935
-887
-795
-705
-593
-493
-377
-258
-138
-31
99
202
269
349
389
420
449
439
424
394
350
310
240
189
148
123
90
55
32
19
37
46
66
99
133
182
247
343
425
516
609
689
749
804
846
844
821
779
727
639
547
428
307
218
106
23
-47
-113
-185
-258
-304
-343
-360
-383
-399
-405
-405
-411
-435
-445
-471
-464
-452
-435
-405
-374
-336
-291
-245
-209
-192
-194
-190
-213
-237
-263
-299
-294
-294
-304
-300
-301
-271
-258
-262
-259
-277
-307
-350
-409
-453
-501
-554
-577
-583
-597
-572
-558
-548
-519
-484
-440
-385
-334
-267
-208
-149
-57
13
80
142
207
259
294
334
365
402
459
484
512
514
522
511
470
453
422
416
376
369
370
376
422
454
500
553
612
653
685
717
683
660
625
551
481
393
326
229
144
50
-15
-85
-150
-205
-263
-281
-324
-328
-323
-320
-305
-322
-342
-359
-380
-383
-393
-362
-349
-330
-311
-286
-275
-261
-263
-286
-304
-356
-380
-423
-457
-494
-520
-530
-535
-531
-505
-470
-433
-382
-327
-285
-258
-232
-198
-171
-160
-142
-142
-135
-138
-159
-175
-179
-169
-188
-189
-182
-207
-210
-208
-204
-201
-181
-137
-98
-60
-12
45
107
168
228
304
381
449
518
565
601
622
655
639
627
582
569
542
529
554
546
554
573
588
549
539
503
468
431
410
351
302
256
195
132
83
36
-16
-63
-107
-153
-217
-255
-303
-326
-356
-384
-430
-467
-500
-511
-517
-516
-524
-504
-489
-478
-445
-422
-399
-377
-330
-312
-314
-326
-330
-330
-368
-390
-422
-469
-486
-521
-544
-567
-551
-558
-545
-519
-468
-431
-412
-350
-313
-255
-212
-172
-114
-45
3
59
117
142
177
211
211
211
191
174
160
134
117
79
74
53
43
62
85
82
78
128
172
228
297
352
427
493
549
609
640
653
660
660
661
657
620
584
542
485
408
318
236
145
63
-12
-64
-117
-134
-117
-112
-87
-60
-55
-59
-43
-46
-46
-54
-81
-118
-164
-213
-290
-328
-388
-442
-489
-536
-553
-580
-601
-623
-633
-621
-614
-609
-583
-565
-543
-519
-504
-489
-472
-463
-433
-408
-393
-356
-333
-316
-273
-255
-223
-203
-189
-184
-196
-204
-196
-199
-179
-150
-127
-81
-13
31
66
117
144
192
212
251
286
299
335
347
355
372
375
389
386
382
377
374
356
348
381
388
396
402
418
452
472
480
475
482
465
449
405
359
323
248
194
132
77
17
-38
-97
-137
-157
-180
-182
-178
-156
-147
-126
-106
-96
-73
-77
-85
-112
-133
-171
-222
-262
-287
-327
-383
-407
-444
-482
-516
-551
-552
-555
-550
-557
-539
-522
-511
-524
-518
-530
-527
-529
-513
-484
-464
-444
-432
-380
-352
-330
-310
-285
-266
-210
-185
-157
-123
-104
-58
-29
3
38
68
104
125
177
187
214
269
281
290
313
346
347
350
367
376
387
397
397
394
392
397
369
371
381
399
416
431
458
455
468
448
424
409
388
351
312
269
226
195
150
95
40
-20
-95
-151
-197
-238
-253
-288
-307
-314
-299
-299
-308
-288
-313
-315
-326
-347
-343
-356
-359
-369
-365
-373
-372
-392
-401
-401
-415
-430
-424
-440
-443
-445
-458
-462
-483
-486
-495
-491
-487
-466
-440
-413
-389
-349
-317
-262
-217
-176
-150
-118
-83
-77
-43
-30
-8
0
6
22
17
44
78
84
128
183
215
248
288
320
341
370
406
447
467
486
499
504
501
494
491
482
480
469
449
444
432
398
374
340
323
278
244
236
190
148
115
84
46
15
0
-32
-77
-83
-114
-140
-165
-204
-216
-248
-271
-300
-309
-321
-352
-365
-384
-405
-433
-444
-466
-480
-493
-485
-477
-491
-467
-442
-423
-418
-410
-404
-401
-382
-375
-344
-336
-334
-310
-307
-304
-305
-291
-271
-273
-267
-237
-229
-194
-149
-130
-79
-34
27
64
116
157
194
230
258
273
305
316
326
327
316
328
310
317
318
329
324
325
348
350
346
343
354
371
353
352
338
347
348
329
349
338
326
303
292
279
262
269
247
237
214
182
165
146
95
59
16
-23
-55
-93
-136
-168
-195
-245
-263
-305
-331
-343
-339
-344
-357
-353
-333
-344
-363
-345
-342
-351
-351
-339
-352
-336
-329
-341
-349
-343
-353
-353
-347
-344
-346
-360
-343
-342
-333
-330
-308
-276
-219
-210
-186
-146
-121
-92
-86
-67
-27
-8
30
44
71
113
127
148
170
204
226
235
262
278
292
323
329
344
356
371
374
376
381
387
384
377
376
349
350
338
324
306
275
243
214
178
154
126
112
104
92
92
72
79
48
45
39
32
27
34
27
28
33
31
29
-13
-29
-53
-73
-103
-116
-143
-182
-178
-222
-235
-269
-312
-329
-336
-337
-357
-362
-371
-370
-365
-363
-346
-340
-320
-320
-325
-291
-289
-288
-294
-290
-273
-261
-239
-223
-214
-180
-176
-154
-142
-124
-81
-75
-42
-25
-15
-10
4
17
21
47
69
101
123
139
144
158
184
188
190
189
222
233
240
268
299
309
321
333
352
371
366
369
355
351
332
327
309
318
286
242
236
183
170
140
98
62
37
40
5
-10
-25
-15
-23
-40
-46
-60
-54
-80
-90
-98
-98
-97
-119
-134
-145
-156
-180
-209
-220
-249
-270
-288
-285
-296
-312
-320
-307
-320
-326
-307
-315
-284
-280
-254
-224
-222
-206
-188
-188
-186
-190
-188
-172
-179
-186
-187
-166
-175
-186
-184
-177
-181
-178
-147
-144
-130
-102
-94
-65
-47
0
35
82
121
148
172
204
232
236
244
250
264
254
256
249
227
210
186
181
163
141
147
140
158
145
132
124
136
118
132
137
145
185
177
199
201
189
183
182
144
129
81
65
48
1
-10
-44
-73
-121
-157
-194
-200
-222
-235
-240
-252
-247
-242
-236
-240
-244
-226
-238
-254
-264
-281
-294
-306
-315
-333
-334
-333
-339
-329
-342
-355
-351
-354
-350
-324
-293
-270
-247
-216
-189
-165
-143
-119
-101
-82
-75
-68
-56
-61
-49
-51
-65
-69
-80
-61
-64
-72
-68
-60
-47
-54
-54
-45
-13
4
6
37
90
113
141
170
183
215
216
231
241
256
249
237
237
240
207
189
157
134
117
77
53
32
-1
-10
-5
-37
-27
-28
-30
-1
15
10
28
34
51
58
73
74
70
71
54
36
-3
-30
-44
-89
-115
-146
-167
-188
-209
-243
-264
-270
-292
-307
-324
-313
-322
-312
-299
-307
-285
-261
-273
-247
-233
-220
-205
-198
-177
-198
-187
-173
-167
-153
-133
-106
-99
-83
-65
-58
-54
-29
-13
-16
-1
5
12
25
29
48
60
51
71
69
62
64
66
67
74
74
76
78
61
58
47
59
71
61
63
59
82
91
108
114
120
151
152
158
170
156
159
159
138
126
122
122
102
73
50
36
13
6
-10
-33
-20
-49
-46
-57
-71
-69
-81
-87
-80
-70
-74
-66
-67
-74
-74
-71
-54
-55
-67
-71
-86
-96
-114
-130
-150
-168
-171
-174
-189
-189
-181
-205
-199
-189
-194
-187
-201
-187
-192
-181
-160
-157
-138
-130
-130
-108
-88
-71
-44
-28
-5
-4
4
28
38
37
40
57
63
63
71
105
108
120
138
145
164
176
188
188
177
195
188
179
154
139
112
67
64
29
22
10
-7
-15
-24
-24
-12
0
6
31
42
57
89
87
99
121
137
135
130
136
127
111
92
88
61
38
25
13
-8
-49
-56
-77
-89
-126
-131
-150
-170
-156
-150
-145
-155
-140
-117
-114
-125
-116
-99
-98
-94
-95
-92
-85
-75
-77
-81
-62
-68
-69
-69
-101
-97
-91
-108
-102
-106
-92
-100
-99
-98
-114
-113
-115
-99
-95
-101
-91
-69
-47
-18
1
16
36
58
43
70
77
84
125
126
148
133
155
166
173
175
173
175
169
158
134
131
101
68
58
32
14
2
-11
-41
-28
-47
-59
-45
-60
-34
-52
-44
-14
-35
-14
-1
-14
4
13
7
14
18
11
-6
-21
-30
-33
-36
-26
-47
-61
-60
-49
-47
-69
-66
-71
-82
-81
-96
-119
-124
-139
-148
-148
-159
-173
-180
-193
-185
-180
-165
-149
-139
-127
-112
-74
-50
-29
-5
-2
28
37
41
38
34
49
18
4
-10
-30
-38
-37
-41
-49
-72
-79
-60
-57
-41
-25
-9
20
38
48
67
74
98
132
157
172
171
178
185
174
172
160
168
168
155
154
151
128
126
125
111
91
79
63
51
46
38
28
14
4
-5
-28
-41
-39
-60
-60
-67
-74
-72
-74
-83
-72
-65
-69
-58
-55
-57
-48
-53
-39
-23
-20
-39
-28
-39
-33
-28
-24
-28
-51
-65
-68
-75
-100
-116
-138
-155
-158
-167
-185
-173
-173
-147
-128
-97
-90
-62
-37
-41
-13
10
18
28
46
61
72
84
91
83
73
60
48
26
14
13
-9
-27
-12
-8
-22
-24
-20
-12
-12
9
20
39
51
80
93
99
99
112
111
104
115
104
96
98
101
85
84
106
81
97
81
78
72
58
47
48
32
-2
7
-18
-35
-30
-59
-82
-82
-90
-77
-106
-122
-114
-115
-117
-97
-102
-94
-82
-91
-83
-86
-73
-64
-65
-50
-63
-57
-62
-67
-71
-93
-93
-107
-107
-87
-87
-96
-101
-79
-73
-80
-63
-65
-52
-38
-35
-18
-6
1
7
32
18
10
31
32
55
59
65
70
76
83
78
88
83
70
79
76
82
85
64
65
69
48
35
27
25
25
29
22
42
41
47
75
77
82
57
63
64
52
60
58
50
58
53
40
49
47
43
46
40
29
6
5
-42
-57
-54
-66
-59
-83
-67
-86
-94
-90
-96
-103
-84
-86
-83
-67
-63
-39
-56
-47
-46
-56
-63
-70
-77
-76
-95
-108
-112
-120
-119
-151
-153
-177
-173
-173
-172
-161
-150
-128
-107
-77
-70
-33
-12
11
33
47
80
72
88
97
92
96
81
72
72
65
42
48
56
41
40
38
40
36
47
47
35
50
51
59
62
65
84
84
86
103
99
88
82
89
91
87
68
63
56
44
32
25
18
-6
-6
-28
-34
-32
-38
-47
-36
-27
-30
-35
-28
-31
-21
-11
-36
-25
-15
-29
-23
-35
-46
-43
-43
-57
-59
-55
-50
-62
-63
-57
-62
-27
-38
-31
-24
-30
-13
-24
-23
-30
-36
-19
-42
-47
-50
-50
-55
-60
-52
-60
-81
-84
-84
-83
-81
-74
-69
-81
-61
-36
5
24
32
52
79
87
110
128
132
135
138
158
148
138
153
148
139
122
103
92
85
78
57
43
52
58
46
26
57
65
48
58
68
66
57
68
69
72
80
58
61
68
55
45
14
6
-7
-15
-25
-52
-64
-68
-69
-65
-76
-83
-84
-85
-67
-65
-64
-53
-40
-37
-44
-43
-36
-37
-15
-6
-16
-21
-31
6
2
17
10
-7
2
-18
2
23
5
9
5
-8
7
2
24
11
22
43
26
39
32
28
17
4
21
7
8
16
-7
9
3
12
25
28
50
43
50
75
79
88
84
112
116
118
132
117
114
112
113
97
97
93
87
86
76
63
65
63
45
35
19
19
26
18
22
14
1
0
13
7
2
4
-4
-17
-20
-31
-29
-48
-63
-73
-75
-71
-106
-90
-95
-95
-89
-106
-92
-112
-118
-112
-109
-114
-116
-113
-91
-84
-81
-68
-48
-35
-31
2
-8
4
18
22
23
26
22
28
28
10
-2
10
31
2
15
23
3
6
0
10
22
15
12
27
21
21
7
9
12
16
17
18
16
5
14
8
24
19
24
29
23
22
34
33
33
52
29
48
49
49
48
48
45
54
44
38
55
55
47
50
49
40
33
23
24
1
-2
0
-14
-13
-25
-29
-35
-47
-39
-16
-24
-39
-32
-34
-38
-39
-32
-32
-45
-54
-46
-37
-45
-49
-68
-71
-77
-72
-75
-82
-71
-93
-88
-98
-68
-68
-74
-47
-52
-25
-28
-22
-11
-4
19
27
44
38
47
63
65
61
60
66
45
48
49
52
61
68
75
69
71
81
55
73
69
54
74
62
58
57
72
65
59
61
58
45
32
35
30
36
24
33
38
28
30
27
38
38
49
43
36
40
38
61
49
39
48
55
43
38
53
20
19
17
8
33
39
21
28
32
11
17
11
-1
0
-11
-10
-14
-18
-17
-24
-19
-24
-16
-14
-5
-12
-12
-20
-25
-5
-4
-1
3
6
-3
2
4
10
8
8
-8
-1
15
10
4
-5
4
13
25
14
26
21
27
55
59
55
67
79
93
96
98
105
108
128
115
139
132
141
136
127
138
124
127
129
119
118
112
91
85
90
79
66
66
58
38
40
38
38
29
24
32
8
4
3
12
8
0
-3
-10
-8
-18
-10
-16
-8
-4
-8
-8
-19
-15
-6
-22
-24
-21
-27
-33
-25
-34
-23
-22
-11
-17
-25
-20
-32
-37
-30
-39
-37
-45
-49
-38
-40
-26
-4
-1
11
21
18
31
31
37
37
37
49
45
45
50
37
22
47
42
15
15
1
4
26
21
40
42
41
42
59
64
63
75
79
78
82
103
94
97
88
83
92
99
89
83
101
94
88
87
77
74
68
75
75
83
60
65
70
61
59
66
57
46
55
37
31
20
14
15
2
-14
-36
-49
-38
-52
-53
-78
-78
-70
-69
-57
-72
-49
-44
-37
-30
-26
-26
-24
3
8
5
14
8
12
26
28
16
20
7
3
4
6
-18
-24
-34
-9
-10
-9
9
19
28
6
39
53
68
67
64
76
88
84
81
84
80
79
68
73
72
66
57
57
47
40
61
70
47
50
58
65
83
73
83
79
80
83
83
94
81
85
81
77
86
85
83
78
71
66
59
50
61
49
41
41
49
55
61
42
54
61
45
60
48
36
34
45
19
32
27
24
22
-4
-1
-20
-34
-53
-66
-71
-71
-91
-89
-78
-95
-80
-79
-77
-70
-64
-62
-39
-23
-17
-11
22
41
29
44
55
75
74
70
73
76
71
87
99
101
99
99
109
96
84
82
90
89
68
69
83
84
90
78
84
88
84
72
75
77
74
73
90
81
79
80
75
108
94
93
102
92
112
97
95
100
79
81
69
64
45
44
37
31
16
19
2
-4
19
3
8
2
14
6
10
5
26
29
37
48
38
53
56
55
56
47
34
58
36
30
21
16
3
-3
-19
-44
-39
-42
-50
-49
-50
-57
-44
-56
-60
-49
-46
-47
-52
-55
-39
-33
-15
-26
-13
3
4
16
33
43
41
59
52
66
71
81
73
91
99
76
87
92
100
99
98
94
77
75
64
54
48
47
42
34
21
32
21
17
29
23
22
28
30
28
35
49
53
34
37
34
41
56
41
28
36
18
22
-4
-18
-7
-23
-33
-38
-44
-60
-69
-65
-54
-53
-59
-63
-65
-52
-38
-53
-36
-34
-49
-26
-24
-50
-30
-40
-46
-27
-23
-4
-14
-18
-10
-16
-7
-1
6
4
7
20
8
18
-4
18
4
-8
-6
-9
9
1
-6
-30
-6
-2
-6
-9
-5
-15
-12
1
1
20
30
44
49
72
89
93
97
87
96
114
111
109
113
114
100
121
113
105
102
89
71
69
63
32
37
29
13
9
17
15
25
25
37
38
37
29
16
29
13
10
11
9
0
-5
-4
-7
-11
-19
-37
-45
-48
-49
-45
-54
-49
-49
-46
-48
-55
-45
-56
-65
-51
-60
-47
-54
-41
-35
-36
-37
-16
-18
-17
10
-4
3
6
22
23
27
49
41
45
44
41
70
63
49
49
64
70
57
65
60
63
61
50
42
43
28
27
28
33
25
0
2
20
8
-2
14
5
7
14
26
52
59
63
58
80
91
85
84
81
83
86
80
80
74
62
63
66
63
50
42
55
50
37
20
18
15
10
-5
-18
-9
-21
-5
-3
-13
-22
-18
-19
-34
-26
-18
-11
-41
-33
-27
-39
-23
-19
-20
-34
-36
-40
-31
-39
-36
-23
-43
-38
-34
-31
-27
-2
-3
-11
11
14
28
39
50
61
64
65
78
89
85
106
88
73
85
81
86
80
80
82
102
87
90
91
83
91
84
91
87
86
90
78
68
49
54
43
26
36
30
18
11
16
0
3
24
-8
4
12
3
3
22
24
24
21
12
18
15
28
31
41
38
26
26
35
35
18
21
4
10
9
17
23
4
-5
-16
-1
-7
-20
-14
-28
-30
-40
-25
-19
-21
-11
-28
-18
-33
-29
-24
-35
-33
-22
-35
-23
-20
-38
-15
-10
-14
-5
-24
0
19
16
31
28
22
36
36
51
66
54
55
79
79
67
67
59
64
68
72
76
68
66
74
77
91
93
95
106
99
94
109
99
90
93
82
68
79
82
57
59
45
28
28
29
14
15
0
4
-5
-10
-8
-6
-17
-22
-23
-36
-29
-23
-34
-29
-28
-21
-30
-38
-23
-30
-26
-35
-25
-27
-44
-25
-17
-14
-26
-17
-8
10
18
7
10
0
15
-2
-2
-4
-14
-15
-20
-18
-19
-27
-25
-38
-23
-30
-17
-23
-15
-8
4
13
14
18
19
22
36
57
41
46
53
61
65
60
52
46
53
49
47
51
41
36
63
66
42
54
46
42
50
57
44
45
55
54
64
63
62
60
51
64
56
50
34
22
39
27
14
14
1
-12
-5
-20
-28
-20
-15
-15
-22
-26
-45
-34
-48
-42
-33
-32
-47
-51
-45
-57
-57
-57
-49
-60
-42
-48
-49
-50
-48
-46
-30
-22
-21
-12
-13
1
19
20
25
30
38
55
37
39
43
32
37
56
41
38
40
36
44
10
26
13
18
19
10
19
26
36
22
30
40
39
29
25
25
53
53
32
39
35
49
48
28
45
20
23
11
12
13
-5
-5
-31
-25
-15
-27
-14
-27
-31
-18
-30
-18
-6
1
9
5
5
-10
-23
-9
-12
-24
-13
-20
-28
-27
-43
-24
-36
-50
-62
-51
-49
-78
-89
-88
-96
-97
-81
-79
-85
-94
-82
-71
-75
-84
-85
-78
-58
-62
-65
-43
-39
-34
-22
-19
-20
-14
-22
-19
-5
-13
-1
-5
1
13
11
-4
6
15
14
30
33
31
37
43
54
51
63
69
46
51
50
37
36
45
49
44
33
48
25
21
38
18
14
4
3
1
5
-12
-26
-8
-6
0
-20
-24
-22
-54
-44
-37
-45
-46
-53
-55
-58
-64
-54
-74
-62
-47
-51
-57
-54
-45
-37
-49
-27
-22
-27
-21
-21
-29
-28
-27
-38
-32
-42
-39
-63
-44
-42
-47
-44
-47
-57
-80
-73
-73
-51
-58
-41
-24
-39
-42
-23
-25
-29
-15
-29
-22
-8
-8
-16
-8
-8
-9
13
19
6
7
14
13
10
2
5
-1
9
11
15
32
27
36
49
39
53
74
59
62
66
61
82
88
69
69
68
67
61
63
46
66
55
34
30
30
24
11
8
17
20
13
26
0
-10
-7
-15
-24
-32
-36
-42
-34
-41
-42
-49
-55
-65
-49
-49
-45
-35
-50
-32
-12
-2
5
5
12
7
5
14
6
28
9
23
33
13
0
7
2
10
-3
-4
8
-11
0
-4
-16
-1
3
12
22
10
22
40
42
51
59
51
48
58
52
49
42
34
29
30
38
24
15
9
7
8
-1
-3
5
7
2
6
12
15
3
11
32
24
22
31
26
28
45
52
40
33
31
37
38
30
38
20
20
31
15
19
13
19
16
1
14
16
3
-6
-11
-13
-36
-29
-21
-36
-32
-38
-30
-22
-28
-24
-33
-33
-24
-25
-17
2
7
-2
-4
5
13
10
14
35
42
36
40
33
32
36
37
34
36
42
27
24
46
32
32
43
54
55
49
54
62
71
70
58
56
65
53
47
53
50
59
50
54
41
54
46
53
65
45
31
32
32
43
32
18
41
24
40
36
22
41
33
34
43
54
69
44
43
54
51
60
56
51
57
54
53
53
46
50
56
56
39
38
28
37
36
33
27
8
10
9
13
8
0
-1
9
-4
4
-13
-18
0
-11
-3
-6
5
14
8
11
12
4
2
3
33
17
0
16
1
13
21
18
23
12
40
20
29
47
29
38
31
62
58
64
68
54
64
70
68
57
63
81
83
70
92
78
77
71
62
58
59
64
65
62
51
46
51
39
51
46
25
36
34
35
36
48
30
17
34
48
36
43
41
39
46
36
37
39
36
62
58
29
52
47
36
52
39
33
47
39
33
35
36
31
23
37
26
14
34
26
49
36
42
55
48
55
43
36
34
41
45
45
48
48
47
53
32
30
47
44
42
27
39
30
18
17
7
13
11
3
11
25
16
28
35
28
26
30
26
48
57
42
56
59
70
81
80
84
78
78
97
82
95
75
80
73
73
67
55
58
57
50
48
56
48
43
46
55
42
34
29
28
29
32
22
27
36
32
36
25
39
34
47
24
30
25
9
25
22
21
28
32
23
31
11
33
34
26
32
35
25
26
39
47
36
28
31
26
37
26
34
33
18
19
12
3
12
10
7
19
8
-7
7
1
-10
2
-4
22
22
20
18
16
23
15
16
12
5
-6
0
13
7
8
22
13
-5
16
5
18
23
20
24
12
23
34
31
40
37
33
35
31
34
62
41
51
46
37
39
50
46
38
42
36
40
17
22
10
24
33
33
28
41
30
35
35
16
21
13
22
22
24
14
9
19
23
34
24
10
16
18
8
13
25
19
17
29
14
13
26
25
32
35
40
45
47
52
55
64
51
59
59
59
71
57
51
58
51
40
31
34
53
65
39
57
55
56
57
52
49
66
67
48
59
66
77
71
51
55
44
53
42
54
56
40
53
51
66
54
52
57
70
45
53
50
62
69
56
58
56
67
65
67
49
60
74
79
82
80
86
79
102
89
66
78
69
69
56
47
39
45
47
40
35
47
51
40
45
40
41
45
11
21
21
19
7
9
31
27
25
19
18
5
7
8
8
15
25
25
29
26
26
30
34
33
47
47
37
49
70
57
52
58
52
51
58
73
70
68
51
44
71
54
54
55
54
50
49
56
52
50
39
60
44
65
54
54
56
40
44
38
45
47
43
47
58
63
56
47
45
40
31
39
41
23
32
33
31
20
9
37
39
31
31
47
47
30
49
40
43
48
45
46
40
45
43
60
44
38
48
45
33
25
46
23
33
36
42
41
23
23
17
37
42
52
25
28
52
33
20
26
15
14
17
23
22
18
22
29
18
11
30
29
33
46
53
61
62
66
68
74
67
88
66
74
79
75
73
65
83
62
56
75
79
85
79
73
77
87
94
89
81
79
88
79
80
82
93
89
83
75
80
64
70
71
60
62
48
49
42
47
52
33
32
48
47
49
48
42
56
64
60
61
31
48
58
56
67
72
49
57
63
37
47
58
62
47
55
48
66
64
45
58
64
60
76
85
62
71
62
61
70
66
62
65
58
39
37
45
61
49
47
54
40
59
56
62
67
51
65
65
53
80
85
87
91
85
85
75
85
69
79
80
71
56
85
86
64
60
81
83
79
81
78
90
67
63
76
72
45
60
62
49
52
37
49
45
50
42
37
44
43
41
26
55
53
35
28
40
43
32
43
37
44
48
44
20
22
17
25
17
20
37
16
29
30
19
27
31
37
36
25
46
44
30
39
55
67
70
69
60
67
49
59
48
54
53
54
53
44
52
41
76
52
57
69
60
56
64
72
42
61
55
55
52
52
55
56
66
73
56
48
62
51
60
59
77
77
62
76
77
71
60
61
61
65
71
63
63
59
60
56
63
53
52
67
63
38
36
44
29
34
39
48
41
44
31
40
23
27
19
28
34
30
24
19
23
13
12
-1
7
3
5
10
20
12
12
20
20
13
7
10
24
17
14
8
27
6
14
27
19
27
37
54
42
50
56
59
62
70
66
71
78
78
82
82
68
51
70
68
80
70
83
77
67
79
78
89
74
84
81
86
63
67
61
73
71
61
57
46
49
58
52
51
52
46
55
48
45
44
44
37
64
57
58
62
44
68
55
68
82
78
75
67
68
64
63
50
50
56
52
44
50
41
41
58
62
42
35
31
35
34
19
41
23
30
40
19
30
46
44
31
39
38
53
44
40
51
50
50
33
37
32
33
34
36
33
29
36
48
52
31
39
49
47
38
53
71
57
58
70
59
75
64
72
66
66
66
65
67
67
61
65
55
42
47
51
51
45
58
63
66
57
63
61
51
58
50
43
45
42
48
40
35
17
41
30
10
16
30
30
34
24
22
22
16
29
31
20
15
21
18
21
22
6
-3
18
20
19
23
32
23
17
11
7
15
9
0
-1
2
3
4
-2
5
8
1
12
-1
-10
-3
-2
7
2
14
9
10
4
-5
-14
-19
-3
-14
-4
1
-12
-10
1
3
-1
2
-2
-1
0
16
5
11
9
11
15
2
6
14
21
27
18
5
6
26
21
13
17
16
26
12
6
-13
-15
-13
-16
1
-9
-16
-21
-33
-21
-32
-29
-24
-28
-24
-27
-23
-26
-18
-28
-21
-31
-26
-16
-47
-35
-32
-24
-21
-39
-31
-26
-2
-27
-26
-23
-22
-18
-9
5
-15
-3
-19
-9
-10
-7
-6
-19
-2
5
6
-1
-3
-2
6
-3
0
8
-2
21
13
-1
7
3
15
-2
5
14
9
6
8
1
-7
-7
-4
-9
-8
-12
-12
-8
-12
-12
-19
-11
-12
-4
-5
-9
0
-1
8
-4
8
10
3
0
-6
-3
8
0
1
-1
2
4
-5
5
-16
-9
-12
-8
-30
-15
-19
-17
-11
-17
-12
-14
-11
-15
-14
-17
-11
-11
-15
-18
-14
-15
-9
-13
-21
-25
-30
-28
-45
-39
-40
-31
-21
-33
-26
-25
-26
-27
-38
-26
-30
-13
-12
-17
-36
-36
-18
-30
-21
-31
-9
-2
-13
-19
-23
-7
-19
-12
-21
-26
-25
-13
-13
-18
-6
-16
-10
-6
-20
-28
-25
-32
-25
-20
-42
-28
-17
-18
-13
-7
-16
-31
-23
-28
-23
-38
-27
-27
-25
-20
-28
-22
-20
-19
-17
-21
-18
-18
-19
-18
-6
-17
-2
5
-12
2
-3
-12
2
-1
-3
-6
-18
-8
-7
-9
4
-18
-9
-7
-24
-22
-28
-31
-25
-37
-50
-23
-35
-34
-40
-39
-33
-36
-40
-31
-41
-31
-42
-53
-36
-41
-39
-42
-41
-37
-32
-44
-41
-40
-28
-32
-37
-45
-34
-25
-28
-34
-27
-14
-18
-13
-16
-14
-5
7
1
5
-6
-3
5
0
-4
7
-7
-8
-2
-5
0
-15
-13
-8
-6
-29
-15
-11
-23
-14
-18
-16
-6
12
-5
-9
0
-22
-14
5
-23
-19
-2
-23
-27
-9
-11
-7
1
0
-10
-12
3
5
9
-14
-9
-5
-12
-4
4
-1
-24
-8
-16
-23
-10
-19
-7
-14
-16
-21
-14
-13
-27
-24
-7
-28
-31
-27
-27
-34
-27
-19
-30
-26
-25
-28
-37
-34
-48
-26
-41
-27
-29
-28
-31
-23
-14
-23
-12
-29
-16
-3
-5
-13
-22
-22
-7
-27
-9
-6
-2
1
-16
-9
-14
4
5
9
10
27
38
26
18
22
13
20
19
18
6
23
35
20
35
22
42
33
18
23
23
12
17
12
6
6
13
-8
7
11
0
-7
-16
4
-6
3
1
-6
12
7
-5
0
-1
1
-1
-1
1
-7
-7
1
-6
-6
-5
-15
-17
-1
12
13
6
2
16
-3
9
4
11
4
1
5
-22
10
0
-19
-5
12
-2
-13
-9
3
3
-5
-8
-20
-20
-14
-26
-13
-19
-15
4
3
26
-2
-7
7
14
13
24
31
15
31
44
25
25
26
36
33
23
28
21
22
17
19
23
6
6
11
16
17
9
20
-2
4
19
8
23
17
1
13
17
10
-6
-5
0
-11
-4
-14
-8
-16
-23
-22
-34
-24
-42
-33
-26
-20
-11
-32
-22
-49
-47
-37
-48
-41
-56
-53
-65
-53
-44
-45
-48
-43
-49
-38
-40
-40
-39
-44
-37
-28
-38
-42
-40
-44
-32
-54
-27
-31
-44
-29
-21
-26
-12
-38
-23
-6
-19
-24
-24
-31
-9
-27
-47
-11
-18
-7
-13
-21
-2
10
-4
-14
-10
0
-16
-13
6
8
0
9
11
0
6
-4
-5
-2
-14
-15
-13
0
-3
-13
-11
-34
-25
-15
-12
-23
-31
-22
-31
-23
-32
-28
-31
-22
-29
-43
-26
-35
-36
-28
-30
-27
-15
-43
-49
-13
-23
-21
-23
-27
-38
-23
-36
-35
-39
-43
-32
-46
-39
-52
-45
-39
-35
-50
-59
-39
-32
-43
-41
-29
-19
-19
-24
-26
-27
-38
-44
-9
-11
-11
-21
-19
-6
-8
2
12
28
8
7
16
1
18
17
8
-1
-1
-5
-1
4
-9
-8
-4
-12
-8
