-10
-4
-15
-19
-9
-14
-7
-22
-28
-26
-32
-6
-28
-13
6
1
-21
-4
1
-18
-17
-16
-9
-17
-15
-21
-19
-12
-26
-33
-18
-14
-17
-14
-16
-26
-4
0
-17
-17
-7
-18
-21
-31
-15
-21
-19
-5
-21
-5
-8
8
-15
-2
-6
0
13
-8
12
-2
-6
-4
1
-6
-4
0
-1
-5
-20
-2
-5
0
4
-2
1
15
-3
-11
1
8
14
-4
-8
-1
-1
1
-3
-5
8
-6
6
7
16
20
3
7
2
10
17
3
2
8
13
3
4
3
-2
3
8
8
3
-12
5
10
4
10
10
10
-7
-3
1
8
-1
-9
-11
1
4
-2
13
6
0
-5
-6
10
6
6
13
9
16
21
15
6
27
6
6
12
7
18
35
27
33
29
14
20
19
18
-1
7
19
14
29
38
16
8
14
16
19
22
16
14
15
20
20
3
14
-1
7
17
10
8
2
13
-1
13
16
4
18
18
23
17
13
-9
-3
18
14
27
28
25
17
19
10
14
21
13
17
2
8
4
4
9
-12
3
-6
-3
-11
-5
-4
-4
-2
1
5
-14
-8
-8
-22
-2
-1
-7
4
-3
1
-2
4
4
3
3
10
4
-4
5
-6
-12
-9
-29
-20
-5
-22
-21
-16
-10
-13
0
-15
-10
-5
-13
-4
-10
-4
-18
8
-1
-2
-8
1
-10
-12
12
-1
7
-1
8
-15
-13
1
4
5
-5
1
-7
-24
-13
-6
-27
-9
-20
-7
-11
-7
2
2
-6
-9
1
2
-8
-13
1
6
-4
-9
0
1
3
-5
-6
0
-1
1
4
-6
-6
-2
-7
-26
-23
-16
-20
-21
-25
-14
-38
-15
-14
-19
-30
-24
-8
-21
-6
-13
-10
-26
-30
-19
-24
-22
-11
-30
-12
8
-10
-7
-7
-16
-16
-9
2
10
-2
-8
-1
5
2
-7
-19
-19
-5
-21
-18
-8
3
-15
-21
-13
8
8
1
-6
-8
2
11
3
-7
-12
-15
-20
-13
2
-5
-4
2
-12
-12
17
2
2
7
18
-12
13
17
-2
4
7
6
-4
4
11
14
5
24
16
24
9
9
29
11
17
3
13
10
9
23
22
23
25
35
17
28
19
12
20
9
32
12
24
25
25
19
35
37
22
27
25
34
45
41
43
51
36
42
51
37
47
50
46
51
33
46
55
54
34
35
38
32
47
28
44
43
14
42
29
32
38
23
29
22
30
22
28
50
37
42
46
41
34
42
35
27
37
18
26
26
28
25
30
33
35
42
37
30
16
15
18
26
15
16
16
15
8
24
8
12
33
6
15
11
12
20
18
13
26
20
18
21
11
17
11
20
25
4
3
19
1
1
0
-8
-9
-8
-5
-10
-13
-13
-9
-4
-8
-16
-12
-17
-15
-19
-17
-4
-7
-9
-20
-11
7
5
5
3
-10
-3
-10
-2
-4
-14
-9
-13
-8
-8
-6
-11
-2
-25
-16
-22
-36
-24
-34
-15
-23
-24
-29
-22
-21
-24
-23
-32
-26
-29
-13
-21
-20
-22
-18
-33
-21
-29
-37
-26
-29
-33
-45
-59
-49
-41
-39
-29
-47
-56
-40
-51
-52
-38
-51
-61
-66
-45
-48
-58
-51
-62
-50
-57
-74
-54
-64
-53
-36
-47
-49
-39
-32
-29
-38
-36
-17
-20
-28
-39
-29
-28
-32
-22
-20
-36
-32
-21
-30
-22
-27
-24
-21
-8
-23
-6
-4
-27
-12
-14
-2
-10
-7
-12
21
2
-6
-1
-2
8
-3
4
-8
13
8
26
9
-5
8
3
6
13
11
18
3
7
5
6
19
12
14
17
3
-3
11
15
17
25
27
21
20
29
25
23
33
27
27
21
22
29
17
23
23
25
29
27
15
9
0
3
1
-1
-1
-8
-6
-1
-4
-4
6
-2
-4
-9
-5
-3
-8
-7
-2
-14
7
7
8
1
-14
-5
-4
-3
2
-10
-6
-9
-22
-10
-13
-4
-17
-3
-5
3
-2
-3
1
-6
9
7
13
-8
8
-9
-11
12
16
1
-1
-15
3
2
14
23
1
23
-4
5
-2
-1
-9
-13
-12
-11
-15
-16
-2
-32
-19
-18
-7
-5
-7
2
-9
-18
-20
-6
-29
-17
-8
-22
-19
-18
-27
-28
-11
-31
-42
-26
-35
-24
-40
-33
-31
-21
-21
-34
-32
-20
-29
-8
-6
-11
-17
-25
-8
-33
-26
-14
-11
-15
-16
4
3
-1
-6
-21
0
-1
-19
-7
-14
-12
-7
7
1
-17
-11
-10
-11
-6
-11
-16
-19
-15
-8
-21
-27
-39
-31
-13
-20
-22
-25
-29
-32
-19
-22
-33
-22
-36
-32
-21
-26
-21
-25
-20
-17
-14
-28
-32
-21
-15
-19
-23
-27
-29
-31
-40
-41
-25
-39
-42
-33
-31
-39
-42
-35
-31
-27
-34
-30
-25
-30
-26
-11
-7
-18
-21
-12
-24
-37
-25
-25
-36
-18
-24
-26
-34
-32
-33
-35
-36
-42
-22
-36
-25
-27
-25
-28
-22
-27
-14
-21
-31
-12
-14
-5
5
0
-2
-8
-8
-11
-15
4
-8
-9
-4
-9
-10
-10
-5
8
2
-7
-7
-7
-7
-5
-11
-11
12
-20
-13
-6
-21
-3
-19
-18
-15
-4
-7
-21
-13
-17
-10
-20
-20
-13
-23
-6
-7
-18
-25
-16
-27
-29
-16
-38
-29
-41
-42
-47
-47
-28
-40
-46
-49
-49
-59
-42
-45
-45
-36
-62
-43
-18
-22
-27
-33
-26
-21
-31
-20
-30
-21
-26
-32
-33
-30
-22
-43
-50
-39
-26
-17
-27
-29
-31
-32
-40
-23
-27
-41
-45
-44
-44
-36
-36
-45
-46
-47
-44
-45
-45
-37
-39
-19
-37
-47
-23
-54
-47
-34
-36
-41
-55
-57
-52
-46
-45
-52
-28
-37
-45
-53
-48
-49
-41
-37
-41
-47
-47
-35
-53
-46
-55
-58
-55
-72
-67
-61
-57
-58
-65
-61
-58
-72
-56
-69
-80
-68
-65
-49
-48
-56
-51
-51
-68
-57
-64
-72
-71
-59
-61
-75
-67
-68
-54
-50
-56
-66
-57
-62
-57
-50
-48
-51
-52
-52
-54
-45
-52
-64
-67
-63
-62
-58
-67
-63
-56
-56
-61
-66
-70
-60
-59
-67
-60
-79
-71
-65
-68
-58
-52
-58
-62
-65
-64
-55
-46
-54
-37
-23
-49
-44
-59
-62
-48
-32
-37
-42
-31
-40
-39
-54
-54
-48
-41
-45
-52
-51
-50
-47
-60
-53
-66
-62
-44
-47
-53
-43
-45
-60
-57
-55
-50
-50
-54
-50
-44
-38
-34
-34
-37
-29
-34
-42
-46
-62
-33
-44
-36
-39
-41
-39
-47
-39
-39
-27
-22
-37
-35
-38
-25
-27
-30
-31
-51
-46
-34
-36
-33
-25
-11
-33
-44
-27
-20
-12
-25
-22
-23
-12
-24
-32
-13
-28
-26
-28
-18
-18
-29
-31
-18
-26
-20
-17
-44
-21
-23
-30
-29
-27
-23
-30
-34
-31
-33
-41
-25
-45
-43
-48
-44
-35
-42
-31
-29
-28
-37
-32
-32
-38
-23
-23
-36
-19
-13
-20
-34
-33
-28
-40
-44
-52
-36
-45
-37
-59
-50
-34
-37
-49
-58
-34
-42
-39
-30
-31
-38
-28
-2
-26
-41
-28
-42
-39
-37
-37
-31
-35
-24
-22
-31
-42
-30
-6
-25
-37
-31
-28
-40
-27
-27
-42
-47
-39
-25
-26
-32
-35
-26
-25
-30
-20
-19
-22
-15
-10
-6
-18
-23
-11
-19
-10
-7
-19
-28
-22
-16
-30
-24
-34
-19
-18
-23
-26
-32
-3
-6
-21
-7
-14
-13
-3
-14
-12
-15
-24
-27
-40
-19
-11
-8
-12
-31
-17
-13
-12
-18
-29
-18
-27
-23
-12
-17
-6
-17
-10
-9
-17
-14
-11
-10
-6
-8
-15
-7
-14
-22
-11
-3
-5
-10
-12
-11
-18
-6
-9
10
1
-6
5
1
-3
-4
-11
-3
0
-15
11
8
9
10
12
7
-14
-18
-2
-6
1
-8
-7
1
-9
3
-14
-7
-19
-11
-9
-10
-16
-5
-10
-9
7
-17
6
-1
-4
-6
-12
-9
-11
-9
-4
-2
-12
-10
-13
3
4
-15
-1
7
4
-2
1
3
12
0
-8
2
1
10
-2
4
11
11
12
15
5
10
21
-2
4
5
-8
20
5
-15
0
7
-8
-8
-1
-3
12
2
8
10
-11
-5
-2
-1
10
4
4
-1
-8
-6
1
-7
-2
10
3
19
14
10
27
19
28
5
10
19
9
28
19
-7
-1
5
-6
8
25
11
10
10
21
17
26
19
16
27
11
19
21
23
17
10
11
8
17
18
7
5
-14
-2
2
10
-4
-8
-6
-17
-13
-12
-13
-14
-21
-18
-21
-18
-9
-34
-23
-27
-19
-18
-18
-7
-26
-17
-31
-31
-27
-18
-8
-24
-23
-15
-26
-25
-26
-21
-11
-26
-25
-6
-17
-16
-2
-22
-5
-11
-40
-38
-30
-12
-20
-11
-12
2
-14
-6
-14
-18
12
7
4
-10
10
6
-6
-7
7
11
-17
-12
-7
-20
-29
-17
-34
-29
-14
-29
-26
-13
-15
-32
-27
-36
-44
-39
-31
-24
-28
-27
-13
-29
-22
-21
-30
-5
-22
-37
-29
-9
-11
-17
-15
-19
-13
-13
-18
-17
-7
-10
-17
-33
-4
-7
1
-8
-6
-7
-23
-5
-37
-16
-11
-12
-16
-21
-9
-17
-4
-7
-2
1
0
2
4
11
2
4
-6
6
-8
-4
3
-20
-16
-15
-2
8
-2
-6
-4
-13
-15
-11
-5
-8
-5
0
-18
-27
-17
-7
-1
-12
-18
-19
-9
-8
-13
-19
-13
-9
-13
-13
-4
-6
-10
-8
16
4
6
-7
-7
-15
-10
7
-21
-8
-23
-9
-8
-16
-15
-10
-2
-13
-11
-13
-27
-21
-5
-3
-10
-12
-12
-15
-18
-10
-1
-20
-8
2
-5
-2
-1
-6
-12
4
13
24
23
12
3
21
17
10
17
21
6
-9
4
7
20
16
15
9
1
-9
5
7
5
-8
12
13
0
1
-5
-15
-5
-7
12
-7
-20
-6
-2
-16
-14
5
-7
-4
-7
-3
-11
-11
-24
-10
-6
-13
-13
-15
-5
-1
-13
7
0
-31
-7
-6
5
-7
-8
-10
-20
-8
-13
-9
2
-8
-19
3
-9
3
14
-5
-10
-6
5
-4
-16
-6
-30
-19
3
-10
-5
-1
-18
-8
6
4
14
-5
4
18
4
14
8
1
14
18
7
-8
3
2
1
6
-15
-15
-7
-9
-23
-26
-25
-25
-26
-18
-8
-12
-4
0
-13
-19
-30
-8
-17
-5
6
-6
-9
-18
7
-19
-27
-22
-15
-11
-25
-5
-20
-19
-12
-23
-29
-28
-23
-27
-35
-27
-19
-38
-45
-37
-24
-30
-20
-36
-48
-29
-20
-26
-23
-4
-6
-8
-10
-11
-5
-10
-24
-26
-3
-14
-32
-34
-31
-12
-31
-28
-24
-32
-28
-15
-12
-23
-13
-11
-7
-16
-6
-5
12
-5
5
-2
4
7
-13
0
-26
-37
-41
-15
-10
-9
-9
-20
-15
-32
-14
-5
-20
-23
-32
-19
-20
-16
-23
-22
-29
-28
-38
-47
-34
-46
-42
-38
-38
-46
-33
-41
-40
-39
-51
-45
-54
-30
-44
-33
-37
-46
-31
-38
-43
-49
-43
-28
-36
-46
-19
-27
-44
-49
-36
-25
-35
-43
-40
-30
-28
-42
-52
-35
-32
-43
-22
-33
-39
-28
-36
-37
-46
-48
-37
-42
-44
-37
-43
-45
-40
-32
-35
-44
-23
-19
-32
-32
-39
-23
-25
-23
-18
-29
-13
-16
-32
-24
-19
-14
-11
-8
-13
-28
-21
-26
-33
-25
-21
-24
-28
-35
-31
-30
-34
-25
-37
-32
-15
-25
-34
-38
-42
-48
-51
-59
-51
-54
-61
-53
-59
-63
-55
-47
-53
-55
-61
-53
-40
-42
-53
-57
-44
-50
-53
-41
-45
-38
-40
-49
-38
-35
-54
-60
-45
-37
-38
-49
-22
-43
-29
-29
-55
-45
-64
-53
-36
-42
-34
-44
-50
-49
-49
-40
-22
-42
-59
-38
-48
-41
-38
-24
-34
-35
-12
-28
-23
-34
-25
-21
-38
-32
-18
-23
-32
-32
-39
-38
-37
-26
-36
-45
-33
-30
-50
-37
-37
-38
-37
-31
-38
-41
-51
-38
-41
-39
-39
-43
-46
-54
-39
-32
-45
-48
-51
-50
-56
-55
-48
-43
-53
-51
-55
-52
-42
-57
-58
-56
-56
-55
-64
-59
-42
-47
-41
-40
-40
-40
-38
-40
-43
-33
-26
-13
-19
-27
-33
-23
-43
-38
-40
-42
-36
-42
-36
-34
-42
-50
-39
-34
-40
-41
-39
-51
-36
-32
-43
-31
-26
-24
-32
-46
-41
-28
-27
-18
-18
-12
-16
-40
-29
-34
-19
-34
-37
-32
-50
-30
-20
-31
-29
-32
-30
-30
-36
-47
-48
-24
-46
-50
-30
-35
-20
-37
-39
-32
-43
-42
-50
-28
-35
-43
-38
-46
-46
-53
-58
-59
-49
-40
-50
-39
-48
-59
-67
-51
-44
-56
-37
-49
-49
-38
-41
-44
-47
-49
-56
-71
-71
-57
-57
-64
-57
-57
-43
-52
-52
-28
-43
-46
-42
-32
-30
-45
-28
-43
-43
-38
-36
-32
-48
-53
-40
-34
-33
-32
-28
-40
-43
-34
-36
-42
-47
-30
-33
-26
-48
-57
-45
-63
-56
-46
-62
-62
-51
-64
-59
-70
-48
-43
-49
-56
-62
-46
-36
-32
-34
-35
-45
-32
-18
-27
-23
-19
-20
-32
-35
-33
-24
-23
-25
-37
-18
-26
-34
-27
-23
-29
-18
-19
-29
-21
-31
-24
-25
-28
-50
-47
-33
-40
-36
-39
-46
-31
-41
-45
-34
-40
-34
-38
-40
-36
-35
-47
-39
-32
-30
-37
-35
-41
-34
-24
-20
-20
-33
-30
-28
-41
-43
-32
-31
-33
-16
-23
-31
-27
-34
-26
-26
-32
-30
-42
-35
-44
-34
-39
-46
-31
-54
-53
-46
-43
-45
-18
-25
-19
-23
-31
-26
-20
-33
-25
-15
-26
-36
-41
-30
-34
-30
-47
-22
-24
-17
-29
-24
-27
-33
-32
-24
-25
-21
-26
-23
-11
-33
-21
-21
-13
-30
-32
-34
-38
-18
-11
-23
-22
-8
-13
-5
-12
-20
-24
-24
-22
-4
-24
-11
-15
-12
-20
-24
-24
-27
-19
-41
-18
-19
-11
-21
-24
-13
-8
-5
-15
-10
-5
-11
-2
-9
-5
-13
0
-4
-13
0
-10
-18
5
6
-2
-5
-19
-6
-8
-19
-8
-22
-27
-3
0
2
-2
4
10
6
9
0
3
-3
10
18
16
9
6
1
-2
10
11
2
6
6
-1
10
2
24
-4
-4
0
14
10
8
14
11
6
-8
12
13
31
7
7
4
-10
-2
-3
-15
12
18
16
14
19
16
2
13
9
9
14
8
-6
13
-4
0
20
19
6
2
1
4
19
-2
10
8
7
8
8
6
17
10
-2
4
-1
6
14
25
1
22
18
8
21
15
17
10
16
17
7
-7
15
1
3
14
-3
7
24
1
10
11
-3
-3
1
6
-15
14
11
1
10
2
20
4
-6
5
5
-5
1
12
1
13
11
12
14
1
3
13
27
15
18
15
18
14
27
7
6
15
1
17
1
2
11
-8
-4
5
3
-1
-1
-5
-8
2
-11
-9
-7
-10
-15
-13
-5
-1
-7
-8
-10
-10
-9
-10
-7
-3
11
2
8
-3
1
12
-1
-12
-7
-2
-8
-12
-11
-13
-11
-18
-5
12
0
-12
1
7
2
-11
1
12
-1
18
5
-3
0
-9
3
16
-1
1
5
-3
-8
-1
2
-11
-14
-19
-1
-6
1
1
-8
-12
-22
-5
-13
-8
5
1
-9
-1
7
-4
-4
13
3
-12
-6
-7
-8
-10
-13
3
-13
-19
-2
-11
-16
-29
-12
-7
-8
-21
-18
-18
-29
-24
-22
-11
-6
3
-3
-23
-16
-13
-4
-1
8
-6
-10
-6
-8
-5
-7
-18
-22
-15
-21
-6
9
19
2
3
-2
-3
-9
-9
2
11
1
2
7
-8
2
5
-2
10
14
13
13
-9
7
17
11
16
11
20
26
5
11
17
2
10
7
17
10
21
11
0
5
8
23
17
22
11
15
10
19
12
5
5
-3
7
-5
11
17
13
11
10
17
0
7
-1
9
17
24
3
-2
-2
8
14
-7
-7
1
22
15
24
33
14
11
22
18
14
6
-1
1
-3
0
3
3
0
5
16
18
13
13
17
-7
14
8
-4
10
14
7
8
24
3
19
16
9
24
18
2
9
13
-2
7
3
-1
4
12
19
14
-18
-4
-14
-1
5
-4
11
-11
-16
-7
8
9
15
12
13
19
19
29
17
23
2
5
20
15
20
8
16
17
11
-10
1
5
6
19
3
22
26
11
18
25
10
18
23
5
11
23
13
9
6
-5
3
-3
20
4
-13
19
4
11
0
-10
-7
0
-8
-7
0
-6
-9
-14
0
5
3
4
1
-11
-2
-2
-2
14
-15
-2
9
-9
-7
-14
-1
-1
5
9
8
-4
-1
19
2
-2
28
8
11
15
23
23
15
13
15
16
19
17
12
-7
-4
-2
-10
6
17
22
22
3
13
17
3
9
2
8
5
-7
-6
-9
1
2
18
-8
0
18
-1
2
-19
1
-1
-6
-2
-1
2
-3
7
4
19
9
-11
10
13
16
12
8
18
12
12
9
10
9
10
8
16
11
14
13
10
11
19
17
9
13
16
16
23
22
21
22
12
21
12
0
6
12
17
11
13
3
-4
3
2
-9
10
16
-3
19
14
2
8
7
12
11
4
13
6
7
14
-5
-6
7
11
19
17
17
6
2
22
7
24
6
15
20
9
10
14
14
5
14
8
19
11
6
11
28
17
10
20
11
25
17
16
17
2
24
15
26
10
14
23
10
23
20
35
34
35
27
16
35
27
25
29
36
38
50
35
31
30
8
36
23
41
28
12
29
20
26
19
21
19
33
8
21
34
7
21
18
20
30
27
24
23
30
35
34
33
29
34
34
30
37
27
37
45
27
26
27
14
24
26
-2
28
18
12
14
20
12
1
14
8
-1
24
8
10
19
11
16
29
15
3
23
7
10
1
0
-15
-15
-6
-10
-2
-13
5
-12
-13
-7
1
-8
5
5
-11
19
14
16
4
7
13
8
20
5
7
25
19
18
23
27
30
37
40
30
31
29
33
40
37
31
25
25
28
35
30
22
36
34
29
24
31
31
34
44
41
41
38
38
35
27
33
34
39
37
32
22
34
35
25
46
37
32
32
43
30
48
39
19
21
34
34
15
43
30
29
31
34
35
33
47
45
42
37
39
43
28
37
36
46
41
32
53
32
38
31
37
38
14
32
40
32
33
35
31
38
40
29
19
38
34
40
34
28
33
35
31
29
36
29
30
29
36
17
20
20
28
27
32
44
44
48
40
43
30
39
30
38
42
22
32
30
21
19
26
25
28
26
28
20
37
35
16
25
36
25
20
24
32
22
11
22
18
17
31
20
15
14
10
11
37
30
12
24
15
19
22
19
14
8
10
21
5
19
11
6
3
7
9
4
10
6
13
10
9
24
20
17
28
25
30
7
-6
16
14
28
25
16
26
11
18
34
34
35
16
32
31
20
23
28
15
21
19
22
20
8
26
26
13
19
33
25
31
27
34
23
18
29
32
32
7
22
12
8
21
6
7
20
2
-3
22
20
17
16
4
-3
0
17
-3
7
12
4
18
15
6
8
10
16
7
-2
13
17
17
16
19
8
-10
3
-3
-10
0
0
-2
4
-1
17
-7
-16
3
-4
24
13
8
9
2
12
16
3
3
13
16
24
3
4
9
-11
2
8
10
-2
5
5
4
14
2
1
-3
19
9
13
16
9
14
17
20
17
16
19
19
8
23
20
13
34
23
23
25
20
21
22
25
26
11
20
26
25
29
14
10
23
37
17
20
21
28
20
23
34
23
25
13
2
16
16
20
17
22
20
19
21
11
11
16
9
7
16
20
23
11
15
9
3
1
-10
6
2
-2
4
9
33
29
23
20
34
30
29
15
33
26
26
25
18
16
17
26
-6
11
20
14
16
15
4
-6
-5
9
6
12
17
3
6
12
19
6
8
14
9
26
6
3
8
15
17
17
2
4
9
7
15
10
18
16
16
15
3
12
7
6
5
5
22
20
17
13
21
28
15
21
18
15
25
20
21
36
34
29
52
45
46
41
38
43
36
41
33
47
39
38
29
48
40
42
37
32
31
9
15
14
30
27
23
13
32
34
18
18
22
19
23
18
24
42
31
29
26
28
28
15
16
23
20
27
18
31
23
31
50
35
31
24
22
11
16
32
35
23
45
42
39
46
22
32
48
31
38
34
17
20
13
23
24
16
27
15
24
39
31
31
40
19
36
29
40
45
22
54
57
52
39
41
54
67
40
36
39
43
51
43
29
47
48
34
28
38
37
25
34
27
46
40
43
46
34
37
42
54
40
46
52
54
49
23
41
37
21
21
29
6
7
23
17
23
21
16
29
30
22
20
18
14
16
21
17
24
20
26
39
24
22
18
35
28
20
19
8
14
22
24
18
7
-15
21
17
-1
11
8
6
-4
0
18
19
11
4
-5
14
11
10
30
11
10
6
18
30
17
29
2
18
28
21
28
30
34
12
28
10
12
16
17
41
10
25
32
33
52
16
28
39
42
26
18
33
28
27
35
35
23
52
57
38
28
41
55
40
38
23
22
21
18
11
23
0
-5
27
8
32
30
18
19
30
14
25
40
25
38
26
44
40
30
42
45
37
51
38
41
43
33
34
20
33
28
23
41
15
15
18
18
27
18
-6
10
-2
-5
15
10
26
36
20
51
42
31
30
32
36
22
34
39
42
23
23
43
16
15
17
-10
8
6
-8
2
-2
4
35
25
10
25
17
28
0
18
36
29
38
44
21
-6
24
39
11
7
27
11
29
39
30
40
34
33
22
17
26
-3
15
10
14
23
16
29
18
13
3
12
7
16
12
9
10
29
32
24
36
20
26
7
13
28
17
15
14
23
14
21
19
25
52
31
28
40
32
23
17
40
26
44
44
37
41
32
32
17
30
42
44
45
39
33
45
54
37
50
27
27
50
32
32
42
27
27
62
23
43
55
41
54
46
32
59
55
42
71
40
32
61
39
16
39
24
30
33
38
40
37
34
41
25
11
27
24
10
1
33
2
6
48
41
55
47
37
58
23
30
41
34
28
19
28
28
30
36
22
30
8
23
34
14
16
25
4
29
15
10
38
-8
14
10
22
7
35
24
19
41
28
46
42
42
49
38
45
62
21
13
40
12
41
32
40
35
29
32
25
-4
-21
38
-25
8
31
-33
14
50
-6
25
41
9
38
35
20
35
36
35
11
27
32
23
45
27
2
9
-3
5
7
-3
21
6
-9
17
-17
-23
-4
-16
-21
0
18
6
19
9
-1
-4
-2
17
14
33
-11
18
-18
12
-43
-36
5
-17
-18
-14
-14
-16
-9
-28
23
3
7
9
34
0
-7
39
24
-2
-3
28
15
-6
-22
-18
-7
-17
-18
-3
29
-5
-14
40
9
5
25
-7
6
9
-4
-7
36
4
47
40
1
37
-4
-14
14
-11
6
52
-9
55
32
14
0
-9
10
-12
-10
15
-40
-24
6
-7
18
-36
22
7
6
42
-23
2
59
-4
10
65
-36
3
20
-7
10
-25
14
22
-12
5
-7
37
0
24
42
-11
48
9
12
34
1
-7
5
22
15
56
10
11
-13
-52
-10
-27
-20
-6
-9
-4
32
-1
20
39
-4
57
55
16
67
40
23
46
29
46
46
42
38
33
51
19
36
37
6
50
18
21
41
7
31
48
-3
62
19
19
38
6
63
33
-19
17
56
9
36
49
53
52
59
36
44
60
-13
36
70
30
8
85
58
61
74
37
52
61
25
45
11
23
62
36
54
27
64
69
17
50
77
54
70
61
53
38
62
35
21
68
60
56
63
70
14
25
36
2
31
34
12
5
46
-17
14
51
-1
32
40
30
62
41
57
55
62
53
51
48
43
30
-41
21
-50
12
-26
-65
40
-34
-16
-11
4
-25
-5
24
-5
24
16
1
44
27
-5
75
28
24
52
41
18
46
37
66
16
-42
62
18
-47
9
-34
-11
-31
-22
-33
7
-32
-39
6
-35
-21
2
10
1
8
-25
45
42
18
25
34
32
26
21
19
24
36
46
-2
16
17
23
-1
-16
-2
-17
-2
-40
-7
-7
-46
-11
12
-24
-12
52
-1
-3
-1
-13
9
-49
-14
1
-25
-18
-7
-26
-25
-4
-35
32
-2
-78
49
-38
-75
23
-12
21
-6
-47
-4
-27
-16
-63
-23
15
-75
-13
44
-66
5
5
-25
15
-55
32
23
-53
30
-46
-39
-13
-91
-27
2
-76
-38
-7
-44
-33
-34
-27
5
-53
-39
30
-2
-37
-37
-15
-30
-23
-7
-72
-11
-100
4
-44
-67
-2
-44
-27
-65
-31
-40
-4
-43
27
0
-31
16
-6
-13
-35
16
-40
-27
5
-37
-25
-46
-95
7
6
-57
6
-24
-34
-3
-40
-35
20
-20
16
-33
-10
36
-47
13
-1
-38
3
-15
1
-12
-8
-60
-11
-22
-52
4
-32
-77
26
-29
-70
-8
2
-77
12
-59
-39
42
-122
-6
-65
-53
4
-54
6
12
-17
-5
-15
1
1
11
-26
34
-18
-66
41
-26
9
-60
35
-40
-11
0
-140
66
-32
-11
-16
35
-21
41
-41
-24
64
-41
71
-14
-3
63
-30
8
78
-28
3
11
-11
18
-17
-22
4
77
-18
32
103
-92
111
20
-5
72
1
-27
75
-37
-35
85
-62
21
19
-72
55
7
-40
47
-36
14
10
-3
31
41
-4
-30
84
-54
28
47
-66
61
-1
-28
-4
11
-37
20
-22
-19
41
19
-39
55
21
-4
36
2
42
22
-9
-7
-7
36
46
-31
83
32
-4
-7
60
-22
-47
13
-24
-23
46
-38
-31
9
-36
47
-18
-52
13
-80
-38
-66
-35
-10
-45
-11
-53
7
-15
-48
-3
-18
8
12
18
28
9
3
30
4
35
36
-48
50
32
-103
32
-8
-80
38
-32
-12
-33
-66
23
-58
-79
-13
-42
-60
30
7
-31
16
-28
40
-8
18
20
18
21
7
83
-19
24
45
-23
70
-15
-115
91
-32
-76
30
-121
-2
17
-157
61
-57
-100
-15
-89
22
-20
-19
44
-4
17
-23
61
63
-21
56
-44
-8
55
-12
17
51
-81
48
-41
-73
76
-96
36
-68
-20
13
-75
-22
-18
4
27
-39
37
40
-42
-16
-7
7
-11
-45
60
-15
-14
38
-91
115
-12
-45
79
-55
46
-36
-38
-5
-47
-87
-3
-27
-18
-1
14
1
-27
39
41
52
76
54
12
38
-2
72
-52
13
61
-16
61
-22
-19
-3
-93
-18
-13
80
-59
44
-22
-30
142
-10
125
57
36
131
26
0
73
-68
22
112
-86
22
61
-82
47
-42
-47
87
-31
5
48
-50
62
-10
-25
54
14
31
35
-6
31
67
85
92
42
82
31
65
39
75
24
-12
-12
-54
-26
-35
-8
27
-98
-53
-42
-2
69
-63
40
4
39
24
70
-91
5
-17
-37
143
13
8
46
-75
22
69
39
139
-26
45
3
16
96
30
9
37
-12
22
4
47
47
-8
30
43
40
44
44
56
81
51
72
34
-15
-72
13
-25
4
65
-74
32
-71
-69
40
23
55
2
-16
-12
55
-69
41
20
13
17
45
22
8
26
52
66
-11
95
14
58
9
-83
-71
-70
-6
12
12
0
-39
-59
55
-60
19
41
-75
37
-31
6
-9
-72
-48
-13
-9
9
49
-23
42
-96
-69
3
-42
-41
6
-51
-13
9
44
30
11
-1
74
106
-4
102
35
-58
2
19
21
33
5
-19
-71
-114
-12
14
-18
-53
-6
79
-9
-6
-47
34
9
-28
32
-45
22
-30
-24
-1
-62
8
57
-4
28
7
-52
34
-13
28
-15
5
50
-54
5
47
-20
-51
-30
-13
-74
-156
-55
-71
-99
4
14
-7
48
49
4
24
-14
18
56
-120
-73
-5
-32
-9
-83
-54
-93
-83
-49
-53
19
-45
-42
-75
38
-28
-66
-14
-6
34
-67
3
-22
-38
-16
-19
34
-27
-26
24
-30
-35
-52
-27
-48
-105
-135
-144
-125
-133
-72
-23
-39
-60
15
70
-9
62
29
67
101
0
52
13
-4
-14
-89
-51
-19
-43
-51
-9
-106
-78
0
-64
1
-49
-69
-65
-4
-34
32
57
-80
-75
-34
-2
-30
11
-76
-104
-58
-42
-28
-15
-14
-48
-48
1
-35
0
-1
-65
-59
-38
-11
-1
-10
-54
-85
-52
-22
-5
-50
-56
-118
-118
-106
-38
-31
-118
-130
-127
-121
-21
-50
-112
-102
-164
-115
-48
-60
-23
-21
-82
11
57
55
85
-46
-63
-10
39
10
-17
-45
-68
-1
6
9
-25
-69
-73
-58
-69
-42
-59
-45
-33
0
-25
-51
-96
-82
-58
6
46
16
-6
-63
-50
-49
-1
36
-21
-83
-77
-73
5
-34
-96
-51
-58
-42
22
-5
-66
-92
-62
18
45
34
-7
-39
-24
-8
16
1
-16
-83
-147
-99
-35
-48
-35
-71
-96
-35
11
17
-8
-47
-46
-15
49
30
-13
-6
-35
-13
34
30
-7
-41
-87
-52
-21
43
20
-36
-69
-78
-26
-29
-9
-39
-79
-75
-18
-1
29
17
-2
-1
12
40
73
45
1
13
25
75
89
77
64
28
48
96
97
69
27
2
0
26
29
8
-16
-26
-42
-13
1
-39
-57
-53
-53
-29
16
41
74
60
55
54
65
55
0
28
14
18
19
36
21
-12
-33
-43
-21
-33
-26
-44
-66
-80
-80
-74
-54
-97
-114
-102
-98
-81
-81
-97
-96
-83
-48
-25
-27
-53
-71
-52
-46
-36
-15
-36
-61
-53
-62
-68
-74
-104
-107
-83
-76
-65
-39
-54
-72
-54
-55
-35
-34
-27
-36
-52
-29
-25
-9
14
7
24
31
33
45
66
81
83
96
118
147
134
150
178
172
175
204
228
258
262
288
327
309
336
378
394
408
456
460
472
492
511
531
520
521
498
500
488
460
413
361
317
265
236
172
91
16
-60
-108
-150
-213
-252
-309
-345
-366
-425
-458
-483
-494
-499
-494
-506
-494
-518
-544
-531
-530
-500
-494
-496
-495
-493
-503
-494
-502
-489
-507
-472
-441
-443
-437
-434
-388
-363
-305
-215
-139
-97
-52
-14
50
124
203
288
363
432
504
586
635
691
783
846
948
1027
1103
1205
1305
1401
1524
1641
1778
1888
2018
2096
1734
1240
952
747
731
591
468
330
-118
-379
-470
-587
-751
-880
-854
-748
-678
-574
-458
-549
-617
-498
-286
52
213
338
350
262
359
415
478
508
428
415
427
410
278
54
-195
-355
-447
-475
-452
-595
-808
-986
-1086
-1062
-1088
-1119
-1120
-1172
-1103
-941
-842
-798
-805
-745
-593
-454
-274
-193
-245
-344
-371
-305
-252
-262
-306
-334
-378
-343
-272
-197
-156
-130
-6
136
260
355
428
498
596
732
909
1076
1183
1288
1448
1582
1728
1831
1921
2011
2142
2311
2544
2397
1634
963
474
254
163
-88
-147
-507
-1026
-1105
-1057
-1101
-1321
-1380
-1108
-829
-534
-127
104
-33
-11
188
576
926
1003
1104
994
944
1004
1020
956
725
467
348
278
196
-12
-380
-690
-890
-980
-926
-891
-976
-1063
-1113
-965
-771
-605
-432
-387
-362
-247
-120
-67
-114
-242
-303
-381
-426
-363
-402
-554
-738
-839
-841
-847
-832
-793
-795
-813
-785
-694
-623
-608
-616
-475
-294
-95
104
252
368
401
484
641
788
916
1013
1102
1191
1265
1356
1476
1558
1620
1766
1934
2128
2276
2457
2009
1092
469
77
70
2
-62
-22
-424
-809
-920
-947
-1076
-1283
-1111
-750
-424
-129
226
255
80
102
270
700
939
1076
1097
919
910
841
738
579
344
175
54
36
-56
-299
-651
-905
-1043
-1107
-1015
-981
-1004
-1059
-1026
-833
-679
-454
-275
-229
-156
-14
83
78
-55
-134
-130
-187
-197
-278
-491
-845
-1123
-1184
-1188
-1164
-1134
-1098
-1102
-1134
-1117
-1037
-943
-888
-723
-463
-256
-121
-92
-74
-76
-36
114
324
487
562
597
662
691
717
798
919
1067
1195
1367
1591
1736
1853
2030
2219
2395
2294
1704
928
352
143
156
101
52
-181
-649
-957
-1066
-1133
-1249
-1282
-1054
-695
-327
40
229
165
76
129
406
788
1060
1187
1115
999
959
812
611
396
149
-6
-92
-101
-206
-557
-913
-1183
-1341
-1343
-1255
-1179
-1135
-1088
-938
-704
-522
-348
-205
-91
26
199
331
347
280
221
148
-21
-213
-412
-739
-1076
-1298
-1338
-1294
-1312
-1322
-1336
-1370
-1362
-1260
-1072
-898
-737
-544
-331
-159
-65
-62
-73
-50
34
172
302
411
409
360
368
409
438
439
519
580
684
859
1072
1273
1421
1572
1796
2054
2346
2490
2348
1799
1027
553
355
313
280
104
-183
-577
-954
-1127
-1256
-1409
-1423
-1216
-858
-477
-187
23
53
5
147
423
770
1032
1138
1141
1052
939
779
568
308
25
-153
-279
-377
-559
-840
-1136
-1410
-1515
-1512
-1428
-1294
-1172
-1011
-795
-553
-308
-114
19
148
272
407
494
508
466
350
184
-27
-298
-575
-904
-1193
-1368
-1467
-1473
-1476
-1498
-1541
-1510
-1416
-1240
-1009
-760
-505
-308
-130
-1
56
87
92
148
189
246
309
264
224
137
94
101
111
163
236
345
525
713
866
1073
1269
1519
1779
2057
2351
2616
2706
2452
1976
1316
830
528
319
191
-98
-450
-870
-1226
-1450
-1652
-1701
-1652
-1474
-1131
-726
-383
-134
0
70
253
506
866
1196
1336
1391
1308
1172
982
684
371
71
-173
-357
-525
-750
-1016
-1334
-1579
-1717
-1719
-1603
-1424
-1191
-967
-734
-474
-236
-26
180
342
485
613
668
677
616
426
232
-18
-308
-583
-878
-1137
-1316
-1422
-1474
-1497
-1490
-1438
-1343
-1232
-1038
-819
-582
-350
-148
26
137
194
209
201
214
224
244
233
181
150
64
24
5
-3
39
130
281
442
623
870
1155
1368
1620
1872
2123
2402
2674
2932
2900
2453
1703
866
250
-3
12
-46
-289
-732
-1218
-1618
-1896
-1943
-1887
-1725
-1437
-974
-436
-81
161
263
304
468
778
1244
1586
1721
1639
1398
1066
725
403
62
-253
-496
-674
-833
-1036
-1283
-1595
-1861
-1940
-1828
-1559
-1235
-907
-659
-454
-226
35
250
447
604
714
821
892
919
841
622
314
-32
-360
-631
-913
-1144
-1357
-1516
-1570
-1573
-1522
-1479
-1411
-1301
-1133
-882
-607
-350
-174
-72
5
71
122
187
226
241
237
218
221
182
116
45
21
59
152
276
420
558
704
943
1171
1402
1622
1843
2085
2333
2615
2896
2998
2703
1976
1009
238
-163
-318
-389
-576
-849
-1261
-1715
-2005
-2117
-2113
-2006
-1684
-1205
-624
-72
321
522
546
599
778
1119
1505
1705
1737
1536
1236
883
457
61
-271
-522
-777
-907
-1014
-1192
-1452
-1711
-1863
-1883
-1701
-1379
-973
-630
-337
-69
166
384
581
741
865
960
997
974
899
717
462
115
-303
-706
-1074
-1418
-1677
-1817
-1876
-1859
-1859
-1802
-1698
-1565
-1363
-1092
-774
-465
-188
62
255
348
373
352
349
337
336
351
322
255
125
-32
-143
-195
-206
-163
-79
40
201
378
606
832
1040
1269
1540
1880
2233
2598
2887
3126
3117
2727
1986
1039
362
-49
-247
-322
-528
-841
-1342
-1843
-2141
-2278
-2207
-2022
-1673
-1224
-712
-214
181
438
531
661
857
1196
1561
1825
1896
1747
1442
1047
645
279
-26
-309
-578
-811
-1042
-1285
-1537
-1772
-1932
-2007
-1896
-1637
-1288
-883
-499
-193
55
278
483
703
872
1009
1081
1081
1014
844
605
276
-128
-574
-989
-1333
-1540
-1647
-1715
-1750
-1758
-1712
-1617
-1448
-1249
-1008
-711
-407
-113
143
328
449
446
411
416
435
455
440
359
226
63
-90
-170
-210
-245
-268
-267
-215
-90
90
313
523
746
1025
1335
1705
2039
2374
2680
2884
3082
3096
2738
2035
1142
372
-165
-467
-572
-758
-1061
-1494
-1992
-2361
-2498
-2369
-2096
-1745
-1344
-841
-350
117
506
749
916
1045
1273
1559
1813
1966
1945
1676
1281
839
429
93
-235
-552
-872
-1191
-1448
-1677
-1865
-1965
-2020
-1960
-1794
-1520
-1141
-738
-324
9
300
551
745
914
1058
1136
1141
1073
925
728
452
100
-277
-664
-1063
-1403
-1613
-1712
-1741
-1724
-1689
-1639
-1533
-1385
-1151
-868
-575
-288
-30
182
341
478
523
541
503
441
392
339
286
182
41
-109
-260
-356
-424
-429
-418
-376
-255
-138
68
309
575
868
1173
1480
1810
2115
2384
2651
2866
2990
2874
2451
1731
949
290
-177
-384
-506
-666
-961
-1377
-1787
-2065
-2150
-2042
-1817
-1533
-1169
-791
-370
44
369
608
774
913
1087
1308
1546
1718
1739
1608
1331
978
623
284
-27
-303
-604
-913
-1183
-1404
-1565
-1637
-1691
-1680
-1638
-1502
-1290
-1023
-662
-324
-11
229
421
548
644
745
793
835
817
754
643
424
111
-226
-572
-880
-1090
-1238
-1328
-1341
-1340
-1305
-1284
-1233
-1126
-983
-797
-587
-364
-164
-12
68
145
209
256
275
307
307
265
227
179
118
47
-30
-85
-117
-150
-137
-120
-56
29
127
294
489
739
1030
1303
1570
1825
2079
2329
2551
2648
2510
2093
1510
938
444
135
-19
-103
-209
-435
-751
-1129
-1446
-1637
-1706
-1650
-1524
-1324
-1058
-753
-454
-130
157
347
499
624
765
966
1168
1352
1445
1424
1312
1118
851
591
322
46
-221
-472
-687
-876
-1026
-1124
-1220
-1299
-1343
-1366
-1307
-1153
-925
-666
-439
-231
-69
12
115
233
337
464
527
543
498
380
220
16
-209
-392
-562
-702
-784
-856
-908
-953
-984
-1011
-1011
-965
-874
-733
-557
-409
-268
-158
-58
15
73
142
207
246
261
261
214
139
35
-39
-95
-153
-171
-179
-170
-118
-56
32
130
255
417
637
911
1175
1452
1727
1976
2201
2349
2374
2250
1989
1664
1263
893
615
409
216
-4
-272
-549
-845
-1104
-1304
-1462
-1531
-1501
-1421
-1270
-1037
-787
-473
-183
53
251
404
529
658
816
989
1131
1228
1211
1144
1025
885
696
486
248
-31
-293
-495
-656
-785
-866
-952
-1049
-1119
-1174
-1183
-1157
-1110
-975
-861
-714
-585
-451
-321
-212
-105
-13
30
43
19
-37
-86
-121
-140
-180
-215
-266
-344
-392
-415
-409
-412
-452
-464
-455
-444
-418
-364
-299
-257
-217
-201
-169
-153
-133
-126
-97
-76
-84
-75
-106
-128
-145
-137
-120
-83
-41
40
133
218
345
457
576
717
864
1010
1149
1310
1502
1673
1841
1940
1907
1768
1543
1264
971
731
556
392
279
171
15
-160
-344
-519
-699
-841
-940
-989
-1025
-996
-890
-747
-553
-372
-192
-44
38
107
177
259
341
433
532
585
627
665
658
622
515
427
271
80
-112
-259
-382
-457
-528
-584
-602
-664
-707
-789
-844
-878
-891
-862
-813
-704
-604
-491
-390
-301
-241
-229
-233
-223
-198
-147
-82
-41
-27
-20
-42
-71
-69
-63
-82
-103
-110
-138
-141
-158
-166
-192
-195
-198
-222
-210
-223
-219
-245
-308
-355
-379
-382
-379
-348
-305
-242
-183
-131
-80
-45
17
87
156
282
413
519
621
716
821
937
1021
1100
1172
1278
1382
1417
1430
1369
1234
1048
860
693
573
493
409
302
203
79
-43
-160
-286
-422
-543
-645
-736
-744
-738
-642
-551
-440
-354
-322
-269
-234
-206
-144
-92
-20
32
94
158
189
232
241
203
176
154
84
3
-61
-140
-238
-302
-375
-421
-453
-490
-508
-534
-561
-594
-642
-665
-688
-670
-579
-453
-340
-234
-151
-126
-134
-139
-132
-99
-69
-31
3
8
15
11
6
-34
-66
-100
-157
-207
-241
-278
-313
-316
-322
-321
-317
-319
-313
-317
-293
-284
-259
-240
-206
-154
-84
-26
29
52
59
64
65
100
110
133
169
215
262
318
369
413
474
554
649
750
868
992
1110
1184
1216
1196
1130
1009
855
731
637
558
488
436
351
286
197
113
-1
-124
-254
-416
-520
-604
-632
-612
-553
-490
-413
-395
-361
-363
-361
-334
-304
-228
-139
-30
46
124
191
217
214
200
165
108
53
-3
-37
-70
-103
-133
-168
-214
-233
-240
-277
-295
-322
-370
-393
-389
-392
-367
-322
-284
-233
-191
-164
-151
-128
-128
-144
-146
-138
-140
-110
-94
-90
-66
-61
-74
-102
-172
-240
-303
-339
-363
-367
-334
-328
-281
-246
-212
-160
-112
-70
-9
60
106
158
214
247
256
233
207
173
131
112
90
97
94
82
84
63
56
58
66
111
184
273
382
533
673
813
945
1035
1089
1104
1075
1031
998
949
881
815
717
604
459
336
205
51
-111
-278
-447
-602
-696
-768
-793
-783
-728
-644
-545
-441
-351
-270
-184
-96
-36
35
116
203
291
365
407
440
391
307
195
60
-61
-167
-224
-286
-309
-360
-393
-438
-479
-483
-479
-456
-420
-351
-319
-287
-240
-204
-163
-115
-89
-66
-65
-75
-102
-159
-222
-283
-338
-374
-383
-384
-378
-369
-319
-276
-260
-233
-186
-152
-84
6
83
178
227
261
299
313
287
237
173
88
11
-73
-125
-191
-258
-333
-403
-474
-532
-558
-556
-521
-455
-356
-265
-145
-31
104
219
341
468
615
773
918
1081
1212
1304
1321
1327
1263
1170
1029
880
739
585
454
345
234
154
74
-8
-75
-129
-196
-252
-280
-303
-312
-303
-284
-236
-170
-117
-38
-4
9
13
-18
-37
-60
-66
-102
-114
-93
-70
-64
-49
-30
-58
-83
-103
-117
-133
-103
-84
-73
-55
-47
-71
-84
-110
-136
-190
-251
-317
-384
-419
-458
-474
-500
-522
-507
-528
-515
-491
-482
-461
-424
-369
-311
-240
-166
-61
35
99
176
234
264
251
232
209
168
115
74
49
-6
-72
-163
-259
-359
-433
-503
-543
-543
-545
-529
-496
-448
-394
-363
-312
-228
-159
-48
64
141
212
294
356
425
487
572
636
692
763
828
913
959
1055
1117
1162
1190
1147
1086
950
805
637
519
427
355
285
226
192
118
39
-35
-144
-260
-374
-461
-525
-541
-501
-474
-403
-320
-250
-170
-96
-58
-30
-12
20
65
96
168
210
250
254
274
265
216
129
24
-66
-171
-252
-312
-361
-393
-434
-458
-471
-498
-529
-561
-569
-568
-523
-491
-433
-347
-258
-195
-126
-70
-45
-37
-49
-37
-40
-63
-63
-43
-40
-33
-32
-20
-48
-94
-142
-213
-290
-352
-370
-404
-398
-398
-394
-367
-368
-353
-361
-349
-305
-274
-216
-164
-108
-59
-19
3
9
34
64
107
146
179
201
226
239
264
332
402
485
556
646
748
853
963
1104
1244
1343
1414
1411
1337
1202
1025
829
656
506
388
298
198
106
-17
-130
-246
-394
-505
-607
-687
-726
-714
-631
-517
-419
-273
-158
-81
-11
34
67
134
171
229
283
317
344
345
317
278
189
52
-108
-266
-384
-500
-574
-600
-622
-662
-650
-639
-636
-617
-582
-539
-495
-448
-389
-315
-215
-108
-4
99
135
172
159
103
27
-63
-131
-194
-244
-253
-262
-263
-277
-297
-310
-315
-324
-317
-283
-283
-212
-148
-94
-28
0
33
19
20
-18
-40
-57
-97
-139
-176
-223
-277
-301
-335
-344
-352
-338
-328
-280
-209
-133
-3
159
328
493
657
789
943
1098
1240
1395
1548
1648
1773
1848
1788
1643
1399
1105
758
442
183
-18
-194
-316
-437
-525
-608
-696
-773
-857
-879
-874
-815
-718
-556
-336
-127
85
265
398
445
478
483
461
443
403
404
377
337
299
241
151
28
-161
-330
-494
-661
-753
-811
-810
-782
-727
-684
-626
-568
-512
-437
-386
-299
-214
-88
17
96
186
257
274
283
275
215
107
-2
-113
-229
-287
-325
-340
-330
-314
-324
-346
-362
-371
-382
-368
-327
-273
-258
-209
-167
-148
-134
-132
-137
-164
-191
-225
-239
-251
-259
-262
-273
-279
-275
-284
-281
-270
-253
-211
-151
-73
28
168
294
443
584
700
822
943
1081
1205
1353
1503
1641
1754
1806
1769
1578
1308
967
588
230
-35
-207
-315
-395
-442
-507
-579
-625
-669
-697
-672
-614
-525
-374
-174
43
251
426
562
629
633
619
578
489
435
372
322
273
181
126
27
-110
-268
-463
-646
-752
-831
-849
-768
-705
-588
-471
-383
-292
-238
-189
-143
-81
-24
34
91
124
139
126
102
51
-35
-133
-281
-403
-520
-604
-633
-648
-618
-598
-556
-497
-473
-436
-385
-335
-257
-184
-104
-55
-22
19
8
-9
-59
-106
-168
-232
-304
-372
-384
-416
-438
-441
-434
-421
-420
-397
-360
-316
-243
-143
-44
102
255
417
581
738
900
1036
1178
1327
1445
1579
1699
1822
1916
1974
1934
1756
1432
1014
582
180
-101
-311
-408
-439
-491
-549
-591
-632
-662
-680
-656
-581
-448
-265
-30
204
414
585
666
685
636
556
496
425
348
299
228
183
107
13
-97
-237
-390
-531
-648
-734
-742
-734
-665
-615
-532
-477
-452
-380
-357
-323
-266
-222
-170
-105
-53
-20
-16
-26
-56
-114
-181
-233
-292
-337
-383
-433
-454
-425
-389
-349
-312
-270
-242
-218
-170
-127
-68
-37
-37
-53
-80
-113
-166
-193
-255
-300
-326
-374
-403
-422
-423
-429
-422
-395
-372
-321
-266
-208
-135
-82
-37
62
144
245
375
486
640
790
926
1077
1189
1315
1418
1500
1570
1653
1709
1770
1791
1669
1399
993
573
142
-223
-425
-544
-578
-588
-586
-580
-576
-573
-562
-536
-480
-324
-131
94
332
507
629
674
657
595
454
368
282
167
98
5
-65
-146
-252
-359
-498
-647
-755
-824
-854
-797
-740
-670
-590
-523
-434
-374
-310
-240
-177
-125
-59
-8
24
41
2
-41
-78
-101
-135
-173
-191
-247
-308
-326
-341
-343
-306
-290
-235
-204
-192
-168
-172
-155
-159
-137
-141
-137
-130
-121
-143
-178
-206
-241
-251
-270
-258
-281
-285
-293
-302
-303
-289
-252
-258
-229
-203
-179
-160
-106
-48
25
107
173
305
418
546
679
798
920
1027
1125
1222
1337
1434
1515
1608
1690
1652
1459
1129
741
353
-19
-273
-402
-477
-506
-520
-491
-484
-474
-465
-448
-389
-271
-50
177
391
563
668
687
614
524
420
282
199
86
-12
-92
-190
-268
-389
-494
-577
-653
-690
-695
-673
-638
-561
-507
-433
-353
-296
-212
-173
-118
-55
18
68
112
116
84
40
-32
-93
-138
-182
-205
-224
-262
-307
-368
-409
-435
-421
-383
-323
-276
-198
-134
-112
-66
-21
-17
-8
12
24
42
25
-3
-50
-124
-204
-290
-380
-428
-477
-523
-539
-517
-505
-502
-483
-467
-433
-378
-326
-237
-146
-44
65
171
280
411
527
647
752
837
950
1050
1133
1190
1224
1297
1333
1407
1447
1343
1137
809
486
149
-101
-262
-318
-306
-265
-208
-175
-140
-139
-132
-106
-48
96
259
371
465
520
484
396
280
170
46
-79
-151
-248
-302
-344
-387
-420
-478
-514
-498
-483
-448
-390
-348
-303
-255
-231
-202
-188
-185
-166
-165
-158
-147
-155
-172
-199
-230
-287
-340
-365
-389
-370
-368
-335
-326
-318
-335
-348
-361
-348
-282
-221
-149
-80
-51
-32
-28
-42
-61
-97
-101
-114
-146
-161
-193
-250
-322
-379
-443
-473
-483
-521
-550
-552
-518
-513
-491
-454
-398
-339
-297
-234
-182
-106
-58
1
76
149
251
334
435
508
589
691
758
830
908
986
1061
1124
1187
1309
1406
1425
1293
1028
748
478
245
92
4
-32
-13
-33
-44
-65
-93
-90
-141
-146
-102
2
139
198
228
224
181
114
34
-4
-97
-144
-166
-171
-173
-207
-236
-284
-338
-358
-325
-290
-277
-265
-286
-284
-296
-306
-309
-359
-363
-367
-347
-324
-309
-302
-282
-294
-303
-308
-304
-291
-278
-244
-222
-190
-186
-178
-204
-247
-270
-247
-207
-169
-129
-127
-125
-133
-118
-121
-137
-141
-140
-109
-86
-93
-117
-141
-169
-220
-259
-284
-337
-364
-401
-420
-414
-420
-399
-404
-386
-352
-315
-262
-216
-154
-69
17
131
227
312
432
531
622
707
798
894
1026
1118
1198
1273
1362
1459
1491
1414
1221
962
703
461
243
95
-3
-41
-85
-99
-95
-136
-146
-168
-178
-122
-44
100
182
220
213
207
172
104
54
-44
-109
-138
-180
-197
-241
-309
-351
-409
-423
-396
-381
-362
-321
-311
-295
-298
-315
-302
-316
-298
-277
-255
-222
-207
-221
-249
-274
-314
-311
-322
-336
-331
-299
-263
-260
-252
-263
-318
-313
-296
-279
-192
-138
-56
-20
-3
28
25
42
31
43
47
58
37
-11
-64
-137
-243
-300
-363
-403
-440
-476
-514
-554
-560
-566
-548
-523
-460
-409
-314
-239
-179
-116
-65
3
72
163
238
321
414
504
569
617
664
696
745
805
851
885
969
1076
1175
1230
1161
1003
798
605
443
318
246
216
202
173
163
116
5
-80
-133
-161
-149
-83
-36
-7
-9
6
-19
-90
-155
-193
-239
-222
-193
-148
-124
-158
-164
-206
-229
-243
-217
-183
-183
-195
-201
-209
-254
-314
-351
-401
-404
-376
-358
-333
-344
-353
-342
-362
-351
-358
-351
-313
-277
-238
-200
-198
-193
-189
-167
-163
-145
-118
-93
-45
-35
-18
8
9
-32
-53
-64
-80
-94
-106
-98
-124
-166
-176
-214
-245
-292
-332
-363
-414
-424
-441
-452
-445
-421
-406
-406
-362
-336
-301
-227
-166
-108
-26
55
136
238
313
392
478
527
610
660
720
784
844
900
966
1052
1115
1125
1030
907
740
598
456
338
236
189
184
146
111
49
-29
-103
-134
-133
-140
-105
-45
-20
5
11
2
-34
-63
-105
-146
-148
-147
-130
-139
-152
-193
-211
-212
-225
-229
-231
-206
-192
-189
-175
-177
-179
-183
-211
-197
-187
-180
-174
-168
-180
-205
-240
-282
-300
-312
-336
-365
-328
-331
-323
-300
-292
-266
-232
-192
-119
-72
-14
33
72
112
129
150
161
146
126
127
95
48
-4
-68
-132
-187
-248
-284
-329
-364
-402
-395
-405
-400
-353
-346
-280
-225
-185
-134
-94
-41
-11
23
57
78
137
170
195
221
227
233
245
229
252
288
344
424
508
590
674
762
803
825
808
776
735
700
674
641
614
596
548
492
415
325
230
160
98
47
-2
-29
-48
-47
-68
-97
-118
-137
-146
-150
-137
-113
-72
-32
17
5
14
36
19
9
-10
-42
-70
-87
-107
-133
-158
-210
-265
-298
-334
-373
-399
-392
-391
-383
-382
-356
-343
-344
-312
-293
-251
-181
-121
-79
-28
-12
-3
-10
-9
-12
-35
-20
-36
-41
-33
-64
-95
-122
-152
-205
-205
-199
-206
-202
-205
-205
-208
-199
-212
-215
-220
-217
-182
-171
-141
-125
-131
-130
-130
-139
-125
-125
-135
-110
-88
-67
-30
16
51
99
146
176
223
289
362
434
502
600
679
746
778
813
854
843
841
813
777
764
733
704
643
553
466
369
301
233
184
120
62
43
39
2
1
-11
-44
-78
-88
-114
-109
-122
-121
-128
-157
-148
-189
-202
-236
-244
-274
-297
-312
-322
-308
-328
-301
-314
-339
-352
-361
-327
-322
-305
-273
-258
-226
-204
-209
-196
-192
-182
-178
-166
-131
-131
-115
-115
-111
-113
-106
-109
-121
-127
-129
-103
-89
-74
-78
-66
-101
-96
-108
-123
-137
-150
-148
-150
-162
-173
-202
-213
-234
-251
-272
-255
-222
-210
-187
-165
-134
-131
-118
-104
-93
-78
-35
22
57
97
117
156
186
211
221
238
271
303
360
412
466
506
567
636
676
710
705
686
688
692
707
713
703
646
595
527
459
403
333
250
196
122
47
18
-23
-61
-112
-165
-206
-236
-244
-285
-287
-284
-280
-284
-286
-285
-279
-269
-263
-266
-288
-295
-281
-291
-278
-278
-293
-310
-349
-349
-353
-345
-326
-296
-293
-265
-245
-253
-247
-256
-248
-223
-217
-172
-161
-160
-147
-153
-117
-111
-116
-122
-98
-102
-85
-72
-78
-88
-97
-89
-119
-93
-91
-83
-72
-80
-74
-94
-90
-96
-115
-104
-113
-102
-80
-92
-70
-62
-55
-51
-72
-83
-91
-108
-80
-32
-13
29
64
76
111
119
145
180
215
276
320
396
455
531
583
640
700
720
719
695
683
688
676
667
647
591
528
460
391
296
214
140
87
35
2
-23
-66
-78
-108
-151
-144
-166
-172
-180
-159
-162
-166
-151
-174
-178
-197
-200
-204
-202
-224
-245
-269
-288
-259
-282
-283
-280
-312
-320
-308
-314
-299
-273
-263
-222
-218
-191
-170
-189
-175
-159
-140
-135
-151
-140
-145
-133
-127
-135
-120
-124
-120
-116
-94
-71
-83
-65
-56
-54
-47
-38
-55
-64
-59
-70
-74
-84
-124
-145
-140
-174
-177
-171
-180
-166
-150
-126
-91
-76
-82
-77
-53
-31
-17
11
42
44
69
100
124
145
178
202
237
275
299
331
398
450
509
578
607
646
645
618
615
631
643
654
649
620
571
518
465
376
306
220
155
95
30
7
-37
-82
-121
-155
-201
-208
-230
-231
-226
-208
-200
-173
-179
-200
-186
-182
-203
-202
-216
-223
-223
-253
-243
-244
-257
-282
-306
-319
-321
-323
-313
-322
-307
-288
-281
-257
-268
-258
-226
-216
-185
-164
-146
-144
-138
-130
-129
-114
-100
-106
-104
-101
-101
-116
-118
-129
-120
-120
-137
-121
-129
-130
-133
-107
-123
-106
-113
-133
-129
-137
-129
-131
-117
-108
-112
-105
-91
-97
-80
-84
-82
-78
-64
-75
-55
-40
-16
34
59
96
126
180
232
280
332
380
456
531
611
670
739
779
790
787
761
732
712
714
694
647
587
516
444
347
239
164
74
-14
-38
-88
-101
-111
-129
-158
-178
-158
-165
-170
-173
-142
-122
-91
-79
-96
-109
-134
-145
-155
-164
-198
-216
-236
-248
-261
-281
-316
-338
-345
-381
-373
-347
-328
-317
-309
-288
-264
-248
-223
-204
-193
-174
-150
-135
-134
-146
-144
-153
-135
-138
-151
-151
-151
-146
-137
-143
-144
-143
-141
-117
-107
-76
-77
-74
-72
-75
-52
-82
-92
-90
-102
-126
-135
-121
-128
-142
-126
-118
-109
-103
-97
-83
-77
-51
-41
-25
-3
39
76
109
134
173
224
273
314
361
414
461
521
572
621
668
699
701
712
686
667
648
634
623
584
543
490
421
346
287
227
164
119
75
35
17
-6
-27
-49
-71
-84
-83
-85
-94
-81
-68
-65
-58
-69
-79
-112
-135
-151
-168
-187
-196
-213
-254
-250
-271
-267
-261
-271
-277
-284
-274
-257
-252
-250
-214
-202
-185
-161
-144
-149
-141
-131
-134
-141
-139
-130
-128
-112
-112
-117
-117
-135
-136
-119
-94
-91
-80
-66
-44
-14
-11
-16
-10
-4
-12
-4
1
-6
-10
-23
-43
-57
-73
-80
-99
-103
-109
-100
-95
-105
-90
-94
-103
-83
-56
-21
-17
37
67
86
113
151
213
224
275
317
377
431
477
547
569
594
621
631
650
662
664
635
600
586
571
543
503
461
405
364
301
241
208
166
125
103
82
68
54
50
33
20
10
-4
-1
-8
4
18
12
-5
-14
-53
-79
-96
-138
-167
-187
-197
-231
-230
-244
-264
-275
-294
-282
-311
-315
-321
-296
-273
-254
-222
-225
-242
-245
-257
-246
-223
-209
-190
-180
-164
-141
-129
-116
-137
-133
-138
-117
-84
-96
-68
-72
-53
-37
-28
-25
-18
-25
-22
-12
4
-13
-40
-54
-66
-66
-78
-76
-77
-76
-67
-48
-43
-26
-17
-7
6
13
43
72
85
121
147
164
200
228
259
281
318
337
368
386
433
461
459
493
502
505
524
525
534
540
525
513
478
446
423
420
382
364
345
301
276
237
223
196
177
184
163
144
132
109
103
91
75
53
36
11
-11
-5
-33
-51
-111
-150
-181
-212
-230
-240
-247
-270
-274
-296
-290
-290
-304
-313
-303
-296
-272
-257
-241
-210
-223
-227
-221
-235
-229
-215
-211
-206
-187
-179
-195
-174
-191
-184
-177
-177
-136
-123
-111
-81
-61
-56
-30
-25
-8
9
44
60
53
70
51
26
34
11
-17
-2
-8
-15
-18
-15
-14
-24
0
1
22
45
48
49
59
68
79
112
142
167
194
205
241
253
256
279
304
321
340
355
363
379
371
370
361
364
372
368
354
345
345
347
338
340
321
291
270
262
263
267
259
257
235
212
202
178
171
136
104
80
74
53
20
-15
-59
-96
-137
-152
-196
-207
-207
-223
-211
-222
-238
-255
-284
-278
-266
-252
-237
-235
-231
-250
-249
-234
-243
-245
-238
-225
-227
-220
-215
-211
-220
-215
-199
-206
-167
-165
-141
-114
-106
-83
-85
-81
-77
-31
-16
12
28
11
32
28
31
6
12
13
6
-1
-2
1
-15
-9
-15
-9
4
4
13
33
55
59
72
80
99
105
113
143
154
163
198
193
201
233
231
230
240
259
247
244
250
237
239
218
207
193
187
182
182
185
186
190
196
211
201
211
209
211
219
219
218
227
231
224
214
194
204
165
141
122
94
84
47
39
15
-27
-51
-79
-130
-151
-186
-201
-221
-241
-238
-271
-271
-268
-269
-259
-269
-260
-232
-232
-217
-218
-226
-204
-209
-210
-208
-216
-202
-189
-184
-179
-156
-147
-117
-132
-108
-94
-97
-84
-81
-68
-71
-61
-56
-36
-23
-24
-30
-47
-30
-30
-50
-42
-38
-26
-28
-39
-34
-32
-9
-14
3
21
22
53
57
71
97
118
123
126
140
145
146
161
158
161
180
190
192
188
193
193
196
176
184
190
188
185
176
176
178
163
146
141
129
133
116
111
116
126
121
112
95
93
117
100
110
107
115
126
109
103
81
74
56
41
39
12
-14
-40
-55
-70
-97
-110
-113
-145
-153
-156
-154
-152
-166
-146
-154
-155
-161
-166
-161
-150
-144
-150
-131
-117
-118
-108
-103
-111
-94
-89
-96
-71
-74
-58
-43
-50
-50
-47
-51
-24
-22
-11
-14
-19
-15
-12
-10
-7
-17
-26
-36
-28
-38
-43
-36
-43
-32
-39
-48
-37
-15
-39
-17
-1
23
35
54
63
77
90
101
120
117
145
135
136
150
151
144
144
161
143
149
165
167
161
162
174
171
169
178
183
182
180
175
182
178
171
162
151
138
113
86
66
57
41
32
34
38
25
41
43
32
25
22
27
24
34
30
47
42
52
47
23
29
14
-18
-35
-44
-56
-62
-74
-91
-103
-117
-126
-113
-109
-111
-104
-83
-65
-78
-58
-59
-37
-33
-12
2
2
8
10
30
8
24
29
13
11
18
21
31
17
16
19
10
7
-11
-25
-13
-21
-32
-9
-15
-21
-29
-17
-13
-17
-12
-11
-9
-16
-10
-10
4
-5
9
14
5
1
9
24
25
31
24
44
64
69
67
66
79
75
86
83
80
94
81
107
104
94
92
109
101
99
96
80
91
55
58
55
52
54
39
31
15
12
-3
22
6
1
17
18
33
32
30
27
28
44
39
50
50
40
40
39
36
33
23
-3
-4
-9
-14
-9
-6
-19
-6
-16
-8
-14
-8
9
0
17
8
31
37
49
49
43
37
23
31
47
41
21
50
46
37
26
10
2
15
17
21
13
7
20
2
3
-30
-25
-29
-38
-34
-48
-46
-60
-44
-66
-74
-91
-100
-100
-104
-99
-91
-91
-92
-77
-56
-65
-34
-32
-42
-34
-6
-9
2
20
5
33
23
30
25
24
43
34
52
50
51
47
60
61
79
90
72
94
102
100
101
96
88
86
60
45
42
23
16
13
6
6
-11
-7
-5
-8
-8
8
0
7
3
19
57
48
69
59
71
89
95
85
86
77
63
59
47
58
35
23
10
11
-1
-13
-13
-37
-9
-11
-14
-17
-13
4
5
-5
-1
13
21
29
34
57
58
42
51
58
39
43
52
37
47
32
23
14
4
15
-4
-12
-21
-27
-40
-32
-53
-59
-43
-68
-69
-86
-76
-81
-56
-58
-51
-21
-33
-30
-29
-6
-4
1
-4
-8
-4
6
-7
-10
-7
-7
3
12
17
27
49
57
54
61
82
87
96
95
106
100
96
96
99
90
71
69
56
50
35
12
4
-5
-8
-14
-30
-31
-28
-32
-20
-11
-1
6
20
27
36
51
49
58
82
66
74
74
58
49
49
45
28
21
-15
-11
-33
-41
-60
-64
-70
-80
-67
-68
-66
-47
-45
-26
-28
-29
17
15
23
43
53
71
70
61
66
57
59
44
35
48
22
49
22
22
17
-5
-1
-24
-23
-34
-32
-27
-22
-12
-19
-14
-3
-13
-16
-16
-18
-21
-16
-31
-8
-5
-18
-8
-12
-24
-6
7
1
0
4
21
22
35
38
31
57
65
72
89
91
107
103
119
111
127
111
107
121
109
96
83
73
42
38
29
24
7
1
0
-21
-12
-25
-13
13
-2
2
18
32
46
52
67
80
65
91
93
85
100
93
93
78
78
66
44
47
37
13
10
-8
-29
-40
-40
-48
-42
-59
-44
-29
-15
-2
6
13
6
34
45
74
73
87
97
105
120
97
87
93
103
86
83
98
96
97
88
69
63
67
72
56
60
52
50
45
42
43
31
24
14
15
9
-4
-2
-11
-30
-7
-2
2
10
9
33
26
50
53
56
80
71
88
90
94
116
109
112
110
113
119
116
126
120
112
113
96
101
112
93
79
79
74
63
53
51
55
48
34
44
43
28
41
50
65
82
76
87
86
89
111
108
115
119
112
129
114
88
108
98
81
87
80
83
73
57
63
41
29
15
7
23
14
29
15
30
38
46
61
59
65
71
81
86
98
112
115
109
131
123
132
126
112
129
122
106
107
109
112
93
89
95
97
79
82
100
90
86
89
83
77
81
65
61
51
43
40
5
-10
-1
-9
-24
-13
-14
-24
-16
13
25
30
43
45
69
75
82
88
99
117
123
130
121
114
115
121
119
114
108
89
95
91
78
75
70
74
60
63
70
58
61
51
65
62
64
73
94
86
103
109
121
133
147
152
137
162
158
155
130
133
122
126
121
117
120
94
93
72
61
72
71
58
48
71
68
66
71
46
64
75
62
60
55
52
78
73
81
93
84
91
94
89
112
110
107
93
110
114
104
102
88
86
86
103
82
75
83
81
79
70
80
78
68
52
55
36
24
21
6
7
-10
-15
-6
-6
-3
-11
-1
12
11
11
31
48
58
57
79
90
86
90
97
99
106
121
108
117
116
116
128
127
106
124
119
126
138
130
122
135
131
124
117
126
110
111
124
113
119
123
118
126
145
119
146
144
157
143
131
159
156
143
123
137
128
120
121
116
116
113
118
108
104
92
92
85
73
67
49
60
49
56
53
61
60
47
63
66
67
83
96
86
89
91
92
111
104
94
75
69
71
52
40
26
25
22
4
11
7
-18
-2
10
9
-4
26
19
32
35
26
39
16
26
26
24
12
16
-8
-3
-14
-20
-15
-21
-7
-8
7
9
23
35
44
48
47
63
61
82
90
90
94
91
109
114
119
104
112
117
114
104
106
109
95
93
105
86
74
83
73
77
74
68
71
75
59
54
76
69
69
71
83
74
85
96
91
93
97
107
93
96
96
84
92
86
86
75
75
78
66
75
68
77
76
49
67
57
61
67
65
72
72
87
60
66
71
54
79
72
67
55
59
52
62
45
51
49
36
39
26
53
40
39
41
31
39
55
37
50
52
55
62
44
46
43
45
31
18
26
19
2
4
-15
0
-19
-24
-9
-28
0
-4
4
18
36
57
54
64
71
61
88
93
93
108
99
108
104
101
96
85
87
73
72
77
63
50
37
36
54
27
28
8
-2
22
16
15
12
1
0
12
3
8
1
-6
-11
-1
15
26
9
5
26
26
35
19
32
45
41
48
46
29
31
39
44
40
38
61
35
35
28
35
44
20
17
24
27
30
36
35
37
34
32
41
35
45
41
24
30
32
32
33
26
15
25
27
8
12
24
20
17
14
12
10
19
8
1
-7
-11
-25
-27
-27
-39
-56
-62
-66
-82
-81
-96
-101
-114
-108
-91
-106
-106
-90
-86
-70
-63
-45
-16
-9
-14
-17
1
0
-5
-1
-5
-6
-7
-12
-18
-30
-32
-43
-57
-65
-71
-74
-79
-81
-87
-89
-88
-96
-83
-115
-101
-98
-102
-106
-105
-113
-112
-101
-94
-95
-110
-97
-92
-81
-64
-61
-75
-53
-60
-47
-48
-37
-32
-30
-13
-10
-23
-11
-16
-32
-18
-25
-30
-34
-41
-49
-69
-53
-56
-63
-70
-73
-64
-70
-62
-81
-75
-67
-60
-69
-76
-63
-70
-62
-43
-49
-52
-55
-56
-50
-62
-79
-74
-82
-96
-107
-130
-139
-131
-124
-154
-158
-171
-193
-181
-194
-201
-209
-210
-216
-214
-215
-200
-204
-194
-188
-173
-170
-160
-148
-151
-143
-156
-138
-154
-151
-137
-145
-141
-133
-131
-122
-121
-128
-138
-121
-124
-133
-121
-130
-128
-128
-127
-132
-127
-130
-128
-146
-126
-123
-156
-149
-144
-148
-157
-151
-169
-165
-173
-161
-143
-149
-138
-136
-128
-125
-103
-105
-91
-81
-93
-82
-87
-71
-77
-74
-73
-81
-78
-87
-88
-92
-106
-124
-117
-122
-139
-127
-112
-128
-126
-146
-134
-143
-143
-140
-139
-128
-132
-121
-118
-110
-109
-130
-132
-109
-120
-129
-118
-125
-126
-120
-113
-124
-127
-125
-150
-147
-152
-151
-154
-171
-172
-172
-176
-193
-199
-189
-197
-196
-214
-220
-197
-202
-209
-211
-206
-205
-209
-205
-200
-182
-166
-163
-140
-134
-131
-137
-119
-116
-106
-93
-82
-83
-75
-82
-72
-64
-66
-68
-70
-71
-90
-84
-85
-101
-90
-103
-107
-127
-147
-140
-165
-159
-168
-172
-160
-157
-159
-155
-165
-158
-147
-134
-125
-126
-112
-98
-118
-114
-83
-92
-85
-79
-95
-81
-85
-76
-88
-97
-94
-92
-89
-100
-115
-104
-108
-105
-110
-113
-103
-97
-96
-101
-95
-94
-74
-86
-84
-74
-63
-65
-73
-67
-57
-58
-64
-50
-53
-38
-35
-36
-23
-42
-45
-51
-49
-72
-71
-75
-99
-93
-97
-107
-108
-112
-134
-136
-130
-134
-144
-149
-144
-125
-123
-122
-121
-123
-118
-99
-96
-90
-81
-81
-76
-74
-47
-62
-55
-46
-47
-33
-46
-27
-37
-31
-40
-43
-26
-43
-45
-58
-48
-75
-77
-58
-73
-72
-85
-76
-80
-100
-95
-99
-94
-97
-108
-116
-100
-106
-108
-95
-106
-94
-90
-88
-97
-77
-83
-76
-70
-75
-60
-63
-46
-50
-62
-47
-43
-57
-76
-70
-82
-90
-83
-95
-73
-68
-89
-60
-48
-43
-58
-44
-49
-51
-42
-41
-23
-20
-1
-17
-13
-19
-7
-1
-20
4
-3
-14
-23
-14
-5
-22
-21
-13
-34
-42
-45
-57
-58
-65
-74
-77
-77
-81
-82
-97
-89
-94
-106
-107
-118
-110
-104
-112
-100
-99
-102
-110
-101
-92
-79
-71
-63
-77
-64
-59
-53
-40
-41
-41
-54
-40
-40
-34
-36
-24
-36
-42
-34
-31
-40
-35
-43
-56
-66
-83
-70
-75
-73
-89
-104
-101
-97
-101
-108
-92
-97
-102
-98
-98
-93
-81
-85
-65
-58
-68
-52
-74
-70
-62
-58
-43
-39
-38
-27
-33
-35
-31
-34
-47
-41
-42
-46
-58
-48
-54
-60
-60
-60
-54
-51
-50
-61
-41
-38
-56
-45
-40
-43
-26
-27
-31
-31
-30
-16
-16
-29
-41
-31
-25
-39
-47
-52
-57
-61
-73
-65
-68
-68
-75
-93
-90
-106
-89
-95
-98
-87
-91
-108
-107
-89
-97
-102
-91
-92
-93
-97
-74
-78
-75
-75
-91
-61
-62
-66
-55
-59
-53
-45
-54
-57
-39
-31
-38
-41
-47
-48
-40
-32
-37
-24
-12
-33
-23
-24
-5
-25
-38
-46
-38
-47
-47
-56
-50
-43
-66
-46
-59
-58
-65
-74
-67
-74
-67
-71
-57
-45
-61
-43
-59
-46
-31
-38
-28
-26
-26
-22
-32
-15
-17
-31
-21
-24
-31
-26
-30
-27
-30
-37
-17
-20
-17
-15
3
-16
-13
-5
-12
-9
-16
-15
-14
2
-6
-3
-15
-14
-16
-11
-11
-32
-25
-36
-44
-39
-50
-51
-63
-75
-76
-81
-76
-90
-80
-80
-89
-87
-76
-74
-84
-85
-89
-85
-70
-76
-96
-78
-71
-62
-64
-51
-72
-64
-58
-44
-62
-42
-38
-29
-14
-22
-11
-11
-11
-10
4
-14
-1
-3
4
13
13
2
-3
11
4
-11
-4
-9
-7
-28
-22
-16
-20
-15
-37
-35
-49
-44
-47
-42
-33
-30
-28
-41
-34
-45
-55
-38
-46
-46
-41
-32
-38
-44
-21
-15
-41
-45
-31
-36
-35
-47
-36
-28
-40
-39
-54
-53
-41
-43
-34
-23
-44
-32
-8
-21
-10
-9
-15
-3
-3
-7
-8
-24
-18
-28
-35
-35
-25
-37
-37
-26
-47
-54
-37
-40
-54
-44
-52
-62
-60
-43
-44
-32
-33
-45
-39
-35
-54
-49
-50
-39
-64
-58
-47
-75
-65
-56
-35
-70
-54
-44
-47
-31
-35
-28
-26
-30
-31
-20
-13
-17
-13
-22
-33
-8
-11
-20
-14
-20
-14
-14
-16
-12
-25
-9
-17
-37
-32
-18
-26
-29
-15
-24
-11
-25
-26
-32
-38
-45
-58
-44
-55
-57
-39
-48
-65
-78
-61
-42
-52
-41
-49
-39
-23
-20
-18
-25
-20
-9
-19
-19
-20
-19
-23
-14
-14
-20
-4
-18
-15
-19
-29
-26
-18
-9
-29
-23
-7
-14
-23
-27
-37
-44
-29
-44
-50
-55
-63
-52
-73
-43
-54
-59
-53
-63
-68
-68
-72
-62
-62
-68
-66
-67
-49
-52
-57
-73
-54
-66
-70
-73
-70
-61
-73
-64
-80
-70
-51
-78
-67
-68
-71
-74
-80
-69
-69
-66
-55
-66
-66
-52
-35
-35
-36
-34
-42
-28
-35
-22
-36
-35
-34
-20
-26
-34
-8
-28
-32
-18
-14
-5
-22
-42
-8
-24
-29
-25
-42
-40
-29
-23
-31
-29
-41
-30
-50
-32
-24
-38
-29
-37
-26
-49
-34
-36
-38
-37
-31
-27
-42
-16
-17
-34
-22
-21
-24
-24
-15
-10
-33
-19
-23
-30
-24
-40
-33
-38
-57
-39
-45
-38
-27
-41
-46
-44
-44
-40
-51
-43
-46
-38
-45
-46
-42
-41
-36
-36
-38
-55
-41
-31
-28
-26
-17
-35
-32
-35
-15
-21
-25
-26
-46
-34
-27
-32
-37
-24
-34
-40
-37
-37
-41
-47
-49
-49
-45
-42
-42
-47
-39
-42
-51
-35
-25
-28
-42
-34
-29
-24
-23
-31
-34
-24
-23
-25
-7
-6
-16
-26
-10
-13
-8
-19
-15
-7
-24
-13
-7
-17
-22
-15
-15
-21
-26
-25
-30
-26
-30
-27
-30
-35
-36
-39
-42
-42
-27
-34
-29
-30
-39
-24
-18
-16
-19
-27
-33
-19
-18
-12
-28
-48
-37
-34
-32
-26
-35
-49
-44
-34
-28
-27
-29
-35
-50
-45
-26
-38
-47
-45
-34
-40
-34
-51
-37
-47
-57
-61
-57
-63
-67
-51
-47
-43
-44
-35
-49
-30
-32
-35
-31
-45
-30
-45
-30
-28
-32
-32
-48
-41
-61
-41
-46
-38
-38
-41
-28
-27
-17
-19
-27
-16
-16
-6
-5
-4
-2
-1
13
4
16
-3
-8
0
-1
12
-5
-6
4
-13
8
1
-2
3
4
-5
-11
3
-8
15
-4
2
3
-6
4
-17
-2
-9
-15
-19
-8
-16
-15
-16
-8
-13
-18
0
-19
-10
1
-1
1
7
11
17
7
-7
8
1
14
-9
-13
6
9
11
2
-1
8
2
-6
1
-21
-22
-6
-27
-23
-28
-23
-27
-26
-17
-25
-14
-16
-23
-28
-24
-23
-26
-11
-13
-11
-20
-33
-24
-25
-41
-30
-21
-28
3
-12
-20
-20
-46
-28
-45
-47
-45
-41
-37
-34
-34
-35
-26
-25
-25
-19
-1
-15
-20
-30
-15
-22
-19
7
-22
-7
2
0
-4
3
9
8
15
5
-8
-1
-5
1
8
28
9
-1
16
3
4
3
-3
-6
11
-4
-5
-9
-13
-5
-14
-36
-36
-28
-20
-10
-22
-20
-32
-30
-29
-9
-8
6
-2
-1
-2
2
20
2
26
14
20
18
14
9
12
10
3
5
8
1
2
8
-2
3
-5
5
-8
-7
-15
-6
-28
-1
-8
-16
-1
-12
-11
-16
-10
-7
0
-6
-13
-10
-13
-19
-21
-37
-27
-30
-25
-34
-54
-25
-43
-64
-61
-56
-40
-49
-35
-49
-42
-37
-45
-39
-21
-31
-35
-27
-17
-10
-16
-21
-24
-8
-12
-16
-8
-22
-8
-9
-3
-14
-5
-5
-15
-3
-9
5
-6
-7
-6
-4
2
-2
-22
-9
5
8
-1
-4
-4
10
-15
4
15
2
6
0
-2
-13
-5
-5
-11
-23
-13
-1
-19
-16
-3
-4
2
7
13
3
13
13
31
30
21
31
27
39
28
29
30
21
-4
16
13
3
14
3
10
13
7
14
11
-4
14
-1
8
12
17
5
12
13
0
-4
-6
-2
-5
-12
-21
-10
-14
-25
-34
-33
-17
-17
-28
-31
-40
-46
-48
-31
-26
-15
-31
-25
-29
-43
-22
-23
-19
-20
-27
-22
-9
-14
-1
9
4
-14
-18
-9
-7
-3
13
5
6
2
16
22
14
20
15
16
2
15
32
33
37
26
38
37
30
28
20
28
35
25
11
15
15
0
12
0
-6
-6
-9
-17
-18
-4
-6
-8
2
2
0
1
-7
5
-10
11
5
19
23
16
33
34
29
10
31
19
38
34
25
17
20
18
23
16
25
18
4
11
8
17
-3
10
8
-3
19
10
24
11
1
12
3
14
5
-15
-8
-2
-1
3
-4
14
4
-2
4
6
1
-9
-13
-2
-8
-25
-16
-19
-22
-17
-26
-7
-4
-7
-7
0
10
-8
5
22
17
19
8
-11
-17
7
0
-5
10
8
6
6
1
-12
7
12
5
-5
-7
-1
5
1
-11
0
4
10
16
0
22
22
5
4
0
1
4
20
6
8
20
10
11
-9
6
4
-5
-1
-4
-4
6
4
15
23
13
12
2
11
28
34
20
21
16
39
32
19
31
38
34
44
51
32
40
49
35
46
41
30
45
32
42
45
42
48
38
36
36
24
43
54
45
43
40
32
51
44
38
31
46
38
17
33
33
33
47
54
44
50
40
44
48
42
43
51
44
54
55
41
43
42
56
41
51
54
31
39
34
26
34
31
21
16
33
28
26
34
33
37
28
36
41
50
50
52
39
47
53
36
44
53
44
63
57
37
44
47
20
17
20
11
30
11
23
31
7
20
18
21
10
26
21
28
34
41
35
31
45
51
58
52
62
60
54
61
56
35
42
49
61
40
41
54
33
43
50
43
53
48
47
43
44
37
32
54
44
46
59
56
68
58
52
52
46
48
39
43
53
48
48
47
42
45
28
44
46
27
38
40
35
32
17
30
36
29
20
32
30
20
27
8
9
5
9
-1
-11
-3
-2
-15
-9
4
11
7
9
27
18
23
26
26
13
19
32
17
26
28
30
33
33
45
27
27
43
42
35
38
36
35
36
34
30
28
30
23
30
33
41
26
29
27
31
49
14
17
20
8
27
11
9
16
11
7
15
3
1
3
9
14
-9
6
5
5
-8
-6
-1
-9
-16
-10
-4
-6
-16
-7
-2
-14
-13
-13
-14
-22
-25
-15
-30
-22
-26
-22
-2
-23
-22
-27
-13
-14
-10
-10
1
-5
-5
18
1
20
8
0
-2
-14
2
-12
3
3
-2
-4
7
18
5
7
-1
17
8
-5
5
5
1
0
5
10
12
6
26
10
7
11
11
19
2
27
6
10
18
4
2
18
9
8
7
-2
7
-1
-3
-9
-2
-4
-5
-17
-26
-5
-16
-25
-27
-24
-28
-17
-18
-23
-8
-30
-16
-12
-25
-21
-23
-34
-28
-29
-25
-29
-29
-27
-19
-27
-21
-21
-33
-34
-28
-38
-42
-36
-15
-16
-37
-40
-29
-28
-33
-37
-43
-34
-32
-38
-22
-12
-28
-8
-29
-21
-23
-12
-17
-12
-9
-14
-7
-9
-10
11
-1
-17
-13
-7
15
5
3
-12
-6
1
-2
-2
-6
3
0
18
18
4
7
3
7
17
7
5
0
9
12
2
5
10
8
-10
5
21
15
23
8
21
0
-8
2
10
7
3
4
4
7
4
12
-3
-2
-2
-1
-3
-7
8
3
9
-5
1
4
-2
-1
-14
-1
-11
-3
-17
-8
-6
-3
7
-6
-7
-11
-10
-14
-12
-19
-12
-7
-9
-4
-4
-17
-12
-5
-16
-10
-1
16
-4
-9
4
11
-2
-8
-5
-6
7
13
6
1
5
3
6
-15
-8
-18
-2
6
6
-3
10
16
-4
9
20
19
5
8
25
17
23
22
38
25
30
24
11
24
24
6
13
28
33
16
39
36
20
19
11
10
22
25
23
26
15
24
26
25
5
19
26
12
22
11
17
9
13
25
26
18
9
6
-1
6
0
16
11
11
1
-3
14
-11
-5
3
10
3
-10
1
-3
8
-3
-2
1
18
17
6
10
18
14
9
7
6
8
20
30
22
32
18
7
16
-2
1
4
8
-2
3
-3
6
21
14
10
-11
-14
3
-15
-6
-1
-28
-20
-15
-19
-9
-27
-32
-6
-15
-15
-17
-13
-24
-8
-10
-15
-18
-20
-32
-34
-24
-32
-22
-19
-28
-37
-28
-42
-44
-41
-45
-33
-36
-34
-40
-33
-32
-40
-31
-37
-37
-19
-26
-27
-28
-29
-35
-30
-37
-24
-23
-20
-11
-11
6
-4
-15
-9
3
-5
-12
-23
-21
-23
-14
-19
-17
-8
-28
-25
-25
-18
-24
-29
-23
-21
-12
-17
-17
5
-6
-7
-17
-37
-23
-25
-7
-15
-9
-22
-26
-13
-27
-25
-20
-25
-42
-23
-38
-36
-37
-41
-34
-36
-49
-43
-39
-37
-38
-47
-54
-50
-49
-57
-49
-45
-44
-36
-46
-40
-32
-56
-38
-43
-47
-61
-49
-50
-50
-51
-53
-56
-72
-54
-52
-54
-59
-62
-65
-63
-64
-61
-66
-61
-60
-64
-50
-54
-55
-59
-50
-54
-66
-53
-63
-55
-48
-53
-52
-43
-36
-35
-19
-19
-21
-29
-40
-44
-46
-39
-37
-28
-33
-40
-32
-38
-23
-28
-39
-35
-30
-34
-28
-14
-29
-31
-24
-53
-57
-38
-41
-42
-29
-29
-28
-28
-34
-40
-27
-38
-48
-44
-28
-32
-39
-34
-26
-25
-27
-35
-28
-15
-20
-32
-37
-24
-28
-24
-37
-31
-33
-39
-22
-44
-27
-51
-35
-31
-44
-40
-40
-30
-27
-28
-44
-16
-37
-32
-34
-40
-20
-35
-16
-36
-36
-29
-22
-30
-30
-33
-33
-19
-21
-26
-28
-33
-36
-40
-37
-37
-54
-41
-35
-37
-42
-33
-27
-44
-33
-36
-47
-28
-19
-33
-23
-17
-24
-15
-9
-24
0
10
-9
-18
-9
-9
-13
-4
-14
-17
-5
-20
-41
-30
-20
-22
-35
-24
-33
-41
-34
-24
-26
-15
-2
-16
-16
-22
-25
-3
-17
-21
-20
0
3
0
-10
8
-5
-2
2
-17
0
2
0
3
2
-10
-3
-10
-10
3
-22
-13
-5
-19
-15
-19
-21
-24
-17
-21
-23
-12
-18
-15
-17
-3
0
0
-22
1
-4
-22
-9
-11
-3
-2
0
-7
-3
11
10
0
20
9
10
-3
-3
2
-6
-20
-17
-3
-27
-30
-24
-29
-35
-30
-42
-32
-24
-30
-34
-28
-46
-52
-45
-52
-38
-27
-24
-24
-33
-24
-39
-39
-26
-30
-9
-11
-29
-31
-23
-20
-28
-43
-44
-46
-51
-62
-47
-51
-57
-57
-63
-51
-55
-61
-51
-56
-59
-48
-61
-39
-35
-43
-45
-44
-45
-33
-35
-45
-44
-37
-40
-26
-35
-33
-24
-31
-24
-31
-38
-28
-33
-17
-36
-27
-35
-45
-31
-36
-32
-39
-41
-42
-37
-48
-41
-37
-40
-28
-28
-39
-32
-30
-46
-37
-29
-36
-32
-38
-26
-45
-46
-61
-17
-26
-25
-35
-45
-27
-32
-10
-30
-36
-29
-32
-35
-30
-40
-39
-21
