-21
-39
-34
-17
-28
-31
-28
-7
-9
-22
-15
-20
-16
-18
-9
-7
-17
-26
-21
-17
-19
-32
-18
-9
-6
0
-2
1
-8
-6
-2
-6
-25
-19
-20
-20
-9
-17
-32
-37
-29
-24
-29
-21
-28
-24
-13
-7
-18
-25
-7
0
-19
-33
-46
-25
-32
-37
-34
-14
-20
-20
-20
-33
-25
-31
-18
-21
-4
-27
-23
-23
-26
-14
-9
-18
1
-6
-11
8
-11
-8
-10
-22
-26
-22
-28
-41
-28
-22
-30
-22
-22
-18
-27
-27
-20
-25
-21
-16
-20
4
0
-10
-3
-1
16
-1
-17
9
12
8
3
-4
7
-2
6
-3
-6
-15
-23
1
-1
-5
-9
4
8
0
0
-12
-7
-1
5
16
17
12
-6
7
-6
-10
-2
-3
-10
6
13
-15
1
-4
-24
-12
10
-12
-5
1
-9
-13
-11
-10
-3
-18
-2
0
-9
8
6
-1
-13
6
6
1
21
14
13
14
15
11
14
29
7
25
23
30
23
18
15
24
22
23
6
5
11
29
35
18
22
2
7
16
19
5
-5
1
9
8
9
10
1
0
-4
-3
-9
-4
6
24
14
8
16
2
22
20
19
15
22
10
16
34
17
11
7
22
11
18
2
8
6
-2
5
20
19
5
13
7
6
0
-1
9
3
0
18
-3
-6
-4
4
4
0
-3
1
-5
14
4
-7
4
-9
20
17
6
3
-8
-3
-7
-4
10
-5
1
-7
-2
17
12
19
16
6
2
3
6
23
10
9
18
21
18
4
20
1
9
7
-13
-9
-17
-15
-11
-16
-11
-23
-33
-26
-24
-19
-16
-13
-29
-24
1
-18
-22
-11
-21
-15
-23
-13
-14
-18
-22
-27
-10
-22
-19
-21
-16
-14
-39
-29
-20
-17
-22
-20
-30
-19
-26
-4
-12
-8
-11
-29
-13
-21
-2
-7
-4
-2
-15
-21
-17
-15
-27
-11
-11
-19
-7
-1
-8
12
25
16
21
9
23
27
11
5
17
1
0
-2
-18
-10
-18
1
-12
-22
-14
-23
-19
-25
-23
-3
-16
-7
20
17
18
20
17
9
6
6
-10
0
4
1
5
-8
16
7
-10
7
3
21
8
13
1
20
23
11
21
22
16
9
8
2
-1
16
19
3
-1
9
1
7
4
9
16
17
17
11
18
17
26
17
9
-1
5
14
5
11
6
18
6
-10
-10
4
9
1
-3
8
1
-16
-9
-14
11
-7
-1
16
1
11
15
13
16
11
10
29
15
-5
9
5
4
7
15
7
9
9
1
9
-12
-4
11
1
-4
-2
-2
-2
-4
-7
2
-13
-13
-2
2
-14
-13
-12
-14
-11
-27
-8
-23
-18
-18
-24
-10
-19
-18
-11
-28
-14
-15
-24
-21
-24
-22
-24
-24
-13
-5
-13
-7
-4
-14
-2
-9
-26
-21
-14
-9
-26
-22
-19
-23
-18
-12
-20
-16
-10
-20
-17
-12
-15
-4
1
-14
-28
-24
-7
-6
-1
-4
-5
-12
-20
-21
-27
-19
-39
-27
-18
-26
-17
-13
-14
-17
-20
-10
-1
-4
5
10
11
-13
-6
-10
-4
5
-9
-14
-12
-10
-11
0
17
4
-9
0
-7
-6
-3
-14
-16
-13
-22
2
-6
-15
-2
-7
-11
-3
7
3
-5
-7
-12
-4
-13
-14
-11
-7
-16
-13
-28
-19
-25
-18
7
3
8
-3
9
15
4
9
2
-5
-11
-16
-9
-9
-15
4
-11
-22
-19
-8
1
-3
7
-3
-19
-4
1
8
2
3
7
-7
11
17
9
6
-1
-2
11
12
7
-3
15
5
-4
4
16
5
11
19
5
5
-3
4
4
-8
-2
-6
-3
-3
1
7
-4
9
19
9
18
15
5
23
27
-4
12
13
-4
7
-1
11
1
-1
-1
4
13
7
23
12
3
11
-2
5
15
18
26
34
14
13
5
12
5
-3
-8
3
-10
12
6
-6
0
-2
-6
-12
0
-6
7
-8
0
2
-14
-7
-13
-5
-3
13
-7
-9
-7
-17
-10
-17
-8
-14
-10
-13
-18
-11
-12
4
-9
0
-11
4
2
4
27
13
12
14
28
-2
8
9
1
-8
-5
0
-4
0
3
8
-10
-12
-1
-16
-22
0
-4
-12
-25
-9
-18
-21
-21
-32
-32
-36
-14
-19
-26
-12
-11
-18
-19
-27
-21
-24
-20
-27
-19
-17
-12
-5
-8
-18
-10
-33
-22
-18
-21
-6
-13
-13
-12
-7
-18
-8
-4
-4
-4
8
-2
5
12
3
-2
-2
-1
12
5
-21
-8
-6
-21
-18
-33
-26
-16
-12
-2
-7
-8
-18
-2
0
-11
-10
8
10
-6
-11
-12
-15
2
-9
-15
-10
-7
-13
-4
-10
-18
-3
-7
-4
-10
-12
-7
6
-6
-12
-7
6
9
-8
5
-3
-3
-7
3
2
-4
11
-6
-1
9
-3
-10
-17
-5
-1
-19
-1
-12
-13
-28
-18
-1
-14
-19
-32
-12
-10
-19
-5
-15
-16
-16
-24
-19
-7
16
-1
-3
14
10
12
15
9
6
13
4
11
22
-1
8
19
24
22
3
16
20
1
-11
-4
0
8
-1
5
-4
1
14
15
10
1
0
13
1
-5
0
11
12
2
-6
-4
8
2
-9
-8
2
-2
1
-15
-11
-12
-16
-7
-8
-13
-10
-7
6
2
6
8
7
-1
3
16
20
23
11
3
-1
-1
-2
4
5
5
19
14
14
3
-10
-3
5
16
15
14
14
2
-1
18
7
9
13
9
23
17
11
2
10
-4
-4
2
14
13
2
2
9
14
12
14
10
3
14
15
9
8
12
22
13
14
18
32
28
-1
20
10
6
20
7
-3
-5
0
7
14
2
-4
9
16
19
15
8
19
11
18
21
35
21
32
22
12
15
13
1
13
13
0
7
-6
-6
0
20
16
10
25
32
35
32
40
33
21
30
31
30
24
35
19
3
8
1
8
7
11
24
16
19
8
21
30
9
7
12
9
20
26
24
39
30
30
33
26
16
13
12
10
15
3
16
15
17
16
8
11
8
2
-2
-13
4
16
15
21
29
18
14
20
16
18
12
2
18
18
17
17
14
13
5
13
16
24
3
2
10
1
6
26
10
9
0
1
15
17
-1
-4
10
14
10
9
16
5
-1
10
3
2
-8
-15
-9
-12
-8
-14
-10
-5
5
8
-12
-11
9
-2
9
23
18
5
-5
-4
9
1
1
18
2
-1
-1
-5
-12
-9
-10
-7
0
10
-4
-7
-4
-1
14
12
-4
0
-9
5
18
21
17
21
32
32
32
23
17
7
19
13
4
23
19
-7
-2
4
20
2
12
21
12
26
14
4
7
16
11
9
-3
-8
9
2
6
11
16
-2
2
11
6
24
-1
8
8
5
11
1
19
5
-3
11
14
13
10
12
12
21
9
10
8
13
25
5
16
-9
-1
0
1
17
9
19
3
3
15
9
11
18
24
20
20
6
11
20
16
7
9
9
10
4
-8
-1
-15
-7
23
-1
4
5
-12
2
29
15
5
14
21
16
29
25
32
42
27
25
19
17
19
19
27
26
32
25
23
22
28
26
19
29
22
27
21
18
37
38
49
43
41
41
20
38
35
33
58
39
42
30
22
51
33
42
41
53
49
42
39
46
47
37
42
39
38
35
46
33
44
27
50
44
41
44
24
28
15
19
17
20
20
26
28
4
21
30
29
37
38
41
36
38
40
38
36
33
50
44
37
57
56
55
51
51
44
53
52
43
52
55
37
33
25
33
35
16
21
19
16
20
34
29
22
15
15
11
1
20
18
27
32
32
32
34
32
32
35
30
20
34
33
34
35
31
22
22
21
24
23
23
29
27
41
46
47
27
37
42
40
26
21
12
5
24
19
24
19
3
7
10
31
21
25
24
30
40
28
30
24
38
27
22
27
33
33
19
15
42
25
6
25
9
20
-3
11
3
7
16
14
27
12
27
39
13
13
20
20
13
17
13
10
12
-4
1
20
-2
10
22
19
9
16
26
30
29
23
29
18
22
19
23
21
15
8
19
17
12
5
2
9
4
7
-3
10
-1
0
9
6
5
-11
5
-14
-3
12
6
1
-2
3
-3
-2
2
0
-7
-3
-11
-4
-10
-12
-19
-5
-7
-8
-1
4
3
-8
10
17
13
16
8
8
12
23
18
15
24
15
2
18
18
4
22
8
7
2
6
17
25
17
9
9
17
16
11
9
-3
1
-3
12
2
-3
12
17
16
22
20
15
25
13
34
23
0
7
16
23
21
19
10
21
11
8
16
27
40
21
31
19
32
31
25
26
13
14
14
21
9
20
28
28
9
23
21
0
16
4
7
11
5
9
17
31
17
14
15
23
16
17
14
8
-2
3
14
-4
-7
2
13
3
-3
-4
-7
-23
-13
3
-8
-11
6
15
5
11
10
-1
-3
20
22
20
-1
20
1
1
11
-4
9
-6
3
14
29
-2
8
16
12
17
14
19
23
15
22
21
33
36
14
16
8
19
25
14
13
14
17
23
16
24
19
17
23
32
26
33
20
4
23
10
35
28
17
14
10
25
6
27
22
2
26
30
20
19
18
16
6
11
4
-11
3
13
2
16
20
17
4
-2
5
21
12
4
14
23
10
1
22
12
34
13
15
15
3
18
8
13
14
15
13
6
2
-2
17
-5
-17
-6
-8
14
0
1
7
12
18
4
4
18
18
11
21
24
26
20
17
24
47
34
18
23
15
23
27
36
22
24
39
42
51
47
39
35
43
62
48
59
55
48
46
51
34
21
28
43
33
28
35
24
34
34
41
51
35
33
46
38
37
53
44
44
54
53
48
47
52
44
33
40
30
30
30
36
41
28
41
52
42
40
29
32
34
30
39
51
40
29
34
49
48
38
37
50
56
55
51
48
61
52
51
59
65
55
60
52
50
63
48
39
48
43
25
16
21
9
9
26
38
38
40
53
58
35
48
69
52
50
54
57
61
63
47
56
51
65
61
52
59
40
50
54
77
44
59
61
50
61
46
53
50
56
56
41
50
48
40
42
34
42
38
45
44
57
32
50
42
54
61
74
56
44
58
43
51
58
45
38
42
43
43
41
32
32
38
45
46
33
43
47
51
39
43
33
43
54
42
55
47
49
52
46
45
37
47
44
43
44
55
54
53
61
48
48
67
52
57
69
63
75
62
48
41
55
40
39
47
55
61
51
48
56
76
50
72
71
62
55
59
63
51
59
60
66
50
52
64
78
72
65
54
50
56
34
36
57
67
68
64
71
55
65
70
65
69
68
65
55
68
59
56
49
31
45
56
32
52
40
35
39
35
56
51
56
45
49
33
40
33
33
61
58
68
48
57
67
51
75
65
52
47
52
47
45
54
51
58
31
45
58
60
47
56
78
78
70
58
67
85
61
53
73
66
42
47
42
46
40
35
50
41
42
55
37
39
43
41
53
24
-3
6
-11
-21
6
7
18
26
35
65
61
53
59
61
42
53
-3
-35
-23
-58
-18
-28
-19
36
47
74
75
58
45
51
55
70
61
49
88
85
93
90
70
80
96
84
89
74
74
91
94
90
85
61
58
51
35
24
28
39
34
40
33
68
57
70
63
50
48
52
58
51
43
41
65
50
58
52
44
42
45
41
47
27
52
64
63
68
68
81
66
68
46
51
59
58
47
68
57
48
78
55
42
23
32
30
34
44
24
44
62
70
48
56
59
50
56
48
45
41
33
53
50
42
28
20
35
30
44
17
5
34
22
32
52
48
50
48
41
29
38
37
41
35
34
37
25
46
37
24
29
24
47
36
28
39
39
35
42
33
32
31
33
43
19
26
19
9
5
22
25
24
8
32
38
21
29
22
37
34
26
23
36
32
29
18
17
20
26
20
22
-2
4
13
8
24
14
26
12
13
21
8
-2
-3
11
8
13
16
11
16
22
24
33
25
28
27
33
14
9
31
33
27
27
33
31
38
35
23
33
34
24
40
20
30
32
24
23
16
21
14
21
31
0
1
16
18
29
19
26
24
32
30
34
32
33
17
20
36
48
49
23
5
15
12
16
23
24
24
38
32
31
46
30
42
35
32
32
21
32
27
34
50
41
43
32
27
23
17
15
19
14
20
11
10
19
15
18
23
9
6
27
24
20
36
32
13
10
15
23
28
9
17
6
-2
-3
4
15
4
4
22
25
23
14
15
22
35
30
19
29
30
35
11
27
25
30
37
39
37
42
44
45
38
30
37
49
45
43
51
47
48
44
59
55
47
44
42
38
35
47
36
28
23
38
40
33
34
43
41
46
33
32
21
14
32
36
57
41
41
57
34
20
40
20
23
17
30
40
41
28
11
23
4
9
20
8
14
19
28
29
13
29
28
27
10
0
0
-3
17
24
27
25
11
17
7
16
23
26
20
15
6
4
12
1
-13
4
-5
-10
-14
-15
-17
-17
-1
-6
9
1
-11
-10
-4
-14
-4
-12
-20
-3
-18
-18
-11
-10
-14
-12
3
-18
-10
-14
-30
-18
-27
-19
-5
-8
-2
-14
-5
-8
0
-1
-12
-11
-3
-11
-18
-2
-13
-14
-11
-21
-27
-33
-56
-46
-36
-40
-33
-34
-33
-19
-26
-31
-25
-19
-13
-26
-19
-26
-36
-20
-11
-35
-13
-10
-14
-5
-37
-21
-24
-36
-37
-39
-32
-22
-21
-12
-10
-35
-27
-21
-25
-16
-19
-16
-18
-17
-16
-22
-33
-23
-22
-30
-9
-22
-21
-11
-22
-28
-23
-42
-25
-18
-32
-21
-30
-21
-22
-37
-35
-20
-38
-24
-4
-39
-34
-20
-30
-22
-12
-37
-43
-27
-24
-24
-35
-4
-18
-30
-21
-11
-31
-24
3
-16
-14
-14
-15
-19
-15
-12
-23
-10
-34
-24
-13
-13
-14
-26
-17
-22
-31
-36
-23
-26
-16
-17
-19
-12
-18
-16
-18
-18
2
-7
-7
1
-2
3
10
20
13
8
13
21
14
1
-1
8
1
12
16
-7
-2
3
3
-5
5
14
9
1
10
19
17
12
5
9
13
11
6
3
13
3
-5
8
-3
-10
0
6
-6
-13
-12
-2
7
-19
-20
-25
-6
-8
-25
-10
-4
3
-11
0
-18
-4
-3
-13
8
-3
6
-4
-10
-9
-9
-7
-16
-12
-4
2
-10
-2
-20
-17
-4
-21
-22
-10
-16
-22
-15
-4
-14
-14
-14
-5
-5
-16
-13
-20
-7
-5
-19
-32
-6
-3
-16
-8
-14
-3
-4
-7
-9
0
-8
-21
-29
-29
-6
-18
-21
-14
-5
3
2
-1
-1
-1
0
-5
-8
-7
-12
2
1
-1
-4
4
5
1
-11
-6
-14
-18
-16
-18
-12
-5
-12
-11
-13
-30
-23
-12
-24
-31
-17
-31
-34
-10
-27
-25
-21
-9
-32
-32
-38
-36
-24
-35
-25
-48
-38
-33
-39
-36
-50
-55
-48
-44
-40
-47
-53
-25
-31
-43
-27
-34
-34
-41
-26
-37
-34
-5
-15
-22
-28
-26
-17
-11
-17
-26
-17
-22
-21
-13
-7
0
-15
3
-1
-25
-14
-11
-10
5
1
-2
-6
-21
-16
-1
-19
-7
6
-11
-13
12
-1
-17
12
-18
-15
-11
-19
-9
-15
-3
-11
-16
-6
5
-14
-19
-13
-19
-7
-12
-9
-19
-27
-20
-20
-23
-15
-18
-21
-18
-27
-28
-18
-6
-19
-23
-16
-13
0
-1
-5
-8
-16
-18
-13
-12
-25
-17
-13
-16
-11
-8
-10
-13
-13
-21
-15
-24
-16
-25
-20
-21
-31
-20
-19
-20
-6
-11
-11
-20
-13
-10
-21
-27
-13
-6
-9
-4
-3
-17
-22
-18
-32
-29
-20
-34
-36
-31
-42
-21
-29
-28
-9
-16
-24
-32
-31
-29
-15
-17
-12
-5
-19
-7
2
-13
-17
-18
-8
-20
-20
-24
-33
-27
-28
-25
-35
-30
-36
-48
-36
-39
-26
-19
-20
-26
-20
-20
-21
-17
-24
-13
-9
-12
-25
1
-8
-16
-9
-14
-9
-10
-1
5
-8
-8
-22
-8
-5
-16
-3
-7
-10
-25
-11
6
0
10
-1
-6
7
-12
-17
6
-3
-7
-9
-17
-24
-27
-22
-12
-18
-23
-15
-31
-28
-28
-29
-24
-31
-25
-30
-24
-8
-11
-3
-1
-10
5
16
-4
-3
0
-3
-3
-10
-2
12
6
3
-4
-4
9
11
-8
1
1
1
16
0
8
12
10
26
25
9
23
0
12
10
6
10
1
17
8
7
5
2
-10
-1
-9
-8
-13
-16
3
7
1
-10
1
-1
-17
-15
-11
-17
-30
-13
2
-14
-6
-13
1
-12
-10
7
-8
-10
-20
1
1
-5
-19
-22
-17
-25
-24
-24
-26
-10
-26
-18
-14
-18
-40
-35
-20
-19
-4
-40
-24
-19
-22
-21
-29
-22
-30
-31
-34
-49
-52
-52
-31
-60
-39
-57
-56
-43
-50
-55
-67
-60
-51
-44
-46
-57
-54
-37
-57
-40
-46
-31
-31
-35
-38
-42
-40
-39
-54
-50
-40
-46
-37
-42
-33
-26
-43
-33
-26
-48
-36
-26
-14
-25
-38
-29
-31
-41
-34
-21
-31
-21
-26
-26
-19
-30
-34
-41
-51
-43
-46
-60
-56
-47
-51
-51
-41
-52
-64
-64
-68
-55
-54
-58
-45
-54
-50
-56
-51
-49
-47
-46
-50
-58
-61
-53
-51
-55
-54
-58
-55
-44
-33
-42
-49
-40
-44
-34
-43
-40
-34
-48
-37
-34
-42
-36
-46
-42
-39
-36
-42
-29
-42
-47
-44
-50
-47
-57
-53
-52
-47
-52
-47
-56
-48
-46
-53
-41
-50
-43
-27
-40
-40
-43
-45
-37
-45
-31
-28
-27
-29
-35
-31
-31
-27
-47
-43
-43
-39
-31
-44
-41
-19
-26
-34
-32
-39
-28
-26
-30
-33
-14
-36
-11
-11
-20
-4
-15
-15
-26
-29
-19
-27
-14
-14
-9
-29
-35
-18
-28
-23
-30
-31
-27
-30
-27
-29
-14
-27
-20
-25
-50
-22
-25
-21
-36
-25
-12
-34
-18
-44
-34
-35
-36
-22
-22
-15
-20
-21
-16
-17
-18
-17
4
6
-8
0
-5
-10
-27
-4
0
-18
-19
-22
-18
-26
-19
-35
-39
-29
-27
-28
-35
-32
-32
-44
-54
-53
-39
-19
-33
-51
-37
-43
-36
-35
-48
-28
-41
-16
-19
-28
-15
-26
-23
-20
-4
-12
-17
-16
0
8
-14
-4
1
-11
-5
-16
-31
-12
-28
-14
-24
-42
-20
-19
-22
-19
-15
-5
-11
-21
-3
-19
-15
1
-7
-5
-11
-24
-15
-11
-10
-3
-12
-10
-18
-14
-12
-17
-29
-37
-20
-18
-19
-31
-29
-16
-17
-10
-24
-22
-20
-18
-27
-35
-24
-10
-26
-22
-25
-22
-4
-16
-15
-19
-21
-10
-17
-15
-10
-23
-33
-19
-26
-18
-10
-24
-21
-6
-10
-19
-17
-9
1
-3
8
-2
-4
-8
-11
-14
-10
-14
-9
0
-25
4
1
-20
-15
-19
-6
-2
-8
10
15
3
3
18
-3
19
16
-3
16
14
16
4
4
4
25
9
-2
10
8
8
7
7
13
12
10
14
22
4
13
10
-2
7
6
20
27
26
23
13
9
1
-8
16
17
4
15
14
10
0
12
36
18
13
12
21
12
17
7
8
5
2
9
10
13
21
16
17
26
28
17
23
9
10
20
19
19
10
12
10
-5
6
21
22
19
-9
-7
10
15
9
24
9
2
4
11
3
12
10
4
15
16
8
14
7
8
14
3
5
1
-9
0
-1
0
6
8
7
5
-10
-4
8
-3
0
-7
-8
-9
-17
-2
-10
-8
-16
-19
-10
-7
-3
0
6
11
12
-7
10
5
15
5
1
13
10
11
2
6
-4
-7
2
-20
-11
-7
-16
-13
-11
-4
-11
-9
-10
8
1
-16
1
-10
-11
6
6
-9
-8
-9
-10
1
-1
9
6
5
10
1
3
12
27
7
-1
17
20
11
2
-4
9
-1
19
21
16
19
5
17
1
16
8
4
26
16
20
31
28
27
25
33
31
33
11
7
24
25
15
12
4
2
12
6
10
2
9
-1
14
14
-1
7
6
14
25
23
34
34
8
17
11
-2
3
16
0
-3
16
-2
8
1
-2
0
5
17
17
24
26
32
28
31
27
32
47
33
47
30
40
24
29
28
14
27
17
8
7
0
9
4
14
4
1
18
-8
-7
-4
6
-3
-6
-6
4
9
6
16
-3
14
15
9
23
11
17
21
28
9
9
9
16
7
6
14
11
18
16
25
38
28
25
27
26
25
42
13
20
25
35
35
25
36
26
29
15
7
-8
23
20
-1
5
7
10
12
1
-8
13
6
5
16
18
6
19
17
20
29
20
23
19
17
21
17
2
8
15
12
-4
-1
-6
-17
0
-16
-12
9
5
13
13
2
10
4
15
16
29
23
14
12
11
22
5
17
1
4
-1
3
-1
-27
-24
-27
-26
-26
-21
-20
-3
-13
-17
0
-10
-14
-18
-17
-20
-8
-16
-9
2
-1
-2
-1
13
-2
0
-5
9
11
2
-6
-7
9
4
6
-1
8
23
2
11
17
9
8
2
12
8
-16
-13
-18
-19
-11
-10
-25
-23
-17
-36
-36
-29
-26
-27
-29
-20
-23
-37
-38
-23
-26
-29
-28
-29
-19
-34
-23
-28
-21
-6
-15
4
-8
-8
-2
-13
-13
-13
-12
-24
-23
-25
-41
-17
-7
-29
-16
-6
-11
-12
1
5
11
8
1
-1
13
12
-7
17
15
7
5
-2
12
3
-7
-21
-18
-9
-11
-10
-11
-14
-10
-7
-18
-27
0
17
-8
-4
-11
-4
-7
-13
4
4
17
-13
-9
-11
-18
-10
-20
-29
-27
-17
-25
-14
-11
-5
-22
-15
6
-8
-11
-7
5
-7
6
-1
-18
9
6
6
-5
-11
5
-15
-3
-6
-10
1
-2
-9
-17
-26
-20
-28
-18
-26
-25
1
-27
-29
-20
-14
-19
-6
-9
-18
-26
-39
-58
-84
-156
-281
-423
-473
-436
-418
-549
-711
-710
-632
-634
-777
-1073
-1173
-1063
-846
-771
-858
-921
-791
-539
-416
-429
-444
-273
34
252
210
168
190
319
414
442
455
518
737
782
685
558
483
567
571
444
308
302
340
383
404
342
328
327
308
166
39
-1
-6
-13
-31
0
96
176
175
100
28
2
-25
-73
-104
-93
-5
56
114
131
144
149
91
28
-36
-49
-63
-61
-94
-131
-134
-127
-141
-209
-245
-308
-394
-482
-526
-550
-503
-457
-452
-424
-385
-382
-392
-418
-414
-364
-326
-265
-155
-37
112
233
331
430
524
600
666
754
829
912
1016
1106
1222
1317
1399
1483
1547
1635
1695
1773
1815
1841
1879
1896
1902
1904
1848
1767
1630
1457
1276
1102
914
703
470
246
84
-96
-265
-423
-582
-696
-840
-992
-1070
-1117
-1157
-1186
-1187
-1147
-1036
-931
-815
-684
-565
-424
-318
-192
-51
135
258
367
507
622
726
771
811
806
776
729
685
592
498
403
243
92
-54
-219
-400
-580
-764
-962
-1110
-1258
-1338
-1428
-1488
-1486
-1499
-1458
-1422
-1351
-1263
-1146
-1009
-859
-678
-485
-290
-111
82
277
440
631
794
922
1037
1160
1253
1335
1432
1492
1537
1587
1602
1615
1661
1767
1860
1964
2026
2089
2103
2029
1917
1745
1524
1245
939
633
337
45
-192
-391
-568
-750
-927
-1053
-1193
-1307
-1441
-1562
-1630
-1692
-1676
-1623
-1512
-1352
-1171
-975
-767
-525
-316
-112
51
190
334
466
600
733
860
947
1016
1094
1145
1155
1150
1092
1027
908
772
589
362
159
-74
-313
-568
-819
-1022
-1216
-1423
-1621
-1803
-1926
-2027
-2122
-2189
-2177
-2130
-2061
-1960
-1817
-1612
-1410
-1203
-981
-762
-534
-328
-104
125
337
565
759
946
1135
1301
1455
1557
1624
1694
1747
1731
1734
1761
1812
1870
1933
2035
2165
2278
2311
2283
2164
1984
1763
1465
1114
726
354
11
-313
-587
-813
-985
-1133
-1269
-1374
-1471
-1553
-1664
-1750
-1822
-1868
-1860
-1812
-1677
-1517
-1308
-1061
-757
-467
-183
73
276
490
636
758
857
906
961
1027
1077
1128
1190
1223
1225
1192
1126
1030
884
662
389
87
-213
-531
-847
-1161
-1445
-1700
-1898
-2064
-2195
-2281
-2359
-2405
-2402
-2368
-2305
-2256
-2178
-2055
-1884
-1688
-1513
-1264
-995
-706
-423
-149
114
368
603
793
976
1144
1291
1377
1444
1533
1606
1645
1676
1720
1753
1842
1939
2041
2188
2342
2505
2581
2566
2438
2282
2083
1779
1413
1001
574
196
-162
-499
-765
-970
-1126
-1277
-1376
-1471
-1505
-1584
-1678
-1738
-1790
-1822
-1860
-1832
-1755
-1595
-1390
-1155
-866
-567
-229
55
331
568
761
882
934
985
1012
1023
1006
991
973
992
1003
998
994
968
850
688
481
242
-45
-391
-772
-1125
-1435
-1717
-1961
-2163
-2291
-2353
-2387
-2384
-2333
-2269
-2185
-2116
-2041
-1962
-1853
-1730
-1611
-1451
-1251
-1005
-739
-472
-159
160
474
762
1012
1228
1392
1498
1558
1625
1639
1633
1636
1643
1693
1766
1877
2035
2239
2478
2719
2902
2970
2922
2759
2563
2276
1878
1397
908
453
-8
-409
-735
-947
-1105
-1241
-1334
-1375
-1374
-1398
-1472
-1537
-1615
-1733
-1854
-1947
-1926
-1877
-1807
-1672
-1434
-1107
-756
-375
12
338
619
840
997
1108
1158
1133
1052
963
870
813
774
766
765
766
744
715
694
606
436
201
-65
-394
-722
-1064
-1394
-1723
-1984
-2199
-2349
-2410
-2443
-2394
-2312
-2209
-2076
-1937
-1803
-1665
-1540
-1444
-1340
-1219
-1086
-909
-696
-447
-177
87
398
697
996
1259
1487
1652
1751
1801
1838
1862
1817
1790
1785
1821
1898
2014
2206
2432
2655
2814
2898
2907
2849
2699
2413
2052
1578
1057
515
-4
-488
-890
-1206
-1463
-1594
-1669
-1662
-1624
-1575
-1541
-1487
-1484
-1543
-1599
-1642
-1682
-1741
-1758
-1719
-1570
-1347
-1084
-776
-404
-32
309
645
946
1177
1301
1362
1353
1298
1203
1072
912
783
667
547
455
393
378
307
220
96
-71
-266
-485
-759
-1075
-1397
-1722
-2027
-2298
-2484
-2608
-2669
-2672
-2580
-2404
-2205
-1967
-1724
-1475
-1222
-1006
-802
-615
-426
-288
-134
36
212
432
637
856
1087
1324
1528
1717
1894
2015
2098
2122
2137
2114
2086
2077
2065
2104
2177
2246
2288
2328
2325
2286
2182
1989
1754
1476
1121
704
253
-180
-574
-954
-1269
-1530
-1721
-1824
-1860
-1848
-1785
-1714
-1625
-1516
-1417
-1319
-1244
-1195
-1166
-1101
-1026
-973
-888
-768
-612
-407
-202
40
325
590
819
999
1143
1260
1304
1281
1215
1084
925
731
530
358
182
3
-162
-292
-405
-508
-606
-694
-800
-949
-1110
-1282
-1470
-1663
-1838
-2005
-2143
-2238
-2258
-2248
-2187
-2039
-1858
-1631
-1381
-1066
-756
-447
-149
118
387
616
779
934
1079
1177
1240
1295
1358
1393
1466
1491
1523
1587
1633
1716
1771
1844
1946
2070
2164
2278
2337
2332
2284
2184
2042
1844
1592
1311
1008
677
345
10
-278
-529
-785
-978
-1104
-1207
-1259
-1294
-1309
-1272
-1287
-1294
-1277
-1277
-1279
-1303
-1330
-1328
-1296
-1251
-1161
-1045
-893
-711
-505
-277
-38
178
394
553
693
781
833
854
839
804
718
648
566
490
409
317
231
161
88
-30
-148
-290
-466
-653
-846
-1035
-1225
-1378
-1532
-1646
-1748
-1803
-1795
-1795
-1736
-1650
-1540
-1404
-1238
-1046
-845
-633
-435
-202
24
247
446
637
787
932
1042
1125
1188
1218
1246
1213
1207
1189
1195
1211
1246
1299
1383
1483
1624
1777
1943
2097
2156
2197
2196
2167
2050
1860
1613
1344
1043
720
385
88
-174
-407
-613
-772
-884
-952
-984
-1022
-1049
-1041
-1082
-1120
-1154
-1179
-1208
-1278
-1319
-1318
-1255
-1211
-1148
-1013
-872
-700
-503
-326
-125
55
216
362
475
569
640
676
699
700
669
649
631
583
527
433
334
243
122
27
-84
-244
-386
-540
-676
-820
-957
-1085
-1210
-1297
-1392
-1459
-1490
-1499
-1511
-1496
-1448
-1374
-1273
-1152
-999
-822
-641
-430
-204
19
233
437
611
770
893
978
1031
1069
1074
1035
1037
1035
1058
1093
1143
1211
1326
1473
1639
1840
2017
2178
2286
2338
2340
2304
2192
2021
1792
1518
1218
894
554
230
-62
-335
-607
-820
-987
-1116
-1186
-1281
-1329
-1355
-1367
-1379
-1389
-1361
-1357
-1359
-1365
-1352
-1319
-1300
-1257
-1199
-1116
-1015
-886
-735
-539
-372
-167
23
198
399
566
700
809
880
933
950
937
902
828
725
599
475
338
189
33
-118
-255
-395
-513
-624
-724
-819
-923
-1021
-1104
-1187
-1274
-1347
-1430
-1469
-1499
-1507
-1497
-1453
-1345
-1236
-1098
-904
-671
-431
-183
35
257
474
657
801
940
1029
1079
1129
1145
1160
1182
1198
1238
1289
1350
1453
1574
1729
1893
2011
2149
2230
2291
2310
2258
2153
1978
1768
1505
1197
853
489
119
-237
-547
-847
-1114
-1298
-1434
-1538
-1591
-1582
-1553
-1511
-1454
-1372
-1321
-1270
-1238
-1215
-1197
-1175
-1165
-1155
-1126
-1072
-1001
-890
-738
-581
-377
-163
61
303
551
768
961
1103
1228
1294
1319
1311
1249
1148
998
839
665
463
257
82
-99
-272
-437
-561
-686
-777
-870
-971
-1039
-1113
-1176
-1250
-1305
-1391
-1452
-1504
-1534
-1513
-1497
-1433
-1359
-1236
-1061
-868
-638
-386
-123
140
412
656
881
1083
1241
1337
1410
1470
1491
1497
1475
1465
1429
1418
1420
1430
1489
1563
1658
1791
1885
1974
2041
2052
2048
1982
1851
1674
1437
1149
785
419
59
-313
-652
-990
-1265
-1468
-1625
-1731
-1781
-1766
-1725
-1665
-1567
-1427
-1294
-1197
-1096
-1023
-951
-911
-879
-861
-841
-802
-770
-695
-587
-458
-311
-123
76
305
521
712
899
1072
1171
1257
1302
1288
1229
1141
990
820
635
413
214
-6
-194
-400
-574
-731
-882
-998
-1097
-1177
-1249
-1292
-1349
-1380
-1401
-1395
-1402
-1405
-1385
-1355
-1284
-1222
-1132
-1016
-858
-679
-504
-281
-43
209
454
694
921
1116
1276
1397
1509
1587
1593
1583
1553
1507
1449
1379
1325
1282
1273
1276
1300
1358
1437
1483
1531
1581
1574
1563
1510
1400
1237
1047
781
483
177
-149
-458
-767
-1038
-1291
-1449
-1606
-1703
-1737
-1718
-1658
-1597
-1473
-1334
-1189
-1042
-931
-806
-703
-624
-562
-512
-461
-428
-392
-321
-262
-197
-94
-9
116
265
382
521
646
756
851
939
993
998
991
938
863
753
607
423
244
59
-175
-389
-593
-782
-938
-1082
-1216
-1300
-1348
-1389
-1386
-1370
-1343
-1304
-1220
-1137
-1070
-986
-899
-799
-715
-606
-482
-354
-210
-43
121
295
503
697
869
1039
1156
1255
1329
1336
1337
1294
1252
1180
1111
1037
974
939
918
926
924
993
1066
1126
1196
1239
1267
1269
1241
1164
1050
893
701
463
209
-42
-293
-547
-798
-995
-1158
-1281
-1389
-1465
-1479
-1450
-1412
-1315
-1209
-1093
-968
-852
-720
-589
-481
-399
-327
-261
-197
-176
-130
-101
-61
-23
6
61
133
208
286
383
487
591
677
787
861
893
911
875
795
691
557
408
211
4
-201
-403
-597
-785
-932
-1058
-1159
-1241
-1272
-1276
-1279
-1238
-1188
-1125
-1055
-973
-877
-793
-683
-604
-495
-388
-282
-157
-60
84
222
361
505
650
781
878
945
995
1028
1052
1036
1001
986
952
913
879
872
894
922
977
1053
1145
1207
1265
1331
1350
1364
1337
1266
1170
1014
851
647
418
201
-31
-244
-491
-685
-844
-980
-1083
-1165
-1218
-1224
-1198
-1167
-1091
-1001
-903
-812
-712
-603
-501
-418
-356
-299
-235
-207
-188
-148
-111
-108
-81
-25
40
106
177
268
366
465
542
620
691
763
793
788
769
731
632
523
396
231
54
-118
-313
-500
-671
-810
-934
-1022
-1077
-1105
-1123
-1110
-1083
-1029
-978
-916
-856
-802
-718
-636
-560
-483
-383
-253
-173
-39
90
175
309
427
518
582
650
667
715
727
749
733
723
716
732
763
789
827
877
972
1057
1141
1202
1286
1341
1364
1369
1322
1278
1207
1098
963
807
632
454
258
54
-163
-355
-519
-683
-815
-924
-1018
-1074
-1096
-1095
-1095
-1050
-968
-910
-814
-747
-646
-567
-500
-437
-387
-331
-310
-268
-235
-212
-187
-136
-52
15
79
195
293
386
497
578
666
751
775
796
763
723
664
558
455
299
137
-37
-201
-371
-517
-659
-805
-923
-1014
-1097
-1156
-1189
-1201
-1200
-1192
-1141
-1096
-1033
-958
-875
-772
-671
-543
-434
-328
-219
-88
41
151
264
357
447
520
597
656
697
728
764
779
816
833
836
868
882
906
944
988
1031
1069
1118
1180
1212
1251
1265
1238
1214
1138
1059
952
828
647
482
312
113
-73
-253
-432
-588
-718
-814
-904
-945
-971
-988
-969
-950
-907
-853
-791
-733
-658
-586
-528
-466
-405
-340
-285
-239
-182
-145
-94
-42
-2
68
122
168
251
309
367
436
509
540
566
594
590
557
522
450
361
252
110
-19
-162
-306
-451
-587
-731
-837
-926
-1020
-1052
-1070
-1070
-1071
-1051
-1006
-967
-912
-852
-789
-722
-630
-545
-453
-339
-235
-133
-6
122
236
340
446
530
603
648
666
679
665
661
643
631
617
612
627
652
693
751
845
948
1042
1150
1229
1308
1344
1364
1383
1343
1271
1183
1059
906
744
559
370
194
0
-195
-366
-501
-644
-773
-864
-915
-947
-962
-955
-929
-872
-809
-742
-682
-585
-514
-470
-416
-375
-319
-305
-275
-254
-232
-189
-164
-108
-58
24
77
175
256
340
422
506
574
607
643
649
622
576
522
422
310
167
23
-99
-240
-382
-519
-631
-730
-828
-921
-967
-998
-1042
-1078
-1077
-1056
-1029
-996
-954
-896
-809
-732
-641
-524
-411
-292
-168
-31
82
183
292
363
426
471
506
524
554
558
570
597
640
682
738
805
853
909
964
1059
1120
1149
1210
1273
1292
1291
1277
1241
1183
1102
1001
881
750
611
451
320
159
-1
-170
-328
-442
-560
-674
-752
-802
-868
-888
-898
-889
-846
-833
-799
-744
-692
-636
-584
-518
-460
-423
-373
-336
-291
-223
-159
-100
-37
52
125
190
270
346
396
428
463
502
491
473
444
399
345
265
192
81
-36
-146
-246
-375
-491
-613
-723
-831
-913
-987
-1047
-1079
-1107
-1115
-1097
-1071
-1026
-951
-881
-783
-700
-584
-470
-350
-228
-107
10
117
229
339
442
483
529
585
606
620
634
627
648
654
652
661
688
724
751
787
792
811
832
868
876
897
933
929
925
904
879
847
804
734
661
552
449
300
187
68
-74
-195
-327
-433
-529
-612
-714
-744
-801
-830
-840
-834
-802
-777
-729
-671
-592
-540
-464
-380
-298
-223
-168
-120
-73
-8
2
16
48
54
65
90
105
128
144
154
199
219
224
222
203
187
132
81
21
-83
-185
-280
-397
-516
-623
-737
-836
-926
-992
-1047
-1084
-1091
-1060
-1038
-985
-914
-853
-775
-673
-571
-481
-357
-238
-133
-26
91
184
278
357
430
474
505
533
569
567
564
572
581
576
603
626
621
678
698
729
748
782
802
789
806
824
826
807
809
792
775
759
735
673
651
601
541
456
356
266
166
50
-81
-187
-306
-407
-484
-559
-610
-650
-660
-665
-637
-583
-524
-455
-377
-298
-245
-176
-125
-79
-29
-5
10
44
55
49
31
37
20
12
12
-17
-23
-49
-68
-84
-126
-144
-192
-243
-274
-342
-382
-457
-501
-554
-599
-649
-702
-716
-759
-766
-779
-769
-759
-736
-694
-653
-585
-519
-436
-360
-263
-156
-60
55
137
238
306
380
435
478
520
524
532
533
527
511
475
458
444
420
390
374
373
343
342
359
364
372
393
418
465
511
556
597
668
707
736
771
795
783
772
757
727
666
582
509
412
299
173
61
-53
-150
-253
-334
-402
-466
-492
-534
-545
-549
-525
-476
-442
-413
-384
-332
-292
-265
-237
-206
-185
-175
-175
-168
-160
-159
-167
-171
-196
-200
-209
-233
-235
-256
-261
-290
-304
-317
-345
-375
-411
-426
-454
-497
-541
-542
-585
-606
-628
-658
-654
-671
-676
-663
-643
-601
-554
-495
-428
-351
-266
-177
-72
25
149
243
330
412
479
554
570
606
584
555
525
460
368
296
237
171
125
81
36
21
26
34
68
93
135
177
258
308
357
416
497
558
621
689
752
775
803
835
832
827
802
772
704
629
541
456
339
255
137
8
-84
-181
-282
-363
-409
-455
-523
-545
-556
-573
-558
-557
-541
-518
-491
-445
-424
-354
-302
-284
-236
-198
-181
-186
-164
-148
-141
-133
-140
-152
-145
-142
-157
-175
-189
-212
-216
-233
-246
-281
-300
-321
-351
-385
-415
-453
-477
-488
-512
-495
-509
-494
-470
-425
-394
-331
-253
-172
-83
-23
57
131
203
269
332
375
421
433
446
436
426
398
331
297
232
183
120
80
45
-1
-15
-31
3
22
45
88
131
190
264
325
381
457
506
575
644
685
758
803
815
831
868
845
820
782
726
651
569
476
368
268
153
33
-82
-190
-282
-374
-457
-516
-562
-602
-617
-609
-594
-579
-551
-498
-460
-409
-351
-300
-257
-213
-170
-118
-97
-71
-60
-41
-26
-66
-64
-81
-102
-133
-180
-209
-247
-278
-287
-321
-366
-390
-416
-429
-436
-461
-463
-464
-453
-448
-446
-434
-419
-404
-384
-325
-293
-253
-211
-143
-101
-48
16
73
130
166
225
233
264
274
271
271
231
201
178
136
92
47
10
-19
-35
-61
-55
-28
-11
7
63
89
137
214
270
352
413
489
559
615
685
744
804
840
851
865
848
807
780
726
650
572
467
365
267
163
53
-42
-135
-226
-304
-371
-431
-468
-493
-500
-504
-497
-463
-432
-399
-346
-300
-261
-196
-173
-134
-88
-68
-31
-36
-19
-39
-46
-46
-88
-100
-143
-161
-198
-233
-257
-308
-334
-346
-400
-433
-453
-472
-488
-493
-522
-527
-537
-546
-526
-513
-507
-489
-467
-433
-401
-350
-303
-256
-189
-140
-75
-25
33
88
141
156
196
215
202
190
194
203
175
151
126
115
92
88
77
77
90
114
150
189
235
262
313
365
421
464
510
539
578
595
625
656
644
653
634
629
640
601
575
528
486
448
397
337
282
235
166
116
74
32
-15
-53
-115
-134
-177
-187
-211
-214
-214
-217
-204
-204
-190
-195
-189
-187
-175
-174
-164
-176
-186
-192
-205
-211
-220
-255
-264
-265
-295
-342
-356
-405
-447
-480
-524
-555
-589
-609
-625
-653
-664
-644
-643
-616
-608
-582
-549
-518
-475
-444
-398
-332
-314
-272
-218
-168
-126
-103
-46
8
36
38
83
122
138
152
163
164
171
158
159
152
148
149
149
168
174
203
240
274
309
338
366
400
451
475
487
494
538
569
571
575
589
588
606
626
626
620
615
608
582
547
515
474
434
392
327
286
250
194
138
89
37
7
-49
-71
-106
-137
-161
-185
-204
-222
-231
-247
-245
-244
-247
-244
-253
-255
-241
-242
-240
-260
-273
-294
-320
-353
-389
-420
-481
-525
-579
-604
-605
-640
-648
-653
-662
-645
-627
-598
-593
-563
-548
-518
-485
-453
-421
-391
-354
-333
-293
-236
-202
-162
-114
-63
-27
24
65
87
143
171
206
215
217
235
241
256
246
258
241
253
272
280
301
294
296
314
333
334
331
347
357
353
362
375
381
400
400
395
425
440
456
472
492
522
526
541
582
595
603
611
631
626
606
593
546
505
456
388
318
241
166
75
3
-82
-142
-205
-277
-326
-356
-385
-417
-447
-456
-458
-451
-437
-447
-441
-430
-421
-401
-392
-389
-380
-365
-371
-387
-388
-407
-415
-444
-460
-475
-489
-486
-496
-524
-528
-517
-506
-515
-500
-473
-458
-413
-388
-341
-328
-280
-263
-229
-197
-165
-136
-100
-63
-32
13
26
61
102
128
155
186
193
212
218
266
271
273
297
302
324
315
335
337
329
357
357
353
369
377
395
387
384
400
405
389
394
401
399
393
401
400
386
389
387
399
402
396
401
403
401
413
406
390
380
348
329
299
249
194
143
70
-3
-62
-147
-215
-286
-350
-395
-438
-467
-494
-508
-528
-515
-490
-502
-472
-455
-421
-405
-387
-373
-359
-343
-342
-345
-351
-374
-382
-403
-418
-417
-442
-421
-440
-434
-440
-434
-429
-425
-413
-402
-370
-348
-317
-320
-300
-287
-241
-201
-177
-141
-115
-74
-42
-17
4
40
64
95
117
148
149
172
189
186
209
221
255
260
274
313
330
353
370
397
417
427
433
440
441
447
428
422
388
373
351
313
287
257
236
194
193
178
178
183
185
199
225
252
271
295
338
358
379
391
387
390
368
346
313
271
221
172
105
39
-34
-85
-137
-198
-265
-299
-322
-343
-352
-359
-346
-350
-350
-356
-352
-341
-356
-338
-338
-329
-315
-317
-307
-297
-298
-304
-308
-321
-317
-311
-313
-301
-307
-322
-326
-325
-312
-309
-298
-284
-250
-213
-207
-169
-149
-114
-76
-70
-33
-6
14
32
54
65
81
88
102
134
156
180
218
227
254
284
290
320
338
369
390
396
417
415
423
433
429
415
399
374
372
344
330
318
292
262
242
221
199
178
175
161
147
148
142
159
159
189
201
218
231
255
276
284
289
300
308
288
272
260
243
205
166
129
82
54
7
-42
-79
-126
-166
-200
-247
-281
-301
-328
-348
-367
-396
-422
-404
-401
-401
-400
-391
-377
-376
-358
-321
-316
-306
-288
-260
-247
-253
-231
-213
-199
-200
-189
-188
-162
-148
-176
-162
-164
-162
-150
-147
-137
-117
-107
-85
-71
-55
-35
-3
19
37
73
92
112
137
148
155
176
186
212
225
227
243
258
282
283
302
313
325
329
329
342
329
331
318
289
272
259
256
225
207
185
175
145
123
99
81
79
72
75
68
81
95
95
103
116
136
135
152
144
146
161
135
125
125
115
92
70
36
31
19
12
-16
-33
-51
-84
-114
-151
-159
-194
-234
-262
-282
-303
-318
-345
-354
-368
-357
-357
-341
-318
-313
-280
-277
-258
-243
-234
-217
-202
-209
-196
-167
-175
-174
-161
-146
-128
-110
-102
-99
-71
-80
-48
-35
-16
-3
1
13
16
38
47
60
69
69
71
99
102
100
107
111
140
138
158
166
171
176
185
193
211
218
226
200
182
187
161
171
173
165
144
124
120
114
110
92
98
91
80
92
90
105
95
109
116
124
134
153
156
158
171
169
185
182
189
171
181
177
161
154
130
125
108
101
85
61
37
12
-15
-36
-50
-89
-103
-116
-147
-166
-193
-214
-235
-232
-240
-261
-269
-274
-260
-259
-249
-220
-227
-209
-200
-194
-159
-134
-142
-137
-125
-118
-88
-73
-56
-36
-33
-35
-18
-2
21
1
6
29
14
21
36
37
29
19
33
25
13
14
25
23
25
49
49
54
57
55
70
89
94
104
107
115
117
112
119
119
114
123
98
104
103
82
89
100
92
88
83
77
81
82
94
88
95
95
95
94
106
107
99
98
103
122
101
104
121
124
110
117
125
127
141
125
121
109
128
108
85
80
60
35
-5
-14
-38
-81
-115
-120
-151
-165
-194
-203
-189
-207
-196
-198
-179
-166
-141
-131
-121
-111
-76
-65
-43
-36
-16
3
11
43
37
41
60
50
43
39
27
33
9
16
17
-10
-8
-28
-30
-26
-34
-41
-26
-39
-50
-32
-25
-18
-6
-9
-2
16
17
42
35
30
54
59
62
55
71
60
72
80
78
103
115
118
134
139
146
160
150
171
167
168
173
158
157
160
150
157
101
93
93
70
64
50
48
27
48
51
41
39
27
61
74
63
62
74
82
72
66
68
55
30
32
-2
-25
-35
-32
-53
-72
-76
-85
-78
-95
-88
-100
-91
-85
-67
-47
-40
-14
8
22
21
50
56
67
85
80
77
86
87
58
43
46
36
4
-12
-32
-39
-41
-39
-71
-56
-67
-67
-63
-68
-58
-55
-23
-21
-14
1
-2
11
13
27
38
34
45
59
64
60
55
64
77
88
97
104
137
124
139
137
145
169
161
157
169
191
169
164
157
143
145
128
101
87
64
37
23
6
-10
-41
-60
-79
-80
-95
-99
-72
-68
-60
-60
-34
-9
12
38
48
65
67
86
94
85
93
82
69
65
50
44
30
25
-6
-6
-20
-33
-45
-38
-39
-41
-22
-21
-12
-1
13
20
37
39
35
32
39
42
31
18
23
2
-22
-31
-34
-45
-54
-61
-62
-52
-65
-49
-64
-63
-39
-38
-33
-29
-6
-6
-11
4
16
26
34
41
54
59
56
59
52
45
49
52
70
61
84
72
67
73
74
74
61
92
93
68
69
78
69
64
54
35
38
21
22
16
-5
-25
-38
-41
-48
-58
-83
-79
-84
-93
-96
-85
-83
-60
-50
-42
-10
15
22
65
69
89
113
116
141
143
158
145
135
128
132
105
100
78
64
56
61
38
38
25
4
33
23
32
26
43
46
50
51
57
66
51
47
54
46
45
30
19
33
31
1
3
12
-9
12
12
16
40
38
47
44
52
54
68
81
74
72
77
88
87
84
87
82
94
90
95
94
86
84
94
92
96
87
89
74
78
69
75
78
68
74
71
69
75
77
71
78
59
67
46
28
26
-7
-26
-36
-46
-53
-62
-73
-62
-64
-61
-47
-38
-30
-27
-5
25
41
51
59
95
113
130
142
132
148
160
162
144
152
147
123
116
105
101
85
82
84
56
75
49
41
41
47
44
26
42
25
20
17
-4
-20
-40
-35
-38
-66
-68
-60
-76
-69
-67
-47
-36
-33
-25
-21
3
4
8
22
39
20
24
29
23
37
40
44
40
54
49
33
40
40
39
55
38
27
21
15
15
1
0
-7
-1
-9
17
5
-2
11
19
16
12
9
14
28
11
16
-8
-1
-16
-28
-20
-35
-54
-56
-50
-59
-57
-78
-67
-70
-59
-54
-55
-24
-26
-8
-2
20
32
47
62
74
93
86
88
92
97
108
95
88
92
102
79
76
81
68
69
58
42
35
13
13
-15
-20
-24
-52
-69
-75
-91
-112
-119
-103
-100
-107
-95
-82
-62
-49
-40
-30
-27
-19
10
11
27
28
21
41
46
38
56
36
24
41
29
30
29
32
25
28
15
30
18
14
11
11
1
7
11
-18
0
-8
-15
-15
-20
1
14
14
13
22
25
42
50
56
37
57
54
20
42
47
39
28
5
-8
-4
-20
-18
-33
-38
-10
-18
-16
-24
-11
-12
2
6
11
27
28
41
50
55
56
84
77
70
68
63
72
65
68
69
79
58
58
47
21
17
-6
-14
-31
-46
-51
-50
-68
-86
-97
-90
-88
-111
-118
-95
-88
-87
-69
-52
-50
-23
-11
8
36
57
76
82
108
107
97
108
95
103
98
80
72
51
43
38
23
29
30
9
9
-3
-6
2
-6
-9
-13
-18
-19
-22
-34
-22
-23
-34
-23
-46
-37
-19
-22
-7
9
4
23
13
27
31
35
37
44
38
21
26
13
22
4
19
11
-14
-15
-33
-34
-40
-57
-38
-35
-40
-44
-50
-36
-40
-40
-30
-22
-22
-12
-12
5
12
10
17
8
24
15
18
5
3
9
-13
-8
-24
-34
-36
-54
-59
-49
-62
-85
-105
-114
-117
-112
-94
-73
-77
-64
-59
-32
-17
-5
37
35
37
48
49
71
55
69
61
67
49
31
41
26
9
6
-10
-30
-11
-36
-14
-17
-15
-13
-21
-13
-27
-10
-12
-17
-5
-5
-16
-5
-10
1
12
1
10
5
16
14
13
28
34
43
49
52
38
41
54
53
47
42
36
24
21
12
-9
-27
-43
-44
-64
-67
-71
-70
-69
-52
-36
-58
-44
-41
-37
-41
-45
-42
-47
-30
-43
-33
-27
-31
-11
-10
6
8
2
-6
3
8
3
16
28
25
11
7
-1
8
-14
-21
-18
-16
-3
-26
-28
-12
-24
-11
8
5
14
15
25
27
25
27
38
21
34
25
11
17
3
-5
-25
-16
-42
-27
-43
-60
-51
-54
-55
-56
-43
-39
-34
-25
-30
-31
-6
-4
-17
-10
-9
-20
-12
-19
-37
-21
-29
-28
-26
-28
-24
-7
-8
-8
0
-1
5
-5
3
-6
-13
-3
-20
-8
-17
-29
-33
-41
-50
-54
-57
-66
-59
-70
-64
-77
-74
-71
-61
-46
-61
-31
-36
-37
-36
-38
-41
-26
-13
-22
-29
-24
-26
-23
-15
-4
2
-3
-5
-6
-7
-13
-12
-4
1
-15
-16
-30
-35
-52
-52
-47
-57
-46
-37
-37
-42
-50
-24
-38
-43
-28
-30
-29
-46
-28
-33
-51
-51
-61
-57
-59
-67
-60
-74
-62
-61
-58
-65
-80
-55
-73
-57
-60
-61
-53
-69
-73
-74
-67
-74
-81
-72
-78
-76
-70
-67
-59
-76
-77
-77
-48
-33
-46
-34
-24
-21
-19
-14
-14
-2
-7
-17
-24
-16
-23
-35
-30
-20
-42
-56
-38
-36
-51
-46
-37
-18
-11
-21
-22
-34
-45
-34
-19
-17
-19
-24
-27
-23
-24
-31
-4
-7
-13
-6
-17
-9
-8
-24
-7
-12
4
-12
-19
-11
-27
-14
-44
-33
-37
-40
-37
-39
-47
-57
-78
-89
-56
-64
-66
-50
-61
-50
-47
-37
-36
-32
-54
-45
-29
-37
-27
-22
-33
-44
-42
-51
-63
-67
-40
-43
-52
-35
-50
-43
-40
-46
-50
-48
-49
-34
-37
-40
-24
-27
-12
-34
-39
-22
-12
-10
-25
-1
13
-2
6
16
17
23
28
24
33
24
18
33
22
10
26
23
17
17
2
-2
9
-5
4
-7
-3
-3
-7
-2
-18
-24
-32
-33
-35
-32
-46
-34
-44
-31
-33
-31
-38
-35
-12
-25
-16
-24
-9
-20
-7
-8
0
1
5
-7
-16
-2
-4
6
-4
-2
-14
-28
-47
-47
-54
-41
-45
-58
-44
-33
-33
-36
-30
-30
-13
-5
-2
-8
-5
-10
-1
-4
-23
-30
-33
-26
-32
-30
-40
-39
-52
-47
-42
-39
-33
-36
-56
-36
-21
-28
-27
-6
3
-15
8
-3
11
33
39
41
40
58
40
57
63
61
60
45
45
35
39
30
20
15
3
3
5
-21
-17
-35
-37
-33
-44
-50
-73
-61
-54
-73
-78
-71
-64
-63
-75
-77
-79
-79
-82
-88
-78
-87
-88
-67
-77
-73
-57
-53
-61
-55
-52
-46
-38
-40
-35
-30
-22
-19
-18
-34
-35
-39
-46
-49
-56
-47
-50
-49
-64
-48
-42
-55
-42
-48
-45
-41
-46
-35
-42
-37
-33
-27
-25
-29
-19
-17
-30
-44
-27
-38
-29
-44
-46
-34
-44
-49
-43
-55
-60
-50
-54
-33
-29
-21
-19
-23
-15
-16
-2
-6
-11
8
6
12
16
20
30
8
1
-2
6
-14
-18
-30
-33
-38
-55
-64
-77
-76
-97
-82
-78
-91
-92
-89
-93
-91
-75
-91
-87
-85
-104
-94
-89
-101
-91
-97
-97
-105
-105
-107
-97
-94
-98
-96
-101
-82
-83
-82
-40
-39
-49
-50
-36
-24
-25
-23
-20
-7
-3
2
-5
0
-6
-10
2
6
3
-6
-11
-14
-10
-10
-11
-9
-12
0
-11
-12
-12
-14
-7
-29
-19
-22
-41
-25
-32
-35
-38
-47
-30
-42
-41
-38
-45
-43
-42
-39
-25
-25
-37
-15
-23
-29
-17
-24
-18
-2
-17
-9
2
-8
-4
-14
-9
-10
-10
-5
-11
-16
-20
-47
-49
-57
-54
-59
-53
-55
-69
-77
-78
-87
-101
-101
-112
-99
-92
-95
-95
-88
-80
-86
-86
-66
-73
-49
-54
-61
-51
-46
-46
-53
-33
-34
-60
-39
-24
-21
-31
-16
0
-26
-5
-6
4
0
-2
0
9
14
23
18
24
19
12
20
24
6
12
8
2
10
-9
-13
-7
-6
-28
4
-23
-36
-32
-37
-43
-50
-41
-51
-40
-29
-28
-20
-28
-44
-41
-40
-48
-51
-67
-60
-75
-68
-52
-68
-68
-56
-64
-62
-74
-73
-71
-69
-59
-69
-58
-57
-51
-48
-43
-46
-38
-39
-33
-39
-38
-51
-49
-64
-70
-71
-79
-68
-94
-85
-88
-72
-66
-94
-73
-77
-87
-72
-52
-72
-58
-62
-51
-47
-51
-38
-41
-37
-20
-13
-33
-11
-8
-7
-3
4
9
6
-9
0
6
12
17
7
20
5
4
14
7
17
0
16
29
11
15
-2
-11
1
-21
-15
-4
-10
-20
-14
-21
-31
-34
-30
-36
-44
-36
-41
-46
-56
-29
-39
-52
-56
-53
-45
-51
-51
-55
-64
-56
-57
-67
-60
-78
-65
-74
-90
-74
-88
-77
-71
-82
-62
-40
-66
-57
-41
-36
-32
-41
-14
-26
-42
-27
-39
-32
-25
-44
-50
-40
-43
-46
-33
-17
-35
-41
-26
-37
-28
-14
-16
-17
-15
-3
-16
-15
-16
-14
-2
10
8
8
14
2
20
10
5
5
1
19
13
0
2
-9
-7
-6
-4
-8
-13
-37
-32
-30
-42
-44
-52
-54
-49
-31
-42
-33
-50
-47
-41
-30
-25
-31
-39
-49
-42
-50
-52
-46
-52
-51
-63
-43
-56
-69
-63
-70
-56
-65
-66
-66
-44
-47
-50
-42
-41
-41
-54
-36
-28
-38
-51
-42
-27
-44
-34
-25
-34
-26
-9
-20
-14
-11
-24
-7
-12
-28
-25
-11
4
0
19
11
14
18
13
13
9
41
34
32
50
33
35
23
25
29
10
34
30
18
11
10
6
8
4
3
11
-4
22
19
13
19
2
17
14
9
0
4
-6
-14
-12
-36
-53
-60
-53
-55
-71
-55
-49
-50
-62
-55
-64
-51
-32
-33
-23
-22
-10
-11
-14
-20
-10
-15
-9
5
-15
-26
-19
-30
-34
-19
-20
-18
-2
-17
-24
-8
-5
0
-5
-15
-9
-11
-12
-10
-11
-4
-8
-18
-13
-9
-5
12
0
-10
-4
-5
1
-9
14
3
9
18
-5
6
15
13
19
24
24
40
43
53
44
57
71
64
68
65
71
68
40
49
44
54
50
26
30
48
39
34
31
3
16
13
-1
13
30
23
12
8
10
5
-2
-6
-1
-6
-9
-18
-24
-32
-38
-32
-45
-30
-45
-26
-36
-35
-31
-34
-27
-23
-5
-1
9
7
23
25
15
9
13
24
27
27
18
22
17
25
31
17
20
7
12
-3
2
3
-15
15
6
3
-12
-2
1
8
-1
-1
0
17
18
12
47
33
18
34
21
25
25
19
15
12
23
11
30
24
37
58
55
63
57
54
58
49
50
48
47
39
54
58
61
45
44
59
56
51
42
45
51
42
38
28
33
24
13
1
-17
-13
2
-18
-30
-10
-23
-18
-19
-9
-13
-7
-3
-21
-28
-22
-2
-17
-18
-13
-5
-29
-15
1
5
7
2
9
20
27
26
37
43
50
65
57
51
48
51
52
59
54
57
49
62
53
45
44
32
39
24
19
30
21
32
40
29
34
30
46
43
31
29
32
30
32
20
34
44
23
33
31
23
22
43
39
31
46
48
44
48
44
32
32
29
14
8
14
12
6
13
5
10
12
9
30
27
24
32
17
18
18
23
22
2
5
5
8
14
7
2
-16
0
-4
-10
-11
-27
-7
-10
-5
-6
-17
-16
-9
-14
-7
-19
-25
-12
-7
-5
6
-4
5
-4
-3
8
13
30
39
39
50
69
78
57
68
87
74
69
75
83
81
63
62
60
39
50
41
38
50
50
60
29
42
38
27
45
23
29
26
20
19
32
1
-7
-1
-7
-2
-3
18
9
20
29
24
24
16
19
13
26
46
33
25
24
13
21
8
16
19
16
26
4
24
16
18
32
17
19
-5
7
14
-1
15
15
13
-5
-14
1
-6
-16
-13
1
-2
-6
-12
-4
12
8
11
1
9
4
3
8
8
10
-11
-10
-17
-26
-27
-29
-15
-14
-6
1
-5
15
42
32
45
64
51
65
66
74
82
67
78
88
69
74
83
72
68
78
80
83
69
76
68
61
57
53
59
44
45
20
25
8
1
-12
-14
-10
-18
-18
-23
-20
-14
-16
-16
-3
-6
6
9
9
4
5
18
27
28
23
13
30
36
37
35
27
39
29
17
21
17
20
18
19
14
7
12
17
18
26
29
8
14
24
16
0
18
29
20
24
21
23
8
36
42
28
29
3
22
21
8
24
17
6
17
5
-6
-5
7
15
-5
22
26
25
13
20
30
25
27
27
23
21
20
37
31
35
42
46
40
34
56
36
37
43
43
38
32
41
43
25
22
21
21
31
17
-1
3
2
-6
-6
-27
-19
-22
-18
-28
-33
-26
-31
-54
-31
-22
-44
-34
-26
-31
-21
-26
-29
2
-11
-23
-19
-3
-3
4
22
4
13
-4
11
27
21
19
31
13
25
26
22
25
9
18
4
-8
4
10
-3
-5
4
-3
13
7
13
21
28
43
26
34
46
62
55
51
52
53
61
45
41
53
40
52
25
25
32
15
12
7
16
5
7
15
12
5
-4
17
24
11
21
1
12
6
15
14
4
15
6
23
20
23
27
22
22
17
8
16
9
-1
3
1
-2
-29
-22
-15
-32
-23
-42
-37
-42
-41
-35
-41
-49
-43
-40
-36
-31
-26
-17
-18
8
-6
-13
-14
-6
3
-9
-2
3
-10
-8
-2
-10
-4
-11
-12
-5
-8
-4
0
-8
3
-5
12
12
17
17
19
23
11
5
7
16
20
35
27
31
49
33
25
33
39
47
42
40
62
61
50
52
31
38
40
24
30
24
27
19
15
21
25
16
10
9
-1
10
-23
-7
-13
-5
2
-9
-11
-20
-10
-11
-11
-35
-8
-5
-20
-25
-28
-12
-18
-21
-11
-24
-28
-25
-16
-26
-27
-30
-29
-28
-23
-24
-27
-20
-34
-34
-30
-22
-20
-13
-9
-38
-25
-16
-14
-6
-13
-6
-5
-2
2
1
3
-2
-7
11
3
2
14
18
5
2
15
24
17
16
15
27
8
2
13
11
15
16
12
5
-1
7
7
10
4
-7
11
-2
2
3
12
7
18
10
-4
-3
-14
-3
-16
-16
-12
-7
-11
-22
-29
-37
-36
-43
-48
-45
-52
-53
-58
-53
-47
-40
-68
-50
-36
-65
-69
-47
-48
-51
-47
-62
-58
-44
-47
-48
-37
-39
-27
-34
-30
-29
-26
10
9
-1
10
13
7
-1
-11
-5
-13
-23
-25
-28
-27
-32
-35
-35
-22
-14
-20
-17
-22
-24
-19
-11
-20
-8
-11
-11
-7
-16
-10
-9
-14
-21
-28
-29
-14
-24
-16
-8
-18
-18
-15
-12
-14
-12
-5
-4
-22
-3
1
-16
-7
-11
-5
-6
3
-4
2
2
-14
-9
0
5
0
4
-1
-4
13
3
-9
2
-10
-2
-21
-24
-12
-29
-25
-12
-15
-1
-16
-18
-11
-2
-16
-11
-12
-23
-13
-16
-22
-34
-6
-22
-14
-12
-4
-4
0
10
0
14
6
17
14
32
27
33
26
30
40
38
40
43
55
44
62
47
60
62
46
40
41
59
68
63
57
66
48
43
50
32
35
41
33
26
24
24
40
38
32
40
36
45
27
22
37
32
33
40
22
18
35
29
28
21
3
-1
8
7
17
4
22
33
4
30
24
19
26
31
40
42
36
28
32
28
23
26
34
25
7
8
22
21
20
23
8
14
28
8
18
8
16
24
27
31
21
31
24
19
25
29
28
13
20
23
34
58
43
51
67
49
52
75
68
52
58
62
62
84
96
88
76
72
76
97
87
76
87
86
78
78
85
64
70
74
65
57
43
50
54
38
43
41
44
45
35
37
31
35
52
51
50
56
42
46
26
39
51
40
32
32
37
31
19
22
32
18
15
15
8
23
34
38
36
44
45
50
62
60
57
39
48
52
47
54
30
40
32
46
43
22
41
20
40
19
39
28
17
33
23
22
21
28
12
10
27
22
35
35
30
23
18
21
22
30
32
27
37
59
38
36
44
47
44
41
25
24
43
33
37
29
24
37
31
31
44
49
59
52
39
38
37
19
39
34
43
36
26
24
19
48
17
27
29
27
19
22
20
18
14
20
15
13
22
17
20
10
8
12
-2
0
14
0
5
3
-3
1
-9
13
16
19
15
13
12
1
17
24
19
21
25
29
35
38
31
20
18
22
16
20
26
23
33
39
28
33
32
31
26
24
30
34
25
26
37
26
25
21
22
21
24
19
6
8
17
13
2
21
12
12
4
6
-2
13
15
5
5
-2
9
21
12
0
24
14
16
35
35
34
36
22
27
39
30
27
29
28
27
31
29
29
29
44
27
27
39
14
29
32
7
4
14
18
6
3
7
8
2
6
8
5
18
14
23
10
26
23
5
19
24
19
16
7
10
8
10
12
11
20
23
15
16
28
22
33
29
37
30
39
32
35
34
47
52
38
34
29
35
38
40
12
34
35
23
24
2
9
2
7
4
-9
-1
-4
-9
9
-18
-20
-3
-9
-5
-19
-10
-14
-14
-13
6
-12
-13
-9
-15
-10
-18
-17
-23
-23
-33
-12
5
-1
0
-1
3
18
19
28
27
16
18
22
31
23
23
22
22
17
7
5
2
-3
-4
-24
-19
-15
-33
-28
-43
-46
-50
-35
-23
-22
-24
-26
-35
-23
-10
-15
-8
0
8
-17
7
3
-19
-10
-10
-6
-15
-28
-37
-21
-13
-35
-21
-21
-18
-8
-34
-24
-19
-23
-15
-15
-12
-16
-9
-10
-10
-9
3
-2
-13
-12
-20
-11
-26
-26
-18
-22
-26
-15
-19
-33
-31
-42
-42
-29
-17
-24
-27
-17
-19
-32
-33
-21
-18
-24
-29
-8
-25
-35
-40
-42
-26
-25
-28
-21
-39
-16
-2
-19
-9
-14
-11
0
-11
-9
-14
2
-11
-8
-11
2
0
-12
-20
-32
-36
-34
-34
-47
-37
-46
-45
-43
-60
-46
-48
-55
-36
-49
-35
-44
-42
-34
-44
-36
-22
-22
-27
-20
-29
-20
-15
-7
-10
-33
-18
-32
-23
-23
-39
-50
-40
-39
-36
-41
-47
-42
-33
-40
-38
-43
-39
-27
-48
-34
-24
-29
-27
-27
-35
-22
-27
-48
-31
-34
-34
-48
-57
-61
-62
-56
-60
-45
-46
-40
-44
-40
-32
-33
-32
-28
-31
-24
-31
-42
-37
-32
-38
-47
-58
-64
-58
-64
-61
-64
-57
-60
-73
-64
-52
-57
-46
-39
-34
-24
-37
-38
-27
-18
-22
-7
-22
-42
-25
-21
-23
-34
-27
-16
-42
-42
-38
-49
-50
-58
-53
-48
-64
-60
-40
-43
-56
-49
-45
-72
-72
-73
-69
-71
-73
-64
-47
-48
-67
-60
-52
-77
-78
-65
-72
-66
-64
-72
-75
-69
-81
-60
-74
-79
-65
-58
-69
-79
-70
-71
-75
-65
-64
-69
-56
-54
-54
-64
-55
-54
-49
-55
-43
-47
-50
-46
-54
-42
-56
-59
-58
-66
-54
-40
-37
-31
-40
-49
-38
-38
-40
-44
-48
-51
-54
-53
-50
-37
-41
-58
-57
-45
-35
-55
-35
-24
-42
-43
-37
-41
-45
-32
-35
-12
-18
-16
-25
-27
-13
-19
-10
-10
-12
-19
-15
-25
-33
-31
-28
-18
-25
-25
-26
-38
-36
-38
-33
-26
-44
-34
-32
-27
-32
-20
-26
-27
-23
-19
-14
-27
-23
-21
-19
-7
-5
-8
-13
0
-4
-2
-13
-24
-6
-7
-11
2
2
-10
-20
-27
-6
-5
-2
2
2
4
3
10
12
28
24
17
22
22
18
21
36
24
29
21
24
25
13
24
13
11
12
17
10
0
6
8
10
6
9
-5
0
17
6
9
14
1
-3
-7
-3
-8
15
17
8
18
18
18
28
38
33
38
41
51
33
19
29
29
24
32
34
22
39
43
49
45
42
48
34
22
32
28
20
37
52
35
23
39
40
47
41
44
38
30
17
31
40
21
39
40
34
10
22
30
30
36
44
42
27
35
38
36
21
25
31
31
34
45
46
45
52
48
43
41
52
47
48
45
54
60
56
46
44
48
47
45
33
35
51
52
49
45
50
60
54
44
50
51
51
58
42
38
45
40
37
34
40
32
13
30
17
29
37
35
36
32
35
33
26
42
29
32
45
37
42
41
60
57
40
65
56
45
60
51
37
35
36
54
40
38
26
24
22
30
32
8
25
21
12
29
38
22
32
30
9
19
51
31
28
16
22
31
34
50
32
40
46
37
42
31
30
38
38
37
50
44
28
40
34
35
8
14
27
11
24
8
12
13
19
13
3
13
24
13
11
23
14
16
18
17
14
29
29
26
32
7
17
26
11
26
9
8
14
-7
-7
-12
-1
-13
-21
-16
-13
-23
-31
-19
-21
-36
-30
-13
-18
-9
-1
-9
-14
5
4
-3
16
12
22
10
5
22
22
9
21
23
13
22
18
24
27
34
8
19
22
27
25
26
25
23
22
7
10
12
14
6
0
-4
15
-6
-8
3
-3
2
7
10
2
10
1
14
21
8
20
15
-4
4
-11
-12
5
-1
-7
-13
-17
-4
2
-15
2
2
12
-7
-7
4
-15
-10
-8
-2
-20
-22
-27
-22
-19
-11
-23
-10
-8
-20
-16
-14
-15
-20
-12
-21
-17
-19
-28
-29
-30
-13
-23
-15
-13
-18
-25
-35
-15
-26
-16
-15
-15
-7
-9
6
-9
1
-1
-8
-7
-5
-8
4
15
8
14
3
4
11
29
18
-3
4
5
-3
-6
-3
6
4
8
9
-1
-8
-9
-2
-8
7
-10
-8
0
-14
5
-11
-3
-14
1
-2
-15
8
0
2
4
-9
-19
-10
-19
-20
-16
-4
-8
-5
4
-3
0
1
2
10
9
8
0
12
3
-8
-1
0
1
6
12
10
5
6
3
-1
1
0
-1
-5
-13
-10
10
-5
-17
-9
-13
-17
-10
-2
-14
-11
9
4
3
3
4
11
4
16
15
20
22
16
15
16
22
14
13
17
15
14
14
16
25
21
12
14
-2
2
9
-3
0
3
-9
7
15
5
0
1
-3
-18
-34
-23
-24
-8
-2
-11
-1
-18
-11
-14
-16
-17
-7
-13
-25
-19
-18
-28
-42
-38
-50
-51
-50
-75
-63
-60
-68
-42
-53
-37
-38
-43
-25
-38
-36
-29
-28
-6
-15
-25
-25
-31
-29
-24
-29
-24
-30
-12
-32
-18
-16
-34
-19
-26
-12
-11
-5
-4
-7
-3
-13
-26
-12
-6
-25
-30
-42
-37
-37
-34
-39
-38
-33
-42
-34
-39
-38
-30
-24
-35
-31
-19
-23
-30
-18
-17
-25
-26
-6
-9
-9
-9
-25
-5
-3
0
-13
-12
-6
-16
-4
-13
-6
-24
-26
-24
-30
-19
-20
-14
-20
-7
-13
-1
1
5
-6
-10
-4
-18
-34
-40
-26
-37
-32
-43
-45
-31
-40
-52
-65
-54
-50
-47
-47
-42
-32
-31
-22
-26
-37
-23
-35
-42
-34
-23
-23
-38
-25
-24
-25
-14
-5
-5
-10
-8
-19
-12
-17
-21
-16
-8
-15
-18
-12
-19
-19
-10
-3
-37
-11
5
-20
3
-5
-1
-5
1
-6
-8
3
-7
3
-1
-4
-7
-12
-23
-16
-25
-27
-9
-17
-22
-19
-15
-19
-21
-31
-27
-17
-21
6
-2
-2
5
2
8
-2
5
-6
-7
14
-7
3
7
-5
-7
-8
-2
2
9
4
7
11
-2
4
-7
-6
-1
