20
28
29
4
16
18
6
4
7
-7
1
10
15
12
12
-1
-11
-8
-10
9
-1
-1
-19
0
-10
-2
-3
-7
2
-11
1
-4
-8
5
16
-7
2
1
-5
1
5
4
-10
-1
-6
-7
5
-2
0
15
-1
3
-6
-2
1
14
1
9
10
14
13
14
22
17
20
26
9
0
-1
6
19
-9
-3
-10
-5
4
1
1
3
-4
-5
-6
-6
0
2
-4
-14
-19
-13
-11
-18
-26
-14
-16
-30
-14
-23
-14
-11
-16
-23
-24
-27
-22
-14
-24
-11
-34
-26
-6
-18
-28
-24
-35
-20
-22
-34
-15
-3
0
-7
-16
-13
-8
-13
-19
-17
-32
-37
-19
-34
-30
-33
-41
-35
-31
-30
-35
-28
-34
-28
-20
-23
-24
-21
-29
-35
-12
-19
-19
-18
-8
-23
-25
5
-1
1
-4
-15
-21
-8
13
-10
-6
6
15
14
8
8
28
3
12
6
9
19
18
33
6
19
15
20
14
25
17
12
27
14
15
9
4
15
21
20
12
11
7
11
7
27
17
8
24
3
10
2
10
30
16
11
1
-4
1
3
4
-4
4
4
0
17
3
-1
10
8
17
14
11
1
5
7
11
16
29
18
18
20
12
17
10
28
30
39
29
36
30
23
48
53
52
57
58
59
71
70
67
74
71
68
67
66
63
57
65
66
71
66
79
65
55
66
67
56
52
62
63
62
48
68
47
62
59
49
42
28
54
41
48
33
44
33
49
48
46
44
48
48
47
43
38
64
37
39
60
56
52
61
56
40
45
62
55
65
41
40
61
48
36
48
34
22
42
46
51
57
53
55
52
47
30
36
41
33
35
35
40
35
36
38
41
36
52
35
25
42
52
48
37
30
20
48
38
31
32
32
32
31
40
28
27
29
39
28
44
26
39
46
24
33
21
22
22
30
37
49
49
26
21
45
47
39
36
28
42
45
37
29
33
31
49
28
17
25
28
34
37
40
29
43
25
20
36
38
32
38
50
41
33
26
26
19
6
19
24
23
11
21
35
17
23
24
25
28
18
26
26
25
17
19
15
15
34
21
22
19
23
28
9
22
42
31
23
12
20
31
14
34
42
35
26
21
30
6
20
26
42
55
45
38
33
59
45
68
51
63
62
56
48
50
56
57
54
47
60
40
51
42
53
55
54
43
37
55
45
29
36
42
52
50
36
39
37
26
34
23
23
13
4
11
16
29
21
20
11
18
38
17
29
41
24
32
19
26
27
20
22
20
13
14
24
14
20
33
25
37
26
37
34
25
32
46
56
56
41
31
18
26
34
45
59
46
42
35
36
37
48
49
42
61
50
43
37
40
49
51
64
64
53
58
46
47
61
54
62
62
44
51
54
47
48
48
48
57
46
42
47
52
46
46
54
58
50
47
41
38
48
50
49
37
38
42
35
52
56
32
30
26
31
22
29
22
27
37
36
32
14
19
26
19
19
13
20
28
15
23
42
16
23
13
20
14
13
20
11
10
-1
19
22
22
16
19
16
24
19
34
39
33
49
34
42
42
45
51
39
57
50
30
56
42
53
50
42
63
69
60
57
63
53
64
54
48
58
64
64
67
62
46
53
54
60
57
54
47
46
49
31
51
41
42
45
43
42
37
32
30
49
46
35
25
30
16
25
21
20
17
5
8
11
6
25
27
11
12
10
19
5
14
6
9
14
15
2
10
15
-2
20
6
-10
12
24
5
21
18
0
3
12
22
15
19
21
16
6
5
24
32
30
17
21
20
13
24
30
22
15
41
32
21
30
17
9
25
23
19
11
6
7
23
29
10
26
19
21
18
14
8
9
-6
26
17
30
28
18
31
7
-3
9
-3
-1
3
-19
-4
-4
-12
-13
-10
-24
-18
-9
-14
-21
-27
-27
-23
-7
-11
-22
-21
-10
-9
-30
-8
-16
-27
-22
-20
-10
-15
-9
-32
-10
-13
-17
-30
-20
-14
-29
-26
-11
-32
-24
-21
-18
-20
-21
-17
-31
-6
-7
4
-7
-16
-1
-1
-12
3
0
4
-1
-9
-10
2
-4
1
7
-8
-12
-6
-16
-4
-11
-20
-11
-2
-4
-18
-22
-17
-3
-14
-10
-14
-5
1
-10
-14
-8
-7
-9
-19
-7
-17
-18
-16
-4
3
-8
2
-21
-5
-5
-15
-15
-9
-15
-27
-24
-29
-28
-12
-14
-14
-7
-13
-19
-7
-13
-18
-7
-16
-21
-27
-31
-17
-2
-19
-15
-31
-30
-24
-24
-27
-31
-23
-28
-26
-27
-26
-28
-25
-27
-17
-22
-27
-12
-12
-11
-22
-8
-3
-13
11
-4
-1
3
5
8
9
-7
-20
3
6
2
0
-1
5
3
11
2
9
14
18
28
22
19
13
22
21
8
25
17
-4
4
11
-2
6
21
11
4
3
3
12
16
3
-4
16
-10
8
10
1
7
-17
2
9
16
1
1
9
3
3
8
2
13
5
10
10
1
5
2
-8
-14
0
0
14
-2
-3
-4
-7
2
5
-1
3
14
18
23
18
15
24
33
26
5
12
4
24
19
5
26
28
49
7
21
25
23
34
33
45
29
33
35
37
27
16
15
27
32
43
25
20
28
15
32
27
28
35
25
24
36
22
23
30
18
16
22
21
19
16
12
7
18
22
6
12
5
12
25
3
2
2
6
-2
-7
1
2
-5
0
0
-16
2
0
-4
-15
-14
0
2
-6
-9
-6
-4
5
8
-6
3
2
-9
1
18
6
-6
9
6
4
0
12
-14
-11
4
8
-3
4
1
-1
0
-7
2
12
22
6
6
17
2
3
7
15
8
1
-3
-1
13
12
0
1
-7
21
4
-8
8
-1
10
10
23
3
8
6
-9
-5
-10
-1
16
-2
9
6
-2
-7
-9
14
-8
-7
6
-13
-22
-6
-14
0
9
1
0
-16
-21
-6
-3
-2
1
4
-10
-25
-12
-5
-4
-9
-16
-12
-8
-3
-2
-8
-11
4
-13
-22
-11
-9
-1
-4
-15
-26
-5
6
-5
1
5
3
4
0
7
5
-2
7
9
9
9
6
17
16
17
7
19
2
5
25
26
33
29
30
13
25
11
16
15
15
25
27
29
18
34
18
21
22
16
15
21
21
22
14
20
19
17
23
8
23
34
30
33
26
20
25
14
10
21
17
21
17
14
27
30
13
11
12
15
11
4
3
18
12
10
5
15
-2
6
-4
6
1
-13
-2
-9
10
2
-21
-2
-3
-6
3
11
4
-2
10
8
13
10
8
-1
2
4
5
18
12
20
5
14
3
-3
33
7
19
29
14
12
21
1
14
9
15
23
16
25
18
12
16
25
21
22
39
20
9
12
14
25
20
-3
10
18
7
6
6
11
6
10
15
5
-6
-4
-13
-13
-7
-2
1
-12
-6
-7
-18
-11
-12
-16
-9
-9
-13
-16
-27
-22
-17
-13
-18
-24
-23
-25
-30
-32
-3
-5
-11
-27
-30
-15
-34
-23
-18
-24
-13
-20
-20
-21
-15
-14
-7
-7
10
2
9
14
-3
22
5
5
5
8
-3
1
-4
1
6
1
-8
-11
19
2
-9
-3
14
-6
16
1
-3
-12
-18
13
-18
-14
-2
7
-5
-11
-8
-14
1
-5
-8
8
-6
8
2
-7
11
11
-6
-12
0
2
-6
-7
-13
0
-8
1
-10
-14
-10
-9
-9
-13
5
-21
-17
-19
-17
-9
-14
2
-16
-19
-17
-12
-23
-16
-16
-16
-12
-13
-14
-6
8
3
8
10
10
2
-6
-3
-16
-12
-13
-7
-8
-16
-8
-14
-17
-7
1
1
-14
-12
-2
-2
13
-2
0
8
5
6
4
3
12
12
12
18
16
16
16
16
22
12
16
20
-3
10
13
0
10
-1
1
2
16
3
-2
-8
0
17
15
13
4
-7
-21
1
13
0
-9
6
10
11
16
17
-7
-3
-2
1
5
4
6
0
9
-10
9
6
19
23
6
8
8
-4
6
27
23
20
18
7
4
9
14
11
23
19
13
38
16
22
38
31
19
26
26
22
35
25
11
29
26
19
12
20
36
33
35
22
31
41
24
28
25
22
33
16
22
29
24
30
29
35
37
27
29
36
15
29
26
9
19
36
24
18
30
9
13
13
20
24
23
32
28
12
20
21
10
28
9
11
8
2
3
4
6
5
15
3
12
23
3
12
6
-13
3
-4
-9
-13
-24
-25
3
-5
-6
-3
-5
-6
-21
-10
-4
4
-7
-8
0
-2
-2
1
-4
6
-18
-3
8
2
12
11
4
7
-10
-18
1
-11
-7
2
-6
-7
-6
3
-3
-28
-9
18
6
16
3
-7
5
4
16
14
19
12
24
4
3
14
7
14
15
5
13
8
-5
16
1
4
5
9
-24
-2
-6
-23
9
-4
3
-6
-16
7
0
-5
-6
-12
-1
4
1
-13
-7
14
2
2
5
10
-2
3
-1
-9
0
-5
-5
0
2
1
10
2
-9
-1
11
2
9
6
3
-1
1
10
9
18
-3
-11
5
10
18
10
12
9
15
14
7
9
17
18
15
23
27
26
31
27
36
31
34
27
26
34
30
29
23
42
28
25
40
36
23
24
24
19
31
18
10
20
36
31
24
31
25
26
27
23
9
25
17
16
12
-10
2
6
7
-6
-2
20
2
17
9
3
6
5
12
-6
7
-1
-9
17
16
0
-1
1
9
2
11
-6
7
15
12
15
-11
3
2
26
21
21
6
8
18
22
8
26
33
17
30
36
51
33
36
54
39
36
39
45
34
41
25
25
46
43
38
28
53
35
20
41
25
27
18
31
33
14
24
31
27
23
20
28
29
11
11
22
29
9
26
30
31
27
18
25
12
15
11
22
6
11
9
11
14
6
1
-13
8
0
-13
12
-14
-10
4
8
11
-2
12
15
-2
15
17
13
14
24
18
12
28
20
21
22
27
11
22
29
11
32
34
30
16
30
30
16
27
21
18
8
20
18
13
33
26
21
26
25
26
28
26
29
41
29
42
43
35
40
24
20
29
41
49
25
28
37
29
28
44
33
31
35
22
28
17
33
38
23
31
48
35
38
39
25
32
39
36
25
20
28
22
13
14
27
19
19
11
9
7
20
25
2
3
21
19
23
12
13
14
27
28
19
21
19
24
8
21
15
21
30
31
44
39
36
31
26
29
37
37
51
37
36
71
63
45
40
39
45
46
48
47
23
32
40
33
47
47
58
56
49
55
54
42
60
58
53
50
54
50
50
48
67
62
42
64
46
31
37
41
53
54
46
48
51
54
59
50
37
42
47
45
54
47
49
41
48
46
56
59
39
50
55
50
46
48
51
52
51
47
54
46
49
52
41
35
33
33
25
29
41
40
34
35
55
54
45
35
49
45
37
40
41
61
56
43
41
41
56
58
53
52
52
43
39
43
41
49
36
46
53
59
49
47
42
58
55
54
53
33
33
28
48
42
35
35
47
46
44
48
46
52
46
36
49
48
48
53
50
60
34
42
61
60
54
40
50
41
42
45
46
55
43
38
36
38
39
28
46
34
30
27
31
51
38
19
27
40
43
40
27
20
34
28
33
32
38
29
42
53
29
48
44
50
56
45
64
58
53
42
30
36
52
47
60
39
35
51
46
63
52
42
37
37
31
49
52
40
43
43
43
52
45
43
42
39
48
44
47
45
50
51
61
67
46
60
59
49
59
58
60
69
64
61
67
60
68
70
65
62
48
55
75
56
68
57
63
70
60
52
54
59
67
76
58
67
50
60
73
68
50
57
70
70
65
38
53
47
52
49
44
51
46
38
40
55
40
39
49
66
68
53
49
38
45
46
49
66
50
69
44
60
69
64
65
66
58
54
64
66
75
70
73
53
48
53
65
58
61
61
59
57
62
69
79
71
53
60
63
51
64
59
58
67
69
66
59
50
52
58
58
60
62
56
65
59
66
70
55
56
48
52
60
42
59
67
67
62
63
63
55
38
51
57
39
45
50
42
43
43
50
34
29
47
36
44
47
34
22
29
35
43
42
51
46
36
36
36
36
31
42
33
30
44
35
44
41
42
56
47
40
30
45
54
39
52
36
44
35
31
31
38
37
28
53
38
45
49
55
46
55
59
44
46
47
54
49
49
50
55
37
45
43
31
43
29
41
35
37
40
29
23
30
25
32
24
24
39
21
35
23
25
14
28
32
16
39
24
23
16
26
20
25
28
24
35
20
28
36
21
23
20
23
31
30
29
25
26
34
34
42
31
37
36
39
29
19
22
19
34
40
33
39
42
33
38
35
43
42
46
41
45
52
49
61
62
60
55
51
50
62
62
53
51
59
49
57
58
59
59
57
51
52
67
53
63
64
53
65
65
54
60
47
74
81
59
63
58
58
55
64
53
60
57
64
55
51
47
52
71
63
56
60
79
54
55
49
55
45
41
42
38
42
37
40
31
24
21
40
47
40
51
55
62
47
53
55
50
50
54
53
60
76
56
64
64
60
71
81
72
77
70
59
68
74
64
76
72
56
62
70
76
62
71
60
66
75
66
72
62
52
63
45
44
62
58
61
58
61
63
59
61
55
70
78
53
56
39
41
65
49
54
58
61
51
42
41
53
38
43
58
45
55
49
48
37
41
51
47
39
40
52
44
44
40
50
46
36
35
37
39
34
29
31
25
26
39
27
38
45
45
38
43
49
38
50
41
32
34
33
61
58
57
51
46
54
60
53
53
62
25
49
44
42
41
43
39
45
37
34
46
40
44
33
39
46
38
38
34
30
37
38
31
27
29
34
18
29
42
21
35
19
37
35
30
20
27
44
24
24
17
13
33
15
20
30
23
17
27
32
25
35
33
36
24
32
16
35
27
40
29
19
30
24
26
9
30
23
36
32
41
40
32
38
26
30
30
33
33
15
30
38
37
34
36
27
35
24
33
47
35
34
43
44
42
36
25
46
32
20
23
41
25
21
34
20
40
39
36
28
28
29
28
30
33
42
33
34
37
42
41
35
45
34
44
36
32
43
47
33
31
41
29
37
40
35
32
40
31
24
18
20
1
13
30
17
38
31
11
20
22
18
7
8
21
9
13
17
20
18
20
27
7
24
20
7
17
16
3
14
8
20
16
16
19
13
21
4
28
4
5
10
12
18
19
8
14
20
10
8
18
14
12
28
23
21
12
9
15
28
18
34
15
18
29
20
30
14
24
35
35
29
26
18
20
25
26
15
7
13
17
27
17
17
8
12
12
-6
-7
-2
-3
-1
9
13
10
5
7
4
-15
2
-15
-9
-11
-14
-14
-28
-4
-25
-19
-1
-2
-17
10
-1
6
12
-3
16
-1
5
-10
-1
-1
-4
6
-2
-1
1
11
-9
0
1
4
5
-3
1
12
7
15
7
1
17
16
12
9
14
7
-2
18
16
8
8
2
14
3
28
11
4
10
7
21
10
17
3
0
5
5
7
-4
17
15
6
30
25
23
16
20
27
7
2
18
25
22
23
26
20
15
13
-14
1
17
7
11
6
14
-11
3
6
-1
27
4
5
3
15
12
-10
-13
14
13
5
21
15
5
-3
15
0
0
5
16
15
3
-3
-1
7
7
16
11
10
13
2
9
8
13
-1
17
0
3
17
2
25
17
18
29
26
16
16
25
26
12
20
23
6
10
-4
1
8
-1
7
11
11
10
20
7
19
15
-4
13
22
14
20
1
14
19
4
-9
0
13
6
13
17
27
19
31
32
30
15
11
18
22
12
15
29
9
10
11
19
31
31
13
13
12
3
-4
6
2
0
16
16
13
26
17
19
23
7
31
33
28
10
35
39
29
15
30
34
35
28
8
25
32
28
31
32
29
34
23
27
30
5
20
19
23
36
32
1
19
22
-2
20
17
15
8
18
18
16
16
19
26
21
23
30
14
15
10
18
14
18
24
19
18
17
34
11
16
9
16
13
8
32
9
20
19
20
17
25
14
11
33
17
22
16
17
11
17
-6
-7
4
-7
-5
7
-3
-6
9
11
22
9
-12
-3
13
3
18
9
-5
8
-6
-5
-24
-16
-7
-13
-2
-4
-3
-4
-3
0
-16
-10
-15
-24
-21
-22
-12
-11
0
-17
-13
1
-13
-14
-12
-14
-13
-9
0
-18
-26
-15
-24
-9
4
1
-7
-29
-7
-5
6
-10
-32
-12
-16
-14
-10
-7
-9
-11
-7
-6
-10
-14
-3
-14
-7
13
24
19
0
1
3
12
10
11
-3
2
11
-6
-3
-14
4
6
-30
-10
-3
1
-4
-11
4
-1
22
14
9
12
2
-2
0
-11
-12
2
-14
6
8
3
14
12
19
1
4
18
14
6
10
14
8
6
22
4
2
15
13
34
32
18
8
11
19
20
15
14
19
27
24
29
23
26
19
31
37
25
28
32
24
14
31
54
42
56
54
34
45
36
44
39
28
47
41
46
45
60
55
35
53
47
47
44
32
44
49
41
53
37
41
39
38
33
34
48
37
30
43
47
39
63
47
43
42
42
50
57
55
61
53
60
56
65
74
62
68
77
69
69
68
77
76
66
71
58
55
67
63
50
56
55
73
70
65
67
58
57
55
51
59
49
59
62
59
56
64
64
58
59
68
65
50
51
41
50
47
51
68
49
43
52
31
42
48
53
52
52
62
49
50
56
53
68
60
29
29
40
49
21
33
27
37
45
20
34
39
40
45
33
34
32
29
36
16
34
43
44
47
40
42
34
45
36
47
35
35
47
39
49
37
42
47
42
49
34
37
25
23
38
35
43
36
33
19
26
22
25
22
25
35
32
39
44
36
32
37
35
30
30
33
14
26
15
27
23
30
40
18
29
9
15
27
16
18
10
11
17
3
-2
12
8
14
8
9
15
18
8
10
13
2
25
20
27
28
15
20
29
13
4
20
10
9
8
0
2
16
12
4
16
2
11
6
6
10
-1
0
4
17
3
8
22
1
11
8
5
0
8
15
7
11
8
4
19
16
8
16
8
1
-3
17
8
14
-3
1
-1
-3
9
-8
5
6
12
9
9
19
24
17
17
31
33
24
31
20
25
35
25
33
18
27
31
13
14
12
12
6
0
21
21
19
23
16
19
39
23
25
22
19
29
27
50
39
45
26
41
53
45
52
56
33
41
38
23
40
26
33
27
29
24
22
29
35
14
24
32
37
50
28
35
30
35
44
40
39
30
35
22
22
16
28
27
30
42
23
32
45
45
28
25
21
23
24
30
13
18
26
15
29
31
9
1
20
24
19
22
24
23
24
33
18
23
31
39
22
19
29
28
25
6
28
15
22
20
13
13
25
41
26
25
16
25
-1
19
30
23
26
21
14
18
25
30
34
25
36
21
31
24
6
20
13
11
10
-9
1
-3
2
3
0
5
2
5
-1
-4
-9
-24
-6
-13
-15
-8
-24
-20
-19
8
-10
-8
1
-16
-13
2
-4
-5
-3
-9
10
-3
5
-7
8
20
7
9
-4
6
-4
6
25
13
12
8
-5
-7
4
1
1
-4
-6
0
-9
-1
-15
-6
5
-5
4
-4
4
0
-11
-2
-17
-34
-20
-14
-16
-17
-18
-21
-21
-10
-39
-29
-29
-32
-21
-35
-9
-17
-22
-28
-32
-23
-30
-23
-26
-8
-17
-27
-4
-17
-20
-22
-22
-16
-15
-22
-23
-18
-20
-23
-16
-17
-25
-28
-25
-17
-12
-2
-14
-10
-13
-26
-27
-16
-14
-14
-19
-19
-18
-33
-20
-21
-18
-15
-26
-30
-16
-22
-17
-25
-16
-21
-38
-25
-26
-25
-21
-27
-35
-26
-18
-4
-20
-19
-21
-22
-20
-25
-24
-31
-15
-13
-11
-26
-24
-4
-10
-18
-11
-3
-23
-8
-16
-22
-5
-10
-21
-8
0
-20
-17
-29
-31
-7
-15
-31
-43
-28
-23
-21
-12
-25
-28
-18
-26
-41
-21
-33
-39
-36
-49
-38
-33
-43
-36
-30
-30
-31
-18
-32
-31
-34
-41
-33
-29
-26
-39
-46
-42
-35
-46
-59
-42
-39
-63
-42
-44
-44
-34
-36
-38
-44
-37
-25
-38
-48
-40
-35
-30
-31
-45
-58
-39
-29
-31
-42
-31
-39
-36
-43
-49
-49
-47
-39
-36
-38
-32
-36
-56
-54
-46
-48
-43
-58
-46
-46
-56
-63
-52
-65
-61
-45
-65
-75
-72
-62
-66
-77
-83
-86
-79
-71
-64
-63
-63
-67
-82
-78
-80
-75
-86
-82
-83
-70
-66
-79
-78
-94
-103
-91
-93
-86
-70
-76
-66
-70
-82
-63
-66
-48
-80
-73
-61
-67
-57
-69
-51
-64
-54
-44
-42
-70
-51
-53
-51
-50
-58
-50
-45
-53
-84
-71
-52
-63
-56
-44
-55
-49
-47
-62
-53
-48
-42
-53
-55
-46
-56
-47
-41
-41
-47
-47
-37
-43
-47
-56
-47
-42
-46
-29
-30
-40
-51
-48
-34
-41
-30
-39
-35
-45
-45
-41
-42
-26
-40
-30
-46
-34
-46
-27
-30
-50
-34
-48
-39
-38
-43
-44
-43
-54
-36
-46
-51
-56
-40
-47
-61
-38
-51
-37
-44
-59
-51
-44
-48
-47
-42
-42
-35
-26
-36
-30
-42
-44
-35
-43
-29
-55
-52
-46
-43
-46
-41
-42
-43
-36
-38
-33
-22
-22
-41
-33
-40
-39
-36
-38
-34
-49
-45
-42
-54
-36
-42
-49
-47
-49
-35
-44
-44
-41
-35
-42
-47
-28
-50
-53
-50
-43
-47
-43
-36
-38
-31
-34
-46
-32
-30
-51
-45
-36
-41
-45
-37
-35
-42
-42
-44
-30
-36
-35
-35
-45
-39
-48
-36
-29
-27
-49
-41
-35
-45
-49
-54
-47
-56
-47
-57
-55
-44
-62
-45
-51
-64
-68
-59
-59
-53
-54
-62
-54
-61
-47
-55
-54
-66
-76
-68
-57
-54
-71
-71
-61
-58
-51
-58
-57
-56
-54
-61
-66
-61
-74
-58
-62
-55
-56
-58
-61
-69
-55
-47
-53
-58
-56
-64
-58
-71
-70
-65
-68
-52
-59
-59
-52
-65
-51
-50
-57
-57
-51
-56
-57
-61
-67
-56
-52
-65
-76
-59
-64
-71
-63
-70
-79
-59
-64
-54
-50
-58
-67
-75
-47
-56
-61
-51
-57
-56
-60
-55
-67
-59
-67
-65
-57
-68
-75
-61
-60
-63
-61
-60
-60
-66
-59
-59
-57
-59
-57
-44
-57
-67
-57
-66
-56
-49
-50
-54
-43
-29
-27
-46
-39
-28
-32
-15
-15
-16
-30
-25
-31
-22
-20
-22
-30
-31
-24
-22
-17
-30
-33
-25
-27
-24
-25
-18
-20
-25
-9
-13
-27
-27
-22
-26
-33
-47
-28
-17
-32
-34
-25
-29
-28
-20
-30
-29
-23
-25
-23
-37
-40
-38
-26
-29
-35
-35
-27
-32
-20
-23
-21
-25
-30
-16
-19
-8
-20
-18
-16
-17
-22
-19
-16
-24
-10
-14
-20
-19
-13
-19
-17
-10
-9
-4
-3
0
3
-3
8
9
-1
14
11
1
2
8
17
18
4
6
19
15
20
20
8
1
0
12
14
4
8
0
1
-5
-12
-6
2
-1
-23
-11
-5
8
-13
-3
2
-4
-1
-8
-8
-20
0
-33
-9
-6
-28
-23
-15
-21
-22
-21
-4
-12
-18
-7
-21
-16
-24
-16
-20
-15
-31
-25
-18
-20
-36
-47
-23
-45
-43
-33
-49
-65
-52
-46
-45
-43
-42
-47
-41
-45
-46
-48
-69
-68
-58
-56
-38
-55
-60
-50
-51
-48
-58
-53
-70
-57
-64
-45
-40
-40
-48
-50
-46
-46
-39
-40
-26
-35
-45
-36
-49
-54
-51
-42
-34
-34
-54
-44
-44
-29
-23
-42
-37
-29
-29
-41
-26
-24
-35
-27
-25
-29
-35
-27
-19
-35
-23
-18
-33
-18
-19
-33
-28
-24
-25
-32
-19
-15
-43
-33
-35
-25
-23
-21
-23
-40
-32
-24
-21
-28
-31
-27
-21
-29
-21
-32
-40
-27
-37
-47
-33
-37
-38
-34
-33
-22
-55
-50
-48
-35
-39
-50
-36
-39
-33
-35
-33
-27
-33
-32
-38
-42
-36
-29
-31
-27
-12
-15
-25
-26
-15
-17
-24
-16
-2
-17
-14
-11
-22
-23
-24
-20
-22
-19
-14
0
-13
-1
-12
-5
-6
-17
3
2
0
3
6
1
-1
5
20
6
6
-4
11
24
-2
17
20
10
18
19
15
21
13
9
8
4
10
2
10
15
5
15
26
23
31
25
22
27
29
23
17
34
15
19
14
15
34
32
23
23
24
33
44
26
24
35
32
19
23
31
34
27
31
32
47
29
31
56
26
32
19
24
33
31
27
29
33
41
45
34
36
46
32
46
45
33
30
29
40
35
48
55
38
42
46
42
46
38
37
48
46
42
28
49
34
37
42
22
26
28
44
23
46
59
40
30
35
55
42
38
27
36
41
36
30
36
32
33
23
25
21
1
20
24
29
29
21
10
9
15
7
17
14
28
25
11
14
15
30
33
40
22
23
28
19
28
20
27
20
13
25
46
27
32
19
21
26
27
19
36
42
10
41
19
20
23
30
35
32
17
11
33
31
29
21
27
13
4
12
18
8
24
13
6
18
21
22
12
8
-2
11
-4
-1
4
13
20
10
16
15
17
14
9
12
21
-2
3
-6
-1
-14
0
4
8
2
-19
-7
-11
-13
-27
-11
17
-5
-3
-11
-8
-10
-16
-3
-2
9
9
1
-1
14
11
-4
0
1
0
-6
-21
-5
-16
-3
0
1
3
-10
-5
-20
-6
-12
-11
-5
-2
9
-5
-12
1
-5
-3
4
-6
-7
-1
9
-1
-11
-1
3
-3
-4
-1
-10
4
-11
-5
-3
-13
-12
-1
-1
-18
-4
-25
-9
7
-6
10
4
1
-7
1
-1
-6
2
-1
2
-15
1
-5
-2
10
9
-6
0
-7
-13
-8
-19
-16
-3
-6
-9
-6
-20
-10
6
-7
0
13
0
3
7
0
1
1
0
-6
-13
-4
0
-5
0
1
6
3
8
3
11
-8
6
19
9
10
17
20
32
38
11
18
22
22
27
40
28
9
27
39
30
32
25
42
39
40
48
25
20
33
37
33
37
24
32
34
29
14
26
32
23
36
23
13
20
44
30
42
24
37
29
13
35
35
25
21
11
43
47
36
40
40
40
26
20
28
43
25
13
27
36
13
18
17
14
22
14
6
15
12
5
31
26
28
25
28
14
15
7
-4
13
14
11
11
2
1
2
9
-6
5
0
6
20
5
14
-1
2
5
11
13
8
19
15
28
10
16
21
-2
7
15
7
29
20
25
20
21
15
20
29
29
49
31
31
35
33
30
22
29
24
31
45
50
34
31
30
27
33
29
46
42
30
47
58
18
24
46
38
40
42
41
32
45
27
29
35
23
32
31
29
37
36
27
20
12
36
17
22
48
26
30
29
19
13
37
39
28
50
40
18
27
19
34
26
31
47
30
35
40
29
18
32
40
57
67
60
61
58
27
47
54
43
55
39
50
55
30
51
46
40
43
43
50
29
36
31
15
21
32
18
25
33
30
49
46
52
33
44
36
37
47
29
41
35
33
47
39
33
27
30
16
40
43
24
28
19
30
10
18
27
23
18
19
20
14
9
4
27
47
41
32
32
47
39
33
31
31
48
38
66
61
21
33
42
21
14
32
31
17
45
29
31
34
0
31
21
13
33
28
23
32
16
26
27
15
41
37
11
30
30
16
30
24
29
38
22
37
29
39
26
27
34
8
36
28
21
39
33
35
48
37
38
20
18
0
-1
35
15
47
38
9
8
14
24
-6
23
8
20
21
4
33
29
12
23
21
14
9
9
24
19
11
22
43
28
13
20
31
2
23
36
31
45
27
41
-1
27
18
-4
11
28
21
20
35
27
23
20
14
23
26
19
35
16
14
45
18
22
45
10
27
32
33
37
52
49
24
35
46
34
42
62
27
29
27
32
28
28
37
11
46
37
17
22
20
28
18
45
19
30
47
25
37
23
29
18
16
39
12
19
28
23
23
26
17
37
39
20
42
50
37
37
33
3
13
29
-22
26
51
-5
31
40
28
18
33
5
7
25
50
42
51
39
15
65
3
16
34
57
48
71
70
44
50
55
52
73
87
37
68
67
73
43
26
36
16
32
31
59
39
43
43
19
40
45
55
23
43
37
42
57
48
63
35
89
48
41
61
44
76
42
28
24
30
47
20
32
10
2
-3
11
-2
18
38
25
-4
17
41
39
13
38
86
18
69
53
25
45
51
46
24
78
37
47
57
27
64
15
29
69
40
15
72
22
18
61
49
23
13
52
34
25
32
38
44
0
21
29
4
26
16
34
15
24
35
12
19
26
32
42
41
30
72
6
19
26
11
50
16
41
23
24
16
55
21
16
44
-5
72
5
23
76
0
27
38
53
3
41
37
-4
40
33
15
37
25
39
62
40
22
34
58
16
57
2
32
38
60
78
40
85
30
78
46
52
89
7
39
54
61
37
67
13
-2
50
-22
18
20
30
42
2
36
-22
53
-13
6
32
-6
49
34
56
-6
43
59
9
35
33
71
30
38
103
-17
43
40
32
16
19
34
49
26
37
28
-54
9
1
31
-1
27
32
0
62
-15
8
23
14
43
26
13
63
10
-27
45
-28
-29
10
41
-26
37
47
-12
21
19
17
35
-5
7
29
-50
38
4
-7
49
-47
10
10
10
25
-9
29
-27
26
-19
-23
18
9
-25
-5
-3
-40
2
-33
-38
22
3
-13
16
3
-15
-15
39
32
19
43
65
22
-13
53
-36
1
4
-27
47
14
-18
36
22
-58
-1
32
6
-26
78
-22
16
38
-29
-11
7
-2
5
36
22
11
21
5
5
2
0
53
-14
62
45
-62
54
-18
-30
22
-38
-5
12
-51
-7
-10
-1
-50
32
-6
17
26
-2
24
-16
11
-28
-25
-4
-16
-23
-23
2
-16
-23
-6
-2
11
-43
-15
33
-63
-1
-3
-26
-55
-5
23
-37
22
-17
9
-6
19
-18
-8
53
-50
26
13
58
-24
50
28
-50
72
-35
-18
15
58
-35
14
52
-39
-44
65
21
-56
69
-38
-27
95
-26
4
6
-53
17
-18
13
1
43
-3
42
84
-59
46
57
-32
30
108
11
6
92
-40
23
42
-57
2
-3
15
-97
35
16
-55
20
-23
12
-14
-3
84
-69
59
19
-44
19
56
43
-84
166
-96
24
69
-53
52
-38
98
-60
45
31
-27
108
-66
66
11
-16
18
25
-52
-31
64
-94
7
7
-38
-9
6
5
44
4
40
4
27
20
-49
130
-47
10
79
-5
26
-18
46
-47
11
-7
-37
47
-73
36
31
-18
51
-16
-33
-75
99
-49
70
52
-28
-7
-12
24
-34
21
-3
-43
-24
-34
-37
-23
-44
-4
-28
-5
-52
30
-38
-47
-10
-50
-18
-9
-66
3
-5
-47
46
3
21
-44
-5
-61
-67
63
-70
51
54
-81
55
-11
-71
-78
54
-92
-9
33
-45
5
17
-19
-62
82
-68
19
-49
22
-37
-55
76
-143
91
-60
-36
19
-75
18
-22
-9
-22
-35
-45
-40
-6
-70
39
17
-81
14
-36
-14
-20
44
7
-5
-13
-5
-45
-68
48
-49
-3
-22
-93
-41
-40
-113
24
-129
-68
24
-149
12
-39
-84
-34
-54
37
-81
4
35
-92
7
-17
-68
14
-99
13
-56
31
-16
-85
1
-95
-57
-10
24
-11
22
-79
43
-50
10
-18
-18
-25
-40
-10
-178
17
-135
-115
16
-56
-35
-35
-11
-61
12
-29
-35
16
-23
-108
52
-68
-72
52
-99
47
-18
-43
-18
-11
-71
35
-1
-13
-16
-2
-30
-67
-48
-126
-86
-62
-148
-54
-6
-209
-42
-126
-121
-83
-82
-85
-36
12
-28
-6
-38
-8
-13
27
-21
-24
8
-26
35
-54
16
-80
-47
-65
-58
-30
-96
-110
-131
-38
-82
-25
-51
-93
-61
-117
-21
-55
-40
46
-87
2
-20
-150
-24
-109
18
-89
-25
-5
-164
-36
-111
-88
-52
-43
-59
2
-46
-135
34
-62
-82
-68
36
-80
-56
-6
-96
-93
-38
-89
-41
-22
-148
3
-123
19
-41
-167
2
-121
-92
-2
-36
-110
-41
-32
-111
-35
4
-56
19
-85
-35
-28
-51
-22
-45
-15
-133
-38
-29
-113
64
-41
-52
-11
-51
-27
-112
-7
-128
-26
-48
-50
-50
4
-13
-124
126
-90
78
-1
-83
19
-6
-49
-6
47
-184
13
-102
-132
-67
-25
-85
-108
45
-208
8
-59
-133
77
-23
-22
11
7
-128
55
-24
-86
40
-89
-77
-5
11
-124
-32
-42
-128
-8
37
-41
-94
35
-105
-57
-41
35
-37
-9
-16
-51
-47
72
-72
-75
39
-80
-13
-23
-61
-16
-74
56
-62
51
1
-65
-37
41
-4
10
65
-21
39
9
39
-10
22
26
44
-19
32
-26
-91
-137
-98
-40
-63
92
-57
-1
-10
-6
-54
29
-70
-103
101
-87
16
60
-163
18
-35
-84
108
-34
0
61
0
12
-31
-12
-42
-20
147
-54
78
42
-55
53
-81
70
9
36
-55
7
-70
2
-66
-72
-38
-95
-48
-106
-89
-188
1
-120
-131
17
-85
-71
-69
50
-170
-9
52
-189
79
-83
-91
-51
-5
-169
13
-45
-127
-89
-97
-113
-44
-135
-85
23
-152
77
-115
-45
1
-135
-58
-22
-19
-40
-51
-23
-139
-60
-27
-80
31
-4
-26
21
-94
-77
-88
-97
46
-129
-60
-12
-207
-156
44
-139
-74
46
-121
-42
19
-86
15
1
-89
14
49
-17
-64
58
-125
-146
19
-111
-37
-49
-11
-113
-81
-2
-113
-74
-18
-17
-245
61
-85
-201
107
-142
-128
-72
-99
-141
-58
-32
-134
-5
-83
-96
-49
-68
-148
-41
-137
-32
-120
-64
-82
-181
-130
-94
-59
-63
-80
-65
-150
-66
-80
-118
42
-157
-22
-42
-71
-11
-33
-42
-32
-72
-14
19
59
-4
-50
64
-107
-88
17
-81
-58
-55
3
-64
-40
-13
-202
-101
41
-280
71
-27
-95
29
-159
-3
-180
-47
-77
2
34
-145
5
-70
-94
14
-205
-2
-78
-23
-85
-50
59
-123
-4
-113
-12
-48
-47
8
-101
114
-129
84
-154
-16
-19
11
-57
-64
57
-116
113
-68
-9
-51
-11
-97
17
-107
-39
-83
-7
27
-23
-30
-9
-82
-17
14
-16
64
-54
17
-47
-39
-90
-1
-53
-58
61
-122
-54
-124
-97
-4
-14
-112
-27
-27
-118
-46
-3
-38
-8
16
-101
-25
34
-90
-44
21
-94
21
-54
-115
46
-33
-90
147
-53
29
-84
-48
-146
-9
11
-64
-49
-36
-66
-124
-79
-184
-14
-170
-68
-98
-2
-236
-41
-131
-156
6
-122
-131
-45
-5
-90
46
-42
-105
104
-55
44
-14
-75
38
40
32
-9
73
-151
-100
-57
-10
-49
-82
7
-70
-150
40
-313
-90
-150
-151
-105
62
-19
-92
3
-66
-69
-43
77
-53
4
-20
67
-21
97
-103
-12
-71
51
-33
-74
71
-113
-26
-13
39
-236
-43
-87
-217
35
-101
-82
-39
11
-81
-31
-48
-90
-4
-73
124
7
-73
-6
-17
-109
-13
-44
-69
-22
-114
-140
-20
-68
-38
-45
-61
-27
-64
-47
-89
-29
-103
-66
-42
-22
-95
-93
-124
-85
-26
-73
-69
-38
-84
-46
-39
-99
-117
-27
-4
-187
-61
0
-68
-78
-78
-50
-217
-120
-81
-54
-4
-31
-50
6
-78
-77
-47
-107
16
-46
-8
-4
-70
-115
-93
-40
-138
-59
7
-127
-29
-39
-54
-20
57
-21
-47
47
62
-74
71
-8
-140
1
-67
-66
-125
-30
-119
-55
-62
-69
-61
-38
-36
-164
53
-95
7
-24
-109
-79
-94
-83
-5
50
44
-91
49
-48
-86
97
-167
3
-79
63
-100
-20
-29
-132
3
-133
8
-45
-47
-37
-51
-87
-51
-48
-78
-74
-93
-112
-90
-34
-7
-99
8
-155
-94
-37
-90
12
-67
41
-32
66
-79
-101
-107
-205
-38
10
65
-8
-35
-70
-77
-55
-91
-5
-48
-39
-23
-83
63
-80
51
-120
-95
61
-93
-19
45
4
-112
-32
-9
-90
-35
-26
-159
-5
-43
-106
-95
-120
-39
-36
-39
80
-45
9
30
-1
-6
-57
45
-85
0
-11
-136
8
-126
25
24
48
-204
-23
-54
-174
-22
-135
-78
-156
-37
-205
-36
-175
-66
-161
-179
-75
-196
-51
-132
-126
-276
-28
-173
-140
16
-126
-4
-44
-96
-95
34
-108
-112
18
-92
-123
-69
-48
-130
-78
-139
-159
-30
-102
-213
-156
-228
-135
-42
4
20
-80
-189
-149
37
-94
12
9
-68
-57
-1
22
-68
-28
-174
-41
-146
-59
10
-112
-10
-115
-132
-62
-67
-51
-88
34
-8
71
81
-122
-39
-98
-114
-99
81
39
-137
-4
-72
-107
-78
-159
-208
-39
-98
-71
-22
-110
-119
-174
-104
-120
65
-32
-68
-90
-9
7
-163
11
-80
-59
-64
17
13
-41
-93
-80
-66
-210
-97
-163
-152
-85
-125
-208
-109
-110
-188
-180
-123
-108
-112
-101
-68
-177
-201
-105
-135
-180
-59
-28
-137
-122
-91
-110
-102
-96
-45
-44
3
-77
-102
-96
-79
-13
-154
-54
-29
34
-124
-102
-29
-70
-106
-28
-12
-126
-21
-39
-91
-9
-32
-132
29
-47
-76
-24
-25
-197
-71
-129
-245
-29
-196
-220
-120
-177
-172
-210
-259
-246
-241
-205
-168
-68
-62
20
71
-4
65
48
55
15
89
60
34
92
97
73
-63
-22
-86
-53
-48
-72
-169
-154
-192
-115
-55
-119
-35
-48
-87
-21
-32
-95
-40
-73
-132
-112
-97
-70
-17
-103
-146
-166
-176
-133
-117
-64
-48
-38
-94
-78
-91
-57
38
50
132
86
131
58
-21
27
-37
-36
70
-15
-81
-69
-130
-187
-126
-113
-188
-208
-201
-202
-167
-171
-263
-126
-104
-137
-62
6
-65
-78
28
-65
-83
-79
-82
-26
26
7
35
70
43
3
-9
-32
-20
-12
-19
39
-5
-138
-138
-147
-143
-184
-117
-51
-110
-101
-59
-70
-150
-229
-219
-128
-57
-57
-80
-61
-155
-219
-156
-93
-156
-136
-78
-40
-10
-1
-10
-55
-57
-112
-29
71
57
40
18
8
-30
-24
12
46
-10
-31
23
0
-46
-144
-199
-182
-140
-123
-89
-55
-124
-170
-153
-110
-98
-115
-134
-86
-63
-83
-63
-75
-122
-93
-78
-45
-47
-70
-64
-44
-86
-113
-70
-90
-103
-90
-53
-89
-103
-157
-149
-106
-121
-76
-86
-117
-147
-160
-155
-199
-232
-203
-143
-106
-121
-166
-191
-234
-275
-168
-154
-109
-103
-105
-79
-84
-70
-70
-79
-32
-18
41
87
81
22
1
9
31
59
72
57
51
26
24
40
4
-39
-56
-25
-20
12
15
8
-25
-69
-20
12
8
20
30
51
43
46
59
40
2
2
-7
17
3
-30
-63
-73
-97
-98
-90
-111
-151
-201
-184
-177
-186
-186
-197
-212
-226
-225
-202
-213
-234
-239
-272
-258
-251
-267
-242
-256
-258
-240
-231
-235
-230
-269
-282
-258
-237
-198
-193
-178
-171
-165
-157
-132
-143
-157
-119
-118
-136
-118
-117
-122
-107
-85
-78
-58
-33
-28
-9
17
53
71
111
163
190
233
276
322
381
444
526
602
681
720
801
851
966
1073
1118
1242
1305
1384
1437
1516
1518
1507
1458
1353
1253
983
782
568
375
243
19
-211
-472
-739
-980
-1138
-1239
-1328
-1382
-1407
-1407
-1381
-1348
-1277
-1141
-1029
-848
-651
-490
-361
-288
-278
-268
-257
-232
-139
-70
-55
-130
-265
-376
-520
-640
-712
-791
-886
-966
-1062
-1143
-1240
-1353
-1366
-1363
-1280
-1174
-1045
-932
-821
-671
-458
-184
114
388
631
860
1076
1309
1539
1788
2018
2216
2489
2699
2862
3071
3290
3522
3704
3776
3356
2685
2056
1747
1760
1642
1215
666
-67
-839
-1448
-1747
-1912
-2183
-2509
-2669
-2552
-2528
-2695
-2809
-2685
-2300
-1844
-1242
-655
-374
-332
-196
268
941
1568
1996
2285
2374
2350
2298
2273
2195
2027
1722
1534
1364
1100
620
-15
-668
-1232
-1720
-2057
-2206
-2392
-2696
-3109
-3455
-3585
-3492
-3322
-2976
-2609
-2329
-2058
-1730
-1371
-1015
-706
-324
143
577
886
1072
1105
1111
1112
1222
1427
1520
1464
1359
1190
1094
971
825
815
804
837
914
1004
1079
1162
1292
1535
1920
2345
2723
2973
2376
1415
946
1129
1760
1886
1327
803
156
-584
-1060
-1024
-966
-1251
-1820
-1917
-1499
-1525
-2000
-2305
-2088
-1589
-1146
-695
-236
-253
-647
-671
114
1077
1600
1600
1559
1552
1483
1498
1625
1739
1623
1305
1133
1129
910
390
-211
-592
-685
-639
-762
-1152
-1795
-2441
-2768
-2642
-2362
-2272
-2477
-2642
-2564
-2259
-1890
-1647
-1518
-1361
-1088
-612
-136
69
70
25
184
532
816
879
715
501
422
520
702
734
609
396
314
369
466
528
536
579
655
941
1294
1602
1838
2010
2401
2863
3215
2873
2027
1471
1539
2054
2241
1890
1278
480
-281
-752
-744
-711
-1032
-1664
-2020
-1798
-1754
-2075
-2410
-2305
-1883
-1431
-1041
-724
-654
-857
-815
-92
916
1564
1572
1392
1417
1526
1688
1895
2085
2050
1757
1436
1326
1127
605
69
-151
-56
-136
-576
-1140
-1840
-2471
-2817
-2706
-2318
-2280
-2617
-2957
-2953
-2704
-2431
-2121
-1843
-1563
-1286
-922
-454
-240
-207
-126
166
551
825
838
705
553
450
550
743
767
517
180
51
122
236
246
132
72
102
310
653
980
1197
1326
1633
2219
2740
3118
2881
2056
1508
1617
2297
2758
2338
1462
704
146
-181
-290
-331
-666
-1348
-1886
-1725
-1449
-1710
-2224
-2362
-1915
-1399
-1161
-1045
-963
-1050
-989
-276
746
1366
1174
762
873
1264
1638
1873
1997
1922
1602
1301
1209
1186
886
386
60
43
30
-346
-924
-1495
-2001
-2210
-2306
-2203
-2184
-2457
-2785
-2893
-2667
-2386
-2232
-2108
-1917
-1612
-1274
-950
-629
-473
-359
-209
99
414
546
466
407
407
495
607
551
434
218
19
17
48
84
59
-32
2
132
304
505
678
869
1211
1638
2168
2675
3024
3139
2543
1766
1684
2379
3096
2864
1938
1195
642
82
-345
-333
-317
-858
-1683
-1914
-1578
-1745
-2491
-2829
-2241
-1536
-1383
-1508
-1412
-1269
-1283
-844
268
1138
1142
618
561
1183
1704
1897
2002
2103
1950
1508
1224
1290
1170
664
241
227
320
-140
-1001
-1565
-1724
-1851
-2190
-2375
-2348
-2547
-2891
-2995
-2703
-2497
-2551
-2541
-2210
-1704
-1425
-1234
-934
-624
-457
-338
-55
249
411
404
456
643
669
558
416
396
400
309
196
106
0
-160
-212
-156
-42
-12
-15
69
311
645
971
1321
1662
2090
2538
2964
2861
2140
1708
2035
2902
3270
2691
1840
1098
563
197
196
371
49
-824
-1518
-1470
-1343
-1738
-2280
-2237
-1759
-1510
-1622
-1702
-1632
-1601
-1439
-722
211
560
175
-175
237
963
1403
1576
1615
1548
1277
1020
1130
1312
1136
706
492
557
433
-217
-894
-1076
-1051
-1223
-1568
-1816
-1977
-2343
-2647
-2550
-2279
-2280
-2533
-2560
-2253
-1950
-1794
-1656
-1386
-1153
-1060
-879
-548
-260
-150
-98
102
310
340
279
314
463
512
511
437
389
313
224
256
399
520
456
430
511
695
917
1205
1563
1853
2124
2358
2675
2743
2161
1630
1742
2428
2877
2376
1501
891
494
187
51
180
24
-762
-1628
-1688
-1334
-1456
-2021
-2237
-1822
-1556
-1729
-1840
-1670
-1424
-1310
-885
-89
335
55
-322
15
834
1385
1453
1398
1318
1084
862
953
1247
1243
805
435
394
322
-160
-698
-889
-918
-1105
-1513
-1817
-1941
-2218
-2519
-2522
-2322
-2317
-2526
-2653
-2447
-2108
-1921
-1772
-1576
-1371
-1270
-1147
-839
-516
-333
-263
-164
2
132
211
310
458
554
543
516
562
598
592
617
716
780
784
767
804
950
1171
1393
1558
1798
1955
2128
2407
2632
2388
1672
1275
1630
2335
2360
1546
770
356
115
-132
-156
-22
-418
-1264
-1767
-1434
-1088
-1463
-1936
-1823
-1284
-1181
-1437
-1415
-1096
-896
-770
-252
383
426
-59
-188
424
1110
1296
1077
916
833
610
491
698
893
676
175
-22
61
-70
-514
-848
-824
-839
-1105
-1411
-1571
-1695
-1911
-1993
-1851
-1754
-1950
-2260
-2259
-1948
-1636
-1489
-1479
-1449
-1408
-1300
-1042
-709
-451
-396
-349
-201
36
204
300
434
558
686
758
772
798
788
795
862
914
912
833
781
800
841
943
1109
1297
1460
1585
1775
2041
2307
2071
1407
1055
1452
2237
2430
1733
957
512
306
210
356
562
227
-708
-1381
-1154
-797
-1011
-1549
-1575
-1210
-1221
-1525
-1598
-1328
-1175
-1154
-773
-220
-157
-621
-795
-199
570
856
650
516
462
346
411
780
1175
1065
596
351
486
481
192
-83
-150
-149
-386
-746
-992
-1212
-1471
-1663
-1644
-1568
-1799
-2196
-2388
-2179
-1923
-1825
-1884
-1924
-1877
-1758
-1497
-1137
-861
-761
-733
-548
-210
86
301
426
552
657
768
845
896
932
981
984
966
972
901
853
861
923
1035
1130
1135
1113
1232
1530
1902
2220
2159
1610
1097
1136
1839
2417
2206
1475
863
568
536
613
733
582
-69
-784
-902
-619
-628
-1052
-1364
-1266
-1207
-1400
-1568
-1502
-1374
-1329
-1162
-782
-660
-907
-1130
-797
-91
381
370
200
123
103
271
622
1030
1071
701
380
432
617
602
344
182
110
-109
-428
-695
-798
-974
-1243
-1374
-1425
-1645
-2023
-2259
-2184
-1945
-1857
-1957
-2082
-2101
-1972
-1736
-1384
-1071
-959
-918
-794
-498
-125
139
314
432
529
640
788
897
956
981
990
970
945
890
839
803
780
847
878
898
941
1024
1174
1421
1736
2039
2103
1647
1209
1241
1853
2454
2383
1795
1180
787
701
831
1003
863
254
-516
-856
-728
-655
-851
-1209
-1358
-1411
-1578
-1706
-1656
-1499
-1442
-1433
-1272
-1088
-1134
-1172
-906
-397
50
116
-36
-35
14
169
469
768
825
553
246
253
472
529
389
183
-9
-209
-420
-492
-504
-640
-885
-1112
-1197
-1336
-1543
-1681
-1633
-1550
-1577
-1693
-1764
-1707
-1630
-1473
-1227
-1047
-1012
-972
-801
-541
-312
-154
-34
81
179
254
403
581
663
650
633
675
708
701
710
760
795
794
809
878
986
1091
1212
1388
1640
1866
2028
2091
1893
1710
1734
2070
2391
2276
1772
1307
1024
944
944
889
681
163
-501
-774
-642
-566
-789
-1212
-1460
-1560
-1663
-1651
-1512
-1399
-1494
-1626
-1499
-1216
-1045
-959
-750
-441
-245
-262
-210
-22
108
228
343
440
460
354
245
340
455
432
334
214
165
89
-9
-74
-146
-279
-477
-631
-677
-712
-863
-995
-1082
-1188
-1283
-1353
-1335
-1303
-1303
-1304
-1284
-1225
-1137
-1090
-964
-803
-667
-545
-411
-248
-88
78
229
365
463
542
666
765
846
970
1019
1046
1039
1057
1146
1203
1277
1359
1391
1455
1575
1740
1946
2095
2105
1903
1741
1744
1947
2118
2047
1741
1419
1122
982
990
952
756
307
-153
-385
-401
-492
-668
-924
-1151
-1333
-1482
-1459
-1365
-1366
-1466
-1498
-1386
-1212
-1144
-1019
-835
-679
-617
-585
-450
-286
-195
-125
15
151
189
148
174
304
432
413
376
336
269
219
190
216
167
30
-131
-218
-286
-406
-570
-647
-735
-853
-936
-965
-954
-1021
-1060
-1041
-996
-957
-910
-804
-658
-557
-471
-355
-190
-14
99
185
303
376
405
484
594
693
663
610
598
621
650
670
729
765
756
719
802
926
1032
1127
1192
1316
1436
1549
1613
1614
1582
1560
1624
1679
1640
1475
1291
1141
1026
925
814
647
387
93
-107
-210
-323
-488
-698
-865
-983
-1053
-1069
-1064
-1109
-1217
-1251
-1212
-1118
-1055
-1005
-929
-893
-889
-849
-723
-601
-567
-526
-446
-347
-265
-199
-108
-21
-16
-56
-19
29
62
77
59
26
-61
-148
-184
-181
-167
-212
-266
-332
-408
-443
-419
-369
-377
-435
-464
-439
-414
-369
-291
-227
-220
-240
-215
-110
-16
-5
-44
-34
9
35
73
145
180
167
127
171
283
362
392
425
486
521
547
606
694
749
752
750
804
863
906
949
985
986
951
954
972
986
978
936
831
741
670
625
566
494
392
250
120
-20
-88
-113
-189
-277
-385
-463
-538
-611
-626
-642
-650
-712
-746
-755
-759
-745
-739
-700
-667
-643
-609
-553
-514
-487
-480
-466
-395
-337
-281
-237
-235
-240
-234
-213
-141
-74
-71
-87
-108
-137
-154
-131
-95
-73
-80
-140
-203
-232
-263
-261
-254
-245
-289
-315
-337
-332
-312
-329
-343
-334
-310
-302
-293
-240
-175
-109
-73
-62
-5
42
120
206
276
310
347
374
417
495
540
550
549
552
584
588
588
617
616
595
580
555
529
512
505
480
467
448
429
414
396
380
341
317
270
233
197
167
124
84
53
-14
-59
-98
-115
-145
-183
-229
-260
-291
-305
-317
-306
-320
-327
-337
-355
-354
-357
-362
-364
-309
-277
-275
-277
-294
-274
-248
-232
-200
-198
-225
-244
-238
-214
-207
-212
-221
-206
-205
-197
-207
-210
-216
-232
-211
-193
-180
-189
-228
-232
-190
-187
-184
-195
-211
-206
-170
-139
-67
-29
-19
-12
-22
45
83
91
119
161
191
205
251
305
292
296
297
300
351
378
360
339
325
303
259
265
255
228
226
224
226
200
157
97
98
116
147
158
154
147
125
129
157
188
201
181
161
164
212
220
229
208
152
161
135
132
105
54
27
-16
-31
-26
-51
-101
-108
-104
-91
-105
-131
-152
-155
-122
-101
-83
-103
-139
-155
-139
-121
-87
-95
-116
-123
-139
-146
-151
-124
-109
-131
-146
-156
-146
-118
-116
-118
-116
-119
-125
-137
-139
-125
-104
-110
-94
-51
-56
-43
-52
-42
-35
-30
-18
-3
25
37
38
58
58
63
60
78
96
134
155
133
130
126
125
101
88
93
123
116
113
102
62
24
8
22
59
42
4
2
12
33
53
44
23
29
6
24
75
72
34
1
-7
-14
-27
-61
-91
-116
-122
-131
-108
-92
-116
-124
-82
-12
17
18
41
95
178
238
272
265
244
228
261
318
339
331
297
262
222
200
156
143
102
32
-5
-34
-61
-83
-98
-138
-144
-161
-163
-176
-155
-130
-135
-117
-96
-69
-41
-39
-60
-38
-20
-2
-15
-12
-15
-29
-40
-27
-14
-10
-3
-52
-54
-22
-12
-8
1
6
10
-10
-6
39
57
54
30
54
44
48
59
57
76
75
68
71
91
75
66
32
6
3
-23
-33
-28
-56
-106
-166
-211
-212
-219
-239
-257
-247
-244
-257
-260
-245
-208
-158
-109
-58
8
35
63
110
166
207
213
262
263
274
300
270
277
272
235
183
137
100
96
64
70
65
32
10
-6
-2
32
77
64
95
112
121
154
168
194
194
177
175
189
189
176
134
143
161
142
124
118
98
67
72
69
70
86
56
67
93
97
95
83
88
118
119
117
134
135
93
62
60
57
31
3
-16
-31
-46
-60
-71
-47
-54
-91
-80
-70
-80
-95
-107
-77
-80
-97
-110
-116
-121
-127
-108
-92
-73
-111
-133
-115
-53
-19
-22
5
10
27
59
97
133
139
128
135
167
201
221
198
167
150
142
147
149
134
129
89
69
93
98
91
83
83
84
105
135
145
150
120
96
119
115
111
107
105
82
69
48
23
17
14
-10
-15
0
11
-1
-4
17
19
16
14
50
83
104
135
125
164
163
150
176
161
169
160
135
119
99
49
40
11
-16
-28
-89
-116
-110
-113
-93
-109
-152
-152
-153
-148
-116
-85
-73
-93
-104
-98
-97
-95
-99
-80
-47
-39
-30
-37
-42
-38
-55
-18
21
48
48
24
17
35
23
50
97
89
56
16
24
19
41
44
57
68
23
1
11
14
34
62
75
78
60
61
41
59
86
91
98
100
109
121
122
112
101
94
102
112
133
150
126
104
117
121
134
167
171
166
147
139
172
193
223
211
160
147
124
117
125
115
82
62
31
13
-28
-35
-55
-88
-122
-134
-156
-163
-174
-193
-205
-200
-182
-201
-217
-185
-154
-147
-126
-126
-119
-143
-142
-141
-115
-88
-82
-48
-57
-92
-100
-73
-46
-25
-12
9
29
13
16
21
40
86
98
116
98
80
101
106
126
155
169
157
155
168
150
130
134
164
156
155
166
159
147
126
127
149
154
142
112
89
83
73
66
63
53
21
5
-6
10
9
13
0
3
30
58
87
110
120
134
153
185
222
225
221
219
228
230
262
241
203
157
124
73
37
19
-33
-71
-124
-160
-199
-228
-238
-267
-296
-317
-326
-326
-321
-302
-298
-287
-280
-285
-257
-238
-203
-145
-112
-92
-56
-23
-4
-3
25
58
93
124
138
129
122
110
102
118
153
164
142
131
125
121
100
109
119
105
89
77
91
108
111
112
142
139
151
157
154
167
165
170
153
174
158
117
118
83
61
42
21
14
-29
-57
-79
-83
-68
-104
-103
-97
-83
-66
-59
-24
7
24
39
71
101
140
157
146
185
197
176
147
138
126
143
116
57
26
-29
-42
-90
-123
-145
-176
-208
-241
-282
-289
-313
-314
-293
-308
-307
-307
-305
-297
-283
-290
-236
-204
-199
-171
-171
-136
-111
-91
-75
-39
-12
-19
8
45
83
96
104
123
159
190
171
204
223
225
226
234
268
279
267
239
259
276
287
306
299
284
262
221
216
211
195
159
122
87
71
48
19
-10
-55
-72
-67
-70
-95
-112
-134
-137
-131
-129
-110
-108
-96
-78
-68
-28
14
35
54
62
66
83
126
131
124
124
123
100
109
72
66
72
53
28
-7
-27
-58
-74
-106
-123
-115
-113
-162
-180
-188
-209
-206
-185
-175
-171
-180
-169
-156
-135
-113
-102
-77
-49
-42
-31
-32
-17
18
19
35
28
46
59
76
103
106
109
84
90
112
136
158
165
173
168
198
222
233
280
287
279
297
296
319
334
312
318
312
283
275
244
207
203
177
138
117
73
40
17
-4
-6
-40
-74
-111
-136
-123
-109
-117
-125
-134
-144
-137
-131
-114
-110
-86
-69
-50
-40
-26
-6
-8
5
44
55
66
59
59
95
81
86
73
46
12
12
14
4
13
-13
-74
-101
-131
-141
-152
-158
-165
-186
-189
-168
-152
-144
-131
-111
-69
-34
-2
31
50
56
97
127
152
181
196
196
214
237
241
253
240
213
178
211
216
192
192
171
189
188
205
221
219
223
213
236
240
253
247
244
247
226
218
182
150
134
121
104
60
31
-11
-41
-67
-64
-62
-77
-100
-123
-105
-114
-135
-153
-154
-159
-134
-133
-136
-127
-112
-102
-71
-67
-51
-62
-52
-40
-18
16
12
37
34
45
40
66
57
63
35
39
51
23
36
5
-23
-47
-49
-61
-67
-61
-53
-70
-71
-102
-91
-71
-64
-37
-28
-12
15
28
56
72
73
100
123
116
142
169
179
189
179
192
179
175
174
168
175
178
200
190
172
189
168
164
178
196
222
214
201
176
182
168
160
171
154
153
115
97
82
61
16
-33
-41
-38
-56
-81
-93
-125
-155
-155
-155
-145
-152
-177
-190
-193
-164
-163
-155
-146
-128
-108
-104
-87
-56
-53
-47
-13
12
31
52
62
73
85
96
91
90
96
88
76
66
62
48
36
26
14
1
-1
-8
-19
-28
-37
-45
-46
-38
-34
-23
-1
15
27
32
52
93
101
130
135
153
172
183
197
222
237
237
242
217
232
222
199
202
205
200
197
183
184
165
155
167
173
164
153
138
138
119
96
108
99
90
79
63
52
33
12
-4
-14
-38
-63
-77
-81
-94
-120
-122
-130
-154
-162
-169
-170
-176
-167
-166
-156
-143
-123
-112
-129
-109
-85
-67
-53
-31
17
41
35
66
98
137
131
142
149
168
148
154
153
160
149
164
45
-61
-26
8
-24
-84
-75
-123
-120
-73
-63
-74
-43
-31
-88
-77
-47
-34
13
82
136
165
201
223
178
177
192
222
256
269
294
285
235
218
175
152
124
79
76
49
36
9
-3
6
0
-8
0
-23
-17
-7
5
21
23
17
13
30
2
-7
-27
-52
-49
-38
-29
-37
-56
-90
-126
-169
-155
-158
-141
-143
-135
-148
-166
-168
-196
-185
-184
-186
-155
-119
-96
-113
-104
-87
-23
-1
29
64
74
100
108
127
122
167
187
232
260
283
296
280
260
239
239
195
179
152
113
39
-14
-66
-122
-164
-187
-179
-165
-129
-92
-46
33
59
66
92
144
187
213
273
309
314
332
338
351
347
338
309
274
247
196
138
129
112
80
49
26
-32
-51
-101
-128
-103
-88
-81
-76
-44
-38
-25
-6
6
10
33
17
34
7
-15
0
-40
-55
-60
-88
-120
-104
-85
-80
-121
-136
-167
-186
-185
-177
-156
-117
-85
-91
-56
-33
-34
-19
8
30
25
50
83
49
57
77
57
71
94
104
92
104
93
75
63
53
78
84
62
56
60
57
55
64
79
60
60
52
30
10
69
56
75
134
93
105
79
99
91
114
169
160
212
221
201
223
261
237
212
235
201
176
162
134
115
80
76
58
-4
-12
-3
-58
-50
-60
-73
-64
-43
-42
-4
9
0
-3
-57
-36
-12
11
47
73
85
38
48
18
-39
46
7
27
53
8
-64
-105
-73
-79
-82
-27
-14
-48
-63
-49
-72
-93
-42
-22
-9
71
105
92
127
143
57
64
148
65
103
201
159
188
165
144
66
71
97
61
147
139
36
98
33
-24
11
-15
7
49
115
50
52
38
-24
70
38
136
140
97
98
131
160
76
122
155
182
191
185
155
104
83
94
137
87
99
112
-45
-32
-19
-84
-72
-69
-87
-67
-59
-90
-127
-134
-179
-154
-89
-68
-67
-36
-50
-97
-71
-89
-70
-62
-13
25
-13
48
-1
-31
-12
-5
12
2
30
65
58
1
51
-26
-42
20
27
21
42
25
-15
5
-22
-4
4
-30
43
77
11
39
15
36
9
44
56
42
36
58
85
53
109
130
87
104
33
34
44
-28
53
122
83
64
56
-5
-33
-36
-12
23
-7
83
31
40
60
0
68
61
80
97
120
72
52
16
1
-51
-3
-40
-8
-7
-42
1
-72
-66
-21
-81
-81
-10
-87
-38
-38
-104
-34
-52
-68
-78
-80
-33
-28
-59
-61
-105
-132
-136
-167
-124
-102
-187
-111
-123
-93
-92
-63
-9
-29
-28
-66
61
-46
100
92
71
80
67
61
-22
111
51
20
81
71
16
65
40
27
-4
88
97
61
112
87
58
43
94
52
133
114
104
146
137
103
20
97
23
23
133
76
92
52
47
-15
2
71
-9
67
93
47
34
103
42
-4
54
71
34
73
93
53
23
94
86
4
84
82
30
58
65
64
67
20
35
9
26
48
55
-43
33
1
-88
-56
-36
-43
-72
-34
-36
-59
-83
-54
-105
16
-13
-50
-8
-58
-44
-52
-42
-48
10
30
16
11
57
32
29
163
76
61
165
63
73
114
82
75
14
111
48
69
103
73
58
109
100
11
114
85
87
103
108
106
58
116
129
89
159
164
112
107
120
37
58
41
49
71
52
119
69
35
34
43
65
85
71
63
68
63
109
26
66
35
55
67
28
58
-8
38
12
-56
17
39
18
33
22
69
-16
20
17
-16
-4
-11
-37
-36
44
-57
36
-17
-46
18
-23
-10
-20
25
-32
-15
31
27
47
31
36
39
4
97
40
52
80
104
34
65
99
32
84
116
127
51
124
77
37
62
103
34
48
179
18
62
117
41
57
100
119
52
119
127
103
112
107
78
122
110
130
135
62
93
112
34
73
77
31
95
54
54
72
46
29
63
58
49
78
6
4
33
-11
-3
10
34
7
-6
12
24
-23
4
29
-14
-43
15
-17
-63
-40
-45
-85
-96
-22
-55
-105
-40
-25
-62
-38
-12
0
-48
11
54
-9
59
77
54
26
56
62
29
71
96
50
97
64
48
77
50
93
104
98
113
85
81
23
46
52
11
54
34
22
50
40
28
34
66
91
62
112
106
104
141
119
141
141
154
141
152
138
150
133
79
131
83
17
35
32
-7
-34
12
-60
-34
-41
-38
-33
-41
-41
-33
3
-39
33
9
26
71
22
58
69
8
75
67
28
65
61
26
24
63
8
-19
29
-42
-39
-9
-37
-74
13
-29
-43
-38
-61
-45
-78
-7
-70
10
14
-6
38
-9
25
24
33
76
26
82
94
107
164
123
128
144
101
116
182
166
184
176
193
97
149
152
126
158
161
160
162
175
71
121
87
74
151
128
164
183
128
121
130
93
83
133
73
71
134
39
29
43
-13
-34
-5
0
-13
-48
-22
-55
-59
-91
-12
15
-7
56
17
35
39
54
11
56
99
56
135
109
39
24
54
49
52
33
72
45
-24
6
-26
-94
-104
-46
-60
-81
-48
-34
-53
-123
-39
-65
-53
41
61
60
36
119
-33
18
116
63
133
152
138
147
129
121
51
134
112
87
177
128
143
154
117
107
135
119
121
166
127
127
125
115
63
35
74
59
51
70
106
31
88
37
11
-2
4
39
-4
50
45
5
-22
-23
-96
-83
6
-29
-22
11
-68
-79
-56
-72
-80
-44
20
-25
-3
-13
-47
-36
-6
-56
15
47
3
46
76
54
22
50
10
26
64
57
21
10
3
-25
-58
7
-29
-17
-1
-16
-33
-156
-100
-109
-124
-63
4
14
-27
23
8
-5
15
43
76
125
151
118
123
75
1
2
25
64
83
106
115
68
22
28
3
-17
52
81
123
129
105
75
20
27
37
9
78
83
82
99
34
16
-42
0
6
32
32
61
-21
-60
-14
-141
-80
-52
-49
-69
-25
-39
-105
-72
-79
-72
-36
-25
-4
-25
-25
-33
-17
-24
-45
-9
-24
31
23
14
37
-58
-5
-4
-17
-4
45
-13
24
62
-35
-11
-37
-55
2
-2
31
32
21
-12
-38
3
-23
-2
97
52
96
99
42
19
35
79
79
72
165
107
-1
64
40
-26
-19
104
33
11
113
58
-11
13
36
38
32
117
100
136
81
119
99
39
142
85
130
145
131
91
88
57
23
68
77
29
58
84
-6
20
-5
-26
-54
-13
-1
-56
24
-24
-29
1
4
-39
-17
63
-35
-22
50
-17
-53
29
9
-13
66
42
11
25
34
24
20
58
10
73
15
80
28
-22
21
-16
25
-33
51
31
27
39
13
22
12
52
48
57
70
19
48
28
19
36
35
33
42
62
23
56
45
27
63
31
57
36
10
16
13
32
2
17
-17
42
43
-17
45
63
9
25
82
14
29
57
50
55
34
30
-8
54
45
3
43
67
-26
-23
37
-62
-34
-49
-60
-55
-56
-24
-66
-10
-38
-50
-13
-27
-27
-5
-12
-3
-26
-9
35
11
-9
2
33
-3
-2
12
15
-46
23
13
-11
33
2
-19
41
44
-38
17
20
-11
22
43
57
45
52
93
76
51
98
54
36
63
48
40
58
72
30
13
75
12
51
55
18
51
-12
45
-12
-3
14
-25
14
-31
-22
-44
-84
-53
-81
-55
-31
-21
-16
-15
-6
-2
-34
21
39
2
69
55
-8
35
12
0
-1
33
25
-17
12
21
0
-4
24
-24
-39
-30
-45
-13
-55
-44
-20
-80
-22
-55
-79
-27
-51
-54
-27
-26
-70
-9
-15
8
-16
42
14
-51
-4
-24
6
-35
0
-4
-29
-24
-23
-72
-58
-11
-13
5
4
0
-42
-27
-40
-52
-52
-34
2
-28
21
16
33
16
-2
49
4
17
52
32
43
68
18
46
28
16
-5
-10
11
-36
0
-2
-13
-49
-55
-61
-62
-63
-49
-34
-56
-52
-72
-76
-65
-37
-49
-17
29
9
18
21
14
-24
43
26
15
15
-9
7
-48
-18
0
-38
-35
-19
-21
-38
-37
-83
-64
-106
-87
-62
-69
-34
-71
-43
-80
-66
-25
-41
-39
-25
-16
-24
1
-41
-52
-68
-47
2
-69
-20
-16
-60
-45
-46
-10
3
-24
36
27
36
72
42
68
34
20
35
35
-15
50
3
-3
44
-24
-8
12
10
-2
45
9
4
-3
-45
4
-2
8
-10
-1
-39
-76
-46
-71
-79
-65
-91
-82
-45
-94
-40
-30
-67
-53
-43
-99
-21
-15
-22
44
41
34
62
55
43
78
74
94
100
105
70
80
68
38
32
34
11
30
13
-39
-39
-41
-46
-75
-46
-47
-44
-25
-89
-40
-16
-25
2
-3
15
-14
11
-26
-5
-41
-69
-27
-1
39
27
41
20
-19
-27
-18
-32
34
17
55
43
-11
-5
-32
-65
-14
29
1
43
20
-7
-25
7
26
24
74
76
62
74
74
23
51
59
39
39
72
44
-6
-6
-89
-64
-71
-86
-23
-50
-68
-43
-36
-67
-47
-21
-18
9
37
18
16
52
49
15
25
54
53
61
64
57
75
48
69
67
73
71
51
83
65
44
22
21
25
-10
29
48
9
9
-18
-38
-45
-27
-45
-58
-22
-44
-53
-55
-70
-81
-86
-83
-69
-36
-29
-18
-30
-37
-16
-6
-16
4
12
-34
-5
-11
-28
0
-12
-11
-16
-8
-45
-59
-56
-51
-27
-32
-32
1
-33
-49
-20
-48
-58
-1
-8
-5
28
-16
14
12
8
30
38
33
28
40
27
7
1
20
35
-11
-39
-37
-70
-87
-66
-53
-69
-54
-53
-47
-28
-27
-23
-12
42
51
55
85
79
74
74
53
57
81
88
71
72
57
20
15
-5
-30
-10
-18
-53
-49
-34
-62
-86
-85
-118
-115
-140
-139
-102
-143
-103
-93
-108
-90
-53
-31
-35
-16
-8
-10
-25
-8
-38
-12
-48
-29
-4
-23
-7
-50
-26
-44
-69
-37
-16
-37
-35
8
-47
-83
-21
-85
-64
-8
-14
15
12
25
6
17
23
55
71
63
73
45
59
47
20
15
35
-14
-32
5
-42
-17
-23
-34
-23
-30
-31
-55
-53
-24
-37
-28
-6
-14
2
18
30
27
70
82
90
114
121
117
106
101
70
61
63
58
28
43
29
-12
-15
5
-10
9
-2
-27
-31
-57
-42
-45
-19
-37
-50
-53
-76
-106
-98
-86
-78
-58
-62
-17
-6
-49
-32
-34
-30
-8
-16
-26
-21
-5
-13
-10
-7
-27
-48
-51
-21
-40
-37
-40
-74
-63
-73
-78
-78
-56
-61
-43
-26
-33
-28
-12
-7
3
4
9
-26
-18
13
-16
-15
2
-24
-4
7
9
-3
14
26
10
-18
4
12
-9
21
-8
0
-13
-18
-12
-15
1
-16
-5
14
10
12
31
43
29
35
45
16
13
21
16
17
-4
3
-25
-31
-47
-49
-33
-69
-68
-67
-80
-88
-89
-109
-96
-125
-120
-92
-111
-96
-85
-76
-69
-46
-50
-19
-19
-18
7
17
44
23
33
20
18
32
-7
12
-11
-54
-33
-43
-81
-47
-70
-121
-98
-88
-101
-107
-91
-64
-49
-10
2
12
1
-6
-6
18
57
69
97
95
85
90
78
66
57
61
69
71
76
52
45
52
25
12
13
-4
-10
-26
-45
-57
-73
-68
-70
-82
-49
-27
-49
-32
-8
-9
-32
-30
-17
-1
26
31
19
14
-17
-39
-22
-6
-27
-33
-29
-41
-44
-68
-51
-50
-69
-66
-51
-60
-99
-116
-140
-126
-141
-135
-116
-116
-88
-93
-92
-91
-86
-97
-95
-77
-52
-28
-33
-22
-24
-13
-30
-36
-11
-23
-9
-16
-34
-40
-51
-44
-41
-28
-30
-38
-30
-57
-31
-24
-30
-29
-24
-25
-24
-26
31
11
-18
22
27
31
23
37
19
49
50
39
37
22
18
9
-7
-20
-1
-13
-14
-10
-46
-52
-37
-46
-67
-61
-49
-66
-74
-41
-36
-37
-30
-42
-40
-51
-42
-48
-60
-71
-75
-85
-83
-67
-78
-81
-92
-80
-94
-94
-109
-105
-103
-92
-101
-91
-93
-113
-77
-77
-84
-82
-83
-79
-69
-62
-59
-57
-54
-51
-59
-52
-35
-45
-37
-52
-25
-30
-30
-22
-30
-18
-24
-29
9
26
20
35
46
44
14
18
30
20
23
19
16
33
22
30
37
34
25
15
12
1
-1
2
9
20
1
4
5
-13
0
-31
-25
-11
-16
-29
-23
-15
-40
-18
-22
-19
-27
-21
-35
-59
-60
-75
-89
-75
-76
-73
-64
-72
-63
-99
-100
-108
-102
-81
-110
-96
-112
-114
-123
-119
-111
-114
-122
-115
-104
-122
-112
-114
-105
-103
-106
-88
-114
-102
-93
-108
-118
-94
-102
-97
-85
-82
-66
-63
-63
-60
-60
-45
-44
-45
-39
-30
-16
-10
-1
6
7
12
-3
-3
19
-7
6
5
2
8
-16
-20
11
16
5
19
12
10
8
-10
-9
-12
-9
-14
-22
-34
-22
-23
-35
-34
-34
-26
-21
-25
-40
-50
-59
-55
-55
-64
-65
-74
-96
-112
-126
-119
-130
-122
-115
-126
-115
-125
-130
-119
-110
-116
-120
-100
-89
-88
-89
-88
-88
-100
-90
-83
-110
-86
-68
-66
-57
-69
-72
-82
-74
-84
-94
-69
-73
-77
-76
-64
-61
-65
-55
-57
-49
-40
-58
-61
-48
-65
-49
-20
-10
2
17
32
8
-5
23
12
9
11
23
37
24
30
27
24
12
7
15
-1
5
-4
0
-2
-16
2
1
-17
-10
-16
-14
-20
-36
-27
-28
-18
3
1
-16
-17
-25
-32
-23
-37
-31
-43
-38
-46
-54
-52
-75
-83
-89
-86
-107
-106
-89
-109
-127
-127
-109
-121
-124
-109
-128
-116
-127
-131
-90
-88
-99
-91
-88
-80
-67
-65
-76
-75
-62
-83
-61
-59
-64
-54
-45
-56
-72
-57
-53
-48
-45
-41
-29
-15
-21
-21
-20
-20
-18
-30
-36
-12
-14
-4
12
1
27
24
26
34
17
14
17
21
28
27
31
22
16
20
6
-15
-9
-1
-16
-8
-13
-14
-8
-24
-35
-48
-32
-30
-24
-27
-42
-21
-37
-29
-26
-40
-27
-34
-29
-32
-42
-46
-60
-64
-87
-78
-72
-90
-79
-97
-90
-101
-105
-109
-95
-92
-107
-87
-96
-88
-104
-96
-80
-78
-69
-68
-71
-71
-67
-69
-66
-85
-68
-73
-74
-69
-68
-72
-62
-61
-60
-52
-63
-59
-47
-34
-33
-37
-15
-17
-23
-23
-12
-3
8
12
14
19
18
33
16
19
14
-12
-8
-4
1
-28
-21
-17
-19
-16
-37
-38
-29
-31
-40
-54
-43
-34
-23
-35
-29
-34
-46
-61
-56
-59
-73
-55
-69
-61
-70
-61
-60
-72
-75
-65
-65
-48
-51
-76
-59
-55
-59
-74
-73
-70
-76
-83
-85
-86
-81
-94
-86
-82
-88
-83
-93
-85
-89
-89
-62
-73
-62
-53
-51
-54
-65
-48
-72
-74
-67
-46
-57
-51
-40
-57
-49
-40
-55
-48
-36
-35
-12
-8
-15
7
-7
-16
10
19
13
14
14
8
12
13
10
19
33
25
38
30
25
29
32
43
33
16
21
-2
2
2
-6
0
-30
-31
-28
-28
-34
-39
-34
-44
-38
-54
-56
-52
-58
-53
-62
-64
-75
-73
-91
-78
-88
-102
-89
-88
-89
-86
-95
-83
-94
-92
-83
-63
-83
-88
-81
-89
-85
-92
-90
-83
-81
-93
-84
-88
-80
-82
-100
-81
-77
-84
-75
-78
-71
-56
-63
-57
-45
-33
-27
-18
-21
-27
-17
-31
-24
-16
-6
-15
-5
-3
-4
7
9
5
10
24
16
26
28
27
29
44
40
36
42
41
55
53
61
62
55
51
52
37
45
50
27
21
19
20
22
34
14
25
41
15
21
15
5
12
9
-1
-10
-7
-23
-22
-17
-41
-45
-51
-57
-54
-52
-58
-60
-57
-59
-72
-78
-73
-70
-68
-72
-78
-56
-41
-69
-50
-61
-58
-55
-52
-41
-47
-49
-61
-52
-52
-46
-32
-21
-24
-15
-20
-15
-10
-14
-3
-15
-19
-11
2
-11
-9
-13
-2
9
2
22
17
16
19
19
24
11
31
43
41
41
31
39
27
37
40
34
32
25
30
25
26
27
41
36
34
50
35
19
29
24
36
31
14
11
7
12
7
12
1
4
7
6
-1
-5
-7
-14
-14
-19
-27
-34
-19
-19
-39
-63
-55
-60
-61
-51
-57
-59
-40
-47
-38
-45
-52
-50
-56
-58
-50
-50
-40
-42
-52
-35
-36
-38
-45
-35
-24
-23
-4
-21
-21
-6
4
-10
-12
8
7
-7
7
23
13
17
14
26
34
35
33
37
27
29
30
41
51
60
56
54
66
67
75
73
67
72
70
60
56
66
61
72
74
54
54
49
43
50
56
40
39
33
27
39
26
12
17
15
13
19
14
3
0
11
0
-5
-1
4
-3
-2
4
-4
4
-11
-31
-29
-20
-5
-17
-25
-36
-40
-35
-45
-50
-44
-45
-43
-45
-43
-43
-31
-33
-40
-38
-28
-38
-32
-19
-23
-14
-21
-20
-20
-7
-9
-9
-4
11
5
18
29
20
24
33
45
30
48
39
38
42
48
53
63
67
55
41
63
64
48
38
52
49
38
57
40
47
41
61
56
46
50
51
43
41
55
36
31
20
20
17
22
31
21
6
-9
-16
-14
0
-11
-6
-1
-12
-2
-15
-4
-23
-21
-17
-28
-17
-34
-31
-16
-24
-31
-35
-54
-59
-66
-47
-63
-72
-73
-65
-61
-77
-51
-43
-44
-51
-53
-63
-67
-51
-49
-29
-45
-32
-20
-33
-18
-16
-4
-3
6
19
20
15
13
20
23
30
21
30
52
48
47
45
48
44
43
58
27
45
51
40
43
49
57
58
81
82
67
65
87
87
68
59
59
55
62
48
54
60
57
62
54
56
52
53
33
26
36
26
14
16
23
17
6
13
17
14
-16
-22
-11
-9
-36
-15
-23
-45
-28
-23
-27
-23
-11
-18
-31
-26
-24
-19
-43
-19
-22
-26
-12
-36
-9
-39
-32
-37
-53
-28
-33
-27
-33
-27
-21
-11
-7
-19
2
9
3
16
32
37
41
41
28
42
48
42
46
57
67
64
72
87
81
82
83
66
82
65
83
72
70
64
67
63
58
51
46
49
53
46
27
43
50
51
35
38
36
39
21
16
29
20
24
26
26
15
21
31
11
17
27
10
6
5
0
-20
-25
-28
-6
-16
-37
-28
-25
-18
-21
-30
-35
-32
-11
-16
-34
-27
-15
-14
-20
-18
-22
-25
-40
-36
-17
-15
-35
-29
-19
-41
-29
-20
-29
-16
-17
0
-14
-9
17
6
22
20
27
25
36
36
37
49
47
49
50
61
62
74
67
65
67
75
85
59
75
84
78
84
83
90
83
69
78
67
68
67
56
68
61
54
48
32
27
33
30
15
3
11
9
11
2
-2
-5
-18
-28
-17
-21
-29
-36
-32
-55
-45
-45
-52
-46
-56
-68
-69
-55
-51
-72
-63
-58
-60
-73
-73
-65
-60
-64
-52
-63
-70
-67
-55
-34
-49
-38
-38
-34
-46
-37
-31
-32
-41
-36
-29
-33
-30
-29
-8
-15
-18
-16
-11
-5
-5
3
1
-16
6
-9
-2
4
2
22
26
28
13
34
31
47
60
52
63
55
39
54
62
49
67
51
41
55
47
34
34
22
25
21
13
13
-8
-14
-18
-16
-10
-21
-19
-19
-22
-34
-8
-13
-14
-25
-30
-29
-27
-22
-55
-33
-43
-58
-63
-67
-63
-71
-73
-69
-73
-95
-94
-60
-59
-80
-85
-78
-81
-75
-67
-72
-85
-75
-67
-65
-64
-74
-50
-44
-38
-15
-12
-20
-1
3
-16
-22
2
-1
5
17
11
1
-9
-18
-19
-12
2
-3
4
27
18
24
20
4
13
34
47
45
39
45
28
43
50
52
64
62
57
55
56
38
44
45
36
37
43
52
34
25
11
1
6
-4
-8
-15
7
1
-7
-5
-9
-26
-36
-22
-28
-33
-40
-26
-35
-41
-35
-37
-30
-19
-23
-25
-26
-37
-48
-47
-30
-41
-58
-54
-62
-66
-56
-73
-59
-60
-56
-51
-53
-42
-52
-42
-28
-43
-17
-23
-9
0
-5
11
10
0
17
31
27
33
24
30
28
32
17
23
31
26
44
34
29
18
26
27
29
40
50
47
46
47
40
49
42
51
36
41
39
26
48
50
43
42
23
34
34
15
11
-6
18
20
-1
10
21
6
-2
0
-12
1
-5
-4
-21
-24
-22
-30
-31
-34
-29
-19
-26
-28
-12
-15
-24
-39
-29
-24
-25
-33
-23
-33
-40
-28
-41
-37
-23
-38
-47
-43
-39
-34
-35
-35
-26
-16
-10
-8
-19
-16
-7
2
-9
6
4
9
12
19
20
6
27
42
41
27
33
41
38
39
43
35
36
24
33
36
43
19
24
40
36
25
31
28
26
36
30
38
36
24
19
10
20
35
33
29
10
7
12
43
23
3
18
-1
13
11
3
-1
-3
-14
-12
-18
-28
-19
-23
-32
-47
-30
-30
-25
-40
-25
-22
-29
-29
-31
-32
-31
-31
-26
-16
-22
-19
-19
-24
-9
-7
-37
-21
5
2
4
-14
1
2
-4
6
-1
12
-9
-12
-5
-3
11
-3
-3
3
6
10
5
8
20
7
26
36
33
40
38
33
20
38
45
35
38
30
28
21
16
21
25
13
27
34
29
31
31
34
22
28
28
24
29
28
19
22
17
15
10
17
5
-1
21
-3
-3
1
11
-12
-17
-4
5
-13
-24
-15
-28
-19
-27
-31
-35
-24
-24
-25
-25
-23
-34
-27
-27
-22
-30
-21
-9
-15
-11
-26
-28
-20
-18
-23
-16
-5
-6
-1
4
15
12
-1
3
-20
-15
-3
-15
1
-4
-1
8
9
23
27
22
28
46
36
38
37
38
56
44
49
52
74
67
61
72
65
64
41
58
50
58
74
60
50
48
49
46
44
28
51
43
47
40
29
23
27
36
25
30
30
28
33
31
27
25
21
23
23
38
32
29
12
30
35
24
39
29
27
23
32
45
34
32
36
31
28
29
21
13
16
25
23
26
23
6
20
13
14
19
10
8
8
23
8
9
17
24
30
49
36
29
29
27
37
30
43
34
26
35
48
38
41
56
47
51
35
44
38
42
36
43
45
44
50
39
43
27
32
38
33
32
24
15
9
-8
-11
12
6
8
19
9
7
12
2
9
17
8
8
4
3
-8
3
-3
-17
-1
-3
0
-12
-19
-6
-2
11
18
12
13
12
-6
17
27
7
8
2
-1
-14
-2
7
-5
3
1
12
0
-7
-10
10
12
8
9
15
25
10
14
13
24
38
33
29
31
44
37
35
44
41
43
42
35
34
41
39
35
29
40
50
29
24
29
37
42
40
25
31
39
41
59
47
50
42
54
57
38
43
39
36
21
27
35
36
33
33
26
25
38
19
19
26
17
17
27
15
10
11
-4
-1
4
24
14
7
-6
6
7
3
12
1
17
-10
4
2
17
16
-1
21
15
18
2
3
7
-2
6
9
10
16
6
-5
11
3
8
18
16
15
0
14
22
-1
6
11
-5
10
5
-4
4
5
-13
2
-4
-21
-4
-3
11
4
-3
-5
7
9
2
-7
11
7
14
26
3
7
-2
8
-7
-1
15
5
-3
-4
-8
-3
6
6
-6
-8
-7
-7
-18
-17
-16
-9
-12
-15
-8
-20
-27
-10
-25
-35
-11
-18
-13
-13
-13
-22
-21
-6
-7
-14
-5
-14
-18
2
-14
-21
-10
-16
-10
-15
-5
4
1
-7
-4
-7
12
4
-3
-4
-8
8
-5
-8
-14
-17
-10
-10
-8
-3
-10
1
15
3
0
-6
1
23
12
9
7
12
16
21
7
23
15
14
18
-4
15
-4
0
3
8
7
11
-1
-2
12
-15
0
-14
-15
-22
-24
-27
-2
-6
-19
3
-9
-6
11
0
5
-12
-18
1
4
10
-2
0
-8
-6
-29
-15
-9
-30
-14
-24
-24
-17
-37
-24
-25
-9
-12
-20
-2
8
-6
-18
-13
-25
-5
-1
-9
-8
1
12
-1
-9
-3
-9
-11
-11
-11
-17
-14
-17
2
-10
-21
-20
-29
-22
-28
-30
-30
-32
-19
-26
-32
-30
-23
-26
-21
-8
-20
-25
-29
-21
-22
-17
-11
-14
-30
-35
-23
-13
-22
-26
-30
-13
-8
-15
-23
-28
-25
-46
-40
-43
-31
-36
-33
-37
-43
-41
-39
-25
-23
-19
-21
-27
-28
-22
-35
-42
-24
-25
-43
-33
-49
-44
-41
-49
-40
-30
-13
-28
-37
-28
-37
-26
-20
-30
-32
-46
-47
-41
-46
-53
-57
-40
-58
-60
-46
-36
-36
-50
-37
-36
-35
-23
-11
-6
-13
-36
-34
-32
-27
-41
-51
-44
-56
-49
-38
-50
-64
-50
-40
-52
-46
-46
-38
-36
-41
-24
-35
-39
-35
-35
-24
-33
-35
-16
-24
-20
-39
-33
-38
-37
-33
-40
-34
-30
-44
-45
-30
-47
-41
-22
-38
-37
-31
-36
-42
-31
-40
-37
-40
-62
-48
-55
-38
-36
-36
-43
-33
-32
-28
-31
-34
-33
-29
-23
-39
-26
-37
-39
-31
-38
-32
-12
-21
-30
-19
-30
-27
-22
-28
-36
-37
-29
-32
-41
-18
-17
-15
0
-12
-14
-21
-34
-30
-16
-17
-22
-6
-11
-26
-13
-11
-8
-30
-38
-31
-45
-47
-32
-28
-54
-53
-40
-42
-28
-28
-22
-27
-36
-26
-21
-9
-2
-13
-16
-19
-12
-12
-19
-8
-19
-31
-28
-27
-45
-21
-32
-47
-27
-37
-32
-31
-42
-31
-51
-47
-52
-40
-42
-36
-30
-46
-51
-47
-33
-35
-10
-15
0
-19
-20
-4
-23
-3
-18
-21
-21
-25
-38
-43
-39
-33
-34
-49
-39
-30
-38
-25
-22
-39
-40
-45
-35
-25
-29
-28
-20
-19
-21
-31
-17
-30
-34
-30
-36
-33
-34
-32
-37
-27
-28
-37
-27
-22
-10
-12
-19
-14
-24
-36
-25
-22
-32
-11
-32
-41
-41
-42
-43
-33
-39
-44
-41
-43
-57
-47
-38
-56
-53
-60
-57
-68
-56
-45
-73
-57
-79
-65
-65
-83
-84
-69
-68
-69
-61
-82
-54
-60
-72
-64
-65
-53
-60
-52
-42
-59
-39
-34
-33
-40
-41
-43
-25
-21
-27
-20
-12
-7
-19
-17
-21
-20
-20
-10
-28
-39
-33
-18
-29
-23
-19
-18
-21
-21
-17
-23
-11
-29
-23
-23
-12
-14
-5
-2
-11
-10
-15
-22
-23
-23
-25
-35
-35
-31
-23
-33
-53
-34
-42
-37
-29
-32
-36
-24
-22
-38
-40
-46
-38
-41
-39
-52
-61
-63
-54
-61
-57
-42
-51
-53
-58
-49
-52
-51
-68
-53
-55
-31
-48
-60
-38
-54
-51
-65
-58
-56
-54
-55
-52
-43
-59
-41
-33
-40
-35
-23
-14
-38
-35
-32
-31
-32
-26
-45
-30
-32
-27
-21
-32
-25
-32
-26
-11
-31
-39
-33
-38
-25
-48
-36
-30
-32
-35
-29
-20
-41
-37
-21
-27
-42
-50
-45
-37
-40
-34
-29
-31
-32
-14
-20
-24
-11
-16
-12
-24
-15
6
4
3
9
-7
-16
-19
-15
-26
-23
-13
-33
-22
-33
-40
-24
-20
-20
-11
-4
-15
-3
-22
-13
-21
-32
-23
-31
-21
-17
-29
-26
-32
-39
-39
-32
-21
-37
-28
-28
-31
-31
-33
-28
-17
-16
-18
3
-5
-18
-12
-10
-9
3
0
-1
6
3
8
-8
9
6
11
7
7
6
-7
-1
-3
5
3
4
9
2
10
15
4
11
12
5
0
6
16
-5
15
-8
2
21
3
20
8
6
-8
-4
-12
-7
-13
-6
-17
-17
-17
-9
-5
-12
7
6
-23
-17
7
-28
-32
-22
-6
-28
-25
-22
-31
-28
-24
-22
-28
-41
-29
-31
-34
-27
-33
-28
-45
-52
-48
-33
-38
-53
-45
-37
-50
-40
-45
-30
-20
-18
-15
-25
-25
-21
-23
-20
-32
-8
0
-4
-15
-12
-23
-8
-19
-15
-3
-26
-10
-19
-13
-21
-14
-13
-8
-10
-17
-33
-30
-15
-24
-21
-28
-20
-21
-25
-23
-20
-19
-9
-9
-16
-10
-7
-2
-14
-13
-16
-17
-15
-24
-26
-24
-25
-27
-24
-22
-29
-17
-32
-44
-39
-51
-49
-35
-38
-42
-42
-51
-33
-24
-48
-37
-35
-41
-44
-34
-51
-55
-53
-52
-50
-54
-47
-43
-36
-47
-40
-39
-35
-30
-29
-38
-24
-23
-29
-17
-11
-9
-8
-11
-3
-1
0
-9
4
3
4
2
-4
0
4
11
-9
3
16
13
-3
3
-1
3
20
18
26
30
36
38
32
31
7
16
10
3
17
1
-2
-5
-16
-4
-8
-8
20
-17
-1
-4
-1
17
3
-4
-4
-3
15
12
4
1
-7
1
-30
-23
-8
-8
2
-4
1
-7
-23
-15
-13
-11
-12
-11
-18
-26
-24
-13
-7
-21
-11
-9
-17
-5
-10
-1
-5
-14
1
-2
-8
8
12
-8
10
15
3
15
30
27
20
19
27
23
12
18
-4
14
20
8
19
18
15
24
21
20
25
24
22
3
6
13
18
13
7
24
8
15
11
5
16
24
22
7
19
15
16
27
32
17
11
19
15
34
21
-4
22
0
-12
9
-16
-16
-6
-23
-31
-21
-11
-17
-7
4
2
-9
-16
-17
-13
-12
-16
-28
-14
-3
-24
-9
-6
4
0
-5
-6
-20
-14
-13
-11
-10
-7
-25
-22
-25
-26
-20
-34
-19
-18
-11
-7
-20
-8
-16
5
-3
-17
-7
-22
-12
10
-5
-9
-2
-14
-2
-6
-4
-4
2
10
2
17
16
7
7
24
10
15
19
14
14
10
18
16
7
2
10
-3
19
19
13
7
8
3
-2
14
7
3
-5
6
25
6
7
-7
-21
-1
-2
0
1
-6
-16
-9
-1
-15
-21
-16
-19
-25
-23
-18
-16
-24
-30
-24
-7
-30
-18
-10
-22
-14
-19
5
-11
-26
-26
-40
-19
-25
-42
-31
-22
-26
-27
-21
-17
-8
-13
-8
-19
-8
-13
-18
-17
-25
-24
-11
-22
-11
-6
-13
-3
7
-7
-7
12
10
23
-6
9
12
19
4
7
15
6
6
-6
-3
-8
12
13
4
9
14
16
2
17
9
22
29
19
28
27
19
25
21
15
-1
2
-1
-16
8
15
2
-2
5
10
-10
-1
-16
9
1
-8
13
-12
-6
-12
-8
-8
-15
-27
-14
-27
-15
5
-14
11
3
16
7
-8
-3
1
-4
-9
-3
1
-10
-22
-10
-36
-22
2
-23
-23
-24
-20
-16
-2
13
-5
-2
-3
2
14
2
16
11
3
9
15
8
15
-1
-7
16
4
21
15
21
19
16
4
8
8
6
21
15
25
12
35
22
22
21
20
32
10
25
9
16
24
30
43
33
26
33
13
14
13
18
18
20
20
18
25
25
31
18
21
29
12
11
10
11
17
-8
12
-1
-1
13
28
18
27
36
10
23
22
37
23
18
23
15
25
14
16
9
6
13
13
2
18
13
-3
8
10
15
14
13
30
14
11
19
26
27
24
16
28
45
30
38
43
37
58
51
46
45
49
53
14
20
26
31
19
23
23
21
28
24
29
13
6
6
18
25
20
19
19
28
20
22
24
15
1
5
15
33
19
4
7
3
-11
-5
3
8
10
-9
1
-16
-5
-9
-5
-6
-24
-13
-27
-20
-16
-36
-19
-29
-19
-25
-30
-20
-20
-20
-23
-19
-2
-12
-5
-1
-19
-7
-8
-4
10
12
1
22
16
9
13
2
1
23
7
-1
25
11
2
22
12
10
19
16
17
1
16
-7
2
6
7
18
7
6
-4
1
-7
5
9
10
22
11
19
14
12
22
15
17
16
9
-1
11
8
0
11
3
1
-9
3
13
6
-13
-4
9
-5
0
-2
5
9
-10
-2
-17
-23
-13
-16
-14
-23
-14
-15
-18
-19
-24
-6
11
-1
6
-6
0
-6
-18
-12
-7
-20
-9
-2
-20
-8
-6
-14
8
-7
-2
12
-4
15
8
10
14
13
1
1
-10
-17
-14
-7
2
0
15
0
8
15
18
28
19
13
18
13
6
23
19
10
28
23
17
15
27
29
12
22
34
33
31
27
16
26
26
9
15
23
9
14
9
11
15
13
14
-6
27
14
14
47
11
17
31
0
3
17
18
3
-3
-14
-6
-8
-3
4
-13
-4
-8
-14
-8
-5
-8
0
-5
-3
6
-9
9
7
5
0
15
8
-11
8
1
0
-5
-13
-9
-16
-10
13
9
1
-2
-8
-3
1
4
4
-4
-13
5
13
-4
-13
-13
-7
-6
-6
-19
-6
-4
0
6
18
15
23
18
8
10
5
14
9
-1
-10
4
-5
8
15
12
-17
-9
-2
1
10
-1
-9
-17
-17
-25
-5
-13
-11
0
-4
1
-8
-15
-17
-19
-27
-26
-26
-10
-6
-20
-20
0
-4
-9
-23
-13
-18
-18
-28
-17
-15
-8
-8
-21
-21
-34
-38
-25
-42
-23
-16
-23
-6
-11
-22
-32
-13
-25
-40
-35
-45
-31
-49
-37
-33
-31
-26
-30
-18
-28
-15
-39
-24
-21
-16
-20
-24
-20
-21
-21
-31
-20
-34
-23
-32
-45
-24
-26
-20
-25
-22
-20
-20
-1
-25
-22
-33
-34
-23
-20
-12
-37
-21
-21
-33
-37
-27
-35
-33
-23
-30
-23
-27
-23
-35
-40
-40
-35
-61
-54
-50
-66
-58
-58
-48
-54
-62
-65
-54
-53
-48
-48
-41
-56
-59
-44
-37
-30
-35
-36
-50
-45
-48
-42
-38
-35
-49
-35
-34
-32
-29
-37
-36
-26
-26
-21
-28
-26
-9
-25
-25
-34
-23
-25
-33
-14
-8
-22
-7
-4
-9
6
-3
8
25
23
13
30
28
10
21
17
3
3
-5
-5
3
4
11
3
-4
-4
-6
3
13
-4
-13
-9
-2
6
-3
-11
-4
0
-4
2
9
2
-5
-5
-18
-14
-10
-3
-4
-25
-26
-34
-25
-32
-29
-22
-34
-39
-46
-31
-46
-40
-31
-40
-29
-41
-38
-46
-33
-32
-47
-37
-37
-40
-34
-39
-27
-29
-31
-27
-19
-14
-15
-13
-12
-10
-5
-5
-10
-2
-4
-5
-1
1
-1
-6
-7
-1
2
4
24
9
11
14
5
31
27
24
43
35
21
18
25
29
19
-3
10
-4
9
15
5
-4
-3
17
0
-6
-5
-7
-20
3
-1
1
4
-6
-8
-15
-9
-21
-36
-40
-17
-33
-40
-35
-36
-27
-23
-26
-30
-18
-21
-21
-23
-12
-31
-24
-26
-37
-20
-33
-25
-19
-17
-26
-14
-8
-18
-15
-6
-6
12
13
8
1
5
19
24
19
13
18
5
10
12
11
20
24
16
29
32
37
27
22
32
6
11
25
31
17
17
30
4
2
17
16
17
12
21
13
3
-1
8
8
15
19
2
11
8
1
17
3
7
-9
2
-9
-6
-14
-4
13
4
-7
-13
-6
-14
-15
0
5
-7
-7
1
10
10
-2
-14
2
-1
1
6
1
-12
-5
-7
-8
-21
-7
3
4
5
-13
-11
-1
6
-5
1
6
6
15
14
7
6
8
3
-2
6
-6
7
3
3
14
5
24
16
12
28
