-6
18
-6
9
6
10
16
-5
8
-5
7
17
-10
1
3
-2
6
1
0
27
6
6
13
5
10
8
3
0
-3
8
15
8
3
6
6
-1
10
17
1
-3
9
15
5
0
12
5
6
-3
0
1
14
6
20
25
21
17
33
23
13
18
12
37
6
8
12
21
2
-5
13
1
15
30
24
4
9
16
15
28
14
22
24
21
19
28
34
22
25
5
17
29
30
14
17
23
18
22
20
12
5
19
12
11
13
12
13
12
14
5
11
11
10
-5
6
7
4
13
-1
2
-8
-12
-18
-16
-24
-17
-7
-4
-6
-15
-23
-16
-8
-11
-27
-17
-32
-26
-18
-30
-19
-28
-24
-30
-10
-7
-6
-12
-11
-6
-5
-15
-13
-12
-5
-20
-25
-8
-11
-1
-17
-15
0
-5
-16
-7
-4
1
8
10
10
8
1
11
10
2
5
-4
14
7
4
-2
-9
4
-5
2
4
-8
-18
-17
-15
-27
-16
-1
-2
-13
-20
-13
-29
-19
-11
-22
-2
5
-9
-13
11
0
-8
5
7
-2
-3
9
-7
-5
-6
7
5
1
-4
8
17
12
6
14
13
9
-4
5
7
7
-1
9
22
-3
5
-1
12
14
12
2
-12
-2
5
10
2
3
5
2
-11
5
4
8
-2
12
24
-8
0
7
1
-5
10
12
7
3
12
2
0
23
13
11
-2
4
27
3
10
3
-11
-17
-12
4
-14
-16
-1
-17
-19
-11
-17
-7
-7
-3
-5
-13
-14
-1
3
-1
-10
0
6
3
3
1
5
2
2
-9
7
13
1
3
3
10
2
-17
11
8
-3
-8
5
-8
0
-9
-3
15
-4
29
16
2
-5
3
6
3
0
-3
15
5
8
10
17
8
5
23
28
16
14
2
16
22
20
14
32
33
9
12
26
32
32
26
24
30
18
31
26
13
17
3
13
25
5
0
-10
15
2
8
-7
-18
10
-4
7
10
0
1
-5
-18
-18
-17
-23
-22
-23
-10
-21
-23
-10
-19
-5
-21
-18
-9
-27
-16
-15
-9
-15
-22
-12
-20
-16
-4
-16
-1
-13
-27
-34
-11
-2
-4
-6
3
3
-2
-8
-9
6
-2
5
-3
-8
-5
-8
-3
1
2
-1
-11
-7
-6
-6
-4
5
13
-5
-7
-13
-3
2
4
-9
11
3
-19
5
7
0
-11
-19
-7
-13
-9
-6
1
1
-12
-6
-5
2
-8
5
-7
-12
5
2
-2
-17
-16
-24
-20
-22
-17
-14
-13
2
-7
15
4
-15
-1
-6
-10
-3
-2
-11
5
5
-12
-27
-22
-27
-22
-15
-40
-24
-34
-20
-32
-31
-12
-10
-19
-31
-27
-12
-4
-9
-16
-17
-5
-10
-13
-5
7
1
-22
0
-6
-15
-10
0
-11
-15
-4
-40
-25
-40
-16
-8
-16
-12
-25
-26
-35
-34
-38
-30
-24
-19
-18
-8
-5
-19
-21
-17
-21
-19
-37
-29
-27
-43
-16
-21
-26
-26
-27
-18
-26
-24
-25
-31
-31
-21
-11
-14
-15
-10
-6
-15
-21
-20
-32
-13
-20
-21
-11
-21
-30
-36
-39
-30
-21
-28
-42
-39
-37
-28
-24
-27
-28
-26
-25
-51
-33
-33
-38
-43
-39
-33
-51
-32
-48
-41
-40
-28
-28
-33
-34
-39
-31
-16
-13
-26
-25
-15
-20
-11
-18
-27
-14
-17
-14
-23
-32
-30
-14
-21
-12
-6
-27
-10
-17
-24
-8
-29
-19
-27
-21
-8
-24
-19
-8
-3
-34
-23
-9
-8
-13
-15
-26
-32
-3
-14
-38
-30
-37
-23
-22
-31
-26
-23
-42
-42
-22
-35
-23
-30
-29
-38
-41
-47
-34
-25
-27
-28
-28
-32
-34
-21
-30
-25
-32
-36
-29
-32
-24
-15
-13
-20
-16
-23
-20
-22
-24
-21
-45
-28
-34
-40
-27
-36
-33
-46
-25
-25
-23
-12
-36
-26
-22
-13
-8
-10
-9
4
-14
5
-9
-10
-19
-15
-12
-18
-6
-19
-12
-30
-18
-28
-22
-19
-24
-12
-16
-18
-9
0
-11
-12
-10
-14
-12
-23
-14
-23
-35
-43
-33
-28
-27
-31
-32
-22
-27
-18
-23
-29
-53
-22
-7
-26
-27
-44
-30
-37
-33
-33
-39
-38
-44
-34
-50
-36
-50
-39
-47
-55
-35
-56
-43
-50
-57
-54
-51
-49
-59
-51
-62
-63
-57
-56
-48
-52
-52
-62
-46
-50
-47
-46
-55
-40
-44
-58
-57
-36
-45
-59
-55
-53
-40
-38
-47
-42
-35
-55
-42
-52
-49
-30
-43
-26
-38
-28
-22
-39
-49
-63
-40
-37
-33
-22
-41
-38
-43
-46
-43
-46
-38
-35
-40
-52
-37
-51
-45
-47
-48
-47
-61
-42
-47
-56
-45
-62
-49
-59
-54
-62
-81
-72
-61
-60
-67
-61
-61
-55
-71
-68
-63
-73
-77
-70
-92
-81
-66
-71
-76
-78
-84
-93
-68
-64
-78
-67
-75
-77
-77
-73
-54
-79
-71
-82
-74
-85
-110
-92
-92
-75
-78
-75
-69
-72
-78
-87
-76
-88
-75
-68
-87
-82
-80
-75
-62
-57
-61
-70
-65
-64
-68
-61
-57
-59
-60
-58
-76
-79
-74
-76
-80
-83
-67
-78
-84
-88
-77
-73
-75
-62
-81
-86
-82
-78
-70
-83
-90
-81
-85
-79
-80
-101
-104
-88
-81
-96
-90
-81
-89
-80
-89
-92
-79
-86
-81
-64
-69
-81
-71
-70
-71
-64
-58
-65
-63
-65
-69
-64
-65
-46
-52
-55
-46
-53
-60
-59
-47
-60
-62
-53
-63
-67
-42
-41
-64
-43
-48
-48
-44
-47
-60
-63
-52
-69
-69
-74
-72
-39
-36
-53
-63
-58
-48
-44
-38
-40
-40
-34
-41
-37
-49
-40
-45
-40
-27
-21
-24
-37
-29
-42
-27
-34
-40
-28
-43
-32
-26
-22
-29
-18
-42
-39
-43
-46
-29
-44
-24
-33
-30
-7
-17
-20
-21
-31
-26
-27
-33
-30
-25
-34
-42
-38
-35
-37
-25
-42
-39
-52
-46
-39
-59
-47
-35
-28
-29
-42
-41
-36
-43
-39
-46
-37
-33
-41
-33
-36
-17
-31
-36
-41
-39
-18
-24
-18
-23
-12
-3
-16
-14
-5
-20
-5
2
-20
-15
-6
-2
-4
-8
-12
15
10
-7
-6
1
8
11
10
-1
0
-6
-4
5
-6
13
2
-8
-3
4
2
0
-16
-13
-2
-9
6
-8
-14
-13
-20
-8
-28
-23
-17
-27
-11
-36
-17
-28
-25
-9
-30
-20
-31
-29
-36
-27
-33
-35
-36
-44
-28
-20
-23
-45
-50
-41
-33
-42
-32
-38
-45
-40
-28
-41
-42
-24
-41
-32
-23
-23
-44
-37
-36
-50
-48
-58
-61
-56
-49
-48
-61
-50
-36
-52
-50
-47
-45
-49
-41
-25
-30
-40
-27
-28
-37
-36
-46
-41
-42
-48
-45
-53
-31
-37
-32
-34
-42
-44
-51
-46
-32
-24
-28
-36
-49
-29
-24
-19
-26
-23
-36
-31
-26
-37
-16
-28
-27
-22
-16
-38
-45
-34
-38
-30
-32
-36
-32
-37
-35
-33
-42
-39
-32
-31
-29
-39
-40
-43
-30
-58
-48
-48
-44
-23
-37
-38
-26
-27
-37
-34
-41
-30
-48
-41
-50
-26
-32
-34
-23
-41
-20
-26
-31
-31
-33
-15
-26
-22
-18
-21
-2
0
-6
-4
4
-14
1
11
10
14
10
12
12
2
6
14
21
9
0
13
4
10
18
8
5
29
1
2
6
5
7
10
10
11
-3
-1
18
7
11
0
2
26
-2
16
25
-1
2
3
23
-2
-3
6
-6
-12
-6
-20
-17
-16
-6
2
-12
-1
-1
8
-8
-5
0
1
-7
-3
14
3
-14
-22
-9
2
-13
-22
-19
-13
-10
-24
-6
-3
-8
-15
-16
3
7
-11
-4
4
6
9
-4
-15
1
-9
-21
-6
-16
-4
-10
-14
-18
-20
4
-22
-11
-17
6
4
5
8
-2
-1
1
2
13
-4
-2
2
-10
-7
-7
2
-17
-5
-16
-13
-18
-7
-9
-5
-8
-15
-20
-25
2
-19
-10
-3
-14
-32
-11
-13
-13
-20
-19
-8
-22
-31
-28
-22
-31
-21
-31
-20
-20
-21
-24
-25
-40
-21
-19
-28
-11
-22
-24
-25
-24
-33
-22
-29
-29
-23
-24
-24
-34
-42
-40
-30
-48
-45
-16
-33
-25
-30
-32
-14
-30
-23
-16
-22
-20
-12
-24
-23
-22
-19
-9
-16
-28
-22
-16
-12
-11
-4
6
-14
-13
-11
-18
-18
-14
-9
-11
-12
-8
-6
-17
-15
-1
-13
-3
-6
-4
3
-1
-12
3
-20
-2
-13
-11
6
-8
-7
-13
-12
-21
0
-21
-14
-6
-5
-12
-22
-8
-23
-14
-9
-3
-6
-3
0
-2
-9
-14
8
-10
-3
13
9
-12
2
6
-8
3
3
-4
4
-5
-5
5
-2
-13
0
2
-8
-10
-9
-11
-1
-7
-1
10
-3
14
7
1
4
-9
-8
-25
-5
-6
-2
4
-1
9
-3
-9
-8
-2
-8
-11
-1
14
-10
2
2
14
6
-10
6
-1
-16
2
-14
-13
12
-8
-10
-16
2
13
15
12
4
1
6
3
12
-4
17
6
-5
12
14
10
14
17
15
21
17
27
15
25
23
34
31
20
27
14
23
27
1
20
25
40
24
19
18
21
13
15
37
1
12
25
14
-1
-4
9
-6
-9
3
-3
17
5
3
10
16
14
10
21
25
22
16
22
21
23
23
11
17
37
8
22
27
26
31
7
13
27
30
30
27
24
10
20
20
16
20
14
8
28
24
11
18
4
24
12
0
23
26
27
23
15
14
28
34
20
19
13
21
28
20
9
13
0
8
9
22
8
13
13
8
18
4
18
9
-7
-2
15
11
8
-2
-6
11
13
-2
4
-1
3
10
2
-1
-4
9
2
12
7
12
2
17
11
4
16
3
23
29
21
5
28
26
16
15
22
31
12
19
14
17
26
20
15
30
29
32
44
29
32
37
27
23
24
17
15
34
32
36
28
29
43
28
36
44
22
29
34
42
45
35
34
32
42
35
34
32
27
25
38
40
37
33
33
32
34
26
21
23
17
22
22
23
24
6
0
21
1
-1
6
9
-1
-2
7
-12
-7
1
1
15
1
-3
-7
-4
5
3
14
14
11
8
12
4
7
2
4
-4
22
2
0
10
6
9
10
-1
8
16
-11
-3
-4
3
5
6
3
4
4
-8
0
-13
-1
7
2
-1
-4
-1
-8
-6
-18
-8
-11
4
2
-1
-11
3
-2
-13
5
-7
-12
-2
2
-17
-7
-16
-7
-1
-5
-8
-6
1
7
-13
-2
-5
-8
13
-6
-11
1
14
-11
-1
-3
-14
-15
-10
13
-7
-33
-25
0
-23
2
-3
-12
-16
-8
-1
-19
-7
-15
-10
-17
2
-5
-1
-2
-14
-8
-7
-12
2
11
7
3
7
9
1
4
-12
8
21
14
7
17
8
6
8
-13
13
-4
-5
-1
-13
-2
0
2
11
8
4
2
-3
24
10
-5
-12
-10
-2
-13
-6
-2
-13
0
-2
-4
-15
-19
-20
-19
-26
-12
-27
-21
-11
-7
-7
-22
-21
-14
-5
-16
-9
-8
-2
-11
-19
-16
2
-16
-16
-9
-12
-10
-28
-18
-18
-11
-10
1
-5
6
-2
6
19
-11
-2
-8
-1
4
4
5
0
21
11
0
-8
7
16
11
8
6
10
7
5
3
4
5
4
10
-8
-12
-9
1
-6
-5
-11
-8
-5
-16
-7
0
-1
-1
-8
-4
-11
-20
-16
-14
-18
-15
-3
-10
-11
4
-4
-11
-4
9
-2
9
-8
-19
-7
-4
-10
1
11
-13
-7
-6
0
-1
-12
-14
-18
-21
-5
1
4
-15
1
24
2
0
5
15
-3
10
6
3
14
17
18
14
18
11
16
5
12
19
13
15
5
8
-3
0
25
16
16
21
6
27
11
25
30
11
28
13
29
3
10
15
23
35
26
28
48
41
13
34
19
11
29
41
41
29
47
41
37
39
43
48
18
33
40
21
34
28
26
33
39
39
54
53
55
40
58
42
44
34
48
50
51
53
47
48
51
53
46
52
45
35
38
45
40
45
36
20
34
44
48
39
48
33
39
43
21
36
32
39
25
44
39
37
42
44
55
44
48
54
50
37
44
57
40
60
54
51
66
50
53
51
48
46
46
44
45
47
38
68
58
42
52
48
53
54
59
51
50
45
45
40
49
50
39
60
37
46
52
54
57
44
52
45
62
52
51
58
49
53
54
45
39
57
41
40
38
39
30
29
28
41
37
36
34
44
37
25
29
34
26
18
41
20
25
25
25
25
14
17
12
10
22
28
32
25
25
28
19
17
6
12
2
15
17
0
17
29
29
7
13
12
14
4
9
13
-15
10
2
5
9
18
11
14
19
16
25
30
29
28
48
36
51
32
40
32
40
38
32
35
20
19
10
22
24
34
20
29
33
7
6
26
20
25
32
31
29
33
41
38
42
37
29
34
34
39
39
20
21
30
40
28
25
26
23
19
16
11
19
26
16
8
13
31
28
17
18
7
14
22
16
13
9
32
27
14
22
25
23
19
27
30
33
27
21
23
18
35
45
29
48
47
55
42
30
43
43
50
44
40
38
50
55
47
38
44
49
52
47
58
66
53
65
66
70
53
53
61
72
58
43
56
51
54
61
61
56
39
44
46
48
54
59
38
47
54
60
43
40
38
39
46
48
40
32
33
28
36
29
35
28
29
33
21
37
20
25
26
24
29
11
20
24
36
31
41
21
21
38
41
48
45
46
39
44
60
39
43
38
46
46
41
39
21
26
36
38
31
32
45
48
48
49
38
39
50
49
58
51
41
59
61
58
64
57
38
50
49
52
59
70
68
51
58
44
57
61
63
60
63
44
41
57
44
50
47
50
57
40
29
30
47
56
37
33
37
44
32
33
51
46
52
43
50
43
33
34
50
36
30
24
7
26
25
18
3
17
37
12
1
7
22
25
16
24
22
20
23
32
27
31
21
27
28
29
40
35
46
37
47
42
48
46
43
52
58
63
31
54
58
47
56
41
51
43
44
59
41
49
51
56
56
49
59
56
42
46
35
34
32
36
36
18
24
25
42
28
43
58
43
44
30
23
34
47
41
46
52
37
30
21
34
40
38
28
25
33
18
16
15
4
23
20
12
12
7
6
11
-12
1
20
3
0
-3
0
-12
11
-7
3
3
18
19
-2
10
6
10
6
9
0
10
-5
9
14
7
3
1
24
-5
3
15
9
9
7
0
20
28
31
21
13
13
25
35
26
34
35
34
24
28
-3
20
17
14
19
7
1
26
19
15
21
18
19
11
19
-3
-9
-5
-7
-4
0
-6
-2
-7
-4
-1
11
-12
-8
6
1
0
2
-6
2
2
-13
-13
-18
4
3
-1
-5
-1
11
-7
5
-2
2
7
-8
1
-3
7
-15
-8
-8
-13
-10
-33
-22
-4
-16
-7
-15
-17
-9
-4
0
-13
-2
-7
4
-6
1
-7
-13
-10
-12
-18
1
-4
-9
-11
-19
2
-2
-11
-7
23
5
12
16
-6
3
-6
0
-16
-10
-19
-41
-15
-17
-8
-28
-35
-30
-18
-5
-1
3
-21
-28
-19
-9
-12
-14
-22
-18
-9
-27
-16
-20
-19
-11
-20
-11
-21
-23
-12
-8
-9
-13
-30
-12
1
-11
-3
-5
-14
-22
-13
-5
-17
-10
0
-10
5
11
10
2
25
19
2
9
-6
20
10
11
-11
-9
-1
-8
7
-6
-10
-10
-15
-17
-21
-24
-25
-24
-12
-20
-16
-17
-11
1
-8
-12
-25
-32
-26
-25
-12
-14
-15
-11
-8
-6
-7
-8
-16
-10
-13
-30
-24
-14
-18
-4
-11
-25
-14
-2
-20
-16
-17
-9
-4
-14
-10
-6
-17
-15
-26
-41
-23
-29
-32
-26
-25
-34
-36
-36
-48
-48
-31
-19
-16
-30
-28
-28
-37
-40
-34
-30
-46
-32
-33
-39
-17
-28
-21
-9
-29
-32
-24
-8
-20
-30
-30
-36
-10
-21
-28
-19
-27
-25
-30
-15
-11
-50
-35
-31
-36
-17
-23
-24
-27
-30
-18
-19
-29
-16
-33
-26
-15
-10
-12
-30
-25
-9
-35
-22
-36
-26
-24
-39
-26
-34
-26
-24
-33
-39
-37
-28
-26
-24
-15
-19
-35
-34
-27
-36
-43
-34
-35
-30
-34
-36
-32
-36
-42
-23
-37
-37
-37
-43
-27
-36
-52
-50
-33
-41
-23
-25
-27
-28
-28
-26
-21
-17
-31
-28
-23
-10
-16
-16
-22
-33
-17
-8
-20
-22
-13
-20
-21
-30
-16
-13
-21
-14
-24
-26
-15
-17
-6
-19
-7
-11
-20
-11
-23
-28
-27
-4
-11
-16
-12
-17
-8
-15
-29
-26
-27
-23
-28
-18
-21
-19
-15
-32
-21
-22
-5
-11
-26
-20
-27
-23
-14
-14
-17
-5
-24
-22
-37
-34
-15
-5
-17
-23
-16
-14
-26
-37
-26
-14
-40
-27
-23
-40
-33
-31
-22
-41
-43
-50
-58
-35
-38
-44
-56
-48
-54
-58
-39
-65
-53
-44
-57
-63
-56
-52
-62
-53
-49
-43
-48
-54
-29
-38
-33
-16
-38
-44
-50
-39
-53
-33
-40
-37
-38
-39
-39
-38
-20
-32
-25
-17
-36
-27
-26
-36
-10
-21
-14
-24
-15
5
-19
-11
-16
-24
-22
-24
-16
-17
-15
-14
-1
-9
-19
-18
-16
-19
-24
-8
-1
-15
-8
-9
-10
-14
-23
-31
-24
-12
-21
-11
-18
-30
-33
-39
-32
-17
-25
-28
-29
-28
-31
-31
-40
-55
-32
-26
-20
-19
-24
-16
-25
-17
-8
-13
-21
-11
-18
-12
-14
-19
-13
-9
-2
-6
-15
-10
-8
-8
-21
-14
-14
-18
-14
-17
-11
-20
-18
-23
-16
-32
-36
-18
-23
-19
-16
-15
-9
-29
-15
-12
-16
11
-12
-19
-18
-15
-12
-29
-24
-19
-11
-9
-5
2
-8
3
8
4
10
7
-4
1
3
7
2
-1
-1
-1
6
-3
0
6
-8
1
-10
-17
-2
-1
-7
-15
1
-11
-3
-11
-15
-2
-8
-11
-12
4
-2
10
1
-13
-20
-3
4
-2
5
-19
-12
10
-11
7
-2
5
12
9
22
21
16
6
13
6
20
18
9
12
14
19
26
26
28
40
33
26
33
31
39
27
42
33
25
23
10
17
12
29
20
16
13
21
23
33
35
27
29
11
26
22
7
11
1
22
14
9
13
10
15
11
0
9
-7
-4
5
4
-1
-8
11
-2
-4
-2
-8
8
2
-7
9
-5
4
2
-9
-11
-29
-17
-8
0
-12
-8
-12
-24
-34
-29
-22
-30
-33
-27
-24
-18
-12
-29
-16
-28
-14
-18
-20
-4
-22
-17
-11
-15
-18
-14
-18
-5
-7
-10
-22
-26
-22
-12
-19
-24
-22
-25
-19
-9
-16
-24
-25
-29
-20
-33
-25
-41
-18
-21
-20
-16
-42
-21
-32
-33
-46
-22
-32
-39
-17
-28
-19
-22
-25
-38
-22
-26
-11
-5
-31
-15
-16
-17
-25
-23
-10
-24
-27
-27
-7
-21
-26
-11
-20
-26
-17
-11
-19
-17
-14
-8
-14
-1
-22
-18
-4
-7
-16
-21
-18
-12
-18
-19
-21
-20
-12
-21
-21
-35
-20
-21
-27
-23
-37
-32
-17
-16
-43
-11
-19
-26
-18
-29
-22
-40
-17
-18
-45
-38
-33
-36
-33
-53
-46
-35
-31
-29
-32
-12
-12
-7
-3
-6
0
-9
-14
-2
8
-5
0
10
-8
-2
16
9
21
20
8
7
7
-2
-3
-4
-10
0
-14
-9
-8
-9
-5
2
10
3
9
9
26
14
10
12
9
-3
13
13
-5
4
1
7
-1
1
1
4
1
-5
-11
2
3
-14
2
0
-5
4
2
-6
1
4
-2
-4
-14
-9
4
-4
-21
-11
-10
-7
2
-15
-15
1
-1
7
8
-1
-2
7
-4
-13
-7
-9
4
-7
-9
4
4
-2
-5
6
-11
-17
7
-22
-19
-23
-7
-23
-46
-6
-13
-21
-10
-11
-14
-2
-8
-18
-11
-21
2
-8
-25
-29
-22
-14
-10
-2
-14
-34
-17
-20
-23
-28
-31
-14
-28
-24
-40
-32
-27
-21
-37
-31
-22
-21
-30
-34
-37
-39
-22
-17
-28
-34
-29
-40
-26
-32
-51
-47
-47
-40
-45
-44
-46
-30
-38
-43
-40
-42
-42
-41
-41
-37
-35
-35
-27
-14
-40
-45
-42
-34
-34
-40
-43
-54
-56
-43
-41
-38
-31
-43
-50
-53
-46
-40
-49
-35
-39
-30
-42
-50
-38
-36
-48
-40
-27
-29
-39
-50
-35
-37
-30
-27
-26
-29
-35
-35
-25
-37
-32
-33
-45
-46
-35
-48
-34
-45
-43
-39
-34
-34
-35
-41
-45
-38
-42
-37
-37
-49
-59
-44
-59
-53
-35
-45
-40
-44
-47
-46
-49
-49
-49
-39
-43
-58
-48
-42
-50
-37
-38
-37
-35
-41
-43
-46
-43
-34
-37
-43
-30
-34
-42
-17
-18
-16
-23
-27
-10
-14
-17
-2
-8
-15
-6
1
-9
-10
11
-7
-9
-7
-1
4
7
-3
8
8
5
5
-4
-5
-10
-14
-6
10
8
0
1
11
13
15
10
5
22
9
17
20
24
21
12
18
18
25
4
-2
3
9
14
18
23
22
20
4
19
16
-1
20
4
14
27
1
12
-1
-11
-8
-8
3
13
-3
-8
4
-4
-7
-7
-10
-17
-17
-20
-17
7
-7
-11
-12
-15
-6
-5
-18
-6
-7
-17
-26
-21
-26
-22
-28
-21
-17
-21
-22
-8
-10
-15
-7
-18
0
-9
-5
-19
-22
4
-5
-32
-6
-1
-12
-11
-18
-20
-7
-18
-22
-17
-7
-4
-7
-6
-5
-19
-19
-8
-19
-6
-15
-39
-29
-13
-14
-24
-26
-25
-32
-21
-33
-29
-24
-29
-24
-24
-26
-18
-8
-24
-5
0
-7
-19
-7
-8
-18
-17
-26
-11
-6
-7
-14
-14
-12
-26
-30
-19
-30
-27
-11
-9
-9
-6
-8
-13
-9
-4
5
-24
-8
-2
-8
-5
-12
-6
-12
-22
-11
-6
-6
-3
-20
-9
-6
0
-17
-3
3
4
6
-6
10
6
1
-1
8
13
12
29
19
35
12
10
21
10
13
20
20
16
8
6
13
17
14
7
9
22
17
15
9
20
3
-9
8
6
-2
-9
17
2
25
10
-2
15
8
8
15
17
9
32
6
8
11
3
14
10
-1
-4
1
-9
4
-9
4
6
-13
2
-6
9
8
1
7
2
6
12
3
-9
-2
6
7
6
9
0
1
5
-6
0
3
3
3
16
13
12
-4
-3
1
0
-14
-4
-2
-21
-10
-10
4
-1
2
11
23
8
15
8
-20
-3
2
-4
-7
-3
3
2
14
15
1
14
14
11
15
33
28
12
15
14
11
31
22
8
38
24
15
-4
-3
7
14
12
10
9
7
18
18
14
4
10
3
3
7
-5
10
19
18
16
-2
0
-2
3
26
19
14
19
17
12
13
21
9
4
18
6
14
13
5
6
10
-1
10
9
3
-3
3
3
0
13
1
12
-1
1
-1
2
-1
-7
-1
-3
-1
3
18
4
22
-1
3
3
-4
-1
-7
0
-11
12
9
4
-6
3
6
-9
-2
1
0
5
3
-2
12
1
3
20
16
5
4
10
-6
-6
0
-6
-17
-9
-12
-13
-11
-10
-9
-21
-24
-6
-17
-20
-33
-27
-2
-22
-23
-20
-30
-39
-50
-34
-34
-33
-47
-24
-22
-40
-30
-32
-32
-49
-35
-38
-54
-42
-55
-40
-27
-34
-33
-29
-34
-34
-39
-34
-12
-27
-38
-34
-21
-22
-38
-29
-22
-27
-21
-15
-1
-11
-18
-15
-10
-26
-30
-10
-5
-13
-4
-14
-14
5
3
1
-15
1
3
-10
-16
1
2
0
8
-15
4
9
-7
7
-12
-11
-6
-10
-4
-11
-1
7
-8
-15
-17
-15
-16
-3
-5
-14
-4
-6
-2
-2
5
1
3
-10
-19
5
-10
-17
-11
-11
-17
-14
-15
-8
-10
-10
-9
-14
-12
-18
1
4
-15
-7
-20
3
-2
-15
0
-9
-6
16
5
0
23
13
15
15
22
26
22
29
23
36
31
27
42
40
43
35
37
46
42
38
27
34
42
48
48
38
39
31
36
44
46
50
37
43
12
16
17
25
31
28
27
21
23
26
30
17
8
4
7
5
15
5
13
4
7
22
13
8
-7
10
8
14
11
-7
4
-2
19
5
-17
9
7
0
8
18
19
16
10
10
27
13
17
18
20
23
21
41
37
31
34
13
16
19
7
19
38
27
29
30
17
30
28
21
6
6
13
22
5
22
19
5
11
7
10
-2
-15
-14
-7
-17
-8
-9
-6
-15
-17
-15
-17
-17
-40
-16
-19
-25
-25
-44
-21
-32
-32
-38
-39
-34
-12
-23
-21
-13
-14
-22
-36
-6
-9
-15
-2
-7
-21
-21
-12
-11
-10
-17
-4
1
-5
5
-3
-8
-5
0
8
-12
-8
-6
15
-2
-11
5
1
16
15
-11
-16
-9
-13
-15
-17
-23
-21
-32
-18
-33
-31
-20
-35
-39
-42
-23
-32
-30
-27
-27
-28
-27
-32
-25
-24
-17
-21
-23
-20
-4
3
-14
-11
-3
-7
-22
-7
-7
-7
3
-1
0
-4
26
22
9
22
13
22
12
4
26
9
12
17
12
31
13
14
33
26
30
28
34
46
25
19
23
15
10
13
17
-2
25
20
15
13
17
18
3
5
11
21
14
8
9
13
3
13
7
14
14
11
15
2
-1
-7
-1
-1
1
-16
-17
-13
-4
-14
-15
-1
-2
-3
-7
3
-1
-1
7
4
14
9
5
19
15
9
30
24
2
13
22
20
15
13
20
21
13
-2
13
14
17
22
9
27
23
9
18
26
13
19
20
32
22
8
10
25
29
14
19
15
14
30
24
33
29
39
22
22
22
18
26
19
35
21
3
10
8
-8
14
1
1
1
-13
4
9
9
5
3
4
-1
-20
-8
9
-10
-9
-1
-9
-1
-7
-14
7
-3
-13
-10
-16
-14
-4
-8
-6
5
-3
-1
0
-2
-22
-7
-18
-6
1
3
4
-18
-1
-16
-9
-15
-12
-3
-10
-9
-11
3
0
-5
-16
-16
-12
2
-4
-21
-2
-31
-17
-15
-6
-9
-3
-9
-10
-18
3
6
-16
20
-13
-1
-3
-4
-5
-7
-15
-19
-33
-28
-19
1
-7
-16
-19
-26
-18
-20
-13
-27
-15
-11
-15
-27
-22
-11
-30
-25
-27
-20
-22
-28
-23
-29
-22
-28
-14
2
-15
-12
-1
-9
-11
-16
-16
-17
-25
-20
-20
-18
-17
-8
-2
-11
-20
-8
0
6
-5
-13
-2
4
-7
-11
12
-8
-10
5
8
2
2
6
11
17
16
-5
8
20
4
-5
-7
16
-3
-6
10
0
-5
-3
-21
6
5
-16
-5
-12
-11
-12
-12
-17
-22
-31
-27
-25
-34
-21
-29
-14
-24
-31
-18
-30
-35
-36
-33
-20
-47
-17
-25
-30
-11
-20
-22
-35
-23
-14
-15
-11
-10
-12
-3
-13
-22
-17
7
0
-5
11
13
-5
-7
2
-5
-10
-12
5
3
2
11
10
19
9
4
6
12
-4
11
-4
10
-2
6
11
-26
-11
-14
-4
-3
-1
-11
-4
1
7
-3
5
-2
1
2
-6
13
-3
-7
-1
0
-5
0
9
-3
-3
-10
-7
1
-4
-4
-13
-12
-22
-16
0
-13
-10
-20
-11
-25
-12
-17
-22
-4
-14
-30
-19
-28
-39
-23
-23
-6
-4
-32
-6
-18
-26
-12
-5
-6
-5
-5
4
9
-13
-6
-14
12
-5
-6
6
13
21
6
9
11
9
14
18
11
21
16
22
14
18
-1
-4
10
4
1
4
10
15
14
15
7
0
2
21
-2
9
12
10
23
18
23
-12
-3
-7
-13
8
5
10
0
-10
15
0
0
-4
-4
-4
-3
-14
-19
-5
-13
1
5
-8
-14
-5
-20
-12
-20
-9
1
-4
9
-23
-4
-10
0
-11
-8
-17
-23
-14
-24
-12
-11
-14
-23
-16
-19
-18
-10
-3
-12
5
-15
-3
-6
-8
-18
-15
3
-21
5
5
2
-3
-5
6
15
24
17
20
16
5
8
4
15
10
2
17
23
13
15
22
13
7
10
16
23
21
18
18
27
23
16
17
22
22
22
13
15
30
10
1
11
4
8
10
1
9
12
29
26
26
13
8
5
1
21
27
28
3
14
22
18
22
16
21
14
14
21
34
20
18
5
15
13
13
4
4
13
-2
23
17
17
16
13
15
16
17
21
11
7
23
30
27
37
32
32
24
49
44
50
49
47
47
30
28
23
48
37
35
33
59
50
28
38
35
50
50
53
39
39
41
53
39
49
48
43
50
44
48
36
54
51
45
57
65
50
56
59
73
65
52
41
40
56
41
43
34
46
38
57
52
33
35
29
34
44
32
20
22
28
29
36
37
32
35
22
33
33
15
46
41
22
36
23
18
25
22
31
37
40
7
23
28
10
1
21
27
16
24
17
13
19
13
8
15
19
-4
13
15
14
25
15
13
2
1
10
-3
-7
9
-7
13
5
16
14
25
25
-5
17
4
-1
11
16
17
22
31
32
11
12
32
37
29
26
9
15
29
12
17
15
12
22
20
20
23
6
28
27
32
30
24
32
18
17
25
33
34
37
16
23
7
24
10
12
22
18
24
9
18
25
17
17
20
8
14
33
29
10
14
1
13
11
8
14
16
14
2
0
13
18
12
22
23
25
12
28
27
38
29
23
45
21
32
18
14
23
8
20
25
32
18
19
27
23
18
16
30
34
29
33
60
44
51
51
25
46
52
51
51
73
48
36
39
34
26
43
46
31
35
19
16
27
35
48
41
28
40
30
47
62
35
41
38
40
41
29
25
24
26
17
37
37
36
47
32
48
48
58
58
42
38
63
61
51
50
42
50
34
47
49
41
58
59
49
55
49
62
56
47
36
48
52
58
63
36
73
62
52
59
51
71
65
63
61
49
48
47
53
54
48
73
69
43
51
46
48
43
63
69
54
57
56
28
37
19
17
25
33
34
25
36
26
17
35
32
43
45
35
24
22
29
38
38
14
27
12
18
25
31
30
22
22
29
25
7
13
9
12
7
12
2
3
8
-14
-8
1
27
19
5
21
24
23
19
18
28
36
29
33
41
25
24
22
15
10
19
17
0
1
7
14
14
16
20
4
14
26
17
26
11
22
23
32
26
22
21
28
34
29
22
26
24
25
29
22
21
2
12
17
18
25
26
27
31
31
17
19
26
16
-5
8
-3
-11
22
7
-6
36
17
8
9
20
-9
6
28
20
21
-2
32
19
11
19
3
13
28
17
30
34
41
11
6
34
12
30
36
11
12
15
10
2
16
37
20
20
23
6
4
11
8
19
13
23
31
8
3
14
26
22
13
9
10
23
22
28
30
30
25
13
29
8
1
3
3
-8
3
0
15
10
2
4
13
21
4
14
13
7
15
-3
-2
0
-10
-8
7
1
19
11
1
-4
-10
20
-3
4
27
5
8
15
19
18
12
13
15
18
20
2
18
3
0
2
-5
4
17
7
15
24
-5
10
28
26
1
10
1
5
21
29
23
58
32
17
19
16
32
20
21
14
1
15
11
19
19
18
36
21
15
14
39
47
20
47
41
31
39
41
48
9
50
52
17
66
8
29
38
14
31
21
30
12
9
17
5
4
11
2
15
31
22
2
8
7
2
3
24
25
25
12
11
13
15
23
8
-1
7
-3
-18
11
0
16
-5
9
1
-20
33
2
-11
2
4
2
-5
6
7
-25
13
-28
-20
0
-38
12
-19
10
4
-39
5
-28
-17
-23
-45
-15
-28
-17
-36
-13
-37
-28
-29
-8
-33
-24
-18
-69
-20
-43
-49
-39
-36
-50
-26
-32
-54
-23
-33
-47
-4
-41
-28
2
-40
-37
-27
-15
-53
-15
-4
-58
-10
-17
-41
-18
-13
-20
9
-21
-18
12
-50
-29
8
-21
-26
-21
-14
-36
-41
-14
-54
-30
-26
-42
-8
-20
-22
-6
-26
-20
-22
-40
4
-26
-35
-19
-55
4
-54
-38
5
-67
-7
-22
-48
-33
-38
-48
-12
-55
-23
-18
-15
3
-4
43
12
18
-1
7
22
-15
4
9
-8
35
-1
-38
35
-7
4
0
-14
20
-8
-5
13
-5
23
4
21
25
15
34
16
10
16
6
-5
16
25
21
21
26
5
2
38
13
10
25
17
16
30
-1
49
29
18
40
9
-14
6
18
4
17
-14
21
8
26
-3
10
9
9
12
34
19
22
50
16
28
15
51
27
19
38
37
30
21
27
15
35
30
5
13
31
37
4
31
27
23
38
15
30
4
60
49
35
33
-4
31
34
16
54
3
30
7
-3
20
7
55
20
29
42
12
27
26
1
24
26
12
4
56
-4
16
12
4
0
-5
21
-4
17
-15
7
4
32
21
4
44
-28
22
26
8
34
16
-7
35
29
11
40
-4
33
30
-3
27
19
25
13
-8
11
13
6
21
20
7
7
9
30
-7
-11
-6
-18
33
-6
-15
13
-16
-35
1
-24
-27
-14
-49
5
-45
-13
-11
-51
19
-39
-20
10
-26
-40
-18
-56
-21
-45
-20
-20
-64
6
-66
-21
-11
-44
-17
-34
-31
3
-11
-13
3
15
6
31
8
-16
16
-35
17
-2
-19
23
-24
45
17
-15
31
6
-6
-10
20
-2
5
-1
-19
-7
10
-41
12
1
-27
-11
-44
-25
-6
25
-21
8
22
-8
-1
-9
-5
-7
12
1
-6
5
7
-46
25
-1
-8
52
-38
41
17
-20
22
-23
-14
1
18
-36
15
-1
-21
6
-1
-11
-3
-9
-6
-16
2
-33
12
-26
4
14
-49
15
-43
-11
7
-34
-22
6
-52
-8
-24
-17
-10
-25
0
-4
19
-20
3
-25
-18
-7
-8
0
-14
-13
-11
-46
1
-26
-27
7
-62
31
11
-21
42
-7
16
17
-20
11
-18
-17
17
0
28
-5
2
-3
4
19
2
19
-2
14
7
10
-29
19
-45
-2
-12
-16
44
-36
-10
23
-39
7
42
-38
34
39
-36
81
-27
-27
38
-63
28
-43
19
-17
22
26
0
45
-30
7
21
-25
36
37
-21
35
26
-5
1
14
-2
17
0
-1
33
-6
-6
4
-9
-1
-30
-5
4
-36
33
-17
7
30
5
4
35
-30
31
17
-10
-6
-1
-14
-11
15
-21
-6
-9
-13
30
-31
0
3
-11
30
-18
25
-23
1
2
35
13
-15
43
-12
13
60
-41
20
20
-26
44
-49
24
-4
-53
51
-32
-23
3
-82
-34
-27
-25
-1
-14
-46
-32
-32
-23
-29
-23
-29
-23
11
-91
11
-43
-40
-2
-18
6
-52
-41
-39
-81
-7
-60
0
-45
-22
2
-47
-3
-71
-18
-79
-4
-38
-59
-76
-36
-84
-45
3
-57
16
-28
-43
-50
-7
-58
-12
-37
-57
19
-24
-35
-21
-18
6
-45
-25
12
-40
-1
-21
-5
-62
-12
-35
-22
-13
-7
-25
-19
-38
-30
-27
-23
1
-32
36
-52
-16
23
-68
30
-70
-14
8
-34
-15
-26
-23
-16
-23
-22
9
-24
-29
-12
-17
-7
-21
1
-61
-1
-16
-51
-7
-58
-11
-45
-47
-11
-56
-32
-23
-31
-34
-27
-19
-21
-7
-37
-45
11
-68
10
-34
-55
51
-70
-8
-2
-60
-26
-11
-39
32
-22
-13
3
-18
6
-32
18
-27
-49
-14
-53
-42
-6
-58
-19
-51
-61
-59
-17
-27
-15
17
-21
23
1
-5
23
-6
1
15
-13
-28
15
7
-2
7
-58
-2
-43
-34
-3
-30
3
-17
-10
-18
-32
21
-60
-16
18
-38
20
-37
31
-30
-18
7
-83
33
-32
-44
21
-40
-33
-2
-40
-26
-25
-28
5
-45
11
-29
-14
-5
-38
-27
-4
-14
-37
25
-15
-22
48
-52
37
-3
21
12
-67
26
-21
-37
-38
19
-25
-28
5
-41
-54
-47
-23
-24
-11
-5
9
-31
15
-5
11
-1
-35
8
-12
-20
13
-20
-16
-6
12
-43
-15
26
-78
35
-25
-68
5
-21
-72
-1
-12
-53
23
-53
-17
-34
-34
-20
-35
-36
-59
-5
-74
-15
-63
-54
53
-77
-27
-37
-48
-44
-38
-49
-36
-59
-4
-29
-10
-63
-35
-4
-37
-42
-20
-60
-49
-20
-44
-24
-58
-55
-52
-54
-47
-67
-29
-29
-67
-3
2
-30
20
-46
-13
9
-16
61
-59
26
46
-34
2
45
-88
79
13
-90
94
-25
-60
17
-12
-62
8
14
-73
-55
-49
-63
-60
14
-66
-46
-2
-88
2
-57
-72
28
-39
-6
-14
2
-35
1
-33
-14
27
-61
17
-43
-20
13
-85
50
-46
-39
1
-67
-2
-73
27
-22
-91
20
-61
-74
53
-143
-15
-15
-105
-18
-90
-56
-41
-33
-73
-28
-3
-36
-46
28
-100
-35
25
-83
-26
-11
-54
-31
2
-111
-19
-12
-99
46
-53
-63
48
-76
-11
-48
-50
2
-49
10
-1
-7
-13
-10
-4
-38
22
-9
-42
-4
-11
-12
-11
-6
-45
4
-2
-42
-16
17
-88
39
-45
-52
1
-64
-15
-3
-69
-6
55
-75
57
-33
2
34
-46
55
-2
42
-24
65
-3
-7
92
-21
-11
-3
-15
11
-31
-4
-33
-31
5
-43
3
-15
-47
9
-65
1
-17
11
-28
-69
36
-78
44
-4
-36
51
-19
29
-14
-13
-35
33
-34
17
-8
-46
-31
-58
-32
-67
-6
-35
-65
31
-88
10
5
-65
41
-51
25
-3
-21
49
-19
8
2
-47
22
-6
-34
29
-17
-76
94
-11
-4
104
-63
74
-17
-78
34
-104
4
-30
-19
-2
-18
-30
30
-48
-12
83
-113
142
-88
-50
32
-98
72
-57
29
-29
-54
20
-104
-44
0
-94
-6
-66
-43
-12
-100
-54
-69
-69
-48
-65
-20
-41
-76
-25
-122
-41
-105
-47
-13
-81
-86
-105
-22
-145
8
-125
-76
-27
-129
2
-120
-40
-44
-84
-66
3
-81
-40
-46
-69
-25
-43
-5
-73
-24
-36
-129
35
-112
-61
9
-136
27
-51
-50
3
-125
-27
-4
-90
26
-101
-29
8
-174
83
-121
-7
-12
-108
42
-84
8
-69
-43
1
17
-66
37
-27
-54
-46
-52
-33
-56
38
-132
55
-101
-24
73
-130
38
-54
-80
5
-38
-55
-10
-56
-1
-23
-18
12
-51
45
-18
7
-12
20
-56
-41
9
-93
58
-50
-93
48
-131
94
-96
-1
-45
-53
6
-120
31
-20
-22
-3
-39
-46
91
-107
-53
102
-146
88
-114
15
-32
-68
57
-18
-27
68
-100
64
-22
-99
116
-128
109
-34
-44
110
-209
51
-69
4
9
-104
42
-157
7
-9
-80
93
-98
-36
8
-66
8
-50
35
-46
-17
89
-57
-6
0
-14
-30
6
-46
-10
-7
-27
-55
50
-66
9
6
-59
-26
-9
-40
37
-15
-72
57
-82
-66
70
-123
-66
73
-185
109
-123
41
-82
-7
-6
-76
91
15
-85
77
-47
-74
96
-113
27
49
-91
-15
31
-33
24
-44
27
-48
1
10
-64
0
-21
-11
67
-137
79
-46
-86
23
-78
7
41
-64
70
-14
25
-43
-5
-37
5
9
-119
157
-159
118
-43
-41
30
-152
119
-96
-30
-2
-55
-41
52
-152
57
-58
-98
87
-140
-2
-48
-77
-42
-74
9
-128
38
-69
-67
1
-97
-7
-80
-103
20
-115
14
-37
-107
-18
-64
-35
-54
-78
-70
4
-25
-38
-20
-114
41
-54
-5
-82
-23
-91
3
-70
-35
-45
-58
-64
12
2
-86
64
-74
7
-110
37
-127
31
-97
-71
17
-108
-102
-8
0
-134
23
-101
5
-30
-134
-14
-69
-86
-47
-24
6
-89
-29
-3
-71
-32
-1
-108
62
-163
22
-116
-81
-66
-105
-12
-91
-68
-19
-10
-56
-3
31
-23
-44
-52
-15
-27
-40
36
-89
-18
-94
20
-49
-17
-25
-61
-85
10
-54
-67
13
-108
-65
-48
-56
-35
-66
-62
92
-17
6
69
-45
-33
26
-26
64
37
-129
72
-28
-60
15
-96
5
-38
-102
106
-51
-17
-20
-66
26
-86
-17
112
38
-138
97
13
-62
74
-10
-5
65
-140
101
48
-105
122
26
-9
54
-48
50
26
-115
89
17
40
49
27
-39
36
-11
-29
59
-46
-69
51
-47
-14
150
-107
42
-8
-7
-25
57
2
-65
64
-73
16
-8
-69
16
-10
-94
0
0
-70
-20
-37
-30
34
-105
2
-84
-17
-37
-5
30
-121
52
39
-68
29
30
16
34
27
-50
13
-26
-96
58
-40
-90
31
-120
-78
101
-81
45
12
-70
31
-16
-11
-98
4
90
-63
3
-4
-11
-88
-9
-9
6
107
-4
-52
-50
-115
112
-19
48
46
21
26
-34
103
-53
-2
91
-51
17
43
-59
50
-100
-68
106
-34
1
32
-133
-30
11
-54
-52
-13
-105
-54
15
-33
9
-58
-83
1
68
-56
-9
127
12
-29
53
20
-91
31
-28
-63
103
-172
-179
-72
-197
-181
-117
-84
-123
-115
-167
-192
-155
-192
-100
-73
-146
115
57
-38
57
12
27
49
-11
102
92
2
-54
-64
-67
-60
8
-101
-127
-131
-143
15
-163
-78
-76
-26
32
-45
-82
-17
-213
-123
-71
10
45
-35
-30
-57
-77
-48
80
-2
7
27
-24
32
101
-191
-24
-9
6
15
16
-80
-106
-164
-103
-52
-173
24
-168
-224
-62
-136
-162
-75
-113
-58
44
77
53
24
34
56
88
98
180
39
36
-10
-12
24
4
44
11
-38
-33
-16
27
-59
-75
-3
-84
37
25
-29
-38
-95
-37
-21
-89
28
64
-114
76
64
-56
38
-50
-93
12
6
-18
-19
20
-73
-37
74
-113
-7
32
-53
21
-77
-67
64
-10
-45
-75
25
-54
-65
33
-69
20
-30
-94
15
-15
-43
21
-55
40
15
-3
46
-37
36
56
-2
7
25
-34
-39
113
-45
36
18
-53
38
-78
-32
-25
-59
-4
-16
-7
-40
-147
-44
-35
-7
-24
-26
-5
-53
-62
-33
39
24
-75
6
86
-5
25
0
-91
-19
-28
-54
7
-4
-50
-9
-68
-85
-118
-185
-134
-97
-93
-59
-109
-140
-152
-112
-65
-107
-66
-16
-53
-34
23
-7
4
29
2
71
71
-8
11
4
-39
-63
19
-3
-21
-1
-67
-101
-96
-69
-115
-130
-146
-100
-60
-68
-62
-112
-90
-132
-113
-12
-71
-15
-22
-22
-24
-25
-7
-34
-26
-43
14
37
5
61
33
17
30
-23
5
-27
-87
-122
-94
-46
-42
-61
-41
-57
-56
-52
-52
-26
-40
-77
-47
-18
-6
-27
-13
-1
-14
1
-21
-19
17
27
52
84
88
60
17
17
22
-5
17
52
0
-27
-38
-57
-116
-97
-105
-123
-82
-104
-65
-91
-118
-140
-132
-103
-80
-76
-78
-80
-91
-90
-119
-77
-63
-90
-108
-103
-102
-123
-120
-128
-151
-164
-152
-160
-147
-155
-204
-170
-158
-124
-113
-103
-126
-118
-87
-64
-19
-37
-28
-41
-10
-17
-20
-10
-7
24
56
92
99
116
86
82
102
150
206
207
213
177
200
226
232
250
235
226
246
283
290
302
250
215
234
230
240
224
195
172
171
170
190
190
143
138
179
184
201
171
177
159
144
192
218
211
180
154
158
173
153
115
95
26
-38
-75
-148
-231
-329
-404
-486
-553
-636
-724
-815
-891
-944
-980
-1014
-1028
-1051
-1062
-1045
-1017
-994
-940
-883
-835
-773
-723
-619
-515
-439
-356
-279
-179
-65
5
105
201
297
406
508
596
669
731
797
911
1002
1097
1217
1307
1439
1566
1682
1820
1950
2062
2187
2266
2309
2296
2113
1928
1785
1572
1366
1134
806
554
262
-85
-362
-688
-993
-1220
-1397
-1483
-1508
-1607
-1682
-1662
-1587
-1429
-1226
-1027
-776
-543
-313
-36
224
455
702
933
1132
1336
1426
1471
1451
1382
1310
1251
1141
986
789
520
257
-101
-448
-697
-1007
-1323
-1621
-1868
-2051
-2208
-2337
-2456
-2487
-2458
-2346
-2145
-1935
-1735
-1571
-1344
-1071
-812
-520
-289
-75
124
309
494
628
705
740
794
829
845
844
796
712
635
577
557
519
473
420
407
530
748
1064
1290
1480
1644
1996
2525
3120
3586
3063
1966
1328
1529
2358
2716
2202
1437
607
-176
-619
-583
-612
-1044
-1766
-1990
-1676
-1654
-2138
-2712
-2830
-2379
-1702
-1028
-711
-944
-1311
-1154
-367
539
1218
1436
1444
1505
1632
1948
2101
1934
1763
1841
2020
1987
1625
1034
407
-118
-225
-31
-56
-565
-1337
-1973
-2274
-2318
-2346
-2371
-2416
-2571
-2601
-2404
-2148
-2028
-1966
-1744
-1293
-768
-449
-342
-321
-199
114
463
766
830
679
533
468
601
725
661
427
200
130
98
12
-117
-207
-225
-182
-96
12
129
207
324
695
1206
1665
1898
2086
2507
3206
3772
3339
2493
2077
2276
2793
2914
2474
1775
919
59
-332
-254
-361
-938
-1771
-2117
-1968
-2023
-2384
-2798
-2829
-2501
-2022
-1536
-1301
-1360
-1508
-1216
-429
496
1123
1274
1241
1339
1653
2046
2267
2273
2227
2115
2016
1890
1632
1121
531
109
57
75
-310
-990
-1651
-2035
-2229
-2373
-2452
-2493
-2657
-2848
-2808
-2551
-2281
-2141
-2030
-1721
-1320
-931
-669
-534
-347
-80
251
506
646
624
561
531
581
694
697
519
254
61
-28
-104
-251
-373
-426
-459
-485
-470
-420
-345
-266
-28
361
731
1107
1433
1799
2375
2932
3533
3974
3638
2871
2426
2653
3266
3407
2783
1999
1267
551
40
-173
-388
-947
-1741
-2137
-2054
-2221
-2751
-3212
-3157
-2724
-2341
-2016
-1803
-1844
-1902
-1463
-540
326
765
921
1093
1342
1661
2046
2329
2352
2232
2189
2214
2038
1592
1106
725
435
219
6
-399
-1047
-1758
-2101
-2175
-2315
-2615
-2883
-2997
-3042
-2967
-2771
-2545
-2366
-2266
-2045
-1624
-1218
-968
-753
-420
-66
203
346
409
440
494
615
747
800
689
443
255
153
82
38
-84
-221
-352
-435
-477
-488
-437
-317
-99
198
530
859
1100
1424
1910
2563
3251
3882
3549
2598
2134
2479
3422
3823
3156
2274
1474
741
325
314
273
-304
-1270
-1879
-1757
-1837
-2456
-3000
-3009
-2583
-2225
-2031
-1943
-2142
-2326
-1885
-881
60
478
421
390
708
1178
1736
2096
2155
2064
2022
2058
1979
1701
1343
1031
800
693
533
28
-721
-1305
-1470
-1467
-1616
-1977
-2438
-2786
-2989
-2846
-2505
-2320
-2330
-2444
-2370
-1994
-1587
-1213
-923
-726
-424
-137
7
105
199
369
621
801
893
783
495
255
267
414
477
315
30
-222
-397
-459
-453
-424
-364
-296
-207
-41
157
386
806
1329
1772
2210
2649
3083
3520
3367
2743
2486
2782
3368
3561
3035
2245
1444
789
439
405
305
-261
-1127
-1754
-1925
-2068
-2379
-2684
-2725
-2582
-2396
-2272
-2259
-2243
-2132
-1634
-852
-205
139
240
346
694
1217
1756
2073
2082
2002
1983
1952
1875
1741
1554
1296
965
700
418
-54
-610
-986
-1082
-1135
-1471
-1946
-2431
-2767
-2824
-2612
-2333
-2286
-2463
-2601
-2524
-2137
-1635
-1244
-938
-753
-557
-319
-109
119
393
643
882
989
946
837
660
613
722
822
791
511
132
-158
-267
-250
-202
-231
-350
-443
-454
-370
-196
65
423
854
1250
1503
1728
2199
2943
3833
3831
2940
2245
2393
3294
3826
3427
2581
1685
899
431
532
668
130
-1001
-1838
-1875
-1807
-2221
-2819
-2966
-2771
-2585
-2443
-2383
-2435
-2574
-2303
-1385
-434
9
14
-62
259
834
1477
1967
2094
1964
1844
1830
1866
1902
1707
1397
1081
902
738
296
-318
-796
-950
-1016
-1284
-1739
-2275
-2717
-2898
-2755
-2428
-2332
-2524
-2781
-2770
-2364
-1745
-1232
-980
-859
-714
-451
-125
203
522
747
858
958
1005
972
813
705
769
843
754
433
21
-288
-435
-450
-398
-453
-614
-793
-891
-763
-518
-219
97
436
761
1153
1618
2076
2606
3172
3846
3978
3356
2713
2775
3451
3918
3581
2753
1910
1157
553
367
392
32
-881
-1794
-2173
-2374
-2688
-3075
-3212
-3098
-3028
-2937
-2880
-2853
-2731
-2306
-1543
-790
-333
-178
-48
237
815
1514
2004
2172
2075
1971
1932
1922
1989
2017
1872
1508
1143
830
444
-5
-366
-492
-657
-1069
-1722
-2269
-2544
-2616
-2500
-2396
-2445
-2630
-2858
-2795
-2442
-1937
-1503
-1269
-1123
-976
-726
-423
-84
226
520
693
755
787
775
783
783
822
858
723
461
157
2
-31
-15
-44
-188
-382
-528
-543
-413
-190
86
334
560
767
1035
1409
1780
2407
3020
3608
3606
2790
2149
2275
3035
3674
3451
2626
1646
730
281
411
718
452
-579
-1654
-2082
-2134
-2224
-2400
-2518
-2546
-2686
-2720
-2554
-2441
-2351
-2081
-1459
-786
-488
-487
-442
-132
479
1187
1635
1721
1496
1249
1311
1612
1972
2068
1792
1321
924
765
660
478
270
53
-317
-823
-1348
-1743
-1929
-1955
-1853
-1845
-2112
-2495
-2760
-2677
-2248
-1745
-1384
-1337
-1476
-1491
-1248
-742
-227
102
255
239
186
294
486
674
807
830
796
641
494
405
354
411
409
325
150
-55
-161
-125
39
242
363
401
447
532
756
1152
1536
1905
2263
2607
2981
2791
2306
2005
2216
2839
3119
2702
1915
1124
564
463
621
718
201
-844
-1697
-1895
-1755
-1647
-1843
-2152
-2420
-2653
-2585
-2369
-2122
-1941
-1781
-1527
-1199
-946
-760
-526
-147
344
779
990
1030
970
1011
1217
1523
1825
1793
1470
1078
890
921
954
891
646
262
-276
-792
-986
-955
-1000
-1269
-1622
-1940
-2138
-2222
-2173
-2045
-1956
-1937
-1924
-1869
-1732
-1547
-1245
-912
-697
-564
-460
-365
-195
49
325
552
617
580
563
612
689
771
791
776
665
527
440
435
493
507
443
398
417
465
559
685
829
973
1172
1353
1664
2006
2315
2407
2047
1562
1476
1927
2384
2311
1760
1123
596
323
367
526
360
-359
-1196
-1530
-1420
-1303
-1432
-1723
-2007
-2238
-2249
-1998
-1712
-1617
-1660
-1605
-1344
-1053
-819
-553
-276
2
281
509
658
740
789
940
1177
1378
1417
1220
985
874
881
961
925
725
359
-66
-397
-537
-491
-560
-834
-1214
-1535
-1693
-1719
-1710
-1699
-1749
-1817
-1846
-1807
-1675
-1557
-1392
-1235
-1109
-998
-829
-628
-416
-197
18
192
278
351
460
632
800
901
920
880
814
809
825
855
849
743
639
614
668
713
724
717
706
810
938
1105
1380
1576
1845
2008
1741
1348
1178
1466
1938
2044
1694
1182
656
327
330
570
656
112
-738
-1213
-1217
-1038
-995
-1158
-1430
-1833
-2104
-1941
-1567
-1358
-1410
-1507
-1493
-1372
-1160
-768
-441
-252
-160
-68
108
273
434
627
815
873
912
863
793
722
740
842
862
724
464
164
-57
-188
-185
-187
-389
-721
-1017
-1168
-1181
-1190
-1255
-1378
-1505
-1575
-1571
-1507
-1378
-1263
-1205
-1184
-1108
-910
-682
-485
-339
-216
-127
-23
140
367
530
616
632
611
657
728
777
834
838
744
646
589
625
667
697
669
599
558
583
672
796
954
1062
1163
1348
1578
1490
1206
957
1087
1457
1543
1337
1068
735
380
221
306
480
228
-413
-838
-914
-869
-894
-977
-1088
-1376
-1739
-1704
-1393
-1135
-1129
-1236
-1225
-1171
-1054
-716
-354
-182
-216
-253
-111
58
223
416
479
410
348
335
443
513
530
510
432
265
176
152
106
4
-110
-188
-298
-436
-536
-598
-676
-751
-828
-865
-979
-1027
-1021
-964
-906
-878
-869
-890
-843
-720
-526
-372
-300
-256
-207
-66
94
259
409
476
479
488
575
659
725
718
662
575
487
467
478
483
439
324
214
168
215
303
341
327
310
329
437
562
760
871
789
645
581
710
893
954
794
644
427
315
304
362
333
110
-220
-392
-410
-370
-329
-436
-592
-759
-833
-746
-589
-495
-538
-646
-683
-613
-459
-294
-212
-236
-296
-324
-264
-149
-22
19
-71
-196
-239
-188
-96
1
23
-19
-139
-259
-225
-113
-53
-55
-153
-249
-295
-310
-254
-224
-259
-362
-442
-464
-417
-344
-341
-354
-372
-390
-400
-372
-300
-270
-258
-258
-224
-141
-89
-45
-21
-51
-69
-50
17
109
123
78
-19
-86
-42
36
89
113
64
20
14
71
165
233
229
192
201
249
300
352
406
415
392
334
352
398
423
400
388
389
349
312
254
270
278
227
173
145
115
68
22
-7
-35
-45
-38
-58
-40
-111
-169
-184
-152
-98
-118
-144
-178
-208
-232
-240
-194
-175
-194
-247
-259
-245
-256
-255
-245
-232
-237
-271
-252
-213
-185
-203
-233
-262
-262
-258
-251
-223
-217
-232
-276
-278
-259
-238
-229
-246
-244
-232
-242
-260
-258
-232
-219
-220
-234
-210
-215
-216
-211
-211
-196
-180
-186
-166
-159
-162
-158
-164
-120
-105
-89
-69
-63
-61
-35
-17
36
67
90
124
106
119
102
129
142
166
147
103
85
74
81
94
102
90
91
75
44
85
132
125
137
141
149
152
172
202
227
236
213
184
154
175
189
185
187
156
99
39
1
5
22
18
23
6
-26
-69
-106
-71
-11
21
-1
-67
-85
-145
-176
-159
-145
-164
-207
-267
-272
-284
-287
-292
-267
-249
-286
-307
-333
-333
-316
-275
-245
-234
-256
-287
-317
-285
-225
-184
-183
-193
-198
-203
-196
-191
-143
-141
-139
-130
-143
-147
-142
-134
-130
-120
-133
-118
-124
-112
-96
-80
-63
-62
-81
-98
-86
-57
-46
-76
-56
-33
-23
-18
-2
10
20
35
58
98
137
134
131
118
111
130
165
183
197
205
170
155
133
160
161
167
146
128
122
109
103
97
95
68
74
79
66
52
28
37
64
75
102
76
59
75
63
53
44
32
7
-5
-1
4
-43
-93
-104
-69
-60
-71
-84
-110
-118
-158
-171
-140
-118
-116
-133
-162
-184
-215
-253
-232
-193
-190
-194
-242
-282
-297
-291
-243
-207
-195
-229
-261
-313
-308
-279
-243
-224
-215
-227
-264
-255
-233
-203
-182
-162
-136
-113
-119
-105
-99
-74
-43
-4
-9
-16
-25
-1
43
59
76
66
58
37
89
108
109
97
65
43
43
69
87
81
57
32
-4
-7
21
17
14
36
24
11
4
12
8
-19
-19
-8
30
51
68
42
11
24
58
95
109
99
88
97
95
101
120
167
176
171
172
167
173
176
185
199
199
159
132
125
81
81
54
8
-30
-95
-148
-197
-209
-245
-266
-288
-323
-356
-392
-393
-381
-346
-319
-321
-328
-315
-321
-286
-241
-198
-158
-145
-141
-150
-124
-110
-66
-28
-40
-46
-57
-60
-28
-24
-28
-42
-43
-59
-45
-28
-4
-3
-10
-19
-17
31
61
92
93
81
95
122
148
146
153
137
128
128
117
103
100
66
47
21
6
-3
-63
-68
-67
-45
-34
-39
-43
-77
-73
-61
-13
20
42
42
12
39
32
80
135
121
116
103
142
149
165
171
168
176
176
182
160
153
130
108
101
102
63
42
-6
-72
-111
-130
-149
-178
-182
-203
-208
-222
-239
-259
-247
-233
-229
-186
-164
-164
-178
-156
-145
-125
-83
-80
-73
-76
-59
-30
-35
-21
-20
-46
-33
-39
-41
-31
-11
-19
-25
-10
3
21
35
47
72
55
56
75
103
140
149
158
138
142
142
139
151
165
145
124
99
57
5
-19
-67
-69
-65
-102
-117
-164
-190
-197
-162
-139
-118
-102
-118
-118
-93
-60
-28
10
30
58
77
81
114
143
158
181
170
197
216
217
211
222
238
209
192
169
175
140
105
80
40
-2
-47
-83
-82
-108
-134
-154
-176
-195
-221
-224
-232
-220
-218
-196
-193
-168
-153
-177
-154
-139
-119
-95
-83
-93
-98
-118
-125
-113
-83
-86
-95
-99
-137
-130
-131
-121
-101
-86
-66
-56
-31
0
33
58
83
126
177
199
206
220
236
258
290
305
289
246
197
179
162
128
66
-2
-33
-70
-118
-172
-199
-223
-233
-257
-277
-286
-256
-225
-187
-156
-131
-129
-115
-83
-24
47
71
81
108
106
109
155
166
196
188
183
164
164
149
139
119
111
71
34
2
-50
-64
-111
-127
-130
-153
-177
-203
-230
-225
-229
-221
-208
-203
-189
-174
-151
-134
-120
-102
-72
-57
-28
-22
-38
-24
-41
-47
-55
-52
-58
-99
-96
-99
-100
-118
-165
-172
-159
-151
-111
-102
-99
-66
-16
-4
53
109
175
222
249
299
353
382
370
381
380
373
358
332
290
219
168
118
39
-15
-72
-125
-171
-233
-301
-347
-349
-340
-338
-341
-330
-312
-289
-224
-177
-133
-99
-63
-21
19
68
114
142
146
142
159
191
203
188
164
119
108
98
92
93
42
-13
-49
-69
-85
-101
-122
-139
-162
-156
-166
-156
-136
-146
-152
-116
-96
-63
-41
-16
9
4
52
67
103
111
92
97
79
71
67
71
46
0
-53
-67
-101
-139
-166
-189
-203
-238
-252
-250
-240
-226
-191
-144
-96
-75
-22
37
78
130
196
252
294
327
345
363
372
368
344
315
292
264
197
139
96
44
-10
-79
-141
-217
-251
-282
-317
-317
-347
-375
-383
-358
-336
-316
-266
-196
-162
-133
-114
-74
-17
30
89
108
133
136
127
139
139
151
136
106
79
43
18
-26
-58
-101
-132
-165
-191
-223
-229
-244
-241
-237
-247
-217
-208
-188
-174
-98
-56
-15
26
67
127
152
194
238
255
251
267
273
266
253
223
189
151
100
38
-9
-47
-74
-124
-152
-198
-229
-245
-233
-217
-191
-153
-146
-110
-68
5
55
93
151
228
247
272
305
311
329
322
323
306
281
237
202
145
88
34
-29
-58
-111
-161
-198
-250
-289
-324
-336
-343
-340
-321
-318
-278
-241
-190
-141
-101
-66
-21
45
103
139
172
195
204
228
232
241
222
209
181
150
111
68
19
-17
-46
-82
-134
-178
-211
-259
-283
-272
-255
-249
-242
-243
-191
-165
-126
-79
-19
35
79
130
166
209
221
262
290
310
315
293
279
263
242
197
161
120
66
12
-33
-82
-121
-162
-176
-181
-177
-169
-181
-161
-146
-117
-63
-23
9
60
94
152
193
218
236
223
231
237
225
216
182
157
126
64
27
-25
-57
-107
-144
-179
-217
-246
-265
-288
-307
-310
-323
-301
-291
-259
-214
-179
-158
-103
-42
10
34
65
130
154
164
189
203
222
239
219
225
188
160
147
124
89
48
2
-43
-61
-73
-104
-122
-167
-190
-194
-195
-168
-170
-145
-121
-82
-43
-14
42
95
135
176
215
246
266
276
286
309
308
296
289
261
208
165
111
44
7
-26
-72
-108
-144
-187
-213
-213
-216
-198
-178
-158
-151
-123
-87
-70
-26
12
63
22
-26
22
74
162
252
303
292
283
195
25
-92
-152
-147
-112
-20
9
28
6
-91
-200
-351
-453
-500
-476
-487
-458
-422
-385
-307
-224
-180
-154
-110
-68
-30
25
106
191
240
243
283
294
255
198
81
-18
-122
-146
-145
-125
-86
-86
-106
-126
-161
-198
-218
-226
-199
-165
-120
-79
-60
-14
42
86
93
92
115
133
175
210
236
273
274
268
245
216
159
129
77
38
48
0
-44
-93
-131
-175
-202
-233
-243
-249
-267
-238
-235
-191
-167
-158
-139
-121
-100
-80
-38
3
45
62
73
69
86
105
122
156
169
157
117
49
15
10
-17
-36
-73
-136
-166
-190
-216
-233
-244
-239
-239
-232
-226
-212
-208
-217
-160
-115
-104
-53
-14
37
80
98
111
143
167
192
204
208
203
211
207
217
217
175
127
73
20
-9
-3
-17
-36
-54
-59
-70
-93
-126
-140
-106
-83
-36
-15
19
45
53
99
132
173
218
242
229
221
204
162
184
151
149
136
114
82
14
-29
-94
-122
-108
-116
-140
-140
-158
-175
-192
-177
-200
-200
-171
-165
-101
-52
-61
-39
-59
-71
-46
-4
17
37
88
106
130
130
110
58
98
111
86
116
80
40
3
-5
-60
-50
-48
-107
-95
-126
-125
-116
-136
-173
-175
-123
-99
-76
-59
-39
-33
6
41
28
91
94
136
179
206
215
215
203
202
226
279
238
145
95
11
-48
-50
-76
-86
-91
-77
-99
-118
-117
-170
-169
-99
-54
-3
77
34
64
89
70
73
112
103
127
132
131
125
37
67
48
45
68
47
-17
-26
-36
-99
-101
-102
-95
-83
-153
-191
-167
-208
-220
-182
-175
-139
-106
-82
-81
-75
-92
-43
5
76
112
98
117
76
91
71
86
119
128
156
149
101
93
24
-19
-24
-26
-6
-13
-68
-77
-89
-169
-134
-160
-175
-122
-105
-124
-81
-55
-65
-96
-39
10
56
104
54
50
120
41
88
185
146
177
116
69
68
60
49
39
97
40
17
1
-16
-36
-28
-1
-23
33
28
5
17
-51
-39
-50
-36
30
19
16
-5
-58
-4
2
-73
20
7
5
58
-13
-24
-1
-53
-37
4
-37
-22
-41
-67
-69
-77
-89
-88
-42
-136
-99
-62
-98
-108
-64
-75
-90
-13
-15
-18
25
46
23
90
110
57
93
25
89
160
73
5
39
8
20
-15
61
-5
-73
-68
-38
-16
-18
-21
-50
-51
-112
-73
-92
-41
-91
-31
37
-49
-11
32
-10
34
61
36
89
82
32
30
47
55
32
69
51
39
50
18
-8
-17
4
-10
46
-13
26
50
-62
16
-68
-121
-11
12
6
23
4
-108
-29
-42
-39
37
-3
23
23
10
30
-27
-6
-56
-41
43
-14
-7
13
-35
-126
-33
-51
-95
-3
-50
-137
-54
-88
-63
-33
-81
-52
-48
-25
-16
10
-27
-8
4
-9
117
77
77
106
29
76
104
15
90
53
-27
81
16
-14
42
-15
0
-46
-46
-49
-76
-4
-56
24
5
-55
-2
-73
-85
-21
3
-42
-15
6
-9
-22
20
14
-16
-18
29
23
-35
42
-91
35
-11
-111
23
-85
7
-34
-21
7
-35
27
23
-7
33
36
-27
62
-2
-11
138
-34
-3
102
-41
59
58
-2
-23
21
-58
-25
-24
-68
-61
-17
-57
-73
-55
-18
-72
-80
-40
-123
-54
-78
-42
23
-2
58
28
-13
-47
5
-34
-32
90
29
-30
77
-21
15
87
-39
43
13
-24
-9
46
40
-12
36
52
-49
12
19
87
98
56
102
20
0
-10
24
98
38
121
126
-28
55
-8
16
0
47
15
-21
87
-11
-34
58
9
-85
-19
31
-92
21
62
-60
19
-9
-44
88
-71
9
94
-6
11
54
12
-110
0
26
-107
58
34
-47
-17
-64
-86
6
-84
-6
38
-89
5
18
-76
10
-12
-10
28
-44
10
44
-59
-10
17
-56
73
34
-18
81
-95
2
-11
60
21
54
99
6
32
29
65
32
59
71
44
62
103
18
-9
8
-15
14
12
19
67
49
-36
7
-10
-35
48
-46
92
50
48
42
-8
-23
-58
100
-36
54
107
-67
-23
-11
-19
-20
24
49
-3
71
-4
35
25
22
89
13
101
94
123
58
55
90
7
58
52
19
48
45
18
10
-42
-17
-51
-113
-6
-30
-29
-54
-13
-101
-49
-82
-39
-22
0
1
-27
-2
-92
-63
-16
-56
31
35
-8
70
9
-110
1
3
-118
147
59
-7
-21
36
-32
-12
62
87
30
68
188
-56
70
92
-14
39
140
26
115
105
58
87
59
18
48
71
51
84
48
-15
22
-24
22
-86
87
-17
-75
170
-179
43
-16
-137
52
-50
-32
-4
-74
-72
-106
-24
-84
-64
18
-75
1
29
-69
60
13
28
108
-17
124
44
96
85
74
95
57
129
-15
138
28
34
83
14
14
62
-40
-98
-26
-20
-109
-99
-9
-115
-102
48
-86
-104
24
-88
-102
-18
-75
-19
8
16
27
-24
78
-4
19
67
15
108
30
122
-9
32
75
28
-26
67
87
3
78
62
46
-34
110
47
-23
142
39
112
41
77
39
31
43
-2
24
23
84
-50
51
-27
15
-38
-51
10
-29
-35
-76
12
-110
-33
-30
-66
23
-118
-17
-83
-79
-61
-16
-6
-87
58
-80
3
-1
-14
42
-21
117
-49
76
113
-1
161
95
102
106
133
20
43
78
-13
44
-6
28
-44
-42
3
-80
-55
-27
-130
-41
-74
-117
1
-70
-82
-51
-38
-30
-35
7
-65
-49
86
-28
-5
39
23
-17
33
52
29
-39
77
-37
26
37
-59
96
-63
34
118
-103
183
57
-21
70
23
14
36
100
15
161
-26
70
44
-61
44
-68
-40
20
-83
-6
-64
-80
-78
-55
-48
-75
64
-120
5
-33
-102
-17
-113
-34
-57
7
-15
-13
3
-107
-29
-97
-28
-90
-1
-20
-109
24
-67
-47
-16
-24
-5
9
80
-3
77
-6
49
-4
-25
161
-116
105
36
-103
84
-28
-130
89
-72
-50
72
-141
-33
-72
-119
-27
-76
8
-102
-36
-88
-88
21
-77
-33
19
-17
54
28
31
57
-17
14
67
73
-9
151
34
0
122
-41
-20
91
-55
-3
90
-102
-4
-18
-74
-79
4
-70
-58
59
-126
-25
20
-118
-50
51
-52
-5
80
-78
-74
86
-112
47
104
-67
69
70
-40
16
66
-44
28
-23
51
-48
-17
22
-91
-82
-60
-29
-67
-79
17
-110
-62
-57
-98
-3
-82
58
-27
90
23
57
59
39
29
95
194
22
160
106
36
30
48
56
-28
48
10
-60
-33
-42
-133
-104
-147
-138
-46
-108
-124
-79
-122
-165
-30
-47
-20
62
-39
52
42
1
91
101
95
121
171
88
90
111
10
65
110
-1
114
102
-23
11
7
-86
-17
-6
-56
-38
29
-99
-119
34
-161
-57
30
-56
-8
-2
16
-26
7
-67
-7
27
1
51
73
43
-56
51
-25
-76
66
-19
-49
-5
-10
-112
-43
-69
-99
-108
13
-101
-23
-7
-82
-60
-56
3
-28
92
10
94
35
25
81
38
79
135
79
104
112
73
57
17
20
11
41
-14
28
-32
-81
-106
-149
-135
-146
-154
-150
-98
-144
-175
-104
-101
-73
-52
29
36
54
38
116
-3
77
122
106
123
167
100
87
125
51
71
71
67
33
58
-55
11
-44
-75
-37
-149
-17
-99
-93
-5
-130
-79
-19
-93
-16
-3
-14
39
8
32
65
-44
105
10
14
118
-13
27
52
-67
60
22
-103
36
-41
-97
21
-94
-67
-75
10
-154
-49
18
-132
3
-15
17
-58
90
-22
25
80
38
26
163
-14
95
149
-64
126
79
17
79
115
37
-5
85
-27
-35
17
-60
-46
-31
-121
-56
-100
-150
-143
-130
-87
-127
-6
-124
-57
-70
-96
21
-4
-45
157
-37
84
121
26
132
73
151
59
121
86
29
101
56
51
14
21
-37
-73
-18
-44
-57
-44
-68
-49
-42
-36
-28
-28
-84
38
-56
-2
26
15
22
10
89
6
63
87
9
132
43
18
79
12
-8
55
-4
-48
34
-55
-37
-31
-68
-74
-27
-83
-1
39
-69
25
4
-14
37
51
62
64
56
90
85
66
116
101
76
139
28
81
115
-11
83
22
-42
1
44
-78
18
-50
-104
-118
-109
-89
-143
-29
-40
-107
-58
-55
-72
4
-64
8
57
10
151
50
40
120
48
85
127
138
91
117
101
26
43
51
-13
29
-53
-13
-9
-68
-56
-119
-102
-114
-83
-103
-30
-69
-48
-45
-93
-40
-62
-8
-25
4
21
28
-10
49
17
-47
64
35
-29
66
-9
-13
-64
27
-95
-70
-1
-102
-42
-85
-38
-42
-23
-76
-56
-31
-97
64
4
-23
-18
8
-28
18
107
21
52
41
40
-6
62
19
-58
39
-15
-63
-9
-77
-96
-123
-108
-136
-61
-141
-100
-82
-153
-81
-122
-149
-95
-54
-103
-35
-24
-26
-16
1
59
61
33
76
65
85
112
97
73
87
69
51
81
55
-30
29
-9
-85
-52
-30
-151
-81
-56
-153
-87
-144
-109
-141
-102
-69
-90
-51
-88
-18
-37
-56
13
18
-1
-6
63
-9
7
9
-21
22
-37
-19
-12
-62
-39
-99
-85
-56
-104
-114
-40
-87
-109
-10
-65
-70
-57
-41
-36
-31
48
-38
12
62
-26
54
83
55
54
101
70
-30
88
-11
-40
71
-55
-6
-29
-84
-47
-119
-86
-101
-123
-97
-119
-115
-89
-160
-77
-86
-113
4
-33
-39
13
25
1
85
75
33
109
102
63
136
104
38
77
55
4
85
98
2
19
53
-87
-15
-7
-88
-39
-1
-70
-46
-14
-85
-101
-2
-112
-53
54
-56
25
34
0
6
50
23
37
45
37
2
42
-11
-37
-6
-8
-67
4
-49
-129
-56
-141
-161
-71
-123
-120
-80
-84
-101
-71
-63
-68
3
-7
38
60
103
67
100
51
93
97
77
115
109
131
57
85
24
38
2
27
23
-59
9
-67
-78
-60
-90
-87
-69
-56
-87
-20
-17
-40
-11
26
33
19
85
33
86
100
40
118
123
43
118
115
67
108
66
19
41
53
-10
15
35
-20
-18
-22
-65
-39
-5
-50
-47
-21
-36
-18
-3
-11
-4
17
9
13
40
62
65
90
47
53
85
52
75
92
50
48
39
-16
-5
-9
-15
-15
-17
-33
-68
-25
-35
-82
-50
-18
-55
-14
-48
-33
-3
-20
-5
38
72
33
83
110
58
100
113
67
57
136
60
57
88
7
16
44
21
-2
8
17
-38
-20
3
-70
-3
-18
-40
-6
-31
-27
-32
-24
-38
-1
33
13
32
103
71
78
97
51
73
86
79
93
112
81
85
71
55
44
37
24
8
10
-13
3
11
-10
-33
-40
-59
-54
-18
-41
-35
-30
-24
-33
-37
-6
27
40
43
49
32
35
38
29
38
11
49
17
1
21
-2
-2
5
-16
-27
-30
-34
-56
-79
-27
-48
-67
-46
-28
-30
-7
17
-12
18
45
40
51
96
64
76
116
68
79
79
84
93
104
81
72
80
56
32
49
28
-7
45
8
-7
3
-21
-61
-71
-25
-58
-51
-5
-24
-19
5
5
-15
1
28
31
46
38
40
33
11
16
25
-2
42
28
-4
13
-25
-37
-13
-5
-21
-27
-33
-33
-47
-16
-36
-41
-8
-13
7
7
9
12
14
47
38
35
39
44
33
37
44
37
24
27
35
15
33
19
-5
-9
-15
-3
-14
-11
-20
-35
-7
-15
-49
-30
-11
-26
-21
-9
1
5
29
38
27
46
48
57
83
65
79
67
58
58
69
61
55
77
48
31
47
33
26
39
28
17
23
15
9
-11
-14
-5
3
9
11
13
-3
-9
-15
-15
-13
2
16
0
7
15
16
2
5
21
1
29
25
19
24
28
-14
-21
-6
1
10
-3
-2
-22
-22
-8
-10
-2
4
11
14
1
24
3
24
5
1
12
22
31
24
23
30
21
10
39
20
20
22
11
8
4
-8
3
3
19
4
14
27
5
20
24
7
26
38
21
30
42
33
44
39
44
43
66
54
48
63
54
48
49
52
56
52
35
54
53
49
44
25
27
20
10
2
-12
-4
-5
-4
-9
-11
-26
-21
-32
-32
-7
-16
-10
-2
-15
-32
-24
-6
-37
-11
17
-22
-24
-11
-20
-23
-21
-19
-1
-5
-5
-22
-20
-16
-37
-23
-22
-30
-30
-14
-12
-11
7
-8
16
19
7
-5
11
13
14
38
50
49
55
65
34
34
49
57
68
77
80
52
54
20
4
16
-4
16
11
11
-3
-5
-8
-12
-15
-12
-9
-12
3
8
-5
27
4
1
9
6
4
-17
2
-12
-17
-6
-1
-13
-4
-19
-14
-18
-34
-28
-35
-47
-36
-32
-31
-25
-49
-30
-39
-36
-24
-9
-21
-33
-19
-33
-10
-29
-48
-31
-27
-31
-28
-20
-13
-23
-32
-52
-37
-22
-13
4
0
0
-9
-6
-8
14
17
18
15
-2
13
-10
-9
7
-3
6
3
8
5
-16
-23
-13
0
3
6
17
19
5
12
4
12
21
40
43
41
38
1
26
16
37
29
38
34
4
14
-2
-2
3
-8
-6
-4
-2
22
6
8
14
14
0
11
8
-6
17
1
-10
-22
-26
-18
-20
-14
-2
-21
-33
-41
-43
-40
-39
-34
-44
-49
-41
-59
-56
-65
-58
-60
-58
-54
-48
-36
-50
-48
-44
-63
-48
-43
-46
-19
-34
-40
-41
-40
-26
-27
-4
-5
0
8
-6
18
-2
15
27
15
15
7
27
18
14
13
17
25
9
16
21
5
13
8
5
-2
9
8
4
-12
-13
-5
-10
-20
-22
-10
-5
-2
-1
-7
-5
1
-6
-6
-3
1
-8
3
-1
9
-10
6
23
-2
22
13
10
-1
-6
2
-3
0
-8
5
2
-21
-13
-9
-4
-22
-12
-7
-16
-27
-19
-32
-41
-43
-32
-22
-48
-33
-41
-65
-44
-53
-50
-53
-52
-42
-34
-41
-56
-37
-37
-28
-22
-5
-8
-28
-11
-24
-10
3
-8
19
16
30
29
21
23
5
8
21
31
38
31
42
30
27
28
38
39
32
37
27
33
32
30
33
29
23
20
21
10
4
10
12
4
-11
-14
-3
-8
-21
-30
-22
-32
-37
-36
-23
-28
-25
-39
-37
-37
-58
-41
-44
-34
-20
-32
-23
-16
-19
-15
-7
-21
-18
-9
-1
3
5
16
-6
-1
-8
-24
-26
1
-21
-19
-21
-22
-15
-25
-14
-16
-32
-29
-7
-16
-8
-1
-20
-3
-3
-7
4
1
22
26
39
27
26
39
35
40
31
28
27
18
47
42
44
46
33
35
46
49
42
50
62
68
67
55
63
55
58
40
45
50
42
57
48
44
49
54
52
48
46
28
49
41
31
20
2
17
22
24
12
20
12
15
16
9
6
7
11
-4
-4
3
3
-6
2
13
2
12
14
16
31
18
33
51
34
32
46
51
51
36
46
69
44
36
60
56
32
31
50
35
37
45
47
32
46
51
26
33
29
22
27
39
32
47
43
59
53
50
56
58
71
74
72
82
88
94
89
80
84
74
65
62
77
65
75
75
70
61
63
74
68
62
60
62
56
76
61
74
77
64
56
61
65
52
51
61
58
43
35
29
30
23
9
14
15
-1
-8
3
-10
-21
-20
-15
-18
-23
-21
-40
-31
-10
-12
3
-1
1
4
-11
13
21
14
15
4
5
-1
6
15
19
28
12
27
30
5
13
-3
7
-6
4
-4
-7
-3
-17
7
-5
-1
-6
-6
3
-1
27
19
26
27
21
27
19
30
32
25
30
30
16
21
16
9
0
4
4
-5
-2
13
2
-10
-5
-10
6
10
19
22
23
11
28
19
15
27
16
22
33
41
31
34
24
14
14
17
20
19
16
15
6
12
-12
-7
-7
-16
-18
-12
-6
-25
-21
-10
-2
-3
5
5
4
6
-8
7
6
12
26
15
30
37
36
34
29
22
23
20
34
44
48
59
62
39
53
42
29
46
47
47
47
55
44
51
65
55
58
67
74
82
76
81
72
65
67
71
71
63
69
63
56
53
54
46
42
52
56
64
63
47
53
49
34
38
48
38
54
51
52
63
56
58
60
48
62
62
42
51
54
67
61
40
41
40
37
55
46
30
22
22
30
9
5
5
16
24
13
8
3
15
-10
1
13
10
13
9
13
15
7
30
14
25
29
28
21
32
53
35
58
48
58
62
51
71
65
70
54
54
56
52
57
51
42
36
34
39
45
33
47
32
46
38
46
53
41
57
48
51
51
55
58
59
57
59
55
37
25
34
50
34
37
27
4
14
12
5
-1
11
10
-4
0
-3
-5
-2
7
0
6
6
17
21
28
17
16
9
0
7
10
-1
-3
-4
-21
-11
-1
-11
-17
-16
-18
-8
-19
-8
-29
-33
-16
-7
-20
-19
-5
-11
-15
-2
4
-10
10
-4
13
13
10
17
38
40
24
36
39
30
43
39
28
38
37
29
32
28
18
20
12
21
33
22
37
46
27
25
33
39
33
43
35
43
53
62
53
60
65
61
67
63
65
48
63
57
54
52
49
49
49
32
35
29
32
35
24
41
14
21
29
32
39
33
35
47
47
40
45
50
48
41
60
52
44
49
29
51
34
39
34
20
17
12
24
20
19
4
5
14
-1
16
16
1
8
2
11
30
22
26
24
25
45
49
48
50
66
50
55
84
64
62
80
87
68
71
78
55
78
76
62
70
56
62
76
73
82
65
70
63
60
54
75
79
93
79
65
74
68
85
81
81
76
74
73
83
82
69
68
63
72
60
67
61
58
63
33
60
53
32
39
37
39
33
45
39
56
67
48
63
55
70
74
58
61
70
66
59
51
70
60
54
55
53
48
46
52
50
44
29
35
43
41
37
43
22
31
38
23
40
41
43
52
70
69
57
72
74
74
91
84
88
108
103
103
87
104
122
113
108
106
97
100
113
104
103
95
98
82
62
62
41
63
50
39
55
64
65
53
56
52
66
64
64
61
76
75
76
75
69
74
73
69
77
66
56
54
46
39
24
21
23
28
23
23
27
22
3
27
18
10
32
38
41
33
51
44
41
57
58
44
57
76
77
73
60
65
63
59
63
59
57
46
55
50
46
57
48
41
33
25
45
55
53
45
44
53
39
49
55
66
59
67
94
87
79
87
94
96
94
98
95
86
95
87
98
119
99
103
99
89
84
80
74
79
74
53
72
62
65
69
60
63
64
60
52
40
59
50
49
52
59
51
60
62
63
64
58
44
42
44
42
27
23
29
23
35
16
1
6
2
4
-5
-7
10
-5
13
13
19
15
22
35
22
32
41
44
38
45
48
48
46
46
59
47
66
74
67
64
59
65
59
62
59
64
74
58
43
58
75
45
59
63
57
57
71
72
61
57
72
75
76
75
71
72
65
80
71
54
62
57
66
76
62
84
74
74
79
59
71
70
67
72
72
61
55
61
73
69
75
69
62
70
69
53
70
56
62
50
54
53
51
53
36
47
40
50
44
41
33
35
34
31
15
23
33
8
9
19
17
23
23
18
11
22
42
27
34
25
31
32
30
26
20
23
40
34
19
32
33
34
23
35
37
27
27
23
19
34
46
27
37
29
26
49
26
16
29
46
39
24
43
34
20
30
34
43
19
10
27
37
29
10
15
19
18
8
-1
5
2
5
15
10
1
12
-2
3
-1
-9
-8
13
8
-11
-15
-10
9
-12
4
-3
-2
23
2
-2
0
6
1
-17
-16
-23
-7
-11
-4
-5
-20
-33
-30
-23
-46
-26
-11
-33
-13
1
-8
2
1
0
16
10
5
17
26
6
12
13
9
17
0
6
15
17
20
31
31
20
10
34
12
26
31
26
24
24
25
16
24
21
19
18
20
44
43
30
33
26
38
24
15
16
31
30
17
27
24
35
16
14
19
10
15
8
16
1
-5
-7
2
-6
5
-6
-14
-8
-12
-15
-2
6
1
12
-4
-3
9
31
12
-5
17
4
4
-7
-3
4
-1
-15
-10
-10
-7
7
0
-6
-12
-6
-4
-8
-3
2
15
6
6
-1
18
8
8
19
15
29
16
13
35
21
8
25
5
36
36
23
30
16
14
5
14
13
1
23
8
3
5
-7
13
-9
-5
7
-10
-1
2
10
7
10
16
12
28
12
20
22
16
5
8
16
0
4
11
3
11
5
3
5
-6
-15
-14
-19
-23
-21
-14
-27
-28
-18
-33
-16
-17
-40
-20
-24
-40
-30
-22
-20
-3
4
-9
-2
-1
-6
-6
-1
-26
-9
-27
-29
-5
-14
-11
-4
-22
-34
-25
-18
-22
-6
-7
-22
-10
-22
-21
-25
-17
-19
-5
15
5
15
5
28
33
21
32
25
21
14
37
20
10
19
18
26
22
15
14
3
3
3
10
6
3
12
18
4
2
32
15
18
17
13
7
15
8
9
17
9
8
20
21
19
21
10
22
28
18
14
11
-5
-1
0
-7
-10
-9
4
-7
-18
-3
9
-8
1
-7
3
-18
-6
-5
-4
-3
2
6
5
15
12
0
0
8
-1
17
-3
6
8
8
-8
-6
-17
6
11
5
11
2
9
-2
-1
-5
8
11
5
13
14
18
16
5
6
9
18
23
26
5
21
17
11
19
-3
0
-5
-6
-2
-11
-5
-1
-2
-2
-1
13
7
11
18
16
4
11
12
-1
-10
1
3
-7
7
7
11
8
28
9
-7
-7
4
11
18
4
13
22
6
27
21
6
13
5
16
9
12
4
7
13
17
16
9
6
5
7
-10
12
4
-3
2
-4
17
10
27
13
14
33
19
30
23
34
20
28
39
32
31
44
36
20
35
28
19
20
22
20
18
12
17
35
19
17
17
18
12
19
23
21
20
4
6
15
21
11
17
12
8
7
5
3
6
-4
0
0
-2
1
1
-12
-8
-13
-26
-6
-13
1
-4
-11
-7
-10
-4
-2
-14
-29
-7
-11
-12
-8
-29
-4
-10
-12
-19
-35
-16
-19
-23
-24
-10
-8
-25
-26
-16
-1
-6
-3
0
-7
-8
15
3
-15
-16
-5
0
16
15
9
14
19
23
19
21
16
22
20
19
22
24
36
26
27
25
31
21
14
27
27
22
28
36
22
40
32
11
28
41
22
29
39
32
28
35
33
36
36
30
39
34
34
32
22
36
51
32
24
30
19
18
21
14
21
21
9
18
25
20
18
8
15
7
16
15
13
22
5
7
26
18
24
6
6
20
-5
12
3
6
-8
-20
-14
-11
-8
-22
-14
-10
-12
-3
-6
-14
-27
-19
-25
-22
-20
-19
-17
-13
-13
-2
-2
4
-9
9
-3
-13
8
-10
-16
-15
9
-8
-12
-3
-3
0
9
6
1
7
-8
-7
-4
-5
-15
-10
1
-18
-10
-20
-9
-11
-13
-17
-19
0
-20
-16
-28
-29
-16
-24
-23
-18
-28
-17
-18
-20
-15
-31
-22
-13
-7
-10
8
-10
-8
0
-3
-12
1
9
-3
6
8
-5
-14
-4
-13
-10
-13
-9
0
-1
3
-6
8
-4
-9
-2
-1
11
8
-5
-7
9
-8
6
-2
0
4
-2
-2
1
1
-11
-4
9
6
7
14
0
8
9
10
14
15
6
11
22
18
5
32
25
18
21
21
8
0
15
20
28
28
26
22
15
10
19
33
15
25
23
26
33
17
21
23
24
20
30
22
25
13
23
36
28
8
15
31
3
9
12
13
23
34
18
15
12
20
33
36
41
36
58
46
29
40
52
36
33
44
44
46
47
31
33
37
25
30
29
25
17
27
28
16
16
26
21
21
26
34
36
14
30
27
37
42
47
37
29
38
40
39
46
45
39
37
27
33
24
26
30
25
23
14
14
28
15
17
12
14
22
8
12
8
14
15
13
13
16
22
14
19
19
22
8
24
22
25
35
34
30
23
35
29
31
26
26
23
10
8
12
5
19
7
24
3
8
14
1
2
-1
17
11
13
10
14
21
18
25
23
30
29
21
39
20
19
28
19
16
16
16
23
27
17
13
22
23
16
26
21
28
29
16
22
18
31
17
11
19
32
20
9
31
29
11
4
12
15
15
17
9
8
-5
-24
-6
9
-1
-2
-6
-5
-2
-9
-18
-15
-9
-1
-5
1
4
1
5
1
-26
-9
14
8
0
3
-1
16
12
7
21
-2
15
13
19
11
8
26
4
13
6
13
11
3
7
17
22
19
3
22
18
17
28
19
21
23
19
15
21
13
-3
17
11
5
18
7
20
17
11
12
0
-14
-4
6
-3
-15
-9
3
-5
2
1
5
-4
9
12
-2
-4
2
7
3
21
10
8
-5
3
6
-26
-4
-9
-1
0
-2
-1
-17
1
13
-14
7
-7
-4
2
-22
-15
-16
-10
2
11
10
13
-1
3
7
12
21
1
13
13
18
31
18
20
18
30
23
22
26
33
45
38
26
19
29
19
28
13
22
23
17
9
20
24
19
24
8
17
25
17
12
22
19
15
27
25
21
20
20
26
26
32
30
28
28
38
45
38
40
28
30
34
16
26
20
18
24
24
21
2
25
26
22
33
46
57
39
37
42
46
40
18
22
23
19
37
33
22
21
21
25
15
2
-5
4
8
12
16
15
5
8
4
14
12
6
27
15
24
32
16
29
32
25
34
26
40
43
23
41
15
33
33
18
36
27
12
6
17
12
17
18
25
29
12
28
39
36
35
31
40
37
32
29
21
25
34
34
33
39
38
28
20
33
32
37
26
15
30
15
-5
7
10
9
-1
13
9
-2
-5
8
-6
-10
6
2
15
20
19
6
11
6
13
4
16
15
9
4
13
25
7
-2
14
9
17
12
-8
3
-10
-15
-9
-6
-11
-22
-7
-11
-1
-1
-7
16
5
11
26
5
1
17
30
23
14
16
37
19
24
42
38
32
20
17
20
28
26
36
30
27
16
23
28
18
10
9
9
16
28
17
32
21
10
23
42
30
29
43
25
44
49
39
36
44
23
22
34
13
9
22
1
6
13
0
18
1
7
20
7
16
-1
8
15
6
1
2
2
8
10
6
22
22
20
31
17
6
13
1
2
18
16
21
20
25
30
19
27
-1
18
40
26
36
31
40
30
29
37
35
44
30
30
39
34
47
43
48
45
46
61
48
47
60
65
56
57
59
55
53
44
52
49
29
29
24
28
25
30
27
25
33
26
14
13
13
14
11
1
23
8
18
8
4
-1
7
15
6
10
-1
12
9
-11
-6
13
-11
-10
-20
-10
-18
-15
-14
-20
-30
-44
-26
-32
-24
-27
-16
-18
-18
-29
-29
-10
-23
-17
-14
-16
-12
-13
-7
-12
-7
1
-9
1
-7
-14
-4
1
2
-15
5
9
-10
-2
-4
-16
-12
1
-7
11
-11
7
17
0
20
5
19
14
32
41
26
23
19
31
26
25
33
20
21
19
16
19
-4
5
8
16
12
0
-5
2
-7
-12
-3
5
-2
-9
2
-1
-1
10
-1
12
17
12
17
8
14
21
20
9
26
21
10
6
12
21
-4
1
10
7
20
20
26
6
15
14
11
21
21
8
7
22
25
24
8
17
15
18
19
31
21
18
36
27
19
18
33
25
45
47
39
40
36
51
44
54
49
36
35
33
37
42
43
34
39
39
49
45
51
32
50
50
55
67
41
56
55
68
53
48
60
61
68
64
66
54
44
67
58
63
59
42
60
55
46
47
42
30
23
33
35
24
29
19
30
28
37
40
44
50
47
39
40
32
34
42
38
30
17
14
26
26
23
21
20
9
19
5
9
17
10
12
3
13
12
7
12
16
17
14
17
15
24
15
21
31
28
36
35
36
29
44
40
40
36
32
34
38
31
23
37
20
33
33
43
50
44
59
46
51
46
41
39
29
42
48
42
15
9
32
24
37
51
39
49
37
42
43
35
53
40
39
47
26
40
28
26
32
18
21
3
8
21
17
19
29
23
21
13
11
6
2
7
-6
6
4
16
4
-6
-8
-4
-5
-6
10
11
4
0
8
-8
3
10
6
9
1
0
7
12
8
10
-8
11
9
11
6
12
11
12
30
30
31
16
20
17
2
0
19
5
9
20
10
30
25
22
24
20
18
29
31
20
21
35
35
28
19
31
29
24
19
27
5
23
28
19
19
9
14
8
5
6
10
5
13
14
12
9
0
6
-3
10
8
0
4
17
11
18
17
9
11
13
9
5
12
21
23
27
39
29
32
29
28
18
14
17
24
26
19
24
25
25
13
18
10
6
20
14
20
14
-1
16
7
1
11
11
7
-12
-3
2
4
5
7
12
14
-6
-5
5
4
4
-4
3
-8
-13
-3
-19
2
20
9
14
6
-2
3
22
16
1
10
6
19
15
25
37
25
34
29
33
21
32
38
18
24
34
27
34
39
24
10
13
17
14
11
1
1
7
19
7
2
3
13
8
12
12
4
21
17
25
16
16
19
28
29
11
14
5
13
29
25
22
-3
20
9
11
18
4
10
23
27
14
17
18
20
30
37
24
23
22
13
16
7
5
11
13
22
28
11
20
7
6
13
8
3
1
-4
12
15
16
8
4
18
3
9
13
18
9
8
1
18
3
7
13
18
7
5
18
20
29
8
27
20
14
19
24
16
16
31
11
30
16
15
17
10
13
13
-9
-3
8
4
15
-7
11
9
-2
10
-9
1
18
-4
2
13
12
7
0
4
13
12
-8
9
4
-2
4
2
11
3
-5
10
-3
4
9
3
12
8
5
8
12
12
7
17
25
13
10
10
2
32
36
25
28
21
26
28
28
20
22
27
29
27
16
16
33
20
18
19
13
16
18
13
24
24
35
20
12
30
28
16
18
11
16
30
32
35
33
34
36
27
29
35
32
35
39
48
39
43
40
32
32
29
26
19
21
9
15
4
15
28
12
27
32
30
34
37
29
28
34
32
34
28
39
51
47
42
48
24
43
39
48
57
53
57
37
55
49
55
43
47
42
40
56
29
51
35
62
55
56
65
44
44
46
49
47
36
30
36
23
43
33
34
32
21
33
29
34
29
17
20
12
27
17
11
26
7
15
18
-1
11
18
19
24
6
35
20
10
22
21
25
34
29
21
14
24
34
20
17
20
24
11
12
20
13
15
3
14
11
8
16
24
21
29
32
34
40
24
23
26
24
17
20
20
24
21
31
14
18
29
29
25
28
32
15
19
25
26
29
21
24
21
26
24
25
10
4
9
20
19
8
12
16
19
19
8
12
28
18
18
22
20
19
14
-10
18
27
4
17
7
17
16
6
7
0
13
-9
-1
-2
3
-11
-24
-8
-17
-4
-17
1
-7
6
9
6
-3
-9
8
-5
-8
-6
18
-6
-9
5
17
12
10
3
-1
-5
3
-6
-2
-5
-7
-4
-9
-8
-10
-1
8
-3
-15
-23
-10
11
3
-7
-6
-2
20
10
3
31
21
12
13
0
2
14
10
-10
7
9
4
6
13
9
28
17
18
15
-1
13
17
31
17
18
30
13
28
34
17
19
24
31
24
36
16
21
9
4
15
6
6
5
16
0
21
27
11
10
11
6
9
8
20
3
0
7
12
25
8
29
24
24
17
14
0
7
38
20
27
25
9
12
15
14
19
22
19
0
12
11
8
19
8
21
2
-7
28
31
28
27
26
29
22
29
24
29
34
23
30
18
26
27
27
22
40
33
30
19
12
23
7
16
2
5
7
-8
23
10
-4
0
-1
3
9
1
-2
18
22
9
14
4
1
7
21
8
17
18
26
28
8
29
1
18
22
8
21
12
9
10
8
-4
6
9
10
26
7
7
0
0
2
5
10
-3
3
-1
1
11
10
6
23
15
6
5
7
7
-19
-14
-7
0
-2
5
10
3
-7
-1
-3
-10
4
-5
-7
-1
-4
9
-5
-8
-10
-9
-3
-7
-19
-10
-14
-6
1
-8
-7
-9
3
1
-9
-7
-3
-3
19
11
12
9
5
15
6
2
9
27
12
-1
25
19
20
18
14
44
33
23
34
25
21
25
21
25
14
23
30
10
32
23
25
22
5
31
31
28
17
22
6
22
12
-4
26
6
12
16
3
8
23
11
1
15
26
7
22
18
20
27
3
18
20
14
26
40
28
33
28
20
20
35
12
15
21
4
12
16
9
9
25
25
15
24
5
28
32
18
25
37
23
19
24
22
23
22
23
11
14
3
12
26
7
20
15
8
11
13
6
-5
21
25
22
16
18
25
17
17
27
12
-6
5
5
5
23
30
19
24
19
22
17
11
34
22
11
2
5
14
21
2
3
7
-2
21
13
3
6
3
-5
-17
-7
11
0
11
-13
-6
12
1
5
20
4
-5
8
-2
-11
8
2
-10
3
8
10
12
10
13
-3
12
2
-3
17
0
16
0
-1
-5
-11
-10
-14
-8
-4
-12
-3
0
-5
4
-2
10
0
2
-4
-10
-2
4
-11
4
9
-24
-20
-13
0
-1
-7
-10
-18
-6
-2
-14
-8
-18
-13
-13
-10
-20
-16
-15
-19
-11
-20
-18
-20
-16
-20
-16
-18
-18
-34
-19
-14
-15
-7
-30
-22
-15
-17
-18
-15
-13
-21
-7
-10
-8
-10
-20
-11
3
-14
-22
-1
-7
-10
0
1
-8
-9
-15
-11
-9
8
-3
-4
3
-1
10
12
5
0
-1
-17
-7
-6
-1
-6
-10
9
6
9
-3
-6
-7
-3
-14
-2
17
9
9
5
2
9
16
5
11
10
-4
8
-3
2
-2
-4
7
17
5
-12
-9
-16
-15
-10
-20
-6
0
-21
-12
-12
-3
4
2
-21
-8
-2
-27
-9
-14
-21
-17
-22
-20
-20
-23
-35
-17
2
-14
-15
-8
-8
-28
-13
-10
-17
-15
-10
4
0
-17
-8
3
-3
3
0
-2
1
14
3
11
-2
-8
5
10
20
7
-1
9
6
-2
3
9
17
18
-6
-5
4
2
9
1
-15
-8
8
-4
5
-6
2
-3
8
4
-11
-14
0
-3
2
-10
-5
3
-15
-11
-4
3
-11
-7
-12
-23
-20
-4
-19
3
-1
-15
-6
-16
-10
-14
-11
-16
-13
-13
-24
-25
-24
-32
-25
-25
-31
-29
-26
-37
-30
-39
-29
-34
-48
-33
-23
-34
-13
-28
-21
-17
-31
-31
-27
-22
-33
-31
-32
-25
-28
-17
-23
-12
-24
-54
-33
-25
-18
-21
-44
-52
-58
-35
-49
-44
-34
-47
-38
-49
-41
-42
-45
-52
-48
-50
-31
-32
-35
-51
-47
-44
-49
-41
-51
-44
-60
-47
-35
-36
-47
-40
-25
-41
-36
-33
-49
-42
-35
-41
-38
-30
-37
-53
-42
-34
-36
-26
-25
-32
-49
-51
-28
-43
-40
-30
-48
-27
-31
-36
-47
-36
-36
