-21
-9
-5
-22
-11
-19
-21
-26
-20
-18
-21
-25
-26
-42
-35
-31
-36
-25
-31
-27
-20
-28
-29
-40
-29
-26
-33
-39
-37
-29
-20
-20
-18
-17
-18
-20
-18
-24
-17
-11
-19
-29
-27
-4
6
2
-3
8
6
-7
-9
4
0
5
-1
3
0
-11
-16
-3
12
0
4
2
3
-15
6
4
2
3
16
8
3
28
11
5
1
16
4
15
22
15
24
19
24
17
12
4
32
21
6
12
20
15
9
24
19
29
26
15
4
17
29
17
11
20
15
-1
12
2
-11
7
3
15
35
5
12
2
-5
4
-20
-17
-26
-19
-20
-18
-23
-21
-15
-30
-29
-46
-21
-27
-13
-14
-15
-2
-17
-5
-16
-4
-6
-10
1
-6
-14
-13
10
-19
-17
-8
-5
-12
-9
-9
-5
-2
-5
-4
-10
10
1
-5
-13
14
-10
-5
0
-2
2
2
17
-3
-5
-1
1
1
-9
-4
-12
-13
-15
-13
-13
-21
-9
-14
-1
-20
-26
-22
-4
-1
-1
-3
-16
-14
-21
-5
-8
-16
-25
-15
-19
-15
0
-8
-5
-25
-37
-27
-31
-28
-15
-15
-26
-13
-17
-18
-24
-36
-38
-26
-5
-25
-14
-7
-10
-2
-13
-20
-8
-10
-11
-2
-23
-11
-7
-9
-11
-21
-30
-25
-27
-35
-26
-35
-29
-18
-22
-14
-29
-20
-27
-37
-14
-34
-27
-24
-21
-8
-23
-23
-27
-32
-37
-31
-32
-19
-23
-13
-12
-14
-17
-7
-19
-14
-4
-6
-1
-11
-20
-11
-5
-29
-19
-14
-33
-37
-34
-34
-39
-52
-30
-22
-22
-34
-51
-33
-32
-33
-28
-52
-33
-28
-33
-33
-45
-49
-40
-38
-28
-38
-41
-32
-33
-39
-44
-30
-24
-25
-19
-19
-43
-24
-37
-16
-21
-26
-14
-18
-17
-23
-3
-24
-25
-24
-23
-7
-31
-23
-25
-16
-12
-11
-23
-20
-10
-19
-10
-11
-12
-6
1
-16
-13
-5
3
2
7
11
13
10
11
14
10
-2
14
15
8
9
7
17
1
4
2
12
5
17
1
-2
7
6
26
8
8
8
7
23
11
8
14
4
8
18
11
9
7
8
13
37
28
27
37
11
14
9
-3
5
23
17
19
10
6
6
17
12
11
-11
12
29
3
10
-3
-9
6
11
-2
3
6
-6
3
12
8
0
7
8
7
8
13
9
16
10
0
21
6
13
15
20
18
12
23
17
31
23
17
33
22
32
31
37
23
25
38
37
31
33
43
34
45
34
45
34
22
33
26
33
31
32
33
42
41
34
33
47
45
41
42
44
45
30
44
32
47
56
42
51
60
55
69
54
39
50
42
45
48
51
45
43
36
38
35
44
46
25
48
34
25
27
46
50
34
46
39
44
26
29
26
17
25
31
19
24
30
23
40
17
12
22
17
2
18
26
21
7
7
11
33
24
-2
1
7
21
17
13
10
31
4
12
17
8
8
13
-1
-3
11
11
6
6
24
12
-3
9
18
0
-12
1
0
9
-1
-3
7
-11
1
3
-4
2
7
-5
5
-1
14
2
2
10
14
8
-10
17
4
-8
-4
-1
8
13
3
6
15
12
5
10
2
14
3
10
8
6
0
4
5
4
5
0
1
7
8
17
18
6
15
16
32
18
26
18
22
16
15
21
28
27
3
28
25
14
8
-5
8
11
4
10
24
21
27
18
20
19
19
20
38
34
37
36
33
25
27
17
12
19
14
10
17
32
17
28
24
21
21
19
16
23
18
16
23
27
14
20
13
22
26
25
10
15
20
10
11
26
28
27
30
13
3
0
-14
-18
0
7
3
3
1
-7
-12
7
4
-12
-8
-17
-10
-17
2
-5
-8
-3
-7
-4
-13
0
6
-6
-7
-3
12
0
4
-2
-8
2
-7
18
15
2
11
9
0
28
29
29
2
2
22
23
14
14
24
9
17
16
9
21
16
25
28
23
8
15
30
1
3
25
19
25
22
19
17
12
22
36
32
30
28
23
40
46
27
3
30
28
31
30
16
36
28
24
28
23
27
28
54
30
25
26
17
11
11
17
17
13
18
11
10
13
11
19
24
20
5
22
12
8
27
22
23
18
25
5
19
4
0
13
6
12
1
6
-6
7
11
9
4
-8
5
8
-7
10
19
14
-8
8
22
-7
-1
-6
-2
-1
3
2
7
0
-12
-2
-2
2
-5
-12
-10
-11
-3
16
-20
-18
-7
-14
-4
-15
-14
-16
-16
-16
-13
5
-17
-15
-23
-9
-3
-3
-14
-20
-21
-33
-8
-23
-11
-12
-17
-21
-37
-26
-11
-17
-24
-21
-16
-10
-31
-14
-21
-27
-11
4
-15
-41
-27
-14
-41
-54
-22
-19
-29
-36
-19
-35
-32
-28
-29
-33
-20
-20
-21
-6
-23
-18
-31
-38
-40
-28
-25
-32
-17
-30
-27
-27
-25
-17
-13
-28
-29
-29
-23
-30
-29
-34
-49
-16
-31
-39
-35
-37
-23
-26
-42
-21
-25
-27
-16
-25
-21
-27
-27
-30
-6
-17
-9
-3
-11
-9
-10
-12
-22
-16
-21
-15
-22
-24
-13
-32
-20
2
-2
-9
-23
-17
-25
-21
-17
-29
-22
-38
-24
-19
-12
-13
-9
-7
-13
-26
-24
-6
4
-13
-3
-2
-14
-18
-26
-12
-14
-14
-1
-10
-5
-24
-30
-11
-4
-8
-16
-9
-20
0
-13
-13
-7
-5
-4
-15
6
-10
-19
-14
-2
-1
-6
12
11
2
-2
14
16
8
-14
18
26
6
3
20
16
18
14
16
11
5
14
-7
6
-7
-2
-18
-4
-11
-15
2
-6
-9
-22
-13
-32
-22
-11
-7
-6
-28
-10
-12
-8
1
-11
0
-16
-7
-5
-10
-12
-12
-8
-12
-7
-10
5
-9
6
-13
-17
-19
-32
-13
-26
-18
-7
-17
-14
-6
-14
-25
-32
-21
-29
-37
-19
-18
-27
-37
-24
-23
-15
-24
-21
-20
-19
-7
-9
-5
-31
-19
-11
-12
-19
-13
-7
-4
-27
-21
-12
-2
-18
-8
-1
-24
-10
-9
-2
-19
-14
-25
-24
-26
-26
-17
-13
-19
-29
-20
-34
-41
-31
-20
-28
-32
-25
-34
-27
-26
-24
-36
-40
-41
-38
-37
-42
-43
-39
-48
-42
-37
-45
-56
-48
-40
-37
-32
-34
-31
-39
-38
-31
-18
-21
-33
-16
-30
-30
-19
-47
-35
-22
-22
-8
-28
-30
-27
-40
-32
-24
-44
-33
-35
-39
-22
-35
-35
-27
-50
-39
-33
-19
-26
-36
-25
-50
-41
-45
-52
-59
-45
-47
-45
-40
-54
-41
-39
-38
-45
-40
-37
-26
-24
-30
-26
-48
-56
-48
-47
-44
-52
-43
-39
-40
-44
-56
-49
-61
-48
-46
-35
-33
-43
-28
-29
-16
-14
-34
-8
-32
-25
-28
-31
-19
-31
-31
-38
-26
-43
-29
-28
-22
-22
-22
-40
-42
-15
-31
-30
-34
-14
-33
-24
-24
-18
-22
-22
-2
-22
-21
-31
-34
-23
-33
-34
-30
-20
-14
-20
-26
-29
-14
-10
-20
-2
-9
-10
-14
-25
-2
-13
-11
-10
-6
-16
-13
-2
-6
1
-10
-7
-9
2
-7
-11
0
-6
-1
-6
-7
-6
0
-6
7
4
-6
-7
4
15
7
19
3
3
10
12
12
9
6
9
12
14
8
19
23
8
23
12
8
14
2
9
12
10
3
13
11
7
26
15
24
16
9
18
-1
3
3
-7
15
-8
6
7
7
16
4
12
-3
13
14
-1
6
19
21
10
-2
3
7
9
2
5
2
9
13
-2
16
2
27
18
15
16
11
8
7
2
4
7
1
0
10
13
1
-1
-4
1
-17
-21
-14
1
-1
-5
-6
-6
8
11
-3
-2
3
-12
-19
-3
-7
-1
3
-5
-5
-6
5
-5
-6
2
5
-5
-8
-4
-6
2
-2
-8
4
-8
0
2
-1
-23
-19
-24
-14
-12
-7
-5
-19
-7
-16
-18
-7
-4
-11
3
-21
-17
0
-8
-18
-1
-18
2
-12
-20
6
-8
-10
-20
-6
-24
-10
-15
-21
-10
-8
-15
-8
-23
-32
-7
-13
-17
-5
-15
-21
-13
-16
-3
-21
-13
-6
-3
6
5
-4
-17
10
4
5
-6
1
3
-9
-15
-22
-17
-18
-7
-7
-12
-24
-18
-14
-4
-8
-3
-11
-5
-4
-22
-15
-18
-9
-13
3
-13
-16
-10
-24
-10
-19
-11
4
-3
-22
-22
-3
-14
-13
-25
-22
-22
-22
-26
-36
-25
-37
-20
-16
-20
-16
-14
-11
-10
-24
-10
-4
-17
-1
-1
-7
-3
-2
-11
-2
-19
-13
-6
-19
2
5
5
-8
6
0
-6
-7
2
6
2
6
-12
-8
-1
-12
-8
-3
-3
-4
-12
-11
-5
-6
-9
-12
-15
-12
-17
-31
-11
-9
-13
-6
4
14
9
8
-6
-11
9
-3
-15
-6
-3
-3
-4
0
-3
-5
6
13
15
8
8
9
12
5
24
9
2
2
4
2
-9
8
6
5
7
8
-4
-8
-1
-7
0
5
1
2
-11
-6
-7
3
-7
-18
-10
11
4
-1
8
-9
11
4
-2
9
15
-3
4
-1
5
8
-17
0
-4
4
-5
1
6
1
1
2
5
-7
6
-19
6
-2
4
22
7
8
7
9
13
12
-20
-14
10
6
9
-2
5
-5
-4
10
-3
4
5
9
-3
10
0
5
5
-2
9
-6
1
-20
-18
-14
-28
-8
-13
-5
-13
-10
5
-15
-5
-2
-6
-5
-8
-6
-17
-14
-1
-11
-11
-8
-18
-15
-8
-21
-12
-16
-18
-2
-22
-22
-22
-46
-36
-12
-17
-30
-11
-8
-10
-2
-11
-22
-33
-30
-11
-17
-16
-8
-14
-6
-5
-2
-17
-15
-13
-21
-14
-12
-17
-24
-16
-17
-2
-6
-17
-4
-22
-3
-4
-6
-7
-11
-5
3
-5
-28
-12
-9
-18
-16
1
0
-20
-16
-6
-8
-16
-22
-17
-15
-35
-33
-3
-13
-22
-21
-16
-7
-27
-25
-15
-40
-33
-27
-39
-25
-24
-34
-26
-40
-48
-32
-41
-44
-55
-43
-54
-51
-43
-36
-29
-27
-34
-43
-45
-45
-33
-36
-38
-34
-32
-42
-28
-31
-42
-24
-24
-48
-33
-44
-42
-40
-47
-23
-41
-48
-34
-49
-48
-50
-44
-43
-48
-45
-40
-39
-41
-47
-37
-36
-44
-49
-54
-28
-33
-26
-44
-52
-44
-49
-39
-39
-48
-50
-55
-54
-41
-64
-53
-44
-49
-39
-38
-30
-31
-46
-31
-27
-39
-48
-45
-45
-46
-55
-62
-55
-71
-58
-55
-65
-54
-54
-42
-52
-65
-69
-59
-51
-69
-59
-50
-57
-69
-59
-59
-55
-61
-49
-47
-55
-74
-71
-65
-69
-56
-57
-66
-51
-60
-62
-60
-57
-60
-61
-54
-34
-33
-53
-59
-54
-61
-63
-51
-44
-47
-55
-42
-59
-56
-59
-48
-61
-58
-48
-57
-60
-68
-55
-61
-60
-60
-58
-52
-53
-44
-53
-59
-63
-64
-58
-52
-69
-64
-66
-61
-71
-71
-61
-50
-57
-69
-68
-71
-57
-53
-57
-57
-44
-65
-66
-59
-75
-67
-73
-77
-81
-68
-65
-76
-76
-68
-77
-69
-71
-73
-78
-80
-77
-71
-79
-73
-70
-73
-76
-71
-72
-81
-74
-69
-65
-71
-69
-69
-64
-74
-79
-65
-61
-72
-60
-64
-62
-66
-64
-75
-73
-66
-73
-68
-69
-76
-74
-79
-71
-70
-76
-80
-76
-80
-81
-81
-74
-77
-87
-84
-73
-75
-79
-92
-75
-69
-91
-82
-93
-92
-91
-95
-82
-88
-91
-96
-75
-82
-84
-84
-99
-91
-86
-88
-89
-90
-75
-84
-92
-83
-96
-89
-89
-98
-86
-71
-84
-78
-80
-83
-69
-90
-83
-87
-77
-86
-73
-76
-104
-88
-94
-80
-82
-65
-76
-80
-79
-80
-78
-80
-71
-71
-92
-82
-66
-87
-76
-70
-80
-84
-84
-86
-80
-84
-89
-82
-79
-83
-85
-94
-97
-96
-93
-96
-81
-82
-91
-84
-94
-89
-79
-72
-81
-94
-96
-84
-81
-76
-84
-84
-87
-73
-69
-71
-68
-78
-73
-87
-86
-71
-67
-83
-80
-78
-89
-74
-89
-82
-70
-81
-91
-87
-82
-82
-85
-82
-68
-88
-91
-76
-78
-87
-76
-75
-85
-72
-87
-83
-65
-81
-79
-77
-75
-66
-81
-77
-64
-71
-72
-67
-62
-72
-63
-63
-80
-74
-75
-77
-79
-62
-66
-74
-77
-77
-64
-64
-79
-69
-75
-70
-61
-73
-62
-68
-61
-59
-62
-57
-68
-60
-55
-39
-57
-51
-29
-66
-62
-48
-63
-65
-54
-58
-65
-64
-62
-53
-52
-54
-60
-67
-52
-62
-58
-57
-57
-49
-55
-62
-69
-77
-67
-76
-81
-67
-88
-77
-72
-70
-78
-75
-58
-81
-74
-63
-78
-80
-78
-88
-77
-84
-86
-77
-90
-87
-68
-73
-66
-70
-68
-80
-78
-70
-78
-58
-70
-69
-93
-83
-69
-71
-81
-87
-85
-89
-74
-63
-66
-75
-65
-86
-71
-55
-65
-69
-74
-69
-48
-74
-72
-62
-57
-46
-59
-71
-69
-63
-65
-70
-60
-59
-69
-62
-43
-65
-64
-45
-56
-41
-55
-62
-49
-46
-42
-55
-59
-47
-53
-44
-49
-65
-38
-41
-31
-34
-52
-39
-49
-50
-51
-58
-51
-52
-57
-49
-50
-53
-60
-42
-59
-41
-47
-55
-56
-56
-70
-69
-56
-56
-54
-61
-54
-67
-65
-45
-40
-50
-57
-66
-62
-69
-74
-59
-70
-67
-76
-70
-80
-73
-59
-50
-53
-67
-73
-62
-50
-50
-54
-50
-38
-36
-46
-55
-58
-48
-48
-59
-53
-61
-51
-40
-49
-33
-49
-31
-54
-40
-42
-56
-52
-51
-48
-56
-51
-49
-53
-55
-53
-46
-37
-64
-58
-47
-52
-64
-53
-64
-44
-34
-58
-61
-49
-56
-63
-59
-61
-55
-69
-49
-49
-53
-60
-48
-46
-56
-50
-41
-39
-56
-51
-54
-58
-55
-60
-63
-54
-63
-67
-69
-65
-59
-53
-53
-57
-51
-58
-53
-53
-40
-49
-39
-47
-40
-43
-43
-29
-35
-34
-42
-30
-30
-33
-39
-43
-42
-34
-45
-44
-38
-39
-50
-44
-24
-31
-39
-42
-36
-38
-36
-37
-51
-32
-40
-58
-52
-48
-46
-35
-28
-25
-33
-34
-24
-32
-21
-19
-30
-23
-26
-24
-23
-31
-19
-23
-39
-33
-22
-22
-9
-29
-31
-10
-6
4
-13
-10
-1
-8
-23
-11
-4
-11
-9
-9
-5
7
-13
-6
8
-6
-12
-19
-8
-11
-11
-9
-22
3
-27
-35
-30
-42
-27
-40
-22
-31
-25
-34
-35
-31
-40
-27
-35
-24
-24
-32
-22
-29
-18
-10
-31
-31
-20
-35
-29
-39
-29
-31
-49
-35
-35
-38
-37
-31
-44
-52
-39
-20
-20
-21
-13
-17
-11
-19
-14
-13
-21
-25
-12
-5
-24
-19
-33
-23
-14
-15
-8
-8
-12
-14
-24
-36
-35
-44
-35
-40
-15
-32
-33
-37
-54
-29
-45
-43
-39
-38
-45
-55
-55
-35
-35
-42
-33
-36
-43
-28
-38
-40
-40
-31
-23
-21
-22
-35
-16
-38
-43
-40
-36
-35
-21
-26
-26
-33
-48
-26
-32
-30
-32
-29
-29
-31
-19
-23
-27
-18
-26
-25
-14
-27
-35
-27
-41
-44
-45
-49
-42
-49
-40
-42
-55
-48
-41
-53
-40
-51
-30
-29
-42
-27
-32
-43
-49
-51
-36
-31
-39
-42
-29
-32
-47
-42
-42
-28
-42
-34
-22
-27
-36
-20
-25
-31
-38
-47
-35
-44
-32
-32
-32
-39
-38
-41
-43
-44
-47
-60
-48
-54
-63
-55
-73
-51
-50
-69
-59
-63
-71
-47
-73
-71
-70
-59
-65
-68
-56
-53
-59
-63
-41
-53
-66
-42
-49
-54
-56
-66
-59
-50
-68
-56
-48
-59
-58
-49
-51
-39
-39
-46
-54
-50
-59
-53
-40
-50
-39
-47
-39
-58
-45
-52
-49
-50
-42
-32
-34
-36
-46
-32
-52
-46
-53
-60
-67
-55
-58
-54
-60
-55
-53
-65
-61
-53
-64
-58
-57
-54
-42
-52
-37
-48
-52
-48
-26
-49
-46
-41
-49
-50
-45
-32
-50
-41
-44
-43
-36
-49
-52
-44
-50
-43
-45
-40
-38
-50
-50
-41
-38
-28
-43
-46
-42
-56
-36
-30
-18
-29
-17
-24
-41
-19
-32
-46
-52
-45
-32
-43
-48
-39
-42
-40
-27
-39
-33
-34
-35
-34
-45
-41
-46
-47
-47
-34
-31
-34
-33
-29
-26
-15
-47
-35
-39
-33
-39
-44
-35
-36
-30
-34
-22
-42
-42
-33
-28
-22
-28
-38
-38
-31
-37
-35
-33
-23
-35
-32
-25
-29
-28
-28
-42
-31
-31
-27
-34
-33
-27
-33
-31
-33
-33
-30
-28
-28
-31
-35
-42
-31
-34
-43
-34
-38
-44
-49
-40
-44
-56
-44
-34
-49
-46
-40
-31
-31
-23
-37
-34
-32
-33
-27
-25
-25
-26
-33
-42
-18
-32
-12
-11
-17
-16
-14
-10
-4
-11
-12
-19
-18
-16
-9
-8
-15
-22
-21
-32
-26
-19
-17
-12
-9
-22
-15
-16
-8
-14
-13
-18
-6
-8
-6
-10
-20
-15
-37
-28
-22
-21
-18
-21
-37
-18
-17
-26
-14
-15
-29
-25
-21
-20
-28
-10
-25
-28
-28
-32
-25
-32
-29
-29
-35
-15
-21
-9
-11
-31
-31
-22
-29
-30
-10
-16
-27
-27
-28
-25
-21
-25
-19
-19
-22
-33
-32
-36
-42
-34
-33
-40
-30
-8
-26
-25
-32
-23
-21
-17
-7
-11
-13
-24
-3
-19
-14
-23
-21
-9
-25
-22
-10
-9
-21
-21
-23
-5
-26
-29
-16
-22
-32
-25
-16
-15
-31
-34
-28
-36
-16
-31
-23
-24
-23
-7
-28
-13
-16
-27
-17
-27
-29
-30
-40
-35
-28
-31
-26
-34
-26
-56
-31
-19
-35
-30
-27
-26
-44
-35
-34
-32
-48
-45
-46
-46
-17
-32
-30
-30
-37
-29
-28
-30
-15
-23
-27
-20
-20
-14
-21
-21
-15
-29
-33
-19
-15
-18
-13
-23
-23
-25
-29
-28
-29
-33
-11
-15
-22
-23
-21
-25
-34
-25
-27
-24
-29
-17
-21
-40
-16
-31
-28
-27
-35
-31
-32
-32
-17
-28
-41
-24
-14
-3
-18
-12
-7
-5
-11
-10
-7
1
-7
-8
-15
-4
-4
7
16
3
1
-3
-5
-4
4
8
15
-6
8
-3
-15
-9
-9
1
-14
-11
-6
-3
1
8
-12
-19
-9
-4
-7
1
-14
-10
-10
-15
5
-9
0
-7
5
-2
0
12
1
-6
-6
-10
-16
-3
-8
2
10
7
6
-6
7
10
3
4
0
4
8
13
15
21
1
6
5
1
16
14
30
10
29
13
7
25
16
19
6
17
16
33
21
25
31
26
32
4
13
15
30
14
21
33
3
9
20
33
16
24
5
16
36
19
36
26
13
32
30
12
20
23
30
38
43
38
19
31
47
33
20
27
34
44
35
54
71
38
49
38
41
49
55
64
50
39
39
48
39
36
34
37
48
45
41
26
37
41
47
43
33
43
39
40
23
21
29
37
47
52
36
31
51
37
30
39
44
37
31
36
32
35
19
20
41
28
34
21
21
20
30
36
25
39
33
18
30
31
26
19
41
44
31
27
37
34
17
28
34
48
29
31
38
41
42
39
44
35
47
49
35
46
38
28
30
34
38
38
36
29
39
39
31
23
0
14
24
2
5
23
18
19
17
17
20
18
28
26
21
32
31
32
20
25
31
21
35
43
14
23
29
28
23
30
26
27
32
28
32
29
34
37
46
41
37
29
28
31
28
28
27
33
27
34
18
14
27
33
37
26
35
30
40
43
31
26
36
41
41
34
43
51
38
44
34
26
44
50
39
54
48
50
58
49
56
54
50
40
41
57
69
78
45
66
44
48
65
53
68
47
52
46
33
39
46
46
48
62
49
53
64
49
65
51
38
43
47
39
41
38
34
55
46
45
54
51
32
31
43
38
42
38
48
57
41
48
46
48
22
41
33
24
48
25
34
16
21
37
31
5
26
31
17
32
27
30
36
34
41
41
45
52
41
56
44
47
58
60
57
57
47
28
45
43
39
55
51
41
35
34
35
32
45
42
34
32
30
43
38
37
44
32
45
52
42
37
40
45
47
40
20
55
39
19
29
41
43
38
20
10
19
21
23
28
32
28
18
28
31
30
38
15
25
23
8
19
31
8
15
27
26
24
15
28
18
13
6
6
21
12
7
11
30
20
16
27
20
20
17
9
11
26
21
19
14
26
32
16
21
17
17
10
13
0
0
12
8
8
2
2
0
15
24
31
17
5
1
24
32
22
19
15
34
12
28
22
17
21
16
10
26
34
15
16
30
18
17
15
13
15
7
26
23
28
37
29
16
24
28
18
9
10
9
12
8
2
18
28
30
29
17
19
24
19
21
8
14
23
20
26
20
25
28
23
16
13
17
11
6
15
7
6
10
23
13
9
5
4
18
4
7
16
21
3
14
28
11
19
25
19
16
36
41
23
31
30
35
34
31
37
20
12
11
14
18
16
25
7
17
28
19
25
5
14
17
17
14
11
9
18
8
2
7
17
20
13
16
6
5
-6
9
-4
-2
-8
6
-1
-7
-1
-13
10
-12
2
2
-3
-11
-2
1
-13
-6
3
2
-10
3
-11
-18
-11
-4
-13
-17
-2
-3
-7
-9
-6
-2
-6
-15
-10
-10
-9
-16
3
-22
-9
-3
-27
2
3
-1
3
-7
-4
-3
-14
3
-1
7
12
11
19
14
25
10
19
17
4
14
11
-6
-6
14
10
5
9
25
17
5
4
12
5
15
-3
13
14
23
13
7
9
-7
13
15
8
-5
2
6
18
4
-6
-5
-14
3
1
2
4
5
11
8
-1
2
13
2
3
8
4
7
-2
-3
2
-6
-1
1
-10
7
-5
-9
-4
-21
10
-3
-3
-3
-3
-12
-2
-9
-20
-13
-21
-10
-34
-15
-18
-22
-17
-6
-13
-18
-18
-17
-21
-13
-18
-8
-5
-12
-10
-11
4
-15
-8
-6
-4
3
-6
0
-20
-11
4
-12
-10
-18
-8
-1
-2
-8
-8
7
5
-11
-2
-12
-12
-13
-5
-1
-19
-18
-10
-16
-14
-9
-3
0
-14
-17
-19
-14
-14
-24
-29
-19
-21
-23
-14
-20
-6
-22
-36
-15
-14
-8
-17
-19
-6
-14
-9
-4
-10
-11
-6
-2
-11
-12
-6
-9
-21
-11
-9
-10
-2
-10
-7
-2
2
0
-25
-11
-17
-24
-25
-18
-9
-12
-33
-34
-12
-15
-9
-7
-12
-17
-19
-36
-30
-22
-8
-14
-15
-24
-22
-16
-21
-15
-28
-11
-15
-20
-15
2
-20
-26
-20
-24
-21
-34
-5
-15
-30
-24
-25
-27
-19
-23
-21
-24
-42
-25
-7
-14
-16
-22
-24
-16
-7
-8
-11
-5
-12
-15
-12
3
-10
-7
0
-8
-11
-13
-10
-6
16
-1
-10
-16
-4
-6
-2
-9
-5
-7
-10
-9
-15
-18
-21
-6
-27
-28
-22
-21
-17
-16
-19
-10
-18
-21
-25
-27
-19
-16
-21
-31
-21
-35
-15
-20
-27
-15
-21
-3
1
-17
-9
-30
-15
-21
-39
-26
-40
-40
-37
-40
-27
-30
-31
-41
-41
-32
-34
-22
-36
-43
-38
-33
-48
-58
-45
-47
-49
-59
-61
-59
-49
-58
-59
-49
-47
-44
-51
-53
-55
-42
-45
-31
-39
-47
-38
-41
-41
-44
-36
-31
-36
-28
-24
-20
-35
-33
-34
-29
-28
-48
-44
-40
-35
-38
-42
-29
-36
-30
-16
-32
-27
-5
-23
-25
-24
-46
-24
-29
-30
-24
-28
-3
-12
-33
-34
-31
-40
-32
-28
-35
-34
-23
-20
-22
-34
-38
-34
-34
-30
-49
-53
-60
-45
-34
-37
-28
-42
-33
-35
-27
-33
-43
-36
-42
-34
-35
-31
-51
-56
-38
-41
-39
-40
-47
-62
-26
-45
-57
-46
-42
-38
-51
-48
-44
-41
-39
-37
-31
-37
-34
-49
-39
-31
-32
-24
-37
-39
-35
-29
-19
-25
-31
-27
-33
-36
-29
-36
-39
-21
-32
-28
-21
-18
-18
-42
-29
-34
-39
-28
-36
-30
-31
-42
-37
-24
-31
-31
-26
-30
-31
-36
-36
-21
-21
-31
-38
-32
-48
-35
-42
-48
-34
-65
-45
-42
-47
-58
-52
-41
-58
-68
-68
-72
-56
-46
-44
-42
-61
-37
-54
-68
-54
-35
-47
-45
-46
-71
-53
-48
-45
-47
-45
-41
-45
-52
-45
-54
-48
-36
-59
-44
-51
-48
-39
-52
-51
-59
-52
-50
-47
-36
-23
-31
-36
-47
-39
-46
-56
-39
-42
-40
-44
-33
-30
-34
-49
-46
-33
-36
-46
-53
-23
-43
-53
-45
-43
-33
-55
-47
-43
-39
-37
-33
-30
-43
-38
-41
-29
-31
-50
-37
-31
-23
-34
-39
-39
-33
-26
-23
-30
-27
-18
-37
-35
-33
-28
-36
-41
-32
-40
-28
-26
-40
-33
-45
-61
-47
-25
-28
-43
-41
-29
-30
-30
-43
-34
-24
-28
-46
-38
-23
-34
-33
-55
-53
-57
-40
-38
-41
-25
-54
-36
-36
-50
-28
-41
-44
-42
-41
-42
-32
-37
-41
-30
-34
-33
-37
-32
-48
-41
-35
-57
-36
-38
-43
-41
-44
-36
-32
-30
-39
-35
-23
-35
-35
-26
-36
-33
-47
-39
-41
-29
-37
-41
-45
-45
-43
-36
-36
-43
-30
-44
-42
-35
-29
-37
-37
-40
-37
-22
-31
-44
-30
-28
-27
-18
-29
-49
-41
-47
-32
-38
-31
-31
-42
-41
-41
-32
-36
-32
-28
-23
-27
-14
-26
-33
-24
-25
-5
-16
-35
-23
-27
-28
-14
-27
-41
-41
-39
-42
-39
-42
-43
-34
-29
-26
-38
-25
-32
-43
-9
-22
-34
-30
-33
-25
-35
-21
-32
-42
-48
-37
-39
-46
-33
-20
-41
-36
-35
-45
-24
-34
-36
-46
-41
-45
-31
-45
-49
-21
-40
-52
-38
-38
-35
-33
-33
-50
-57
-29
-44
-44
-39
-44
-36
-37
-47
-45
-24
-37
-29
-21
-37
-31
-38
-36
-34
-47
-26
-38
-45
-32
-38
-22
-22
-18
-24
-14
-11
-14
-23
-30
-11
-7
-40
-39
-21
-23
-27
-23
-22
-29
-22
-17
-29
-22
-18
-21
-20
-32
-21
-20
-19
-22
-22
-6
-23
-18
-17
-28
-31
-19
-12
-35
-34
-21
-20
-23
-19
-26
-38
-23
-24
-23
-6
-23
-12
-8
-18
-23
-4
-11
-18
-17
-26
-13
-19
-16
-31
-15
-30
-22
-27
-24
-25
-9
-21
-40
-15
-21
-29
-37
-41
-39
-18
-24
-34
-42
-33
-31
-21
-45
-35
-25
-30
-20
-40
-32
-33
-44
-28
-35
-38
-31
-32
-39
-46
-39
-41
-41
-54
-36
-38
-31
-37
-50
-39
-45
-41
-36
-44
-32
-21
-26
-24
-17
-30
-42
-32
-35
-25
-40
-51
-38
-27
-20
-17
-9
-15
-18
-25
-29
-17
-17
-12
-17
-41
-40
-30
-44
-41
-34
-48
-48
-37
-53
-48
-29
-33
-31
-34
-41
-22
-20
-15
-21
-37
-28
-37
-18
-18
-23
-21
-23
-28
-17
-20
-30
-30
-18
-37
-32
-23
-22
-40
-33
-22
-35
-18
-27
-16
-6
-16
-15
-29
-24
-22
-33
-28
-10
-17
-23
-13
-18
-10
-9
-18
-15
-7
-9
-18
-24
-32
-12
-12
-14
-10
-16
8
-21
-15
-19
-15
-7
-18
2
5
-12
-5
3
10
6
-18
-19
-30
-13
-12
1
-20
-2
-4
-8
-8
-15
-14
-28
-20
-24
-24
-23
-30
-21
-31
-18
-15
-11
-11
-16
-23
-34
-21
-20
-27
-35
-35
-33
-36
-37
-42
-49
-43
-41
-27
-27
-27
-32
-29
-23
-27
-27
-24
-38
-28
-36
-25
-24
-18
-23
-29
-19
-16
-1
-15
-26
-13
0
-15
-22
-14
-11
-6
0
-15
-22
-15
-12
-27
-31
-19
-24
-14
0
-22
-23
-15
-24
-22
-13
-6
-10
-10
-20
-14
-19
-21
-17
-11
-18
-12
-2
-7
-4
3
1
-14
-5
-13
-10
-6
-7
-7
-16
-3
-15
-26
-6
-1
3
-2
-11
-5
4
-8
-1
-10
-10
-13
-19
-11
-2
-1
6
3
-13
15
-5
-15
6
0
-4
-11
-10
-15
-4
-8
8
-4
-6
1
14
11
6
13
16
4
2
-4
8
5
-1
-3
-3
7
9
10
1
14
3
11
7
-5
2
3
16
-4
-3
-3
9
6
-6
2
-8
-3
1
-10
-1
-10
-10
0
4
-6
1
9
-1
3
2
4
-6
17
11
2
15
-12
13
3
-14
7
-5
-2
2
15
-3
5
14
5
12
11
18
0
-9
-3
-18
3
-11
0
-6
-12
-15
-15
2
7
10
13
7
-12
2
-2
2
3
1
6
10
3
-4
-23
-9
1
2
-20
-3
4
-13
-8
-3
3
-13
7
-8
-13
-16
-14
-7
-12
-1
-7
-5
-16
2
-2
2
-2
-5
4
-10
2
10
1
3
8
-4
-4
13
17
11
20
15
7
2
5
14
5
31
20
20
17
12
30
16
19
35
45
31
41
28
22
19
28
44
39
32
20
29
31
33
23
12
32
27
15
6
5
20
27
12
7
10
3
-3
12
23
12
10
21
6
7
17
20
2
5
8
-15
8
22
23
13
13
22
17
19
19
6
19
10
15
16
11
24
3
5
12
27
14
21
18
23
23
26
23
21
22
4
-5
-4
8
9
4
-8
-5
14
13
3
20
11
-1
10
9
-1
13
7
-10
4
3
1
-12
-10
0
-4
0
-1
-5
-8
-5
3
5
-6
12
3
13
17
3
8
11
21
12
14
4
8
12
21
23
8
19
24
14
29
42
18
11
18
13
23
9
1
17
-1
-4
0
-6
13
-10
2
12
10
16
12
0
8
20
15
5
12
8
5
2
0
5
15
5
-4
-8
-5
-5
-12
-16
-16
-4
-7
-11
-8
-1
8
5
-10
-5
-12
-12
-16
-7
-1
-4
1
-18
-10
9
8
-15
-2
8
-20
-6
-9
-8
-7
11
1
-2
-8
-17
-8
-9
-3
-2
-1
1
-6
-13
-3
-15
-4
-7
-15
-8
-6
-4
-4
-2
1
-5
4
9
5
7
1
0
-7
-6
-3
5
-9
-7
13
6
-4
-19
-14
-18
-20
-7
-11
-11
-16
-9
-16
-9
-12
-8
-19
-20
-17
-23
-18
-11
-12
-25
-8
-8
-2
-3
-4
9
-5
-1
-9
-11
7
3
-8
-10
-24
-20
10
18
9
-1
-1
4
9
-2
4
-5
-3
-8
-18
0
-15
-9
11
-10
4
13
6
16
9
4
6
3
14
6
-3
-3
1
16
23
4
8
9
-9
-2
-1
2
12
30
14
3
9
3
23
6
2
12
0
7
-10
-5
-4
-2
16
-9
6
1
-13
-3
0
-17
-14
-6
11
-11
-25
6
2
11
-9
-6
-21
1
4
7
11
1
-19
-19
-6
-11
-22
-23
-7
2
-12
-7
-16
-30
-19
-16
0
-15
-4
-7
-18
-19
-5
-6
-8
5
-15
-8
-1
-2
-1
-12
-7
-15
-11
-2
-15
-7
-5
-10
0
-1
3
0
-3
13
9
-3
7
1
16
-6
9
-5
-12
-2
1
3
-13
-4
-2
3
-1
4
-4
-5
-6
3
11
-2
-5
-5
8
1
2
20
4
-2
4
-3
-1
23
15
22
23
-3
9
15
29
16
13
8
11
12
3
13
14
14
5
8
0
6
4
7
11
-6
-6
-8
-8
-1
6
2
9
2
18
4
-6
4
-1
17
1
5
22
10
15
-1
-6
-6
3
0
-9
-3
-12
4
2
1
17
21
9
17
-2
-6
12
10
20
26
23
15
19
0
-1
1
7
3
14
13
7
17
14
0
7
4
-5
1
-7
-3
0
5
7
-7
1
-3
-22
5
-5
22
5
-9
4
-1
2
11
13
9
8
15
16
3
13
10
-3
-4
9
8
2
10
9
19
10
1
-5
-6
3
7
1
0
10
-5
-8
-1
5
12
11
8
14
11
3
-1
2
1
9
-4
4
1
2
-5
-3
0
-5
7
10
0
-20
-3
-19
-6
2
-7
8
-10
-21
-11
-10
2
1
-9
-4
-8
-5
-10
-10
2
6
10
9
9
3
5
5
-8
13
8
-8
13
2
14
19
9
12
12
-4
-8
-5
1
10
-9
-4
9
22
14
21
22
16
10
4
-4
-4
4
5
-2
12
-3
7
7
12
7
0
12
9
1
-4
-3
6
24
-2
17
7
10
9
1
17
5
18
13
0
5
-7
0
-7
-3
2
2
16
23
37
29
27
16
21
21
21
28
31
35
31
30
29
21
35
43
27
31
34
34
32
15
31
31
11
30
29
29
25
15
35
36
34
30
37
35
47
40
24
32
35
30
42
43
31
27
36
35
38
40
34
20
14
19
20
36
15
20
20
14
18
4
5
18
9
-9
7
9
-14
-6
-10
-8
14
0
2
-4
-2
-4
-2
5
-12
-14
-17
-20
-19
-14
-20
-17
-3
-3
-5
8
7
-4
1
-8
2
-13
-6
-10
-14
-3
-5
-2
6
18
-3
11
7
9
-3
0
11
6
15
17
7
13
-1
3
6
-15
-5
-19
10
14
-9
10
0
-5
4
-6
3
15
11
3
0
-16
-18
7
-4
2
5
-3
2
-9
2
-7
-8
-22
-4
8
-9
-1
3
0
-5
-9
-11
4
-13
-18
-1
1
-14
-6
11
-16
-12
-7
-6
-26
-22
-17
-30
-26
-22
-9
-14
-24
-35
-18
-25
-17
-21
-31
-35
-18
-12
-17
-17
-8
-16
-17
-22
-22
-11
-15
-5
-7
-33
-7
-4
10
-3
-14
-5
-8
-3
-1
-4
-4
-5
-5
-11
-13
-3
-9
-15
-18
-11
-11
-3
-2
6
4
-3
-19
-21
-7
-17
-7
-6
-18
-4
-2
-4
-10
-11
-6
-11
-22
-23
-10
-9
-7
-18
-26
-7
-13
-14
-19
-21
-18
-34
-25
-16
-21
-6
-16
-9
-19
-24
-22
-18
-10
1
-10
-18
1
-4
0
7
9
12
15
7
2
7
17
3
7
16
17
23
10
22
34
31
29
21
18
30
15
20
21
19
21
26
38
12
19
25
28
20
12
22
7
4
17
21
8
19
4
14
7
8
-3
0
8
-3
-12
-12
-10
1
-14
-10
-20
-31
-13
-24
-22
-5
0
-13
-19
-8
-31
-14
-1
-27
-15
-14
-20
-12
-7
-6
-4
-12
-11
1
7
2
-12
-3
-2
-15
-12
-5
-17
-6
-4
-16
0
-9
-14
-8
-7
-14
-17
-2
12
-2
-16
-6
-17
-9
-29
-11
-33
-23
-6
2
6
-4
-22
-5
5
-24
-21
-1
-7
-19
-11
-33
-15
-13
-9
-28
-19
-17
-17
-6
-11
-9
-12
15
-2
-14
-6
-1
-6
-8
-18
-9
-4
-21
-13
-9
-12
-24
-34
-10
-2
-27
-10
-13
-22
-10
-7
-5
4
-11
-14
-4
-11
-14
-16
-20
-21
-13
-21
-19
-14
-13
-9
-21
-18
-17
-16
-13
-13
-24
-19
-11
-24
-14
-25
-27
-25
-15
-15
-4
-2
0
0
4
-4
-2
-3
-11
-3
-22
-14
-10
-14
-10
-14
-6
-7
-5
-7
0
-11
2
5
-10
-4
-14
-22
-15
-12
-10
-8
-7
-2
-16
-10
-17
-24
-21
-14
-13
-9
-16
-23
-11
-13
0
2
-22
-35
-14
-6
-12
-12
-5
-6
-20
-16
-7
-16
-11
-21
-15
-15
-10
-12
-20
-10
-23
-23
-22
-9
-11
-8
-7
-18
-27
-14
-20
-13
-12
-22
-13
-23
-21
-27
-12
-11
-23
-19
-13
-19
-26
-33
-31
-24
-22
-11
-17
-38
-29
-14
-23
-16
-11
-9
-23
-11
-12
-8
2
-15
-4
0
3
-10
-14
-14
-6
-10
5
-6
-22
-14
-5
-9
-20
-11
-8
-14
-8
-24
-24
-4
-9
-4
-18
-11
-12
-7
-30
-15
-11
-13
-3
-11
-3
2
-16
-16
-3
-17
-21
-20
-10
-15
-8
-13
-11
-10
-12
-18
-24
-7
-13
-17
-14
-12
-14
-6
-8
-2
-2
-15
-30
-20
-14
-23
-10
-27
-26
-13
-23
-26
-24
-32
-27
-38
-44
-41
-32
-44
-34
-44
-42
-34
-41
-23
-33
-33
-38
-23
-34
-56
-38
-38
-49
-55
-55
-62
-64
-85
-91
-96
-77
-76
-88
-103
-113
-98
-110
-112
-91
-95
-84
-84
-63
-63
-61
-50
-54
-36
-18
3
-4
17
10
25
42
22
24
21
25
22
32
28
31
24
3
16
-16
-6
-29
-29
-9
-12
-1
-9
-23
-38
-32
-35
-45
-54
-55
-43
-31
-36
-48
-62
-60
-61
-51
-58
-83
-88
-88
-102
-96
-112
-136
-149
-136
-150
-161
-161
-174
-161
-186
-179
-162
-177
-175
-171
-148
-136
-140
-116
-117
-99
-83
-55
-46
-35
-16
-11
8
28
34
44
66
83
101
123
139
149
181
189
214
239
234
243
234
243
239
236
217
202
190
184
162
115
99
61
42
2
-11
-48
-72
-87
-108
-123
-141
-159
-186
-199
-217
-226
-274
-294
-318
-314
-325
-345
-356
-394
-383
-404
-405
-398
-419
-416
-393
-374
-395
-373
-348
-344
-319
-294
-267
-236
-212
-167
-115
-89
-57
-22
-3
37
84
110
143
181
201
245
273
308
337
376
410
449
473
500
514
493
520
500
506
513
481
466
426
391
366
290
249
194
168
122
98
70
7
-20
-58
-76
-98
-129
-163
-182
-204
-194
-218
-247
-243
-272
-291
-295
-313
-339
-344
-368
-371
-384
-389
-408
-459
-466
-462
-457
-465
-474
-478
-486
-496
-473
-456
-453
-441
-407
-380
-357
-326
-292
-259
-238
-184
-153
-108
-71
-24
46
83
120
170
207
235
274
305
340
359
372
384
425
446
442
472
466
482
490
486
512
511
501
490
472
438
426
398
380
362
301
245
191
161
106
75
61
21
-42
-63
-85
-94
-105
-138
-147
-166
-182
-189
-180
-188
-209
-201
-197
-207
-220
-229
-227
-242
-254
-268
-273
-293
-309
-303
-297
-302
-318
-331
-333
-348
-346
-338
-341
-355
-357
-349
-342
-335
-352
-329
-333
-306
-302
-267
-232
-224
-191
-161
-152
-137
-110
-70
-35
7
41
76
107
107
128
143
153
180
190
229
249
260
271
285
322
332
357
407
456
511
592
637
679
666
601
552
516
513
560
581
547
456
331
261
208
141
66
-4
-40
-69
-52
-49
-107
-183
-246
-251
-268
-255
-249
-229
-225
-183
-151
-148
-172
-241
-240
-207
-186
-187
-207
-223
-227
-223
-208
-191
-232
-286
-274
-236
-208
-195
-183
-201
-183
-143
-111
-102
-124
-101
-93
-72
-30
-6
14
23
45
58
79
69
66
73
116
153
175
177
144
118
92
63
29
-3
-65
-99
-122
-151
-178
-239
-282
-340
-387
-393
-426
-437
-430
-441
-414
-406
-409
-399
-378
-381
-357
-306
-281
-238
-200
-152
-113
-81
-48
-18
5
29
62
107
140
180
196
218
274
307
349
411
452
492
532
596
640
670
701
730
728
685
672
655
652
644
634
582
520
431
374
346
299
247
178
144
130
106
61
-3
-56
-92
-103
-125
-131
-169
-192
-170
-179
-189
-228
-266
-290
-337
-316
-322
-344
-354
-397
-390
-377
-380
-385
-410
-448
-420
-388
-365
-351
-353
-324
-320
-346
-365
-388
-391
-365
-326
-315
-319
-325
-338
-335
-309
-265
-256
-242
-205
-165
-102
-80
-51
-37
-36
-20
21
58
69
101
121
149
163
159
140
144
191
220
230
252
255
279
317
377
419
444
510
566
648
736
769
803
772
686
633
642
662
693
673
600
473
356
289
202
116
17
-54
-99
-103
-102
-120
-191
-280
-300
-301
-301
-321
-325
-301
-263
-207
-172
-190
-244
-273
-288
-245
-220
-243
-260
-279
-257
-233
-202
-230
-288
-322
-321
-277
-253
-277
-251
-236
-217
-163
-154
-150
-172
-164
-144
-120
-75
-70
-36
3
34
59
36
0
-46
-62
-41
-18
-3
-31
-50
-56
-78
-84
-100
-147
-189
-178
-173
-140
-151
-158
-172
-189
-194
-212
-233
-260
-251
-208
-164
-163
-159
-160
-139
-130
-103
-66
-48
-27
6
98
177
232
296
360
441
532
665
749
821
843
814
761
726
741
782
822
803
714
579
453
400
319
229
124
58
26
7
58
12
-49
-148
-185
-189
-217
-232
-249
-213
-144
-86
-83
-119
-172
-229
-225
-201
-218
-238
-261
-273
-266
-239
-222
-263
-308
-338
-315
-303
-300
-309
-291
-268
-227
-184
-149
-158
-180
-172
-188
-155
-157
-145
-111
-76
-40
-39
-76
-112
-133
-140
-87
-92
-92
-85
-102
-99
-76
-61
-65
-78
-112
-85
-70
-81
-78
-103
-98
-91
-98
-109
-104
-81
-61
-44
-74
-78
-102
-90
-43
15
94
117
172
193
234
297
362
476
571
675
766
824
882
874
817
766
737
746
778
803
757
663
516
391
289
197
94
-14
-70
-65
-53
-46
-70
-166
-201
-232
-257
-254
-286
-275
-205
-142
-59
-34
-77
-127
-150
-135
-143
-154
-204
-224
-207
-182
-159
-162
-188
-232
-268
-265
-254
-264
-293
-280
-245
-196
-137
-127
-119
-128
-143
-116
-128
-121
-110
-87
-49
-28
-24
-46
-66
-70
-64
-57
-50
-84
-131
-125
-129
-124
-84
-89
-89
-102
-94
-84
-94
-134
-176
-178
-154
-135
-124
-101
-87
-100
-105
-115
-118
-137
-90
-60
15
75
129
195
244
317
392
499
589
687
782
891
926
926
873
813
780
789
842
863
802
680
546
421
351
224
113
15
-80
-61
-30
-10
-12
-68
-136
-154
-164
-198
-214
-232
-179
-117
-64
-18
-22
-78
-114
-113
-119
-172
-217
-270
-292
-269
-217
-177
-188
-231
-248
-229
-251
-257
-297
-305
-261
-229
-175
-114
-92
-92
-122
-134
-120
-134
-154
-164
-164
-136
-125
-134
-143
-140
-136
-121
-125
-147
-182
-210
-223
-212
-200
-180
-160
-143
-125
-115
-117
-143
-162
-202
-217
-211
-180
-133
-107
-87
-80
-80
-77
-65
-39
-14
8
64
133
201
278
373
471
575
679
770
862
922
985
971
905
821
787
815
853
909
868
773
634
477
344
228
81
-21
-129
-151
-127
-111
-89
-139
-184
-236
-273
-286
-306
-337
-322
-242
-180
-116
-72
-79
-65
-91
-79
-102
-166
-244
-307
-295
-244
-207
-179
-168
-193
-197
-191
-187
-231
-256
-264
-239
-211
-163
-113
-96
-90
-68
-62
-81
-80
-105
-104
-109
-132
-146
-183
-158
-120
-70
-15
3
-1
-70
-130
-160
-182
-202
-209
-203
-184
-159
-144
-129
-155
-239
-346
-399
-388
-363
-367
-356
-294
-229
-151
-91
-40
37
112
226
358
466
593
758
908
1065
1258
1413
1568
1640
1474
1093
630
237
-44
-277
-326
-183
2
159
231
218
147
9
-127
-228
-240
-162
-6
204
375
505
552
498
391
216
1
-162
-282
-352
-336
-241
-117
-26
61
97
54
-83
-313
-509
-641
-691
-612
-453
-257
-128
-45
2
-34
-122
-262
-409
-484
-475
-376
-218
-44
122
245
290
273
190
59
-85
-188
-300
-387
-463
-491
-475
-482
-475
-449
-398
-372
-342
-328
-314
-255
-184
-127
-51
-34
-77
-185
-305
-453
-625
-728
-744
-661
-520
-361
-194
-53
36
77
112
182
251
361
480
617
764
881
1006
1118
1260
1421
1584
1753
1846
1831
1582
1046
366
-291
-784
-1080
-1162
-970
-540
-83
232
398
436
379
205
109
165
262
392
495
610
681
588
378
50
-280
-620
-862
-930
-875
-659
-417
-108
150
300
360
302
106
-156
-427
-580
-627
-575
-392
-212
-88
-60
-92
-218
-392
-534
-616
-617
-490
-266
26
277
441
523
430
269
49
-147
-274
-352
-309
-197
-106
-85
-168
-325
-493
-621
-672
-592
-449
-222
11
155
231
146
-27
-253
-482
-657
-763
-810
-794
-731
-642
-525
-400
-310
-199
-117
-68
-7
33
72
111
186
308
440
566
651
720
793
867
966
1084
1257
1483
1719
1911
1932
1700
1090
238
-544
-1130
-1411
-1417
-1164
-530
117
588
856
882
777
484
256
223
261
372
453
554
585
458
207
-178
-552
-879
-1054
-1014
-852
-507
-143
197
490
588
628
476
147
-156
-450
-630
-697
-644
-458
-329
-243
-214
-262
-353
-489
-545
-545
-459
-238
2
240
415
462
452
279
64
-149
-315
-401
-397
-287
-162
-119
-226
-444
-648
-750
-771
-671
-487
-196
50
218
242
111
-79
-349
-556
-679
-737
-691
-672
-616
-526
-453
-360
-314
-255
-182
-106
-69
-4
25
43
83
148
254
370
493
621
754
883
1009
1137
1312
1508
1724
1887
1973
1860
1430
564
-383
-1207
-1678
-1709
-1486
-866
-121
528
1026
1157
1048
755
377
204
193
316
501
578
549
401
118
-224
-631
-1000
-1199
-1138
-924
-562
-101
265
560
686
662
513
236
-82
-413
-638
-742
-747
-624
-508
-403
-388
-447
-513
-563
-575
-511
-408
-242
-7
178
326
370
336
181
-25
-221
-378
-419
-394
-284
-114
10
54
-77
-309
-533
-680
-625
-493
-251
14
178
250
154
-34
-317
-636
-823
-872
-773
-606
-450
-324
-254
-235
-268
-300
-315
-304
-240
-172
-68
40
77
140
165
222
339
503
675
843
1055
1250
1438
1610
1760
1874
1941
1800
1377
543
-455
-1209
-1683
-1774
-1589
-1091
-335
372
871
1091
1044
830
500
264
274
392
500
534
467
300
31
-341
-736
-1051
-1194
-1107
-815
-418
53
435
679
769
722
621
337
27
-266
-492
-590
-634
-602
-562
-562
-596
-656
-659
-602
-501
-357
-227
-59
110
241
302
280
206
68
-93
-220
-304
-355
-330
-262
-172
-69
27
-75
-256
-428
-637
-596
-512
-367
-151
-57
7
-39
-199
-373
-609
-763
-851
-810
-686
-547
-441
-425
-397
-448
-465
-478
-488
-410
-340
-264
-165
-100
-25
5
48
182
293
481
650
834
1017
1170
1341
1506
1691
1823
1909
1981
1881
1510
690
-353
-1135
-1605
-1691
-1448
-957
-230
410
836
1017
945
735
443
240
276
486
616
603
479
242
-66
-407
-789
-1060
-1196
-1118
-872
-527
-64
316
536
612
569
502
297
15
-233
-473
-625
-712
-735
-742
-763
-803
-835
-778
-645
-511
-356
-204
-80
61
156
249
245
187
87
-49
-156
-246
-301
-326
-300
-239
-170
-83
-132
-342
-503
-642
-586
-433
-234
-43
28
55
-46
-219
-426
-658
-798
-866
-751
-574
-471
-425
-537
-603
-681
-699
-642
-575
-410
-265
-103
33
69
74
36
42
160
336
604
837
1022
1199
1349
1474
1596
1738
1848
1955
2011
1841
1314
357
-685
-1408
-1747
-1652
-1323
-756
-51
475
792
852
718
476
265
258
453
713
827
719
439
80
-288
-685
-1000
-1184
-1177
-957
-632
-223
191
427
529
509
438
340
126
-77
-271
-437
-553
-650
-744
-835
-938
-984
-938
-794
-577
-331
-120
1
106
172
205
199
181
140
76
7
-66
-150
-186
-233
-292
-298
-251
-258
-306
-352
-355
-273
-170
-59
-2
-3
-68
-214
-376
-552
-677
-745
-785
-727
-636
-561
-566
-623
-683
-713
-679
-584
-441
-298
-217
-195
-201
-214
-240
-244
-146
-10
193
420
629
760
840
910
998
1143
1375
1631
1864
2091
2268
2432
2272
1541
340
-902
-1651
-1874
-1660
-1181
-538
147
589
768
680
440
185
56
285
789
1287
1455
1203
716
125
-393
-850
-1175
-1267
-1159
-896
-521
-130
178
321
282
216
164
170
161
82
14
-125
-267
-448
-697
-934
-1153
-1263
-1189
-938
-546
-236
-88
-38
-51
-24
0
59
137
248
298
293
216
72
-84
-246
-354
-355
-268
-101
54
66
49
-26
-168
-281
-407
-501
-502
-475
-385
-295
-295
-419
-624
-818
-956
-966
-914
-787
-641
-553
-485
-499
-561
-607
-657
-552
-375
-142
77
199
231
158
76
16
40
161
390
617
852
1020
1144
1233
1272
1405
1629
1965
2360
2553
2229
1317
22
-1074
-1641
-1715
-1401
-918
-353
128
372
365
167
-41
-45
255
844
1453
1778
1616
1083
407
-195
-564
-842
-951
-912
-743
-475
-266
-141
-137
-229
-289
-207
58
367
557
598
433
142
-232
-656
-1024
-1222
-1219
-1039
-701
-390
-237
-252
-425
-585
-582
-400
-93
227
490
645
644
474
226
-15
-222
-299
-280
-185
-182
-328
-499
-680
-702
-646
-541
-366
-204
-59
-10
-111
-259
-458
-645
-773
-791
-744
-698
-689
-734
-751
-770
-741
-657
-539
-344
-138
42
168
190
123
-12
-141
-192
-161
-64
59
225
423
602
726
817
884
964
1093
1289
1508
1766
2021
2259
2259
1740
792
-379
-1149
-1428
-1300
-882
-398
52
269
223
2
-187
-240
-33
462
1076
1541
1579
1140
483
-91
-452
-579
-554
-428
-307
-293
-383
-531
-685
-761
-722
-475
-91
326
590
554
321
-95
-498
-774
-897
-827
-639
-406
-238
-195
-288
-466
-656
-729
-612
-317
39
345
507
508
361
144
-40
-109
-60
87
190
245
144
-120
-515
-1001
-1205
-1143
-814
-387
-121
4
-83
-295
-519
-644
-619
-499
-312
-131
-57
-188
-445
-774
-981
-958
-719
-443
-209
-64
-55
-103
-205
-273
-313
-303
-194
-49
97
193
167
190
257
428
640
804
934
1037
1145
1304
1514
1753
1915
2042
1923
1382
592
-237
-657
-635
-338
-2
177
126
-86
-332
-437
-360
-113
319
750
1086
1166
922
465
50
-121
-51
149
284
240
9
-373
-637
-743
-717
-547
-337
-78
116
167
55
-198
-462
-607
-572
-395
-209
-69
-89
-223
-387
-526
-581
-553
-480
-371
-220
-127
-101
-134
-186
-190
-144
-14
124
194
175
51
-108
-272
-392
-472
-507
-534
-513
-408
-320
-260
-297
-332
-357
-329
-249
-197
-132
-140
-159
-190
-211
-248
-329
-402
-445
-421
-394
-364
-338
-345
-332
-306
-286
-239
-242
-246
-218
-192
-116
-16
125
325
542
706
783
820
891
1001
1136
1245
1346
1442
1588
1699
1701
1408
836
275
-78
-68
131
332
343
141
-153
-415
-510
-439
-241
45
325
535
605
454
190
-36
-41
145
448
608
552
273
-139
-458
-609
-575
-434
-269
-186
-193
-274
-438
-579
-639
-577
-396
-166
9
51
-64
-223
-348
-392
-345
-266
-182
-182
-241
-319
-357
-343
-260
-147
-16
55
64
37
-17
-34
-1
105
208
271
84
-336
-644
-740
-517
-264
-202
-222
-369
-433
-415
-328
-150
-45
63
71
39
-54
-300
-547
-725
-652
-475
-375
-368
-538
-694
-774
-747
-617
-519
-402
-325
-224
-110
23
130
165
263
394
557
722
815
838
825
840
976
1166
1402
1580
1683
1700
1376
920
510
371
481
577
608
411
58
-288
-523
-522
-307
-69
175
290
277
194
47
-28
31
292
588
761
735
499
142
-123
-215
-189
-32
67
55
-85
-334
-558
-673
-701
-583
-412
-280
-259
-346
-465
-617
-640
-543
-377
-181
-75
-63
-122
-206
-236
-196
-178
-136
-142
-216
-299
-373
-305
-225
-135
-53
-48
-89
-233
-393
-473
-413
-200
44
131
104
-16
-129
-195
-184
-108
-51
-41
-124
-212
-311
-412
-487
-522
-462
-428
-427
-495
-600
-683
-713
-625
-492
-382
-304
-261
-220
-158
-65
24
103
205
308
449
535
579
577
583
642
765
982
1249
1466
1631
1716
1759
1579
1208
859
656
724
839
812
528
48
-347
-511
-417
-283
-167
-112
-189
-227
-185
-98
36
188
353
547
646
594
395
221
150
213
348
393
309
118
-148
-360
-403
-415
-455
-511
-585
-690
-753
-786
-775
-681
-549
-384
-240
-157
-108
-113
-131
-116
-79
-28
-52
-105
-148
-185
-182
-200
-168
-121
-117
-75
-39
-33
40
57
-4
-113
-188
-95
50
76
-55
-281
-379
-324
-220
-106
-132
-259
-416
-498
-457
-399
-364
-421
-470
-474
-508
-537
-561
-579
-536
-440
-359
-295
-308
-319
-273
-145
26
151
193
189
212
281
419
547
637
703
832
953
1135
1339
1476
1566
1705
1684
1406
1063
871
930
1005
895
621
250
-74
-255
-257
-85
17
-12
-125
-251
-204
-121
-14
96
173
295
338
317
289
292
307
338
339
264
118
-46
-195
-272
-321
-384
-496
-665
-777
-825
-844
-836
-805
-746
-707
-636
-517
-367
-245
-146
-101
-127
-169
-178
-182
-178
-125
-77
-71
-97
-112
-85
-19
6
33
23
-71
-137
-131
-19
120
119
21
-86
-149
-132
-101
-72
-49
-99
-154
-211
-239
-250
-271
-307
-322
-349
-405
-487
-566
-564
-554
-516
-516
-526
-528
-492
-445
-381
-302
-243
-192
-117
-46
29
120
163
248
298
349
439
521
624
787
977
1148
1313
1469
1603
1559
1323
1047
987
1111
1192
995
764
518
299
187
86
124
104
-51
-151
-188
-119
-49
-68
-26
6
32
42
4
86
177
233
241
164
120
39
-45
-85
-125
-206
-340
-505
-596
-625
-632
-610
-627
-624
-599
-579
-522
-427
-325
-284
-282
-305
-325
-303
-245
-166
-141
-128
-136
-174
-166
-111
-23
80
77
74
76
5
-39
-39
48
120
59
-51
-103
-67
36
129
149
69
-28
-119
-160
-120
-120
-169
-267
-337
-391
-415
-443
-482
-501
-531
-530
-532
-527
-485
-436
-358
-278
-260
-262
-224
-193
-142
-64
0
102
179
286
402
518
621
716
856
982
1092
1201
1307
1484
1517
1374
1213
1199
1366
1386
1198
935
709
533
423
390
419
333
122
-75
-202
-179
-215
-264
-252
-211
-135
-58
-15
91
148
141
115
67
34
-29
-77
-71
-85
-138
-219
-302
-298
-272
-263
-302
-378
-443
-487
-535
-474
-404
-391
-389
-457
-492
-509
-496
-430
-391
-370
-327
-266
-173
-69
48
130
176
167
80
48
28
41
141
190
148
64
-26
-5
39
73
65
-62
-150
-195
-184
-158
-149
-217
-305
-409
-469
-483
-481
-478
-536
-550
-561
-571
-551
-557
-530
-480
-450
-393
-318
-253
-187
-145
-99
-30
43
135
233
303
382
466
541
659
773
887
1015
1148
1287
1448
1459
1353
1259
1292
1409
1409
1204
952
747
618
586
520
463
300
48
-107
-182
-137
-91
-133
-141
-158
-152
-129
-117
-98
-109
-120
-133
-187
-196
-161
-116
-68
-30
-3
-30
-85
-135
-166
-223
-328
-432
-529
-566
-563
-563
-553
-609
-662
-691
-685
-599
-517
-406
-326
-291
-233
-183
-119
-46
-13
44
22
-23
-13
24
95
133
109
114
125
122
140
146
114
68
7
-39
-13
12
6
-26
-72
-109
-179
-225
-305
-340
-346
-402
-440
-491
-550
-584
-602
-580
-514
-454
-370
-328
-273
-233
-185
-149
-110
-23
72
170
232
289
335
380
462
550
670
763
851
900
974
1107
1311
1357
1310
1286
1310
1398
1331
1146
969
845
760
751
672
561
379
194
86
25
10
-72
-208
-300
-305
-303
-278
-266
-250
-219
-199
-163
-118
-87
-26
9
23
17
-39
-95
-160
-192
-208
-251
-300
-365
-415
-473
-509
-553
-565
-575
-549
-496
-474
-425
-374
-361
-344
-337
-300
-208
-128
-25
56
97
94
95
72
66
94
147
169
143
51
-9
34
86
120
81
20
-19
-18
24
60
33
-79
-189
-268
-287
-277
-296
-381
-503
-593
-593
-548
-509
-456
-422
-401
-380
-337
-295
-247
-192
-121
-43
47
127
152
152
172
215
246
310
392
490
562
663
779
908
1021
1167
1270
1257
1205
1199
1289
1326
1243
1088
945
822
793
751
647
435
186
28
-27
-16
-26
-120
-247
-316
-314
-277
-232
-220
-255
-281
-275
-204
-153
-115
-85
-104
-104
-123
-158
-157
-185
-203
-226
-304
-392
-451
-481
-494
-520
-508
-536
-554
-523
-497
-444
-407
-358
-307
-248
-164
-65
12
55
63
63
70
56
32
50
98
118
112
19
-29
-24
0
78
119
122
94
78
94
115
101
34
-61
-131
-168
-193
-250
-341
-456
-557
-602
-590
-546
-525
-514
-515
-484
-424
-360
-288
-236
-208
-177
-155
-162
-156
-142
-105
-30
26
108
202
280
371
446
570
685
813
947
1102
1242
1228
1201
1222
1334
1406
1318
1147
976
820
759
738
674
555
358
198
111
90
46
-61
-207
-311
-313
-276
-221
-183
-204
-236
-260
-222
-168
-135
-86
-94
-106
-119
-151
-161
-167
-180
-216
-294
-372
-433
-493
-495
-468
-478
-473
-484
-471
-417
-392
-321
-277
-265
-228
-193
-119
-79
-92
-109
-136
-126
-85
-52
-22
-11
-38
-20
25
75
124
152
176
228
210
202
167
131
84
19
-1
-64
-102
-175
-270
-338
-392
-433
-466
-447
-424
-416
-387
-390
-350
-338
-349
-325
-327
-343
-372
-381
-360
-321
-269
-193
-138
-58
-8
40
114
192
307
442
565
692
813
935
1038
1167
1200
1148
1130
1187
1295
1296
1133
959
824
782
758
692
600
407
197
75
44
53
1
-131
-254
-297
-304
-263
-219
-212
-205
-230
-193
-166
-125
-105
-120
-135
-145
-179
-203
-214
-242
-271
-340
-384
-442
-453
-455
-418
-405
-422
-463
-480
-443
-415
-348
-295
-281
-283
-276
-260
-178
-141
-136
-113
-78
-33
1
42
43
46
23
30
94
126
135
123
100
61
54
34
6
-30
-45
-70
-92
-119
-150
-175
-222
-268
-310
-338
-376
-397
-424
-433
-441
-466
-467
-489
-493
-511
-495
-469
-443
-369
-314
-267
-189
-111
-73
-12
54
165
294
387
498
570
629
693
805
918
1047
1129
1134
1131
1127
1200
1226
1138
981
857
792
816
794
684
558
368
223
144
110
32
-81
-202
-269
-272
-249
-214
-215
-200
-247
-278
-282
-267
-215
-189
-175
-174
-189
-197
-215
-246
-271
-321
-397
-432
-476
-482
-463
-465
-459
-460
-462
-432
-381
-348
-325
-285
-261
-235
-196
-118
-33
0
7
-31
-46
-35
-13
33
41
42
25
20
53
97
104
81
49
43
49
89
105
77
54
25
-18
-63
-95
-129
-176
-248
-305
-352
-372
-412
-451
-479
-512
-533
-534
-508
-496
-479
-454
-426
-383
-324
-262
-206
-138
-86
-17
43
121
177
244
327
410
499
593
676
776
870
972
1039
1032
1007
1049
1149
1181
1119
990
882
831
796
752
668
517
334
198
133
88
21
-111
-202
-257
-282
-265
-266
-270
-280
-296
-295
-249
-184
-141
-121
-149
-206
-232
-282
-286
-290
-301
-321
-395
-413
-438
-441
-425
-409
-386
-387
-393
-347
-296
-272
-240
-229
-208
-182
-160
-140
-90
-102
-104
-86
-83
-40
6
25
42
43
41
72
83
119
132
127
131
138
146
144
112
76
56
5
-45
-64
-103
-166
-232
-278
-303
-330
-339
-369
-396
-420
-456
-485
-475
-468
-473
-462
-447
-417
-388
-327
-266
-232
-163
-71
-15
66
133
222
296
377
470
547
620
716
820
907
993
1016
1007
1012
1074
1124
1122
1017
917
823
765
748
701
614
446
274
144
91
63
0
-98
-178
-226
-237
-194
-153
-147
-163
-206
-231
-219
-221
-187
-215
-229
-232
-227
-232
-232
-232
-260
-290
-339
-366
-369
-342
-310
-287
-285
-298
-313
-298
-264
-255
-217
-198
-172
-166
-145
-103
-76
-78
-52
-32
5
16
19
42
34
35
61
83
109
153
176
188
176
119
85
53
30
12
-27
-54
-76
-85
-137
-184
-220
-246
-307
-333
-345
-392
-410
-429
-447
-445
-438
-442
-438
-409
-376
-325
-299
-263
-212
-163
-81
-5
83
154
218
293
358
448
492
568
653
732
824
905
964
947
938
954
991
1012
981
905
827
747
694
663
616
531
385
284
186
127
91
21
-44
-107
-161
-193
-202
-200
-197
-221
-266
-254
-253
-243
-215
-237
-227
-233
-245
-279
-295
-309
-328
-346
-361
-367
-387
-377
-373
-378
-373
-359
-302
-298
-292
-266
-237
-211
-196
-182
-170
-171
-148
-121
-113
-74
-52
-10
25
55
68
115
158
175
167
142
110
88
79
83
85
70
37
-11
-30
-57
-99
-111
-152
-178
-225
-251
-268
-274
-297
-341
-348
-392
-409
-424
-417
-416
-405
-377
-368
-339
-276
-214
-149
-84
-15
49
128
179
224
287
344
402
459
501
546
600
647
706
730
741
717
724
746
773
774
750
738
668
633
583
521
435
346
252
162
101
32
-14
-57
-96
-134
-143
-158
-172
-184
-212
-231
-240
-253
-258
-258
-273
-288
-303
-315
-325
-319
-330
-357
-388
-391
-368
-362
-341
-329
-314
-281
-259
-236
-224
-234
-252
-257
-239
-211
-179
-136
-107
-76
-37
-16
0
21
10
19
41
42
55
74
55
65
81
69
76
60
37
25
21
-8
-32
-43
-71
-87
-120
-154
-171
-201
-253
-271
-295
-329
-337
-369
-373
-361
-383
-371
-366
-350
-318
-265
-199
-142
-88
-33
10
59
119
136
168
205
251
272
296
321
340
381
411
461
506
558
607
647
679
722
737
763
755
710
686
609
568
531
477
431
385
296
231
187
142
105
66
35
-34
-77
-115
-154
-187
-205
-227
-266
-284
-298
-324
-359
-368
-393
-382
-365
-353
-338
-332
-335
-323
-336
-307
-283
-295
-281
-275
-257
-234
-193
-186
-147
-117
-95
-81
-76
-93
-94
-71
-53
-26
-9
16
8
24
33
18
27
43
62
62
53
43
24
8
-8
-21
-42
-79
-94
-126
-139
-185
-192
-200
-229
-241
-260
-269
-284
-308
-321
-333
-315
-302
-272
-229
-195
-164
-126
-113
-88
-58
-31
24
65
111
148
181
190
214
259
294
336
395
461
502
581
626
669
700
694
699
692
700
679
642
601
570
524
476
414
344
284
210
174
154
103
57
29
-20
-100
-128
-142
-177
-209
-243
-276
-304
-314
-354
-349
-352
-347
-339
-332
-327
-332
-343
-355
-351
-331
-292
-268
-235
-225
-197
-189
-192
-181
-190
-184
-164
-136
-109
-86
-63
-65
-54
-55
-52
-56
-59
-60
-42
-13
9
45
37
44
36
32
11
-4
-13
-25
-6
2
23
-10
-13
-31
-47
-72
-81
-104
-117
-153
-182
-191
-219
-216
-229
-250
-225
-214
-208
-161
-154
-139
-110
-80
-34
32
78
129
174
230
267
282
313
354
403
453
525
582
618
635
674
669
682
688
701
711
679
663
608
552
472
430
394
328
264
212
178
155
139
106
52
3
-48
-91
-110
-130
-150
-182
-212
-228
-255
-269
-293
-314
-308
-296
-294
-288
-312
-301
-306
-295
-281
-271
-269
-257
-250
-254
-223
-208
-216
-205
-203
-185
-150
-139
-132
-118
-121
-122
-110
-107
-92
-64
-56
-44
-21
-23
-16
-4
13
6
-13
-9
1
23
30
31
38
39
53
52
60
27
7
-5
-11
-48
-74
-112
-170
-182
-194
-184
-196
-184
-189
-186
-153
-142
-134
-104
-72
-43
2
38
100
155
189
232
270
303
353
386
443
512
583
628
673
665
684
681
666
662
646
614
539
488
444
387
322
285
234
194
167
123
102
69
30
6
-32
-63
-75
-97
-100
-104
-142
-182
-203
-229
-255
-260
-287
-266
-248
-241
-244
-236
-259
-270
-271
-260
-254
-264
-263
-261
-261
-284
-279
-290
-287
-273
-256
-244
-243
-231
-222
-196
-161
-143
-104
-74
-51
-32
-41
-35
-9
-5
13
16
46
44
37
41
58
75
92
114
122
134
128
132
122
90
41
26
-11
-46
-65
-84
-111
-128
-142
-165
-161
-160
-156
-146
-145
-115
-100
-63
-36
-9
11
50
103
124
165
213
275
329
393
451
500
538
577
603
609
596
603
587
580
550
483
419
351
304
248
194
140
96
75
39
19
1
-21
-31
-51
-55
-49
-55
-64
-56
-80
-101
-104
-117
-137
-156
-160
-153
-174
-160
-169
-205
-191
-209
-209
-213
-219
-234
-252
-273
-290
-320
-341
-352
-372
-363
-375
-360
-321
-290
-266
-258
-219
-182
-143
-98
-81
-50
-27
-16
3
6
19
31
30
44
34
48
57
62
109
104
135
117
117
85
55
51
33
38
17
7
-9
-11
-35
-39
-62
-66
-53
-45
-25
-24
-8
15
14
8
25
51
72
103
149
184
234
276
330
384
424
458
480
501
522
514
504
525
517
478
450
411
377
331
281
223
180
138
107
98
38
14
-17
-32
-31
-66
-82
-94
-107
-102
-82
-73
-99
-102
-104
-138
-149
-143
-141
-156
-172
-164
-160
-160
-181
-197
-224
-237
-260
-283
-297
-321
-334
-365
-377
-386
-384
-385
-393
-388
-361
-315
-299
-271
-230
-208
-174
-143
-121
-102
-80
-61
-17
7
19
40
61
69
86
83
84
82
78
67
51
55
56
45
29
21
22
6
10
20
17
26
27
23
19
23
40
58
67
76
65
61
74
84
115
130
152
169
208
244
267
310
331
339
335
353
358
367
374
378
368
348
332
310
327
302
264
217
215
198
167
147
94
88
47
14
-8
-14
-57
-76
-78
-110
-109
-114
-100
-107
-117
-99
-92
-102
-106
-98
-90
-93
-101
-111
-132
-149
-165
-202
-215
-214
-224
-263
-293
-309
-313
-311
-325
-324
-327
-333
-315
-309
-317
-291
-279
-250
-232
-182
-163
-151
-106
-78
-36
3
51
69
98
107
117
127
144
150
167
159
148
154
161
142
118
129
109
103
118
131
127
146
152
162
169
176
181
180
181
186
184
188
191
194
204
195
217
220
230
263
266
297
317
319
315
312
318
304
323
300
279
259
245
224
212
203
177
159
154
142
131
110
86
84
76
59
40
31
-8
-24
-40
-61
-62
-59
-80
-72
-82
-73
-80
-78
-70
-59
-65
-79
-77
-98
-109
-146
-168
-189
-197
-216
-254
-266
-285
-294
-300
-305
-307
-300
-296
-300
-305
-282
-282
-276
-251
-237
-212
-197
-168
-152
-126
-91
-59
-27
-15
13
47
65
88
105
141
155
171
198
184
198
212
212
182
185
197
178
193
185
198
198
210
221
216
228
236
244
234
231
239
234
244
248
242
231
226
228
225
218
228
236
242
241
232
216
201
193
189
199
189
178
160
125
98
82
60
42
26
-2
-6
-7
-14
-18
-7
-8
-13
-14
-11
-18
-25
-32
-28
-32
-31
-25
-2
-21
-43
-30
-70
-66
-71
-91
-102
-112
-122
-131
-165
-196
-202
-224
-232
-245
-257
-253
-260
-276
-274
-278
-259
-260
-252
-216
-220
-200
-203
-179
-163
-175
-142
-115
-88
-65
-33
-3
16
20
35
56
72
94
108
129
153
186
199
214
219
208
221
235
263
265
251
266
257
263
260
256
262
255
271
286
279
311
311
296
304
292
295
304
289
291
276
269
258
232
231
213
195
190
177
174
157
134
115
88
69
47
32
20
10
-17
-48
-65
-89
-97
-82
-77
-77
-77
-76
-76
-64
-52
-43
-19
-14
-12
-13
-13
-18
-42
-46
-50
-56
-80
-85
-100
-105
-126
-143
-156
-179
-174
-197
-203
-189
-190
-198
-171
-181
-167
-135
-169
-151
-161
-155
-108
-98
-66
-71
-52
-22
-21
-14
-2
36
48
71
103
107
122
116
130
142
155
194
215
227
226
233
239
241
247
256
280
310
315
314
321
315
313
303
307
303
316
313
299
306
315
318
307
312
313
300
276
265
263
246
230
219
188
158
118
109
89
53
41
1
-6
-19
-54
-75
-95
-121
-120
-129
-145
-140
-147
-164
-183
-196
-191
-171
-166
-162
-156
-172
-168
-167
-179
-178
-175
-171
-163
-141
-160
-159
-177
-194
-166
-182
-174
-158
-143
-141
-162
-167
-157
-159
-172
-154
-148
-126
-108
-105
-83
-83
-86
-71
-68
-64
-28
-1
8
39
51
76
96
96
103
116
138
146
174
189
198
198
207
223
232
234
237
254
255
269
275
284
279
266
291
307
302
313
331
332
334
331
318
317
330
316
313
324
327
316
287
256
250
242
221
206
173
171
126
92
65
20
-3
-41
-61
-80
-110
-129
-143
-171
-189
-220
-258
-266
-284
-267
-270
-296
-289
-283
-284
-292
-270
-262
-246
-243
-230
-212
-196
-184
-180
-172
-176
-168
-173
-145
-132
-117
-112
-108
-118
-106
-79
-67
-50
-32
-7
-9
-11
-2
11
12
21
37
63
67
76
104
94
115
110
111
148
147
155
172
186
193
209
215
221
227
239
209
226
239
241
260
267
266
269
253
249
268
261
269
273
263
253
268
276
249
252
243
224
235
219
225
201
191
184
176
186
176
181
177
135
127
119
81
63
47
37
24
-3
-33
-59
-86
-116
-146
-163
-178
-196
-209
-237
-225
-245
-247
-261
-276
-270
-288
-288
-280
-270
-253
-229
-224
-206
-211
-215
-172
-164
-164
-130
-110
-98
-90
-66
-79
-72
-41
-24
-14
-3
17
33
45
53
57
66
69
83
97
96
97
93
100
108
133
121
134
143
144
178
181
171
169
188
190
178
180
170
180
190
182
184
167
186
169
168
174
169
178
170
170
178
185
184
167
170
178
162
165
169
155
143
139
137
126
123
114
93
84
66
58
62
54
53
58
38
29
26
5
21
5
-17
-29
-45
-31
-60
-69
-90
-100
-101
-135
-163
-183
-170
-200
-196
-188
-192
-200
-209
-211
-223
-217
-213
-203
-199
-196
-188
-179
-165
-158
-149
-134
-127
-119
-91
-78
-57
-42
-12
6
15
21
23
59
76
77
105
117
124
138
140
142
135
145
168
165
164
151
165
156
162
150
156
169
152
155
145
151
163
163
150
146
148
143
132
117
123
102
97
100
83
92
83
86
72
64
77
81
67
70
72
64
63
60
65
56
49
33
24
25
6
6
-7
-2
-31
-39
-29
-47
-43
-37
-44
-50
-41
-38
-29
-16
-23
-33
-38
-36
-32
-58
-57
-74
-64
-90
-102
-102
-108
-94
-106
-101
-110
-93
-104
-110
-100
-87
-81
-88
-88
-74
-75
-93
-98
-100
-76
-61
-61
-65
-35
-13
0
-3
24
22
27
51
70
92
92
100
112
121
126
140
136
151
153
156
145
145
153
137
162
154
147
142
117
103
111
113
101
98
83
77
65
64
76
55
63
53
19
4
12
7
-23
-25
-13
-10
-3
-21
-3
-8
-17
-20
-24
-26
-13
4
-5
-21
-22
-25
-33
-34
-42
-50
-54
-39
-52
-63
-59
-65
-84
-69
-82
-74
-77
-82
-62
-62
-42
-34
-26
-11
-23
-22
-5
-20
-36
-39
-20
-16
-19
-17
-21
-18
-12
-3
-22
-28
-13
-14
-10
-12
-36
-26
-18
-35
-36
-42
-22
-43
-43
-26
-39
-34
-24
-15
-25
-6
7
-5
14
25
28
44
47
69
87
88
82
95
106
100
105
103
91
105
99
114
94
105
91
90
94
82
82
79
60
47
43
27
16
8
3
-26
-18
-31
-37
-43
-62
-67
-72
-58
-59
-40
-34
-41
-21
-30
-34
-29
-41
-29
-28
-20
-10
-15
-18
-18
-8
-1
5
-17
-16
-12
-9
-15
-16
-23
-9
1
-9
-6
5
12
16
34
32
40
50
56
62
66
61
66
60
59
80
69
75
79
81
60
58
76
64
58
50
49
37
26
24
7
-8
-7
-7
-22
-19
-40
-47
-42
-53
-63
-63
-53
-51
-37
-44
-41
-21
-10
5
0
7
15
24
27
32
28
20
33
38
55
49
44
49
38
42
48
62
70
82
67
73
69
42
35
29
22
12
27
9
3
-4
-13
-35
-38
-24
-38
-25
-16
-18
-3
-17
-11
2
11
5
-14
-10
3
6
8
19
11
8
24
20
9
13
12
2
2
-6
-3
3
-6
-5
-6
-3
20
13
4
2
14
23
23
24
38
52
68
62
75
85
95
91
74
85
68
75
61
79
58
42
41
34
22
13
15
10
13
-2
7
-11
-18
-25
-48
-43
-56
-56
-52
-56
-60
-69
-67
-64
-65
-52
-76
-55
-42
-28
-21
-38
-15
-15
-14
-9
-14
7
19
35
54
50
56
76
66
71
75
76
92
86
107
83
95
79
53
47
39
42
27
24
24
14
17
12
-2
5
22
6
12
4
0
-6
-10
0
-3
7
-4
-3
16
17
19
25
36
28
18
17
13
15
5
2
-1
-9
-6
-14
-11
0
-11
10
18
23
32
28
42
53
45
54
61
57
74
65
71
72
61
66
81
75
65
63
63
58
33
24
30
27
20
7
9
4
5
-25
-33
-29
-54
-60
-64
-56
-60
-54
-59
-67
-67
-61
-60
-54
-43
-34
-39
-34
-20
-22
-16
3
1
-8
-4
13
20
26
36
49
54
57
60
81
91
108
99
93
114
104
110
117
111
93
86
92
88
85
70
57
63
68
69
58
53
48
53
26
10
2
0
0
-4
-11
-10
-14
-5
-6
-6
-19
-10
-1
-23
-5
-14
-3
-3
-1
-15
-36
-31
-31
-20
-24
-9
-16
-18
-1
4
13
21
22
48
44
61
77
64
56
54
65
56
62
55
57
67
63
65
68
56
44
55
62
43
44
42
33
17
24
5
1
11
-14
6
-3
-7
-2
-16
-16
-5
-1
-13
-5
-25
-14
-17
-30
-42
-31
-19
-8
-10
-2
1
4
21
11
35
46
42
49
61
69
62
75
81
76
84
87
84
85
91
84
85
89
84
86
86
77
79
73
77
64
38
56
38
28
16
12
1
-13
-22
-37
-37
-37
-52
-42
-45
-48
-40
-51
-44
-50
-34
-44
-42
-31
-45
-30
-25
-20
-20
-9
-8
-5
-12
13
30
27
36
29
44
44
49
64
67
73
72
66
67
67
91
81
83
78
82
95
83
98
78
74
87
79
77
75
60
75
76
56
45
32
32
28
25
49
22
27
17
9
11
7
1
-6
-22
-23
-1
-24
-20
-28
-22
-17
-21
-34
-21
1
-18
-8
-17
-7
8
9
22
28
40
33
43
49
51
68
62
76
73
73
91
90
76
79
99
83
76
70
73
73
50
42
21
31
11
2
9
-10
-14
-12
-19
-28
-45
-27
-18
-15
-8
-21
0
1
15
16
10
19
25
33
55
44
66
72
59
67
64
78
88
76
84
83
70
105
97
100
106
101
99
95
89
93
96
88
100
84
105
108
105
97
96
104
99
98
81
87
79
78
51
48
49
39
43
28
23
23
7
6
3
-11
-13
-31
-17
-32
-35
-18
-30
-37
-51
-27
-38
-39
-18
-26
-7
-16
-19
-12
-5
-2
3
9
33
37
34
40
60
68
73
92
91
83
85
88
101
110
109
108
106
115
89
86
90
82
71
54
39
36
51
40
35
35
30
14
10
13
-9
-16
-6
-6
-8
-10
-1
5
9
19
35
43
47
54
56
59
51
46
58
53
51
59
57
68
65
76
79
59
61
72
74
66
63
71
71
63
56
70
86
78
70
68
59
69
69
56
54
54
66
82
70
59
56
43
31
45
44
34
16
14
11
-1
-8
-11
6
-19
-26
-26
-37
-43
-49
-51
-40
-26
-40
-35
-29
-26
-22
-24
-23
-11
-11
-7
5
20
28
22
28
36
42
36
43
48
60
67
79
72
67
78
92
91
80
78
82
76
77
70
44
60
50
38
44
17
5
1
3
-4
-8
-15
-26
-22
-26
-19
-19
-22
1
-10
-8
10
3
7
2
22
29
21
33
50
48
59
39
50
65
64
47
50
53
56
76
53
63
64
57
58
64
48
44
73
49
52
66
68
71
82
85
73
71
77
70
59
65
45
46
42
34
31
38
37
16
19
25
23
0
-2
-2
-19
-30
-33
-40
-35
-48
-43
-64
-55
-54
-51
-45
-36
-26
-33
-28
-22
-7
-6
9
7
7
4
9
18
29
25
27
38
51
54
49
39
51
59
56
61
60
61
61
57
53
41
59
40
34
35
34
15
0
13
-5
-6
5
16
-3
6
-2
-14
-24
-35
-20
-36
-17
-19
-16
-8
-3
5
4
15
15
31
22
31
35
28
31
36
33
35
41
41
46
31
45
36
45
44
41
38
48
56
57
48
51
55
45
54
53
53
59
66
56
41
37
37
45
35
26
27
15
20
2
6
17
4
3
-4
-4
-30
-27
-29
-48
-43
-40
-57
-44
-41
-51
-37
-50
-30
-20
-21
-28
-17
-8
-7
-14
-15
-9
-17
6
9
-8
3
27
29
34
39
33
22
49
36
45
59
50
56
53
50
40
42
42
46
26
22
32
36
27
14
12
23
11
-9
-20
-17
-28
-36
-17
-14
-18
-31
-43
-26
-20
-43
-24
-39
-34
-27
-22
-21
-24
-19
-10
-12
-1
7
-8
4
2
1
14
4
-4
14
14
13
19
10
15
20
17
19
17
8
10
19
32
34
40
12
2
12
6
6
17
-2
-9
-3
6
5
-10
-15
-11
-32
-27
-20
-42
-32
-37
-52
-62
-67
-67
-56
-74
-69
-71
-58
-42
-54
-42
-47
-27
-39
-40
-21
-30
-38
-24
-19
-12
-12
-7
-13
-16
14
7
7
11
11
5
6
21
17
7
26
22
29
35
3
22
23
17
28
40
32
3
4
1
1
-3
-30
-34
-25
-43
-41
-50
-57
-74
-69
-61
-80
-78
-72
-66
-66
-71
-60
-70
-63
-59
-51
-49
-53
-58
-32
-42
-28
-9
-25
-2
-12
-15
-10
-12
-9
-4
-22
-14
-18
2
-7
-14
-1
-1
-7
-6
-7
-5
22
11
10
8
-5
-14
-24
-26
-26
-30
-39
-33
-28
-20
-24
-36
-43
-46
-43
-53
-57
-75
-67
-58
-67
-53
-66
-64
-57
-52
-57
-51
-52
-48
-47
-33
-31
-35
-22
-34
-21
-10
-14
-22
-13
-1
-7
1
-8
-19
-2
-17
-8
-1
-11
-11
-6
-16
0
-9
-5
12
1
9
1
6
-2
23
6
-10
-5
0
1
-9
-39
-18
-36
-50
-29
-47
-35
-30
-44
-36
-43
-52
-33
-43
-32
-51
-40
-38
-47
-16
-22
-20
-8
-7
-8
-7
10
13
12
24
8
4
5
5
28
29
8
23
20
36
42
36
40
38
29
31
41
25
14
23
23
17
2
-2
0
-2
-7
-1
-18
-12
-26
-39
-25
-30
-41
-51
-46
-32
-41
-55
-43
-40
-58
-54
-32
-37
-41
-41
-42
-41
-37
-36
-21
-24
-18
-6
-32
-1
9
1
10
5
3
25
14
14
15
-6
7
15
14
26
34
21
31
36
24
24
8
2
22
21
17
29
28
11
12
13
22
19
18
14
15
4
3
-20
-39
-44
-52
-38
-45
-44
-28
-39
-49
-38
-22
-33
-34
-25
-16
-10
-2
-13
-12
9
3
16
25
24
20
20
15
11
10
26
22
8
11
-4
-10
7
-13
2
-5
-8
-3
-31
-4
-3
-18
-18
-20
-25
-24
-47
-38
-22
-30
-44
-49
-29
-43
-42
-43
-46
-46
-58
-64
-59
-47
-61
-53
-59
-53
-40
-56
-44
-42
-48
-49
-39
-30
-29
-24
-38
-24
-32
-26
-33
-28
-8
-10
3
-4
0
16
8
5
1
13
14
22
31
10
17
1
8
29
11
25
30
32
32
24
26
11
31
31
12
9
0
-10
-13
-26
-32
-22
-31
-28
-49
-43
-40
-48
-46
-59
-25
-31
-39
-19
-11
-11
-13
-16
-10
-16
-2
13
3
-10
8
13
1
10
2
17
4
-6
-2
6
13
3
4
5
7
-2
15
19
5
10
0
-4
-4
-5
-6
-14
-8
-7
-7
-1
4
10
0
12
7
15
18
9
-5
9
21
12
7
9
9
7
13
0
3
2
7
20
9
11
22
12
0
15
15
24
24
20
31
18
18
28
22
29
23
24
41
40
31
36
18
31
35
23
33
32
24
11
30
22
31
37
19
24
10
14
32
19
16
-2
-14
-6
-21
-15
-13
-20
-12
-8
-5
-23
5
1
-5
-10
-8
-12
-19
-1
-17
-7
-10
-19
-10
-10
1
11
-5
0
4
-7
-9
-10
8
-5
5
-3
7
11
2
-6
-17
-13
-6
-14
-28
-36
-28
-27
-32
-34
-37
-21
-31
-29
-26
-28
-12
-25
-31
-11
-26
-33
-25
-28
-46
-31
-34
-46
-40
-43
-45
-53
-39
-30
-30
-29
-33
-53
-44
-48
-55
-56
-45
-35
-46
-35
-22
-31
-26
-19
-25
-13
-27
0
4
-14
-15
-16
-9
-7
-21
-19
-23
-29
-20
-22
-29
-35
-26
-42
-35
-23
-44
-45
-41
-38
-47
-28
-34
-30
-20
-24
-22
-35
-29
-29
-28
-26
-34
-39
-34
-21
-23
-36
-22
-15
-38
-15
-9
-32
-24
-25
-18
-21
-25
-17
-16
0
-2
6
7
7
12
11
4
-9
0
9
12
4
-10
-5
3
9
-4
-3
6
7
2
9
19
1
5
11
3
23
19
-6
0
-3
-8
-12
-21
-16
-14
-28
-15
-15
-37
-27
-21
-24
-15
-26
-37
-31
-46
-26
-24
-39
-43
-37
-24
-15
-31
-14
-12
-19
-29
-13
3
-19
1
2
-6
6
-5
-4
-9
-11
-3
2
3
2
-10
-1
3
-6
0
10
10
12
8
6
6
14
-9
2
18
-3
11
22
29
36
29
21
35
28
40
9
12
10
13
7
9
1
-11
0
10
15
-13
-2
-10
-8
-9
-23
-8
-5
-1
-3
-11
-7
-24
-16
3
0
-4
7
0
5
18
10
-2
-5
-2
4
2
18
-3
3
-13
-5
9
-10
-9
-17
-14
-18
-30
-39
-32
-18
-24
-27
-31
-35
-32
-39
-25
-28
-26
-30
-32
-24
-23
-19
-9
-9
-13
-29
-12
-10
-12
-10
-11
-3
-8
0
-4
-4
-1
-4
-11
-3
10
-2
-14
0
-8
-5
-3
5
1
-10
4
-1
-1
-5
-5
6
7
2
-13
-5
-3
-15
-3
-9
0
-1
-19
17
-1
-4
5
-10
6
-7
-3
1
-4
-5
-4
-9
-17
-31
-34
-44
-36
-29
-32
-34
-36
-15
-50
-32
-12
-30
-16
-18
-25
-23
-7
3
-7
-2
6
1
7
-20
-14
-4
-10
-1
-7
-10
-31
-33
-14
-25
-40
-52
-42
-33
-40
-40
-33
-35
-30
-37
-30
-26
-29
-43
-56
-45
-38
-40
-34
-38
-32
-36
-44
-33
-51
-47
-54
-50
-53
-52
-42
-31
-38
-36
-20
-22
-15
-25
-24
-29
-33
-5
0
-33
-37
-17
-14
-15
-13
-3
-14
-18
-1
-14
-4
4
-19
-11
14
22
2
-6
3
-10
-13
2
-16
-13
-10
-6
-20
-13
-15
-17
-18
-27
-27
-33
-16
-22
-33
-15
-37
-32
-22
-27
-19
-41
-30
-30
-29
-27
-31
-29
-22
-13
-4
-14
-10
4
-1
3
9
1
9
18
16
-2
8
3
13
-2
8
20
12
22
13
21
16
12
11
26
20
30
10
13
22
14
15
13
24
8
21
21
3
14
16
3
11
19
10
-5
-3
5
9
-1
2
4
9
8
13
27
-6
-2
9
5
2
7
12
18
21
2
7
16
-5
-7
-8
7
17
11
13
30
14
7
9
-4
9
-1
0
15
23
16
16
10
11
12
6
4
10
10
12
11
9
21
-2
-3
-3
17
-3
-13
-2
-3
-5
-6
13
2
-5
-3
-17
-5
3
-14
-5
6
-6
5
-5
-1
0
0
-2
5
-1
-6
3
16
10
-4
11
10
2
7
-7
6
-1
-7
-2
-17
-12
-22
-1
-12
-12
-32
-25
-19
-27
-28
-23
-18
-33
-16
-34
-17
-27
-35
-35
-16
-11
-16
-7
-30
-30
-23
-34
-34
-6
-5
-13
-7
7
-8
-12
-15
-19
-1
-5
-11
-5
-14
-7
-11
-7
-6
-19
5
-1
10
17
11
0
-3
4
1
13
21
2
4
10
0
7
2
6
13
18
8
1
-5
-12
8
0
-1
-19
-20
-9
-19
-12
-20
-19
-16
-19
-14
-12
-18
-13
-12
-16
-8
5
1
-6
-11
-14
-6
10
28
17
-3
8
-5
14
1
12
17
3
26
26
33
19
21
39
42
27
29
31
34
28
16
18
30
47
33
23
17
24
19
2
11
19
20
3
14
13
9
7
8
21
21
22
21
11
9
-1
14
-2
3
10
19
17
9
18
2
20
12
5
30
18
28
23
30
28
22
26
11
19
14
12
24
25
34
48
38
44
26
19
37
35
38
27
31
22
22
41
26
40
46
30
45
32
34
54
41
37
37
29
17
27
42
39
46
42
44
49
43
51
49
38
51
49
51
40
45
52
38
39
44
46
42
42
42
59
48
47
47
37
59
37
50
46
34
41
40
48
38
28
26
28
35
42
31
26
40
42
29
27
33
37
11
14
17
28
27
30
17
28
26
12
35
23
23
35
16
27
41
25
27
35
38
25
37
42
27
27
43
53
55
69
44
44
48
47
48
40
53
44
49
46
48
36
40
37
41
25
36
44
35
38
38
42
21
25
34
32
25
30
18
21
25
22
30
22
18
13
18
24
19
20
20
12
25
20
20
25
27
29
13
17
21
13
20
28
24
6
-2
16
4
14
-4
-6
14
16
23
27
32
25
15
19
26
18
17
12
11
7
11
13
22
12
12
16
9
0
-1
10
8
20
3
11
7
26
24
4
16
21
9
23
6
14
13
12
20
26
20
12
19
18
33
13
38
35
48
46
38
39
27
35
46
32
45
41
26
25
13
28
22
36
26
18
20
18
10
8
6
23
12
10
24
4
13
10
18
-3
-5
-13
1
4
-1
-5
-1
8
-2
6
-11
2
-9
-16
-6
-8
2
-25
-20
-39
-8
-9
-21
-8
-12
-15
-7
-10
-13
-5
-10
-2
-14
-21
-26
-9
-33
-24
-5
-6
1
8
4
-7
-19
-1
-5
3
-12
-16
5
-4
-10
-18
-8
-11
-12
-7
1
-4
2
-2
-2
5
4
22
29
2
3
27
4
6
14
16
2
10
2
0
-8
4
11
23
22
8
16
3
11
3
-3
-2
2
-8
12
23
3
1
6
1
-1
9
-4
-18
-6
-13
-8
-7
-2
-10
5
-10
-12
-12
-18
-7
-4
16
-13
-10
-8
-11
-16
5
-7
-2
-1
-1
2
-12
-3
1
-10
-7
6
-4
3
1
4
8
7
-6
-2
-14
-17
22
5
2
14
-8
3
6
17
25
7
11
27
12
17
24
-3
6
4
5
0
6
32
-4
10
6
-1
-4
-10
13
-2
1
-1
-8
-7
3
-8
-13
0
-9
-7
7
1
2
17
14
6
5
2
-10
8
-4
-6
4
-3
8
0
-1
4
1
4
11
-3
1
28
16
23
29
25
18
20
30
10
17
7
15
17
18
28
21
10
20
16
8
25
17
10
-8
8
2
-2
11
15
28
6
17
7
3
2
5
18
10
15
15
14
14
13
-5
6
10
-5
10
30
9
8
18
11
9
2
12
0
14
27
29
22
9
18
11
2
18
18
5
7
3
7
-6
-6
0
-2
-6
-7
-26
-13
-13
-29
-22
-33
-12
-29
-34
-35
-36
-35
-44
-47
-52
-44
-54
-41
-35
-43
-41
-35
-39
-33
-35
-40
-48
-42
-25
-31
-41
-37
-37
-43
-31
-44
-44
-55
-47
-41
-38
-34
-36
-41
-31
-29
-35
-27
-41
-33
-37
-40
-26
-32
-32
-19
-30
-26
-32
-32
-31
-49
-44
-49
-34
-38
-42
-31
-37
-34
-29
-26
-14
-25
-31
-30
-32
-24
-41
-24
-27
-35
-33
-36
-37
-34
-40
-36
-36
-27
-32
-16
-33
-26
-11
-23
-22
-24
-23
-16
-16
-13
-11
-11
-17
-15
-11
-25
-18
-30
-31
-30
-30
-39
-46
-34
-34
-45
-41
-31
-41
-54
-51
-52
-53
-48
-63
-47
-54
-64
-41
-41
-60
-43
-43
-50
-40
-40
-55
-58
-38
-52
-44
-49
-55
-54
-60
-49
-42
-46
-40
-29
-44
-40
-40
-39
-54
-45
-37
-30
-24
-48
-29
-29
-37
-44
-35
-34
-31
-52
-35
-23
-28
-22
-29
-37
-34
-32
-40
-21
-36
-30
-43
-35
-33
-46
-40
-44
-47
-41
-44
-53
-60
-61
-40
-48
-55
-61
-76
-72
-74
-63
-69
-70
-69
-61
-69
-62
-55
-64
-47
-68
-61
-54
-39
-36
-38
-38
-44
-50
-44
-38
-45
-40
-43
-59
-35
-42
-45
-34
-44
-39
-36
-48
-33
-38
-48
-50
-51
-40
-49
-36
-32
-38
-36
-38
-35
-37
-43
-28
-33
-29
-25
-40
-32
-37
-40
-36
-41
-28
-31
-41
-64
-40
-40
-41
-44
-57
-64
-65
-69
-87
-71
-80
-73
-75
-74
-54
-64
-67
-66
-59
-50
-64
-67
-74
-81
-58
-68
-65
-75
-76
-49
-63
-54
-49
-40
-51
-50
-55
-62
-59
-63
-57
-71
-61
-63
-57
-66
-74
-66
-55
-72
-78
-73
-74
-71
-81
-67
-73
-69
-72
-67
-72
-66
-70
-70
-61
-62
-65
-61
-65
-69
-61
-53
-66
-85
-65
-79
-93
-84
-101
-66
-72
-72
-67
-78
-67
-73
-72
-68
-72
-69
-62
-58
-68
-64
-58
-79
-63
-70
-63
-57
-63
-66
-89
-78
-75
-81
-76
-81
-83
-76
-84
-96
-84
-83
-96
-97
-94
-92
-103
-91
-92
-103
-87
-92
-103
-109
-111
-100
-107
-98
-98
-109
-92
-100
-100
-109
-97
-105
-114
-100
-101
-96
-95
-104
-90
-95
-92
-87
-95
-81
-81
-68
-75
-73
-71
-77
-82
-85
-68
-81
-83
-88
-101
-83
-85
-86
-91
-93
-94
-94
-102
-103
-107
-99
-98
-97
-90
-99
-87
-99
-111
-106
-106
-97
-105
-91
-106
-112
-118
-114
-124
-113
-104
-101
-93
-107
-107
-112
-108
-101
-98
-92
-91
-76
-88
-88
-78
-85
-91
-98
-78
-89
-95
-89
-79
-62
-63
-65
-67
-68
-67
-71
-66
-52
-68
-67
-63
-58
-62
-64
-62
-83
-71
-71
-61
-69
-69
-68
-96
-72
-75
-86
-105
-106
-86
-92
-106
-108
-91
-101
-89
-83
-92
-82
-76
-93
-85
-75
-87
-80
-83
-78
-76
-71
-68
-72
-64
-59
-68
-65
-54
-55
-53
-42
-30
-53
-53
-53
-50
-48
-43
-43
-50
-50
-38
-50
-56
-54
-47
-49
-59
-43
-47
-50
-54
-39
-37
-45
-46
-38
-60
-60
-62
-74
-60
-73
-60
-63
-69
-81
-72
-73
-61
-68
-77
-71
-71
-76
-70
-76
-84
-80
-58
-63
-55
-59
-76
-72
-75
-60
-74
-72
-68
-78
-54
-62
-77
-61
-68
-62
-67
-57
-66
-78
-73
-73
-89
-70
-69
-80
-67
-78
-65
-77
-85
-77
-79
-80
-77
-80
-89
-79
-81
-86
-80
-78
-89
-90
-103
-98
-92
-98
-97
-89
-79
-83
-90
-91
-98
-94
-78
-89
-93
-88
-94
-88
-93
-94
-85
-85
-83
-79
-80
-76
-95
-93
-91
-90
-90
-90
-86
-87
-92
-90
-109
-92
-90
-105
-92
-101
-99
-90
-102
-86
-104
-119
-103
-102
-89
-106
-104
-128
-106
-126
-130
-124
-121
-115
-128
-117
-125
-104
-113
-121
-106
-112
-114
-115
-107
-108
-122
-112
-109
-101
-87
-81
-79
-79
-92
-101
-95
-106
-85
-82
-86
-84
-83
-80
-91
-89
-85
-83
-84
-91
-87
-87
-99
-81
-92
-99
-87
-86
-88
-87
-100
-92
-92
-110
-101
-103
-107
-109
-102
-118
-112
-112
-100
-107
-107
-107
-116
-113
-104
-114
-109
-109
-102
-91
-106
-110
-121
-100
-96
-100
-89
-97
-98
-94
-85
-68
-80
-77
-72
-77
-72
-64
-77
-70
-61
-62
-65
-61
-74
-66
-60
-66
-49
-65
-78
-70
-66
-53
-65
-77
-79
-81
-96
-94
-89
-100
-83
-86
-95
-90
-89
-101
-100
-110
-99
-108
-100
-95
-96
-91
-92
-102
-105
-88
-110
-97
-112
-104
-95
-86
-99
-96
-81
-93
-95
-94
-87
-80
-78
-88
-79
-72
-68
-82
-68
-65
-72
-63
-61
-54
-64
-73
-71
-63
-71
-88
-77
-65
-62
-65
-75
-64
-63
-79
-65
-72
-68
-74
-79
-74
-69
-87
-84
-77
-100
-80
-78
-85
-76
-84
-81
-71
-86
-74
-78
-63
-63
-66
-58
-66
-61
-73
-81
-86
-73
-67
-63
-70
-61
-58
-54
-62
-49
-45
-67
-56
-58
-58
-53
-44
-60
-46
-50
-62
-59
-62
-62
-64
-53
-55
-54
-44
-58
-61
-53
-69
-67
-64
-55
-53
-68
-53
-52
-63
-51
-44
-68
-71
-70
-61
-56
-45
-53
-62
-42
-43
-37
-42
-50
-61
-47
-38
-34
-23
-42
-39
-40
-40
-47
-40
-22
-41
-45
-42
-47
-41
-32
-23
-34
-42
-30
-31
-48
-34
-34
-43
-43
-36
-34
-36
-46
-55
-46
-68
-59
-45
-43
-46
-50
-49
-54
-45
-56
-51
-38
-40
-48
-48
-52
-50
-50
-59
-56
-30
-32
-40
-38
-47
-47
-45
-45
-46
-42
-33
-37
-27
-26
-38
-33
-18
-27
-25
-14
-14
-14
-22
-25
-13
-11
-35
-8
-9
-33
-29
-23
-6
-22
-25
-26
-23
-18
-32
-27
-37
-38
-29
-33
-34
-23
-23
-33
-38
-27
-40
-45
-32
-36
-40
-37
-34
-38
-39
-36
-19
-36
-37
-30
-20
-24
-29
-19
-16
-11
-20
-17
-9
-16
-20
-29
-23
-14
-34
-33
-11
-19
-25
-23
-20
-24
-19
-22
-26
-22
-36
-46
-31
-31
-45
-52
-54
-41
-43
-49
-54
-45
-31
-52
-57
-36
-40
-42
-26
-38
-33
-35
-21
-31
-32
-30
-32
-21
-37
-33
-46
-27
-14
-29
-24
-24
-27
-15
-29
-25
-11
-9
-23
-12
-16
-11
-4
-19
2
-5
3
7
16
11
-3
17
11
-7
0
0
-9
-1
-3
6
23
15
4
16
3
13
11
21
19
18
18
14
6
-1
11
-5
-2
-11
-1
1
-10
-3
-22
-15
-7
-16
-9
-15
-1
-9
-13
-4
-10
-5
-10
-12
-23
-22
-30
-19
-30
-31
-10
-27
-20
-39
-21
-7
-27
-8
-27
-16
-22
-37
-12
-14
-7
-22
-31
-9
-11
-19
-20
-13
-22
-14
-11
-19
-27
-20
-25
-33
-30
-21
0
-21
-20
-20
-17
-12
-8
-6
-7
9
-12
12
-4
-11
-17
2
-9
-15
8
-15
-6
-7
-12
-8
5
-4
-1
8
-1
-3
-8
-1
-7
-7
8
-2
6
6
0
-25
-17
-7
-24
-17
-15
-31
-15
-10
-21
-4
-13
-5
-12
-24
-27
-29
-19
-19
-6
-16
-15
-5
-21
-22
-22
-34
-23
-13
-8
1
-18
5
-15
-4
10
-8
-14
-8
5
-4
-3
6
-10
0
14
3
-1
-6
3
7
19
15
17
-4
-3
2
3
18
-1
12
13
10
28
1
1
6
13
9
15
2
3
10
2
1
1
0
7
4
0
4
12
3
1
1
4
10
-6
11
-4
-11
2
1
5
6
1
-7
-8
-2
-15
-21
-19
7
2
-1
-2
-2
15
3
12
13
26
25
18
36
22
29
14
23
24
35
46
29
52
47
40
39
30
33
50
34
17
38
45
41
39
50
26
22
27
34
40
35
32
41
37
21
26
22
30
17
15
23
23
37
33
41
36
18
30
21
20
37
40
34
36
21
25
34
31
31
39
37
34
30
15
35
31
28
34
31
38
21
37
41
22
32
18
10
17
10
12
3
20
18
5
12
0
5
6
11
2
15
17
15
7
29
29
1
6
9
24
15
4
14
2
20
21
2
19
5
27
44
27
18
28
19
13
30
30
32
42
52
37
43
32
44
41
40
55
46
41
40
36
40
58
36
39
32
45
41
32
37
34
33
20
36
37
26
26
37
38
32
37
28
30
45
35
46
35
36
35
36
40
44
35
56
50
38
59
44
40
57
55
57
63
61
59
47
61
69
69
68
64
76
70
62
59
47
61
58
62
72
70
59
64
73
67
62
60
71
66
73
86
62
63
81
68
78
66
75
74
67
79
63
58
47
51
46
60
62
56
59
44
53
50
34
58
60
59
57
55
61
61
74
60
54
54
69
40
49
61
50
66
52
66
39
49
59
50
80
66
50
50
52
68
65
74
50
45
58
62
56
41
46
45
40
42
39
29
28
34
57
65
51
33
42
39
33
37
50
55
48
44
46
44
31
42
57
49
60
45
45
67
52
65
57
42
43
35
61
56
53
67
66
63
69
65
59
84
66
61
61
56
62
65
53
44
60
55
54
51
45
45
50
43
40
30
16
32
33
33
36
38
31
29
30
19
23
18
15
28
22
7
23
17
9
4
8
7
18
15
20
11
13
19
19
28
8
16
27
16
27
21
10
21
17
22
29
39
34
45
47
40
46
35
40
34
38
51
56
49
49
34
48
45
40
37
42
45
36
54
34
44
46
40
31
32
45
26
31
37
25
24
26
16
18
15
20
25
24
24
20
24
23
32
39
26
26
27
28
11
11
29
14
29
18
15
24
24
17
16
23
20
21
9
8
8
0
3
-9
1
-2
-6
-1
-5
-19
-18
-8
-10
-11
-8
-1
-7
-8
-8
-4
-23
-30
-11
-6
-14
-14
-20
-16
-19
-13
-1
-1
3
-5
-1
6
-1
-5
-9
-3
-1
-2
-1
-6
6
9
1
-3
-4
4
-6
1
0
-12
-5
-4
-5
-10
5
2
-23
-8
-5
-16
-13
0
2
-8
-2
-4
-13
-29
-22
-18
-20
-20
-20
-20
-27
-12
-28
-35
-36
-24
-41
-38
-14
-20
-26
-25
-20
-24
-11
-33
-20
-25
-25
-39
-45
-28
-39
-34
-35
-19
-22
-15
-10
-16
-17
-14
-14
-7
-20
-10
-15
-14
-10
-22
-18
-19
-15
-20
-26
-21
-23
-20
-19
-19
-7
-11
-8
-25
-20
-15
-14
-12
-9
-10
-13
-14
-19
-9
-8
-12
0
-20
-25
-5
-10
-21
-20
-9
-13
0
-2
1
-2
-8
2
13
-1
-1
-6
4
2
10
14
13
5
12
21
-4
9
17
19
12
19
24
22
24
22
24
14
23
17
12
26
18
5
5
16
8
-12
-9
17
1
4
2
-23
-10
-11
-9
-19
-12
-15
-3
-14
-14
-24
-17
-3
-3
-12
-16
-13
-34
-24
-26
-15
-21
-16
-24
-23
-24
-39
-31
-16
-11
-17
-5
-7
-6
-13
-4
5
-13
-10
-19
-11
-11
-13
-4
-13
-6
-8
-4
-1
-6
-1
-1
-14
-12
-13
-19
-22
-6
-11
-7
-6
2
1
6
24
5
11
1
-4
11
14
5
19
21
6
-5
-14
-9
8
20
-11
-17
-1
-16
3
-9
-9
-8
-2
-8
-18
-21
-16
-3
-8
-17
-25
-18
-16
-9
-4
-3
-7
-15
-5
-3
-3
6
15
3
2
17
-6
-5
-9
0
3
-9
-9
-11
-15
-3
-12
-13
-10
1
-2
0
-3
-20
-17
-5
-14
-14
-15
-18
-4
-22
-22
-22
-8
-14
-5
4
-6
-2
-1
-5
-16
-6
5
4
11
-16
-20
-10
-1
-2
-15
7
-3
-23
-8
-7
-25
-22
-27
-16
-26
-14
-11
-14
-13
-16
-9
-10
-20
-23
-21
-24
-19
-10
-15
-20
-18
-10
-3
-25
-11
-10
-7
-7
-25
-6
-15
-31
-21
-23
-19
-10
3
9
0
-8
-4
-3
-15
-7
-9
-11
-13
3
-3
-9
1
1
5
-5
5
-2
-10
6
4
11
9
18
13
2
1
-4
-7
-6
-4
3
21
-1
-5
0
11
2
-2
-9
-13
-8
4
-9
-13
6
7
4
14
6
7
-8
10
9
-1
-3
2
20
3
4
0
10
4
3
-12
11
3
4
0
-11
12
12
15
11
20
13
15
28
18
3
8
22
6
7
23
29
25
19
18
25
25
20
17
20
16
12
15
15
18
23
8
9
4
15
19
19
7
-1
15
1
-4
5
5
7
6
4
-15
4
10
5
10
18
25
21
26
21
22
14
18
24
29
24
33
40
34
33
20
19
32
33
24
26
33
22
16
25
14
16
24
20
4
10
11
-3
16
20
13
2
13
20
26
41
22
33
25
14
22
19
28
30
21
29
22
32
29
39
42
34
36
32
32
24
18
33
15
18
14
26
30
33
20
17
28
21
27
33
50
26
33
43
21
29
34
27
14
20
15
18
30
37
30
27
15
14
27
23
39
30
14
20
19
22
36
22
20
21
31
23
4
25
14
20
30
28
32
26
26
12
29
24
15
33
33
28
27
25
37
35
58
36
33
47
30
25
23
48
53
39
52
52
39
34
38
29
42
40
46
40
50
52
38
38
16
38
46
56
30
44
40
47
41
32
44
33
42
43
29
22
19
19
10
31
18
15
33
24
31
23
27
41
33
24
18
11
17
12
23
27
24
8
24
32
30
35
28
33
12
23
42
39
29
33
22
21
21
14
14
16
29
30
12
23
25
18
22
23
29
13
5
11
17
15
23
20
10
8
-6
17
4
2
8
-4
0
-2
0
-4
7
-2
-2
-19
-4
-12
-17
1
-9
-17
-19
-5
-11
-14
-9
-2
-17
-24
-12
-3
-17
-16
-22
-23
-6
-3
0
-7
7
-3
0
5
1
-2
5
2
-1
-13
3
3
-3
-8
-6
1
-1
6
-7
-7
-6
-4
-12
-13
-7
-8
-16
-6
-6
-6
9
-8
0
1
-6
-7
12
-10
-24
-5
-15
-1
-12
0
-3
3
0
-5
20
6
-4
-3
8
7
9
0
10
5
11
20
11
10
18
1
-1
18
12
2
16
16
6
30
19
5
5
-10
14
13
9
11
21
11
14
10
14
11
11
29
10
12
29
21
15
24
40
18
10
10
-4
3
-6
-6
4
-2
7
0
-2
8
-3
25
25
12
