-5
-15
-12
-25
-5
-24
-5
-5
1
-13
-21
-5
-10
-18
-14
-11
-22
-9
-14
-14
-11
-13
-19
-6
-6
-5
-16
-20
-19
-14
-2
-12
-2
12
-2
-11
-15
-18
5
-15
-22
-14
-12
-1
-16
-14
-15
-28
-21
-14
-16
-13
3
-5
-17
-15
-4
-22
-32
-20
-17
-16
-20
-3
-16
-1
-14
-19
-19
-33
-27
-25
-23
-28
-29
-24
-29
-30
-13
-24
-28
-44
-35
-18
-25
-32
-29
-17
-28
-32
-7
-14
-22
-10
-20
-19
-24
-20
-10
-18
-24
-14
-2
-3
4
-10
-24
-19
-16
-13
-3
5
4
-10
8
-1
-14
2
4
7
-5
0
10
18
25
13
2
17
6
11
7
4
-2
9
18
-16
-5
-8
-6
1
-3
-4
-16
-7
-14
-10
-18
-19
-7
-6
-20
-15
-25
-27
-27
-38
-40
-31
-35
-40
-43
-45
-48
-44
-38
-24
-45
-31
-43
-45
-26
-42
-38
-30
-44
-56
-56
-38
-41
-42
-41
-49
-40
-46
-41
-40
-49
-61
-49
-50
-53
-50
-64
-46
-48
-42
-49
-46
-31
-44
-37
-31
-47
-47
-35
-46
-51
-48
-33
-41
-40
-26
-29
-19
-25
-34
-23
-25
-21
-30
-31
-21
-25
-36
-30
-38
-23
-29
-27
-39
-39
-38
-35
-46
-53
-55
-56
-48
-61
-61
-58
-44
-56
-52
-50
-50
-61
-50
-51
-64
-66
-66
-62
-68
-60
-65
-55
-63
-62
-61
-72
-77
-70
-70
-65
-58
-69
-64
-56
-62
-57
-60
-67
-62
-63
-48
-63
-49
-46
-50
-60
-61
-56
-57
-52
-49
-62
-54
-38
-34
-41
-52
-44
-40
-34
-16
-26
-20
-35
-31
-25
-18
-12
-29
-32
-24
-30
-29
-15
-15
-11
-13
-25
-1
1
-9
9
5
-3
-10
0
1
-3
3
2
16
18
13
18
22
9
25
26
8
10
-3
22
10
-8
8
14
20
15
7
7
18
3
0
23
9
7
13
13
9
10
5
-1
2
5
-4
-11
1
-5
-6
2
-15
-12
-4
-32
-14
-16
0
-19
-33
-16
-25
-6
-18
-23
-25
-28
-8
-5
-9
-16
-11
-25
-31
-16
-27
-39
-28
-33
-30
-29
-25
-12
-16
-15
-4
-3
-13
-20
-25
-18
-27
-32
-11
-13
-18
-27
-16
-13
1
8
-2
-4
-10
7
5
-5
-10
-3
2
1
3
-11
2
9
-3
6
-1
-3
-2
-10
-19
-19
-20
-15
-10
-4
1
5
10
1
0
-5
-7
4
5
-8
1
-8
-18
-19
-17
-11
-17
-1
-16
0
4
-15
6
1
-10
-16
5
4
-3
-4
-2
-4
-16
-16
-1
-18
-9
-7
-2
10
-2
3
-2
4
-7
-1
24
8
6
6
-1
11
11
17
18
14
7
16
24
27
13
12
11
0
15
21
13
11
12
11
15
14
9
11
11
-1
5
8
0
3
4
3
15
20
13
7
-5
27
30
16
19
24
8
6
6
0
19
13
21
9
17
12
4
11
6
4
8
12
14
13
27
4
-6
9
0
12
27
19
19
19
18
30
19
23
13
14
22
-3
9
17
27
12
10
8
4
21
24
29
24
24
28
37
39
34
39
38
36
42
36
36
44
39
43
41
48
64
55
45
53
56
49
47
56
43
65
57
60
66
60
66
65
74
68
69
71
74
57
65
62
69
57
43
65
53
55
57
50
53
45
49
37
47
52
47
43
45
54
38
42
50
48
35
38
46
58
51
48
38
32
53
39
37
39
43
48
47
56
56
41
52
29
28
45
33
53
36
30
42
34
34
39
31
39
38
39
55
38
48
64
52
47
40
53
51
36
47
50
45
35
49
34
40
47
42
53
53
50
45
57
51
62
56
50
55
58
65
41
46
45
57
52
42
62
56
54
57
44
52
55
56
41
48
54
50
51
48
58
57
49
52
60
45
69
70
65
63
63
58
66
54
47
57
58
46
45
48
55
41
51
64
51
44
21
37
11
26
38
28
30
20
6
25
29
26
8
30
33
26
40
33
19
20
34
26
41
25
15
20
12
6
23
37
27
30
30
37
47
31
34
27
26
33
22
38
23
33
38
17
12
15
20
22
15
17
26
15
6
13
21
2
9
26
9
26
6
21
15
21
22
17
28
9
18
16
19
19
26
18
25
29
41
31
12
32
26
22
17
10
9
8
18
4
6
-4
-4
-4
8
-1
2
5
8
14
13
12
20
33
16
13
22
24
33
47
36
29
29
17
30
24
-3
10
11
7
16
26
11
19
11
16
10
8
10
5
17
-11
-8
9
-9
-3
10
-4
-5
6
-11
-20
-14
-9
-7
-15
-12
-3
-2
-3
-11
-11
-18
-9
-5
-11
-9
-14
-20
-15
-21
-21
-5
-14
-14
-21
-15
-16
1
-20
-26
-10
-20
-9
-17
-13
-20
-26
-29
-21
-19
-20
-19
-22
-11
-30
-34
-21
-16
-24
-26
-33
-37
-9
-19
-15
-20
-26
-32
-26
-18
-17
-23
-28
-22
-19
2
-14
-13
-13
-2
5
-14
-11
-15
-21
-10
17
6
-1
7
8
6
16
13
-5
3
17
-2
-8
-6
-9
-6
-14
-5
10
-4
12
-2
-2
2
-5
-3
-7
21
3
-3
8
-4
12
-9
-11
-25
-12
-14
-4
-15
-19
5
-10
-9
-20
-14
-7
-19
-8
-16
-26
-20
-29
-39
-34
-23
-9
-5
-16
-10
-17
-16
-32
-33
-12
-23
-19
-17
-23
-21
-18
-42
-25
-15
-18
-15
0
-7
-28
-13
-10
-7
-11
-8
-2
-8
-3
1
-8
-7
-5
12
6
11
10
-5
-8
-4
-4
-3
4
-1
1
11
-1
-7
15
23
25
-3
-3
-5
0
0
6
30
20
18
22
30
39
30
23
17
18
8
6
13
7
-1
1
7
16
14
9
23
13
2
-8
-2
-2
-8
1
22
16
10
22
21
28
24
38
27
29
34
13
27
22
12
34
36
19
22
38
19
27
23
18
13
12
8
10
21
14
9
4
26
19
11
24
26
18
28
44
36
29
39
40
48
36
50
53
27
36
43
46
37
26
25
37
39
41
37
38
50
44
40
42
56
42
35
28
23
43
32
36
18
25
42
35
48
53
42
42
42
59
58
46
46
38
30
34
35
43
34
32
33
26
35
22
19
21
23
13
12
26
37
16
16
15
11
9
8
20
9
15
6
-3
3
3
6
9
18
9
7
17
16
11
10
4
16
21
12
-1
-5
17
10
-3
24
7
17
10
1
8
8
20
3
12
3
13
2
-2
21
12
21
14
5
22
22
19
16
10
20
25
19
10
2
3
13
18
0
5
13
21
20
6
3
8
11
7
14
0
0
11
6
13
-9
-11
15
3
-3
3
1
13
-2
-1
3
10
7
5
7
3
-4
-8
0
-6
-8
5
-20
-3
-17
-12
-1
-9
5
6
25
2
16
9
2
8
0
11
13
26
23
24
16
12
9
12
23
26
18
24
27
14
16
4
9
15
11
19
11
10
17
23
23
18
7
26
27
30
32
15
10
18
30
29
36
41
30
35
46
42
57
20
29
49
33
30
29
33
29
31
24
23
27
33
29
23
16
23
36
47
14
22
45
45
38
15
21
22
36
33
46
33
25
43
49
64
49
44
47
34
35
56
38
43
43
39
34
26
29
39
36
33
40
49
63
40
53
69
60
54
48
56
58
52
55
54
57
49
43
52
43
56
38
47
60
56
66
46
56
59
73
74
64
54
49
45
55
51
41
56
44
49
55
44
45
28
26
34
34
44
40
36
53
46
38
34
42
50
40
38
37
27
42
35
50
46
42
33
24
42
49
31
41
43
38
31
40
30
26
29
24
44
39
55
25
30
29
29
29
28
46
34
31
29
30
31
39
39
40
35
44
40
25
31
34
32
23
28
34
34
34
36
27
23
20
32
26
30
19
22
11
18
26
9
17
9
-8
10
21
4
6
15
15
13
8
11
3
-3
4
-10
-1
-8
-16
-3
11
-7
0
12
-8
1
-2
8
3
0
13
-12
7
16
9
-4
5
8
5
-2
-6
4
-10
-1
-7
-6
-6
-6
-16
-22
-24
-27
-12
-24
-37
-27
-24
-22
-35
-36
-16
-27
-31
-29
-20
-21
-45
-22
-22
-34
-27
-31
-32
-16
-19
-21
-24
-20
-12
-18
-18
-7
3
0
-5
-22
-10
-12
-6
-7
-12
11
-13
-3
-13
-8
10
13
11
10
15
9
15
17
17
8
21
31
34
43
47
32
29
38
27
21
36
40
48
37
37
43
40
39
35
46
27
22
17
16
42
34
32
33
20
21
26
34
31
27
31
34
44
48
43
54
41
31
41
51
43
54
39
36
36
25
42
31
36
33
30
28
43
37
29
40
35
36
29
15
32
30
30
16
28
26
18
27
14
31
21
40
51
54
27
39
34
34
32
42
44
43
61
46
40
19
30
37
29
23
29
37
34
33
45
34
37
28
40
24
20
41
27
26
18
25
28
34
21
18
31
33
26
25
22
37
34
31
25
26
26
21
22
24
28
36
36
40
38
39
23
32
44
34
22
25
24
8
11
5
17
15
16
21
19
8
8
18
20
15
13
20
3
-4
-5
6
13
9
3
-8
-11
-10
-12
2
-7
-17
-18
-14
-10
-9
-24
-16
-13
-6
-14
-18
-15
-22
-15
-18
-3
-4
-9
-5
4
12
-7
-1
-4
10
13
11
-7
-5
4
1
25
24
13
4
1
10
12
3
10
5
11
8
5
8
-6
-2
-17
0
-4
-12
-10
-11
-3
-2
-2
-8
-7
-18
-13
11
2
7
-5
-7
-3
-4
4
-6
0
5
19
12
10
26
21
18
14
0
10
9
4
12
29
28
27
27
15
23
39
28
17
32
32
32
33
26
39
32
35
25
29
35
26
14
7
31
16
20
33
13
18
13
24
34
28
22
20
37
35
36
22
41
22
20
36
27
21
21
22
-2
17
16
1
25
8
21
23
7
13
22
17
24
32
34
24
38
29
33
19
17
14
18
17
11
15
15
24
1
21
32
17
25
39
27
18
6
16
29
22
28
25
23
28
22
25
29
31
38
21
20
35
29
31
22
20
8
9
17
11
0
19
22
25
26
23
32
21
26
47
33
41
34
40
56
43
56
65
49
65
55
40
62
56
51
45
49
57
54
34
26
36
47
34
38
53
42
37
30
41
13
17
28
32
37
38
41
25
32
38
32
28
26
32
10
16
14
6
16
20
21
21
17
11
12
2
16
13
-1
10
9
11
-14
2
0
-21
-2
8
2
-2
9
10
2
4
-14
3
-1
6
13
4
-15
-15
-3
-7
-3
6
13
9
14
10
21
27
7
20
25
27
27
34
23
44
34
14
27
25
25
13
23
28
23
10
10
11
26
17
13
26
22
13
19
26
30
25
28
25
22
16
13
22
24
19
30
16
38
34
13
23
11
21
28
26
19
24
24
22
16
22
11
19
7
4
12
-3
-6
1
4
-10
3
5
18
18
29
21
29
18
26
38
28
24
8
8
21
18
7
13
24
26
38
33
17
23
18
29
29
28
36
43
28
16
21
26
27
39
39
36
38
32
26
2
11
14
13
20
25
12
37
33
33
49
31
32
17
38
34
38
40
35
32
33
21
24
32
43
30
34
28
16
35
26
25
4
15
13
12
11
11
7
11
12
5
7
-3
2
8
7
17
17
20
6
5
10
4
8
5
7
-2
13
19
3
13
6
32
17
17
20
6
14
13
17
20
8
-2
2
-11
-6
-1
-1
4
-3
4
14
13
12
30
19
5
25
14
9
7
12
8
5
19
23
14
15
-6
-6
-11
4
0
-3
7
2
-11
-20
-14
-12
-17
-25
-5
-26
-18
-8
-11
-10
1
-22
-20
-8
-21
-8
-17
-16
-20
-13
-16
-8
-6
-2
-8
-19
-11
-13
-20
-18
-20
-7
-16
-19
12
-11
-9
-29
-1
-9
-16
-12
-22
-11
-26
-22
-23
-21
-20
-22
-23
-9
-30
-23
-18
-8
-8
-18
-27
-27
-25
-12
-9
-8
11
-3
2
0
-4
7
17
7
-7
1
-1
-3
12
6
16
12
-3
9
5
18
34
26
10
21
29
31
16
13
30
28
32
27
24
32
37
30
24
27
32
39
24
40
36
29
34
43
17
21
41
24
33
36
16
6
14
5
7
30
14
11
-12
12
4
10
19
8
25
13
17
19
31
20
25
10
27
31
16
17
11
-4
17
10
31
25
21
15
13
34
3
20
28
30
29
25
28
25
16
3
10
14
13
14
20
35
35
19
44
46
43
35
28
33
40
41
19
39
39
36
33
31
36
26
27
28
23
33
35
37
41
29
28
22
29
27
13
17
27
32
16
40
12
8
25
29
29
28
4
11
14
10
21
8
22
33
31
26
25
21
32
21
35
11
27
10
11
-6
-7
-9
-6
-12
-3
6
12
7
25
11
0
10
22
18
9
14
13
-8
4
-8
-10
5
14
12
-7
11
-12
-2
-7
5
-14
-5
-4
3
-3
-2
-12
-17
4
4
9
5
0
-15
6
-9
-23
21
-11
6
2
-7
-8
-4
-7
-14
3
-12
7
-10
-6
8
2
-11
10
3
6
-2
-18
-11
-16
-21
7
-10
-3
-12
-20
-12
-21
-3
-15
-13
-3
2
-15
-16
-9
-21
-24
-37
-41
-37
-44
-38
-32
-42
-42
-18
-25
-13
-22
-12
-15
-11
-28
-18
-22
-23
-26
-21
-19
-17
-10
-27
-9
-11
-27
-19
-24
-23
-35
-18
-19
-36
-13
-4
-21
-16
-8
4
-9
-5
-11
6
7
12
14
7
-13
-10
25
3
6
-6
1
-2
7
4
-4
16
-12
8
-4
-4
10
17
7
18
14
2
21
6
22
19
20
17
41
35
27
30
32
31
17
36
29
23
38
14
33
27
14
12
5
1
25
18
27
43
43
21
27
19
19
28
-2
19
11
11
17
14
23
12
36
19
22
29
14
25
35
31
18
36
39
48
38
35
52
45
65
51
35
30
15
34
36
38
31
39
49
53
68
60
44
38
51
47
62
51
46
51
61
72
62
70
66
51
45
51
62
51
35
47
29
48
49
42
50
46
71
52
43
63
44
82
77
75
94
70
38
42
45
45
49
33
29
39
24
20
37
50
14
6
-3
-1
8
18
22
47
20
30
34
54
43
45
60
69
59
45
62
34
51
25
34
31
17
13
18
36
21
31
33
27
12
10
4
-7
7
-2
10
0
19
0
15
26
-8
41
24
33
30
12
7
8
33
36
27
35
33
35
40
48
36
35
42
41
40
31
56
28
30
14
39
38
30
25
5
25
2
22
27
2
15
13
6
5
10
5
-10
6
-17
-10
-2
8
21
29
16
23
9
15
38
39
43
2
15
36
16
26
6
25
5
9
10
21
30
3
21
-9
18
23
23
23
19
5
3
10
15
25
15
12
1
10
5
8
2
20
2
12
23
10
19
13
54
39
36
42
28
40
36
40
26
47
38
28
12
38
25
4
21
19
28
-25
22
6
22
20
-7
3
2
23
10
40
36
35
20
26
18
24
45
9
14
6
3
-3
-15
-11
-17
-2
-8
15
14
7
25
3
14
20
17
27
-3
20
6
-1
2
16
22
14
-3
-17
16
13
-2
-16
-3
-6
-9
-11
-10
-4
-23
-17
-24
-26
1
5
1
-1
9
2
2
4
1
5
7
3
-2
-24
-15
-15
-17
21
17
28
7
5
9
13
-14
16
22
22
7
-4
26
-2
1
-11
16
2
13
6
9
-1
18
21
15
20
1
34
-13
22
26
33
48
26
54
40
46
47
43
66
45
44
40
33
7
22
35
2
22
24
36
32
23
-1
32
13
10
17
20
34
13
20
36
4
32
15
-4
-11
-25
11
-21
-1
-5
-14
-21
5
-3
23
18
14
22
27
2
-12
14
-6
1
0
-18
-29
-11
-8
-13
-27
-7
-5
25
5
-6
7
29
3
5
-28
-13
-12
-16
-7
-23
-29
-16
-4
-13
-5
-40
-17
-40
-25
-48
-22
-28
-27
-4
-28
-16
-11
-30
-9
-9
13
-10
-22
-32
-7
-11
-9
-29
-28
-32
-27
-43
-42
-22
-50
-9
0
-18
-14
-19
-7
-16
-34
-38
-43
-23
-20
-62
-41
-58
-59
-31
-35
-21
-8
-19
-4
-8
-4
-24
-21
-11
-29
-26
-63
-52
-70
-75
-79
-68
-42
-5
2
-1
-3
-11
-9
-28
-18
-47
-36
-48
-58
-46
-64
-23
-45
-47
-58
-45
3
-20
-21
-42
-25
-36
-44
-41
-17
-32
-43
7
-33
-21
-38
-33
-54
-39
-20
-4
-19
-40
-31
-45
-8
-25
-14
-25
-30
-11
-48
-10
-59
-51
-62
-40
-23
-53
-25
-79
-43
-19
-27
17
-2
-1
6
-24
-10
-7
-42
-35
-30
-42
-36
-29
-18
-24
-10
-30
-13
-12
-20
-44
3
-41
17
-3
-30
-2
-78
-29
-56
-67
-13
-44
-27
-51
-65
-50
-28
-27
-31
-47
-56
-55
-36
-62
-54
-36
-27
0
-44
-62
-48
-37
-68
-23
-39
-31
-5
-48
-44
-43
-74
-86
-66
-43
-69
-28
-64
-30
-29
-29
-59
-77
-60
-100
-53
-81
-68
-35
-67
-15
-45
-26
8
-42
-31
-52
-28
-16
-21
-52
-100
-46
-97
-99
-32
-110
-101
-72
-63
-67
-72
-105
-88
-99
-77
-98
-45
-69
-107
-88
-88
-47
-64
-97
-92
-128
-63
-95
-84
-30
-105
-73
-79
-74
-65
-146
-112
-73
-93
-91
-123
-59
-112
-88
-126
-78
-98
-144
-99
-117
-92
-113
-98
-100
-103
-105
-103
-101
-83
-118
-100
-46
-78
-20
-62
-45
-59
-107
-58
-119
-104
-114
-109
-79
-93
-146
-96
-129
-114
-102
-136
-106
-61
-21
-14
-61
-51
-34
-43
-69
-61
-111
-80
-121
-118
-56
-128
-73
-97
-51
-120
-146
-122
-84
-64
-73
-59
-74
-23
-118
-73
-89
-94
-95
-78
-85
-65
-106
-94
-59
-72
-53
-63
-51
-48
-11
-58
-42
-49
-13
-51
-79
-41
-69
-84
-107
-65
-84
-6
-80
-36
-9
-51
17
-70
-65
-67
-84
-98
-159
-105
-89
-120
-130
-162
-105
-62
-103
-88
-71
-73
-16
-89
-71
-47
-54
-62
-54
-71
-19
-86
-117
-74
-126
-119
-120
-97
-167
-198
-276
-213
-249
-314
-285
-269
-194
-206
-162
-105
-79
-11
73
104
118
76
74
114
73
51
9
-43
-122
-163
-184
-146
-167
-229
-241
-288
-244
-265
-303
-254
-252
-200
-167
-183
-151
-119
-65
-72
-47
-52
-16
-15
-27
-38
-59
-80
-63
-67
-77
-122
-166
-144
-134
-99
-123
-101
-110
-97
-123
-119
-144
-134
-64
-103
-112
-89
-109
-99
-90
-124
-129
-131
-129
-129
-130
-160
-169
-155
-172
-197
-249
-194
-140
-97
-48
-35
33
33
37
38
45
36
16
-26
-62
-47
-56
-89
-147
-145
-129
-178
-193
-209
-150
-112
-119
-51
-3
16
-21
-60
-39
-57
-71
-93
-106
-77
-67
-54
-10
0
-16
-65
-83
-49
-93
-141
-176
-182
-147
-168
-155
-165
-143
-155
-197
-160
-169
-177
-195
-190
-131
-81
-76
-117
-104
-52
-18
-14
-34
-81
-105
-141
-129
-97
-86
-105
-121
-95
-97
-105
-137
-121
-145
-156
-190
-171
-79
-92
-101
-139
-135
-125
-113
-97
-151
-169
-150
-73
-26
3
-6
-26
-64
-43
-11
-44
-69
-117
-109
-149
-166
-179
-188
-189
-225
-218
-186
-134
-100
-136
-183
-231
-256
-238
-240
-249
-230
-204
-155
-103
-27
11
42
87
81
100
39
-28
-56
-80
-79
-117
-144
-149
-138
-168
-201
-194
-179
-193
-235
-236
-188
-193
-217
-222
-214
-189
-142
-132
-103
-82
-74
-44
-36
-33
-27
-38
-47
-60
-88
-88
-135
-174
-171
-162
-167
-138
-139
-141
-142
-160
-111
-85
-89
-84
-68
-17
-7
-1
10
20
42
43
60
44
58
49
18
10
-9
-19
-37
-80
-65
-55
-70
-57
-37
14
8
5
19
24
50
79
87
124
156
161
173
190
213
233
218
214
235
238
241
207
169
164
118
91
72
26
-3
-65
-88
-117
-137
-157
-183
-209
-239
-239
-264
-309
-334
-376
-408
-431
-453
-452
-480
-479
-481
-487
-468
-472
-475
-458
-430
-428
-419
-396
-399
-392
-368
-346
-326
-322
-322
-324
-320
-302
-294
-263
-221
-213
-173
-139
-106
-81
-43
3
50
109
147
214
280
338
388
446
510
566
643
722
783
859
919
982
1040
1125
1201
1264
1351
1395
1517
1614
1702
1771
1721
1578
1205
740
278
-274
-759
-1291
-1670
-1944
-2180
-2197
-2118
-1820
-1478
-1145
-795
-468
-147
46
185
338
445
536
571
640
699
764
848
845
889
843
676
434
73
-402
-880
-1397
-1858
-2227
-2567
-2722
-2772
-2709
-2486
-2199
-1828
-1422
-1046
-649
-305
-38
177
293
331
319
221
153
72
-77
-190
-331
-477
-554
-652
-706
-745
-768
-757
-723
-704
-675
-558
-484
-332
-169
46
335
600
931
1249
1562
1896
2140
2361
2562
2698
2821
2934
2988
3038
3078
2992
2534
1826
978
84
-806
-1876
-2781
-3478
-4012
-4323
-4390
-3974
-3218
-2450
-1613
-722
171
867
1322
1717
2008
2163
2111
2031
1994
1969
1940
1815
1789
1725
1432
1019
428
-245
-979
-1779
-2488
-3112
-3568
-3814
-3834
-3555
-3022
-2310
-1556
-764
-45
622
1177
1489
1680
1705
1566
1354
1023
699
431
91
-238
-505
-762
-1012
-1271
-1497
-1676
-1815
-1940
-2017
-2025
-1947
-1788
-1630
-1328
-993
-678
-316
11
353
628
840
1003
1073
1030
909
672
420
163
-107
-349
-540
-630
-675
-626
-505
-257
2
317
680
1034
1410
1795
2170
2605
3045
3424
3814
4054
3842
3205
2402
1524
578
-609
-1786
-2693
-3435
-4004
-4355
-4163
-3533
-2856
-2182
-1363
-455
283
810
1229
1727
2084
2223
2303
2437
2591
2620
2513
2411
2228
1771
1061
218
-639
-1548
-2464
-3218
-3763
-4087
-4152
-3953
-3500
-2764
-1906
-1044
-233
502
1184
1721
2082
2360
2505
2485
2281
1860
1392
936
363
-239
-857
-1465
-2082
-2672
-3070
-3271
-3260
-3132
-2920
-2576
-2115
-1612
-1146
-618
-90
349
687
956
1194
1318
1334
1258
1122
920
629
261
-93
-352
-626
-839
-935
-943
-884
-827
-641
-386
-81
273
606
1007
1448
1858
2271
2760
3249
3733
4143
4476
4554
4148
3385
2283
1056
-281
-1722
-2969
-3959
-4643
-4984
-4903
-4342
-3447
-2461
-1481
-454
476
1155
1674
2070
2416
2634
2760
2883
2944
2950
2748
2388
1929
1259
402
-598
-1656
-2620
-3476
-4090
-4352
-4304
-3987
-3440
-2716
-1846
-871
3
778
1438
1909
2276
2498
2619
2692
2621
2403
1958
1427
729
-114
-1036
-1993
-2745
-3402
-3866
-4096
-4036
-3691
-3185
-2551
-1786
-969
-240
349
869
1288
1574
1726
1777
1756
1629
1399
1050
702
353
-71
-516
-899
-1167
-1366
-1509
-1526
-1427
-1261
-1105
-955
-752
-492
-202
121
545
1031
1536
2047
2532
3018
3443
3779
4064
4280
4387
4295
3879
3158
2123
852
-514
-1866
-3017
-3930
-4550
-4828
-4756
-4311
-3552
-2590
-1543
-547
370
1115
1672
2134
2500
2805
2999
3122
3151
3038
2753
2246
1615
847
-48
-1055
-1996
-2850
-3537
-3965
-4137
-3938
-3508
-2893
-2195
-1410
-595
177
885
1507
2039
2417
2670
2785
2819
2741
2505
2097
1508
716
-242
-1205
-2165
-2953
-3546
-3889
-3924
-3733
-3282
-2675
-1868
-1008
-235
453
1015
1442
1692
1774
1751
1643
1409
1105
777
442
77
-240
-553
-795
-958
-1085
-1131
-1070
-928
-818
-673
-507
-357
-208
-56
72
261
481
715
961
1286
1600
1891
2144
2324
2494
2599
2673
2673
2674
2643
2483
2149
1573
897
79
-866
-1764
-2528
-3013
-3331
-3486
-3308
-2823
-2146
-1413
-653
130
840
1346
1691
2013
2301
2443
2454
2385
2290
2040
1567
1027
409
-242
-995
-1767
-2329
-2716
-2979
-3047
-2875
-2491
-2005
-1484
-956
-362
213
728
1190
1578
1974
2287
2452
2507
2459
2278
1901
1353
649
-197
-1047
-1910
-2628
-3080
-3365
-3370
-3151
-2744
-2139
-1522
-870
-234
300
769
1103
1344
1500
1504
1444
1327
1130
852
532
159
-172
-484
-740
-874
-985
-974
-923
-844
-707
-584
-404
-265
-170
-70
26
120
232
364
516
688
821
956
1100
1202
1314
1385
1425
1545
1621
1689
1825
1971
2105
2141
2010
1720
1254
590
-160
-910
-1621
-2143
-2533
-2714
-2579
-2360
-1932
-1410
-862
-310
96
517
865
1115
1346
1550
1749
1898
1932
1857
1673
1326
827
272
-307
-876
-1372
-1768
-1982
-2065
-2013
-1812
-1504
-1122
-727
-333
96
527
939
1336
1680
1973
2121
2129
1985
1671
1200
617
-59
-840
-1549
-2156
-2565
-2769
-2857
-2634
-2307
-1900
-1411
-929
-370
128
528
920
1275
1546
1677
1710
1679
1550
1280
878
508
110
-282
-694
-1010
-1195
-1348
-1387
-1409
-1310
-1147
-1010
-840
-583
-291
-28
246
499
728
907
1019
1127
1267
1376
1482
1544
1643
1718
1764
1805
1798
1819
1759
1662
1525
1282
944
472
-1
-497
-933
-1323
-1669
-1781
-1814
-1696
-1485
-1252
-863
-522
-176
200
526
953
1300
1626
1898
2102
2197
2073
1845
1459
952
340
-309
-884
-1394
-1750
-1983
-2107
-2022
-1918
-1708
-1422
-1099
-685
-267
195
676
1154
1611
1957
2195
2288
2217
1969
1584
1110
590
57
-494
-1017
-1496
-1868
-2182
-2441
-2590
-2613
-2437
-2148
-1738
-1202
-611
33
628
1135
1538
1809
1898
1814
1631
1381
1074
709
356
78
-190
-418
-648
-843
-985
-1100
-1162
-1130
-1030
-900
-755
-587
-394
-200
-10
136
285
452
564
661
780
885
947
1017
1047
1068
1081
1059
1103
1192
1337
1542
1748
2029
2229
2239
2066
1676
1184
531
-185
-823
-1397
-1779
-2006
-2103
-1958
-1762
-1457
-1122
-814
-428
-120
284
682
1077
1477
1752
1981
2012
1948
1745
1393
950
439
6
-396
-773
-1004
-1190
-1300
-1428
-1535
-1532
-1472
-1320
-1055
-684
-197
292
795
1265
1605
1832
1874
1782
1548
1252
906
575
248
-79
-390
-745
-1132
-1538
-1784
-1983
-2103
-2018
-1850
-1523
-1156
-759
-288
103
490
786
974
1168
1230
1256
1179
1054
840
524
196
-194
-529
-839
-1077
-1211
-1264
-1181
-1077
-882
-669
-498
-339
-271
-224
-172
-113
-10
119
320
596
894
1194
1508
1773
1974
2096
2144
2145
2127
2099
2064
2006
1928
1771
1445
1016
520
14
-536
-958
-1346
-1609
-1697
-1746
-1614
-1524
-1321
-1065
-829
-456
-96
349
853
1301
1729
1997
2134
2110
1921
1625
1238
845
415
87
-211
-496
-698
-938
-1125
-1309
-1492
-1539
-1529
-1361
-1077
-730
-275
134
550
875
1091
1267
1358
1412
1383
1326
1222
1016
720
342
-74
-545
-1010
-1398
-1676
-1854
-1903
-1831
-1643
-1339
-1022
-739
-448
-212
12
209
411
665
831
997
1100
1123
1079
931
713
445
185
-40
-257
-458
-587
-676
-801
-855
-921
-999
-1053
-1085
-1032
-896
-725
-464
-214
68
380
616
865
1074
1271
1414
1557
1693
1817
1871
1866
1862
1869
1910
1966
2015
2063
1965
1673
1272
831
417
-67
-468
-821
-1115
-1267
-1426
-1417
-1406
-1438
-1365
-1328
-1094
-810
-493
-44
390
863
1287
1636
1884
1974
1950
1826
1643
1381
1137
878
517
183
-215
-569
-893
-1236
-1458
-1575
-1658
-1593
-1426
-1201
-976
-747
-480
-191
115
418
741
1042
1314
1511
1638
1660
1536
1297
963
610
283
-122
-567
-938
-1287
-1549
-1744
-1881
-1906
-1869
-1767
-1558
-1246
-820
-400
-27
369
732
1022
1242
1341
1367
1335
1240
1081
846
613
345
28
-298
-583
-866
-1098
-1308
-1457
-1490
-1466
-1350
-1179
-939
-626
-311
20
367
690
966
1219
1458
1683
1857
1963
2049
2092
2116
2114
2145
2239
2274
2300
2267
2145
1888
1369
838
391
-96
-507
-940
-1306
-1531
-1751
-1815
-1784
-1771
-1681
-1542
-1310
-903
-498
-73
379
746
1073
1393
1613
1753
1783
1731
1676
1525
1353
1190
908
567
212
-121
-411
-713
-964
-1186
-1359
-1490
-1548
-1528
-1460
-1376
-1237
-1000
-690
-366
17
355
646
953
1150
1313
1392
1417
1325
1089
885
703
586
416
110
-165
-452
-654
-833
-996
-1162
-1317
-1410
-1415
-1285
-1157
-1018
-888
-768
-552
-326
-87
100
212
322
450
585
703
779
799
774
750
723
696
608
408
174
-84
-282
-488
-659
-807
-884
-873
-761
-552
-274
25
327
640
939
1259
1549
1855
2109
2394
2669
2906
3139
3217
3104
2724
2234
1755
1227
686
93
-528
-1072
-1634
-2090
-2369
-2577
-2727
-2835
-2767
-2461
-2107
-1685
-1233
-772
-299
224
743
1238
1685
2005
2272
2458
2579
2660
2539
2283
1910
1491
1061
557
108
-369
-823
-1248
-1605
-1841
-2002
-2136
-2203
-2185
-2038
-1840
-1541
-1184
-832
-478
-105
288
670
1023
1305
1415
1493
1574
1594
1554
1327
1062
799
501
190
-91
-416
-722
-1043
-1302
-1438
-1541
-1596
-1645
-1637
-1520
-1285
-1005
-718
-475
-230
37
293
571
818
961
1035
1060
1064
1075
963
824
609
378
155
-86
-299
-512
-711
-869
-940
-947
-895
-849
-734
-547
-303
1
329
651
1008
1336
1701
2050
2350
2572
2715
2832
2804
2618
2328
2025
1767
1352
919
470
-71
-572
-1090
-1464
-1698
-1970
-2166
-2282
-2264
-2118
-1967
-1725
-1469
-1166
-816
-408
11
417
789
1096
1369
1615
1804
1902
1833
1683
1567
1368
1170
912
675
404
88
-179
-398
-566
-765
-922
-1044
-1101
-1094
-1101
-1084
-1078
-1043
-1004
-979
-878
-760
-666
-661
-617
-502
-349
-238
-155
-61
21
110
222
319
379
425
439
469
503
521
483
386
263
187
132
74
-6
-100
-200
-309
-417
-473
-505
-568
-647
-715
-729
-706
-681
-663
-621
-546
-442
-324
-202
-44
83
211
367
524
642
736
834
894
931
986
1011
1015
1020
1024
1063
1064
1094
1164
1239
1360
1366
1240
1070
952
953
909
760
569
361
172
-8
-91
-159
-300
-509
-719
-810
-822
-863
-929
-971
-968
-938
-883
-802
-775
-740
-678
-538
-284
3
253
433
621
842
1050
1230
1365
1412
1392
1299
1180
1055
878
642
346
51
-199
-449
-730
-987
-1222
-1416
-1510
-1539
-1576
-1599
-1623
-1571
-1382
-1202
-997
-825
-634
-410
-170
121
352
511
590
648
678
695
701
633
565
473
394
322
227
152
59
-23
-54
-68
-133
-228
-351
-459
-564
-644
-698
-791
-879
-936
-978
-924
-850
-736
-584
-447
-258
-47
159
401
613
807
997
1163
1290
1392
1444
1475
1533
1559
1592
1643
1621
1605
1592
1523
1346
1093
983
974
899
703
456
218
21
-159
-284
-364
-504
-790
-1052
-1216
-1266
-1330
-1431
-1465
-1468
-1380
-1242
-1094
-937
-725
-491
-237
65
373
622
758
863
1048
1252
1433
1507
1535
1481
1344
1199
1035
834
579
278
-12
-281
-550
-760
-991
-1209
-1352
-1423
-1462
-1504
-1536
-1553
-1549
-1483
-1351
-1169
-968
-850
-714
-523
-300
-92
78
228
369
511
610
696
758
776
770
734
673
607
469
305
129
-34
-153
-296
-427
-550
-678
-787
-850
-852
-841
-830
-813
-765
-661
-509
-349
-186
0
171
353
526
692
802
891
983
1061
1134
1166
1211
1271
1354
1459
1628
1787
1932
1914
1723
1579
1543
1582
1496
1219
901
589
266
30
-152
-354
-626
-995
-1330
-1522
-1656
-1790
-1870
-1910
-1856
-1715
-1559
-1379
-1173
-948
-655
-312
38
402
633
756
863
1043
1242
1358
1399
1388
1307
1164
1069
960
871
725
526
340
154
-19
-221
-465
-712
-878
-1023
-1187
-1340
-1468
-1557
-1639
-1672
-1630
-1546
-1453
-1371
-1301
-1145
-917
-676
-448
-228
-40
140
283
445
614
768
855
920
972
966
971
879
753
617
483
343
181
9
-183
-367
-502
-605
-699
-786
-875
-947
-987
-952
-874
-803
-681
-520
-322
-107
130
373
605
819
1029
1222
1420
1597
1736
1828
1946
2089
2262
2386
2208
1961
1790
1738
1692
1475
1102
690
251
-126
-421
-560
-708
-992
-1295
-1502
-1527
-1497
-1474
-1475
-1455
-1391
-1303
-1209
-1057
-932
-816
-677
-492
-208
17
127
162
234
350
514
685
790
860
852
861
907
951
1042
1035
940
830
694
581
411
214
34
-159
-358
-579
-819
-1079
-1256
-1406
-1509
-1565
-1597
-1623
-1654
-1612
-1471
-1278
-1082
-889
-707
-515
-321
-98
108
314
503
629
728
813
868
889
874
821
763
686
597
484
330
193
55
-115
-255
-391
-537
-689
-830
-913
-944
-942
-892
-807
-679
-530
-369
-163
42
250
490
707
942
1167
1380
1596
1857
2148
2421
2491
2344
2153
2008
1997
1937
1708
1397
1002
596
272
42
-99
-288
-631
-1030
-1317
-1493
-1594
-1661
-1709
-1722
-1701
-1672
-1567
-1460
-1306
-1182
-1010
-774
-533
-283
-158
-9
121
323
526
693
837
880
850
762
716
705
717
696
609
480
360
255
171
96
26
-74
-217
-343
-505
-622
-733
-823
-879
-932
-985
-1062
-1151
-1240
-1267
-1264
-1239
-1212
-1152
-1082
-1004
-894
-709
-499
-289
-95
79
265
444
612
768
897
998
1030
1045
992
896
776
612
426
253
48
-173
-396
-583
-745
-873
-935
-996
-1021
-1008
-969
-884
-738
-576
-367
-157
76
322
556
821
1047
1270
1523
1744
1953
2086
2014
1890
1800
1797
1837
1756
1573
1239
870
635
489
394
223
-87
-424
-710
-912
-1017
-1064
-1136
-1297
-1493
-1617
-1643
-1642
-1585
-1516
-1456
-1338
-1167
-964
-742
-544
-354
-184
43
314
534
710
784
861
973
1098
1233
1323
1325
1247
1083
903
771
621
468
284
19
-273
-550
-794
-980
-1134
-1285
-1431
-1588
-1704
-1757
-1746
-1667
-1570
-1446
-1311
-1149
-965
-752
-537
-325
-106
83
297
426
538
629
664
699
717
720
685
628
495
349
191
60
-45
-158
-283
-424
-527
-590
-602
-587
-560
-528
-489
-416
-332
-217
-82
25
136
286
403
509
583
650
787
956
1130
1286
1452
1529
1514
1482
1526
1668
1719
1606
1448
1219
1001
843
711
646
490
206
-108
-395
-596
-726
-846
-972
-1101
-1288
-1416
-1485
-1473
-1396
-1330
-1256
-1179
-1091
-947
-815
-675
-480
-308
-150
12
179
339
443
534
634
727
841
921
939
866
768
661
581
501
385
247
25
-213
-463
-656
-777
-891
-1049
-1206
-1338
-1482
-1541
-1544
-1493
-1423
-1396
-1363
-1290
-1154
-964
-754
-530
-301
-88
79
253
432
529
606
657
663
664
627
547
452
323
200
79
-13
-107
-216
-320
-404
-460
-503
-501
-479
-463
-456
-427
-355
-272
-142
-11
105
226
335
477
617
745
900
1041
1196
1347
1465
1530
1487
1432
1421
1449
1469
1395
1281
1117
938
778
661
547
381
114
-174
-442
-627
-759
-859
-929
-1030
-1172
-1292
-1368
-1400
-1358
-1321
-1265
-1194
-1084
-949
-789
-583
-389
-215
-57
98
219
329
434
488
556
587
602
592
542
466
344
232
101
-28
-125
-213
-360
-520
-646
-749
-806
-860
-901
-939
-1006
-1028
-1046
-1000
-923
-894
-897
-898
-867
-841
-774
-684
-599
-483
-395
-288
-145
-24
83
185
290
386
451
502
537
555
542
535
531
478
434
360
256
166
69
-29
-117
-235
-334
-399
-456
-503
-499
-456
-402
-318
-183
-43
107
268
464
742
991
1258
1480
1652
1748
1782
1815
1868
1858
1755
1591
1346
1073
808
571
341
95
-197
-519
-812
-1033
-1163
-1244
-1337
-1383
-1433
-1448
-1417
-1324
-1182
-1022
-862
-692
-520
-344
-196
-52
78
172
249
315
360
403
427
405
380
330
262
172
63
-35
-138
-229
-285
-334
-366
-401
-449
-476
-492
-517
-503
-518
-538
-560
-596
-652
-696
-714
-729
-739
-780
-778
-757
-727
-657
-578
-474
-374
-300
-191
-70
77
193
310
409
480
551
595
615
601
571
523
457
371
293
206
104
-5
-110
-212
-306
-358
-396
-408
-390
-358
-284
-193
-61
55
177
318
439
586
744
899
1055
1203
1307
1356
1341
1308
1276
1241
1188
1060
899
720
539
366
230
134
-10
-167
-326
-472
-556
-633
-685
-729
-805
-879
-921
-948
-946
-900
-864
-792
-706
-595
-480
-363
-240
-163
-75
18
108
208
299
327
364
384
378
377
363
332
249
164
47
-36
-166
-286
-395
-530
-648
-749
-843
-921
-940
-983
-1006
-990
-966
-932
-865
-822
-755
-695
-606
-508
-400
-271
-182
-85
-8
73
178
261
343
386
397
395
387
370
338
300
245
202
125
53
-3
-68
-112
-163
-196
-197
-197
-186
-164
-115
-39
39
125
218
311
395
497
577
672
767
841
937
1022
1079
1082
1066
1034
1018
979
925
825
716
606
467
335
233
143
-8
-153
-301
-422
-534
-604
-669
-724
-740
-800
-831
-812
-752
-690
-629
-552
-479
-372
-271
-191
-78
18
80
152
219
279
307
302
289
260
207
137
29
-42
-128
-258
-338
-419
-483
-545
-616
-660
-708
-744
-773
-775
-788
-776
-764
-763
-754
-706
-635
-570
-526
-469
-431
-378
-317
-240
-168
-108
-53
-28
24
83
115
166
196
200
212
207
213
215
209
186
148
112
66
16
-24
-49
-62
-68
-40
1
59
126
157
218
282
346
422
496
557
636
734
834
953
1059
1135
1165
1160
1120
1108
1076
1013
915
789
639
489
326
183
61
-95
-256
-394
-514
-608
-704
-776
-813
-874
-887
-894
-829
-763
-701
-598
-486
-369
-236
-85
14
133
235
300
354
410
432
431
382
316
214
96
-10
-125
-232
-358
-481
-589
-685
-760
-831
-885
-929
-961
-978
-964
-946
-894
-847
-760
-671
-571
-468
-382
-299
-247
-182
-111
-64
-22
15
19
42
58
80
89
89
90
52
27
38
26
16
18
15
26
47
84
116
171
225
260
296
360
414
451
499
541
577
604
648
674
703
687
702
754
784
844
889
896
892
882
891
876
822
794
739
679
583
499
405
333
192
41
-109
-260
-396
-539
-654
-757
-858
-945
-1003
-1009
-1002
-960
-890
-797
-673
-522
-369
-210
-26
119
249
326
394
453
494
475
417
358
288
182
64
-66
-208
-332
-465
-564
-627
-699
-742
-779
-797
-797
-776
-727
-692
-653
-624
-574
-555
-485
-444
-413
-382
-364
-336
-318
-289
-240
-175
-126
-57
-3
85
152
213
247
286
308
332
364
355
376
341
350
318
285
272
233
193
150
115
82
94
127
177
223
291
371
463
566
683
797
920
1033
1133
1208
1225
1233
1234
1217
1155
1064
924
788
630
476
320
157
9
-184
-332
-464
-566
-677
-777
-839
-888
-917
-934
-909
-854
-785
-707
-604
-490
-373
-250
-147
-37
79
158
218
253
267
255
171
107
29
-94
-200
-324
-446
-549
-625
-689
-729
-741
-737
-717
-657
-592
-520
-423
-333
-236
-166
-107
-57
-40
-51
-45
-76
-128
-173
-259
-328
-410
-459
-508
-543
-565
-581
-542
-504
-417
-323
-222
-88
39
177
307
417
522
599
698
755
780
799
781
749
694
607
546
503
445
400
349
312
321
378
425
526
587
669
767
836
893
938
980
974
987
932
865
806
687
577
460
335
213
87
-71
-174
-268
-388
-461
-548
-625
-680
-707
-728
-714
-708
-681
-624
-583
-516
-461
-389
-335
-250
-201
-153
-126
-124
-108
-116
-117
-129
-169
-210
-239
-292
-347
-414
-452
-489
-513
-537
-538
-510
-493
-458
-411
-342
-287
-237
-189
-165
-139
-151
-125
-96
-92
-75
-73
-61
-63
-58
-67
-51
-73
-103
-103
-105
-85
-52
-29
11
45
63
105
157
183
232
255
283
344
366
420
455
472
505
562
611
667
719
758
821
868
925
972
1006
1025
1010
1010
1007
939
859
752
639
521
395
266
130
38
-76
-175
-242
-308
-337
-379
-389
-378
-371
-349
-333
-291
-249
-223
-191
-149
-116
-99
-73
-54
-65
-68
-76
-110
-155
-219
-289
-389
-466
-540
-580
-644
-707
-733
-744
-762
-779
-766
-753
-720
-701
-652
-587
-513
-455
-371
-287
-195
-119
-53
9
52
111
133
138
146
143
133
104
66
52
32
8
-17
-47
-35
-19
-14
-3
27
74
93
136
195
234
273
308
363
397
453
498
538
562
578
627
648
663
701
715
733
750
783
799
802
828
807
778
748
679
599
525
471
381
287
177
97
21
-69
-119
-198
-277
-324
-395
-424
-454
-451
-462
-464
-425
-402
-369
-317
-278
-251
-213
-197
-163
-151
-146
-128
-148
-184
-209
-225
-262
-282
-324
-367
-396
-426
-472
-519
-545
-597
-664
-712
-727
-740
-753
-738
-734
-707
-677
-633
-585
-535
-468
-404
-339
-262
-182
-116
-41
30
107
166
222
241
275
297
318
348
331
327
331
330
322
336
339
355
367
353
380
415
436
461
464
493
512
545
567
595
626
649
697
704
738
772
805
821
814
827
802
757
716
632
559
472
369
268
139
53
-72
-150
-224
-303
-373
-432
-490
-550
-582
-624
-616
-608
-567
-507
-444
-376
-327
-287
-228
-173
-137
-140
-141
-143
-157
-193
-240
-272
-309
-353
-432
-467
-526
-573
-595
-646
-678
-715
-727
-744
-748
-712
-682
-628
-570
-508
-405
-324
-247
-165
-112
-45
14
54
85
98
114
102
99
80
66
41
14
13
4
-2
7
26
38
65
96
122
175
240
310
376
457
546
623
714
808
874
935
995
1011
1030
1048
1063
1040
1015
988
895
832
741
617
490
388
268
152
50
-61
-142
-214
-247
-274
-290
-290
-291
-286
-287
-278
-284
-298
-322
-327
-354
-384
-402
-417
-454
-476
-498
-508
-538
-547
-541
-557
-521
-535
-524
-497
-481
-461
-438
-410
-405
-399
-386
-388
-399
-413
-431
-461
-462
-495
-496
-488
-499
-502
-489
-464
-423
-379
-329
-271
-228
-160
-122
-66
4
67
125
171
228
281
337
385
435
443
463
473
470
482
473
461
443
434
401
392
388
363
394
392
405
421
425
453
465
474
495
512
553
584
615
669
688
714
715
688
653
598
536
470
376
289
234
145
66
-9
-81
-138
-188
-233
-289
-345
-376
-423
-465
-496
-543
-588
-637
-685
-719
-737
-737
-736
-721
-692
-670
-647
-621
-592
-552
-537
-527
-510
-508
-518
-503
-492
-482
-464
-462
-468
-430
-401
-374
-366
-348
-316
-319
-300
-291
-271
-256
-231
-232
-221
-182
-158
-121
-69
-13
34
103
164
206
265
321
390
424
457
485
513
528
550
585
618
631
650
681
700
719
712
717
712
714
689
678
680
669
657
652
625
603
586
538
490
429
370
295
220
140
56
-17
-57
-130
-191
-245
-310
-345
-369
-399
-392
-404
-380
-370
-381
-377
-403
-429
-438
-453
-466
-459
-474
-495
-496
-473
-463
-447
-442
-465
-483
-494
-526
-574
-628
-664
-684
-708
-718
-708
-693
-663
-614
-557
-486
-429
-358
-296
-236
-175
-131
-76
-33
8
68
103
123
147
167
195
207
236
256
259
266
286
302
334
344
347
357
369
375
387
417
435
468
496
521
538
571
596
641
678
702
722
711
711
725
714
710
697
665
637
591
541
489
433
363
288
215
164
88
-5
-69
-124
-191
-261
-320
-378
-417
-445
-486
-507
-524
-563
-585
-609
-631
-673
-684
-717
-703
-693
-706
-704
-711
-682
-658
-640
-589
-566
-530
-490
-473
-432
-400
-335
-313
-288
-271
-277
-256
-256
-240
-232
-226
-181
-153
-123
-94
-66
-20
27
57
82
127
145
155
196
235
289
324
359
404
465
491
513
549
567
566
576
582
572
562
570
584
558
544
536
510
483
472
472
476
455
450
457
454
427
412
400
391
343
321
270
212
172
107
73
36
-14
-57
-96
-150
-189
-211
-255
-286
-300
-340
-366
-368
-378
-393
-414
-414
-414
-424
-403
-415
-428
-430
-436
-442
-458
-469
-484
-496
-502
-524
-542
-542
-534
-529
-529
-510
-487
-474
-439
-420
-380
-332
-294
-276
-220
-176
-143
-59
-24
12
29
57
74
103
132
145
149
145
164
165
201
218
256
279
313
382
424
468
518
561
611
649
660
678
703
697
679
659
626
590
551
474
395
351
281
216
146
83
27
-22
-77
-112
-140
-149
-162
-148
-144
-162
-134
-128
-109
-95
-72
-72
-88
-78
-78
-53
-67
-92
-97
-120
-165
-189
-248
-292
-310
-360
-376
-401
-421
-447
-460
-473
-486
-474
-458
-452
-432
-414
-389
-351
-318
-286
-255
-257
-212
-184
-173
-168
-145
-131
-139
-137
-155
-140
-127
-142
-126
-98
-85
-78
-63
-46
-24
-4
32
74
134
165
199
231
264
300
334
351
333
361
364
367
377
355
345
345
329
317
302
283
290
299
312
321
330
348
340
357
374
376
374
372
373
349
313
286
237
226
172
112
68
-10
-40
-98
-162
-201
-249
-310
-349
-398
-445
-464
-489
-494
-486
-469
-465
-441
-424
-386
-364
-317
-270
-259
-219
-196
-150
-131
-114
-91
-77
-59
-40
-52
-67
-63
-74
-94
-113
-141
-161
-169
-187
-198
-185
-181
-172
-167
-152
-126
-106
-93
-73
-37
-12
36
61
111
166
230
271
285
331
346
364
365
365
357
332
333
313
288
281
263
241
225
217
222
192
178
161
142
147
110
93
72
55
58
39
26
17
-5
16
21
10
19
17
14
21
42
52
53
61
56
63
76
85
73
71
59
39
17
-7
-16
-48
-92
-141
-183
-218
-263
-306
-336
-367
-395
-429
-442
-453
-459
-460
-453
-436
-435
-411
-394
-366
-322
-296
-264
-204
-171
-127
-78
-33
20
42
84
101
145
158
180
197
195
218
207
210
207
191
182
166
144
146
128
121
98
97
81
73
79
75
82
95
119
139
143
168
189
197
210
233
264
265
273
282
287
292
288
254
246
214
192
164
123
101
54
32
24
-24
-70
-88
-152
-167
-172
-201
-225
-245
-242
-245
-258
-249
-235
-228
-208
-184
-174
-165
-126
-103
-81
-61
-60
-38
-41
-30
-20
-21
-24
-28
-12
-30
-26
-60
-74
-76
-80
-102
-114
-127
-160
-168
-181
-188
-200
-204
-203
-191
-207
-193
-183
-175
-157
-143
-125
-115
-80
-56
-19
17
41
102
132
154
197
220
229
246
264
262
272
276
268
265
269
272
262
261
253
234
227
205
182
151
135
119
101
65
52
35
15
14
-2
2
-6
-20
-27
-24
-18
7
8
21
35
48
80
95
95
111
102
78
64
62
36
3
-25
-61
-104
-141
-180
-235
-251
-305
-334
-340
-347
-372
-375
-390
-359
-333
-336
-304
-292
-245
-238
-189
-166
-125
-107
-82
-43
-15
-4
11
32
38
68
78
67
58
46
29
8
-5
2
-13
-22
-42
-59
-60
-70
-83
-75
-74
-68
-68
-52
-42
-21
-1
28
67
82
85
101
116
136
155
150
146
169
170
166
157
155
147
135
130
108
111
98
93
83
89
75
69
73
58
51
33
27
14
-10
-16
-43
-76
-77
-90
-106
-119
-121
-120
-121
-116
-104
-79
-71
-52
-53
-18
-3
1
4
4
1
-3
-26
-35
-27
-76
-92
-87
-111
-128
-161
-174
-208
-231
-237
-247
-253
-278
-278
-281
-274
-257
-243
-222
-204
-167
-129
-105
-70
-58
-31
14
42
53
76
96
103
121
117
127
136
140
143
135
123
112
112
99
89
80
67
75
75
80
64
71
77
71
69
47
30
24
11
14
5
-15
-3
-29
-25
-22
-24
-22
-23
-16
-6
-3
-3
12
1
8
2
1
9
18
14
5
-7
3
-10
-19
-49
-79
-60
-72
-89
-86
-79
-53
-77
-60
-43
-53
-42
-34
-25
-32
-21
-26
-41
-29
-32
-38
-45
-53
-64
-64
-66
-72
-82
-103
-98
-105
-103
-92
-118
-112
-83
-98
-93
-93
-100
-90
-87
-83
-89
-92
-71
-63
-61
-37
-36
-6
13
38
48
48
64
73
100
104
114
106
109
99
106
103
89
98
90
73
75
71
59
47
70
59
54
64
53
66
52
48
56
56
64
49
45
17
8
14
-6
-24
-45
-57
-67
-69
-72
-76
-74
-65
-44
-56
-46
-48
-41
-35
-42
-31
-43
-52
-48
-52
-50
-58
-71
-82
-85
-100
-114
-97
-78
-88
-83
-63
-56
-48
-44
-36
-20
-6
-2
7
13
10
12
13
1
-1
-14
-17
-31
-41
-63
-72
-70
-71
-58
-67
-67
-60
-56
-68
-45
-46
-43
-29
-14
-7
-2
23
32
61
70
79
80
71
82
80
86
97
94
63
72
64
45
26
10
21
-9
1
-16
-21
-30
-20
-12
-5
7
16
38
26
45
57
63
80
79
84
80
68
51
31
28
-9
-30
-45
-77
-88
-105
-107
-123
-122
-130
-114
-105
-99
-76
-66
-34
-31
-22
-12
5
13
15
27
24
4
-5
-33
-53
-65
-106
-97
-106
-116
-116
-135
-131
-117
-100
-91
-75
-78
-40
1
7
35
42
67
81
67
86
90
79
77
58
57
46
42
22
18
5
0
5
14
3
-6
11
-4
5
10
29
38
36
27
23
32
23
20
13
-1
-2
-25
-19
-50
-46
-42
-48
-58
-45
-44
-51
-37
-52
-31
-11
-16
-3
-10
-17
16
13
32
32
24
33
16
-1
-4
-1
-20
-17
-23
-52
-55
-89
-85
-100
-127
-106
-137
-126
-129
-127
-117
-117
-102
-107
-82
-61
-60
-41
-25
-25
12
16
32
29
36
15
18
28
5
1
-25
-40
-63
-62
-87
-75
-77
-100
-82
-101
-104
-81
-81
-78
-68
-64
-37
-23
-28
-7
15
13
33
40
52
71
74
84
99
113
104
116
129
98
121
108
105
89
70
62
48
22
-6
-14
-27
-60
-83
-93
-138
-156
-159
-157
-169
-165
-161
-158
-151
-121
-88
-78
-61
-55
-36
-19
-20
0
14
6
14
-2
1
12
-1
-6
-25
-11
-23
-26
-37
-51
-68
-82
-68
-86
-94
-116
-128
-119
-119
-121
-131
-131
-125
-111
-114
-116
-112
-91
-77
-57
-45
-16
19
28
57
77
89
105
121
122
131
111
101
94
93
77
54
38
13
-18
-50
-59
-54
-76
-92
-103
-102
-97
-105
-72
-72
-68
-39
-39
-12
7
13
32
59
60
85
90
92
118
144
147
140
152
144
155
148
129
94
69
38
8
-23
-45
-86
-113
-137
-178
-192
-218
-231
-252
-259
-254
-257
-240
-220
-184
-164
-132
-104
-68
-35
-20
-14
14
35
37
54
54
47
39
37
26
15
6
-3
-10
-31
-48
-54
-54
-71
-61
-53
-55
-58
-69
-52
-39
-34
-34
-29
-8
5
10
16
29
56
50
62
75
71
76
66
79
85
81
70
76
60
64
65
54
46
25
12
9
22
-9
4
-21
-3
4
-3
-1
-9
-8
-16
6
-15
-34
-27
-25
-37
-54
-62
-59
-78
-86
-77
-82
-86
-67
-57
-76
-59
-44
-49
-24
-15
5
6
17
25
34
33
35
40
22
11
-9
-29
-34
-65
-89
-101
-130
-129
-159
-149
-162
-175
-158
-160
-149
-143
-111
-109
-85
-70
-71
-43
-31
-5
-5
5
25
37
42
48
55
67
63
47
41
40
17
4
-5
-19
-26
-26
-37
-41
-60
-71
-63
-67
-65
-63
-52
-39
-26
-15
4
2
7
33
34
29
51
37
41
54
38
57
54
43
36
42
48
26
15
24
5
-6
-5
-8
-22
-31
-29
-42
-24
-44
-44
-50
-62
-58
-75
-62
-78
-75
-74
-91
-82
-76
-85
-78
-49
-50
-42
-58
-32
-25
-27
-11
-5
1
26
28
26
51
52
50
46
51
51
52
39
42
25
21
25
5
-9
-20
-32
-34
-47
-65
-83
-89
-66
-78
-84
-67
-43
-49
-35
-10
18
24
43
56
56
75
73
82
74
83
80
77
62
62
49
52
38
24
12
1
-8
1
-9
-31
-50
-53
-49
-42
-28
-28
-15
-14
-16
3
4
22
54
51
63
71
74
80
75
65
69
59
54
46
47
27
34
24
-14
-22
-27
-28
-50
-76
-78
-89
-92
-88
-84
-82
-102
-93
-76
-69
-49
-55
-42
-31
-16
-16
-2
18
8
10
16
-3
-5
6
5
-1
0
-6
-2
-4
-21
-7
-10
-17
-4
-15
-5
-8
8
7
1
19
-1
16
10
21
12
24
27
18
19
6
20
4
4
13
-4
-10
-20
-8
-20
-43
-36
-29
-40
-41
-31
-25
-31
-43
-32
-33
-30
-27
-24
-14
-21
-24
-10
-19
-30
-37
-34
-41
-34
-32
-52
-53
-63
-68
-71
-59
-77
-95
-67
-77
-73
-72
-67
-70
-75
-66
-51
-42
-59
-49
-56
-40
-39
-36
-28
-31
-27
-33
-30
-34
-44
-34
-35
-56
-46
-60
-52
-42
-73
-83
-72
-84
-88
-101
-98
-93
-102
-92
-88
-80
-98
-83
-77
-67
-68
-73
-57
-40
-43
-71
-55
-67
-66
-72
-63
-63
-68
-70
-79
-68
-64
-70
-49
-14
-14
-2
14
22
19
39
36
49
59
54
55
29
37
33
-1
-5
-23
-41
-44
-73
-83
-92
-111
-114
-114
-104
-119
-109
-87
-90
-87
-65
-50
-35
-33
-21
-27
-30
-26
-30
-19
-31
-32
-38
-39
-51
-48
-62
-64
-79
-90
-94
-117
-105
-113
-103
-113
-125
-111
-89
-76
-56
-49
-44
-33
-8
-1
18
28
40
42
29
38
29
45
34
25
7
-18
-19
-26
-43
-51
-49
-60
-69
-46
-41
-39
-26
-17
-3
31
12
11
28
32
43
39
46
36
27
45
38
27
19
6
8
-4
-9
-15
-7
-14
-9
2
10
5
14
31
46
61
62
85
85
84
97
83
69
70
66
55
40
15
14
-14
-34
-59
-66
-52
-64
-67
-70
-64
-95
-75
-79
-87
-79
-73
-72
-77
-65
-63
-36
-47
-43
-42
-37
-39
-42
-41
-39
-54
-45
-37
-49
-41
-50
-34
-26
-38
-49
-42
-39
-29
-33
-24
-32
-18
-25
-32
-16
-18
-21
-22
6
7
14
29
17
29
44
55
67
69
81
77
93
95
99
98
84
83
77
68
55
43
30
17
1
-14
-24
-49
-45
-47
-44
-60
-78
-70
-46
-46
-59
-60
-47
-38
-34
-27
-11
-15
-6
-3
-20
4
-4
-8
2
-14
-7
-19
-32
-38
-44
-52
-74
-69
-62
-64
-56
-38
-38
-40
-44
-41
-48
-39
-42
-37
-57
-62
-67
-70
-84
-96
-91
-97
-107
-113
-108
-126
-120
-105
-81
-73
-57
-56
-33
-28
-16
11
12
12
31
38
35
49
39
46
51
35
43
32
20
24
17
-11
-9
-22
-35
-35
-43
-42
-44
-34
-40
-35
-23
4
0
17
51
59
79
78
89
79
96
90
84
89
67
71
58
42
40
31
11
-10
-30
-28
-54
-72
-74
-83
-98
-99
-98
-90
-104
-102
-77
-84
-80
-75
-70
-76
-74
-82
-74
-51
-61
-46
-43
-56
-41
-34
-40
-45
-44
-43
-35
-25
-32
-35
-47
-31
-18
-38
-35
-41
-48
-41
-50
-66
-49
-69
-71
-73
-80
-75
-67
-65
-66
-54
-49
-36
-39
-18
-14
-8
-1
13
13
26
27
25
36
20
32
47
48
59
56
50
53
47
57
53
60
52
56
60
56
54
35
32
19
13
4
-16
-25
-50
-60
-52
-46
-60
-62
-35
-36
-52
-49
-28
-31
-37
-23
-16
-24
-13
-2
-18
-13
-11
-33
-43
-57
-71
-87
-101
-104
-130
-145
-168
-191
-195
-206
-190
-200
-206
-194
-189
-168
-152
-149
-132
-114
-101
-78
-65
-35
-18
-4
16
19
26
46
35
42
56
36
21
18
25
-4
-13
-7
-25
-44
-48
-54
-53
-65
-73
-63
-59
-51
-48
-43
-36
-15
11
11
14
14
27
26
56
43
28
37
35
16
24
30
14
-3
-7
0
-8
1
-21
-24
-20
-18
-21
-47
-56
-56
-45
-53
-55
-63
-56
-61
-77
-99
-92
-99
-114
-107
-126
-113
-112
-121
-130
-130
-125
-127
-115
-130
-123
-121
-109
-109
-125
-97
-100
-97
-87
-96
-86
-91
-75
-82
-99
-103
-94
-87
-106
-84
-95
-101
-96
-104
-84
-105
-96
-80
-81
-70
-78
-51
-35
-18
-14
-7
5
36
40
51
68
63
82
60
66
75
87
81
77
67
58
62
64
51
23
26
0
6
4
-10
1
-9
-18
-14
3
-20
-16
-13
-28
-26
-25
-32
-35
-35
-38
-28
-27
-24
-40
-34
-32
-39
-43
-40
-42
-37
-44
-55
-51
-60
-68
-80
-75
-68
-92
-94
-104
-104
-111
-119
-105
-96
-96
-110
-94
-101
-80
-83
-95
-82
-75
-77
-85
-55
-30
-32
-22
-7
-24
-20
-14
-6
-11
-16
-8
1
-16
-4
5
2
3
11
14
12
11
8
24
15
10
12
27
21
31
34
22
29
52
52
32
34
32
31
38
17
18
28
26
20
32
33
45
22
25
22
7
11
20
17
11
17
-3
0
-4
2
-5
-16
-24
-30
-37
-50
-50
-54
-63
-63
-80
-84
-90
-86
-91
-101
-98
-118
-102
-104
-96
-91
-78
-75
-72
-60
-47
-48
-40
-42
-48
-30
-37
-32
-37
-35
-28
-25
-25
-25
-14
-18
-11
0
-5
-5
-1
8
11
14
15
7
27
31
22
31
27
30
45
47
44
52
48
45
67
73
68
56
64
54
66
66
53
54
51
40
48
52
37
52
30
30
33
8
9
-9
-20
-13
-31
-37
-38
-55
-49
-37
-45
-46
-40
-46
-57
-43
-55
-61
-46
-56
-57
-56
-53
-52
-55
-69
-67
-59
-48
-56
-67
-76
-74
-80
-87
-100
-109
-106
-107
-101
-104
-102
-99
-86
-97
-99
-93
-82
-78
-65
-40
-48
-40
-38
-27
-17
-29
-9
-12
11
6
20
8
11
20
20
40
24
30
37
41
28
68
60
59
52
46
60
53
51
39
43
36
29
20
18
34
32
25
31
28
27
29
33
20
25
36
24
32
27
40
24
18
18
1
0
-15
-18
-26
-36
-36
-29
-39
-46
-49
-55
-60
-64
-70
-61
-60
-81
-79
-91
-90
-84
-77
-72
-71
-83
-78
-73
-71
-67
-60
-49
-59
-50
-25
-39
-39
-25
-28
-16
-28
-33
-39
-35
-20
-23
-26
-15
-12
-19
-22
-8
-8
16
22
14
31
14
36
37
58
69
53
87
61
55
70
70
77
80
70
79
73
73
64
50
73
69
71
69
79
81
68
82
56
41
34
42
27
19
17
13
5
-11
-15
-21
-37
-28
-38
-49
-54
-44
-45
-72
-57
-54
-55
-43
-41
-46
-39
-10
-27
-32
-8
-4
-14
-24
-32
-33
-36
-39
-37
-39
-31
-43
-54
-52
-59
-64
-56
-40
-47
-50
-60
-45
-48
-52
-52
-53
-55
-52
-50
-44
-43
-37
-8
-21
-21
-4
10
1
9
22
23
27
8
12
18
33
24
30
39
29
34
28
34
29
27
32
33
33
32
25
8
18
20
20
37
32
38
38
18
25
27
13
20
21
16
13
6
10
-5
-6
-11
-19
-27
-26
-18
-39
-44
-46
-58
-49
-55
-76
-61
-73
-79
-75
-78
-81
-90
-87
-84
-86
-82
-78
-85
-79
-86
-68
-57
-67
-56
-53
-40
-47
-34
-24
-8
-10
-19
-3
7
19
26
24
20
34
25
27
19
30
34
37
32
23
31
25
4
15
15
3
1
22
12
13
21
28
45
47
61
64
68
67
72
78
79
81
77
85
81
76
68
56
54
38
29
31
14
4
-21
-6
-9
-16
-39
-37
-28
-45
-43
-38
-45
-43
-38
-49
-24
-22
-13
-7
-14
-17
-27
-24
-11
-25
-22
-17
-27
-40
-49
-44
-63
-55
-52
-71
-84
-71
-85
-77
-61
-76
-67
-76
-78
-82
-70
-73
-73
-75
-73
-55
-70
-50
-54
-55
-35
-30
-26
-16
-15
1
23
27
26
39
52
38
45
64
44
37
29
29
38
27
24
14
-5
8
-6
-14
-21
-21
-29
-28
-28
-36
-34
-19
-9
-13
-5
5
2
7
11
14
21
22
25
10
1
8
9
-1
7
-13
-26
-21
-28
-30
-38
-37
-67
-63
-49
-62
-61
-63
-68
-51
-54
-57
-43
-39
-42
-37
-36
-37
-36
-36
-39
-36
-40
-35
-36
-39
-27
-42
-43
-45
-46
-32
-37
-42
-42
-40
-47
-51
-38
-51
-42
-34
-34
-46
-43
-52
-50
-42
-32
-30
-45
-34
-36
-33
-34
-26
-14
-9
-8
-10
1
9
12
11
13
-2
1
10
9
16
10
16
26
22
22
14
7
11
3
-4
-27
-3
-33
-23
-9
-13
-19
-30
-31
-50
-11
-14
-19
-17
-24
-24
-14
-5
-21
-12
-12
-23
-3
-22
-17
-24
-15
-27
-48
-36
-40
-34
-60
-46
-58
-47
-53
-55
-44
-54
-45
-52
-53
-48
-32
-43
-36
-41
-21
-25
-35
-22
-18
0
-5
-8
10
0
3
0
9
17
19
18
8
22
12
-5
-1
6
17
5
2
-5
6
-2
24
15
13
12
3
18
19
11
15
7
-4
3
-1
2
-11
-3
1
-6
-8
11
5
6
-12
-17
-20
-10
-5
-5
4
-8
13
0
-13
-15
-9
-6
15
-1
9
16
12
22
2
9
0
6
-1
-1
-7
-27
-14
-21
-31
-34
-35
-41
-41
-42
-52
-45
-50
-51
-32
-30
-24
-28
-26
-25
-32
-11
-23
-8
-8
-26
-29
-23
-10
-8
-9
-13
-23
-7
-7
-19
-4
-13
-13
-6
-20
-21
-7
-8
-2
5
6
6
12
18
14
37
28
24
34
35
40
31
45
56
73
62
61
55
57
43
43
35
30
21
20
31
7
31
22
29
14
6
18
-3
7
14
20
24
39
23
22
26
9
25
31
50
45
44
52
58
50
43
33
56
39
32
23
17
13
-9
11
-3
9
-14
-17
-16
-22
-2
-14
-19
-15
-16
-21
-10
-15
-17
1
18
2
17
27
21
9
19
21
28
36
32
39
17
21
16
14
25
23
23
14
25
24
21
32
11
21
21
26
25
21
33
38
51
31
36
48
46
46
49
54
65
69
73
86
90
99
106
89
102
101
91
104
91
78
96
78
65
71
67
66
58
55
43
34
37
37
19
10
19
19
23
11
16
18
27
39
39
30
42
40
37
52
31
41
52
41
47
36
44
48
40
31
39
40
21
33
13
25
17
3
8
16
10
7
5
6
-13
-7
6
4
27
-3
23
22
24
34
32
40
54
55
51
53
62
72
63
61
56
64
69
53
53
58
56
53
41
53
30
31
29
30
35
13
25
33
28
22
24
34
45
31
45
51
51
49
56
62
63
67
72
73
77
76
80
72
55
84
74
55
55
41
49
46
42
27
21
26
22
3
8
16
1
2
-9
6
1
3
6
7
17
11
25
23
11
14
11
6
9
15
12
16
13
16
7
11
12
18
4
6
8
-4
2
-2
-2
-5
5
-13
-4
5
2
16
10
-8
2
5
2
12
4
17
24
22
26
27
27
26
21
30
30
31
31
41
41
47
57
57
61
41
50
46
45
34
29
29
26
28
37
27
14
10
-4
-1
-9
-8
-5
-13
-17
-36
-22
-33
-23
-27
-35
-22
-22
-16
-24
-14
-23
-11
4
0
-8
-5
-14
-10
-8
-14
-10
-16
-21
-36
-37
-17
-40
-59
-70
-67
-67
-74
-63
-58
-66
-62
-58
-48
-41
-31
-29
-25
-20
-27
-15
-14
-6
10
4
-8
6
19
23
4
3
6
10
28
20
21
34
42
28
25
45
28
19
28
29
15
24
18
28
26
20
26
33
22
23
39
41
55
51
49
56
45
58
52
52
54
58
56
45
37
62
60
58
52
49
45
38
48
17
25
33
13
0
-19
-21
-8
-14
-11
-30
-30
-15
-26
-1
-15
-17
-7
-11
-18
-20
-6
-5
8
-8
9
6
13
16
22
26
23
28
13
37
34
38
42
22
31
28
25
13
18
29
26
13
18
17
24
19
7
22
23
16
40
37
45
50
43
46
49
65
62
62
62
56
68
83
54
57
71
69
74
62
64
53
47
35
30
35
13
32
17
4
-3
-7
2
-1
16
-5
-16
-11
-10
-30
-21
-5
-4
6
-6
-4
2
11
2
11
-3
-3
-3
-11
-1
13
4
6
8
0
4
15
2
-7
10
-2
13
7
-1
6
-3
0
-10
-1
-15
-12
-7
-10
-14
-7
-13
-9
-2
-4
-1
4
2
-2
17
12
20
27
26
19
23
19
30
29
31
41
31
26
20
23
32
20
12
16
11
0
-19
-18
-21
-19
-38
-30
-35
-35
-25
-40
-24
-29
-31
-30
-30
-28
-14
-6
-14
-19
-14
-4
-4
1
-23
-6
2
-13
-9
-1
-7
-23
-30
-38
-31
-45
-63
-63
-69
-66
-70
-73
-80
-64
-59
-72
-62
-51
-40
-42
-47
-41
-25
-37
-34
-13
-7
0
-11
-8
-10
11
14
4
22
21
17
22
18
19
23
11
11
18
20
34
26
10
6
11
26
22
16
-6
4
1
14
17
26
25
30
27
15
38
28
27
29
50
35
46
39
28
47
40
41
29
17
19
27
24
30
12
15
23
19
23
16
16
8
19
12
23
4
0
11
-1
18
15
1
-4
6
-6
-14
7
-8
1
3
-12
4
8
8
16
2
-2
7
6
17
17
11
16
21
17
21
15
19
16
3
8
9
8
2
0
2
0
5
15
10
21
7
11
19
23
34
35
47
48
51
60
60
79
87
72
73
72
69
60
66
63
52
62
48
40
52
41
32
26
12
18
22
14
10
7
14
3
6
14
3
26
13
2
15
19
12
21
21
22
14
19
26
11
15
31
17
11
16
-1
1
-21
1
4
-7
-11
-12
3
-5
-8
-11
5
9
11
8
14
11
22
7
-3
-1
15
16
9
24
32
27
34
34
20
40
30
26
24
33
42
37
37
32
35
39
31
31
30
34
16
21
23
37
53
33
35
46
50
35
28
33
37
38
38
38
25
37
35
31
49
36
53
38
40
48
52
58
57
52
53
58
62
53
43
34
41
45
5
13
28
30
19
6
13
19
2
2
-2
-11
-4
-13
-9
-9
-12
-13
-17
-9
-2
7
-4
8
4
9
23
21
25
30
30
25
44
38
13
25
28
30
26
23
28
22
15
12
14
12
-7
9
13
3
19
31
16
29
26
