2
14
11
16
7
5
15
14
5
28
28
12
13
5
-16
-12
-6
-1
0
-2
-3
-8
-14
-15
-4
-3
-10
-2
9
-6
-3
0
5
7
19
16
13
8
11
3
-1
5
-8
5
-5
1
1
-7
1
-13
-7
15
7
4
19
-3
0
-4
1
-24
-27
-23
-23
-14
-26
2
-14
-16
-5
-7
-7
1
-14
-18
-15
-13
1
-23
-3
-11
-23
-9
-10
-4
-4
2
-22
-5
-4
-17
11
-2
-12
1
0
-11
-3
0
-3
-2
2
6
-9
-9
-7
-18
15
14
-7
1
-4
-5
11
19
18
18
1
9
17
6
15
20
19
8
-2
-9
-5
4
-1
6
17
12
21
8
6
1
-2
1
-7
0
13
2
15
11
11
16
-8
11
9
0
-8
8
6
10
16
22
18
6
11
21
15
18
3
13
18
9
26
5
13
6
5
25
14
23
20
22
16
16
28
1
30
21
8
13
18
8
20
24
14
13
16
15
28
25
20
33
18
16
9
20
31
28
24
30
26
18
30
32
35
32
44
50
39
44
38
51
51
38
54
51
49
58
42
46
50
46
51
31
38
43
43
41
51
37
25
47
28
40
26
45
57
61
47
46
60
57
64
70
74
51
54
68
58
44
59
53
40
45
56
45
44
57
58
64
48
58
60
44
42
46
47
56
49
45
49
36
65
44
29
48
54
37
23
38
26
44
51
36
32
43
47
37
33
36
24
20
30
24
35
24
35
31
30
34
29
30
26
13
38
50
23
29
3
21
28
20
29
27
32
19
34
28
25
28
28
28
22
21
22
34
33
25
29
32
25
29
33
11
21
26
22
48
23
18
16
23
13
21
31
21
26
-2
-4
14
17
21
11
6
13
17
22
4
13
18
32
24
17
20
11
10
14
11
13
18
11
20
14
6
-2
7
13
0
0
22
10
-2
6
-8
3
-4
1
13
7
13
5
2
9
-3
0
-3
-8
-5
-7
-3
-1
-6
-2
-2
-5
4
2
3
-5
1
1
-12
-9
-9
-14
-19
-9
-2
-14
-11
-21
-3
-4
-11
-4
-4
-13
-17
-18
-8
-4
-7
-16
-8
-3
-9
1
12
8
14
13
8
17
16
17
26
2
15
28
26
22
35
42
23
34
31
28
26
22
22
42
38
32
18
25
20
28
26
30
28
32
28
23
26
17
9
38
31
24
37
24
24
13
28
22
16
8
3
17
17
0
5
8
8
6
12
-4
10
3
3
19
7
18
9
39
22
24
36
24
17
17
23
13
30
11
15
8
15
21
11
38
26
26
31
13
16
25
23
11
18
15
7
11
6
12
-5
-1
14
-2
8
14
0
1
18
15
9
14
12
12
19
17
22
12
15
19
13
7
5
8
18
1
21
21
10
16
20
23
16
24
24
13
12
17
16
16
27
32
32
23
16
30
26
41
29
15
14
11
14
12
-4
-3
24
9
28
17
17
35
21
25
16
10
6
10
5
2
-5
12
5
-8
0
9
-4
-6
-3
1
-23
-20
6
0
0
-4
-3
-13
-15
-2
-2
-4
10
-5
-9
-1
17
15
2
21
-11
-7
2
1
-2
3
1
1
12
-3
9
-4
1
-5
-10
-6
-13
3
-12
-14
-8
13
0
3
-11
-15
-21
-23
-12
-28
2
-11
-4
1
-7
-12
8
-5
2
1
-9
1
-12
15
7
6
8
-7
3
12
3
16
-1
12
-3
-1
0
6
13
-3
12
4
13
-1
-4
-15
-3
16
9
16
20
10
-2
17
19
13
26
14
11
21
-1
16
39
27
18
15
16
17
15
9
21
1
22
4
-1
9
-5
5
4
1
12
7
26
24
-3
16
21
33
18
22
8
9
16
9
20
21
18
21
19
29
17
12
18
23
6
-3
14
3
-1
3
6
25
27
9
22
20
21
13
19
10
0
18
15
6
9
15
3
-5
2
13
10
-3
8
2
1
0
-3
12
6
11
16
17
-11
8
2
6
15
16
14
5
16
8
14
15
16
15
-2
17
22
21
27
27
31
13
26
32
30
25
18
35
42
25
27
26
20
25
16
9
24
28
18
27
18
13
9
14
11
24
9
16
31
8
18
8
4
11
3
12
11
36
24
6
-3
13
14
0
16
-9
9
-4
6
-5
3
2
-12
-7
-2
2
-8
-1
-4
-20
-5
-14
-8
8
-8
-14
-16
-12
-28
-29
-22
-11
-22
-17
-12
-4
-14
-12
-16
-6
-13
-28
-22
-21
-18
-18
-4
-12
-18
-24
-33
-35
-34
-31
-44
-29
-29
-42
-31
-29
-25
-30
-40
-33
-23
-29
-38
-28
-30
-38
-40
-33
-28
-16
-33
-37
-32
-29
-23
-12
-20
-29
-16
-25
-26
-15
-11
-11
-15
-33
-8
-13
-28
-13
-20
-17
-17
-18
-18
-14
-9
-10
0
6
-8
-18
5
-17
-20
-12
-7
8
-7
-21
-9
-14
-6
-5
-2
-7
-7
3
-8
-1
-14
3
4
-5
-14
-21
-2
0
-1
-11
-6
-5
9
2
-12
-8
-7
13
7
-7
-21
-13
-12
-17
-18
-31
-22
-23
-18
-9
-15
-8
-20
0
5
-2
-6
-9
-12
-4
3
-4
8
0
4
-1
10
-3
-14
-8
-1
9
-20
-9
6
4
11
-16
-12
2
1
-7
-2
-4
-14
-17
-6
4
12
10
-2
5
17
11
15
7
12
-1
-11
12
12
-2
-9
20
17
5
8
7
26
27
10
12
33
24
16
17
17
28
25
39
25
5
11
5
24
5
16
32
26
21
22
21
21
15
31
26
13
33
12
17
29
33
41
29
39
44
40
35
34
37
31
28
14
31
27
28
22
15
25
20
19
35
33
27
26
14
21
8
5
17
29
16
2
14
16
13
7
1
0
1
-9
-2
-1
-5
6
6
3
0
6
-2
-5
-2
8
17
7
7
3
6
18
10
6
4
0
-14
-4
18
6
8
5
2
15
28
-6
5
6
4
27
11
10
7
7
12
7
11
11
16
23
19
15
19
21
8
10
-2
15
15
8
20
26
25
8
7
14
19
9
-7
7
-5
13
7
-3
13
23
46
26
25
22
23
14
10
12
20
30
32
33
27
23
35
28
30
37
24
19
20
17
11
21
28
10
12
10
26
19
9
17
12
17
13
23
19
15
4
15
14
18
1
2
17
10
5
12
4
8
6
6
-1
-2
11
-3
5
8
-6
-10
13
-16
-8
-9
-5
-5
-9
-11
1
3
-13
2
-15
-11
-2
6
1
0
-1
0
-3
2
-2
-3
7
-9
-6
2
11
14
18
16
1
-3
-4
-4
7
20
-2
-11
9
18
12
8
30
15
14
1
-4
-6
9
7
8
12
-1
16
-1
20
1
-10
-2
-5
11
7
-3
-10
7
15
2
-4
2
-4
-5
-6
-3
-12
-11
-7
1
7
-6
2
-7
-8
1
-6
-5
-7
-3
2
1
-2
-21
-15
-7
-21
-25
-14
-17
-15
-21
-20
-9
-14
-13
-12
-5
-18
-18
-29
-24
-25
-25
-10
-14
-10
-8
-3
1
-3
-12
-8
-17
-12
-5
-21
-25
-19
-24
-22
-20
-34
-35
-10
-19
-26
-8
-14
-15
-19
-19
-7
-6
-16
-19
-24
-20
-36
-29
-26
-30
-29
-42
-10
-14
-20
-18
-28
-34
-35
-35
-41
-21
-32
-22
-15
-5
-16
-24
-19
-38
-35
-13
-12
-36
-12
-3
-10
-23
-9
-24
-10
-27
-28
-11
-27
-15
-12
-21
-21
-30
-14
-39
-26
-24
-36
-38
-33
-47
-54
-30
-28
-43
-35
-54
-49
-41
-49
-32
-42
-24
-47
-41
-21
-18
-19
-22
-32
-38
-31
-31
-24
-49
-48
-34
-30
-40
-46
-44
-32
-42
-50
-46
-43
-33
-36
-35
-30
-18
-26
-42
-40
-21
-45
-34
-27
-33
-36
-29
-33
-19
-21
-35
-21
-16
-27
-15
-37
-40
-25
-25
-20
-28
-5
-21
-19
-13
-18
-23
-18
-21
-29
-26
-29
-39
-35
-28
-38
-37
-36
-22
-21
-31
-39
-29
-29
-44
-22
-18
-27
-18
-17
-11
-22
-13
-29
-19
-14
-21
-16
-27
-13
-7
-5
-15
-5
-15
-17
-4
-13
-15
-12
-21
-2
-9
-23
-2
-3
-9
-23
-8
-6
-1
-17
-6
-11
-21
-8
-28
-31
-25
-13
-18
-7
-23
-27
-15
-20
-17
-15
-12
-37
-22
-16
-17
-20
-19
-28
-17
-6
-26
-19
-15
-13
-9
-5
-4
-6
-10
-8
-3
-21
-20
-11
-15
-11
-5
-21
-11
-13
-24
-5
-27
-30
-23
-27
-20
-18
-13
-22
-12
-27
-29
-10
-22
-16
-14
-29
-29
-35
-26
-14
-11
-10
-13
-12
-26
-14
-24
-26
-22
-25
-29
-31
-22
-38
-24
-25
-33
-19
-33
-27
-28
-40
-46
-29
-11
-27
-21
-18
-11
-14
-27
-35
-25
-32
-42
-36
-16
-23
-36
-42
-34
-24
-38
-31
-43
-31
-40
-33
-32
-30
-29
-36
-12
-35
-26
-15
-16
-22
-21
-19
-28
-31
-20
-29
-40
-30
-40
-16
-18
-25
-21
-39
-24
-31
-30
-34
-33
-37
-52
-37
-33
-21
-21
-21
-39
-28
-35
-32
-23
-32
-20
-20
-23
-17
-18
-31
-28
-24
-20
-21
-20
-14
-6
-12
-19
-4
6
-20
-6
-25
-21
-15
-15
-19
-29
-20
-17
-4
-10
6
3
-1
0
-23
-10
-3
2
-9
-4
-3
-1
-3
-16
-11
-11
-13
4
-6
-11
-10
-26
-10
-25
-24
-23
-24
-20
-2
-21
-16
-7
-20
-9
-10
-2
-13
-2
-3
-16
-19
-4
-13
-11
-14
-28
-7
-13
-11
-18
-8
-15
-5
-2
-5
-9
-16
5
0
-16
-17
-15
-5
-9
2
-2
-13
3
5
-5
-1
1
-10
-6
-14
-16
-2
-17
-15
-2
1
-2
-7
-8
-19
-26
-30
-25
-19
-33
-20
-18
-9
-21
-29
-17
-25
-25
-25
-39
-26
-6
-32
-30
-39
-27
-8
-10
-14
-7
-8
-10
-20
-22
-18
-28
-13
-25
-29
-18
-13
-10
-10
-14
-14
-10
3
-1
-5
-2
-8
-9
-13
-1
-7
-9
-3
-8
-22
-17
-5
-24
-23
-28
-10
-14
-30
-15
-6
-19
3
-1
-15
-21
-8
-7
-34
-35
-35
-17
-33
-32
-30
-39
-36
-29
-33
-24
-28
-31
-32
-30
-18
-24
-28
-33
-24
-35
-37
-54
-40
-39
-53
-37
-36
-33
-43
-32
-34
-20
-56
-63
-34
-47
-30
-29
-40
-27
-34
-40
-31
-37
-30
-24
-32
-25
-29
-35
-38
-47
-54
-47
-31
-40
-39
-43
-34
-43
-37
-29
-47
-48
-27
-23
-21
-11
-21
-18
-21
-17
-26
-20
-19
-29
-22
-40
-34
-24
-17
-14
-10
7
-8
-7
4
-11
-3
17
-1
-5
21
6
6
5
-4
13
-5
0
-1
6
11
3
7
4
9
-17
-21
-4
-15
-5
-4
-19
-1
-11
-17
-5
-15
-12
-4
-18
-16
-1
-1
6
-16
-19
5
-14
-16
-14
-7
-22
-19
-9
-9
-6
-20
-5
0
5
3
-6
-10
-4
4
-8
-10
-11
1
0
5
15
1
0
0
0
8
14
14
4
9
9
12
3
18
3
12
17
7
15
7
-8
7
13
5
20
7
15
14
28
10
8
8
8
19
26
23
32
24
30
38
13
33
1
21
29
15
24
29
20
15
18
18
35
18
16
5
23
21
19
17
23
28
35
36
31
32
23
33
32
45
36
24
41
26
32
22
25
21
19
40
32
24
24
34
40
33
36
34
44
27
20
27
23
28
15
37
32
29
44
25
24
17
17
18
17
18
14
18
26
8
25
38
19
26
23
25
21
14
11
20
19
11
20
20
-3
11
3
-1
-3
-20
4
2
-3
1
6
-1
3
8
-5
2
18
6
20
19
19
33
28
25
10
16
12
26
19
20
18
15
25
11
7
19
7
1
10
14
-2
-3
10
1
1
10
-1
-5
8
-7
0
7
-3
-9
-3
20
2
-4
-6
-2
-10
-4
-4
-5
12
-18
18
5
5
7
-12
-6
1
-7
-9
-18
-8
-6
-18
-6
-8
-11
-1
4
-13
-3
-5
-2
-9
-3
-6
8
3
3
14
10
8
16
14
20
14
8
17
6
18
5
4
22
30
17
16
23
-1
5
2
0
7
-6
-9
6
9
5
11
11
14
15
15
6
3
-2
9
9
10
1
-4
-2
4
8
10
14
-2
14
-3
6
9
8
2
-2
17
21
4
13
8
2
12
11
18
24
22
22
17
23
31
24
19
28
35
25
30
28
28
25
22
27
16
28
27
24
38
24
29
41
43
28
33
33
18
18
32
33
24
33
37
42
26
35
36
42
43
50
54
53
45
40
51
51
59
56
59
61
65
56
54
50
49
62
43
59
41
31
34
47
36
42
48
41
37
29
46
35
29
38
53
58
53
51
45
59
44
65
61
46
37
48
57
56
52
28
40
35
41
41
18
24
22
26
29
34
36
40
32
27
23
15
21
9
17
19
24
21
37
30
26
45
38
33
36
33
31
30
19
45
45
34
24
34
43
26
36
43
39
45
57
47
33
49
45
39
42
44
54
48
55
55
40
42
48
38
51
54
51
48
40
42
49
55
39
40
50
33
36
41
36
39
36
33
38
35
35
30
24
31
25
22
32
26
12
29
29
23
30
17
10
18
21
25
23
26
32
36
38
40
29
39
22
38
42
39
49
39
51
41
28
40
29
32
33
37
38
37
46
35
34
51
30
34
26
35
34
15
29
30
42
44
39
34
44
36
36
37
35
31
28
23
30
22
22
38
22
34
39
35
36
37
39
24
34
32
53
43
34
47
41
49
41
53
55
42
40
54
34
58
50
45
52
51
47
41
57
57
57
55
64
38
49
53
43
54
47
44
61
48
38
43
49
56
52
62
71
52
49
52
43
41
51
41
41
53
51
46
48
62
40
40
43
53
49
61
52
47
46
46
54
46
45
35
36
39
42
57
41
37
28
41
54
47
49
52
53
42
47
37
31
41
33
39
43
48
38
36
36
47
44
34
40
34
34
30
42
39
33
37
42
46
44
36
31
46
29
20
30
42
45
43
55
26
29
37
21
35
36
36
20
30
45
38
34
32
37
40
37
33
51
38
30
27
36
20
19
24
24
22
29
34
28
27
30
41
17
21
17
25
23
21
26
10
25
19
28
30
30
36
19
31
19
16
21
-4
-11
22
15
16
20
12
16
31
13
19
19
10
10
11
-5
21
22
13
23
14
17
5
26
-1
11
13
15
11
-2
-3
2
4
11
0
23
19
19
28
21
25
13
21
29
24
17
29
5
22
22
14
17
-2
12
2
16
9
13
23
8
12
8
28
14
16
24
19
20
9
20
19
12
14
15
20
22
12
-5
3
-2
14
6
-2
13
5
1
6
13
5
0
14
-3
-7
-3
7
18
9
16
6
-4
-16
-6
8
18
4
16
17
15
17
10
27
-1
19
5
-2
-5
0
8
9
4
1
11
-26
-14
-24
-23
7
-8
-17
-26
-17
-20
-3
-9
-9
-13
-4
1
10
0
-7
8
4
6
19
23
17
21
-2
12
14
10
-2
7
6
13
17
11
14
12
11
5
22
12
16
5
20
11
4
21
7
14
15
7
-1
3
12
1
3
5
-6
4
6
5
4
0
4
12
26
5
12
17
0
21
23
33
31
14
7
17
17
27
32
30
36
26
27
25
31
21
15
15
11
27
16
0
9
11
27
12
28
30
25
25
29
39
21
25
32
21
14
34
25
13
12
12
14
13
14
20
21
15
14
26
15
6
1
17
22
16
13
6
15
8
10
15
18
19
20
-4
-4
10
0
15
7
10
-1
-8
-7
-3
4
-1
-8
-7
-8
-8
-17
-8
-11
-25
-22
-9
-27
-15
-7
-11
-18
-16
-6
-6
6
-14
-9
-2
-7
-14
0
-13
-15
-4
-8
-7
-6
8
8
-3
-21
8
12
8
13
6
-3
-7
0
10
9
10
1
-6
2
-15
-18
-7
3
-10
-5
-3
-5
-12
-14
-7
-16
-18
-7
-14
-13
-18
-20
-9
-9
-1
-2
0
-12
-8
-5
-7
0
-25
-26
-3
-21
-16
-6
-5
11
12
8
1
5
12
10
0
1
9
-4
10
11
12
15
25
25
15
14
13
0
7
22
12
5
10
12
2
9
14
12
8
9
12
14
13
14
18
22
6
2
7
-7
11
-3
-4
8
9
6
14
13
15
24
24
13
13
28
10
21
23
25
27
23
38
36
30
15
28
16
11
5
1
26
-1
8
14
1
19
8
10
15
12
15
8
9
3
12
8
11
5
7
-4
4
8
1
-8
1
8
-9
-6
1
3
-2
-12
-8
-6
-9
0
2
-4
-1
-13
-10
5
-3
-7
-12
10
8
1
11
-2
9
13
2
11
-9
-6
-20
-12
-2
-18
15
7
1
5
-11
-17
-17
-13
-11
-9
-21
-3
-4
-1
-4
-1
-13
-20
3
-10
-3
-8
-11
7
8
-12
-16
-7
-12
-4
4
-13
-3
1
5
12
-6
-15
3
2
-2
-6
-15
-4
-6
-5
3
-4
4
-11
0
5
9
11
-2
-6
10
7
-7
3
-9
1
-4
1
-20
-18
-8
-9
-15
-19
-18
-16
-13
-18
-21
-14
-9
-11
-10
-7
-12
-7
-11
-19
-11
-17
-23
-34
-27
-4
-15
-21
-16
-24
6
-11
-8
-2
-8
-12
-13
-11
-8
-17
-22
-11
-9
-20
-6
-9
-28
-11
-9
-22
-24
-14
-12
-20
-11
-20
-24
-20
-33
-26
-35
-41
-39
-37
-34
-36
-36
-14
-27
-32
-21
-32
-30
-33
-29
-19
-40
-23
-25
-22
-27
-32
-26
-26
-19
-12
-5
-18
-1
-17
-9
-25
-14
-21
-33
-28
-30
-24
-32
-14
-33
-25
-37
-41
-33
-31
-47
-53
-31
-52
-41
-36
-42
-50
-47
-35
-51
-33
-32
-37
-43
-45
-44
-44
-50
-43
-35
-58
-53
-37
-46
-35
-30
-29
-38
-41
-25
-19
-22
-25
-17
-31
-28
-29
-23
-4
-7
-14
-13
-28
-23
-23
1
-5
4
3
10
11
-14
-8
-14
-2
-12
-8
-7
-9
4
-24
-9
-1
-4
0
6
11
7
10
8
5
6
10
-6
-3
4
6
-9
-23
-17
-11
-8
-5
-12
-24
2
-8
-21
-9
-21
-21
-15
-4
-1
-1
0
-14
-5
-14
9
9
-6
-4
-9
0
10
2
-19
0
-2
-3
-7
-4
1
-13
-26
-16
-3
-16
-15
-25
0
1
-21
-7
-28
-13
-22
-24
-12
-29
-16
-17
-17
-26
-7
-11
-14
-25
-10
-18
-19
7
-16
-15
-3
1
0
10
6
-5
-14
0
-7
-16
-11
-7
-15
-14
-23
-22
-32
-21
-18
-19
-24
-23
-10
-11
-14
-39
-20
-9
-26
-14
-21
-16
-26
-29
-15
-8
-25
-31
-8
-11
-22
-8
-4
-20
-15
-11
-6
-10
-4
-4
-15
-9
-9
-6
3
-6
-20
-12
-16
-24
-17
-32
-32
-22
-20
-27
-16
-13
-26
-23
-25
-31
-22
-48
-35
-13
-27
-37
-32
-26
-34
-31
-28
-36
-34
-34
-40
-23
-31
-36
-25
-8
-26
-39
-35
-30
-34
-25
-31
-27
-31
-39
-11
-29
-35
-34
-53
-40
-16
-34
-27
-22
-25
-25
-35
-44
-34
-29
-27
-22
-32
-22
-32
-46
-40
-35
-45
-51
-43
-45
-54
-33
-38
-53
-36
-30
-26
-11
-20
-30
-24
-32
-20
-14
-22
-30
-29
-20
-39
-27
-32
-23
-19
-21
-14
-32
-26
-18
-34
-22
-21
-36
-25
-13
-12
-22
-13
-9
-20
-11
-27
0
-28
-13
-11
-13
-8
-25
-16
-22
-24
-21
-10
-12
-26
-30
-29
-21
-26
-15
-25
-16
-20
-22
-31
-30
-22
-40
-15
-20
-36
-49
-35
-31
-25
-22
-31
-34
-37
-34
-24
-21
-19
-23
-31
-45
-40
-36
-24
-17
-28
-37
-32
-19
-31
-24
-24
-32
-25
-21
-31
-29
-22
-16
-18
-15
-9
-19
-20
-33
-17
-22
-12
-11
-13
-25
-25
-26
-25
-17
-28
-7
-17
-10
-5
-4
6
-14
-33
-14
-15
-4
5
-8
-10
3
7
-6
-1
-8
-15
-13
2
6
-4
-4
-3
-10
6
-11
10
12
-16
1
-12
-19
-5
-5
-16
-21
-16
-23
-7
-12
-18
-12
-34
-13
-18
-7
-16
-22
-18
-4
-8
-6
-4
-16
-2
-13
-3
-8
0
-2
-2
-16
-7
-1
-22
-8
-13
-11
-26
-14
-9
-32
-20
-25
-3
-13
-15
-6
-15
6
2
2
-1
9
9
9
-2
4
5
-14
0
0
-4
-11
-8
8
7
-15
-4
5
-10
-10
1
-14
-13
-5
-18
-12
1
-3
-2
12
-7
-2
7
2
2
1
-11
-7
-3
-20
-15
-6
7
-9
0
2
7
4
-3
4
-2
24
11
3
14
5
6
5
6
4
4
-1
0
1
-17
-23
-4
6
2
-6
-10
-12
12
0
-2
-8
-6
-14
-21
2
-22
-7
-16
5
-5
-5
-1
-19
-15
-14
-28
-25
-8
8
-3
-13
-1
17
33
-4
-1
3
10
13
5
13
7
4
6
-8
-10
0
-7
12
-10
3
19
-4
10
-12
-12
2
-5
0
-7
-7
-1
-8
-7
0
3
-8
-18
-13
0
3
5
-14
-5
-17
-16
-8
-16
-14
-13
-7
-20
-11
-10
-10
-16
-18
-19
-12
-22
-8
4
-6
-5
2
18
-12
-11
0
-12
0
-1
14
8
4
14
-8
7
15
7
5
-5
6
5
-6
3
-1
-1
4
15
13
8
13
1
9
8
15
10
13
12
15
13
9
20
6
-1
-6
-8
0
10
-9
-7
-4
-12
6
-9
-1
-3
-9
10
6
-3
-2
-3
4
4
-4
8
1
4
11
24
8
9
19
8
-5
-4
9
-10
-5
-12
1
16
5
0
-1
4
-11
-10
-13
-6
-16
-17
-14
-11
-31
-29
-12
-26
-22
-22
-20
-24
-28
-39
-25
-24
-15
-28
-36
-9
-31
-38
-23
-37
-39
-37
-29
-40
-41
-29
-29
-31
-46
-32
-27
-20
-17
-19
-19
-25
-26
-26
-32
-22
-24
-43
-51
-29
-22
-34
-33
-25
-24
-16
-23
-22
-16
-10
-21
-14
-11
-36
-26
-34
-38
-17
-37
-40
-23
-32
-51
-42
-30
-35
-25
-54
-58
-37
-54
-34
-32
-33
-46
-39
-20
-21
-35
-52
-44
-43
-39
-47
-30
-32
-33
-39
-35
-25
-37
-21
-15
-22
-20
-34
-16
-16
-29
-17
-6
-6
-15
-9
-17
-11
-13
-21
-19
-23
-20
-18
-16
-23
-8
-24
-22
-10
-15
-34
-30
-21
-11
-18
-18
-17
-24
-12
-8
-17
-5
-14
-30
-6
-7
-20
-22
-14
-13
-3
-16
-23
-18
-25
-23
-27
-27
-34
-42
-21
-29
-46
-24
-34
-26
-18
-25
-29
-33
-24
-10
-18
-29
-33
-23
-22
-36
-30
-30
-24
-27
-10
-19
-20
-15
-19
-12
-8
-1
-11
-6
-9
-22
-18
-28
-19
-15
-20
-31
-8
-36
-28
-32
-29
-14
-32
-7
-12
-19
-22
-29
-21
-11
-12
-6
-17
-24
-20
-14
-22
-9
-6
-3
-21
-12
-24
-17
-9
-34
-21
-27
-21
-32
-22
-29
-27
-17
-20
-19
-7
1
-7
-4
-1
-6
-15
-18
-17
-23
-26
-22
-21
-10
-8
-27
-14
-4
-29
-12
-11
-28
-24
-20
-20
-25
-17
-17
-12
-12
-11
-18
-15
-18
-22
-10
-33
-20
-11
-12
-8
-5
-14
-10
-16
-20
-9
-23
-32
-7
-13
-21
-4
-18
-18
-8
-29
-11
-14
-9
-17
-9
-15
-15
-8
-18
-8
-4
-6
-12
-8
-13
-2
-14
-3
-2
6
-4
-14
-2
-22
-5
-10
-13
3
2
-12
-22
1
-12
0
-3
-13
-12
-11
-13
-10
4
-10
4
15
7
-1
-19
2
-4
8
-10
-13
1
-4
0
-13
-1
-7
-7
0
5
-4
-11
-11
-5
-12
1
-4
-15
-13
-27
-5
2
-10
-15
-7
0
-6
-6
-21
-2
12
1
20
4
4
12
12
2
3
17
20
13
18
20
1
11
15
15
15
23
-1
19
2
-6
22
9
-3
-2
-1
15
16
0
13
13
8
7
18
5
3
3
-5
-2
-7
1
-9
1
-13
-3
-1
-11
-2
1
-7
-10
-13
-14
2
-14
-11
-8
12
0
13
9
-4
21
5
10
-2
10
4
-2
-2
-8
9
-4
-12
-13
-10
-7
-16
-16
-20
-19
-1
-5
-15
-12
-6
-25
-31
-15
-21
-6
-18
-11
1
1
-20
-19
-5
-10
-21
-18
-5
-18
-19
-20
-8
-18
-7
-3
3
-14
-10
-16
-25
-25
-25
-21
-24
-28
-21
-33
-20
-13
-28
-13
-8
-4
-26
-26
-16
-29
-28
-33
-26
-28
-32
-23
-19
-21
-43
-25
-20
-19
-21
-21
-17
-35
-27
-15
-12
-27
-25
-22
-33
-35
-35
-31
-45
-40
-37
-32
-19
-28
-33
-39
-40
-31
-33
-24
-29
-31
-26
-46
-30
-31
-28
-36
-42
-31
-39
-33
-56
-26
-25
-13
-13
-44
-32
-36
-10
-31
-27
-31
-23
-13
-22
-35
-29
-31
-27
-24
-35
-28
-30
-31
-9
-15
-30
-24
-29
-23
-38
-14
-14
-26
-14
-11
-19
-19
-19
-23
-12
-15
-23
-14
-20
-29
-25
-1
-17
-15
-20
-25
-16
-9
-22
-15
-14
-16
3
-15
-15
-23
-15
-16
-15
-16
-13
-21
-9
2
-16
-8
1
-10
-11
-1
-6
-3
-6
-10
-18
-20
-18
-30
-7
-13
-24
-22
-32
-25
-32
-34
-30
-27
-33
-24
-30
-19
-26
-28
-27
-30
-21
-43
-34
-28
-28
-22
-22
-32
-35
-28
-34
-31
-33
-34
-31
-36
-19
-25
-20
-33
-24
-21
-30
-22
-21
-20
-31
-16
-36
-34
-20
-27
-22
-33
-24
-38
-47
-43
-31
-17
-42
-37
-27
-38
-35
-46
-24
-17
-32
-10
-10
-14
-2
-8
-17
-6
-12
-6
-14
-12
-4
-10
-12
-4
3
-3
0
4
-8
-4
-4
-8
-6
-11
-16
-11
-18
-9
-13
-10
-25
-21
-28
-24
-3
-10
5
-5
-5
-9
-10
-5
-13
-14
-13
-20
-15
-28
-25
-21
-21
-32
-28
-21
-33
-31
-36
-32
-16
-13
-8
-15
-28
-6
-17
-28
-15
-23
-23
-16
-16
-20
-20
-30
-10
-25
-23
-13
-13
-9
-22
-6
-10
4
-7
-22
-27
3
-14
-7
2
-13
-2
-6
-21
-11
-11
-11
-8
-18
-9
-8
-14
-16
-12
-21
-3
-6
-6
0
-19
-16
-3
-5
-13
-1
-25
-24
-23
-21
-10
-12
-1
-10
-23
-31
-26
-30
-7
-15
-12
-11
-17
-11
-14
-21
-11
-7
-22
-6
-20
-10
-15
-17
-9
-21
-10
-20
-26
-32
-32
-25
-24
-27
-33
-21
-27
-34
-43
-42
-18
-26
-43
-21
-21
-22
-19
-11
-6
-13
-12
-14
-10
-18
-16
-21
-11
-10
-11
-9
-10
-21
-15
-26
-38
-25
-17
-27
-22
-22
-21
-27
-24
-14
-33
-33
-33
-20
-10
-25
-24
-18
-19
-29
-17
-10
-16
-7
-26
-24
-20
-22
-22
-19
-10
5
-12
-19
-37
-11
-4
-29
-22
-20
-16
-11
-18
-28
-24
-31
-31
-47
-30
-32
-19
-15
-33
-32
-27
-35
-30
-33
-34
-29
-27
-23
-35
-22
-25
-21
0
-20
-24
-21
-24
-20
-16
-4
-18
-21
-22
-12
-6
-18
-17
-17
-17
-17
-6
2
-16
-3
-5
-13
-7
-13
-25
-16
-13
-18
-15
-11
-17
-15
-2
-11
-24
-6
-8
-20
-13
-4
2
-18
-16
-9
-26
-14
1
-7
4
4
-10
2
-5
8
3
-9
1
3
1
0
-5
-14
-8
-29
-15
-8
-13
-5
9
-3
-5
-7
-11
-4
-14
-13
-4
-3
-5
5
2
1
4
4
-11
-5
10
12
1
-5
-2
-9
-7
-2
-17
-12
-12
-8
2
-3
-10
-7
0
-2
-5
-14
-12
-3
4
3
23
11
0
9
20
4
7
16
3
13
10
7
11
7
1
18
11
6
14
19
13
26
32
26
32
38
21
18
24
35
46
28
41
41
22
41
43
29
31
24
36
30
19
27
36
22
34
28
23
29
21
41
30
39
22
27
34
49
28
35
31
17
28
5
18
5
14
22
14
-1
-3
9
23
29
6
9
13
-14
-6
4
13
4
15
12
11
1
7
10
8
5
12
10
3
-2
-3
-6
-10
16
0
10
19
19
20
30
16
19
18
36
37
34
35
17
27
27
23
12
10
37
23
21
27
33
24
-10
11
14
21
12
18
27
21
25
22
38
36
26
21
20
23
14
24
41
29
20
17
20
35
29
20
9
1
22
18
31
15
12
27
25
26
14
14
20
12
23
24
21
19
15
28
23
6
9
15
27
19
17
34
17
-10
0
1
4
2
-10
3
1
11
11
13
6
19
19
-11
6
0
-7
16
7
0
12
-2
15
11
-3
9
7
14
12
2
7
8
1
0
2
14
31
17
13
13
5
2
9
5
-5
1
-3
-12
5
-4
10
0
-16
-2
-3
-3
-19
-9
-4
-17
-13
3
-5
-29
-6
-8
-10
-7
3
1
-7
1
-17
-17
-16
-3
-22
-19
-16
-15
-22
-20
-17
-15
1
-13
-18
-5
-2
-8
-4
-20
-14
-13
-6
-10
3
10
7
-8
-9
4
-10
2
1
-1
8
6
5
-1
-13
-17
-2
-4
-2
-5
-13
3
13
-3
-7
0
-5
-11
-11
-18
3
0
-12
16
-8
-4
3
0
2
0
6
-1
-2
-12
-17
-17
-2
-5
-2
30
2
9
19
17
23
11
22
9
12
-4
12
13
7
8
4
13
1
0
10
-4
-2
0
-4
4
-3
13
18
18
25
2
31
25
19
29
26
18
13
22
28
36
20
4
22
12
15
19
17
16
21
2
2
2
4
9
4
12
2
9
12
8
-7
-6
7
9
1
8
-3
-2
1
4
-18
-18
-13
-16
-16
-11
-11
-19
-10
-19
-14
-2
7
-5
-20
2
-2
-12
-11
-4
-14
-4
-5
-14
-4
-8
-15
-5
-20
-12
-25
-20
-2
-17
-20
-13
13
-12
1
-1
-3
14
17
8
8
8
14
17
11
16
6
11
15
34
19
16
30
27
36
26
19
30
36
17
30
30
27
37
31
10
30
30
28
28
16
24
26
37
21
28
28
13
12
6
11
22
11
15
3
6
4
11
6
-2
11
-16
-4
-10
-19
-23
-11
-34
-35
-35
-36
-19
-38
-33
-42
-37
-46
-35
-46
-57
-39
-36
-41
-45
-31
-40
-44
-59
-48
-50
-46
-49
-57
-44
-42
-30
-23
-34
-41
-31
-47
-37
-23
-25
-32
-30
-30
-25
-11
-10
-24
-14
10
11
-5
-6
9
10
21
25
20
22
22
38
34
45
51
47
45
48
53
63
66
60
65
85
82
89
90
101
101
97
102
97
105
83
92
101
89
91
90
83
86
88
62
55
45
35
26
25
41
18
15
13
-17
-22
-12
-15
-40
-25
-45
-66
-60
-82
-75
-90
-94
-113
-114
-125
-126
-133
-135
-125
-133
-134
-155
-148
-151
-148
-157
-140
-136
-153
-147
-152
-150
-157
-139
-121
-131
-117
-118
-101
-93
-97
-95
-89
-75
-81
-56
-53
-34
-15
-25
-7
-9
-1
19
32
39
69
85
94
112
131
152
154
170
179
198
224
240
253
264
270
277
291
307
332
336
355
355
377
396
408
413
407
428
426
424
429
438
420
427
403
390
361
335
315
261
239
198
153
102
64
23
-27
-82
-124
-158
-201
-245
-278
-314
-350
-383
-418
-429
-442
-486
-496
-507
-539
-539
-563
-571
-575
-581
-573
-570
-567
-564
-571
-576
-551
-531
-527
-514
-512
-496
-471
-448
-415
-409
-368
-344
-319
-304
-266
-223
-201
-154
-119
-83
-32
7
52
94
135
182
216
258
308
353
386
446
483
521
559
592
639
678
711
765
789
822
867
887
892
902
904
884
890
897
878
826
765
735
671
580
528
465
390
317
249
176
99
35
-21
-101
-164
-198
-249
-295
-335
-370
-388
-403
-438
-454
-480
-483
-484
-498
-497
-491
-499
-510
-507
-510
-505
-491
-476
-464
-453
-435
-424
-400
-393
-390
-369
-354
-332
-310
-292
-270
-275
-252
-233
-215
-197
-187
-173
-164
-144
-137
-117
-85
-83
-68
-55
-32
-20
-31
-28
-14
-11
16
19
24
9
-6
16
-9
-6
-20
-30
-42
-45
-44
-74
-75
-75
-97
-93
-102
-100
-104
-92
-89
-89
-71
-76
-37
-9
23
56
100
154
204
265
305
349
417
482
544
635
705
758
792
793
828
835
827
808
789
784
752
702
636
542
456
396
336
282
223
165
117
53
17
-39
-107
-148
-165
-180
-203
-205
-210
-228
-247
-255
-280
-307
-305
-323
-309
-315
-314
-332
-355
-371
-388
-389
-397
-396
-397
-367
-373
-348
-351
-362
-374
-358
-343
-317
-298
-293
-265
-262
-274
-276
-264
-276
-274
-279
-246
-228
-208
-193
-200
-202
-200
-176
-162
-128
-109
-111
-108
-92
-74
-78
-82
-85
-65
-35
-15
-12
-34
-55
-59
-36
-51
-44
-33
-17
2
23
26
17
11
50
90
134
204
236
265
310
358
414
483
558
635
700
791
852
912
925
917
884
868
872
874
866
826
778
695
588
470
393
309
235
163
98
55
2
-59
-133
-197
-249
-268
-306
-303
-303
-326
-300
-315
-330
-348
-378
-397
-389
-371
-358
-356
-383
-389
-421
-411
-414
-418
-419
-409
-381
-355
-336
-298
-305
-312
-275
-266
-249
-224
-191
-158
-149
-129
-103
-74
-61
-42
-32
-24
-21
-36
-57
-53
-15
3
33
12
-57
-90
-73
-63
-47
-40
-60
-93
-100
-98
-96
-137
-171
-175
-170
-157
-153
-179
-216
-209
-218
-192
-208
-231
-225
-193
-169
-145
-134
-154
-130
-80
-10
47
86
130
165
243
329
414
481
556
626
734
818
886
923
899
872
876
886
882
894
872
797
713
619
506
429
316
247
209
164
125
60
-1
-53
-104
-149
-183
-207
-215
-219
-205
-190
-192
-224
-240
-279
-283
-281
-289
-272
-281
-301
-313
-323
-349
-371
-390
-391
-391
-372
-364
-338
-329
-314
-313
-293
-287
-274
-252
-244
-183
-164
-139
-119
-115
-112
-101
-111
-135
-132
-137
-112
-84
-61
-41
-81
-128
-125
-133
-124
-105
-123
-116
-107
-103
-116
-148
-182
-212
-207
-191
-197
-210
-230
-235
-240
-224
-259
-277
-261
-275
-249
-210
-193
-195
-193
-150
-101
-47
-7
46
103
161
230
293
362
447
534
650
754
857
917
956
968
952
920
946
950
954
977
903
816
717
612
502
404
322
250
196
155
131
68
-5
-63
-132
-167
-198
-204
-191
-191
-182
-157
-165
-191
-227
-261
-272
-283
-280
-296
-328
-329
-337
-355
-391
-404
-422
-436
-442
-414
-389
-362
-352
-362
-332
-320
-302
-298
-289
-272
-229
-196
-166
-140
-104
-96
-94
-127
-156
-146
-113
-76
-32
-29
-40
-73
-110
-100
-91
-105
-98
-96
-98
-74
-83
-110
-148
-178
-160
-190
-175
-157
-199
-191
-195
-204
-214
-228
-240
-225
-181
-166
-151
-150
-143
-104
-57
6
42
108
172
242
319
384
447
527
632
744
853
950
1035
1082
1097
1071
1041
1031
1033
1050
1042
1004
913
796
690
571
446
356
281
214
171
142
102
23
-33
-77
-153
-193
-213
-209
-205
-188
-157
-153
-167
-213
-260
-273
-301
-306
-314
-339
-357
-366
-363
-377
-411
-448
-466
-501
-471
-463
-425
-402
-382
-340
-313
-275
-277
-256
-249
-212
-186
-152
-125
-96
-52
-44
-44
-78
-90
-91
-77
-39
-40
-52
-61
-65
-56
-54
-45
-58
-64
-63
-70
-68
-71
-90
-109
-112
-97
-114
-130
-140
-148
-160
-169
-182
-198
-190
-198
-171
-137
-132
-135
-138
-132
-82
-15
49
107
157
235
294
359
437
506
612
732
825
934
1045
1115
1126
1118
1072
1051
1053
1069
1068
1025
954
856
741
620
499
364
264
192
143
118
99
49
-35
-92
-153
-187
-235
-257
-234
-228
-185
-155
-171
-196
-230
-256
-295
-314
-333
-345
-369
-395
-363
-357
-367
-420
-430
-453
-456
-450
-432
-405
-381
-344
-288
-254
-255
-206
-195
-185
-158
-148
-122
-83
-69
-33
-8
-25
-47
-65
-72
-85
-49
-28
-24
-54
-75
-68
-75
-74
-73
-101
-112
-109
-127
-112
-116
-148
-165
-170
-178
-164
-178
-206
-215
-222
-211
-221
-226
-243
-231
-200
-165
-150
-142
-128
-119
-31
24
92
163
230
301
387
485
577
651
752
861
974
1088
1120
1115
1085
1045
1041
1052
1086
1059
966
886
765
671
541
416
302
194
131
106
85
61
3
-78
-122
-168
-215
-261
-287
-272
-253
-202
-185
-195
-228
-282
-302
-313
-349
-401
-453
-462
-455
-470
-433
-458
-473
-504
-507
-484
-485
-467
-456
-433
-374
-316
-286
-226
-203
-180
-176
-174
-145
-122
-84
-35
18
21
24
-3
-25
-22
4
49
51
28
-14
-10
-7
-5
3
2
1
-15
-10
-43
-49
-86
-112
-129
-132
-116
-140
-148
-169
-194
-205
-245
-262
-276
-301
-270
-232
-201
-195
-187
-170
-123
-83
-24
40
111
187
265
365
461
538
621
734
848
937
1020
1070
1072
1014
967
953
981
1019
1019
947
859
780
652
530
386
262
169
106
63
72
63
19
-1
-50
-102
-171
-221
-220
-242
-206
-163
-148
-128
-142
-162
-178
-205
-270
-343
-390
-438
-467
-435
-418
-483
-532
-533
-517
-502
-528
-532
-528
-520
-464
-415
-361
-286
-198
-148
-68
-52
-1
34
-12
-25
-32
-81
-141
-196
-216
-180
-159
-98
-61
-73
-83
-106
-105
-116
-141
-121
-64
-43
-35
-47
-88
-149
-216
-289
-333
-370
-374
-331
-282
-245
-219
-205
-235
-243
-226
-183
-134
-69
15
90
151
210
317
435
570
710
859
1009
1150
1316
1479
1636
1772
1875
1798
1496
1032
563
94
-352
-589
-585
-443
-232
-39
137
199
116
26
-41
-27
52
206
412
612
731
733
649
427
135
-120
-342
-455
-498
-445
-323
-216
-114
-71
-100
-154
-263
-357
-456
-516
-517
-452
-366
-291
-227
-226
-266
-353
-462
-521
-557
-547
-454
-319
-145
8
99
152
154
113
65
18
37
59
88
105
102
36
-182
-427
-623
-664
-583
-502
-302
-101
47
125
88
5
-166
-339
-415
-444
-450
-464
-475
-544
-615
-664
-701
-676
-638
-533
-364
-219
-87
-14
-3
-1
-22
-15
-25
-23
8
29
107
232
352
486
627
802
948
1068
1176
1304
1434
1582
1778
1986
2100
1958
1539
954
352
-195
-694
-916
-858
-547
-160
186
493
598
540
404
303
262
276
352
484
607
669
595
418
108
-259
-526
-723
-769
-718
-559
-308
-90
108
221
239
168
-11
-162
-306
-447
-523
-556
-532
-519
-519
-527
-550
-590
-614
-616
-572
-468
-318
-113
73
238
340
372
344
277
170
99
58
34
34
39
-41
-191
-363
-527
-629
-637
-518
-330
-134
33
165
160
92
-75
-250
-394
-511
-543
-552
-572
-598
-646
-672
-687
-668
-622
-533
-394
-220
-75
-27
-18
-26
-75
-113
-135
-154
-139
-82
37
166
324
506
688
865
1005
1167
1301
1442
1613
1771
1968
2158
2307
2150
1667
961
191
-434
-946
-1197
-1084
-732
-207
268
675
936
889
745
583
513
516
510
612
688
683
579
366
55
-351
-705
-940
-984
-900
-673
-365
-60
169
346
378
279
86
-157
-335
-481
-597
-660
-665
-646
-632
-628
-606
-590
-562
-511
-418
-295
-139
45
200
343
415
413
376
263
147
54
-8
-39
-33
32
64
73
-7
-196
-418
-533
-515
-378
-172
13
187
258
230
113
-114
-350
-560
-661
-655
-625
-573
-569
-604
-638
-668
-658
-613
-557
-454
-321
-183
-121
-118
-151
-224
-282
-293
-290
-218
-134
3
148
291
438
585
718
866
1046
1222
1437
1635
1860
2061
2223
2395
2274
1794
1059
159
-544
-1127
-1436
-1331
-959
-340
246
727
1086
1132
974
805
718
663
666
702
742
738
608
364
18
-448
-876
-1166
-1237
-1093
-838
-425
-46
253
452
477
389
188
-93
-311
-471
-613
-682
-689
-670
-650
-620
-596
-529
-487
-433
-323
-194
-45
111
257
357
412
384
309
198
41
-57
-112
-132
-110
-68
-6
46
95
-18
-146
-218
-263
-210
-135
-20
106
177
186
69
-89
-265
-471
-576
-614
-626
-616
-574
-586
-596
-618
-629
-604
-523
-439
-324
-225
-152
-142
-206
-237
-302
-323
-303
-229
-128
-20
73
180
271
365
496
653
893
1104
1339
1602
1804
2011
2195
2317
2459
2378
1923
1208
322
-383
-967
-1333
-1269
-946
-395
152
604
991
1091
968
830
762
743
773
822
836
766
565
250
-135
-590
-991
-1250
-1297
-1081
-782
-376
15
295
461
485
406
249
42
-140
-279
-388
-452
-529
-574
-612
-689
-690
-655
-580
-450
-288
-95
63
226
340
415
432
412
367
260
163
52
-39
-115
-157
-193
-190
-156
-119
-27
71
143
174
193
241
239
206
145
29
-103
-252
-392
-512
-644
-736
-786
-802
-770
-730
-668
-616
-532
-464
-376
-300
-264
-249
-277
-303
-328
-333
-346
-339
-309
-245
-182
-94
-23
51
160
284
446
630
855
1071
1274
1476
1679
1862
2050
2207
2348
2479
2238
1670
841
-33
-672
-1140
-1292
-1053
-592
-32
439
803
988
912
755
666
713
831
926
946
851
633
292
-148
-650
-1062
-1315
-1365
-1155
-825
-426
-42
213
366
408
374
295
168
44
-19
-109
-230
-362
-539
-710
-869
-951
-923
-802
-607
-411
-169
36
168
284
335
390
430
446
453
382
273
176
48
-43
-120
-177
-159
-121
-38
15
-29
-43
-39
31
102
109
118
5
-120
-254
-435
-583
-754
-857
-905
-903
-860
-837
-781
-730
-649
-504
-403
-308
-269
-229
-213
-209
-209
-275
-322
-323
-333
-290
-191
-106
-17
88
226
377
536
715
924
1132
1358
1578
1734
1905
2044
2157
2317
2361
2030
1352
524
-206
-703
-1013
-1011
-713
-232
229
515
746
777
628
531
590
793
994
1082
1024
816
451
2
-436
-874
-1157
-1237
-1116
-828
-542
-254
-61
30
78
127
140
144
172
197
212
91
-131
-406
-699
-942
-1068
-1032
-866
-673
-479
-288
-160
-105
-67
13
130
301
491
635
690
644
502
334
178
-7
-126
-287
-435
-391
-299
-160
-106
-120
-66
-35
32
25
-27
-50
-132
-200
-276
-444
-641
-852
-971
-997
-938
-843
-766
-672
-579
-420
-308
-222
-151
-116
-90
-65
-111
-133
-208
-291
-282
-287
-242
-199
-86
78
265
473
642
810
1025
1241
1443
1640
1809
1977
2145
2236
2298
2326
2014
1361
541
-161
-510
-701
-720
-506
-194
135
258
279
301
275
318
546
889
1137
1196
980
605
186
-212
-558
-821
-930
-923
-819
-682
-581
-530
-515
-513
-418
-218
16
226
355
387
303
78
-255
-546
-738
-821
-777
-634
-505
-436
-439
-464
-480
-442
-318
-78
222
500
741
836
765
567
322
104
-37
-122
-165
-153
-174
-215
-258
-291
-296
-314
-299
-206
-37
65
54
-30
-164
-302
-453
-574
-670
-738
-777
-819
-837
-828
-859
-837
-784
-640
-454
-316
-210
-173
-170
-214
-265
-317
-349
-346
-284
-233
-138
-67
-19
48
137
295
498
734
965
1197
1402
1587
1717
1855
1932
2061
2216
2305
2076
1415
626
-16
-294
-430
-444
-281
-111
-20
-68
-151
-155
-115
68
406
805
1075
1057
769
349
-2
-250
-402
-524
-569
-555
-553
-606
-721
-815
-899
-861
-650
-339
-25
137
194
145
4
-171
-348
-410
-412
-356
-315
-330
-418
-579
-674
-703
-648
-486
-228
10
224
360
434
466
412
361
377
417
443
454
407
306
22
-229
-463
-735
-724
-644
-371
-121
-96
-117
-297
-355
-358
-321
-221
-180
-173
-289
-463
-704
-961
-1041
-1084
-938
-727
-593
-456
-450
-420
-387
-357
-223
-178
-123
-40
-40
-23
-70
-155
-165
-93
18
197
349
542
747
896
1078
1290
1519
1706
1869
2019
2138
2229
2200
1727
1051
376
44
21
-42
-37
-107
-156
-307
-463
-412
-353
-100
217
555
845
892
724
418
156
56
55
72
16
-123
-271
-473
-649
-795
-880
-848
-712
-520
-328
-252
-198
-211
-207
-140
-108
-42
-31
-39
-105
-222
-336
-443
-460
-423
-359
-280
-229
-171
-151
-100
21
144
270
335
310
290
239
172
81
6
-30
-71
-105
-172
-256
-367
-404
-383
-336
-278
-270
-295
-326
-358
-381
-398
-428
-487
-554
-590
-670
-753
-831
-873
-858
-770
-651
-561
-485
-464
-424
-396
-350
-283
-235
-161
-107
-72
-45
-21
7
14
85
210
345
481
618
765
955
1166
1342
1543
1704
1748
1832
1874
1997
1908
1412
924
474
403
399
256
129
-104
-244
-386
-411
-270
-136
37
177
321
385
313
143
-33
-38
52
114
121
-41
-195
-334
-459
-513
-557
-584
-570
-542
-474
-393
-361
-319
-304
-252
-185
-201
-250
-321
-348
-362
-363
-333
-305
-284
-303
-336
-313
-265
-184
-69
62
204
258
245
157
64
13
28
49
37
-10
-115
-235
-291
-344
-339
-313
-298
-264
-265
-248
-294
-364
-405
-394
-380
-373
-457
-548
-651
-723
-737
-732
-697
-676
-645
-602
-572
-541
-475
-429
-381
-318
-266
-203
-159
-139
-109
-73
-20
49
79
95
150
253
395
536
730
856
1013
1144
1303
1417
1479
1571
1648
1764
1870
1678
1249
833
586
652
602
434
217
-2
-124
-249
-228
-122
-82
-54
-57
-48
-49
-154
-277
-307
-196
-67
-41
-97
-218
-288
-334
-359
-338
-351
-367
-374
-354
-305
-262
-261
-267
-279
-278
-284
-345
-374
-394
-389
-357
-353
-354
-371
-352
-346
-286
-185
-72
39
110
169
190
167
110
45
19
40
67
68
2
-105
-227
-309
-325
-297
-238
-214
-210
-233
-278
-294
-307
-317
-303
-312
-353
-420
-506
-579
-628
-648
-639
-635
-633
-607
-591
-564
-508
-444
-407
-367
-305
-245
-178
-143
-138
-112
-86
-35
15
40
86
138
221
353
493
639
776
942
1072
1208
1293
1343
1403
1501
1618
1727
1661
1318
923
699
735
795
682
439
151
-71
-137
-130
-45
-46
-115
-203
-281
-283
-320
-376
-376
-316
-172
-113
-126
-205
-250
-221
-184
-134
-152
-213
-255
-207
-143
-85
-78
-127
-167
-214
-228
-243
-291
-306
-326
-353
-358
-372
-355
-310
-253
-168
-89
-21
40
92
126
161
176
139
89
56
91
101
56
-5
-104
-255
-371
-358
-229
-160
-192
-282
-372
-400
-367
-330
-331
-340
-379
-457
-513
-559
-591
-627
-638
-625
-591
-561
-574
-569
-511
-464
-409
-379
-372
-340
-306
-248
-188
-134
-114
-122
-90
-36
38
93
174
234
303
405
527
673
817
980
1133
1238
1297
1366
1425
1488
1597
1667
1476
1183
960
949
1027
929
645
363
110
3
36
94
121
0
-161
-298
-351
-327
-327
-359
-344
-271
-190
-174
-169
-156
-159
-118
-123
-124
-164
-189
-135
-74
-40
-32
-83
-193
-244
-253
-230
-237
-280
-329
-384
-434
-426
-370
-308
-267
-219
-177
-127
-86
-28
26
48
95
51
17
1
24
35
-43
-158
-225
-226
-203
-203
-257
-294
-316
-297
-275
-282
-296
-339
-384
-377
-371
-371
-423
-504
-532
-482
-463
-460
-471
-501
-466
-430
-398
-372
-351
-336
-308
-269
-226
-222
-209
-187
-126
-63
-12
22
43
93
140
199
259
349
427
559
696
840
980
1070
1146
1210
1268
1358
1446
1589
1623
1417
1184
1041
1054
1041
914
656
423
252
201
213
208
117
-86
-272
-375
-354
-316
-280
-327
-333
-304
-257
-203
-229
-209
-215
-223
-194
-170
-146
-117
-63
-43
-6
-9
-63
-128
-150
-148
-146
-169
-238
-313
-370
-405
-363
-280
-254
-221
-209
-203
-166
-116
-50
-2
-19
-30
-36
-29
0
-12
-74
-165
-197
-187
-203
-253
-303
-308
-266
-208
-162
-156
-212
-270
-271
-222
-179
-184
-224
-299
-341
-346
-330
-310
-336
-346
-357
-339
-303
-272
-257
-274
-287
-274
-252
-239
-220
-190
-141
-85
-70
-58
-42
-2
49
92
160
233
338
447
555
682
800
899
963
1045
1138
1236
1346
1443
1539
1443
1248
1070
1048
1119
1085
911
659
443
277
270
286
238
61
-161
-323
-375
-306
-222
-232
-305
-338
-362
-325
-276
-233
-221
-220
-203
-204
-153
-87
-30
-13
2
16
12
-7
-71
-66
-60
-89
-154
-250
-319
-374
-361
-291
-227
-206
-254
-256
-260
-219
-147
-111
-94
-132
-151
-133
-119
-133
-158
-210
-237
-267
-294
-299
-277
-204
-142
-92
-107
-164
-185
-166
-133
-94
-77
-118
-203
-280
-312
-304
-294
-299
-343
-386
-385
-346
-309
-291
-315
-336
-351
-353
-326
-269
-221
-204
-176
-169
-164
-150
-107
-65
-31
20
48
100
179
269
383
469
562
650
717
796
871
974
1077
1180
1257
1335
1288
1137
1046
1048
1143
1098
951
755
541
399
394
375
329
143
-100
-243
-314
-249
-215
-215
-315
-406
-482
-434
-327
-286
-251
-277
-264
-246
-198
-123
-70
-33
-16
-21
-29
-26
-58
-75
-102
-165
-248
-338
-367
-374
-329
-273
-255
-302
-334
-377
-360
-308
-257
-204
-209
-254
-284
-269
-276
-269
-296
-312
-311
-311
-308
-273
-255
-187
-132
-137
-121
-142
-102
-83
-58
-46
-99
-156
-226
-273
-276
-235
-231
-247
-291
-355
-347
-340
-314
-315
-323
-327
-315
-279
-264
-244
-237
-244
-252
-251
-236
-223
-194
-168
-142
-109
-62
16
101
188
270
361
428
490
577
639
735
817
943
1028
1088
1181
1214
1156
1086
1080
1136
1210
1111
934
752
605
500
476
459
345
125
-75
-154
-175
-145
-168
-231
-347
-428
-414
-315
-212
-170
-163
-193
-186
-167
-120
-48
6
10
-11
-8
-8
-38
-87
-105
-159
-236
-297
-300
-310
-300
-304
-303
-328
-356
-373
-396
-371
-332
-282
-291
-316
-336
-349
-330
-298
-305
-296
-281
-280
-271
-243
-203
-130
-85
-59
-54
-58
-26
-14
17
18
-13
-91
-134
-143
-140
-97
-106
-152
-214
-258
-249
-214
-199
-228
-245
-254
-250
-241
-216
-208
-222
-228
-256
-261
-248
-241
-206
-193
-176
-140
-79
-35
10
85
144
199
226
281
353
430
525
609
654
724
807
900
1000
1106
1158
1121
1093
1101
1175
1170
1031
866
706
589
495
458
414
245
52
-87
-159
-159
-174
-226
-315
-363
-358
-307
-235
-192
-214
-260
-267
-252
-198
-122
-70
-58
-87
-129
-155
-169
-183
-175
-179
-198
-202
-222
-248
-262
-279
-303
-311
-336
-355
-364
-369
-373
-359
-371
-405
-415
-411
-383
-375
-344
-306
-281
-245
-227
-228
-196
-158
-99
-49
-44
-34
-66
-63
-71
-60
-57
-82
-108
-127
-122
-89
-76
-99
-130
-190
-212
-195
-190
-199
-232
-273
-266
-273
-261
-273
-280
-301
-343
-357
-339
-287
-268
-242
-221
-214
-193
-165
-115
-81
-46
1
30
88
167
240
316
397
460
530
612
710
793
915
1015
1080
1074
1036
1018
1032
1104
1052
917
775
630
523
450
431
380
209
33
-68
-72
-80
-90
-132
-230
-338
-407
-373
-298
-273
-262
-303
-339
-332
-317
-260
-232
-243
-245
-243
-182
-133
-100
-77
-112
-163
-206
-229
-230
-230
-236
-274
-338
-388
-432
-455
-471
-460
-437
-419
-418
-395
-337
-320
-304
-278
-219
-205
-186
-189
-192
-144
-82
-45
-34
-56
-104
-92
-64
-23
20
18
1
-12
7
29
25
6
-48
-104
-138
-140
-129
-116
-138
-173
-204
-238
-237
-239
-244
-245
-249
-254
-236
-224
-218
-221
-251
-252
-242
-239
-226
-213
-205
-167
-111
-48
5
84
171
256
359
425
530
615
697
753
847
944
1001
1055
1024
974
944
971
973
901
802
722
612
553
524
499
414
271
134
42
-4
-65
-116
-185
-263
-365
-375
-338
-337
-354
-379
-401
-392
-343
-282
-197
-136
-129
-118
-110
-106
-85
-70
-57
-82
-131
-174
-224
-255
-300
-331
-357
-424
-441
-439
-444
-417
-390
-378
-368
-369
-366
-327
-319
-249
-220
-177
-176
-174
-180
-172
-123
-88
-55
-36
-40
-29
10
49
83
75
36
-24
-38
-19
10
18
2
-38
-82
-101
-115
-118
-123
-149
-184
-191
-188
-178
-178
-220
-230
-262
-275
-296
-308
-331
-357
-366
-382
-384
-352
-315
-275
-229
-185
-116
-53
23
99
187
287
357
445
513
566
624
664
709
780
846
889
885
849
853
910
946
923
831
740
651
598
575
529
446
297
154
66
42
-11
-82
-165
-239
-326
-359
-322
-295
-266
-266
-274
-240
-217
-211
-160
-125
-92
-90
-95
-93
-96
-108
-151
-195
-258
-296
-325
-338
-335
-350
-365
-381
-424
-430
-429
-409
-365
-316
-283
-274
-292
-307
-300
-267
-210
-183
-203
-206
-188
-154
-83
-34
-5
-16
-38
-63
-20
38
73
77
39
12
18
33
42
52
54
12
-18
-11
-3
1
2
-8
-21
-66
-72
-88
-144
-180
-244
-319
-356
-388
-436
-422
-421
-415
-410
-395
-359
-326
-252
-170
-80
-38
32
86
127
184
263
312
326
361
379
422
482
536
561
621
673
733
785
776
777
788
824
842
760
699
624
547
492
468
438
341
194
96
47
19
-15
-49
-66
-129
-198
-202
-175
-183
-169
-172
-184
-172
-202
-195
-195
-209
-238
-234
-219
-229
-233
-231
-236
-236
-257
-285
-279
-273
-282
-277
-252
-270
-282
-296
-282
-295
-287
-277
-289
-289
-288
-263
-239
-185
-153
-138
-147
-149
-118
-73
-40
-6
10
8
18
40
75
86
104
114
102
121
144
182
190
211
220
206
215
191
162
126
58
8
-49
-143
-184
-234
-285
-320
-354
-380
-415
-426
-406
-377
-344
-292
-227
-194
-158
-133
-112
-55
-21
-14
2
27
47
78
130
158
208
251
275
320
375
435
484
549
605
651
679
687
663
685
708
714
679
622
566
514
488
495
506
465
400
329
284
232
190
147
101
35
-30
-94
-138
-166
-202
-266
-276
-285
-283
-265
-269
-257
-233
-217
-202
-188
-198
-196
-181
-179
-179
-213
-248
-258
-302
-343
-352
-342
-346
-336
-317
-315
-297
-272
-257
-264
-256
-245
-226
-201
-185
-171
-164
-158
-146
-141
-110
-94
-71
-32
0
32
78
134
182
250
281
283
280
271
265
220
181
132
73
42
-12
-50
-91
-161
-202
-230
-266
-274
-287
-277
-286
-272
-274
-280
-275
-276
-279
-269
-265
-266
-244
-244
-227
-217
-187
-157
-148
-122
-77
-71
-23
4
24
53
90
120
134
159
190
213
247
283
328
372
431
494
548
611
642
686
713
728
725
713
705
671
635
569
502
427
350
250
194
142
77
44
-2
-42
-94
-118
-157
-166
-189
-190
-205
-224
-219
-235
-278
-300
-347
-352
-369
-389
-391
-383
-377
-367
-360
-355
-336
-334
-315
-341
-342
-330
-307
-318
-323
-310
-322
-332
-343
-329
-314
-280
-254
-221
-166
-119
-71
-13
41
88
128
154
191
212
212
220
215
204
202
165
140
115
69
55
38
32
10
-15
-28
-41
-59
-67
-82
-112
-139
-171
-197
-205
-208
-220
-240
-245
-249
-244
-236
-229
-214
-185
-174
-177
-165
-160
-152
-149
-134
-143
-140
-125
-119
-91
-75
-58
-12
48
124
201
313
389
478
554
606
660
711
733
752
764
752
729
674
611
561
494
435
383
311
248
175
125
69
42
2
-28
-73
-95
-128
-166
-195
-240
-264
-295
-305
-311
-309
-304
-297
-296
-289
-284
-285
-286
-284
-271
-268
-279
-288
-298
-313
-332
-342
-368
-387
-372
-382
-368
-364
-336
-303
-263
-214
-205
-159
-116
-71
-48
-10
38
66
74
103
117
108
133
145
128
125
133
129
118
121
134
114
87
68
65
42
7
-34
-63
-95
-119
-150
-180
-187
-216
-232
-242
-236
-228
-219
-203
-185
-168
-159
-184
-191
-173
-181
-194
-212
-253
-266
-275
-292
-281
-285
-251
-207
-164
-98
-29
41
117
166
243
311
384
471
534
592
619
645
647
639
651
648
639
631
609
569
535
489
430
398
353
294
238
199
142
102
41
-22
-73
-118
-155
-179
-191
-213
-217
-226
-219
-215
-199
-201
-208
-202
-219
-214
-215
-249
-264
-268
-295
-320
-336
-325
-367
-378
-349
-349
-319
-298
-272
-260
-228
-196
-155
-113
-103
-78
-54
-31
4
18
12
14
24
35
56
95
110
107
108
124
146
160
160
154
136
114
102
84
46
18
-6
-15
-45
-59
-69
-89
-92
-108
-91
-89
-92
-94
-100
-106
-121
-143
-172
-194
-204
-233
-274
-294
-314
-326
-323
-332
-297
-293
-272
-224
-192
-124
-53
-6
52
107
155
203
210
243
290
320
359
423
451
474
542
541
549
546
554
556
549
558
540
514
469
433
385
333
273
209
144
91
44
16
-1
-48
-86
-97
-101
-141
-134
-132
-156
-158
-161
-172
-188
-188
-220
-232
-242
-266
-289
-282
-295
-307
-305
-299
-290
-283
-272
-246
-229
-217
-185
-168
-152
-160
-148
-133
-135
-136
-135
-126
-111
-102
-88
-58
-55
-34
1
-12
13
30
44
40
43
43
33
43
30
48
41
17
12
2
-9
2
-13
3
9
4
13
-2
-49
-53
-63
-106
-166
-189
-197
-237
-255
-265
-292
-318
-326
-332
-320
-303
-270
-232
-217
-184
-165
-124
-95
-95
-63
-41
4
47
69
81
121
155
179
207
236
268
297
347
375
412
440
463
472
475
449
446
429
412
384
372
341
299
283
249
207
173
131
106
88
78
50
39
30
-17
-45
-55
-64
-102
-117
-140
-136
-135
-148
-142
-157
-165
-172
-176
-178
-160
-148
-150
-149
-129
-131
-138
-142
-152
-141
-147
-165
-152
-150
-153
-150
-131
-115
-113
-85
-104
-111
-80
-91
-89
-88
-96
-70
-60
-76
-69
-60
-61
-65
-45
-40
-25
-8
12
25
35
77
82
73
70
51
36
29
25
-8
-32
-48
-83
-129
-144
-183
-192
-202
-211
-201
-190
-171
-166
-151
-156
-125
-112
-94
-92
-73
-59
-44
-19
-18
-10
14
38
55
59
91
96
112
151
189
210
235
257
280
308
309
324
331
327
327
349
347
353
347
343
307
281
268
256
222
205
183
150
130
92
66
20
20
-23
-45
-71
-75
-75
-86
-104
-106
-97
-117
-136
-126
-106
-106
-88
-89
-73
-82
-88
-96
-84
-83
-88
-92
-122
-105
-104
-95
-95
-92
-111
-124
-114
-116
-136
-142
-150
-177
-185
-173
-187
-200
-194
-189
-185
-175
-165
-156
-130
-95
-55
-36
-5
17
39
46
50
68
67
77
58
48
42
15
0
-36
-53
-80
-99
-98
-97
-101
-102
-106
-112
-91
-95
-91
-83
-85
-88
-90
-77
-72
-65
-69
-69
-53
-22
-20
-12
10
22
37
51
93
98
112
139
150
170
205
199
230
248
261
283
293
295
312
315
301
323
315
318
305
288
258
230
211
197
169
139
114
79
51
27
30
-1
-28
-52
-74
-77
-69
-66
-48
-69
-60
-46
-55
-37
-52
-49
-45
-42
-40
-42
-38
-40
-25
-37
-33
-39
-49
-65
-89
-83
-104
-125
-124
-164
-178
-186
-202
-208
-225
-232
-236
-245
-216
-198
-188
-163
-149
-92
-94
-68
-15
-10
16
37
55
72
74
76
68
65
63
44
40
36
20
3
0
16
8
-2
-7
0
-8
-20
-36
-40
-44
-41
-49
-61
-57
-60
-56
-41
-54
-58
-35
-35
-26
-17
2
17
29
33
28
52
63
71
82
85
119
127
150
166
179
210
214
239
256
260
271
282
270
264
260
244
238
215
196
193
153
148
121
94
100
65
63
46
30
11
1
-3
-17
-4
-10
-4
3
-3
1
-21
-7
2
-2
14
16
35
1
-1
-8
0
-1
-43
-45
-85
-105
-99
-110
-136
-158
-194
-186
-222
-241
-247
-257
-267
-270
-257
-241
-220
-205
-190
-177
-155
-137
-105
-89
-88
-58
-37
-31
-16
-23
-14
2
9
7
3
8
15
22
20
5
-4
-6
-13
-12
-13
-1
-29
-41
-43
-37
-44
-65
-49
-63
-72
-64
-44
-51
-46
-25
-19
-11
-24
-6
-1
8
19
18
38
49
57
67
77
104
104
123
137
162
189
191
206
227
233
224
235
224
216
210
201
198
180
187
175
145
139
137
120
86
87
66
47
24
9
2
5
-31
-25
-19
-48
-48
-47
-60
-52
-53
-66
-67
-52
-45
-55
-46
-63
-54
-81
-91
-104
-121
-126
-123
-142
-158
-166
-194
-207
-218
-231
-224
-243
-230
-203
-209
-193
-182
-163
-156
-156
-140
-110
-91
-89
-58
-45
-36
-30
-31
-9
8
12
28
56
53
64
60
70
61
54
73
63
75
68
64
37
38
31
16
6
-5
-21
-43
-41
-48
-54
-53
-47
-44
-44
-52
-43
-21
-32
-6
-13
-10
16
18
33
57
69
87
95
99
129
127
144
139
147
153
163
163
172
174
188
180
173
178
180
190
172
181
188
178
160
151
135
136
120
104
108
79
70
58
47
39
12
-3
8
-3
-30
-30
-45
-44
-44
-49
-55
-58
-65
-64
-87
-105
-106
-116
-129
-131
-142
-158
-180
-171
-189
-216
-193
-181
-185
-173
-159
-169
-159
-158
-152
-134
-120
-121
-113
-83
-87
-76
-63
-56
-50
-38
-17
-14
11
32
32
34
56
53
49
56
58
68
69
69
61
68
53
40
53
51
56
54
65
44
35
25
21
3
-6
2
6
4
-5
-19
-17
-15
-13
-2
4
14
23
55
62
64
84
89
98
105
110
117
122
142
140
145
157
164
181
179
187
213
207
205
192
196
211
191
192
187
170
184
172
167
150
117
105
96
75
80
55
39
30
3
4
-10
-34
-40
-55
-73
-88
-101
-103
-127
-130
-132
-142
-148
-159
-181
-185
-195
-211
-211
-212
-217
-215
-192
-187
-191
-183
-183
-170
-166
-141
-151
-147
-117
-115
-115
-109
-91
-70
-53
-43
-35
-8
-2
10
31
52
51
63
78
75
95
97
121
113
140
142
123
158
159
167
141
143
150
146
138
139
128
120
122
100
96
75
66
52
52
45
18
39
49
38
26
23
37
57
74
76
93
87
105
116
106
123
124
135
124
121
147
171
177
181
193
205
207
197
195
193
189
185
177
171
183
167
145
130
105
123
84
74
68
35
34
11
2
-5
-27
-28
-52
-77
-100
-117
-132
-140
-151
-178
-180
-177
-201
-203
-205
-232
-240
-228
-212
-228
-213
-226
-217
-197
-188
-199
-194
-173
-171
-140
-142
-121
-103
-99
-94
-72
-61
-45
-41
-22
9
17
36
50
61
69
95
106
112
116
137
130
153
165
166
178
182
195
198
202
195
195
195
187
183
186
171
157
145
123
103
90
97
68
59
61
37
27
14
12
10
7
29
8
0
17
22
34
36
39
50
56
66
82
82
89
112
113
104
114
135
125
126
135
141
134
111
126
108
112
114
96
91
71
59
50
57
44
22
11
5
-5
-22
-27
-65
-47
-62
-61
-79
-84
-77
-93
-101
-131
-135
-156
-173
-181
-176
-203
-218
-216
-220
-235
-236
-211
-216
-195
-191
-176
-153
-153
-140
-120
-102
-100
-93
-83
-49
-36
-12
9
16
41
48
62
75
86
103
118
128
146
159
168
176
192
205
203
205
214
222
231
238
239
233
234
246
233
216
222
194
188
184
158
165
150
136
120
100
94
80
64
57
40
27
22
29
23
21
12
26
15
2
15
13
21
13
24
27
24
25
30
18
26
32
40
28
46
49
48
56
49
50
48
59
43
42
32
29
23
31
26
9
9
-7
-13
-11
-14
-13
-20
-17
-27
-35
-27
-45
-59
-56
-59
-82
-90
-100
-104
-124
-140
-148
-154
-163
-165
-168
-186
-178
-183
-169
-170
-173
-165
-168
-162
-161
-145
-139
-111
-113
-95
-64
-56
-46
-52
-25
-14
-14
6
25
30
29
48
62
60
68
61
74
98
100
119
121
135
145
162
149
159
159
147
153
153
157
138
148
128
119
118
98
99
87
85
73
63
61
48
41
41
29
26
20
18
31
10
-12
-1
-11
-6
2
-7
0
-13
-7
-13
-13
-15
-19
2
-8
-12
5
3
7
13
-4
6
3
8
-12
-8
5
-6
-8
-4
-9
-17
-30
-28
-29
-14
-15
-45
-28
-21
-32
-32
-27
-30
-42
-43
-48
-55
-66
-73
-80
-88
-103
-116
-108
-132
-116
-125
-132
-144
-142
-145
-158
-162
-159
-161
-160
-165
-155
-144
-139
-115
-130
-101
-94
-78
-74
-68
-34
-41
-35
-24
-22
-32
-17
-3
0
5
32
26
29
46
62
82
75
98
89
92
93
107
105
113
110
99
118
122
115
119
116
109
110
97
94
107
95
88
84
78
67
60
60
63
53
45
54
58
55
38
48
45
38
38
12
21
23
4
9
7
-3
0
-8
-7
11
1
10
27
0
13
-5
-5
-1
-24
-24
-25
-17
-32
-37
-39
-36
-31
-32
-32
-36
-41
-44
-35
-35
-27
-34
-29
-36
-47
-50
-42
-37
-48
-48
-65
-66
-59
-71
-77
-89
-105
-108
-107
-111
-124
-127
-141
-124
-128
-119
-116
-115
-99
-115
-88
-84
-91
-66
-66
-54
-56
-53
-35
-39
-25
-32
-20
-5
11
14
13
8
26
26
37
45
47
57
57
68
72
81
84
94
91
93
92
98
91
102
106
110
109
107
104
98
107
95
93
81
66
60
45
42
54
48
41
37
22
23
11
11
28
18
27
28
-2
21
7
2
-17
-27
-29
-38
-27
-49
-43
-34
-56
-62
-73
-77
-94
-95
-93
-100
-97
-94
-106
-94
-89
-92
-94
-79
-80
-86
-89
-73
-56
-72
-65
-80
-99
-89
-81
-81
-70
-80
-90
-91
-72
-90
-96
-90
-111
-85
-108
-101
-105
-105
-95
-95
-91
-112
-91
-98
-106
-102
-93
-75
-67
-69
-63
-78
-74
-74
-68
-78
-83
-83
-56
-63
-56
-48
-53
-56
-53
-50
-49
-45
-47
-46
-52
-45
-39
-33
-32
-29
-36
-29
-26
-38
-17
-31
-20
-4
3
16
1
4
9
6
12
19
-10
2
1
11
16
8
15
-7
-9
-10
1
-6
1
0
-20
-12
-15
-15
-14
-22
-20
-34
-39
-39
-46
-48
-72
-74
-80
-80
-88
-90
-82
-111
-127
-122
-122
-109
-112
-108
-105
-108
-120
-106
-83
-91
-74
-99
-95
-88
-89
-81
-94
-96
-92
-90
-85
-85
-94
-74
-87
-90
-95
-84
-89
-108
-82
-99
-81
-91
-97
-95
-84
-82
-97
-76
-61
-48
-57
-58
-64
-47
-53
-55
-54
-63
-54
-48
-59
-36
-49
-50
-51
-48
-39
-38
-37
-46
-37
-43
-41
-37
-46
-56
-54
-40
-46
-34
-36
-38
-45
-36
-34
-20
-8
-10
-4
-25
-12
-13
-13
0
2
12
11
19
26
30
0
0
33
26
22
24
25
22
39
42
44
45
53
60
65
52
43
45
36
26
24
25
19
-1
1
-31
-15
-22
-41
-31
-35
-44
-59
-57
-58
-45
-65
-63
-83
-81
-66
-70
-59
-63
-63
-57
-65
-74
-87
-85
-74
-84
-75
-84
-88
-97
-103
-108
-111
-133
-125
-121
-107
-109
-112
-95
-85
-88
-100
-80
-74
-58
-63
-73
-53
-54
-66
-44
-55
-52
-34
-32
-34
-43
-39
-42
-38
-31
-35
-54
-41
-38
-29
-23
-34
-31
-42
-32
-43
-45
-47
-60
-52
-64
-57
-67
-67
-57
-53
-58
-60
-56
-64
-69
-67
-48
-46
-40
-37
-26
-35
-37
-41
-26
-22
-39
-34
-27
-45
-32
-25
-23
-11
-18
-23
-16
-19
-8
-9
-18
-10
0
-2
8
0
-21
-12
-9
-10
-17
-15
-22
-24
-22
-35
-24
-29
-46
-52
-51
-54
-67
-60
-54
-68
-68
-64
-72
-80
-78
-62
-48
-75
-66
-64
-68
-76
-97
-87
-90
-119
-142
-130
-127
-132
-129
-130
-127
-113
-115
-116
-110
-113
-109
-128
-103
-81
-101
-68
-69
-64
-64
-63
-56
-70
-61
-55
-41
-52
-47
-57
-55
-36
-47
-46
-16
-26
-50
-48
-31
-27
-25
-33
-25
-5
-18
-30
-23
-17
-30
-16
-22
-24
-8
-24
-10
-5
-23
-26
-35
-26
-25
-40
-38
-37
-29
-14
-28
-32
-21
-22
-22
-11
-19
-18
-5
-3
-9
15
14
11
8
13
11
18
18
17
25
20
28
33
17
23
21
13
22
9
8
17
15
-7
9
8
14
22
22
16
5
2
1
7
9
5
9
7
10
2
-7
-13
-20
-39
-46
-60
-64
-60
-80
-72
-82
-95
-87
-96
-99
-84
-92
-86
-88
-79
-73
-63
-60
-55
-56
-50
-42
-45
-55
-45
-41
-31
-26
-26
-11
-17
-15
-26
-10
-21
-19
-20
-39
-24
-15
-23
-31
-23
-27
-20
-22
-33
-21
-21
-9
6
2
12
2
15
4
7
8
1
-3
-7
-12
-29
-17
-27
-19
-20
-29
-27
-34
-36
-40
-36
-33
-19
-17
-21
-14
0
8
-8
-1
4
8
9
15
23
9
12
16
30
26
38
39
26
28
7
19
35
31
29
36
21
22
33
19
36
32
38
23
38
35
30
41
33
53
52
40
28
32
25
24
14
16
-2
-4
-6
-11
-5
-22
-2
-26
-25
-30
-23
-33
-31
-36
-42
-29
-43
-41
-50
-40
-47
-55
-46
-56
-43
-31
-29
-40
-40
-19
-21
-13
-26
-19
-11
-4
-7
-13
-13
-17
-11
-2
-7
0
-5
0
-9
-12
10
4
-1
-4
0
1
0
3
6
1
-7
-7
-2
10
-9
-24
-8
-15
-9
-5
-35
-13
-15
-24
-26
-25
-30
-32
-25
-36
-21
-33
-28
-21
-30
-33
-40
-24
-16
-23
5
-16
-10
-13
-32
-45
-41
-24
-31
-19
-26
-22
-23
-17
-14
-25
-13
-9
-26
-8
-12
8
14
16
28
23
36
22
35
29
20
29
28
31
26
24
18
6
14
14
0
-3
0
-15
-38
-38
-27
-36
-39
-33
-43
-46
-59
-55
-61
-67
-67
-66
-61
-68
-74
-73
-81
-71
-68
-69
-68
-60
-75
-57
-54
-69
-72
-52
-41
-49
-20
-45
-33
-27
-29
-38
-39
-25
-20
-12
-5
-12
-14
14
-2
-5
-10
-12
-5
1
-4
-19
-18
-5
-10
-2
-11
-23
-19
-12
-22
-30
-10
-30
-43
-36
-23
-21
-22
-26
-28
-30
-39
-31
-46
-41
-20
-18
-14
-14
-10
10
-18
-1
6
-15
-13
-15
-17
-25
-19
-16
-25
-30
-12
-11
-8
3
13
5
26
24
35
59
27
28
42
38
40
32
31
29
31
29
33
28
15
27
22
29
28
38
18
13
22
17
15
11
19
8
16
0
-7
-7
-8
-23
-22
-43
-41
-32
-45
-43
-44
-50
-56
-48
-44
-51
-59
-46
-50
-37
-32
-37
-36
-30
-23
-25
-22
-25
-37
-13
-8
-33
-20
-14
-17
-7
-12
-4
-4
-9
0
-15
-13
-11
-1
-8
-19
-27
-20
-31
-27
-25
-40
-27
-9
-34
-25
-19
-44
-18
-38
-45
-43
-46
-33
-40
-52
-39
-39
-56
-31
-35
-42
-44
-56
-46
-51
-52
-58
-55
-65
-61
-76
-75
-70
-74
-67
-65
-40
-50
-47
-52
-36
-37
-43
-25
-19
-13
-23
-11
-13
-18
-13
-3
-8
-19
-3
-6
-33
-16
-8
-21
-15
-15
-24
-14
-21
-24
-28
-26
-19
-24
-38
-36
-32
-35
-31
-44
-50
-60
-66
-76
-73
-48
-53
-71
-87
-86
-81
-74
-74
-89
-91
-79
-85
-88
-80
-87
-83
-86
-82
-80
-64
-62
-72
-59
-57
-44
-66
-39
-37
-49
-40
-42
-41
-53
-46
-42
-36
-41
-44
-57
-47
-52
-42
-37
-42
-48
-35
-42
-53
-68
-59
-54
-73
-61
-60
-59
-70
-59
-63
-59
-48
-59
-45
-59
-43
-52
-60
-69
-69
-65
-71
-68
-78
-81
-86
-84
-75
-74
-77
-81
-64
-75
-72
-71
-69
-50
-44
-30
-35
-37
-44
-34
-39
-33
-22
-31
-14
-24
-6
0
-2
-3
-1
2
13
13
-12
-13
-15
-6
-9
-18
-6
-7
-4
-4
-2
-3
-26
-18
-26
-22
-4
-5
-18
-19
-31
-41
-30
-33
-42
-38
-36
-53
-61
-53
-67
-48
-48
-62
-52
-55
-53
-63
-55
-45
-38
-32
-25
-26
-36
-15
-13
-27
-17
-16
-13
-18
-13
-6
-20
-13
-6
-4
-5
-9
-1
13
2
-4
-16
-10
-2
-14
-12
-5
10
-4
-6
5
0
-2
-5
-15
-19
-13
-30
-25
-27
-20
-17
-35
-35
-38
-46
-61
-61
-58
-62
-67
-62
-66
-63
-55
-52
-47
-57
-46
-35
-17
-21
-11
-23
-20
-13
-12
-14
-10
1
-16
-12
8
14
-5
-8
26
15
9
14
19
10
3
11
16
19
16
5
10
24
15
6
28
26
0
12
18
13
3
2
16
-2
3
-1
3
-5
-8
-5
-15
-5
-17
-33
-24
-23
-30
-38
-36
-51
-37
-42
-55
-45
-60
-38
-36
-48
-39
-34
-29
-24
-25
-20
-18
-15
-27
-24
-23
-18
-14
-41
-21
-25
-30
-26
-29
-16
-35
-37
-41
-37
-60
-60
-52
-43
-43
-52
-59
-62
-64
-55
-68
-71
-66
-75
-63
-70
-66
-68
-61
-70
-76
-71
-88
-92
-80
-84
-95
-84
-89
-91
-83
-82
-84
-76
-69
-74
-66
-75
-61
-43
-50
-49
-38
-50
-58
-61
-52
-45
-48
-36
-36
-48
-53
-35
-42
-31
-27
-50
-57
-51
-54
-34
-22
-39
-40
-36
-15
-25
-21
-8
-18
-23
-22
-30
-38
-40
-39
-30
-28
-34
-50
-50
-62
-46
-42
-40
-31
-42
-30
-39
-48
-35
-28
-42
-44
-37
-45
-40
-37
-20
-12
-25
-29
-33
-26
-37
-40
-27
-23
-30
-19
-25
-39
-29
-43
-34
-32
-15
-24
-22
-13
-21
-35
-43
-23
-52
-34
-21
-22
-25
-21
-24
-13
-16
-15
-23
-25
-21
-32
-27
-41
-33
-42
-45
-41
-49
-50
-61
-40
-46
-51
-43
-51
-57
-45
-44
-48
-32
-40
-45
-45
-36
-18
-29
-37
-27
-19
-8
-10
-4
5
7
6
4
1
8
10
24
14
6
17
14
19
15
13
13
21
18
4
15
23
20
26
34
29
23
23
18
15
18
13
11
18
14
4
6
8
12
-1
-3
7
-4
5
-1
8
-4
-12
-3
13
19
9
16
-1
11
27
19
35
12
6
16
19
21
18
20
28
31
20
19
10
16
11
9
7
22
23
4
11
-7
-8
-25
-19
-7
-22
-28
-36
-9
-28
-31
-36
-42
-41
-32
-44
-51
-54
-65
-61
-69
-68
-69
-81
-80
-72
-68
-73
-71
-73
-73
-63
-60
-60
-63
-56
-58
-48
-51
-51
-28
-34
-48
-40
-34
-21
-39
-33
-16
-24
-12
-12
-18
-18
-8
-16
-25
-20
-29
-37
-7
0
-10
-11
-23
-5
-6
-6
-9
-9
-4
-15
-18
-25
-37
-25
-23
-17
-13
-22
-27
-44
-43
-28
-40
-37
-36
-44
-46
-25
-40
-45
-34
-40
-55
-44
-38
-43
-30
-25
-11
-24
-14
-15
-28
-24
-22
-7
-4
-9
9
6
4
5
-1
1
11
10
10
16
5
-6
-8
4
-24
-2
4
-3
15
-9
-12
-15
-20
-15
-22
-21
-33
-24
-24
-28
-34
-41
-50
-38
-41
-61
-53
-48
-60
-53
-59
-60
-55
-55
-44
-59
-51
-46
-40
-35
-48
-40
-20
-30
-34
-29
-18
-13
-8
-16
-18
-15
-21
-12
-8
1
1
-1
8
0
-4
-6
1
6
7
-7
18
5
4
17
19
32
8
20
4
4
-3
3
0
-8
-3
-1
10
-1
-3
5
-4
-7
-11
-17
-2
-15
-26
-10
-5
-7
-5
-11
-8
-2
-15
-11
-10
-4
-2
5
18
-10
1
15
15
14
20
26
23
27
31
30
34
22
35
12
21
21
7
22
13
19
24
18
13
31
29
24
24
18
15
8
3
-4
8
-6
7
-11
-19
-3
-30
-41
-36
-40
-41
-35
-44
-44
-44
-40
-50
-57
-49
-44
-44
-53
-38
-35
-44
-36
-36
-24
-24
-23
-22
-28
-22
-33
-7
5
3
7
-6
-5
15
19
13
11
12
10
6
22
29
23
19
16
26
25
39
39
26
36
30
51
48
45
20
35
43
42
41
39
39
30
38
29
29
32
15
32
11
13
25
21
32
31
39
29
21
34
38
15
33
40
28
26
40
52
51
50
51
60
66
62
65
72
84
66
82
76
64
56
67
66
68
72
61
61
59
64
57
84
79
55
54
54
45
72
64
61
59
55
51
51
57
34
40
41
34
28
13
21
17
16
1
10
3
0
11
10
4
2
1
-5
3
9
8
14
29
26
15
27
13
22
32
13
24
19
16
11
7
5
16
15
14
15
7
12
10
8
22
29
33
36
39
37
51
47
46
38
45
42
41
38
30
40
38
50
56
39
42
38
35
38
24
35
21
38
40
27
32
28
31
24
19
33
35
29
35
39
43
33
31
31
43
49
48
22
35
30
9
29
24
25
31
33
18
25
30
28
19
19
35
46
34
21
32
31
31
24
14
31
2
14
22
16
8
11
23
20
18
23
-7
14
16
3
24
8
7
16
15
4
13
12
5
5
-6
-17
6
2
6
-1
-4
7
9
4
3
-5
6
3
-2
7
2
13
11
3
0
4
-2
4
-5
-8
-3
5
-5
-15
-2
-5
-5
-7
1
10
5
9
21
18
23
11
15
22
13
18
12
18
17
15
12
0
4
9
14
13
9
-2
6
14
-5
2
2
5
4
14
14
1
18
18
4
-8
2
10
15
-8
5
19
-9
-7
-6
-20
-14
13
2
3
6
2
13
-1
3
6
-10
5
6
8
12
6
15
24
14
28
21
32
30
33
33
31
30
25
28
24
32
18
35
26
6
9
21
10
18
15
10
10
5
7
-7
-6
5
-2
-2
-12
-10
-2
-15
-25
-22
-27
-29
-35
-23
-26
-40
-35
-35
-22
-28
-24
-22
-48
-41
-35
-30
-37
-37
-28
-17
-14
-15
-12
-19
-7
-2
-2
2
-6
-24
-4
9
9
27
34
13
32
16
3
24
21
26
43
46
51
37
40
35
31
40
31
43
33
42
43
39
30
41
47
41
39
31
42
36
13
11
23
15
21
16
2
16
18
4
4
-3
4
1
7
14
8
11
0
22
19
6
23
10
22
36
31
22
31
27
43
58
49
55
57
58
41
35
33
47
55
42
51
42
29
55
38
35
32
40
52
35
25
32
15
12
17
21
34
17
8
17
5
-3
-7
-9
-12
-20
-12
-2
-19
-17
-18
-26
-24
-24
-24
-22
-23
-30
-9
-17
-21
-12
-22
-6
8
-10
-8
-9
-8
-2
7
9
15
21
8
15
16
28
32
28
39
34
42
49
47
65
54
62
73
61
52
59
69
53
61
60
74
68
54
51
43
48
36
34
25
31
44
23
14
36
15
10
16
26
16
0
19
14
7
11
1
9
16
5
4
9
13
13
17
15
7
12
19
32
41
31
38
46
42
41
52
53
59
62
60
52
51
54
46
55
58
67
69
59
70
53
56
64
56
54
41
38
42
42
34
29
33
21
11
11
-4
-7
-14
-19
-12
3
1
-9
-6
-16
-25
-19
-17
-11
-7
-13
-6
-21
-10
-10
-31
7
-7
13
4
-2
23
13
22
31
21
23
39
32
44
38
48
48
45
45
58
55
70
65
61
59
62
61
51
61
51
43
49
57
51
56
66
50
39
36
51
33
34
41
31
30
32
28
15
10
6
21
11
3
9
1
15
20
14
11
1
13
10
10
21
34
30
19
42
35
19
37
34
40
41
35
30
46
42
46
59
40
47
48
39
34
59
49
49
59
60
56
53
54
55
60
51
47
39
33
44
43
17
27
30
33
29
20
29
27
16
8
7
21
13
9
1
9
7
-5
9
1
14
10
20
22
6
-1
6
21
10
12
21
25
14
17
15
31
31
32
33
61
47
37
55
49
54
43
45
53
53
49
64
57
58
39
58
62
61
66
56
55
58
60
46
45
38
26
27
25
6
4
13
19
2
10
4
-8
-5
1
-6
6
-3
-8
-11
-7
5
3
16
3
-5
1
29
17
22
31
14
20
27
26
23
13
29
29
28
33
34
41
38
34
46
59
44
59
59
33
45
55
48
44
30
37
31
26
27
20
15
18
11
8
8
12
12
-3
-17
-3
-18
-13
-7
-28
-25
-33
-24
-30
-29
-26
-22
-21
-36
-30
-33
-17
-19
-22
-9
-8
-12
-19
6
-21
-21
-2
-6
-6
4
13
11
12
6
13
32
33
22
28
49
52
43
50
46
51
65
56
48
53
51
56
53
51
36
40
40
36
43
35
40
43
32
34
19
9
16
12
12
0
3
15
11
6
15
14
3
4
-1
4
13
4
10
15
19
7
9
31
22
27
21
22
31
10
2
26
32
24
29
19
36
30
27
27
43
38
35
35
31
36
26
40
52
45
35
37
48
31
38
48
45
41
35
43
33
31
36
26
20
25
21
26
29
22
21
11
16
28
20
26
18
19
28
14
4
18
26
15
24
3
16
1
1
15
27
22
15
8
0
39
19
22
48
33
30
32
50
45
41
40
39
43
44
53
43
48
42
37
33
12
9
18
36
27
26
27
31
28
21
21
17
25
16
19
10
16
22
19
7
6
6
2
13
7
13
-1
-10
0
15
-16
-2
9
-2
-6
-17
-4
6
3
0
13
6
13
1
-11
-3
8
16
6
3
10
5
9
1
-4
3
3
4
-4
-3
-8
-11
-2
2
11
15
7
2
-2
14
13
15
14
7
1
7
-9
-8
1
-22
-10
2
-11
-11
0
2
-14
-7
2
14
-4
-23
9
8
0
-15
-19
-9
-14
-2
-9
-17
-21
-26
-24
-14
-11
-27
-25
-29
-31
-11
-21
-12
-8
-10
-12
-13
-6
-5
5
-9
-21
-25
-23
-23
-31
-30
-19
-22
-26
-27
-35
-43
-40
-42
-51
-51
-45
-34
-50
-47
-44
-70
-50
-34
-49
-53
-48
-49
-54
-38
-45
-47
-48
-43
-33
-37
-40
-51
-56
-32
-31
-44
-30
-46
-46
-42
-44
-44
-47
-38
-31
-49
-39
-28
-40
-21
-31
-19
-34
-42
-34
-27
-19
-14
-10
-23
-15
-15
-12
-23
-7
-20
2
-9
-4
0
2
-15
-25
-24
-34
-24
-42
-21
-25
-39
-27
-47
-31
-23
-41
-24
-15
-29
-35
-33
-28
-28
-48
-34
-28
-21
-32
-44
-42
-53
-61
-45
-34
-59
-44
-38
-39
-33
-28
-32
-36
-51
-45
-38
-35
-40
-30
-35
-46
-36
-19
-26
-27
1
-11
-23
-20
-18
-37
-24
-16
-14
-22
-16
-2
-4
-8
-28
-21
-31
-24
-23
-30
-22
-35
-36
-26
-28
-26
-27
-36
-37
-21
-27
-32
-37
-37
-25
-34
-27
-31
-38
-41
-29
-28
-31
-26
-36
-38
-32
-35
-39
-29
-22
-28
-15
-24
-30
-30
-21
-21
-28
-25
-30
-25
-30
-17
-21
-33
-22
-24
-19
-17
-13
-19
-22
-5
-14
-8
-10
-33
-36
-16
-25
-20
-6
-19
-23
-35
-29
-28
-42
-36
-35
-34
-36
-33
-29
-43
-39
-31
-25
-20
-31
-28
-28
-31
-31
-42
-38
-18
-41
-33
-32
-24
-19
-32
-33
-33
-41
-41
-38
-40
-28
-41
-32
-39
-41
-46
-45
-45
-44
-50
-53
-54
-39
-43
-37
-47
-54
-55
-43
-58
-61
-41
-35
-46
-58
-36
-43
-59
-48
-48
-46
-42
-53
-41
-50
-49
-43
-48
-56
-60
-51
-50
-60
-53
-50
-54
-55
-53
-42
-46
-49
-36
-56
-55
-51
-54
-57
-63
-60
-53
-48
-52
-53
-48
-55
-37
-36
-36
-34
-33
-27
-23
-7
-10
-14
-12
-12
-2
-12
-12
-9
-16
-11
-15
-12
-7
-2
-11
-8
-8
-19
3
-8
-7
-1
1
14
-3
7
15
6
10
-2
-4
8
-8
-10
-12
-19
-18
-21
-20
-10
-29
-32
-20
-13
-11
-19
-18
-20
-26
-10
-22
-28
-22
-31
-22
-18
-21
-23
-18
-23
-24
-25
-31
-33
-27
-35
-22
-30
-35
-31
-37
-40
-27
-29
-27
-20
-21
-24
-25
-31
-23
-35
-21
-26
-20
-25
-31
-21
-30
-21
-13
-19
-19
-21
-18
-9
-11
-26
-10
-17
-26
-12
-18
-18
-24
-13
-18
-23
-13
-15
-30
-14
-11
-15
-6
-10
-1
6
-12
3
15
-9
-1
-7
-7
-5
-2
4
-1
-6
11
8
4
-6
7
6
12
7
9
-2
13
27
19
24
6
15
13
18
3
-4
8
-4
9
5
-1
-8
9
-1
-8
-12
-9
5
-27
-19
-6
-20
-6
4
-5
-7
-16
-10
-12
6
2
-15
0
-10
-19
-2
-5
-16
-10
2
-12
-19
-27
-27
-18
-33
-23
-16
-12
-16
-18
-12
-20
-1
4
5
0
-12
-16
-26
-17
-16
-28
-25
-38
-27
-19
-20
-31
-19
-21
-23
-21
-19
8
-24
-3
-5
-2
-1
-4
0
-16
-2
-7
-1
6
-1
-5
6
10
-2
16
19
-6
15
7
3
11
7
23
3
7
11
8
8
10
14
18
6
4
22
6
2
10
5
12
31
37
31
38
20
23
31
21
35
18
33
15
44
57
51
35
39
49
56
52
32
54
38
47
51
55
54
60
58
55
65
61
54
53
62
83
69
63
65
77
63
38
71
56
63
59
66
57
57
76
67
69
78
78
75
69
66
79
71
62
66
70
82
79
90
83
78
85
76
68
73
69
64
73
65
72
65
65
70
77
74
78
67
72
68
76
76
61
69
56
56
56
66
64
65
74
72
68
70
75
78
63
67
68
59
68
83
69
80
72
67
68
57
60
59
65
66
70
79
81
84
77
86
87
78
85
75
78
76
69
82
74
83
89
70
78
71
58
70
74
83
84
81
86
69
70
73
69
74
82
68
77
96
79
80
92
71
74
75
72
76
54
51
59
41
51
64
64
66
56
64
75
56
59
60
52
63
63
67
67
66
61
54
48
44
58
63
44
48
49
48
48
40
40
53
44
44
51
46
55
40
31
49
44
45
53
44
40
32
47
33
35
30
28
51
34
26
30
35
56
52
49
49
38
55
40
73
75
62
60
45
53
55
45
47
46
55
54
67
65
39
53
48
58
52
57
56
70
61
57
63
62
85
74
67
58
73
65
65
71
77
66
68
60
58
50
74
84
76
75
64
76
63
59
71
72
57
51
56
45
48
60
41
53
30
51
35
32
58
53
65
65
63
77
51
46
54
50
54
37
48
49
67
61
72
72
65
74
83
84
87
87
79
68
73
71
76
79
92
80
62
70
71
77
76
89
79
68
69
78
83
66
81
88
77
82
77
79
93
87
68
66
73
73
53
54
62
58
71
66
60
74
63
63
71
77
83
82
82
71
69
97
88
78
93
99
90
89
92
83
93
105
98
98
85
84
81
77
85
87
75
90
88
78
86
92
96
90
80
80
94
88
100
92
93
87
76
84
73
81
73
73
80
65
69
65
58
59
61
54
51
63
58
70
59
44
70
61
64
58
51
62
34
69
58
47
70
51
52
47
56
54
48
65
52
43
48
59
59
60
62
48
56
72
41
51
57
47
52
61
60
54
75
55
57
62
63
66
63
60
52
53
48
51
48
39
41
41
35
28
39
42
41
58
46
48
53
54
37
35
50
36
34
48
42
38
38
40
49
48
26
36
38
43
51
40
52
45
68
51
42
66
56
58
52
43
64
54
60
72
58
52
54
62
61
56
54
50
50
48
47
25
41
51
43
50
51
50
45
39
36
53
45
35
44
36
27
23
15
33
40
34
28
13
12
20
21
14
14
20
6
15
26
3
-8
21
6
15
17
1
21
12
11
-7
1
2
20
14
15
19
18
14
9
23
18
35
30
39
43
35
28
31
37
35
21
19
33
32
29
42
29
18
19
30
25
14
38
21
17
27
39
35
14
35
21
13
41
23
23
23
20
11
16
16
39
31
15
27
19
26
20
15
11
14
29
42
25
38
28
40
39
32
34
21
45
33
36
32
45
41
55
53
36
54
53
58
56
48
48
47
56
51
43
42
44
41
28
50
43
31
49
38
40
29
26
22
43
34
40
50
40
46
44
55
50
44
56
50
45
55
47
36
48
48
39
46
25
20
43
35
32
50
52
45
39
35
54
48
57
52
56
74
63
58
53
55
68
63
54
58
55
58
62
74
67
61
65
56
55
47
49
48
71
59
56
70
66
65
52
55
57
41
68
59
45
59
49
41
43
32
25
35
48
46
28
33
30
30
28
21
34
34
31
36
21
32
21
22
34
24
24
19
26
17
36
38
24
24
34
42
45
34
26
29
30
5
17
21
18
16
27
6
13
24
20
13
13
28
16
10
8
27
15
22
29
25
19
28
44
27
29
43
43
29
31
33
21
16
30
30
18
32
34
28
25
29
20
25
31
10
29
34
19
27
29
35
19
22
11
14
34
20
22
25
36
33
37
30
32
31
24
33
16
33
29
16
21
21
29
22
21
15
20
29
26
10
16
24
20
12
16
13
14
23
26
19
10
16
6
6
5
18
14
20
12
-6
-7
19
5
0
8
12
5
-1
9
-7
-12
-9
-10
-4
-8
7
-1
-12
-14
-9
10
10
23
5
4
6
4
7
3
1
13
12
12
-13
-4
11
11
15
15
6
-6
-6
2
-8
-17
-8
-7
12
-7
-6
-8
-9
-11
-12
-13
-9
-11
-16
-5
-8
-19
-22
-11
-14
-13
-3
2
9
-1
-9
-9
1
14
9
5
-7
-6
10
6
-13
-12
-8
-2
1
-10
-4
1
1
-6
9
10
-9
-9
3
1
2
-3
5
-5
-6
-1
-11
-4
0
-5
-2
-22
-33
-7
-8
-8
-18
-26
-27
-7
-17
-21
-18
-16
-18
-16
-30
-43
-30
-30
-22
-27
-11
-14
-12
-13
-13
-24
-13
2
-10
-21
-13
-24
-39
-28
-22
-18
-9
-22
-13
-16
-31
-18
-10
-6
-12
-12
-8
0
-8
2
-19
-3
-8
-2
1
7
-5
8
12
17
7
3
11
-1
3
3
0
-9
0
-4
-3
-5
0
0
6
9
11
0
3
-2
-8
-5
-2
0
0
-17
-15
-5
-13
-2
-14
-11
-18
-18
-5
3
-14
-10
4
5
14
15
9
0
17
15
17
22
25
22
25
21
8
9
10
6
20
7
11
35
38
26
31
36
31
35
36
26
20
9
18
25
19
34
30
20
34
37
34
35
31
17
20
8
27
17
13
5
-3
5
-11
15
7
7
-2
-2
-2
5
4
-5
18
18
23
21
19
1
16
9
3
16
11
11
-12
7
8
2
0
-10
3
6
13
8
6
0
18
16
21
18
9
8
17
10
1
1
7
11
16
20
9
13
20
8
-1
8
10
20
6
13
3
3
2
-6
-7
2
-4
-5
8
-20
9
-4
-18
-23
-8
-15
-14
2
7
0
-8
5
-9
-5
-4
7
11
12
3
11
12
13
9
-12
-13
-3
4
-8
-7
-4
-2
-10
-8
-1
-9
-8
-12
-15
-13
-14
-26
-33
-34
-32
-39
-23
-36
-28
-20
-47
-36
-48
-36
-38
-35
-27
-38
-37
-18
-19
-36
-32
-43
-37
-35
-17
-24
-27
-29
-25
-39
-28
-43
-37
-25
-37
-25
-41
-28
-38
-35
-28
-30
-25
-30
-18
-20
-36
-30
-17
-22
-34
-8
-2
-11
-13
-27
-21
-14
-4
-5
-8
-10
-16
-12
-17
-22
-5
-15
-18
-37
-29
-9
-2
-3
-28
-14
-21
-15
-19
-23
-24
-21
-43
-28
-35
-50
-40
-50
-18
-33
-39
-11
-27
-33
-24
-23
-26
-25
-45
-28
-28
-27
-28
-40
-31
-32
-34
-33
-27
-27
-27
-10
-18
-3
-9
-13
-19
-12
-2
-5
-8
-10
3
-1
-7
0
16
-4
8
12
17
7
6
8
16
15
12
7
2
-5
3
11
6
4
2
-20
-16
-14
-29
-21
-23
-25
-5
-20
-15
-2
-17
-13
-33
-31
-24
-31
-34
-19
-16
-17
-12
-33
-27
-27
-24
-14
-22
-30
-30
-18
-35
-35
-20
-27
-29
-9
-20
-20
-6
-26
-22
-34
-24
-10
-26
-17
-12
-18
-4
-3
-11
2
-11
-3
-15
-12
-21
-20
-18
-30
-11
-26
-16
-19
-22
-7
-26
-23
-17
-21
-27
-28
-15
-11
-7
-20
-27
-15
-7
-12
-10
-18
-22
-17
-13
-10
-5
-6
0
8
-11
6
-10
-9
6
0
10
24
12
8
10
13
22
16
25
14
30
7
0
11
-3
8
-2
-10
-25
-10
-7
-11
-8
-8
-12
7
-1
-12
6
-3
-2
-8
0
-10
-10
-16
-17
-13
-13
-14
-25
-14
-23
-38
-33
-25
-28
-35
-41
-39
-36
-41
-32
-24
-26
-20
-35
-28
-29
-25
-35
-23
-29
-37
-20
-33
-28
-24
-27
-39
-12
-14
-20
-24
-21
-17
-26
-18
-31
-32
-34
-19
-12
-34
-39
-35
-42
-29
-27
-28
-31
-27
-41
-26
-23
-31
-18
-26
-19
-14
-16
-15
-19
-16
-27
-27
-26
-17
-33
-20
-5
-19
-9
-32
-24
-24
-23
-31
-29
-22
-42
-16
-24
-16
-28
-35
-19
-27
-26
-28
-23
-7
-28
-26
-27
-37
-15
-43
-44
-21
-16
-36
-31
-33
-35
-44
-37
-28
-32
-37
-43
-28
-35
-33
-53
-60
-45
-38
-34
-33
-25
-39
-51
-33
-37
-25
-39
-48
-17
-25
-27
-15
-21
-27
-25
-30
-39
-30
-34
-14
-21
-40
-31
-33
-30
-49
-44
-23
-30
-14
-10
-19
-26
-13
-20
5
12
-19
-7
-14
-4
-8
1
10
6
3
12
8
-1
7
2
10
2
2
-10
-33
-12
-10
-2
-4
-2
14
-14
-6
-4
4
4
-11
-11
1
1
-2
4
-5
-18
2
-15
-3
-8
-12
6
-14
-20
-9
-2
-8
1
-3
-15
-3
-8
-4
-12
-15
-8
-3
0
-5
-1
-13
-11
-16
-4
-15
-19
-11
-8
3
7
-5
2
-5
-18
-13
-17
-5
-21
-13
-14
-8
-2
-5
7
5
-8
-11
-3
-4
11
-7
-2
4
-14
-4
3
6
2
7
-18
-10
-6
-4
8
6
-4
11
10
6
-1
-9
5
-6
14
-3
-5
-12
0
-2
-8
2
-9
-9
-4
8
-2
2
5
4
4
1
-6
-11
8
-4
-24
-19
-11
0
-15
-12
-10
-16
-6
1
-3
-16
-3
-11
0
-6
-2
2
1
6
-3
-1
4
11
11
1
9
2
13
21
13
18
-16
10
16
-6
-2
-1
6
12
10
-1
-10
-3
-1
10
-10
-13
-10
-11
7
13
-5
-6
-1
-8
-11
-12
0
-5
-4
-16
-11
-13
-17
-17
-22
-5
-11
-30
-23
-20
-27
-13
-22
-16
2
-14
-16
-14
-27
-18
-13
-21
-8
-28
-11
-2
-8
0
-1
-1
-10
-4
-5
-20
-7
-18
-1
1
-6
-9
-7
-7
-23
-14
-15
-16
-3
-12
-15
-6
-17
-10
-15
-5
-7
-1
-1
-9
8
-6
5
22
17
-6
-3
13
13
12
14
14
15
19
25
29
33
12
27
29
9
23
26
35
40
39
12
22
24
28
32
20
23
18
23
23
33
31
17
20
18
22
14
23
14
7
4
-2
3
7
10
19
9
4
13
7
9
1
6
2
2
5
11
25
14
19
21
18
30
13
19
23
7
2
13
5
2
7
-1
12
12
4
0
11
13
13
31
33
20
18
33
19
24
35
23
31
18
28
28
25
28
41
35
29
20
26
28
29
43
25
23
27
35
43
36
44
28
49
35
23
34
20
35
18
30
25
20
27
21
33
35
17
27
26
41
36
32
29
27
17
24
24
39
44
22
26
31
33
27
29
22
21
25
27
23
22
25
12
14
21
24
6
17
35
26
34
14
11
10
2
16
4
1
9
8
6
5
6
-6
1
7
-4
3
-11
-6
10
16
9
16
-8
-12
-16
-15
-2
-22
-7
-2
-15
-11
-9
-16
-23
-10
-2
-18
3
7
0
-11
-14
-19
-13
-12
-12
-8
3
-8
-20
-13
-16
-16
-9
-19
-7
-5
-9
-11
-21
-21
5
-9
-13
-6
-6
8
5
14
-3
-4
2
1
5
-3
-15
-17
-4
-4
0
-12
-9
-5
-21
-10
-9
-21
-7
-8
-8
3
-25
-23
-21
-26
-21
-42
-24
-29
-40
-26
-33
-29
-24
-26
-44
-18
-11
-30
-36
-14
-15
-46
-25
-9
-20
-20
-19
-22
-27
-26
-23
-16
-16
-30
-19
-2
-8
-12
-14
-29
-9
-16
-9
7
-24
-12
-24
-20
-24
-29
-34
-24
-11
-13
-15
-18
-13
-5
-17
-23
-9
-19
-10
-16
-3
-1
1
2
-11
-3
2
14
13
3
1
-9
-7
0
6
14
-14
10
13
11
9
-7
-17
-8
-13
-9
-13
-6
-11
-7
6
-1
-10
-9
-4
-24
-7
-15
-23
-11
-28
-37
-34
-32
