43
50
35
13
26
24
25
46
22
24
34
27
16
20
26
12
16
25
33
13
20
22
33
27
30
39
20
26
23
17
32
30
26
28
17
27
8
6
22
29
18
11
20
13
23
23
11
15
22
25
12
19
20
10
14
15
7
7
17
16
10
12
9
13
20
23
6
9
5
21
11
-9
2
-10
-20
-14
-9
-18
0
-11
0
-4
-5
1
-31
-17
-1
6
-8
-18
-20
-14
-5
10
4
-3
-14
-19
-10
-18
-6
-11
-7
-6
1
-9
-6
5
1
15
4
-22
-2
12
-1
-9
11
3
-10
-14
-15
-5
-15
-3
-3
-7
-4
-7
-4
2
18
12
-2
12
13
-2
-6
2
3
1
-2
-5
15
-21
-20
-13
-8
-4
-9
5
15
6
-3
6
12
12
-7
5
-15
-3
-27
-8
-5
-5
-24
-21
-5
-13
10
10
-2
-12
14
9
28
14
17
19
14
9
12
20
13
16
21
19
10
9
3
18
0
10
17
7
13
6
1
8
8
6
25
5
7
28
25
16
20
15
33
18
7
36
24
30
31
38
34
27
29
32
23
13
12
16
9
21
20
15
33
21
29
23
31
38
36
29
43
39
36
30
25
35
33
28
30
29
9
18
24
26
12
22
18
-5
15
19
11
-1
22
1
-3
3
6
10
-4
9
14
9
2
1
13
5
13
15
13
8
18
27
10
16
19
10
15
9
11
8
-11
-9
5
-4
4
19
-6
3
10
7
5
3
14
10
7
2
15
18
4
6
9
13
1
20
28
11
9
13
14
10
13
15
13
-4
-8
-5
-4
-11
3
-3
-8
1
-1
2
4
12
11
-1
-9
-4
-17
-14
-9
-2
2
-5
-5
-9
-12
-4
-13
-5
0
-1
2
-10
-6
-7
-25
-15
-2
6
1
6
5
8
1
-1
-13
-4
12
5
14
3
-1
-4
10
2
-6
1
-3
-5
16
16
7
8
-15
-14
-12
-14
-19
-8
-12
-19
-23
-16
-19
-17
-28
-23
-15
-1
-2
-19
-7
-7
-5
-13
-18
-5
-2
-13
-14
-10
-21
-8
-2
-11
-13
-5
-6
-7
-1
-2
-8
-12
-8
-14
-8
-15
-12
-2
-6
1
-2
-7
-23
-21
-19
-24
-16
-20
-20
-17
-19
-21
-33
-36
-36
-28
-38
-31
-25
-30
-30
-35
-27
-19
-32
-23
-28
-21
-23
-40
-35
-33
-38
-46
-28
-38
-34
-39
-31
-28
-29
-28
-38
-35
-35
-36
-27
-42
-32
-14
-36
-30
-43
-42
-28
-17
-18
-26
-26
-19
-25
-24
-24
-24
-14
-20
-11
-15
-11
-19
-28
-18
-5
-19
-37
-29
-16
-15
-23
-18
-22
-8
-16
-18
17
5
1
1
12
-1
7
9
10
7
-2
-17
-21
-2
-22
-11
-19
-9
-3
-19
-18
3
1
-15
-19
-6
-9
-30
-14
-5
-14
-14
-6
-13
-2
-14
-22
-1
-15
-19
-15
-8
-10
-29
-27
-6
-19
-11
-11
-14
-10
-6
-13
-24
-7
-11
-13
2
-8
-20
-27
-17
-6
-19
-6
-5
-7
-14
-23
-14
-15
-22
-13
-4
-26
-18
-3
-6
-4
-25
-13
-10
-18
-23
-11
-10
-21
-6
2
-15
-20
-4
-10
-11
-24
-19
-16
-24
-23
-17
-33
-33
-19
-14
-13
-6
2
-14
-10
0
4
0
1
11
-9
-18
-8
-1
-11
-27
-18
-22
-27
-26
-26
-25
-34
-37
-25
-45
-52
-25
-27
-32
-31
-26
-25
-26
-36
-34
-32
-43
-44
-45
-43
-38
-43
-40
-43
-48
-47
-50
-56
-51
-57
-54
-38
-51
-57
-49
-39
-43
-42
-51
-44
-65
-64
-56
-60
-69
-65
-47
-45
-55
-43
-54
-43
-44
-45
-26
-41
-62
-63
-34
-63
-42
-28
-36
-32
-35
-34
-30
-31
-47
-52
-52
-50
-62
-66
-50
-57
-55
-44
-44
-43
-30
-52
-44
-72
-68
-42
-46
-42
-63
-51
-44
-38
-57
-47
-44
-60
-60
-47
-40
-66
-50
-40
-42
-59
-63
-51
-56
-48
-48
-53
-47
-64
-69
-52
-32
-51
-42
-40
-55
-30
-39
-46
-32
-37
-57
-49
-49
-59
-55
-48
-40
-42
-47
-29
-32
-31
-44
-35
-33
-48
-44
-40
-50
-46
-37
-39
-40
-58
-61
-34
-56
-59
-53
-51
-45
-41
-48
-45
-43
-43
-30
-42
-30
-33
-25
-18
-31
-38
-28
-29
-25
-20
-29
-15
-27
-19
-17
-24
-19
-26
-16
-17
-23
-16
-14
-6
-9
-11
4
-4
-29
-27
-9
-6
-29
-10
0
-22
-18
-17
-18
-4
-20
-12
-1
-6
-12
-16
10
2
-10
-13
-7
-7
-19
-27
-29
-23
-33
-24
-20
-29
-35
-27
-34
-21
-19
-46
-40
-27
-34
-42
-27
-26
-14
-36
-25
-7
-21
-23
-20
-20
-36
-10
-15
-14
-25
-18
3
-11
-12
-2
2
-9
-19
-9
4
-5
2
2
-4
-2
10
-7
1
-1
-7
-5
-17
-19
-24
-12
-24
-23
-29
-14
-26
-44
-18
-18
-19
-15
-34
-33
-43
-30
-23
-30
-30
-43
-22
-27
-24
-33
-24
-31
-16
-13
-21
-8
-23
-23
-29
-40
-35
-24
-25
-35
-53
-34
-39
-41
-36
-41
-44
-31
-34
-34
-36
-41
-24
-27
-21
-21
-34
-24
-21
-21
-22
-17
-8
-23
-19
-31
-27
-18
-7
-8
-8
-15
-15
-29
-15
-22
-24
-13
-25
-19
-24
-21
-16
-23
-25
-27
-44
-35
-42
-32
-34
-47
-23
-22
-14
-13
-25
-29
-28
-11
-23
-22
-38
-30
-30
-34
-39
-36
-39
-33
-25
-38
-27
-37
-43
-28
-30
-32
-36
-30
-30
-26
-23
-16
-22
-29
-26
-26
-35
-24
-27
-41
-23
-21
-13
-35
-36
-45
-37
-31
-23
-27
-22
-22
-12
-13
-26
-11
-14
-15
-36
-21
-34
-36
-24
-43
-31
-28
-37
-16
-30
-34
-39
-26
-18
-35
-23
-14
-19
-19
-22
-5
-11
-16
-11
-6
-13
-13
-10
-6
5
-28
-24
-8
-20
-33
-15
-9
-12
-32
-16
-15
-31
-11
-20
-6
-7
-13
-17
-19
-25
-10
-9
-19
-18
-23
-5
-27
-29
-24
-10
-13
-16
-18
-21
-21
-27
-18
-41
-36
-29
-34
-29
-43
-42
-34
-27
-29
-34
-36
-13
-29
-22
-16
-31
-23
-37
-36
-30
-39
-40
-27
-28
-30
-47
-29
-38
-32
-31
-20
-38
-42
-20
-37
-47
-52
-34
-29
-37
-28
-19
-32
-25
-43
-24
-22
-23
-3
-11
-16
-34
-28
-27
-34
-12
-21
-46
-27
-29
-45
-42
-28
-39
-37
-36
-30
-27
-33
-36
-34
-16
-34
-33
-38
-34
-30
-23
-30
-30
-28
-25
-39
-33
-21
-31
-27
-38
-20
-24
-37
-34
-29
-17
-23
-25
-25
-17
-17
-16
-20
-12
12
-1
-7
-8
-12
-27
-28
-10
-16
-14
-18
-20
-26
-19
-15
-14
-18
-22
-21
-8
-25
-18
4
-17
-5
-13
-10
-9
-7
-2
-4
-14
-4
-7
-14
-7
3
-15
-19
-22
-17
-29
-12
2
-8
-14
-1
19
0
-11
7
7
1
-9
-15
5
-15
0
3
-6
-21
-26
-15
-4
-5
-6
-4
-2
3
-13
19
2
-1
-1
0
0
6
2
6
22
14
15
6
10
4
-1
13
9
3
2
1
-7
-8
-6
12
11
-5
-2
-8
-2
-20
-18
-17
-18
-23
-24
-9
-19
-11
-24
-24
-11
-15
-20
-14
-26
-20
-32
-33
-27
-23
3
-12
-10
-12
-18
-19
-6
-6
-20
-23
-15
-6
-3
-11
-21
-8
-4
-14
-23
-30
-25
-20
-29
-56
-45
-24
-47
-44
-29
-24
-51
-42
-30
-44
-40
-38
-38
-14
-17
-28
-22
-19
-30
-42
-33
-35
-34
-44
-31
-39
-55
-41
-46
-33
-45
-29
-42
-47
-40
-31
-37
-43
-31
-8
-17
-35
-36
-31
-34
-37
-25
-45
-34
-33
-50
-30
-29
-34
-19
-28
-29
-20
-27
-4
-17
-24
-7
-14
-20
-17
-19
-35
-23
-23
-39
-30
-30
-56
-48
-52
-58
-51
-53
-33
-54
-52
-48
-38
-51
-47
-33
-23
-31
-41
-22
-37
-20
-37
-31
-20
-47
-50
-49
-45
-61
-63
-62
-71
-43
-55
-56
-35
-40
-19
-20
-23
-28
-25
-17
-33
-31
-27
-14
-27
-18
-27
-22
-27
-34
-23
-15
-18
-47
-28
-30
-41
-38
-27
-28
-32
-35
-31
-46
-44
-30
-42
-49
-31
-42
-37
-47
-49
-51
-45
-34
-50
-39
-50
-50
-50
-50
-45
-50
-38
-31
-51
-43
-35
-43
-48
-42
-30
-47
-19
-43
-40
-30
-27
-30
-35
-20
-29
-9
-17
-26
-22
-17
-40
-40
-27
-38
-27
-31
-37
-31
-33
-45
-62
-43
-40
-52
-53
-40
-48
-56
-49
-35
-37
-35
-41
-48
-44
-48
-39
-21
-37
-41
-38
-37
-38
-46
-28
-38
-40
-34
-36
-30
-35
-43
-51
-38
-40
-45
-32
-50
-54
-44
-40
-38
-38
-29
-22
-25
-36
-41
-39
-35
-37
-41
-36
-35
-56
-56
-50
-40
-23
-26
-17
-14
-23
-43
-29
-40
-25
-19
-43
-25
-19
-24
-33
-24
-35
-35
-31
-18
-29
-31
-32
-37
-35
-41
-45
-36
-29
-17
-29
-28
-25
-25
-26
-41
-40
-40
-27
-31
-44
-53
-48
-47
-48
-48
-46
-49
-53
-37
-21
-14
-36
-32
-3
-17
-22
-16
-12
-23
-37
-34
-30
-33
-33
-23
-11
-11
-10
-10
3
-12
-6
-4
-8
-21
-27
-7
-8
-10
-25
-19
-17
-18
-12
1
1
-17
-11
-7
-16
-17
-20
0
14
-8
-8
-5
-21
-29
-33
-28
-8
-37
-22
-17
-40
-28
-22
-2
-14
-15
-15
-24
-32
-22
-20
-28
-7
-6
-12
7
-4
-20
-5
-16
-12
-12
-19
-16
-22
-32
-24
-21
-21
-18
-7
-3
-9
-6
5
5
4
3
15
14
-7
-13
2
6
-10
-8
-6
-10
-21
-18
-22
-13
-14
-2
5
-21
-27
-30
-30
-21
-25
-37
-28
-32
-21
-22
-18
-14
-17
-26
-27
-20
-30
-36
-20
-28
-42
-39
-17
-40
-31
-37
-18
-16
-42
-10
-9
-5
-18
-2
-1
-3
-8
-6
10
-5
-12
-1
-23
-2
3
-12
-1
-2
0
0
2
0
3
-12
-1
-3
-11
-23
-9
15
0
8
13
7
7
12
-1
12
-4
-14
2
-11
-2
4
11
-6
-11
3
-2
9
-12
-1
-10
-24
-21
-13
-12
-20
-13
-17
2
-8
-10
11
4
2
-1
-10
1
-7
-13
-12
-20
4
-16
-6
9
-11
-4
18
4
-8
5
-1
-6
-10
-14
-11
1
-1
-7
-1
-10
-14
5
8
3
5
3
19
8
13
14
5
-3
0
-6
-7
5
6
-2
-8
0
-2
-14
-13
-4
-5
8
1
1
-18
16
31
16
18
26
17
29
19
15
33
6
18
-1
8
10
5
3
-12
-22
-34
-15
-8
-18
-31
-20
-15
-8
0
14
23
11
-3
15
0
10
19
5
27
9
17
5
17
-4
-5
-17
-27
-26
-21
-14
-22
-31
-11
-10
-16
-16
-1
0
-18
-7
-11
5
2
5
-5
-12
-3
-11
6
5
-1
-18
0
-2
-13
-16
-10
-19
-14
-15
-9
-14
-16
-12
-13
-15
-13
-8
-1
17
-16
-6
-5
8
-5
-20
-12
-15
-26
-31
-29
-23
-49
-40
-47
-51
-39
-53
-56
-53
-48
-50
-34
-42
-51
-26
-31
-42
-41
-40
-33
-46
-63
-57
-48
-47
-57
-51
-59
-55
-50
-54
-59
-75
-86
-75
-61
-76
-79
-70
-48
-44
-51
-34
-31
-24
-40
-29
-16
-41
-54
-46
-40
-60
-57
-64
-74
-65
-63
-80
-75
-62
-57
-57
-57
-69
-64
-54
-56
-55
-45
-48
-49
-45
-50
-47
-27
-45
-30
-41
-37
-21
-32
-24
-47
-41
-29
-27
-40
-72
-70
-36
-38
-42
-31
-33
-41
-32
-24
-16
-31
-31
-22
-33
-22
-11
-26
-35
-33
-47
-33
-32
-37
-46
-41
-41
-55
-52
-49
-33
-42
-24
-25
-38
-21
-13
-23
-39
-48
-51
-28
-28
-33
-33
-19
-18
-33
-16
-18
-22
-38
-21
-21
-33
-39
-27
-8
-31
-40
-32
-32
-53
-41
-47
-27
-26
-15
-19
-34
-22
-19
-4
-2
-5
-14
-21
9
4
-13
-11
-14
-7
-17
-8
-22
-19
-16
-16
9
-37
-40
-22
-18
-21
-36
-10
1
18
4
17
20
-12
-5
-5
2
-9
-28
-19
-13
1
-24
-35
-9
-21
-5
-25
-46
-19
-16
-32
-30
-30
-39
-31
-11
-10
-10
-11
-6
-10
-7
14
-8
9
0
24
17
-11
-6
-4
4
-5
-19
-31
-35
-5
-2
-4
-9
-27
-7
-1
7
2
3
2
4
-3
-5
-26
-21
-6
-1
-2
-9
6
-6
7
-3
16
0
0
-1
8
36
3
24
-3
16
33
20
27
18
-10
-1
22
-1
-12
-23
-19
-30
-40
-41
-29
-17
-13
-7
6
-1
15
22
11
3
-20
-19
-17
-20
-17
-37
-27
-12
-13
-6
-11
-14
-17
-41
-10
-12
-17
-17
-10
18
-3
12
0
11
-8
7
20
12
25
12
-5
10
11
-17
-16
-16
-27
-22
-29
-25
-20
-17
-8
5
6
-13
-5
-13
5
-2
-4
-18
2
-11
-13
-9
-16
-12
-7
-9
12
29
14
8
12
19
17
11
-1
3
-11
-4
-4
27
28
20
20
9
43
23
9
7
-4
23
14
1
12
15
22
40
36
43
35
6
0
5
12
-19
-16
-31
-32
-36
-33
-10
-29
-5
4
3
4
-12
-9
0
11
5
29
13
-10
21
8
10
3
-10
-35
-94
-131
-143
-135
-136
-124
-103
-52
-24
4
-1
11
33
43
114
110
135
103
93
127
76
90
41
4
13
-17
-9
-7
-40
-31
-38
-27
-35
-64
-30
-32
-42
-17
-32
-16
16
20
42
59
65
74
63
81
75
69
94
72
45
35
51
41
28
0
16
39
23
49
33
12
9
11
10
38
44
19
20
13
11
2
-23
-46
-31
-10
0
-16
1
7
28
42
46
64
55
68
40
54
37
43
20
13
33
32
19
27
46
32
50
77
83
75
63
65
80
30
23
25
38
52
16
29
30
39
36
13
12
17
45
53
61
43
43
65
25
76
52
62
90
48
63
48
20
35
36
44
56
34
49
49
50
86
95
91
78
85
88
90
100
95
89
75
90
82
97
89
74
91
76
101
85
49
45
45
60
16
14
7
10
30
19
28
39
56
60
43
39
27
15
30
34
8
12
41
25
48
48
40
37
33
15
40
54
74
66
38
48
60
72
54
79
52
28
43
37
45
18
31
33
29
64
36
39
72
78
70
86
86
81
64
58
58
38
56
41
46
16
5
35
2
24
2
-9
42
18
26
24
16
41
18
-13
3
4
6
32
23
61
71
62
83
69
67
84
78
85
79
57
54
38
34
39
51
25
42
59
74
56
61
68
70
62
79
103
58
42
24
41
44
36
23
26
22
36
22
18
21
42
50
95
98
88
100
96
85
75
63
33
49
30
64
67
69
71
35
43
56
38
28
4
-7
17
-4
8
47
39
37
18
1
36
2
6
3
-26
5
12
71
79
61
48
18
28
22
30
28
-1
10
-13
23
60
40
56
42
51
64
83
60
83
66
62
58
48
60
46
58
67
60
80
62
70
64
20
39
19
-2
1
-11
-18
-34
-19
9
39
22
39
60
52
51
36
69
23
42
19
34
51
29
47
56
43
31
36
30
58
9
19
39
25
15
-1
28
16
12
46
18
38
10
-6
12
26
26
-10
20
13
4
-13
-23
5
-4
1
21
3
10
-8
-10
-6
-38
-27
-69
-57
-46
-38
-2
32
50
51
68
100
70
41
41
15
45
21
22
22
57
88
64
63
46
42
35
25
29
-19
-63
-73
-62
-46
-46
-62
-60
-51
-16
13
47
71
59
46
37
14
-16
2
3
28
48
39
71
74
83
88
86
80
59
53
50
67
52
58
29
34
36
1
21
-9
9
-2
-11
-8
-20
-12
17
7
-2
19
1
3
-5
17
37
11
13
-7
-31
-14
-28
-19
-25
-52
-28
-26
1
3
-11
33
45
48
79
65
34
47
35
34
27
12
11
27
50
59
82
86
58
45
30
52
42
5
2
-7
7
-5
-9
-13
-23
-19
17
13
15
19
30
38
21
34
43
17
26
21
27
43
13
13
21
24
48
13
0
23
-12
17
35
26
22
29
54
41
52
44
21
27
20
30
34
48
56
45
58
79
74
95
121
83
66
69
65
45
30
28
-10
-1
9
8
17
-2
20
26
46
67
65
76
53
73
59
69
52
18
16
-8
6
15
23
2
-7
-15
-10
-2
-13
-6
-21
-18
17
0
26
37
47
60
57
52
45
19
2
19
17
10
24
33
24
25
39
44
29
50
55
58
51
23
6
-17
-8
-33
-4
-2
7
18
21
46
55
65
51
55
42
11
21
6
-16
-38
-67
-29
-21
-23
-19
-14
2
2
22
48
39
13
19
11
31
19
-15
-23
-25
-4
-3
1
14
6
12
23
17
-15
-5
-8
-35
-23
-43
-68
-65
-49
-62
-46
-33
-45
-37
-21
-8
-3
17
24
25
19
30
-10
-2
-6
-12
-35
-48
-13
-21
-23
-29
-42
-27
-35
-52
-76
-53
-39
-59
-7
9
14
8
8
-7
-12
-16
-2
-12
-6
-3
13
19
-6
-6
-6
-21
-36
-28
-9
-3
-18
-19
11
29
8
9
16
23
40
36
21
7
13
6
-8
-4
-28
-35
-22
-5
11
9
20
11
5
14
-7
-18
-7
-7
-18
-6
16
31
23
8
1
25
32
30
44
19
29
24
23
37
43
7
12
10
-12
-7
-18
-20
-15
-23
-19
-6
-10
0
5
16
18
17
2
-4
-14
0
-23
-15
-23
-25
-9
-17
-10
-2
-12
17
22
-5
19
22
10
-14
-7
22
6
7
4
3
38
24
58
66
66
75
59
65
51
45
19
5
0
-20
-9
0
1
-2
9
34
25
35
25
31
36
13
-8
-12
-10
-30
-24
-3
-7
6
8
35
59
34
36
34
26
5
-13
-30
-54
-78
-72
-69
-67
-47
-54
-27
-35
-28
-25
-32
-16
-34
-34
-34
-38
-45
-45
-63
-63
-59
-49
-45
-37
-23
-5
1
-13
-3
0
1
-24
-26
-19
-27
-25
-25
-40
-32
-13
16
40
35
53
59
55
55
63
67
60
48
49
72
60
49
69
96
93
104
106
101
87
56
75
64
71
70
50
31
45
45
38
40
39
39
38
53
59
59
52
76
72
72
67
74
83
73
81
81
91
107
113
125
108
116
97
104
94
78
83
59
55
20
14
2
-13
-60
-94
-99
-139
-162
-181
-199
-224
-249
-257
-276
-285
-295
-300
-300
-313
-314
-296
-277
-287
-260
-232
-207
-183
-178
-145
-127
-124
-100
-75
-76
-70
-84
-74
-75
-63
-40
-37
-15
9
32
64
96
94
109
154
197
214
247
277
295
320
364
386
420
452
485
515
521
549
599
624
673
715
741
808
850
927
989
1057
1082
1110
1116
1070
959
842
677
490
244
-38
-287
-541
-782
-971
-1122
-1221
-1256
-1246
-1166
-1029
-856
-697
-518
-357
-189
-54
38
126
203
246
256
274
284
291
305
295
303
285
233
170
66
-60
-202
-372
-571
-751
-914
-1075
-1203
-1291
-1326
-1305
-1252
-1158
-1024
-911
-776
-631
-504
-381
-275
-186
-104
-38
43
99
155
209
259
293
322
369
399
396
381
360
342
343
321
310
312
344
386
457
529
627
747
875
1029
1202
1393
1564
1721
1844
1912
1914
1856
1726
1541
1285
961
588
151
-274
-697
-1093
-1431
-1702
-1869
-1962
-1965
-1869
-1674
-1426
-1165
-879
-571
-289
-30
169
331
462
544
619
678
727
749
774
821
857
898
918
906
874
808
684
545
341
117
-163
-445
-705
-988
-1203
-1386
-1522
-1595
-1634
-1606
-1513
-1376
-1203
-1007
-824
-644
-467
-302
-146
-47
41
110
153
200
216
216
200
191
171
157
116
52
-18
-99
-177
-278
-336
-399
-447
-455
-459
-400
-339
-229
-106
7
136
283
434
581
714
841
980
1130
1267
1424
1614
1804
1989
2128
2214
2230
2208
2108
1933
1667
1279
821
323
-193
-705
-1148
-1549
-1889
-2125
-2225
-2219
-2085
-1862
-1598
-1270
-910
-539
-211
97
350
533
662
757
828
867
912
917
934
960
1012
1056
1059
1071
997
931
808
624
407
114
-212
-540
-840
-1135
-1378
-1572
-1705
-1789
-1762
-1665
-1513
-1324
-1113
-872
-643
-423
-234
-61
55
149
179
195
232
226
203
184
178
138
137
129
96
32
-41
-125
-225
-330
-430
-528
-613
-687
-706
-663
-627
-537
-417
-250
-76
111
297
487
681
844
974
1100
1236
1352
1443
1561
1707
1845
2028
2179
2307
2380
2391
2330
2211
2017
1688
1274
788
263
-298
-853
-1354
-1791
-2139
-2408
-2517
-2505
-2343
-2111
-1801
-1448
-1060
-637
-273
81
365
586
735
856
938
1022
1043
1004
1021
1030
1049
1058
1056
1037
977
874
732
570
341
75
-226
-573
-872
-1184
-1455
-1693
-1862
-1970
-2007
-1954
-1847
-1676
-1458
-1232
-996
-719
-458
-213
-35
124
253
334
381
408
423
394
351
324
296
267
232
158
117
75
-7
-111
-198
-279
-363
-446
-497
-513
-511
-456
-370
-235
-65
127
364
580
819
1041
1234
1439
1627
1782
1949
2073
2183
2282
2345
2332
2262
2149
1949
1700
1385
976
540
52
-448
-931
-1373
-1752
-2065
-2270
-2362
-2349
-2256
-2061
-1795
-1492
-1148
-771
-435
-110
190
434
620
781
900
998
1097
1123
1155
1185
1192
1193
1178
1104
1003
884
704
482
226
-66
-377
-694
-1000
-1268
-1523
-1714
-1856
-1930
-1927
-1879
-1764
-1603
-1408
-1175
-937
-684
-444
-206
-18
154
281
388
471
518
540
549
527
492
460
397
328
225
127
19
-96
-215
-337
-463
-560
-639
-700
-696
-669
-601
-501
-354
-172
36
249
512
765
1023
1279
1509
1734
1963
2158
2326
2477
2553
2605
2572
2452
2271
2013
1676
1254
768
232
-289
-825
-1339
-1757
-2123
-2401
-2586
-2642
-2567
-2389
-2150
-1843
-1497
-1125
-757
-396
-62
243
496
718
904
1056
1207
1306
1357
1388
1414
1395
1376
1297
1194
1035
827
598
336
47
-268
-589
-915
-1191
-1439
-1655
-1817
-1935
-1988
-1985
-1916
-1779
-1636
-1446
-1205
-959
-678
-403
-149
99
331
515
680
811
895
909
903
861
798
689
540
399
224
71
-94
-249
-402
-551
-661
-747
-824
-869
-864
-854
-804
-701
-581
-409
-207
-1
232
489
726
979
1227
1456
1692
1900
2099
2293
2451
2571
2639
2635
2570
2412
2179
1856
1465
994
444
-131
-692
-1219
-1707
-2142
-2486
-2709
-2803
-2789
-2658
-2422
-2146
-1783
-1402
-967
-566
-208
138
422
677
889
1048
1177
1286
1349
1392
1398
1406
1389
1335
1259
1109
949
728
491
232
-90
-392
-709
-1029
-1293
-1520
-1721
-1838
-1916
-1905
-1830
-1707
-1537
-1333
-1095
-863
-619
-369
-131
64
238
391
506
583
600
611
580
542
471
388
282
183
82
-69
-182
-290
-391
-508
-600
-650
-700
-717
-707
-646
-553
-431
-281
-90
109
350
580
814
1062
1288
1496
1692
1869
2039
2210
2341
2450
2462
2442
2347
2177
1940
1619
1239
758
219
-316
-843
-1354
-1814
-2197
-2499
-2670
-2749
-2731
-2569
-2337
-2035
-1698
-1334
-941
-571
-221
103
374
611
824
1004
1152
1280
1363
1438
1486
1530
1530
1493
1396
1282
1089
869
606
296
-33
-384
-731
-1051
-1341
-1585
-1768
-1896
-1968
-1974
-1923
-1810
-1643
-1465
-1258
-1038
-802
-552
-312
-103
123
281
449
580
691
785
828
815
789
729
643
523
342
215
43
-125
-279
-431
-555
-671
-749
-773
-781
-752
-695
-596
-474
-308
-132
29
251
423
635
853
1067
1284
1489
1703
1911
2109
2290
2454
2552
2578
2559
2442
2222
1942
1559
1091
547
-27
-590
-1141
-1669
-2103
-2459
-2688
-2789
-2786
-2650
-2451
-2138
-1790
-1421
-1017
-637
-283
40
314
568
781
960
1114
1257
1376
1460
1536
1584
1618
1596
1511
1384
1216
979
681
337
-15
-390
-765
-1105
-1432
-1663
-1840
-1992
-2046
-2026
-1952
-1828
-1642
-1423
-1187
-950
-698
-464
-241
-18
167
343
478
610
705
745
790
795
766
723
637
535
410
248
70
-108
-290
-466
-628
-782
-878
-952
-995
-974
-910
-800
-652
-461
-255
-6
236
474
718
940
1139
1333
1516
1667
1818
1979
2106
2236
2340
2396
2413
2338
2192
1968
1652
1242
765
213
-366
-934
-1523
-2023
-2433
-2765
-2924
-3001
-2964
-2759
-2470
-2101
-1687
-1283
-819
-407
-47
291
582
798
997
1155
1270
1379
1454
1501
1536
1565
1570
1516
1413
1291
1113
869
556
217
-164
-541
-946
-1290
-1580
-1802
-1973
-2070
-2084
-2013
-1869
-1720
-1494
-1255
-993
-750
-501
-273
-67
95
254
372
485
556
618
650
655
660
638
588
514
429
324
179
28
-138
-322
-455
-625
-747
-844
-913
-914
-896
-825
-699
-557
-376
-161
69
275
493
688
883
1055
1204
1345
1479
1602
1728
1865
2007
2149
2232
2265
2272
2176
1992
1738
1374
952
436
-136
-716
-1247
-1763
-2218
-2554
-2769
-2853
-2818
-2677
-2419
-2057
-1661
-1240
-811
-383
-9
312
610
817
1002
1143
1230
1338
1413
1445
1471
1477
1466
1423
1337
1198
1035
774
497
184
-174
-509
-882
-1227
-1514
-1733
-1925
-2042
-2080
-2030
-1932
-1754
-1535
-1295
-1017
-739
-471
-233
20
239
402
509
591
674
702
675
668
635
558
465
371
294
168
23
-110
-242
-400
-523
-653
-769
-835
-890
-914
-897
-811
-721
-595
-427
-222
-9
219
459
671
886
1066
1237
1383
1531
1669
1793
1920
2049
2167
2242
2249
2193
2111
1894
1605
1253
838
352
-199
-746
-1288
-1778
-2204
-2561
-2791
-2858
-2834
-2693
-2442
-2088
-1684
-1287
-838
-420
-2
324
601
863
1069
1230
1321
1421
1489
1524
1527
1504
1483
1418
1275
1106
929
683
367
44
-313
-646
-956
-1276
-1544
-1731
-1850
-1914
-1932
-1837
-1665
-1478
-1270
-997
-731
-471
-226
-17
185
356
459
521
595
661
661
614
609
569
505
426
329
232
108
-29
-189
-346
-491
-650
-780
-879
-943
-982
-971
-921
-807
-657
-497
-310
-71
168
380
585
762
928
1074
1190
1281
1368
1445
1527
1592
1685
1792
1898
1975
2020
2006
1930
1761
1519
1207
806
363
-141
-670
-1165
-1629
-2009
-2324
-2536
-2605
-2567
-2423
-2164
-1810
-1439
-1032
-628
-238
139
441
671
881
1039
1166
1235
1277
1341
1372
1389
1395
1377
1361
1289
1138
979
764
506
200
-155
-496
-845
-1165
-1450
-1666
-1803
-1870
-1885
-1810
-1651
-1475
-1245
-977
-701
-450
-216
-23
155
288
385
443
481
509
507
507
505
514
485
441
380
304
214
76
-82
-240
-410
-593
-737
-862
-979
-1028
-1028
-1013
-922
-776
-613
-424
-205
39
266
485
676
846
990
1095
1166
1227
1287
1317
1354
1434
1514
1614
1730
1795
1866
1856
1838
1715
1480
1199
815
366
-133
-655
-1171
-1640
-2040
-2331
-2548
-2611
-2530
-2347
-2073
-1723
-1284
-844
-433
-42
332
610
802
979
1091
1160
1208
1219
1273
1276
1269
1266
1276
1245
1169
1040
871
655
383
76
-299
-654
-1001
-1316
-1588
-1773
-1876
-1925
-1868
-1734
-1529
-1284
-1026
-773
-522
-285
-100
57
175
279
340
351
383
432
462
474
461
490
497
456
401
313
194
32
-141
-350
-521
-698
-844
-970
-1043
-1054
-1006
-924
-803
-604
-386
-188
63
310
512
699
826
947
1065
1099
1126
1147
1171
1186
1212
1268
1365
1507
1605
1730
1810
1856
1844
1728
1521
1232
857
402
-84
-632
-1140
-1623
-2037
-2323
-2523
-2579
-2514
-2321
-2030
-1666
-1274
-828
-435
-77
268
502
718
863
958
1033
1089
1130
1183
1235
1281
1314
1327
1319
1270
1139
946
717
400
65
-294
-672
-1032
-1322
-1564
-1714
-1774
-1771
-1669
-1523
-1324
-1109
-880
-642
-440
-300
-178
-94
-38
11
30
73
112
189
262
349
424
500
553
560
530
471
339
158
-27
-249
-476
-715
-874
-1020
-1108
-1128
-1074
-961
-807
-590
-373
-123
102
309
503
649
759
811
841
845
838
828
827
857
926
1037
1150
1330
1510
1683
1852
1953
1992
1946
1800
1521
1162
734
241
-272
-813
-1301
-1740
-2062
-2277
-2393
-2356
-2193
-1951
-1649
-1290
-907
-550
-240
40
265
432
554
655
740
810
906
974
1069
1194
1278
1351
1371
1368
1298
1149
890
591
269
-138
-510
-880
-1185
-1444
-1626
-1721
-1728
-1654
-1525
-1316
-1096
-888
-692
-510
-359
-255
-193
-151
-122
-98
-54
-7
62
157
266
372
456
536
570
541
479
366
191
7
-218
-437
-634
-805
-921
-981
-994
-934
-810
-655
-449
-250
-40
136
298
436
521
569
611
610
601
582
566
595
617
693
797
904
1058
1237
1397
1554
1692
1766
1798
1745
1618
1436
1136
791
418
13
-404
-822
-1188
-1467
-1687
-1838
-1885
-1836
-1706
-1541
-1348
-1096
-820
-565
-360
-137
71
255
397
554
715
866
1013
1145
1285
1426
1525
1541
1501
1426
1257
1021
730
414
47
-345
-679
-986
-1230
-1420
-1549
-1584
-1516
-1450
-1329
-1178
-999
-829
-731
-606
-508
-435
-367
-317
-260
-179
-83
24
146
286
420
524
630
695
698
644
544
399
232
32
-190
-381
-545
-697
-781
-815
-800
-724
-623
-500
-325
-165
-24
112
215
296
334
356
370
344
353
338
346
357
409
478
523
643
755
846
957
1062
1178
1248
1294
1340
1357
1321
1270
1187
1031
825
585
324
61
-226
-540
-816
-1061
-1269
-1412
-1492
-1495
-1442
-1361
-1218
-990
-748
-533
-280
-37
201
417
599
784
962
1087
1159
1215
1263
1261
1204
1115
982
815
595
371
143
-109
-371
-606
-800
-930
-1046
-1114
-1130
-1141
-1091
-1045
-957
-893
-831
-796
-763
-709
-655
-597
-548
-462
-365
-223
-84
99
243
392
512
575
659
659
608
506
385
238
85
-88
-215
-314
-387
-417
-412
-348
-256
-175
-90
-14
45
101
101
98
64
7
-63
-88
-128
-141
-116
-91
-14
68
194
330
459
603
751
866
987
1135
1245
1362
1484
1579
1649
1660
1642
1569
1399
1156
853
524
182
-233
-644
-993
-1290
-1565
-1729
-1786
-1742
-1637
-1518
-1277
-994
-702
-426
-194
80
285
445
597
738
868
946
1000
1082
1159
1171
1145
1105
1034
911
719
507
306
36
-278
-531
-764
-958
-1124
-1244
-1294
-1310
-1306
-1270
-1179
-1083
-985
-899
-798
-677
-567
-443
-305
-153
11
181
361
541
684
799
877
908
905
824
737
585
410
234
61
-87
-220
-328
-428
-489
-516
-513
-505
-501
-467
-454
-440
-435
-422
-388
-370
-333
-292
-236
-177
-107
-30
74
176
273
359
500
603
700
829
927
1042
1168
1284
1423
1525
1609
1698
1722
1714
1665
1568
1374
1088
768
430
60
-317
-696
-1019
-1278
-1498
-1610
-1646
-1596
-1479
-1359
-1171
-928
-676
-463
-269
-58
140
294
431
612
766
912
1021
1135
1246
1284
1275
1234
1130
965
731
443
175
-123
-446
-737
-944
-1114
-1242
-1314
-1319
-1263
-1203
-1115
-1007
-866
-743
-644
-550
-450
-334
-208
-55
93
266
425
601
769
907
988
999
971
883
762
580
393
202
-24
-230
-402
-537
-614
-697
-719
-716
-689
-658
-623
-566
-520
-486
-443
-395
-331
-264
-191
-100
-6
83
138
236
304
349
409
458
533
571
599
647
728
809
880
989
1128
1240
1350
1427
1503
1527
1469
1401
1293
1068
790
476
175
-140
-465
-756
-1013
-1193
-1345
-1430
-1438
-1379
-1296
-1200
-1081
-883
-689
-525
-357
-157
56
240
398
609
812
959
1038
1119
1194
1195
1125
989
858
650
417
166
-48
-221
-433
-610
-707
-789
-853
-878
-898
-863
-871
-860
-856
-811
-774
-745
-676
-575
-445
-330
-150
38
214
342
451
556
624
631
563
495
422
296
164
42
-63
-169
-265
-339
-382
-415
-445
-480
-499
-502
-548
-563
-532
-515
-487
-454
-414
-333
-272
-193
-133
-69
-38
-6
25
57
92
122
194
247
346
427
513
636
740
821
914
991
1093
1180
1228
1298
1353
1407
1422
1428
1390
1325
1182
934
644
332
-4
-380
-765
-1110
-1365
-1598
-1761
-1781
-1729
-1606
-1457
-1251
-1006
-728
-512
-290
-57
161
322
461
654
836
993
1084
1184
1311
1352
1323
1267
1153
998
762
490
249
-12
-310
-565
-757
-912
-1050
-1166
-1212
-1214
-1213
-1241
-1215
-1164
-1084
-1033
-933
-774
-618
-439
-269
-46
160
336
486
632
727
748
748
719
672
563
437
348
237
118
-13
-136
-228
-355
-476
-571
-657
-751
-823
-847
-857
-821
-778
-701
-589
-446
-306
-197
-49
89
183
270
377
454
536
615
683
772
844
905
974
1050
1119
1168
1188
1230
1277
1295
1285
1284
1268
1195
1093
968
816
626
388
75
-234
-525
-789
-1030
-1234
-1340
-1385
-1382
-1324
-1199
-988
-809
-649
-447
-222
-48
84
209
372
528
655
774
933
1079
1161
1213
1231
1214
1120
926
751
533
249
-54
-350
-588
-802
-1020
-1158
-1231
-1254
-1269
-1277
-1204
-1116
-1050
-993
-866
-724
-585
-483
-315
-113
70
230
382
565
728
795
840
902
882
817
696
596
456
245
47
-142
-315
-512
-696
-855
-950
-1033
-1079
-1083
-1020
-933
-837
-688
-528
-369
-223
-57
116
259
376
510
616
711
779
826
886
903
894
882
847
809
739
654
571
517
471
401
366
383
413
455
488
545
595
627
624
603
558
522
434
265
132
-18
-152
-293
-410
-491
-544
-602
-632
-615
-603
-561
-554
-493
-371
-276
-186
-60
66
216
326
423
564
630
657
651
637
616
538
399
297
199
71
-50
-206
-287
-376
-503
-575
-643
-678
-731
-798
-798
-758
-742
-713
-628
-512
-382
-272
-126
34
146
255
334
399
468
450
416
381
321
244
130
9
-94
-182
-290
-382
-445
-483
-526
-542
-507
-497
-465
-393
-321
-236
-138
-41
58
162
236
326
403
440
484
511
525
498
472
431
353
259
153
61
10
-64
-132
-155
-146
-105
-58
30
149
308
474
631
824
959
1080
1189
1258
1291
1250
1200
1124
960
775
547
317
104
-129
-384
-580
-737
-883
-1011
-1079
-1100
-1109
-1089
-1010
-885
-758
-601
-408
-190
25
242
462
668
829
935
1006
1065
1075
1003
917
836
691
542
364
197
38
-150
-314
-462
-586
-723
-827
-914
-997
-1035
-1051
-1020
-968
-906
-812
-692
-558
-402
-249
-84
63
197
304
427
505
540
551
538
519
459
363
258
162
36
-54
-150
-228
-303
-369
-389
-400
-406
-391
-373
-347
-314
-267
-221
-164
-129
-93
-50
-12
16
45
61
49
72
82
100
129
139
197
248
294
386
460
543
643
729
821
910
999
1061
1107
1157
1173
1153
1120
1038
936
803
602
372
121
-132
-353
-583
-781
-957
-1086
-1133
-1151
-1104
-1058
-973
-840
-664
-490
-311
-125
65
265
412
571
732
843
917
951
964
966
913
829
745
617
442
278
123
-37
-210
-390
-554
-694
-846
-957
-1051
-1134
-1184
-1187
-1147
-1033
-922
-795
-625
-453
-280
-109
66
204
319
419
493
530
559
533
505
468
375
298
209
115
3
-105
-223
-301
-366
-423
-488
-508
-529
-522
-507
-494
-446
-381
-303
-229
-152
-83
9
82
128
157
173
176
199
193
168
194
220
265
299
340
416
474
543
597
653
705
725
763
802
825
864
867
853
798
753
703
654
587
462
343
174
27
-94
-231
-358
-474
-568
-613
-610
-593
-583
-570
-543
-457
-382
-312
-212
-157
-75
25
138
242
327
399
453
497
552
553
528
514
432
349
275
191
103
6
-99
-221
-330
-430
-502
-578
-661
-716
-747
-734
-711
-664
-596
-533
-469
-359
-269
-183
-105
-69
-10
51
102
139
153
159
164
167
163
161
143
136
114
85
89
102
100
88
70
44
49
21
-8
-7
-43
-68
-74
-77
-84
-95
-109
-116
-109
-104
-112
-102
-77
-48
-6
36
76
115
148
185
235
276
309
344
404
451
480
523
573
619
653
694
719
723
726
716
675
632
571
495
396
302
207
97
-1
-90
-182
-277
-326
-380
-415
-447
-444
-412
-388
-374
-347
-279
-232
-172
-107
-38
41
94
158
211
230
231
235
247
215
175
128
69
5
-72
-134
-189
-247
-309
-346
-356
-376
-364
-339
-318
-287
-259
-233
-198
-175
-169
-159
-137
-119
-100
-54
-27
6
38
75
132
127
150
158
159
138
118
117
105
86
72
59
40
22
-6
-34
-67
-87
-114
-139
-145
-154
-172
-184
-196
-185
-189
-198
-184
-172
-179
-183
-173
-162
-150
-153
-129
-107
-73
-32
-10
34
63
92
129
134
150
146
134
116
101
92
71
68
38
54
55
39
53
53
33
15
-9
-32
-37
-57
-43
-28
-7
39
101
131
177
246
270
311
337
339
348
333
315
289
237
189
141
80
22
-44
-87
-172
-221
-291
-331
-376
-414
-425
-455
-435
-413
-399
-352
-307
-254
-198
-140
-67
-12
59
102
162
187
228
253
258
277
277
261
238
223
188
148
98
43
-6
-56
-113
-142
-183
-195
-225
-248
-241
-248
-243
-234
-199
-155
-119
-89
-56
-15
23
38
75
108
138
140
152
178
156
165
167
159
151
147
125
106
100
66
57
34
16
-7
-21
-14
-12
-17
5
17
26
59
59
81
101
113
115
121
129
119
124
105
101
118
128
133
136
155
171
185
191
190
169
157
125
89
38
-11
-22
-46
-80
-125
-145
-151
-187
-206
-234
-253
-289
-329
-357
-394
-408
-424
-426
-416
-390
-346
-284
-244
-177
-118
-55
4
75
145
198
240
267
277
274
273
216
195
144
95
21
-42
-107
-205
-259
-319
-359
-400
-421
-448
-415
-387
-371
-342
-298
-242
-179
-110
-48
34
107
164
218
260
290
268
219
265
265
230
190
154
123
62
27
-11
-92
-159
-190
-185
-184
-183
-154
-149
-115
-62
-21
3
35
100
164
227
276
327
337
372
404
430
427
414
412
395
369
307
274
196
131
77
20
-49
-112
-160
-219
-250
-282
-293
-318
-322
-322
-301
-284
-284
-250
-225
-209
-199
-212
-213
-211
-235
-260
-294
-338
-351
-355
-357
-339
-322
-291
-250
-209
-186
-146
-115
-117
-98
-93
-92
-71
-86
-79
-83
-107
-117
-132
-123
-137
-165
-168
-208
-206
-221
-231
-233
-225
-212
-206
-172
-138
-95
-41
23
107
189
253
318
361
426
450
456
474
453
428
419
393
343
321
286
243
195
131
89
34
10
-16
-27
-42
-7
25
58
82
114
160
191
264
311
368
411
450
485
508
485
471
454
405
332
272
206
115
42
-40
-126
-210
-282
-318
-380
-425
-447
-458
-451
-438
-415
-397
-387
-375
-356
-323
-335
-323
-303
-273
-272
-227
-220
-203
-198
-199
-214
-248
-253
-278
-309
-342
-339
-350
-356
-355
-332
-330
-321
-297
-271
-255
-222
-206
-168
-159
-158
-123
-117
-103
-89
-84
-93
-85
-87
-89
-74
-69
-58
-30
-11
-8
16
32
75
124
144
187
237
270
315
343
365
382
383
366
364
352
333
328
304
296
289
261
244
227
222
188
165
166
145
145
128
132
127
135
134
115
111
83
74
55
32
-9
-15
-39
-57
-74
-105
-112
-125
-132
-136
-148
-156
-153
-155
-170
-182
-202
-228
-253
-279
-299
-350
-380
-385
-410
-412
-422
-412
-422
-416
-402
-399
-382
-379
-354
-334
-339
-331
-302
-302
-298
-301
-301
-278
-252
-218
-198
-165
-129
-86
-53
-50
-20
-18
-2
-8
-9
-5
-16
-16
-10
-6
0
35
53
64
79
99
113
111
128
143
129
121
125
130
122
131
160
140
173
197
190
247
258
292
308
339
369
386
401
423
431
426
438
442
449
437
418
400
378
353
316
258
203
123
38
-28
-118
-186
-262
-316
-367
-423
-422
-451
-452
-445
-406
-371
-353
-295
-258
-209
-190
-147
-119
-130
-117
-111
-122
-131
-146
-158
-176
-212
-238
-257
-286
-295
-327
-348
-362
-399
-397
-410
-409
-407
-406
-378
-359
-332
-285
-252
-205
-151
-104
-59
-23
15
47
66
62
55
48
39
36
19
2
-10
2
10
17
28
44
77
93
109
122
140
163
190
188
189
185
207
205
202
194
182
173
172
189
174
179
195
197
215
230
242
268
267
289
303
311
325
329
321
314
315
293
263
240
201
178
145
100
54
-4
-57
-101
-164
-211
-246
-305
-338
-372
-377
-409
-409
-391
-382
-340
-323
-293
-255
-243
-225
-208
-200
-175
-172
-166
-155
-155
-156
-154
-175
-183
-184
-210
-215
-246
-273
-288
-306
-333
-342
-351
-361
-334
-335
-290
-252
-212
-146
-99
-50
9
47
82
129
134
177
188
191
215
198
204
161
132
120
108
78
34
4
-11
-35
-51
-44
-31
-27
-34
0
5
38
61
72
95
110
138
167
188
214
235
249
256
286
303
293
290
275
280
249
205
187
181
167
134
111
108
86
83
76
60
64
61
45
42
23
7
-9
-18
-25
-24
-39
-55
-46
-77
-78
-93
-107
-137
-155
-154
-198
-238
-231
-272
-319
-329
-368
-370
-376
-384
-369
-358
-324
-297
-267
-251
-230
-173
-168
-134
-107
-97
-72
-64
-53
-46
-41
-55
-73
-69
-89
-102
-114
-109
-104
-117
-119
-110
-101
-103
-93
-61
-49
-31
-10
14
28
34
54
52
67
81
72
73
64
72
52
54
42
51
60
51
66
56
59
55
71
78
89
125
117
118
136
128
139
150
140
139
129
124
124
104
68
52
23
10
-12
-58
-70
-82
-67
-75
-83
-71
-49
-41
-25
-34
-7
6
10
39
71
74
85
117
130
139
133
123
106
68
31
2
-47
-97
-157
-208
-257
-298
-335
-365
-381
-392
-372
-344
-328
-300
-255
-214
-169
-129
-83
-40
-5
36
61
85
113
130
116
126
113
89
61
13
-19
-59
-95
-126
-157
-178
-194
-208
-206
-210
-193
-178
-165
-143
-111
-84
-42
-27
7
73
75
103
120
157
157
173
186
203
200
192
199
170
157
153
127
124
111
63
39
0
-20
-35
-40
-50
-63
-63
-57
-57
-44
-8
-6
5
16
16
37
42
62
58
51
66
57
50
67
81
88
94
106
101
102
97
99
107
97
116
90
80
66
48
26
0
-23
-51
-67
-114
-127
-140
-165
-188
-197
-199
-192
-169
-157
-152
-117
-105
-67
-40
-15
-1
0
19
15
19
6
-4
-11
-33
-38
-67
-71
-100
-128
-145
-162
-168
-186
-201
-206
-215
-219
-212
-231
-212
-187
-169
-139
-101
-83
-44
-16
26
58
84
124
168
173
188
220
223
220
229
230
232
215
197
188
160
125
101
60
22
6
-56
-75
-108
-120
-123
-121
-110
-92
-73
-57
-21
18
42
74
106
113
121
143
157
158
178
185
183
163
180
165
157
164
130
107
103
84
69
61
39
25
13
-2
1
-8
-15
-22
-23
-8
-19
-3
-5
-9
9
15
19
29
36
29
33
50
64
59
38
46
53
23
31
23
0
13
-32
-38
-67
-96
-86
-120
-127
-137
-150
-127
-132
-135
-103
-113
-100
-96
-81
-69
-72
-56
-58
-39
-20
-6
-4
19
36
37
63
91
107
127
147
161
167
165
171
194
195
183
172
155
145
123
102
81
52
39
17
9
-17
-22
-17
-30
-45
-46
-35
-18
2
10
37
50
49
79
93
101
121
118
128
155
156
154
149
130
131
138
129
109
106
96
74
61
55
48
34
27
23
12
14
11
3
16
-2
-1
1
-6
12
16
26
34
37
64
48
61
66
40
32
32
28
13
-2
-20
-12
-24
-37
-35
-43
-44
-41
-57
-55
-58
-60
-49
-57
-53
-47
-53
-45
-32
-41
-40
-56
-59
-72
-82
-89
-92
-82
-78
-84
-65
-38
-18
4
9
37
61
87
111
123
121
139
143
145
152
144
148
151
147
146
137
114
111
96
66
51
17
1
-22
-44
-65
-80
-89
-85
-88
-101
-88
-61
-41
-21
15
32
61
108
117
146
163
161
183
198
203
206
192
179
205
185
173
154
129
116
75
59
30
6
-15
-44
-55
-71
-85
-80
-76
-70
-65
-56
-23
-25
-14
-10
11
12
27
41
47
61
58
55
62
85
89
90
72
78
76
62
65
36
23
-2
-16
-21
-39
-43
-58
-65
-78
-103
-92
-78
-80
-83
-90
-97
-82
-69
-78
-71
-62
-45
-27
-12
-2
4
13
42
53
67
62
83
100
98
116
120
140
125
122
113
111
101
89
75
34
21
-9
-36
-49
-79
-98
-98
-119
-124
-127
-116
-102
-85
-66
-40
-18
-2
10
45
79
103
118
128
141
144
158
156
153
158
133
114
95
65
28
6
-29
-49
-65
-89
-111
-144
-149
-148
-155
-149
-142
-144
-127
-100
-110
-82
-57
-38
-7
4
37
63
73
92
118
115
118
126
101
107
102
82
64
25
5
-34
-47
-57
-73
-75
-87
-98
-98
-91
-90
-92
-89
-81
-67
-73
-75
-56
-63
-55
-48
-34
-39
-31
-37
-29
-7
-9
-1
-5
2
12
28
38
57
63
73
80
84
87
99
91
78
76
66
58
49
30
9
3
-5
-38
-74
-66
-62
-55
-76
-90
-69
-63
-56
-35
-36
-46
-24
-12
1
18
30
43
51
66
60
51
65
50
48
36
26
10
-4
-15
-46
-49
-64
-84
-100
-101
-110
-119
-119
-107
-106
-107
-100
-81
-57
-44
-35
-20
-4
15
40
55
72
92
100
103
113
122
132
120
112
93
96
76
64
56
57
50
29
12
12
11
-12
-19
-36
-27
-51
-89
-86
-92
-99
-115
-117
-124
-127
-125
-131
-120
-125
-112
-100
-102
-74
-67
-46
-20
-6
28
46
68
89
112
121
127
134
123
119
110
111
81
62
65
31
20
-10
-52
-64
-87
-101
-113
-125
-140
-134
-127
-125
-118
-126
-111
-105
-100
-86
-80
-54
-41
-13
3
9
22
49
44
30
48
44
20
30
33
3
0
-12
-26
-53
-53
-68
-74
-83
-82
-83
-69
-72
-83
-66
-57
-50
-38
-30
-29
8
17
43
63
55
85
102
118
123
146
139
167
145
137
154
129
139
126
111
106
106
95
79
68
68
43
10
-6
-3
-23
-43
-75
-95
-115
-141
-159
-157
-142
-149
-121
-123
-97
-72
-44
-2
4
38
71
109
116
134
147
159
181
168
173
170
164
153
139
120
87
67
40
30
-2
-32
-47
-65
-82
-104
-120
-130
-139
-132
-133
-138
-134
-95
-81
-54
-21
-21
12
40
63
77
102
113
121
111
106
77
82
84
63
59
49
51
40
25
-2
-13
-21
-34
-43
-73
-68
-65
-54
-58
-65
-27
-16
-1
18
48
57
76
102
108
129
129
144
143
141
140
147
137
125
150
133
125
119
98
80
82
68
57
51
16
0
-12
-23
-26
-49
-52
-72
-82
-83
-95
-78
-71
-67
-60
-56
-38
-36
-23
-9
-14
-15
-3
12
17
13
20
40
38
41
50
64
81
81
93
104
106
104
87
63
52
24
-14
-18
-50
-68
-80
-92
-82
-85
-95
-79
-54
-50
-60
-33
-15
-15
10
12
24
45
56
65
83
105
98
116
123
128
133
128
133
114
78
76
65
36
24
-4
-25
-51
-53
-58
-59
-70
-53
-39
-33
-13
-9
-1
12
18
37
54
63
74
72
92
95
98
103
106
109
108
102
89
77
75
46
31
19
-14
-17
-27
-50
-65
-59
-79
-45
-40
-41
-29
-33
-8
-2
9
11
16
1
2
3
-5
-14
-6
-22
-23
-2
-13
-9
-12
-14
-4
-3
11
8
26
30
42
45
53
65
65
67
69
73
80
55
47
67
59
44
38
43
36
41
12
21
16
12
21
9
1
-3
12
26
27
44
49
59
73
68
83
72
82
94
92
79
68
48
55
51
45
42
18
1
-4
-22
-26
2
-33
-34
-19
-22
-5
-3
2
1
17
16
29
49
64
57
61
85
66
60
70
45
29
5
0
-8
-28
-42
-47
-54
-69
-86
-80
-79
-67
-65
-75
-65
-47
-52
-61
-39
-35
-34
-38
-25
-9
-25
-20
-9
-18
-4
-2
-4
-14
-13
-36
-22
-30
-58
-59
-71
-57
-62
-49
-34
-23
-16
7
22
36
53
75
86
113
103
115
111
104
107
84
99
79
63
60
41
32
33
39
27
3
-8
-17
-10
-10
-24
-14
-27
-26
-33
-38
-15
-23
-25
-36
-27
-17
-22
-18
-15
-3
-30
-24
-35
-21
-20
-59
-42
-48
-65
-62
-55
-48
-61
-50
-38
-38
-18
-25
-11
1
11
13
12
18
1
2
-6
0
-17
-8
-18
-29
-17
-34
-54
-45
-30
-41
-26
-24
-36
-25
-22
-18
-19
-2
-7
-4
13
17
25
20
25
19
12
24
7
1
-10
-20
-30
-55
-53
-61
-72
-87
-88
-85
-74
-66
-50
-43
-24
1
-13
-3
6
20
37
18
36
42
35
22
26
21
5
-1
-3
-7
-17
-30
-40
-30
-59
-55
-67
-64
-78
-91
-80
-82
-77
-75
-60
-43
-33
-12
-2
4
27
17
15
28
16
21
6
9
2
-14
3
-27
-36
-25
-42
-48
-45
-45
-39
-48
-32
-13
-35
-30
-18
1
-14
4
-4
8
11
18
22
28
39
24
36
32
13
21
2
5
-1
-13
-16
-37
-26
-30
-42
-45
-26
-40
-23
-10
-18
-21
12
-1
-7
15
8
1
-9
13
-10
-25
-36
-49
-53
-45
-51
-49
-58
-49
-42
-53
-59
-50
-55
-51
-44
-54
-57
-51
-51
-70
-62
-64
-57
-62
-54
-60
-61
-49
-75
-72
-81
-94
-92
-88
-91
-99
-120
-114
-96
-101
-85
-74
-73
-48
-32
-13
-11
14
19
22
37
16
31
37
34
20
25
10
4
-3
-25
-27
-18
-32
-45
-52
-53
-43
-53
-51
-35
-33
-30
-25
-14
16
9
28
36
36
46
45
61
51
43
53
47
20
27
30
4
-13
-28
-36
-34
-35
-38
-51
-61
-55
-43
-51
-48
-34
-45
-39
-35
-30
-11
-23
-4
-5
1
21
5
7
12
-2
-3
-5
-14
-32
-51
-48
-61
-77
-77
-82
-89
-100
-89
-84
-68
-73
-61
-49
-39
-52
-40
-21
-28
-22
-26
-31
-39
-52
-40
-58
-65
-67
-76
-64
-57
-47
-32
-44
-39
-34
-15
8
-15
7
21
7
8
36
27
19
33
46
59
37
42
44
42
35
13
11
-1
0
-19
-31
-24
-24
-36
-39
-16
-17
-15
-20
-18
-18
-2
5
5
-5
0
1
5
15
13
12
25
37
47
49
44
50
38
19
14
7
12
-6
-18
-12
-27
-39
-44
-60
-65
-61
-50
-31
-45
-28
-6
-9
-19
-9
3
-11
-5
6
-15
-13
-10
-4
-15
-12
-13
-15
0
-17
-18
-31
-28
-19
-19
-12
-1
-3
-11
8
5
24
14
20
17
21
20
9
8
0
18
32
20
25
17
42
20
35
26
21
34
21
35
29
53
36
40
56
47
58
64
64
82
86
87
88
70
76
83
74
67
49
50
32
9
5
-7
-31
-25
-30
-40
-41
-50
-48
-64
-60
-57
-48
-56
-48
-25
-18
-12
-11
19
28
42
33
65
60
47
61
56
54
48
47
46
28
26
26
17
10
1
-1
-6
-20
-29
-39
-18
-22
-33
-19
-24
1
2
13
40
44
46
46
58
63
77
78
72
82
63
56
50
42
32
21
27
15
12
33
19
22
13
-6
-9
7
10
-4
-3
3
15
7
4
16
29
27
17
19
17
26
37
30
26
31
18
17
33
11
17
30
37
41
40
23
36
35
27
26
39
31
17
4
0
-27
-38
-27
-38
-53
-66
-68
-74
-73
-84
-89
-99
-72
-67
-83
-68
-68
-57
-37
-43
-25
-18
-19
1
-4
5
19
12
28
33
30
41
31
42
25
16
13
1
-16
-15
-19
-30
-10
-17
-22
-24
-5
11
15
25
24
51
57
64
64
64
72
85
96
77
71
78
81
70
62
54
45
63
50
48
22
13
30
21
29
18
19
7
15
6
-4
-1
2
4
6
7
21
17
21
11
12
17
2
4
5
-3
-16
4
-1
-4
0
9
11
0
19
40
22
34
35
29
24
40
45
24
27
24
7
-2
1
-4
-2
-6
-16
-16
-12
-19
-4
-19
-18
-12
-24
-28
-39
-30
-37
-23
-27
-19
-17
-29
-7
11
26
16
34
40
46
63
60
43
49
33
27
25
16
17
14
21
15
20
35
23
47
59
44
52
44
50
38
34
38
53
57
54
47
22
38
26
6
15
16
2
-14
-7
-4
-10
-21
-30
-27
-35
-19
-32
-34
-24
-24
-22
-7
-21
2
1
-11
-1
-3
-12
-19
-22
-11
-20
-29
-45
-66
-59
-55
-54
-56
-49
-60
-43
-31
-20
-32
-32
4
-8
5
6
0
19
11
8
14
1
17
6
3
11
-3
15
14
2
-2
2
-18
-33
-42
-32
-26
-34
-40
-41
-15
-21
-27
-6
15
-4
-2
-2
-10
-9
-2
-24
-12
-10
-16
4
-11
-21
-30
-25
-20
-33
-19
-24
-10
-15
-11
4
-26
-6
-10
-17
-8
-12
-13
-5
7
15
24
3
9
7
-1
0
-8
-21
-38
-24
-56
-47
-54
-53
-59
-76
-64
-64
-66
-70
-48
-45
-52
-43
-32
-29
-22
-23
-28
-20
-20
-14
-7
-18
-11
-12
-30
-21
-14
-10
-25
-33
-31
-25
-17
-32
-27
-24
-7
10
11
19
18
24
21
38
56
58
69
46
50
34
40
45
46
36
22
28
18
14
18
25
13
4
9
-7
-4
18
22
20
9
-5
5
3
-1
0
-11
10
19
19
5
-9
0
-15
-18
-13
-31
-24
-28
-37
-1
-16
-22
-1
-16
-23
-12
4
-5
1
-3
1
13
6
16
36
22
36
26
21
13
17
10
-5
12
5
-23
-27
-23
-34
-55
-53
-50
-58
-53
-57
-44
-34
-27
-27
-16
5
9
21
25
37
52
29
43
38
43
58
53
65
52
60
58
72
72
62
49
50
18
24
15
-3
0
-6
1
-11
-22
-16
-19
-30
-24
-42
-29
-14
-16
-6
13
23
34
35
35
54
37
51
37
43
48
48
45
32
29
16
16
-2
-12
8
-21
-17
-10
-19
-7
-36
-38
-34
-60
-65
-55
-50
-47
-55
-56
-59
-48
-50
-52
-39
-35
-34
-22
-39
-40
-27
-14
-7
1
4
3
27
17
6
17
31
18
1
1
-12
-13
-19
-18
-35
-35
-41
-55
-64
-69
-57
-58
-69
-66
-51
-49
-39
-41
-25
-12
-2
2
19
29
41
44
43
42
48
64
76
94
88
83
75
63
64
40
33
22
12
-12
-9
-20
-38
-60
-69
-58
-68
-64
-66
-58
-57
-43
-39
-44
-22
-12
-6
12
9
16
22
43
42
36
48
39
26
34
34
24
36
32
-2
-2
-5
-20
-22
-34
-53
-38
-30
-47
-46
-37
-46
-35
-46
-56
-41
-37
-41
-21
-15
-19
-7
-4
4
-3
11
27
27
46
40
44
47
51
62
61
68
68
81
82
54
70
74
64
73
66
47
46
30
13
6
-5
0
-3
-3
1
-3
1
-4
25
39
35
44
63
56
42
65
71
91
88
80
84
87
83
60
57
69
57
35
32
42
15
18
-9
-16
-25
-39
-37
-52
-59
-57
-51
-64
-53
-41
-39
-40
-24
-1
7
18
10
31
49
51
59
79
93
88
83
86
76
72
58
57
65
33
49
40
19
2
-11
5
-9
-14
-27
-15
-17
-17
0
-5
0
-5
10
25
25
29
9
32
43
43
48
54
56
46
53
45
45
55
41
26
31
20
18
14
27
31
30
38
27
4
6
-7
-11
-6
-12
-18
-18
-11
-25
-17
-32
-21
-24
-9
-23
-9
3
13
25
-1
7
9
-2
15
18
2
11
10
27
26
26
11
12
7
-2
3
-10
-15
-17
-21
-33
-33
-42
-38
-44
-40
-37
-36
-34
-49
-23
-31
-20
-35
-25
-10
-4
4
14
27
34
52
50
47
49
61
57
62
66
61
55
45
22
31
22
34
13
12
5
-2
6
-6
-18
-9
1
-10
4
16
16
8
36
26
8
21
22
24
18
3
-5
-8
-3
-8
-6
-14
-21
-17
-32
-38
-34
-38
-42
-13
-4
-16
-6
-15
2
-3
-10
4
-5
-10
-16
-5
-12
-27
-22
-29
-23
-25
-33
-15
-22
-11
-15
-1
-16
-22
-15
-10
-5
-6
-4
0
-3
-2
18
6
6
7
7
9
17
16
15
9
-1
6
-24
-7
-13
-14
-17
-15
-14
-7
-2
-28
-10
-16
-15
-16
-19
-29
-15
-16
-16
-12
-7
3
6
10
9
20
29
20
25
38
35
33
28
37
19
31
45
53
35
33
35
42
47
29
37
35
27
19
-5
0
-1
10
3
-1
10
-4
7
11
0
-10
-4
-13
7
12
-2
7
2
-1
7
7
14
21
35
32
29
60
47
34
40
22
15
36
13
0
1
-8
-5
-7
-12
-9
-17
-17
-5
17
8
14
21
11
27
24
26
43
64
60
49
54
65
68
69
57
65
71
50
44
58
47
38
22
3
15
13
-5
-7
-16
-16
5
8
6
8
-15
-7
2
9
11
6
13
23
30
20
30
23
20
32
31
34
46
48
61
68
58
70
72
62
64
42
26
19
-1
5
-1
-1
-1
-9
-16
-30
-19
-19
-30
-15
-31
-30
-11
-27
-4
0
-2
6
-11
-6
15
25
15
22
16
10
22
14
18
19
34
43
41
49
38
26
29
36
24
24
29
18
11
14
0
-4
-11
-8
2
8
-4
-7
-4
3
2
3
-4
7
19
33
32
27
33
33
30
31
21
4
35
20
11
16
10
-6
-10
-5
-6
-7
-9
-22
-11
7
-6
7
4
15
0
-21
1
18
1
15
8
11
28
31
33
31
44
34
53
34
51
36
23
28
22
22
14
12
6
10
18
0
-2
3
-15
7
-3
-8
-14
-19
-26
-43
-25
-27
-23
-11
-7
-3
-4
3
2
2
13
11
18
28
16
29
38
19
17
13
11
6
13
20
1
2
5
28
15
2
11
11
-13
-3
13
-4
2
2
1
-13
-14
-10
0
2
6
7
11
10
8
10
3
13
17
12
13
3
2
-5
-9
-21
-1
1
-12
-13
-20
-14
-26
-27
-26
-31
-18
-32
-32
-37
-29
-30
-30
-27
-29
-25
-29
-12
-16
-22
-17
-1
-8
-18
-13
-16
-16
-15
-12
-4
-9
-5
5
-8
-14
-25
-19
1
-14
-8
-14
-21
-12
-14
-22
-31
-21
-26
-43
-39
-53
-43
-45
-42
-44
-53
-38
-24
-34
-37
-36
-39
-44
-33
-42
-38
-44
-33
-28
-21
-26
-37
-19
-40
-14
-24
-29
-17
-18
-21
-23
-29
-33
-20
-42
-43
-47
-43
-44
-52
-45
-61
-40
-40
-46
-37
-28
-8
-24
-17
-3
-22
-14
-20
-9
-5
-13
0
7
5
0
10
1
-2
-5
-2
-12
-22
-30
-14
-25
-19
-25
-33
-27
-33
-19
-25
-22
-24
-6
-4
-7
-10
0
1
-7
-8
-1
-10
-9
18
1
25
16
24
38
25
20
8
19
10
6
12
7
-6
-5
-13
-24
-20
-26
-38
-37
-23
-26
-33
-22
-7
-15
-3
-6
-13
-21
1
1
-26
-17
-23
-9
4
4
24
24
18
19
25
15
3
18
5
17
12
-1
-14
-21
-7
-4
-12
-27
-20
-24
-19
-13
-13
-6
-19
-6
-8
-9
-4
5
6
-2
5
-1
1
6
26
19
18
16
-8
17
-3
-6
-6
-7
12
3
-2
-7
8
-2
-1
7
-2
11
8
15
11
8
7
-7
-6
-1
-19
-34
-25
-14
-8
-21
-21
-20
-28
-24
-16
-15
-22
-5
-3
-19
-16
-5
12
19
-11
-19
-11
-1
-4
-17
-18
-21
-14
-26
-32
-44
-49
-44
-42
-48
-29
-48
-68
-55
-45
-29
-45
-34
-25
-29
-11
-6
-15
-12
-4
12
29
20
13
22
13
9
11
-3
-6
13
0
-12
-6
-25
-22
-33
-30
-12
-31
-27
-28
-32
-36
-35
-31
-41
-39
-44
-45
-36
-41
-22
-12
-17
-19
-14
-17
-12
-7
-22
-18
-34
-30
-30
-33
-18
-36
-28
-17
-30
-22
-24
-34
-17
-14
-4
6
-2
-15
-8
-8
-10
-7
-24
-28
-15
-21
-21
-5
-12
-24
-16
-19
-12
-16
-4
-5
-5
6
-3
9
-4
-17
-8
-4
-10
-16
-12
-11
-26
-32
-25
-32
-29
-18
-42
-41
-54
-69
-52
-67
-48
-65
-57
-73
-65
-52
-61
-48
-50
-29
-51
-34
-28
-31
-19
-19
-6
-3
-23
-11
-3
-6
-17
-11
-15
-13
-5
-17
-11
-17
-29
-30
-22
-29
-30
-40
-36
-46
-56
-50
-34
-46
-42
-36
-38
-34
-36
-29
-13
-15
-17
-24
-20
0
-1
13
23
-1
3
-4
1
-3
-11
3
-15
-25
-29
-24
-32
-23
-26
-31
-8
-26
-28
-25
-23
-19
-28
-14
-33
-10
-8
-16
-26
-26
-26
-23
-11
-28
7
-11
-14
-1
6
-6
11
5
6
25
19
21
23
22
-5
7
1
7
5
-15
-14
-15
-21
-35
-27
-34
-29
-28
-24
-26
-34
-29
-47
-39
-29
-17
-11
-23
-15
-5
10
2
-7
4
8
-3
0
16
-4
2
-15
-22
-13
-12
-6
-9
-20
-37
-32
-18
-33
-26
-22
-37
-36
-46
-47
-31
-29
-41
-41
-32
-24
-12
-5
-6
-14
8
17
11
22
9
26
36
37
17
19
19
-12
-13
2
-4
-19
-25
-36
-20
-25
-38
-30
-17
-33
-24
-32
-24
-33
-43
-39
-31
-33
-27
-40
-23
-14
-27
-17
-19
-19
-20
-18
-24
-31
-25
-24
-17
-19
-22
-20
-21
-9
-28
-35
-47
-31
-42
-55
-38
-54
-53
-43
-59
-53
-48
-49
-62
-49
-60
-59
-45
-52
-49
-45
-40
-48
-35
-50
-34
-33
-8
-10
-29
-13
-18
-16
-34
-18
-28
-27
-14
-27
-34
-55
-27
-46
-46
-34
-37
-46
-44
-49
-39
-48
-54
-53
-50
-40
-55
-50
-35
-34
-46
-50
-36
-29
-39
-31
-39
-12
-9
-26
9
-1
-16
-11
5
2
-11
-21
-35
-29
-38
-29
-42
-47
-42
-38
-30
-36
-27
-36
-33
-33
-54
-33
-45
-36
-43
-44
-40
-49
-34
-47
-47
-64
-48
-43
-61
-61
-60
-54
-69
-50
-38
-49
-59
-65
-62
-58
-65
-55
-58
-52
-75
-65
-58
-52
-44
-64
-52
-58
-66
-60
-59
-57
-60
-67
-45
-54
-44
-36
-33
-44
-40
-32
-40
-41
-44
-28
-45
-47
-42
-50
-45
-33
-35
-34
-30
-26
-27
-25
-15
-26
-29
-28
-44
-49
-45
-35
-47
-23
-24
-38
-29
-14
-21
-45
-41
-19
-32
-31
-27
-29
-32
-27
-16
-15
-15
-26
-11
-29
-23
-18
-26
-13
-32
-47
-41
-47
-34
-30
-39
-26
-32
-37
-40
-29
-47
-41
-52
-71
-39
-54
-54
-58
-49
-59
-59
-50
-67
-41
-48
-41
-44
-52
-51
-49
-57
-43
-40
-55
-39
-51
-62
-63
-56
-59
-66
-77
-67
-53
-58
-67
-64
-72
-64
-70
-58
-58
-53
-56
-78
-70
-76
-66
-73
-55
-59
-66
-58
-69
-42
-40
-29
-17
-20
-3
-6
-7
-11
-8
-5
-6
2
-2
-25
-19
-24
-23
-25
-28
-33
-27
-18
-40
-41
-44
-44
-50
-41
-60
-60
-62
-47
-27
-43
-31
-23
-23
-15
-22
-26
-26
-32
-36
-39
-38
-37
-28
-27
-42
-46
-47
-34
-40
-42
-48
-42
-44
-51
-47
-36
-59
-57
-50
-57
-65
-56
-56
-46
-33
-50
-44
-46
-39
-50
-38
-43
-32
-30
-52
-45
-42
-44
-46
-34
-41
-51
-50
-34
-48
-38
-40
-52
-66
-47
-45
-61
-47
-45
-49
-56
-62
-66
-56
-65
-76
-64
-62
-73
-55
-77
-82
-79
-66
-59
-67
-63
-71
-55
-47
-46
-36
-55
-50
-57
-61
-47
-54
-65
-52
-42
-52
-48
-58
-73
-81
-76
-88
-91
-83
-95
-102
-98
-96
-93
-95
-93
-93
-101
-108
-90
-103
-110
-101
-79
-90
-76
-69
-68
-63
-77
-60
-63
-57
-59
-63
-61
-74
-77
-82
-89
-89
-81
-93
-97
-89
-87
-85
-84
-82
-90
-92
-90
-81
-76
-69
-68
-59
-68
-67
-46
-66
-41
-65
-55
-50
-50
-42
-61
-48
-57
-32
-30
-34
-29
-40
-43
-36
-34
-36
-33
-50
-48
-57
-70
-60
-60
-62
-49
-61
-72
-61
-54
-51
-66
-71
-62
-79
-58
-74
-79
-67
-71
-54
-65
-68
-71
-63
-49
-46
-59
-59
-48
-52
-48
-55
-63
-64
-84
-93
-95
-95
-95
-86
-93
-98
-90
-92
-79
-80
-96
-92
-106
-100
-119
-81
-81
-98
-82
-84
-97
-101
-80
-88
-83
-84
-69
-70
-65
-59
-59
-68
-63
-61
-65
-75
-81
-70
-81
-87
-87
-80
-72
-82
-80
-78
-84
-78
-79
-82
-79
-90
-95
-83
-104
-89
-93
-92
-89
-86
-73
-71
-74
-84
-88
-106
-102
-74
-85
-82
-76
-88
-99
-82
-83
-97
-73
-87
-83
-97
-96
-87
-105
-101
-109
-103
-94
-108
-103
-109
-115
-109
-116
-108
-111
-99
-91
-99
-96
-86
-78
-90
-95
-80
-73
-73
-81
-79
-82
-83
-89
-92
-84
-84
-83
-73
-72
-76
-90
-72
-72
-75
-71
-71
-71
-70
-93
-87
-90
-74
-75
-96
-77
-70
-67
-78
-80
-65
-51
-67
-56
-52
-70
-73
-70
-71
-66
-59
