9
-7
-7
-1
-15
-11
-11
0
-17
-21
-36
-39
-42
-51
-41
-44
-55
-49
-53
-60
-57
-65
-65
-69
-59
-72
-63
-59
-63
-52
-52
-51
-64
-57
-57
-48
-40
-53
-50
-38
-37
-36
-47
-45
-34
-27
-26
-17
-27
-18
-10
-26
-5
5
-11
-4
17
16
16
18
17
19
19
19
9
16
13
-1
9
-5
-5
10
-6
-10
-10
-7
-3
-2
-4
-8
-3
-13
-25
-14
-17
-22
-4
-23
-18
-19
-9
1
-10
-4
-12
2
-21
-18
-4
-22
-21
-31
-38
-30
-32
-19
-28
-34
-27
-44
-38
-37
-37
-37
-39
-42
-27
-15
-32
-25
-36
-37
-42
-28
-33
-36
-29
-48
-39
-32
-65
-55
-52
-50
-45
-48
-43
-54
-50
-53
-56
-39
-56
-59
-59
-68
-62
-64
-73
-57
-60
-64
-74
-68
-60
-71
-64
-75
-68
-76
-60
-62
-64
-51
-64
-58
-68
-52
-43
-42
-56
-67
-65
-57
-77
-68
-56
-61
-58
-41
-42
-33
-35
-45
-24
-24
-38
-32
-17
-31
-27
-19
-27
-8
-4
-6
1
4
-8
-6
-2
4
2
-5
-15
0
-19
-19
-8
2
12
-1
-3
-3
1
-11
-6
-3
3
10
1
-1
6
-1
1
-5
8
-1
5
14
4
6
11
20
16
24
21
15
17
18
28
30
9
19
24
18
14
13
-7
-10
-4
-14
-20
-1
3
-11
-4
6
-6
8
-10
20
-9
0
2
-5
6
0
13
4
20
-12
-3
-6
-5
-13
-11
-2
-2
-2
-28
-11
-20
-14
-22
-17
-20
-18
-14
-10
-15
-21
-14
-27
-16
-35
-22
-40
-35
-25
-25
-23
-26
-44
-42
-42
-58
-58
-29
-26
-39
-38
-44
-30
-45
-44
-48
-43
-52
-54
-50
-53
-53
-59
-62
-64
-61
-44
-47
-48
-58
-51
-52
-55
-49
-45
-45
-49
-34
-43
-24
-26
-23
-15
-26
-20
2
-15
-12
-18
-4
13
11
11
9
7
-3
0
13
16
11
22
24
-5
-5
10
3
2
-1
-10
-14
-5
-9
-26
-37
-16
-28
-27
-33
-41
-31
-42
-54
-50
-50
-34
-37
-56
-45
-56
-51
-45
-62
-53
-55
-66
-60
-79
-85
-69
-69
-69
-64
-62
-64
-62
-59
-47
-36
-40
-28
-30
-34
-18
-11
7
-3
-11
1
-26
5
5
-6
9
22
13
10
23
19
12
10
3
13
25
15
28
22
27
38
35
42
30
35
39
40
47
28
36
44
33
42
51
45
40
45
33
38
33
34
35
28
24
11
40
27
23
9
5
4
18
21
8
16
16
3
6
1
15
6
5
1
-10
-4
-3
0
-6
-5
-1
-11
-9
-5
-15
3
-10
-11
-20
-27
-20
-11
-2
-21
-22
-4
-7
-13
-21
-7
-18
-18
-13
-21
-11
-21
-7
-20
-23
-9
-3
0
-19
-19
-21
-11
-3
-22
-5
-3
-2
2
-6
-6
-9
-13
-9
-24
-23
7
1
-19
-32
-10
-15
-27
-12
-15
-7
-16
-5
-10
-26
-22
-18
-12
-8
-8
-27
-12
-26
-21
-4
-29
-15
-33
-39
-33
-46
-31
-34
-27
-40
-14
-10
-32
-7
-9
-23
-8
-15
-17
-7
-5
-5
-18
-1
-1
10
-9
-12
-3
-14
-29
-23
-16
-20
-5
-16
-17
-18
-10
-2
-27
-30
-27
-35
-25
-22
-36
-30
-28
-37
-42
-44
-37
-33
-38
-42
-49
-46
-30
-41
-27
-48
-52
-48
-59
-36
-53
-55
-56
-71
-74
-72
-56
-59
-53
-66
-84
-59
-58
-69
-72
-69
-60
-76
-69
-65
-68
-64
-58
-48
-39
-46
-53
-45
-32
-45
-35
-47
-50
-49
-59
-55
-42
-44
-45
-43
-57
-27
-29
-32
-45
-31
-36
-27
-35
-46
-37
-38
-24
-22
-23
-28
-31
-32
-27
-26
-32
-31
-25
-20
-23
-19
-17
-18
-17
-12
-16
-17
-1
-4
-24
-18
-22
-4
-2
6
2
0
4
7
18
-3
18
12
4
6
20
0
-7
-2
-7
3
4
25
31
7
16
14
9
37
27
22
21
17
16
22
16
12
23
27
29
21
24
8
2
17
19
23
12
8
17
15
3
11
22
18
19
15
25
29
32
39
37
27
29
27
9
15
18
21
12
8
7
-2
-8
-7
-7
-8
0
3
-12
-7
5
-7
-9
1
9
-13
-21
-27
-27
-14
-27
-24
-21
-22
-14
-2
-3
5
12
5
16
9
13
18
17
18
21
22
18
31
28
26
44
44
41
37
37
37
41
43
32
13
20
20
24
13
4
-5
-1
19
15
13
10
12
6
15
17
19
7
-11
13
0
6
4
-9
-5
-15
-22
-3
-11
-23
-27
-13
-9
-26
-19
-42
-30
-33
-47
-38
-49
-66
-65
-63
-53
-46
-54
-65
-55
-43
-35
-39
-33
-35
-45
-31
-40
-59
-64
-61
-54
-49
-48
-56
-45
-46
-42
-47
-53
-47
-58
-51
-49
-43
-44
-43
-50
-54
-42
-60
-50
-39
-45
-49
-32
-36
-39
-49
-36
-41
-51
-39
-58
-31
-43
-40
-44
-48
-22
-41
-22
-35
-25
-30
-44
-39
-53
-46
-50
-46
-49
-51
-37
-46
-58
-62
-53
-55
-69
-58
-62
-69
-63
-50
-50
-48
-47
-49
-46
-51
-37
-29
-27
-33
-41
-42
-52
-24
-39
-42
-31
-48
-40
-37
-24
-21
-1
-14
-11
-8
-1
-6
-6
-19
-23
-5
-7
14
12
2
8
5
11
9
4
15
10
2
6
-14
-5
7
-15
-23
-5
-1
2
-7
-40
-5
-13
-25
-28
-37
-36
-29
-27
-45
-28
-29
-38
-41
-29
-33
-23
-12
-16
-14
-31
-26
-14
-25
-14
-4
-7
10
4
19
20
8
8
-3
17
3
17
21
18
24
17
32
19
33
31
23
42
35
43
48
43
52
42
58
59
66
60
47
56
56
51
29
32
37
38
44
50
47
46
36
24
25
29
35
28
29
25
38
33
39
43
27
34
43
43
39
26
12
21
16
10
18
5
8
15
14
21
17
25
23
33
12
19
28
15
1
8
9
0
21
19
23
12
20
20
30
18
-3
32
24
6
-1
-1
10
-3
0
-9
-20
-9
-8
-15
-13
-26
-9
8
-7
15
-5
-16
1
-5
-4
7
-5
-1
-16
-13
-8
-10
-3
-11
-2
-1
-4
-12
-2
-11
2
-11
-15
-15
-23
-20
-19
-3
-5
-13
-17
-11
-20
-11
-5
-28
-16
-13
-4
-2
-12
-13
-33
-17
-12
-32
-29
-11
-32
-36
-33
-29
-24
-24
-22
-41
-28
-37
-42
-35
-43
-43
-44
-44
-43
-47
-38
-30
-38
-25
-28
-30
-36
-44
-41
-44
-45
-64
-40
-37
-34
-47
-60
-46
-45
-41
-42
-53
-46
-39
-36
-38
-43
-46
-41
-25
-34
-43
-40
-29
-40
-40
-54
-40
-44
-47
-52
-57
-36
-53
-47
-51
-36
-25
-24
-34
-32
-29
-19
-9
-16
-7
7
7
20
13
0
13
5
-6
3
11
1
17
28
7
2
13
22
0
19
20
18
22
16
32
43
49
22
23
30
32
33
30
23
33
30
20
34
26
25
14
26
9
12
22
14
10
15
27
21
13
22
30
21
32
41
34
37
33
37
44
45
48
41
55
41
54
61
56
51
46
69
50
55
69
70
82
88
62
66
92
58
73
68
58
82
87
80
71
74
72
68
56
50
49
73
58
59
62
52
63
58
69
70
78
71
73
67
57
55
45
55
45
28
16
13
15
29
36
20
15
33
15
10
18
20
17
18
30
34
17
21
23
16
20
19
33
34
34
43
50
41
53
64
46
50
59
64
71
60
76
63
54
70
54
60
67
68
72
73
68
74
80
74
81
80
83
75
70
71
73
71
67
77
63
58
65
66
63
65
68
60
60
41
34
33
16
27
28
3
-2
5
-9
-32
-19
-20
-24
-32
-34
-30
-40
-30
-39
-25
-24
-44
-29
-35
-23
-45
-41
-22
-22
-14
-27
-22
-3
-4
1
-15
-22
-8
-16
10
-8
3
12
-16
-5
-2
-3
0
-2
3
22
19
14
5
-5
11
17
25
30
8
13
30
35
30
31
39
18
40
43
41
41
33
34
39
45
19
25
24
26
16
28
24
21
26
8
10
0
18
4
12
24
13
3
10
14
8
3
8
1
0
15
-1
8
16
11
8
16
22
26
34
31
38
31
32
52
49
42
37
42
49
51
52
54
50
42
68
52
55
59
50
48
42
37
46
56
31
25
57
42
42
34
35
61
45
57
56
54
53
51
57
41
43
40
48
35
40
52
53
55
44
43
46
44
29
46
38
44
44
36
36
30
27
29
16
18
20
12
4
12
12
13
30
21
13
44
37
15
33
30
31
36
43
30
33
32
20
33
22
34
39
51
43
42
43
44
55
48
62
64
46
46
60
56
62
65
75
61
63
77
68
85
74
85
84
99
86
68
81
80
91
81
88
80
78
89
76
90
90
101
90
75
77
71
59
74
62
60
72
63
52
58
66
63
45
48
44
48
56
53
51
48
43
38
33
37
48
44
40
31
18
19
36
37
38
36
36
43
41
35
50
48
48
47
43
42
27
33
34
46
43
48
43
46
33
32
42
22
31
30
34
35
37
44
42
13
17
9
18
12
-4
4
8
27
11
8
17
18
3
23
8
9
13
11
7
19
20
16
27
10
17
18
14
11
10
15
20
35
38
25
15
31
40
42
38
42
42
46
57
59
57
65
71
76
83
68
68
53
59
66
59
70
61
91
87
91
86
83
106
98
102
94
100
106
99
114
97
85
100
99
81
96
91
96
100
79
89
82
80
86
77
70
58
90
68
82
87
74
86
58
65
59
54
63
42
36
50
40
52
40
37
40
37
38
46
41
28
28
38
34
31
34
32
30
29
27
24
24
13
31
44
43
44
37
41
40
39
45
42
38
55
63
59
66
76
79
84
85
82
88
88
113
98
101
108
95
99
82
91
88
84
78
78
89
89
91
97
77
91
81
93
86
78
80
83
77
55
59
62
57
44
37
50
51
52
64
65
57
54
62
62
76
66
66
71
57
50
74
65
70
70
71
88
69
75
56
50
52
64
63
60
75
71
63
61
70
73
89
83
94
87
102
107
98
101
99
110
100
107
89
84
90
97
104
73
94
82
75
95
85
83
58
68
92
82
62
77
69
51
47
67
66
54
79
69
48
47
62
66
66
55
58
67
59
64
69
71
53
70
56
59
55
54
52
49
59
49
52
65
55
41
42
40
43
45
30
31
36
22
19
48
33
36
50
31
36
39
56
43
52
46
50
48
22
40
48
35
39
44
52
31
40
48
49
52
47
60
57
59
55
49
40
56
53
60
53
39
36
41
56
41
58
56
52
43
64
48
61
75
69
76
74
73
53
61
60
68
61
59
67
51
62
53
53
40
45
51
30
43
38
44
37
34
43
37
38
30
30
47
40
37
41
60
56
53
52
41
42
34
30
36
45
30
35
45
38
39
36
31
10
24
39
13
40
23
24
23
28
21
14
26
28
37
48
25
15
39
38
37
50
42
54
59
40
64
67
57
59
53
39
61
56
61
83
66
58
60
69
69
67
75
72
79
86
82
84
95
84
83
102
90
81
89
95
96
101
79
79
74
88
76
69
89
64
66
67
80
71
68
52
42
68
47
34
41
51
57
57
47
49
49
43
47
56
46
41
42
28
43
36
36
51
40
35
33
27
34
33
41
50
47
49
55
63
58
62
53
40
46
49
51
53
52
57
59
62
54
46
49
47
47
55
59
64
67
63
62
58
59
53
48
71
63
60
55
46
44
51
52
46
52
58
45
52
64
51
67
48
55
57
56
40
44
51
48
66
60
71
59
34
34
54
51
40
51
55
35
53
54
43
47
54
36
37
24
34
51
33
37
34
44
49
43
43
69
45
40
52
55
51
54
53
37
50
31
44
39
38
55
48
46
39
34
34
44
68
74
74
71
69
70
63
46
40
63
72
70
58
50
68
68
68
63
65
61
54
74
61
66
69
82
65
66
65
67
58
58
76
56
57
63
67
63
63
74
66
61
65
86
76
59
78
82
74
63
67
55
60
72
63
51
72
48
45
71
57
57
67
53
57
78
77
52
52
76
77
83
76
72
80
81
61
82
75
74
88
81
87
59
71
64
50
50
47
55
69
55
67
72
65
71
60
69
64
68
60
51
67
48
50
58
58
42
56
65
58
45
51
51
43
51
58
83
81
77
68
72
63
66
60
48
49
40
62
59
52
60
57
76
65
56
65
64
74
67
68
67
67
73
78
113
96
92
92
99
101
91
100
89
100
103
102
109
104
73
78
60
75
63
55
62
65
75
75
68
63
58
53
52
69
54
65
47
53
60
26
32
48
44
26
42
22
33
19
15
10
5
8
8
10
10
-1
2
20
21
-1
-3
13
1
16
10
14
16
34
17
23
19
33
40
40
34
42
33
32
18
29
36
29
47
55
77
66
82
56
62
60
63
68
85
91
93
89
74
68
68
65
53
68
62
87
86
84
68
63
59
79
74
76
69
53
73
60
67
57
70
38
55
55
54
57
76
61
46
68
58
68
75
43
52
47
57
78
61
59
41
47
49
57
53
72
48
59
38
61
45
59
62
65
80
79
75
89
84
85
70
81
86
68
76
77
77
59
76
73
64
52
57
66
68
62
66
48
65
50
59
36
45
42
45
52
27
34
44
37
40
42
22
33
32
24
16
16
7
7
17
11
25
9
25
18
10
20
13
26
5
24
22
20
40
19
9
39
29
44
21
34
34
49
33
37
27
49
45
33
38
19
31
30
51
51
66
49
43
33
54
55
50
41
59
48
51
45
59
50
41
51
26
37
23
40
44
38
39
51
37
42
34
39
28
20
37
31
33
50
46
52
35
42
19
42
9
17
16
24
29
34
21
17
15
12
13
17
28
10
11
25
29
9
12
7
6
10
8
7
19
-7
-11
10
-4
11
16
9
-4
-3
19
6
6
0
5
4
19
27
35
32
21
17
6
6
11
-9
-2
7
0
2
0
-16
-8
-34
-12
-28
-23
-41
-34
-26
-23
-32
-27
-36
-35
-31
-15
-31
-17
-30
-4
-20
-13
-1
-21
-2
-18
-20
-17
-18
-5
-15
-4
-5
2
-26
0
7
8
30
5
6
4
16
12
13
16
29
45
27
33
32
22
43
26
33
23
37
57
67
70
70
64
55
50
72
45
53
45
52
45
60
49
38
30
51
37
42
51
38
39
26
66
54
46
63
40
28
26
3
20
-2
0
4
20
-7
-17
1
9
10
-16
-18
-20
-21
-26
7
-10
-40
-23
-18
-3
3
2
-1
-3
-24
-14
12
3
-17
-4
-6
-5
10
-5
8
-10
-11
-11
-2
-4
15
11
26
27
30
9
12
10
9
19
12
17
37
41
38
34
31
38
47
67
40
53
44
34
36
36
23
27
15
22
41
47
60
41
47
45
56
30
38
32
27
28
24
51
31
31
25
31
11
12
17
22
23
27
30
32
2
13
12
56
46
28
14
15
12
4
20
27
30
5
28
27
38
25
31
55
44
47
52
58
54
56
37
39
49
59
57
67
72
71
59
49
45
63
41
53
15
-4
30
32
33
28
29
22
42
42
32
31
8
18
29
24
37
25
7
23
22
15
7
11
-1
6
-5
-18
-18
-9
-8
-1
-12
-34
-27
-36
-27
-19
-12
-17
2
-14
-18
-2
-10
-5
-15
-13
-6
-11
8
1
3
-22
-27
-19
-26
-20
-30
-20
-11
-10
-7
4
3
-17
1
-11
-2
18
11
-12
10
8
6
14
15
-2
15
-13
6
9
-3
21
-10
-2
0
13
24
28
24
13
23
34
16
33
15
38
26
43
37
37
20
7
27
37
37
43
35
32
29
34
37
16
28
16
33
21
32
17
29
31
20
3
12
4
-22
9
2
5
17
21
26
33
28
35
10
-2
-23
-23
-9
4
8
-6
-2
-7
-7
-4
-4
-17
-9
-20
-10
9
-14
-10
-7
-16
-12
-8
-1
-19
-13
-15
3
-17
1
2
-8
6
-6
24
3
-6
-15
-7
-45
-4
-26
-8
-11
-15
17
-4
7
-2
4
5
1
-5
4
14
4
-9
1
2
3
13
15
12
38
30
31
24
42
32
24
33
32
44
36
20
20
30
33
41
57
48
47
28
41
28
29
31
48
42
29
41
28
54
48
56
62
55
50
55
51
45
46
20
30
41
32
38
44
43
27
23
25
24
20
16
24
29
22
49
52
58
42
34
26
12
28
14
23
12
-6
24
21
36
7
29
28
27
48
26
40
36
14
9
21
29
24
39
66
61
50
41
27
21
30
59
66
56
37
51
39
20
37
25
16
35
28
44
24
18
43
29
36
21
18
21
35
43
32
32
32
16
31
31
55
64
53
54
53
42
39
34
35
28
30
42
30
34
9
49
23
39
41
39
55
28
57
45
59
48
53
61
48
50
55
38
9
24
41
59
64
35
44
31
45
63
49
53
56
51
49
56
71
56
66
45
42
48
57
41
46
63
34
39
16
22
5
29
13
27
8
23
25
24
22
-11
4
3
-6
16
23
25
6
3
13
-13
-18
3
-8
-21
-21
-11
10
11
29
4
-11
-31
-16
-11
-10
-7
13
7
18
14
4
18
17
29
13
25
30
23
43
43
44
21
30
41
56
20
22
44
10
57
42
65
55
53
63
43
39
21
47
56
62
43
24
43
51
42
58
53
41
55
67
58
69
63
69
71
51
58
63
30
37
32
76
76
90
88
69
71
75
98
69
85
94
80
76
96
93
93
74
89
79
85
67
82
84
79
95
92
113
119
124
88
113
95
95
101
93
100
96
113
88
106
95
128
129
119
106
91
134
113
130
108
103
100
72
77
79
71
57
50
85
84
96
74
51
55
18
50
39
61
63
75
73
71
59
13
8
28
36
45
44
41
25
16
16
17
25
4
30
6
32
29
26
24
41
68
31
29
12
9
-13
15
19
54
68
50
52
32
46
67
64
70
56
36
53
52
66
42
64
28
46
48
24
63
70
91
78
81
49
84
77
94
117
96
110
85
82
102
89
79
56
55
85
89
98
88
92
63
54
59
57
71
51
52
48
78
39
43
68
34
51
29
52
60
49
33
15
35
24
40
44
29
36
34
42
19
39
47
31
32
65
33
23
38
26
71
49
63
62
31
42
12
15
-17
31
36
47
67
33
15
20
56
44
72
46
42
48
72
92
84
55
16
24
45
61
48
41
51
43
20
6
36
39
45
43
58
36
83
58
21
10
-1
-6
8
21
-13
-8
-16
10
34
53
59
69
45
43
28
36
78
90
64
29
28
-16
-15
-6
-4
7
20
21
3
-35
-42
-36
-26
-1
-21
-25
-14
-34
-42
-11
30
35
83
99
124
174
194
197
193
170
98
104
100
85
83
70
3
32
12
26
31
36
81
66
86
48
56
45
78
52
60
88
86
81
65
57
78
73
82
113
132
120
118
144
131
120
103
114
80
50
78
48
49
53
56
43
33
36
20
29
34
22
32
43
74
65
83
75
69
61
73
87
66
92
77
61
50
45
17
-4
-7
47
44
71
91
55
77
85
106
103
50
14
2
-32
-14
-11
-19
-3
-32
21
38
64
53
61
127
100
105
78
73
41
42
48
42
53
33
71
106
132
117
83
46
37
32
6
-4
-41
-63
-44
-41
-24
-2
65
99
87
92
103
63
65
55
38
42
29
37
5
-27
-31
-5
-4
26
22
50
117
160
175
132
116
94
64
69
65
38
39
-32
-30
-24
1
14
35
32
34
31
4
7
0
7
-18
-48
-43
-71
-49
-43
-45
-28
-11
29
74
103
106
59
71
52
55
41
31
3
-5
-6
-60
-46
-46
-28
-19
20
6
-23
4
-1
-7
-17
4
17
41
48
54
68
51
51
25
26
32
48
47
47
48
45
15
61
72
77
84
78
56
16
5
-22
-24
-48
-35
-25
-29
-16
-15
5
0
-6
1
-7
20
14
-13
-17
0
-15
17
53
32
4
9
21
33
44
21
4
-6
21
38
33
-1
-35
-26
-23
-30
-45
-47
-40
-11
2
-2
-12
-9
-15
-14
24
14
5
17
23
-6
-11
9
17
21
29
30
29
10
-11
-8
9
23
3
-2
8
9
14
19
-9
-10
14
21
38
34
25
11
37
58
33
-29
-41
-59
-66
-57
-34
-33
-76
-76
-91
-60
-29
-5
46
82
91
115
138
128
96
76
73
67
81
63
39
14
-9
-22
-54
-55
-76
-86
-92
-79
-56
-53
-57
-37
-28
-18
-5
-3
0
8
14
27
70
78
101
87
67
69
61
53
53
20
15
15
-15
7
0
-34
-33
-29
-19
-8
21
7
-6
-14
-8
0
-5
14
20
31
16
11
13
-5
-20
-17
-38
-32
-33
-2
14
15
8
1
9
14
52
62
61
80
80
83
96
92
75
82
101
107
119
124
134
141
122
131
136
129
119
114
120
131
133
140
143
157
191
182
175
190
203
197
178
192
185
163
170
171
177
195
176
186
172
162
133
109
114
110
98
81
95
76
86
59
37
42
34
20
-6
8
-7
-24
-47
-78
-93
-101
-122
-142
-157
-164
-179
-178
-213
-213
-203
-215
-192
-201
-191
-185
-184
-201
-204
-198
-197
-165
-176
-143
-107
-91
-65
-63
-38
-34
-10
4
6
18
23
51
75
113
154
178
210
237
283
339
381
425
479
516
562
605
642
679
730
765
806
860
918
968
1032
1100
1172
1249
1296
1344
1362
1290
1082
777
429
73
-253
-597
-883
-1054
-1163
-1188
-1134
-974
-789
-605
-458
-325
-136
-12
108
165
201
241
278
326
355
419
448
370
226
58
-119
-312
-525
-776
-967
-1116
-1236
-1294
-1306
-1302
-1284
-1287
-1264
-1185
-1096
-972
-831
-692
-525
-354
-203
-32
73
144
155
131
143
110
75
41
5
19
63
69
113
168
212
261
278
329
381
466
593
715
909
1126
1337
1564
1802
2034
2237
2435
2575
2753
2678
2179
1592
938
352
-235
-899
-1428
-1867
-2201
-2381
-2370
-2110
-1767
-1490
-1310
-985
-548
-192
167
365
590
763
908
1074
1217
1384
1453
1354
1163
1063
974
753
454
84
-279
-636
-1037
-1306
-1482
-1586
-1725
-1891
-1874
-1696
-1465
-1254
-1032
-845
-632
-437
-234
43
229
321
261
178
101
39
-90
-285
-456
-635
-789
-937
-976
-949
-942
-946
-968
-912
-790
-642
-525
-417
-276
-133
8
177
410
625
757
835
900
947
991
986
942
924
927
935
985
1092
1237
1399
1532
1737
2036
2323
2553
2386
1777
1074
323
-358
-1030
-1641
-2081
-2416
-2586
-2500
-2094
-1497
-946
-511
-187
227
618
909
1132
1197
1203
1123
1082
1116
1171
1241
1174
968
714
526
336
32
-320
-718
-1089
-1428
-1639
-1667
-1558
-1442
-1363
-1252
-1067
-770
-456
-179
53
230
364
435
528
615
543
304
-51
-401
-673
-876
-1084
-1235
-1340
-1403
-1435
-1357
-1146
-910
-739
-653
-552
-460
-379
-341
-318
-297
-300
-279
-226
-103
63
207
231
241
252
272
266
250
243
227
213
216
318
498
730
939
1136
1397
1714
2057
2383
2741
3128
3489
3575
3108
2297
1257
238
-695
-1651
-2386
-2944
-3283
-3309
-3018
-2347
-1526
-803
-257
266
817
1276
1655
1812
1852
1812
1696
1632
1602
1615
1567
1305
872
403
-49
-545
-1036
-1523
-1919
-2203
-2383
-2324
-2064
-1673
-1286
-991
-690
-361
-13
298
573
823
992
1101
1140
1155
1143
978
619
37
-557
-1103
-1663
-2075
-2381
-2441
-2399
-2245
-1933
-1522
-1031
-681
-433
-289
-180
-91
-74
-30
19
55
49
35
85
94
81
-9
-171
-325
-450
-515
-512
-392
-227
-58
102
309
546
797
1020
1176
1398
1618
1915
2223
2569
2944
3309
3654
3912
3735
2964
1751
296
-957
-2112
-3056
-3661
-4010
-3937
-3544
-2780
-1702
-624
278
844
1275
1637
1939
2133
2133
2079
1919
1752
1635
1539
1466
1228
726
-30
-884
-1588
-2149
-2575
-2841
-2890
-2736
-2434
-1928
-1255
-532
34
346
520
665
851
1037
1163
1274
1302
1282
1196
1105
937
588
21
-789
-1556
-2253
-2775
-3058
-3149
-2980
-2647
-2160
-1556
-928
-348
33
244
300
322
331
321
381
431
439
346
218
75
-102
-306
-573
-829
-1032
-1134
-1091
-953
-682
-363
-58
204
477
706
899
1079
1210
1345
1533
1777
2080
2411
2782
3121
3377
3601
3750
3607
2789
1462
-110
-1541
-2632
-3526
-3928
-3992
-3798
-3252
-2537
-1501
-375
518
1073
1364
1568
1752
1904
1964
1985
1917
1711
1507
1304
1150
856
249
-597
-1515
-2247
-2675
-2878
-2787
-2485
-2099
-1641
-1130
-517
105
558
715
752
760
810
930
1054
1216
1286
1175
935
607
260
-220
-878
-1651
-2395
-2902
-3096
-2941
-2505
-1878
-1297
-862
-499
-128
189
398
461
407
339
302
359
410
466
441
178
-165
-497
-764
-979
-1176
-1315
-1391
-1325
-1135
-832
-467
-89
134
245
323
439
624
760
936
1133
1308
1488
1697
1879
2091
2205
2216
2246
2273
2357
2521
2631
2569
1934
905
-342
-1567
-2359
-2970
-3233
-3250
-3089
-2600
-1951
-1025
-21
745
1186
1295
1344
1407
1527
1649
1736
1719
1542
1399
1162
946
562
-131
-1013
-2002
-2756
-3160
-3185
-2856
-2332
-1738
-1106
-493
177
770
1150
1270
1160
964
820
809
866
974
984
827
527
174
-210
-672
-1240
-1862
-2399
-2699
-2687
-2327
-1731
-1059
-492
-98
139
338
558
700
726
681
595
490
395
326
198
-44
-482
-1015
-1472
-1734
-1788
-1701
-1547
-1316
-1031
-720
-334
58
378
583
645
645
687
782
941
1081
1209
1282
1291
1291
1305
1316
1322
1266
1246
1306
1441
1729
2107
2481
2710
2423
1604
493
-849
-1966
-2730
-3251
-3272
-3122
-2704
-2001
-1223
-269
408
808
966
920
965
1108
1320
1553
1744
1758
1659
1465
1129
671
-116
-1096
-2054
-2847
-3204
-3115
-2655
-1946
-1278
-683
-211
151
471
668
755
737
750
870
1139
1502
1810
1982
1834
1410
752
-42
-821
-1646
-2310
-2792
-3005
-2898
-2482
-1871
-1246
-715
-409
-256
-229
-137
37
238
462
600
664
666
585
419
184
-140
-509
-865
-1109
-1140
-1050
-885
-687
-541
-467
-422
-403
-369
-342
-328
-308
-273
-148
40
252
444
603
708
774
806
867
948
1076
1236
1430
1659
1906
2167
2431
2717
2875
2825
2350
1369
174
-1138
-2188
-2809
-3143
-3041
-2826
-2479
-1960
-1485
-883
-365
-15
275
502
885
1397
1905
2367
2623
2632
2385
1906
1246
486
-363
-1280
-2021
-2559
-2726
-2566
-2259
-1846
-1534
-1290
-1078
-883
-576
-203
225
711
1182
1638
2045
2282
2299
2114
1634
951
180
-610
-1237
-1706
-2012
-2130
-2226
-2193
-2071
-1922
-1697
-1493
-1260
-968
-627
-172
352
844
1217
1390
1308
1049
712
352
46
-251
-489
-669
-822
-913
-973
-1027
-1086
-1128
-1163
-1138
-1019
-822
-570
-280
31
309
542
686
789
828
790
698
619
591
592
666
703
751
830
913
1023
1137
1271
1434
1680
1953
2149
2267
1968
1243
361
-764
-1591
-2081
-2337
-2175
-2031
-1791
-1503
-1274
-879
-605
-414
-155
40
398
959
1482
1968
2272
2266
2027
1552
915
250
-424
-1056
-1501
-1833
-1862
-1760
-1593
-1386
-1329
-1284
-1240
-1130
-799
-316
239
834
1323
1677
1931
1987
1879
1597
1142
624
33
-456
-800
-1116
-1368
-1605
-1843
-2005
-2143
-2154
-1956
-1632
-1208
-786
-352
119
508
835
1011
1049
1005
802
602
428
248
75
-159
-456
-730
-959
-1148
-1262
-1312
-1241
-1147
-1000
-773
-575
-388
-265
-210
-176
-143
-78
-11
94
189
267
306
345
391
402
429
463
546
645
797
980
1193
1457
1712
2020
2286
2507
2646
2558
2042
1190
255
-702
-1405
-1818
-2015
-1948
-1984
-2039
-2026
-1966
-1732
-1514
-1157
-646
-45
718
1464
2112
2553
2634
2382
1936
1417
841
387
-48
-421
-723
-1018
-1232
-1477
-1723
-1895
-2109
-2150
-1972
-1593
-989
-338
290
784
1143
1341
1433
1474
1480
1383
1245
1105
893
608
278
-178
-709
-1256
-1746
-2073
-2174
-2136
-1985
-1784
-1590
-1355
-1098
-772
-404
-4
371
675
905
1057
1093
1035
840
588
285
-28
-258
-457
-635
-815
-1036
-1201
-1302
-1326
-1238
-1109
-941
-784
-657
-491
-360
-245
-150
-93
10
121
289
489
698
870
990
1101
1163
1187
1289
1348
1355
1402
1380
1401
1522
1634
1667
1622
1349
757
182
-376
-785
-1014
-1118
-1084
-1098
-1141
-1195
-1252
-1204
-1147
-1057
-757
-331
142
660
1078
1354
1447
1365
1217
1108
995
920
809
675
486
189
-117
-492
-882
-1182
-1413
-1518
-1460
-1309
-1100
-907
-741
-575
-409
-224
36
327
607
855
1025
1092
1048
882
605
303
14
-263
-475
-616
-727
-869
-1039
-1241
-1408
-1500
-1503
-1409
-1234
-1025
-765
-518
-307
-128
-10
84
169
275
368
447
460
397
258
108
-61
-247
-388
-506
-631
-759
-874
-972
-1028
-1074
-1054
-968
-818
-631
-385
-115
132
336
506
642
784
954
1136
1272
1414
1541
1617
1696
1753
1759
1775
1812
1818
1786
1641
1362
867
353
-86
-448
-645
-827
-978
-1114
-1337
-1560
-1694
-1710
-1619
-1449
-1095
-561
-28
505
941
1194
1335
1367
1326
1329
1314
1291
1170
993
714
381
55
-343
-684
-971
-1197
-1387
-1489
-1528
-1564
-1575
-1524
-1363
-1106
-778
-379
30
383
635
852
980
1062
1121
1109
1072
960
790
506
174
-204
-631
-1078
-1481
-1685
-1768
-1736
-1680
-1627
-1512
-1386
-1213
-953
-651
-327
-44
199
419
592
644
631
543
469
439
366
262
130
-82
-367
-587
-757
-888
-955
-968
-919
-819
-675
-512
-363
-190
-9
156
335
519
673
788
939
1065
1225
1455
1680
1826
1943
2016
2089
2196
2283
2308
2185
1812
1197
642
137
-255
-653
-1088
-1405
-1774
-2084
-2245
-2302
-2187
-2035
-1797
-1396
-891
-426
-61
214
419
705
999
1375
1701
1912
1984
1799
1521
1201
893
607
290
6
-220
-487
-782
-1099
-1420
-1724
-1971
-2084
-2002
-1793
-1601
-1343
-1083
-781
-415
18
440
812
1130
1306
1394
1394
1284
1124
995
830
686
564
362
58
-316
-752
-1160
-1471
-1672
-1783
-1818
-1820
-1800
-1733
-1627
-1446
-1209
-930
-631
-333
-37
219
451
630
754
851
938
1029
1058
982
817
576
306
68
-166
-379
-557
-745
-925
-1064
-1150
-1113
-971
-766
-492
-151
222
557
876
1190
1488
1795
2081
2369
2638
2851
2946
2886
2652
2168
1595
1115
701
340
-104
-610
-1076
-1549
-1977
-2304
-2467
-2500
-2487
-2396
-2144
-1830
-1561
-1287
-999
-594
-96
429
936
1346
1642
1795
1846
1881
1944
1959
1901
1725
1478
1147
697
188
-278
-728
-1101
-1366
-1585
-1706
-1841
-1975
-2050
-2055
-1929
-1666
-1355
-1015
-672
-375
-86
127
346
614
842
1091
1215
1262
1234
1084
888
639
461
277
50
-180
-466
-754
-1043
-1273
-1410
-1429
-1363
-1314
-1249
-1171
-1113
-1023
-921
-727
-487
-218
57
290
491
606
649
665
713
739
730
647
504
317
90
-99
-235
-314
-347
-375
-417
-442
-430
-377
-278
-84
171
497
827
1131
1419
1698
1950
2091
2169
2149
2073
1840
1528
1296
1095
839
465
18
-369
-710
-1078
-1412
-1634
-1761
-1828
-1765
-1589
-1357
-1159
-1016
-869
-670
-417
-161
74
274
464
631
760
878
989
1018
956
862
788
705
607
480
347
244
147
49
-37
-133
-240
-350
-420
-468
-507
-507
-542
-587
-646
-690
-760
-848
-908
-930
-922
-921
-926
-926
-904
-853
-764
-628
-420
-213
-28
136
298
434
545
662
729
780
755
682
562
440
297
139
-18
-148
-255
-402
-509
-627
-723
-789
-822
-840
-828
-787
-749
-727
-685
-618
-524
-417
-250
-96
52
197
349
517
700
884
1055
1231
1381
1510
1552
1570
1565
1538
1541
1498
1426
1343
1157
913
726
641
561
436
157
-158
-390
-581
-727
-844
-893
-921
-987
-988
-923
-841
-785
-732
-645
-497
-342
-201
-127
-104
-97
-53
33
210
383
501
560
573
641
701
766
783
763
734
724
669
586
479
317
154
-44
-240
-435
-644
-851
-1035
-1155
-1193
-1180
-1132
-998
-877
-808
-792
-782
-737
-683
-603
-510
-411
-290
-177
-102
-11
64
111
171
204
243
258
303
346
360
414
435
447
452
434
370
230
98
-71
-231
-375
-556
-700
-831
-941
-1003
-1051
-1052
-1031
-1000
-930
-807
-645
-423
-149
157
475
771
1062
1317
1555
1764
1901
1971
2042
2110
2124
2108
2046
1869
1547
1241
1019
904
784
550
257
-12
-255
-458
-619
-737
-827
-971
-1084
-1189
-1231
-1284
-1308
-1309
-1270
-1137
-1016
-876
-747
-610
-425
-218
47
346
583
751
817
883
943
996
1031
1049
1019
977
917
823
698
532
374
193
26
-112
-256
-421
-580
-733
-833
-929
-1019
-1031
-1040
-1087
-1141
-1167
-1147
-1083
-1033
-1003
-965
-925
-853
-778
-668
-537
-379
-239
-111
33
160
286
394
510
624
737
804
807
783
708
563
436
292
138
-27
-195
-369
-541
-648
-745
-805
-844
-828
-781
-721
-632
-509
-366
-195
6
220
444
658
866
1068
1233
1394
1549
1651
1794
1878
1921
1859
1682
1561
1522
1529
1518
1344
1101
805
497
251
31
-144
-361
-593
-835
-1035
-1210
-1352
-1502
-1612
-1638
-1596
-1510
-1429
-1334
-1214
-1078
-903
-640
-347
-71
116
266
402
537
727
855
972
991
963
932
868
825
772
731
630
551
470
370
260
123
6
-90
-218
-318
-420
-515
-635
-802
-970
-1124
-1241
-1321
-1416
-1503
-1553
-1559
-1504
-1398
-1257
-1117
-970
-806
-619
-390
-138
106
359
593
825
982
1096
1100
1114
1056
963
881
781
685
539
372
171
-7
-196
-335
-506
-659
-754
-870
-956
-983
-957
-885
-766
-590
-378
-112
167
422
709
958
1195
1437
1662
1883
2069
2124
2023
1922
1876
1873
1865
1673
1421
1150
826
534
270
71
-183
-476
-787
-1064
-1244
-1383
-1464
-1476
-1445
-1353
-1239
-1121
-1050
-957
-855
-754
-600
-410
-231
-147
-83
-25
31
135
235
317
377
387
401
411
450
489
526
550
547
562
564
522
480
426
350
281
172
70
-31
-164
-349
-547
-692
-819
-959
-1090
-1170
-1215
-1232
-1231
-1217
-1184
-1111
-1066
-997
-869
-711
-493
-300
-105
101
262
426
548
651
772
841
882
908
913
884
820
712
578
442
283
116
-58
-224
-352
-456
-553
-587
-599
-578
-518
-437
-327
-219
-66
84
243
388
524
680
853
1086
1276
1426
1503
1458
1404
1395
1466
1537
1483
1339
1143
923
748
584
426
288
99
-143
-356
-579
-751
-919
-1089
-1179
-1255
-1282
-1276
-1281
-1272
-1227
-1155
-1031
-862
-698
-537
-409
-301
-144
27
234
438
556
640
657
621
593
557
514
465
396
360
332
299
297
273
223
197
145
74
2
-66
-126
-194
-244
-274
-310
-363
-479
-640
-776
-957
-1101
-1229
-1304
-1325
-1308
-1233
-1113
-966
-821
-690
-544
-387
-176
14
226
438
610
757
849
886
877
831
728
613
446
304
155
-7
-126
-255
-381
-434
-499
-538
-506
-496
-424
-344
-261
-163
-35
115
272
431
575
711
869
1006
1076
1140
1113
1048
1019
1044
1112
1138
1087
966
784
645
527
453
409
325
214
69
-79
-213
-299
-397
-522
-625
-753
-839
-921
-1031
-1082
-1117
-1117
-1077
-1004
-903
-787
-680
-582
-475
-314
-96
94
239
375
455
537
629
703
789
811
826
790
749
708
656
572
469
360
240
127
-4
-134
-301
-476
-632
-763
-862
-942
-1032
-1096
-1155
-1187
-1185
-1151
-1087
-1030
-972
-900
-770
-648
-500
-331
-175
-27
118
225
336
410
460
503
477
503
495
491
453
356
279
161
67
-11
-63
-121
-177
-219
-274
-277
-251
-209
-192
-146
-81
4
122
249
385
522
643
762
861
955
1055
1092
1089
1077
1076
1164
1231
1253
1221
1126
992
866
722
607
487
301
92
-117
-266
-397
-486
-570
-664
-751
-818
-893
-942
-935
-899
-888
-853
-766
-659
-543
-444
-364
-282
-214
-172
-89
-25
-4
26
38
56
129
213
328
404
449
490
500
510
519
502
444
384
306
252
193
83
-44
-221
-366
-522
-682
-818
-923
-1053
-1167
-1236
-1292
-1269
-1231
-1183
-1105
-1020
-934
-815
-656
-483
-292
-91
92
263
401
519
582
608
624
602
580
518
458
384
277
186
97
7
-32
-67
-108
-161
-207
-205
-197
-170
-120
-75
3
78
207
320
399
503
599
703
799
916
1018
1065
1052
1053
1083
1102
1101
1062
949
837
716
583
509
419
304
145
-36
-200
-339
-444
-555
-666
-764
-847
-918
-947
-963
-942
-917
-928
-871
-786
-687
-583
-487
-437
-364
-306
-224
-121
-20
69
104
126
148
185
214
255
257
253
255
247
229
224
244
231
203
172
122
36
-64
-176
-274
-350
-425
-479
-521
-575
-631
-689
-767
-825
-860
-913
-937
-950
-948
-919
-881
-800
-661
-495
-342
-163
2
137
236
357
467
539
641
686
695
722
697
665
618
530
463
354
243
114
-46
-136
-261
-350
-376
-397
-376
-305
-240
-151
-42
100
240
406
617
781
949
1084
1172
1219
1279
1311
1308
1265
1135
985
790
593
417
240
68
-110
-271
-432
-549
-639
-725
-814
-880
-917
-943
-906
-868
-815
-736
-680
-624
-523
-439
-357
-277
-221
-159
-121
-91
-25
47
110
142
170
178
178
186
195
194
193
200
183
158
163
171
160
177
191
206
186
143
88
-19
-98
-208
-311
-395
-474
-576
-673
-782
-853
-907
-930
-922
-888
-847
-777
-697
-596
-440
-277
-97
61
206
332
426
480
517
540
565
572
535
505
476
412
350
281
198
124
50
-20
-54
-77
-98
-101
-62
-25
52
125
199
286
355
399
443
522
586
671
752
802
817
831
854
870
812
770
725
632
542
457
406
334
251
171
100
35
-67
-161
-272
-398
-531
-627
-701
-748
-753
-770
-775
-766
-741
-707
-648
-545
-451
-354
-234
-160
-94
-2
63
131
182
226
301
342
366
361
355
312
278
233
211
209
209
194
132
72
1
-68
-139
-212
-296
-408
-481
-542
-619
-646
-706
-737
-753
-786
-787
-771
-755
-734
-707
-662
-580
-482
-343
-202
-60
69
178
243
330
376
409
450
453
454
434
401
341
277
220
160
104
35
-2
-17
-48
-71
-64
-56
-36
29
92
182
259
352
433
510
597
667
752
787
834
857
900
893
867
817
747
662
557
474
368
276
148
40
-72
-184
-283
-361
-461
-523
-579
-619
-625
-637
-601
-583
-563
-522
-497
-470
-419
-381
-339
-290
-240
-190
-152
-127
-101
-68
-60
-32
3
44
76
120
143
138
141
139
148
168
162
123
94
35
-17
-91
-175
-227
-313
-389
-475
-546
-604
-655
-719
-744
-753
-767
-752
-737
-712
-651
-586
-519
-451
-381
-301
-220
-145
-42
29
111
195
252
290
330
342
361
370
391
374
348
339
310
307
260
257
236
199
146
113
67
22
24
28
64
113
196
285
386
483
575
659
731
764
810
868
867
878
835
791
725
621
533
423
300
155
-4
-136
-260
-394
-539
-609
-683
-755
-771
-768
-760
-727
-659
-608
-538
-463
-383
-317
-235
-158
-93
-35
5
38
49
47
46
14
5
-9
-36
-64
-78
-71
-70
-84
-116
-128
-151
-188
-205
-224
-255
-273
-297
-306
-322
-328
-311
-323
-333
-353
-394
-400
-440
-459
-485
-506
-508
-526
-520
-508
-472
-434
-408
-359
-310
-259
-194
-110
-20
55
133
213
274
332
397
448
463
468
489
480
470
451
405
351
309
271
232
192
133
104
98
79
81
129
186
250
334
431
533
633
715
774
824
818
797
767
704
616
543
437
312
158
3
-116
-255
-411
-546
-667
-747
-795
-802
-770
-744
-703
-653
-607
-551
-502
-439
-392
-338
-256
-186
-124
-47
1
60
113
105
122
145
133
131
125
101
92
63
55
38
10
-38
-105
-169
-240
-325
-390
-452
-495
-545
-605
-644
-662
-694
-696
-673
-643
-558
-490
-393
-295
-216
-124
-32
46
91
110
123
148
169
163
172
173
149
131
124
129
103
101
93
75
73
61
71
95
133
178
241
307
358
416
461
468
499
516
543
562
586
603
632
651
645
639
635
589
551
518
456
388
337
268
207
139
78
17
-51
-108
-175
-237
-291
-337
-377
-376
-380
-406
-415
-377
-378
-407
-379
-380
-370
-371
-400
-369
-352
-340
-315
-297
-261
-214
-179
-131
-64
-5
43
108
170
237
288
333
328
321
294
226
150
69
-44
-174
-305
-441
-563
-657
-759
-826
-880
-926
-932
-935
-906
-832
-760
-655
-542
-420
-268
-135
18
143
236
338
419
471
511
509
507
468
439
376
326
275
214
136
85
42
-16
-12
-29
-53
-42
-33
-14
35
73
108
177
252
322
415
473
559
631
693
748
778
819
806
781
746
679
609
522
433
359
280
183
87
-44
-171
-283
-402
-503
-558
-622
-651
-676
-701
-688
-675
-650
-622
-575
-533
-473
-418
-365
-302
-243
-186
-141
-79
-35
-11
22
40
55
50
59
66
43
54
70
50
12
-24
-78
-117
-177
-235
-304
-380
-448
-484
-542
-579
-593
-614
-607
-612
-598
-545
-505
-448
-391
-333
-278
-221
-145
-99
-53
5
33
77
112
121
151
150
142
143
152
144
130
139
135
160
169
191
218
238
259
280
287
303
304
319
343
342
368
381
408
429
461
504
535
561
570
566
550
536
515
487
447
403
351
290
234
170
101
30
-29
-87
-170
-228
-294
-346
-392
-436
-458
-484
-495
-491
-455
-440
-421
-398
-372
-340
-308
-290
-266
-254
-239
-238
-215
-190
-176
-161
-157
-147
-123
-102
-80
-67
-85
-58
-71
-86
-110
-146
-199
-229
-274
-312
-329
-360
-359
-388
-367
-366
-364
-345
-317
-282
-259
-221
-184
-137
-95
-54
-19
48
82
102
141
171
176
175
180
180
203
203
202
210
181
182
193
206
215
246
261
274
337
369
411
460
503
527
567
596
625
667
675
672
662
640
589
542
480
419
323
246
176
77
3
-78
-147
-219
-277
-327
-364
-383
-411
-411
-435
-387
-366
-343
-291
-257
-208
-158
-112
-76
-38
-19
11
-9
-39
-51
-113
-171
-242
-314
-375
-423
-458
-485
-520
-561
-567
-562
-572
-561
-557
-544
-524
-499
-463
-426
-362
-297
-240
-180
-112
-53
3
39
62
84
114
143
159
159
163
155
141
107
104
111
73
53
17
-4
-26
-44
-30
-33
-24
3
12
59
97
153
229
286
364
448
520
568
640
687
728
754
780
797
795
783
746
677
585
481
368
280
164
71
1
-87
-145
-199
-254
-292
-331
-341
-329
-332
-317
-307
-278
-253
-230
-202
-202
-200
-201
-197
-204
-179
-185
-173
-155
-158
-158
-184
-178
-210
-238
-257
-294
-303
-328
-330
-333
-353
-351
-351
-354
-341
-363
-378
-402
-417
-413
-446
-437
-434
-454
-467
-475
-464
-459
-431
-396
-340
-311
-241
-192
-130
-58
-9
75
128
192
251
305
365
421
440
481
516
531
527
509
486
450
412
379
337
293
263
234
202
212
220
246
283
330
361
420
492
513
542
574
556
560
544
488
433
375
292
236
164
65
-9
-122
-186
-244
-314
-375
-410
-421
-429
-437
-419
-413
-389
-370
-358
-325
-277
-242
-209
-173
-147
-142
-144
-147
-150
-168
-178
-204
-228
-271
-303
-322
-352
-374
-409
-426
-437
-450
-457
-464
-472
-468
-458
-451
-431
-418
-405
-361
-332
-298
-262
-227
-178
-118
-95
-64
-14
29
64
70
98
110
137
147
146
161
163
166
184
195
209
218
235
264
283
331
369
409
445
481
520
536
574
621
632
656
702
699
704
700
662
636
555
470
407
321
224
131
74
0
-75
-152
-202
-248
-290
-327
-362
-361
-381
-364
-355
-336
-336
-311
-327
-331
-328
-346
-336
-334
-334
-353
-310
-315
-319
-294
-271
-296
-308
-317
-349
-363
-380
-394
-405
-411
-431
-422
-409
-390
-383
-366
-370
-355
-322
-307
-266
-240
-231
-208
-198
-189
-177
-160
-150
-151
-111
-110
-75
-24
11
51
112
166
218
265
309
362
409
435
461
485
504
523
518
523
534
514
494
481
470
462
446
446
427
424
410
405
398
394
366
292
249
191
135
76
19
-17
-58
-76
-77
-74
-76
-34
-33
-39
-42
-40
-41
-33
-39
-56
-67
-116
-144
-195
-260
-314
-361
-419
-460
-478
-491
-500
-506
-485
-494
-497
-497
-500
-506
-531
-532
-543
-559
-559
-555
-530
-496
-466
-432
-389
-348
-288
-242
-210
-155
-134
-87
-46
-40
0
-7
14
23
5
10
25
41
62
98
123
174
197
242
270
285
330
356
377
408
432
456
464
478
500
515
520
525
536
551
556
572
598
591
574
540
521
458
397
351
301
253
161
101
48
-22
-66
-122
-181
-222
-262
-287
-318
-345
-349
-360
-368
-397
-399
-419
-445
-454
-453
-443
-441
-435
-428
-419
-389
-357
-325
-312
-293
-271
-263
-263
-277
-278
-292
-317
-350
-368
-392
-426
-428
-446
-455
-469
-437
-416
-379
-342
-293
-243
-210
-157
-110
-55
-24
20
59
81
108
124
147
167
174
201
200
215
248
281
307
343
381
433
498
495
559
588
592
618
639
635
612
605
604
603
549
503
452
400
325
284
220
154
103
31
-9
-57
-80
-132
-168
-191
-210
-215
-227
-224
-207
-200
-173
-148
-142
-109
-94
-92
-82
-91
-95
-110
-122
-149
-199
-251
-301
-360
-424
-485
-533
-562
-603
-619
-638
-640
-664
-670
-652
-651
-633
-577
-534
-478
-424
-371
-298
-244
-180
-116
-70
-39
17
50
83
119
129
140
153
170
179
202
193
216
244
243
274
324
369
404
443
467
470
523
523
538
557
550
533
525
512
466
464
409
379
343
299
268
220
189
159
136
94
80
53
33
23
4
5
-8
-10
-8
5
8
-3
1
-5
-29
-37
-60
-79
-100
-138
-175
-197
-221
-249
-289
-330
-349
-365
-383
-397
-403
-402
-377
-363
-343
-319
-293
-271
-245
-203
-184
-144
-127
-114
-82
-62
-49
-45
-31
-52
-51
-70
-67
-48
-68
-74
-72
-67
-58
-40
-43
-31
4
16
43
88
122
179
229
255
306
337
366
409
448
456
488
490
479
488
464
441
430
430
406
371
358
340
305
272
230
212
187
163
142
131
110
97
65
68
58
12
-25
-52
-53
-95
-116
-119
-151
-171
-183
-225
-242
-261
-292
-321
-336
-363
-364
-354
-372
-356
-325
-308
-294
-284
-277
-232
-222
-209
-182
-157
-149
-118
-98
-99
-82
-76
-70
-83
-105
-111
-93
-109
-122
-115
-103
-92
-75
-44
-32
-32
-15
9
35
60
81
91
109
133
143
162
181
185
223
247
263
272
260
262
244
231
200
192
188
158
144
123
101
86
51
42
23
2
-10
-23
-18
-33
-36
-51
-47
-45
-57
-57
-45
-28
-35
-20
-35
-48
-42
-48
-59
-64
-70
-87
-98
-95
-108
-116
-106
-106
-101
-100
-110
-116
-103
-97
-119
-123
-125
-157
-169
-185
-195
-222
-244
-261
-275
-289
-285
-286
-286
-269
-261
-236
-238
-233
-240
-220
-186
-171
-139
-109
-70
-37
9
51
61
124
156
195
212
239
255
259
271
249
267
261
255
214
199
178
153
140
137
129
113
93
87
85
70
56
58
51
59
73
45
49
77
89
82
81
72
67
78
71
82
99
108
107
107
99
79
63
21
-15
-54
-76
-87
-134
-142
-152
-174
-196
-220
-201
-213
-205
-203
-206
-175
-144
-135
-126
-109
-79
-55
-39
-34
-2
6
13
15
24
69
58
62
64
53
39
33
28
18
26
21
16
14
8
-4
5
-8
-11
-13
-45
-31
-46
-71
-70
-85
-99
-100
-123
-98
-81
-84
-60
-49
-31
-4
43
48
85
116
127
137
160
182
166
183
171
176
169
164
164
167
166
156
159
150
139
127
117
90
67
63
38
21
6
-19
-24
-34
-38
-63
-66
-63
-69
-72
-75
-87
-80
-72
-68
-47
-37
-28
-14
0
-2
4
2
2
2
-5
-29
-33
-78
-84
-91
-126
-144
-153
-155
-159
-156
-158
-154
-145
-125
-126
-115
-103
-102
-109
-70
-71
-67
-45
-36
-32
-15
-3
23
39
51
75
73
84
86
99
81
71
71
54
48
29
15
8
-18
-32
-34
-62
-74
-80
-95
-113
-124
-108
-107
-93
-89
-84
-64
-46
-27
-19
11
30
32
51
82
80
80
93
89
85
84
77
90
97
77
74
65
55
47
20
2
6
2
-14
-33
-47
-60
-85
-105
-106
-128
-125
-123
-126
-105
-106
-103
-81
-64
-56
-16
-1
-4
13
15
41
37
40
40
37
21
20
-4
3
-14
-48
-32
-49
-62
-71
-82
-95
-85
-100
-111
-100
-111
-105
-109
-88
-99
-113
-95
-101
-71
-78
-58
-47
-46
-24
-3
5
11
29
36
62
70
64
83
100
99
107
116
117
117
112
102
106
82
94
85
80
75
62
59
24
17
1
-30
-56
-72
-98
-105
-137
-148
-160
-156
-152
-131
-108
-111
-90
-56
-30
-24
-13
3
21
37
56
59
70
83
61
55
50
26
17
-23
-27
-36
-62
-68
-71
-74
-86
-80
-90
-78
-74
-65
-55
-46
-42
-28
-18
-18
-17
-3
6
1
15
10
16
1
11
20
8
9
9
26
11
20
11
26
14
12
-13
-22
-24
-59
-50
-72
-63
-88
-90
-83
-78
-52
-31
-12
9
23
40
47
89
89
90
92
85
106
102
91
82
80
48
24
19
6
-5
-7
-20
-26
-23
-4
0
19
25
17
39
32
28
15
23
27
-2
-5
-29
-25
-45
-63
-87
-111
-103
-112
-136
-108
-102
-91
-67
-52
-33
-15
14
23
35
42
44
40
32
54
66
53
54
60
55
55
50
50
47
41
52
37
58
55
52
41
48
36
45
67
62
66
63
57
56
59
67
65
51
50
43
32
31
12
-3
5
-3
-25
-33
-38
-49
-51
-40
-53
-63
-51
-59
-55
-50
-45
-51
-48
-30
-22
-30
-33
-13
-21
-19
-8
-20
-21
-9
-7
-16
-9
-29
-15
-14
-19
-18
-16
-8
-9
8
9
13
13
12
25
25
32
23
1
3
-18
-14
-30
-42
-39
-51
-63
-74
-74
-71
-59
-59
-42
-34
-12
12
14
35
35
38
48
41
35
39
38
17
10
11
3
-21
-25
-49
-63
-60
-81
-83
-87
-69
-67
-64
-56
-53
-26
-21
-23
-8
-13
7
20
13
17
23
19
5
0
-21
-38
-38
-57
-67
-67
-70
-75
-76
-86
-82
-75
-104
-98
-114
-129
-117
-131
-137
-129
-127
-121
-124
-117
-104
-98
-76
-52
-50
-24
-13
8
29
29
37
33
46
47
49
29
45
44
34
30
3
15
1
-7
-24
-27
-29
-36
-35
-22
-9
-17
-14
-30
-13
-12
-17
6
-8
9
8
14
18
8
7
2
5
1
1
-4
-7
-18
14
16
21
15
18
31
26
37
11
29
5
0
-9
-27
-35
-30
-35
-47
-56
-63
-44
-40
-37
-33
-19
-21
0
-1
11
25
28
33
37
53
48
54
50
36
41
35
31
25
15
17
7
-4
10
2
6
6
1
-6
-15
-7
-34
-28
-20
-24
-30
-34
-33
-33
-37
-41
-21
-35
-36
-11
-11
1
12
27
36
41
57
52
58
53
54
35
41
28
16
0
-16
-25
-17
-15
-31
-25
-24
-22
-25
-16
-14
-9
7
9
-5
14
9
8
10
1
-1
-2
-6
-26
-27
-32
-36
-39
-20
-34
-38
-33
-32
-27
-30
-16
-24
8
20
20
18
9
13
22
23
16
10
7
15
7
25
-5
-18
-25
-18
-37
-48
-50
-56
-67
-70
-52
-61
-73
-65
-58
-54
-43
-39
-33
-29
-24
-7
20
28
48
75
98
98
96
115
114
116
113
90
96
61
46
35
11
-11
-44
-40
-82
-98
-107
-143
-154
-160
-156
-166
-150
-143
-138
-123
-125
-93
-85
-84
-59
-42
-29
-3
1
25
46
45
49
50
55
45
19
21
30
9
18
-10
-23
-16
-29
-50
-60
-57
-81
-92
-86
-78
-106
-91
-80
-80
-84
-72
-58
-65
-51
-50
-31
-17
-30
-24
-3
8
12
11
22
28
30
41
29
24
28
43
49
28
34
30
30
39
30
10
8
-14
-28
-31
-64
-64
-88
-71
-87
-93
-97
-96
-79
-100
-80
-82
-72
-53
-15
-12
-5
17
43
57
56
59
52
67
58
70
68
60
40
17
-7
-29
-42
-75
-92
-107
-143
-156
-160
-182
-175
-193
-197
-200
-193
-187
-175
-169
-140
-106
-84
-42
-16
2
23
52
51
88
101
102
91
109
93
69
53
41
29
3
-11
-71
-74
-67
-98
-116
-116
-103
-101
-106
-96
-100
-87
-87
-63
-42
-20
-10
-19
5
14
36
36
61
55
32
45
44
36
15
22
41
5
3
-19
-22
-19
-3
-10
-30
-17
-6
-15
-34
-37
-26
-19
-15
-6
-17
-12
-18
-31
-36
-19
-42
-41
-27
-35
-19
-14
-12
-27
-30
-43
-19
-24
-34
-17
-2
13
10
19
44
29
32
42
47
56
65
69
43
37
39
42
46
52
14
-6
-21
-20
-41
-39
-46
-59
-35
-36
-35
-28
-35
-23
-28
-12
5
0
19
22
45
51
36
40
41
38
40
47
40
16
27
12
17
12
-1
-4
-12
-13
-27
-40
-52
-71
-62
-68
-63
-73
-53
-34
-34
-36
-38
-23
-13
-10
9
11
21
39
29
38
52
79
69
77
73
52
50
54
58
53
43
28
22
5
10
-6
-5
-22
-35
-26
-50
-34
-44
-47
-39
-40
-42
-61
-44
-36
-23
-19
-31
-17
-14
-8
10
7
14
19
28
37
47
48
32
53
66
42
50
44
36
31
21
19
14
12
6
-2
-7
-33
-25
-46
-42
-36
-50
-38
-55
-48
-65
-59
-65
-66
-72
-61
-48
-56
-38
-40
-12
-13
-5
1
25
36
51
78
77
59
54
61
60
39
35
30
1
-1
-23
-23
-43
-56
-48
-51
-54
-44
-45
-46
-48
-31
-26
-14
-1
-2
7
6
27
34
46
44
36
44
52
40
30
40
26
44
27
27
20
12
7
10
5
-4
-5
-17
-12
-36
-37
-38
-60
-42
-66
-75
-80
-77
-76
-56
-66
-67
-49
-42
-41
-35
-16
-19
8
-9
4
-3
2
-3
4
-8
-16
-18
-32
-32
-47
-39
-40
-41
-39
-38
-20
-8
-11
-6
8
23
40
28
23
40
42
57
50
41
47
42
29
27
29
23
11
18
21
22
18
23
20
20
28
37
36
36
43
60
53
58
61
64
85
69
68
70
57
75
63
71
46
45
43
35
16
13
11
3
8
-11
-15
-15
-22
-19
-14
-6
-3
4
21
39
46
33
41
36
48
40
27
23
21
19
17
1
-4
-4
-21
-16
-29
-28
-34
-52
-48
-47
-42
-54
-48
-29
-25
-29
-22
-4
-6
4
0
24
24
36
55
37
49
67
63
62
77
79
89
90
78
85
93
94
108
109
114
120
118
119
114
126
117
115
106
100
106
111
98
89
98
86
80
70
72
68
78
79
76
62
56
48
39
58
52
35
43
51
48
34
40
50
31
34
41
46
45
26
7
18
4
6
9
-3
11
-4
-7
-17
-16
-14
-13
-35
-32
-42
-37
-23
-24
-11
-10
-25
-14
-11
-11
5
4
29
32
32
25
36
55
58
73
63
56
65
71
63
66
64
68
58
45
33
48
20
11
21
-1
13
12
0
1
17
6
14
25
27
38
57
70
66
87
87
84
97
83
102
110
100
96
93
92
82
71
57
39
26
24
30
22
13
8
0
-6
-4
-10
-5
2
-9
-18
-18
-9
-28
-39
-42
-32
-36
-57
-44
-61
-78
-62
-75
-77
-81
-62
-70
-70
-70
-76
-52
-56
-47
-43
-34
-22
-24
-22
-7
-15
-5
-1
-3
3
0
-3
-2
2
-4
-13
-19
0
-17
0
-5
-2
-1
-15
-4
-5
1
11
29
44
41
38
50
49
61
66
89
98
103
103
104
114
89
85
94
76
71
50
39
17
8
2
-25
-34
-40
-58
-51
-50
-61
-61
-65
-49
-46
-39
-29
-29
-18
-6
-14
-13
3
0
-10
-5
-15
-4
6
-4
-7
-4
-28
-35
-33
-34
-38
-37
-44
-62
-70
-79
-77
-100
-92
-112
-87
-92
-91
-82
-80
-62
-75
-69
-53
-36
-44
-35
-26
-21
-11
-2
-3
-10
-4
1
-1
-7
9
14
-3
8
27
25
14
25
27
33
46
56
65
64
41
64
69
64
73
60
58
54
30
33
42
38
34
28
43
29
12
12
24
42
27
30
30
40
45
35
45
35
38
37
33
34
13
18
6
-6
-9
-25
-38
-30
-47
-87
-90
-97
-93
-104
-119
-126
-132
-129
-129
-122
-127
-124
-107
-90
-81
-56
-54
-43
-37
-39
-37
-12
-4
-2
-11
-5
7
-16
5
-7
-25
-32
-25
-25
-39
-46
-35
-51
-46
-48
-61
-48
-41
-13
-26
-30
-26
-8
-5
3
-1
13
35
22
44
27
36
48
33
27
40
41
40
25
24
27
30
44
15
15
39
35
19
21
23
24
12
20
1
-1
-15
-18
-8
-23
-24
-38
-45
-65
-71
-76
-97
-90
-98
-119
-122
-98
-108
-115
-96
-110
-105
-92
-96
-85
-78
-88
-71
-83
-94
-80
-96
-89
-93
-119
-114
-118
-134
-137
-142
-137
-153
-156
-154
-132
-120
-136
-114
-129
-105
-99
-104
-73
-52
-59
-32
-25
-29
-1
2
19
24
42
45
46
60
53
62
51
54
48
58
48
54
61
24
40
30
28
33
32
35
25
25
25
22
23
8
2
8
-1
-10
-6
-2
-14
-12
-14
2
1
3
-1
10
24
1
-1
8
15
-6
-9
-11
-22
-18
-26
-62
-66
-69
-68
-87
-101
-96
-112
-112
-109
-111
-121
-118
-105
-115
-109
-113
-101
-100
-84
-46
-71
-53
-44
-58
-31
-19
-19
-9
-24
-34
-13
-26
-15
-18
-6
-1
3
-3
-9
14
-9
-12
-24
-13
-8
1
7
8
12
4
12
13
16
31
22
25
24
28
32
27
51
50
49
56
66
49
59
71
67
60
59
49
43
48
32
33
24
24
23
29
31
9
13
-7
-14
-19
-45
-51
-48
-50
-59
-50
-51
-74
-70
-82
-88
-98
-85
-92
-99
-85
-95
-82
-75
-60
-62
-64
-71
-80
-71
-83
-82
-90
-63
-77
-70
-73
-87
-81
-84
-76
-73
-60
-50
-43
-33
-26
-31
-22
-19
-13
-13
-12
-5
17
14
38
49
49
74
53
71
80
71
76
76
87
101
95
94
94
84
75
78
69
72
65
64
50
62
38
30
47
28
30
34
20
11
23
19
18
18
4
11
-3
-8
-6
-25
-18
-18
-16
-37
-46
-39
-45
-49
-60
-34
-40
-27
-46
-63
-51
-70
-64
-80
-85
-91
-87
-105
-99
-95
-98
-88
-105
-109
-88
-90
-97
-87
-69
-78
-71
-65
-79
-71
-64
-61
-56
-57
-43
-47
-42
-30
-35
-4
3
3
4
2
7
39
34
44
52
53
63
61
56
60
75
70
71
72
69
60
59
55
61
44
36
47
32
45
33
37
45
31
42
43
21
19
27
22
28
26
1
11
-2
-1
6
-15
-22
-19
-35
-22
-18
-60
-42
-51
-53
-51
-55
-55
-74
-86
-82
-96
-95
-93
-98
-103
-94
-95
-95
-91
-82
-87
-93
-78
-72
-68
-45
-47
-45
-42
-37
-20
-18
-17
-13
-19
-16
-11
-12
8
4
-5
-7
15
7
26
19
33
59
58
69
68
63
56
67
74
68
79
89
87
91
69
72
69
75
79
71
83
54
74
75
69
82
75
81
69
71
75
61
53
62
37
35
22
26
23
15
2
-16
-19
-14
-24
-36
-35
-49
-47
-34
-31
-29
-21
-20
-27
-22
-39
-25
-23
-44
-43
-57
-49
-52
-42
-44
-53
-66
-60
-49
-60
-64
-71
-77
-69
-56
-68
-66
-56
-45
-30
-37
-32
-45
-41
-27
-21
-15
-16
-1
-15
6
17
26
40
23
37
36
40
42
41
39
59
52
57
64
48
51
57
63
65
62
64
77
82
70
80
71
64
78
63
55
71
89
73
65
70
69
65
41
52
45
48
37
15
27
41
19
-2
0
-1
-8
-14
-13
-26
-24
-29
-27
-43
-36
-32
-39
-45
-53
-47
-46
-51
-43
-37
-58
-52
-56
-54
-52
-64
-69
-78
-66
-69
-77
-73
-70
-61
-46
-36
-25
-24
-28
-7
-4
23
34
15
46
54
49
43
58
43
29
55
44
32
28
25
26
37
44
41
43
46
51
65
59
56
64
73
65
74
84
78
87
87
74
87
67
63
64
70
55
48
40
24
28
32
25
29
33
13
25
18
28
24
34
35
33
38
24
17
19
26
30
6
4
-9
-8
-6
-12
-14
-43
-31
-29
-28
-17
-16
-33
-24
-18
-25
-21
-16
-15
-9
-5
-24
-30
-21
-26
-30
-25
-29
-34
-22
-24
-32
-46
-25
-27
-35
-18
-25
-7
7
-2
0
6
11
26
39
45
39
50
77
60
75
74
70
88
66
62
47
55
57
52
60
56
46
45
66
46
38
29
40
50
36
42
21
12
23
18
7
18
12
5
3
-7
13
17
3
-13
5
-12
8
9
5
9
1
-11
-5
-22
-26
-34
-39
-34
-23
-37
-47
-40
-48
-51
-55
-50
-35
-24
-36
-38
-21
-12
-16
-19
-30
-28
-36
-47
-54
-41
-39
-34
-36
-36
-25
-29
-22
-14
-6
6
-7
10
-1
-6
3
8
17
-5
-9
2
9
-33
-17
-14
-41
-29
-33
-36
-23
-30
-30
-29
-9
7
2
18
26
22
26
31
31
35
46
33
40
35
36
35
31
28
2
13
16
5
-11
-12
-7
-17
0
-6
-5
-8
-24
-19
-3
-21
-46
-37
-26
-23
-30
-33
-38
-33
-29
-48
-45
-43
-34
-39
-44
-31
-40
-43
-39
-59
-57
-57
-60
-45
-54
-54
-56
-51
-58
-54
-55
-51
-44
-59
-46
-42
-49
-32
-28
-28
-17
-4
-15
-11
-15
-6
8
-14
-1
-11
-8
0
-2
-5
-1
19
4
12
-12
-17
-5
-12
-6
-18
-19
-19
-32
-22
-11
-4
-27
-16
-20
-19
-5
-13
-11
-1
-1
-9
-10
0
-5
-15
-10
-15
-1
-16
6
-13
-17
-23
-21
-12
-33
-24
-20
-16
-19
-34
-36
-24
-37
-31
-37
-51
-19
-25
-34
-27
-36
-17
-12
-6
-6
-25
-3
0
0
-12
-13
-26
-39
-33
-24
-16
-30
-22
-24
-17
-13
-13
7
-5
-11
3
2
19
11
8
-3
16
12
15
21
17
20
18
20
19
7
0
8
-1
21
16
24
30
26
21
28
22
23
40
39
31
19
17
21
17
13
15
11
8
8
9
15
-6
3
6
-16
-4
-7
1
10
16
-5
-5
-3
-13
-16
-2
-10
-11
-8
-7
6
-1
12
6
-10
-4
-15
-12
-25
-20
-7
-24
-17
-21
-24
-2
-8
-15
6
-13
-8
-17
-6
5
-18
-21
-21
-5
5
-1
-11
-20
-18
-7
-21
-11
-9
-5
2
-10
-7
-11
0
-12
-12
-15
-21
-24
-28
-30
-25
-18
-32
-24
-37
-31
-31
-35
-16
-8
-17
-3
3
-6
-5
7
-6
-17
-11
-29
-14
-21
-22
-6
-14
9
7
-2
1
-9
-2
-1
1
18
19
13
38
34
25
20
18
18
24
18
20
17
15
13
19
10
-2
-1
2
-6
-13
-6
-12
-11
-3
0
-6
-10
8
11
3
21
23
17
-1
-5
-8
-5
1
-4
-1
6
-4
-6
1
-4
7
-11
9
-2
2
1
-8
9
3
-5
-13
-6
-15
0
-9
-18
-14
-20
-8
-7
-13
-7
-6
-7
-3
9
30
20
22
21
47
45
36
37
35
24
33
32
22
32
18
18
10
22
7
0
4
-1
-20
-9
16
3
9
16
21
16
32
28
15
33
22
44
32
22
32
9
22
36
42
30
14
11
10
11
4
-3
11
12
16
19
-1
4
10
-8
-2
-9
-13
-11
-28
-26
-38
-25
-2
-2
-12
-9
-6
4
6
-2
5
2
3
13
15
4
9
14
-1
-15
-2
-9
-9
-10
-2
-2
-11
-4
-18
-23
-16
-16
-8
1
-2
-1
4
6
22
23
14
14
19
14
25
26
27
30
29
28
16
33
37
34
34
35
40
36
66
46
42
55
63
57
51
62
43
48
24
20
16
21
24
9
19
7
4
-2
3
-2
-19
-16
-17
-2
-15
-5
13
3
14
14
16
35
27
7
24
6
-2
17
11
25
12
12
10
-8
-2
0
-20
-24
-26
-25
-22
-16
-22
-28
-25
-37
-23
-16
-12
-20
-15
4
6
1
-1
7
15
27
33
23
9
32
34
17
20
21
24
25
40
30
37
38
32
34
27
41
26
22
30
20
28
41
25
22
27
19
18
18
31
39
36
37
36
41
60
51
56
73
44
43
59
56
65
53
40
39
52
35
22
34
30
24
19
30
10
8
0
-6
-24
-23
-20
-32
-26
-38
-32
-39
-42
-56
-44
-55
-51
-41
-47
-55
-34
-16
-33
-29
-24
-4
-16
-2
9
-25
2
8
5
10
-4
6
4
5
13
9
2
-2
-9
-9
-12
-9
9
-4
-1
-5
-1
-3
1
3
-2
-5
2
25
14
9
10
23
18
28
50
37
36
42
51
43
53
61
48
48
47
53
52
32
24
23
32
8
10
0
-4
-15
-22
-25
-19
-22
-22
-50
-38
-16
-28
-28
-34
-1
-20
-14
-30
-14
-7
-7
-7
-6
6
13
18
-13
-16
-25
-14
-31
-47
-31
-38
-23
-31
-37
-17
-27
-36
-27
-20
-28
-20
-12
-23
-26
-14
-25
-19
-39
-36
-19
-35
-29
-6
3
-10
-8
-27
-12
10
-1
7
1
18
34
24
11
14
29
24
27
16
33
26
25
32
14
5
7
-1
-7
-9
-19
-8
-1
-1
-19
-14
-8
-12
-9
-5
-2
-2
14
19
17
19
4
9
2
1
3
-2
-2
-5
-4
-16
-4
-17
-30
-24
-23
-28
-24
-34
-52
-45
-56
-75
-61
-52
-60
-60
-55
-52
-58
-59
-51
-54
-46
-36
-27
-32
-17
4
-20
-6
-6
22
18
29
49
43
38
33
26
49
52
19
32
28
36
18
30
20
26
38
30
44
40
44
42
35
41
54
45
49
42
39
46
30
31
26
18
39
31
31
35
24
24
8
2
3
19
13
8
15
21
21
12
26
17
22
20
30
21
7
22
9
14
24
27
14
8
14
11
2
1
-7
-10
-10
-8
-25
3
-10
6
12
8
10
0
14
17
10
17
16
15
30
25
27
28
8
-1
7
10
12
17
25
9
8
7
25
12
27
21
-9
-4
8
21
12
34
25
40
47
48
61
47
72
76
81
80
81
88
85
83
82
81
74
68
68
67
36
54
40
46
32
16
25
6
6
16
-1
2
9
4
17
28
34
20
20
16
23
32
40
29
21
20
15
29
13
12
14
7
13
6
4
4
-6
6
-6
-6
-17
-16
6
5
-15
-12
6
-8
3
-19
-2
0
-16
-3
-5
-7
2
-1
6
26
18
13
12
15
18
20
34
26
28
36
24
35
21
13
16
19
29
29
18
13
11
7
16
2
25
26
29
16
20
30
32
19
31
10
15
25
11
17
5
9
4
5
16
4
7
15
33
18
11
18
7
6
14
32
20
31
23
14
21
20
22
19
17
4
-3
-8
0
-4
-16
10
-10
-7
-13
-7
-3
-23
-18
-16
-9
6
12
3
9
9
22
16
17
11
23
15
27
17
21
29
20
24
33
22
21
20
24
35
24
33
49
39
29
34
24
43
40
30
37
24
39
41
31
46
35
48
50
39
40
49
54
29
36
49
61
55
36
36
34
34
22
15
28
30
18
17
30
2
13
14
12
8
15
12
-14
-5
-8
-16
-5
-8
5
4
-20
-13
-31
-15
-2
-5
-1
14
25
2
14
13
36
29
34
35
42
38
23
55
30
34
28
19
14
29
33
41
30
23
34
46
52
41
38
51
44
49
53
39
33
44
60
50
63
44
37
41
54
34
49
45
42
42
24
51
53
63
67
55
55
61
57
61
57
37
38
41
33
25
20
18
1
15
6
11
22
28
23
29
30
-1
32
31
21
16
21
16
6
-5
-17
-9
-32
-40
-32
-28
-13
-14
-10
-8
11
-2
-23
-19
-33
-12
-18
-29
-9
-24
-27
-32
-25
-17
-28
-26
-28
-26
-21
-4
-9
0
-14
-1
16
4
18
31
12
21
32
17
25
19
28
12
7
37
23
33
37
32
25
30
32
27
16
28
23
17
21
21
20
10
25
23
44
27
20
39
31
24
34
15
23
26
18
1
-2
-6
4
9
-4
0
-8
-10
-12
-12
-20
-8
-5
-7
-17
-17
-24
-10
-23
-8
-10
-34
-8
-10
-11
-13
-9
-4
-24
-18
-4
-18
-8
-6
12
7
-18
-8
-4
8
1
-16
-4
-2
-5
-3
6
-4
-3
18
11
1
7
8
15
32
20
20
18
38
38
21
44
46
30
51
41
25
45
52
48
54
47
52
52
63
61
74
65
73
75
66
60
53
42
34
47
49
45
40
38
46
40
20
21
23
10
31
23
21
30
23
16
15
31
9
22
33
15
23
14
23
30
18
-2
0
16
-11
-4
3
-1
-3
2
13
10
-3
19
21
12
11
30
32
40
30
32
25
22
35
35
36
21
46
40
41
33
33
36
44
61
36
37
35
23
65
46
60
48
43
51
46
56
38
57
64
64
67
58
52
68
69
62
71
60
60
69
53
50
52
40
50
44
34
53
35
39
50
43
33
40
30
22
20
32
21
20
25
27
26
22
17
5
15
5
21
18
9
19
22
17
3
29
13
23
17
-3
5
-10
-11
2
1
0
7
13
1
-2
4
-2
-5
-8
10
-4
7
6
0
-11
-3
18
11
17
1
13
24
28
30
8
25
23
26
31
40
51
56
46
44
55
54
60
65
46
53
73
71
66
54
83
75
62
63
54
63
57
38
56
47
56
47
43
42
32
30
36
24
17
16
22
49
40
32
27
20
17
21
21
24
10
13
-3
9
-4
-17
-11
-10
-7
-19
-32
-37
-33
-40
-25
-35
-39
-41
-48
-38
-37
-17
-10
-18
-11
-10
-1
2
5
-1
-15
6
-17
-6
4
-3
-5
-3
8
8
20
18
30
26
25
31
25
28
18
23
33
22
28
32
43
36
52
52
48
49
46
50
56
48
45
24
33
48
18
46
46
26
33
33
29
20
0
5
7
3
-6
-8
-5
2
-11
-16
-3
-17
-14
-10
-13
-9
-22
-32
-17
-20
-22
-15
-32
-21
-22
-32
-27
-30
-30
-32
-45
-45
-37
-36
-44
-28
-14
-26
-42
-37
-34
-36
-24
-25
-25
-31
-35
-45
-46
-39
-44
-38
-27
-28
-42
-42
-27
-49
-47
-18
-20
-26
-9
-7
-12
-1
10
15
27
36
17
31
26
34
23
35
32
43
37
30
43
36
56
63
58
52
54
40
59
62
59
67
56
53
46
52
39
31
41
24
19
10
8
12
6
1
11
15
8
5
21
8
20
26
13
19
14
8
-5
-1
-11
-13
-20
-30
-25
-30
-35
-33
-26
-20
-29
-29
-28
-23
-18
-9
-8
-12
-6
0
-7
-18
-17
-17
-26
-19
-15
-16
-19
-15
-15
-23
-17
-18
-4
-13
4
2
1
5
13
15
23
25
28
23
19
17
23
23
14
27
14
10
7
11
16
9
27
24
12
10
15
23
48
50
59
60
55
69
50
59
60
59
52
49
48
45
36
27
33
17
9
9
11
10
13
-2
11
13
-13
2
-9
-2
0
-9
-7
-13
-14
-26
-35
-38
-28
-19
-48
-51
-51
-53
-33
-38
-52
-32
-29
-49
-40
-32
-21
-14
-19
-22
-14
-10
-17
-29
-24
-31
-30
-5
-32
-29
-26
-18
-13
-4
4
13
21
18
38
36
26
34
49
36
47
48
54
43
54
52
35
57
46
41
35
34
33
32
35
27
33
39
40
51
34
39
44
38
25
35
31
18
31
21
30
12
6
-8
3
10
5
-7
-15
1
-13
-14
-23
-7
-8
-6
-6
-5
-4
-15
-14
-14
3
-17
-24
-31
-27
-30
-28
-46
-40
-28
-26
-41
-23
-22
-8
5
-9
9
-10
1
9
10
26
8
11
14
11
1
-11
5
6
-1
2
5
16
1
11
21
32
40
40
38
38
39
35
50
36
53
57
65
50
45
43
35
40
38
50
45
50
67
68
64
68
55
64
76
71
59
52
70
49
37
40
27
26
22
29
26
7
10
-2
12
1
-8
1
-5
6
3
10
10
8
-17
0
26
-2
8
3
-8
3
3
-13
-19
-24
-20
-17
-11
-6
3
-3
0
15
4
21
33
28
31
14
-3
13
10
20
15
2
-10
-10
-12
10
3
8
13
20
33
27
57
45
50
49
52
66
58
77
57
60
59
55
54
57
70
57
56
57
67
66
57
71
67
69
76
68
70
70
73
75
74
68
71
67
63
53
52
45
45
35
31
46
34
42
45
55
64
60
66
57
59
73
65
52
56
39
48
38
23
-6
5
-2
-29
-27
-33
-36
-29
-3
-27
-13
-16
-4
13
1
20
22
19
23
25
33
18
29
29
26
29
13
23
25
34
35
33
39
49
41
55
63
56
74
65
69
88
84
81
68
71
94
90
81
102
80
78
82
62
69
86
77
66
74
85
81
89
105
107
91
94
109
96
77
77
78
68
83
61
53
57
54
60
41
48
53
33
33
21
36
52
20
35
46
38
22
18
21
10
10
4
-14
-1
-8
-13
-7
-17
-20
-29
-15
-10
-12
-10
-4
-11
3
16
-2
6
11
3
-2
-12
2
-17
-20
-3
-18
-20
-11
-12
-17
1
-7
5
12
7
10
25
12
29
48
43
46
63
52
50
42
39
45
46
65
49
59
43
49
62
69
89
83
85
83
60
90
86
75
92
85
67
65
55
51
60
50
38
37
34
29
39
34
20
21
32
38
48
36
59
60
29
34
33
37
41
26
35
31
34
33
20
13
21
15
-1
21
2
-3
8
8
-2
-14
-16
-6
0
2
9
3
0
-10
-12
-13
-24
-25
-21
-7
-5
-15
12
0
2
26
12
34
45
42
50
56
61
68
66
55
62
65
76
73
69
74
76
86
76
76
86
84
78
78
81
76
74
82
78
84
97
93
87
89
90
81
70
75
82
83
71
70
84
72
75
72
75
76
61
58
64
66
66
49
45
41
46
29
34
47
35
25
20
31
14
-4
4
10
2
8
12
-1
14
10
26
3
7
6
1
6
7
9
8
17
0
-5
3
3
10
16
16
27
30
32
19
8
9
12
12
4
15
18
17
22
19
26
21
32
40
25
38
59
49
59
51
59
64
50
56
63
57
59
56
57
52
51
49
31
59
50
50
61
55
64
52
49
51
45
45
51
42
46
40
33
33
25
30
29
24
16
20
24
29
21
21
28
37
24
18
43
38
26
26
36
32
20
25
26
19
33
20
8
6
1
1
6
6
-2
5
-5
2
14
16
18
7
17
16
7
-1
12
14
21
25
13
15
22
23
2
26
8
16
36
32
25
31
41
29
51
47
48
32
52
35
48
58
49
54
47
50
35
39
34
49
31
23
45
47
51
48
42
47
49
46
59
51
47
49
47
53
29
52
45
35
26
24
27
24
35
12
7
23
20
33
23
37
27
12
16
12
4
-9
1
-15
-12
-10
-9
-27
-5
-17
-14
-10
-17
-7
-34
-29
-28
-22
-9
-19
-12
-4
-16
0
-11
-2
-11
-8
-7
-20
-9
-1
2
-5
-8
1
-1
-4
14
25
36
40
45
43
34
45
39
44
37
37
40
50
43
52
39
51
58
48
52
59
71
64
61
64
52
61
61
72
49
50
68
49
49
49
52
28
32
41
21
25
20
7
3
13
22
2
15
27
25
14
6
16
18
12
16
-3
-19
-12
2
-13
-38
-33
-18
-6
-18
-10
-11
-9
-14
-11
-14
-13
0
-12
-24
-19
-22
-26
-29
-31
-29
-19
-7
-13
-16
-12
-22
-6
-6
-1
-5
-15
-2
-3
1
12
8
7
14
9
0
-1
9
28
-1
6
14
23
31
24
38
45
40
23
40
41
33
45
35
47
34
29
44
20
8
44
48
40
38
43
33
37
43
35
41
32
28
37
31
26
25
16
4
6
4
-4
-17
-9
-12
-12
-9
-16
-9
-12
-14
-15
-7
-21
-20
-16
-25
-14
-25
-36
-31
-45
-53
-39
-37
-46
-47
-52
-40
-39
-36
-42
-45
-44
-34
-26
-31
-26
-36
-24
-41
-33
-33
-47
-36
-45
-57
-37
-32
-46
-23
-18
-11
-5
-3
-16
-10
-4
-2
8
4
14
13
18
16
19
5
8
-8
5
-2
-1
6
0
6
-5
17
4
16
