29
21
28
22
10
2
-5
4
0
6
9
16
7
9
25
36
18
8
18
21
42
15
25
24
25
35
16
26
37
31
32
27
27
23
33
29
24
46
20
20
39
21
39
41
32
31
38
35
16
28
46
26
16
24
25
32
36
23
20
24
22
16
26
26
27
32
30
47
41
42
37
18
30
21
23
18
19
26
37
28
34
35
18
9
20
15
6
11
14
4
13
16
16
12
18
23
9
19
10
-3
9
9
1
0
12
10
-14
12
18
2
5
-10
1
-2
-1
6
6
-4
10
1
9
26
23
18
-3
-1
2
1
2
3
-1
-3
3
0
1
5
6
-6
-13
-8
-13
-12
-14
-19
-16
-17
-20
-15
-4
-15
-26
2
-23
-17
-9
-16
-14
-13
-13
-4
0
-6
2
-6
-4
-2
11
-2
-7
-16
-13
-5
-16
-14
-8
-10
-15
-23
-39
-19
-8
-7
-7
-8
-17
-7
-12
-6
6
-23
-16
-27
-26
-40
-27
-8
-25
-20
-13
-7
-10
-8
-12
-6
-8
-24
-26
-19
-28
-36
-38
-16
-19
-39
-21
-25
-21
-23
-40
-37
-39
-40
-29
-24
-18
-29
-29
-17
-24
-16
-19
-21
-22
-21
-7
-14
0
-1
-6
-23
-19
-18
-22
-19
-21
8
-9
-11
7
6
-8
4
14
3
11
-3
2
9
9
5
-4
3
4
1
5
-3
9
21
6
17
2
0
-1
-2
3
6
-4
-27
7
14
-17
-5
-1
-6
3
1
1
-7
-1
8
1
-4
1
-8
-16
-15
-28
-25
-23
-16
-24
-33
-29
-17
-8
-25
-5
-14
-6
6
-5
1
-3
7
9
4
4
-1
-1
3
10
2
-2
-11
-2
11
-4
3
-13
-8
-22
-25
-20
-27
-24
-31
-15
-31
-17
-18
-17
-15
-13
-25
-24
-9
-9
-6
-8
-2
-12
-21
-27
-18
-14
-6
-15
-17
-15
-26
-21
-19
-22
-20
-15
-26
-27
-2
-10
-3
5
-1
-4
3
3
4
10
9
-2
-3
3
-13
5
-6
-9
6
2
2
6
4
7
-8
8
8
-7
-5
9
0
0
26
10
23
20
14
12
20
7
10
21
11
6
-7
18
4
-1
-7
-5
-5
-6
-7
1
1
-2
1
-24
-20
-13
-29
-21
-27
-27
-9
-5
-8
-19
-13
-6
-5
10
2
-3
1
5
2
-1
-4
4
9
14
6
-1
17
3
-1
-2
2
7
8
5
11
-2
-4
-2
-4
-5
-5
15
24
21
35
33
27
32
25
37
1
5
26
30
38
23
26
12
3
24
33
19
27
6
2
24
5
7
-16
-10
0
-4
0
2
11
14
8
11
12
6
15
5
19
23
11
-1
7
2
-1
3
0
2
-1
1
-13
-3
-1
18
18
18
20
34
21
11
16
18
16
14
5
10
3
10
11
2
14
16
26
17
26
22
32
14
26
28
21
24
20
5
1
16
1
-2
13
-3
-5
-12
-7
-10
-9
9
-13
3
-6
6
-7
-1
9
9
3
-18
-6
-5
-3
-15
-1
-10
-9
-1
-21
-1
-1
-9
-8
-9
-14
-20
-7
-10
-3
-14
-4
3
-12
-3
-2
-7
-16
-9
-27
-28
-16
-6
-21
-19
-22
-23
-9
-21
1
-10
-14
-17
-19
-30
-12
-8
-17
-12
-15
-5
-9
-17
-12
-20
-10
-4
-22
3
-4
-3
-1
1
-5
-15
-9
4
-12
-22
-14
-5
-29
-37
-14
-20
-31
-30
-28
-28
-33
-16
-18
-15
-14
-39
-27
-17
-22
-15
-7
-16
-8
1
-16
-21
-26
-5
2
-12
3
-25
-21
-10
-1
2
-9
-13
-28
0
-22
-31
-17
-27
-17
-6
-17
-12
-18
-9
-4
-3
7
10
-5
-3
21
16
20
0
10
2
0
-7
1
-6
-13
-15
-12
1
-5
-10
9
-4
-11
-4
-12
-10
-17
-1
-23
-7
3
-5
0
4
3
-16
-12
-5
-5
-7
-21
-7
8
-7
-6
-14
-8
5
-16
-15
1
-11
-5
3
-2
1
4
4
4
20
6
-4
-12
-14
-10
-6
0
-3
-10
-6
8
-4
10
13
0
6
-11
-13
3
4
-1
2
-8
-14
-6
-2
-3
-10
-3
-23
-24
-40
-30
-18
-31
-23
-18
-23
-23
-16
-31
-28
-36
-41
-37
-27
-32
-8
-32
-19
-11
-30
-26
-23
-14
-37
-26
-32
-32
-47
-33
-31
-33
-29
-31
-27
-38
-25
-27
-35
-31
-29
-36
-39
-50
-39
-48
-30
-39
-50
-34
-52
-42
-49
-50
-59
-41
-54
-37
-38
-54
-35
-35
-35
-34
-46
-44
-46
-45
-28
-40
-24
-30
-38
-34
-13
-27
-27
-24
-23
-22
-29
-35
-38
-28
-37
-20
-35
-20
-23
-29
-24
-20
-28
-19
-25
-25
-17
-28
-17
-25
-19
-11
-17
-32
-21
-22
-39
-24
-34
-30
-15
-18
-33
-30
-25
-25
-2
-34
-35
-37
-39
-31
-38
-29
-22
-22
-24
-28
-39
-54
-39
-44
-51
-49
-48
-50
-58
-58
-61
-60
-50
-53
-50
-54
-40
-35
-45
-44
-37
-55
-33
-24
-36
-21
-25
-20
-17
-25
-19
-20
-27
-36
-21
-17
-22
-22
-34
-46
-39
-48
-60
-34
-37
-35
-33
-45
-35
-30
-30
-33
-22
-35
-38
-31
-23
-32
-40
-52
-45
-32
-40
-34
-25
-27
-21
-32
-32
-25
-23
-31
-31
-25
-28
-22
-29
-31
-37
-30
-21
-20
-10
-29
-33
-29
-45
-39
-34
-34
-22
-5
-23
-17
-13
-12
-4
0
4
-4
5
5
17
20
8
9
12
7
-2
9
-8
-15
-9
-5
-2
-15
-18
-9
-5
-14
-10
-8
-24
-18
-25
-23
-14
-22
-17
-19
-21
-20
-17
-13
-11
-16
-20
-20
-11
-14
-14
-14
-20
-6
-6
1
-17
-21
-30
-22
-22
-17
-2
-16
-10
3
-5
-10
-2
-16
2
9
-12
-11
-11
0
-8
-30
-25
-14
0
-8
-12
-20
-33
-4
-9
-26
-26
-11
-16
-25
-12
-18
-20
-25
-27
-37
-18
-31
-26
-22
-24
-27
-26
-25
-25
-39
-41
-41
-45
-39
-42
-39
-38
-55
-41
-39
-32
-34
-39
-26
-48
-42
-57
-45
-44
-48
-33
-46
-45
-35
-38
-30
-35
-30
-26
-27
-49
-55
-38
-29
-28
-24
-33
-40
-38
-29
-21
-31
-29
-21
-8
-27
-18
-29
-11
-10
-26
-7
-26
-17
-14
-8
-6
-20
-25
-20
4
-13
-22
-21
-18
-17
-39
-23
-40
-30
-36
-26
-19
-26
-31
-37
-36
-46
-49
-34
-41
-33
-15
-29
-31
-43
-45
-54
-38
-50
-41
-34
-41
-56
-40
-36
-32
-35
-41
-30
-43
-44
-30
-44
-55
-41
-35
-37
-52
-45
-39
-38
-50
-35
-26
-45
-41
-26
-32
-53
-59
-43
-47
-60
-38
-47
-37
-23
-29
-38
-45
-27
-31
-41
-38
-29
-26
-33
-37
-46
-48
-36
-55
-45
-48
-39
-36
-48
-35
-51
-42
-37
-37
-39
-40
-40
-43
-26
-21
-36
-23
-27
-12
-15
-15
-14
-41
-17
-10
-19
-12
-2
-11
-30
-42
-32
-26
-11
-31
-22
-14
-26
-23
-21
-20
-4
6
-27
-9
-5
-11
-12
-20
-27
-8
-19
-5
-12
-18
-9
-13
-13
-22
-21
-19
-16
-9
-14
-16
-9
-6
0
-19
-19
-16
-11
-15
-24
-33
-23
-26
-26
-14
-28
-15
-12
-7
-14
-36
-22
-21
-36
-25
-7
-31
-40
-41
-39
-23
-11
-24
-22
-16
-14
-11
-20
2
-20
-24
-11
-5
-38
-28
-21
-26
-18
-25
-18
-26
-17
-11
-9
-13
-23
-27
-27
-27
-20
-23
-26
-45
-20
-7
-20
-7
-24
-23
-27
-31
-29
-36
-35
-47
-24
-31
-22
-21
-24
-12
-9
-8
-4
-11
-3
6
0
-10
-13
-4
-10
-8
-18
-15
-9
-6
-19
-9
5
7
-1
6
3
3
0
-4
-4
-17
-2
-12
-2
5
-16
-16
4
3
-3
11
-7
-4
-6
-17
-18
-17
-12
-15
-17
-21
-28
-26
-24
-19
-22
-25
1
-6
-11
-7
-11
-6
-21
-26
-6
-20
-36
-25
-45
-37
-41
-34
-26
-33
-34
-35
-37
-28
-30
-38
-26
-37
-34
-39
-39
-42
-30
-32
-44
-31
-39
-28
-24
-34
-32
-40
-33
-24
-44
-60
-48
-52
-67
-44
-39
-41
-40
-37
-31
-40
-32
-25
-38
-46
-45
-46
-52
-48
-39
-52
-65
-65
-44
-59
-46
-57
-57
-59
-66
-47
-64
-59
-66
-58
-49
-46
-30
-24
-44
-48
-29
-30
-44
-23
-32
-24
-7
-18
-7
-9
-20
-13
-25
-29
-28
-23
-15
-25
-29
-28
-27
-21
-7
-16
-20
-9
1
-3
-6
-12
-16
-21
-29
-33
-41
-42
-24
-27
-28
-15
-25
-20
-19
-21
-29
-19
-27
-31
-12
-24
-17
-13
-6
-13
-20
-16
-21
-13
-26
-48
-48
-29
-24
-17
-27
-25
-11
-4
-21
-11
-13
-16
-1
-13
-21
-8
-16
-24
-24
-25
-13
-25
-11
-6
-9
-12
-25
-10
-21
-37
-11
-6
5
1
2
-15
-15
-15
-12
-11
-8
2
-18
-19
-27
-16
-28
-10
-30
-35
-26
-21
-10
-25
-19
-10
-16
-29
-18
-1
-19
-13
-4
-13
-6
-13
-19
-14
-12
-13
-18
-17
-8
-1
-18
-24
-13
-24
-17
-25
-31
-16
-18
-19
-20
-9
-7
-10
-12
-8
3
-1
-7
11
-1
4
1
-25
-7
-6
-3
-10
-8
-15
-4
-15
-14
-10
-32
-27
-22
-15
-22
-9
-14
-8
-26
-27
-16
-35
-20
-21
-10
-12
4
2
0
7
1
-5
-1
-6
-19
-15
-13
-9
-14
-14
-12
3
-12
-11
-6
-4
-6
-15
-14
-10
-2
-5
-10
-11
-2
-2
5
5
-21
-12
-30
-20
-17
-22
-21
-20
-27
-24
-20
-39
-24
-18
-17
-9
-13
-25
-22
-16
-5
-20
-19
-23
-33
-31
-28
-9
-21
-24
-26
-27
-13
3
-8
2
-4
9
4
-10
8
-1
7
-4
8
2
-2
7
3
8
10
22
9
3
7
13
-5
-8
4
-2
-1
16
3
-2
16
-1
12
17
14
30
13
7
6
15
8
4
16
19
10
5
13
14
3
-11
-3
-25
-4
3
-2
1
-6
17
2
-8
-14
-12
-5
-1
-4
-8
1
3
-10
-1
11
8
6
1
1
-4
7
-11
-17
-12
-20
-2
-6
-9
-1
-14
0
-14
-15
-2
-17
-5
-7
-11
-14
-15
-13
1
-8
-3
-10
-20
-5
-17
-24
-1
0
-12
-20
-15
-9
9
-1
-7
9
-18
-9
-9
-8
-8
-7
-6
-12
-12
-3
-8
-6
-9
-23
-17
-19
-10
-21
-12
-10
-16
-7
-21
-10
-15
-11
-6
-3
-10
-7
1
-1
0
-7
-15
-8
-23
-12
4
-9
-2
-2
1
-1
9
-7
7
16
2
21
19
7
34
37
26
21
19
21
18
21
19
21
10
4
15
19
3
10
0
0
3
-3
-15
8
-7
-17
9
-2
6
14
19
20
29
25
30
25
36
29
29
15
13
17
8
14
10
11
-1
9
25
26
15
24
21
33
23
14
26
17
15
12
22
22
23
14
5
-2
2
24
9
2
8
1
6
-3
10
11
7
2
-10
-9
-2
4
9
16
13
11
2
0
0
-5
6
7
18
11
13
3
3
26
-2
9
-12
-9
18
7
4
5
12
6
6
13
13
8
26
23
31
24
20
33
48
26
10
29
35
34
19
34
29
39
38
37
49
38
36
44
41
42
40
25
45
35
25
24
26
40
14
27
24
15
47
28
24
24
24
40
26
13
52
35
33
43
27
40
45
47
39
13
21
29
33
36
21
23
32
22
22
21
5
20
27
17
29
29
18
17
30
26
20
24
25
30
29
18
3
20
33
26
24
32
39
23
10
28
25
40
50
29
29
28
38
37
39
39
41
36
49
30
27
39
18
27
27
31
34
20
20
24
22
15
35
21
17
23
28
18
7
29
25
41
34
31
30
34
39
35
42
49
41
41
42
43
52
47
59
63
51
60
43
39
55
34
47
52
45
46
59
52
43
53
54
47
43
47
56
53
47
48
36
37
22
31
26
12
26
32
21
26
34
26
24
16
25
30
4
32
38
16
20
7
14
10
1
31
20
10
16
21
26
9
16
26
17
22
18
26
26
25
47
40
27
24
42
39
31
29
27
30
32
18
33
29
22
28
30
34
37
39
52
44
27
20
28
11
8
21
12
26
18
11
22
16
9
-1
-1
11
-11
3
0
-2
4
-8
-13
-15
-1
-3
-7
-8
-12
-5
-4
6
13
3
9
-3
3
15
6
6
-1
-6
-14
-3
1
-11
-22
-10
-6
-18
-15
1
-11
3
2
-6
13
4
7
5
13
17
14
15
21
9
17
20
8
10
22
33
27
37
22
12
19
12
28
10
26
29
10
14
13
20
19
10
16
17
10
14
14
4
6
21
24
2
-5
1
-2
4
-5
0
4
-4
4
6
5
1
1
3
17
3
3
13
-10
1
-1
4
-9
6
2
-19
-2
8
-11
-5
-9
-11
-18
-6
-2
-7
-1
-12
3
-13
-29
-18
-7
-14
-4
-10
5
-13
-26
-11
-18
-9
-8
-5
-21
-4
-10
10
12
-12
3
11
18
26
16
14
9
11
14
9
25
15
24
18
22
9
0
18
20
20
9
12
12
11
11
10
5
16
16
6
11
24
18
3
13
15
11
25
26
12
24
15
8
16
16
17
37
40
15
29
25
24
1
8
22
17
29
14
17
18
34
27
31
34
24
24
30
39
33
26
28
54
40
28
47
49
42
36
26
37
39
26
38
33
31
30
30
29
48
34
42
43
40
49
46
48
44
63
44
42
21
39
50
34
22
39
33
12
38
20
5
14
7
22
23
20
22
17
24
30
23
27
31
25
15
19
26
15
15
13
29
14
5
9
7
12
7
8
10
14
5
15
20
8
10
19
20
10
29
21
29
23
18
23
27
26
18
23
36
44
47
39
41
32
40
54
32
44
55
34
27
33
40
41
54
47
45
48
44
48
50
53
50
57
40
37
44
50
37
57
47
44
60
63
62
66
73
35
50
49
42
43
29
50
40
34
32
29
45
26
34
38
45
45
52
56
51
39
39
48
43
41
27
29
27
41
42
27
27
32
29
37
35
37
35
27
28
38
30
29
39
16
4
5
20
16
21
16
32
45
47
43
34
28
26
25
38
45
30
40
31
40
33
35
42
37
39
48
41
42
44
39
47
44
45
41
28
22
38
27
36
40
30
31
42
42
38
38
35
34
42
41
29
10
23
23
21
23
24
36
33
25
32
34
36
22
26
19
16
30
28
34
23
40
37
26
19
33
49
32
38
41
34
27
31
25
38
41
32
38
35
42
51
35
33
45
52
49
26
43
38
46
41
26
38
40
36
23
26
27
35
28
14
23
29
22
9
14
2
16
10
18
13
9
9
10
12
1
3
11
7
4
3
1
8
14
9
0
6
7
7
15
16
15
16
4
10
27
22
35
12
22
18
16
24
18
22
16
23
15
13
13
21
21
26
4
18
17
19
29
26
23
25
29
15
38
27
7
1
6
12
-2
2
9
-2
9
15
14
11
10
21
8
16
18
13
16
15
25
33
28
17
23
13
12
16
28
42
29
43
14
19
26
30
13
9
11
8
24
35
39
35
23
10
11
4
23
8
7
0
19
14
9
11
-8
-1
8
17
4
17
4
18
19
0
20
-6
-64
-123
-52
-27
-7
-8
-16
5
-5
29
29
58
59
53
42
57
47
38
10
12
23
18
19
29
6
3
16
7
15
20
13
14
3
6
-3
-5
-11
-21
-1
-12
-20
-26
-4
2
-7
-13
1
-4
3
16
12
16
-2
-8
6
12
10
7
-1
-3
5
16
26
25
17
15
29
21
9
21
4
19
11
7
9
-4
-2
-3
16
8
-2
9
10
18
16
-1
14
17
21
19
-4
-5
8
7
-3
-73
-139
-132
-114
-75
-25
-10
-9
21
90
183
170
119
87
52
46
30
-7
-74
-189
-263
-235
-195
-173
-166
-241
-268
-268
-278
-248
-279
-272
-330
-479
-459
-415
-313
-223
-250
-277
-280
-171
-10
153
265
322
218
101
132
84
72
34
-34
-129
-235
-355
-402
-386
-365
-314
-275
-231
-272
-315
-325
-268
-199
-122
-85
-73
-78
-92
-106
-77
-34
-22
-3
12
5
21
-41
-35
-35
-23
-56
-79
-58
-97
-55
-101
-105
-81
-92
-106
-63
-46
29
38
-24
-67
-78
-76
-59
6
25
-3
-91
-140
-66
-47
-21
10
-51
-6
11
35
51
11
50
107
132
156
87
30
-6
-74
-38
-13
8
0
-25
13
-32
-16
21
69
54
53
86
45
91
80
79
122
71
123
40
-35
1
-34
-6
-13
-32
-64
-98
-158
-129
-148
-162
-150
-130
-80
18
79
67
144
148
157
191
176
134
85
99
102
113
91
15
-58
-66
-65
-83
-60
-100
-91
-103
-98
-91
-117
-103
-128
-115
-77
-23
-9
-36
-47
-59
-37
19
86
104
98
86
73
67
69
33
-46
-94
-39
1
-15
-28
-94
-131
-147
-92
-41
-28
-29
-11
2
33
82
86
111
123
102
82
92
84
37
35
27
32
72
33
-2
-39
-72
-54
-57
-42
-24
4
28
50
51
64
67
76
92
114
131
144
152
120
102
106
93
90
106
106
65
43
44
5
-47
-55
-21
-30
-13
2
-10
-20
-29
-17
0
31
53
63
87
101
70
57
62
55
36
47
61
3
-31
-55
-66
-69
-73
-33
-25
-54
-60
-48
-40
-22
4
14
4
-15
-41
-32
-39
-32
-15
-4
-18
-37
-2
1
4
8
9
25
20
2
2
5
3
-23
-36
-41
-17
-15
-15
1
2
-17
-49
-45
-37
-43
-24
-6
-20
-24
-54
-51
-58
-57
-35
-17
20
4
-16
-27
-51
-49
-79
-54
-23
-29
-24
-39
-40
-52
-30
-17
-35
-28
-28
-4
-8
1
29
-25
-34
-35
-50
-34
-22
2
27
35
7
-44
-39
-53
-43
-3
21
39
44
38
4
-21
-51
-49
-33
9
27
32
13
18
14
11
34
34
56
82
72
46
24
48
71
53
17
-20
-43
-55
-37
-7
9
20
-14
-37
-55
-80
-62
-39
22
63
71
58
49
54
18
-7
7
30
65
94
67
19
-22
-65
-79
-64
-60
-71
-66
-23
-29
-66
-95
-123
-104
-74
-11
11
0
3
-34
-27
5
39
62
62
81
90
89
79
93
109
104
104
108
108
106
81
70
71
66
73
48
62
65
72
76
55
56
58
29
6
21
47
67
76
88
126
136
106
73
88
139
152
166
182
179
151
102
82
114
121
77
69
103
98
76
56
1
-36
-24
-25
13
44
19
-25
-36
-25
2
0
-25
-30
-47
-30
-35
-16
-21
-42
-82
-112
-90
-64
-73
-79
-100
-119
-98
-101
-58
-52
-66
-95
-95
-67
-41
-57
-56
-44
-47
-4
-13
-67
-52
-29
0
87
133
134
69
55
64
95
200
242
222
209
216
236
223
198
208
213
251
292
311
257
193
161
200
266
303
328
330
348
397
402
366
362
342
382
465
502
481
452
442
419
395
450
514
520
533
513
451
409
403
375
367
371
352
313
258
250
231
180
133
117
100
111
110
46
10
-28
-39
-20
-37
-66
-106
-98
-109
-149
-141
-125
-125
-130
-156
-201
-167
-104
-129
-207
-181
-107
-53
-79
-138
-193
-120
-9
-18
-66
-81
-35
9
0
-16
-1
-1
23
67
87
76
58
34
56
95
52
44
87
101
132
103
86
75
92
113
110
155
157
152
120
162
164
143
173
181
206
204
204
176
197
200
184
171
167
186
150
169
189
153
154
179
172
163
187
198
182
175
196
181
188
217
231
228
215
238
248
234
223
235
262
297
306
278
270
267
276
253
200
177
145
140
122
62
46
46
31
-12
-62
-77
-84
-109
-117
-155
-169
-173
-185
-185
-216
-225
-221
-185
-193
-179
-193
-166
-182
-181
-171
-186
-172
-146
-128
-160
-163
-161
-165
-154
-139
-159
-134
-133
-111
-114
-101
-99
-92
-47
-31
-39
-61
-40
30
57
28
-9
-3
16
24
40
27
54
42
62
69
76
72
98
93
98
104
122
149
123
167
187
167
168
228
241
231
236
250
265
307
300
255
247
292
292
271
275
297
293
283
296
317
342
345
345
374
418
417
407
430
475
502
446
388
399
369
326
322
306
252
204
147
78
20
31
-19
-76
-120
-138
-146
-194
-216
-253
-274
-257
-256
-234
-206
-213
-227
-253
-243
-212
-187
-171
-163
-154
-175
-190
-226
-194
-178
-197
-222
-234
-188
-199
-229
-284
-292
-228
-203
-262
-276
-209
-179
-196
-233
-228
-234
-133
-77
-102
-159
-109
-22
-26
5
-5
-31
3
111
89
75
105
124
138
155
200
177
186
192
225
240
220
200
214
293
323
291
240
240
279
362
371
424
445
435
419
427
454
457
485
507
597
659
692
713
697
725
725
683
601
516
568
626
607
505
329
193
156
100
61
9
-56
-136
-201
-202
-294
-376
-413
-420
-446
-396
-320
-310
-338
-389
-350
-293
-209
-149
-111
-81
-76
-51
-19
24
37
-15
-73
-90
-76
-74
-151
-222
-244
-272
-337
-376
-403
-432
-460
-487
-542
-522
-454
-481
-479
-458
-448
-472
-449
-407
-337
-247
-227
-232
-241
-217
-176
-112
9
74
-25
14
124
125
92
87
139
127
146
198
251
212
191
159
202
276
245
253
316
360
344
382
419
414
407
424
497
553
624
693
720
732
743
785
882
947
857
689
606
670
768
754
609
439
277
183
150
110
58
-63
-191
-251
-329
-383
-446
-525
-575
-588
-542
-491
-442
-474
-530
-531
-460
-320
-218
-167
-195
-189
-132
-96
-50
5
4
-21
-32
-35
-43
-61
-118
-167
-227
-244
-273
-363
-442
-498
-537
-561
-568
-568
-598
-659
-679
-664
-634
-587
-534
-567
-547
-484
-480
-434
-378
-347
-272
-228
-158
-129
-130
-81
-27
23
95
87
110
119
129
152
172
192
215
211
229
252
218
244
297
335
356
397
424
471
515
510
511
601
728
812
857
964
1080
1136
1049
889
749
799
942
1008
907
686
454
265
165
162
122
15
-128
-288
-405
-476
-575
-675
-731
-755
-726
-682
-677
-706
-750
-761
-660
-471
-325
-266
-249
-263
-236
-147
-30
38
61
40
14
32
42
32
11
-16
-64
-113
-175
-247
-314
-440
-573
-637
-636
-609
-648
-757
-845
-873
-844
-796
-735
-703
-692
-697
-669
-581
-506
-459
-433
-367
-289
-212
-166
-143
-105
-1
74
151
184
125
140
219
270
280
329
323
346
332
351
433
456
491
528
612
640
665
687
728
814
943
1028
1105
1232
1336
1332
1203
986
888
1032
1238
1254
1011
679
402
285
244
240
158
-32
-266
-451
-561
-622
-701
-823
-901
-918
-890
-880
-900
-940
-978
-917
-723
-529
-403
-391
-416
-371
-247
-69
98
179
141
113
100
167
254
279
266
200
127
45
-2
-68
-146
-262
-362
-470
-581
-644
-732
-813
-885
-940
-972
-1005
-1009
-1020
-1003
-946
-892
-829
-770
-709
-646
-579
-475
-340
-216
-118
-59
6
65
139
247
328
387
416
425
430
455
520
534
529
553
609
633
619
646
742
853
948
983
1041
1136
1279
1383
1527
1656
1544
1301
1085
1132
1363
1508
1277
863
461
275
243
254
198
-36
-387
-677
-802
-856
-896
-1021
-1118
-1149
-1157
-1137
-1144
-1149
-1159
-1120
-938
-677
-508
-495
-540
-505
-348
-119
88
192
160
51
55
147
316
425
408
328
209
171
155
153
131
23
-109
-257
-371
-522
-677
-788
-864
-891
-960
-1089
-1249
-1336
-1321
-1233
-1153
-1100
-1115
-1121
-1072
-957
-788
-633
-526
-447
-343
-236
-118
4
130
251
366
491
560
585
589
629
700
768
792
819
788
747
746
811
964
1065
1103
1117
1168
1288
1443
1637
1805
1736
1430
1106
1116
1411
1678
1468
929
422
168
153
233
232
-18
-445
-888
-1030
-1001
-962
-1097
-1245
-1348
-1373
-1338
-1298
-1253
-1260
-1189
-1044
-751
-551
-520
-582
-564
-349
-57
175
278
196
69
73
232
485
594
545
395
260
229
259
320
290
186
5
-169
-314
-427
-513
-632
-804
-933
-1034
-1123
-1245
-1380
-1420
-1366
-1317
-1320
-1335
-1352
-1338
-1251
-1042
-851
-743
-681
-625
-525
-344
-112
61
175
262
342
444
564
657
729
767
798
825
845
873
887
905
927
998
1073
1138
1199
1263
1381
1536
1681
1867
1862
1587
1251
1147
1443
1800
1718
1168
532
178
161
287
356
172
-321
-897
-1164
-1090
-938
-1012
-1222
-1420
-1520
-1511
-1447
-1331
-1245
-1228
-1178
-969
-737
-646
-646
-601
-412
-111
113
226
152
65
76
258
546
722
668
465
318
307
398
482
503
380
146
-30
-170
-232
-278
-375
-564
-767
-936
-1101
-1211
-1290
-1286
-1305
-1327
-1389
-1474
-1491
-1426
-1266
-1069
-918
-883
-855
-772
-630
-372
-137
28
125
185
284
425
591
753
862
907
908
899
929
1017
1068
1125
1178
1196
1195
1208
1292
1394
1570
1715
1801
1907
1895
1635
1308
1284
1596
1912
1760
1152
553
241
280
458
507
252
-350
-1006
-1237
-1034
-823
-907
-1203
-1515
-1656
-1695
-1573
-1331
-1213
-1284
-1346
-1180
-951
-798
-789
-662
-448
-217
-70
-19
-6
-38
41
281
576
679
555
375
310
402
561
652
596
416
178
17
-22
4
-35
-236
-499
-720
-875
-957
-1058
-1172
-1225
-1259
-1329
-1420
-1509
-1529
-1446
-1301
-1145
-1061
-1069
-1095
-990
-751
-461
-257
-161
-134
-75
97
318
534
691
734
740
773
822
921
1018
1090
1111
1099
1125
1152
1194
1264
1353
1480
1594
1673
1766
1827
1718
1437
1267
1420
1734
1742
1288
724
358
304
425
516
336
-139
-779
-1134
-996
-759
-769
-1100
-1443
-1609
-1653
-1554
-1358
-1219
-1286
-1416
-1354
-1108
-890
-817
-744
-584
-391
-283
-205
-129
-55
19
158
397
549
483
352
380
524
679
729
669
540
397
299
293
333
263
52
-196
-383
-478
-537
-627
-765
-892
-1021
-1099
-1143
-1194
-1219
-1226
-1172
-1100
-1046
-1001
-973
-877
-709
-482
-321
-218
-125
-30
140
362
576
704
761
824
923
1037
1148
1250
1296
1326
1375
1432
1499
1566
1635
1707
1816
1921
2003
2105
2187
2101
1851
1659
1775
2054
2105
1742
1189
816
749
823
883
733
261
-331
-681
-593
-395
-433
-777
-1127
-1286
-1297
-1232
-1074
-947
-1053
-1205
-1165
-911
-662
-596
-543
-376
-201
-111
-63
70
208
299
422
612
763
715
643
712
897
1022
1010
932
834
733
694
724
742
665
445
193
33
-32
-66
-145
-293
-497
-660
-768
-807
-818
-851
-884
-933
-964
-933
-861
-801
-737
-637
-531
-437
-324
-206
-49
99
251
401
501
595
709
857
986
1080
1145
1213
1276
1342
1437
1500
1552
1584
1659
1764
1850
1944
2007
2076
2064
1928
1730
1636
1784
1945
1820
1374
919
670
653
731
681
355
-144
-611
-766
-606
-542
-720
-1084
-1367
-1428
-1413
-1316
-1193
-1208
-1357
-1445
-1315
-1082
-916
-878
-798
-658
-532
-468
-355
-199
-95
4
153
284
320
319
357
539
660
671
616
564
524
506
519
514
445
263
70
-77
-178
-238
-361
-523
-682
-839
-971
-1087
-1127
-1185
-1257
-1315
-1360
-1373
-1348
-1315
-1270
-1197
-1133
-1053
-992
-884
-749
-589
-467
-377
-268
-173
-18
122
243
319
364
442
540
636
728
796
814
823
883
987
1117
1197
1241
1280
1331
1353
1281
1137
1025
1083
1182
1133
778
351
101
59
46
-15
-249
-653
-1092
-1342
-1266
-1165
-1292
-1641
-1909
-1998
-1989
-1947
-1845
-1815
-1927
-2037
-1967
-1713
-1512
-1464
-1416
-1282
-1174
-1108
-973
-775
-596
-508
-433
-288
-179
-120
-62
87
229
243
192
188
221
233
238
246
190
55
-69
-148
-185
-302
-450
-568
-695
-805
-920
-998
-1082
-1158
-1235
-1270
-1293
-1305
-1293
-1274
-1233
-1197
-1156
-1049
-947
-859
-720
-591
-500
-404
-271
-130
31
189
307
373
449
536
681
808
900
941
967
1011
1089
1203
1306
1375
1417
1481
1553
1629
1657
1571
1417
1375
1492
1577
1417
1043
707
563
588
593
484
208
-234
-613
-694
-555
-521
-774
-1093
-1289
-1331
-1316
-1267
-1189
-1234
-1336
-1386
-1237
-1023
-922
-892
-777
-637
-558
-482
-333
-140
-13
68
203
349
411
442
518
694
803
814
803
812
822
795
833
866
809
665
543
478
417
337
232
116
-41
-172
-247
-306
-378
-494
-571
-608
-649
-679
-671
-645
-647
-644
-589
-511
-415
-319
-226
-127
-46
41
204
367
514
609
687
787
896
1012
1118
1202
1266
1320
1376
1459
1519
1586
1633
1657
1742
1826
1888
1940
1948
1868
1771
1720
1751
1823
1750
1483
1174
990
938
932
828
581
225
-92
-251
-236
-213
-366
-675
-906
-974
-985
-982
-971
-955
-1002
-1082
-1045
-893
-774
-710
-599
-488
-391
-379
-308
-113
81
223
277
351
376
411
518
708
856
864
791
762
787
832
891
934
875
717
579
544
558
502
383
214
83
-26
-128
-177
-266
-371
-506
-570
-585
-615
-655
-685
-663
-652
-619
-570
-515
-473
-387
-297
-192
-83
4
109
221
347
492
590
666
759
819
885
985
1070
1118
1156
1174
1199
1264
1332
1420
1485
1552
1576
1598
1647
1639
1560
1472
1465
1508
1498
1306
1041
860
753
696
606
442
186
-122
-345
-379
-374
-486
-729
-963
-1042
-1043
-1057
-1034
-1035
-1102
-1154
-1141
-992
-859
-800
-758
-677
-583
-526
-415
-263
-126
-54
-31
54
155
249
329
450
536
541
519
561
664
729
734
694
652
611
562
549
517
445
322
163
71
-1
-45
-130
-249
-376
-487
-559
-588
-593
-635
-645
-694
-713
-672
-643
-600
-543
-466
-376
-296
-223
-142
-38
107
231
338
419
501
567
680
801
878
924
944
982
1050
1132
1188
1249
1286
1309
1359
1433
1510
1576
1579
1526
1448
1381
1386
1446
1430
1228
971
809
734
696
611
459
204
-107
-284
-331
-321
-425
-626
-770
-878
-947
-971
-922
-881
-895
-943
-964
-890
-790
-709
-588
-482
-450
-462
-427
-272
-87
19
71
101
114
169
265
435
567
558
511
517
568
649
705
738
701
614
559
507
525
468
364
246
127
30
-51
-112
-200
-312
-420
-512
-557
-571
-617
-674
-724
-756
-722
-659
-614
-592
-595
-543
-458
-355
-237
-154
-96
-36
80
182
292
393
449
490
558
635
713
794
867
905
942
977
1029
1078
1176
1239
1290
1310
1334
1367
1320
1266
1243
1247
1279
1244
1054
840
664
572
535
477
320
79
-175
-314
-354
-372
-469
-636
-804
-895
-915
-919
-905
-886
-937
-968
-951
-882
-788
-752
-670
-598
-527
-499
-440
-332
-224
-141
-84
-21
52
87
159
279
386
409
391
408
475
539
577
579
564
524
475
479
462
407
306
182
79
16
-45
-101
-178
-309
-455
-569
-603
-589
-599
-643
-730
-783
-795
-720
-636
-584
-595
-601
-573
-490
-362
-254
-191
-149
-98
3
125
241
352
412
444
496
569
648
747
805
827
855
880
942
1021
1084
1134
1155
1187
1206
1264
1303
1236
1155
1126
1146
1145
1019
840
682
584
497
401
291
116
-117
-288
-329
-350
-454
-642
-758
-801
-832
-844
-848
-847
-882
-943
-902
-782
-720
-707
-652
-576
-491
-467
-430
-327
-238
-185
-128
-43
3
29
73
189
280
279
272
305
377
455
482
484
460
403
374
391
388
319
212
97
6
-69
-152
-202
-253
-388
-528
-624
-664
-666
-689
-730
-819
-895
-909
-858
-787
-757
-775
-788
-732
-658
-547
-433
-359
-324
-271
-182
-60
66
155
231
280
339
410
483
551
604
631
657
682
718
788
839
918
972
986
1000
1028
1061
1071
1052
1003
960
922
883
781
651
539
436
333
232
108
-53
-223
-366
-438
-505
-611
-743
-838
-890
-922
-940
-938
-934
-940
-957
-928
-820
-768
-753
-715
-652
-582
-542
-498
-418
-344
-312
-290
-218
-160
-107
-45
17
71
100
103
139
202
227
254
276
278
230
169
155
145
128
55
-31
-134
-221
-309
-358
-384
-473
-608
-739
-791
-804
-818
-843
-897
-972
-995
-974
-907
-843
-818
-819
-796
-708
-620
-508
-431
-348
-296
-234
-130
-3
105
155
229
278
356
415
470
554
589
590
623
660
692
731
746
784
809
822
850
855
884
904
855
792
752
732
717
662
531
425
313
227
151
84
-31
-182
-309
-379
-418
-468
-559
-615
-650
-700
-711
-738
-707
-710
-719
-712
-659
-613
-608
-577
-534
-471
-451
-405
-361
-300
-252
-226
-195
-175
-116
-90
-54
3
46
44
57
68
115
150
150
159
138
117
89
73
62
22
-45
-127
-209
-267
-313
-371
-404
-494
-597
-688
-720
-712
-717
-749
-800
-826
-858
-817
-736
-671
-651
-675
-644
-556
-443
-346
-290
-228
-154
-93
27
143
214
271
292
347
427
488
514
519
520
524
525
560
591
564
550
525
543
540
577
587
575
568
524
496
480
486
499
453
368
283
228
191
166
95
11
-89
-226
-295
-328
-348
-431
-511
-559
-599
-634
-659
-639
-635
-671
-702
-686
-637
-640
-630
-619
-597
-585
-608
-583
-534
-521
-506
-499
-481
-458
-462
-410
-340
-303
-307
-313
-277
-231
-200
-178
-155
-165
-191
-191
-174
-164
-199
-284
-328
-352
-389
-435
-509
-574
-631
-704
-757
-788
-827
-838
-853
-872
-886
-889
-858
-839
-775
-729
-717
-678
-619
-554
-446
-368
-308
-245
-224
-168
-108
-33
13
42
59
74
80
102
106
107
91
60
29
42
29
37
55
43
50
69
114
164
220
265
301
305
298
312
367
394
371
298
234
209
173
149
108
18
-92
-187
-235
-257
-313
-387
-459
-518
-585
-649
-651
-679
-727
-778
-821
-832
-855
-872
-863
-851
-869
-868
-866
-841
-811
-795
-755
-732
-696
-683
-640
-560
-504
-461
-434
-382
-346
-310
-262
-225
-191
-185
-191
-202
-191
-190
-207
-265
-314
-358
-401
-415
-460
-500
-539
-594
-609
-642
-661
-679
-666
-660
-665
-654
-644
-644
-616
-571
-564
-556
-538
-493
-441
-416
-404
-383
-366
-345
-288
-262
-266
-273
-276
-251
-213
-190
-191
-210
-203
-188
-139
-80
-57
-51
-41
7
67
124
184
213
256
313
375
431
469
492
500
535
531
489
454
409
380
331
261
190
50
-52
-109
-188
-241
-369
-473
-561
-648
-724
-768
-803
-854
-918
-965
-965
-984
-979
-986
-986
-978
-954
-957
-907
-861
-830
-800
-773
-721
-685
-616
-557
-517
-466
-436
-397
-331
-258
-240
-241
-201
-162
-113
-87
-88
-87
-81
-81
-76
-77
-90
-133
-198
-234
-251
-265
-302
-375
-437
-485
-514
-529
-528
-557
-637
-687
-700
-659
-655
-669
-705
-706
-669
-633
-583
-560
-556
-545
-488
-418
-343
-300
-310
-293
-244
-168
-105
-69
-40
-38
-20
52
100
125
158
186
214
263
335
392
438
479
514
560
600
605
616
644
639
633
581
529
490
438
379
300
212
111
-2
-76
-128
-213
-318
-411
-487
-528
-580
-642
-687
-728
-777
-808
-804
-791
-788
-830
-837
-825
-800
-770
-762
-710
-700
-678
-643
-610
-542
-478
-411
-342
-290
-253
-190
-133
-37
22
48
92
153
187
205
225
198
184
168
147
132
85
24
-55
-162
-217
-255
-301
-357
-456
-553
-627
-638
-624
-642
-697
-777
-779
-758
-688
-637
-635
-644
-642
-602
-535
-453
-406
-375
-361
-295
-227
-182
-106
-66
-25
14
60
107
162
196
223
242
256
288
280
311
332
365
373
374
400
424
466
491
531
545
532
538
543
562
554
502
462
434
390
343
296
233
142
42
-32
-104
-138
-240
-323
-391
-453
-510
-571
-602
-644
-693
-756
-754
-737
-743
-747
-746
-688
-664
-666
-640
-576
-502
-471
-434
-368
-304
-276
-240
-180
-106
-73
-58
-9
27
41
40
53
87
80
73
55
28
5
-31
-89
-106
-160
-187
-252
-297
-355
-406
-418
-445
-457
-537
-589
-621
-600
-573
-571
-598
-609
-627
-609
-524
-482
-466
-471
-480
-427
-379
-323
-259
-216
-202
-197
-147
-89
-39
3
7
12
33
60
94
129
151
137
136
154
176
208
211
230
237
235
266
287
341
360
380
370
387
413
426
459
452
419
370
322
306
274
220
172
93
17
-94
-129
-146
-204
-283
-366
-393
-426
-460
-480
-485
-521
-557
-573
-549
-530
-515
-532
-533
-484
-473
-457
-436
-399
-388
-386
-361
-323
-291
-303
-276
-246
-234
-234
-245
-215
-194
-187
-187
-176
-171
-157
-163
-161
-141
-161
-184
-204
-178
-192
-214
-244
-277
-300
-304
-292
-297
-322
-373
-389
-394
-374
-368
-385
-410
-439
-447
-431
-390
-356
-371
-393
-367
-332
-263
-226
-194
-172
-165
-106
-50
-13
34
70
84
114
126
142
174
170
188
172
177
155
144
161
157
171
144
151
171
180
201
227
242
267
280
313
331
355
390
366
351
327
329
331
312
282
230
184
127
79
58
25
-22
-99
-159
-184
-202
-255
-280
-287
-312
-353
-375
-338
-326
-357
-402
-380
-359
-369
-379
-356
-339
-343
-345
-337
-295
-294
-294
-277
-259
-253
-237
-207
-170
-138
-132
-116
-62
-49
-33
-7
4
2
-14
-11
-4
-4
-50
-102
-144
-155
-153
-176
-183
-238
-307
-343
-324
-323
-298
-316
-340
-360
-370
-313
-245
-234
-218
-199
-175
-95
-58
-9
15
35
45
52
98
122
139
132
101
97
87
87
83
87
74
35
41
16
24
36
41
45
32
44
53
88
132
167
212
229
268
307
344
379
401
407
420
443
431
430
422
383
325
291
278
224
176
125
88
41
-25
-64
-81
-114
-180
-216
-243
-246
-283
-321
-322
-335
-345
-367
-372
-354
-375
-375
-348
-344
-332
-346
-322
-277
-274
-251
-220
-208
-192
-189
-162
-120
-121
-120
-97
-89
-61
-58
-51
-46
-51
-68
-78
-58
-73
-102
-146
-176
-186
-192
-175
-199
-224
-257
-269
-240
-214
-213
-223
-231
-215
-175
-173
-143
-131
-130
-112
-69
-32
-17
-16
-7
12
12
36
48
31
9
21
9
-7
7
-9
-40
-37
-38
-47
-34
-43
-49
-35
-21
7
29
63
81
91
130
178
208
266
306
346
382
394
419
455
483
506
503
489
496
483
444
425
398
391
337
266
230
198
158
100
52
4
-51
-89
-130
-148
-169
-219
-245
-259
-257
-280
-304
-303
-286
-303
-318
-300
-279
-270
-277
-246
-203
-193
-181
-153
-142
-110
-92
-88
-63
-58
-62
-64
-46
-3
-11
-47
-35
-59
-70
-78
-95
-120
-162
-187
-200
-187
-190
-214
-242
-245
-230
-212
-189
-188
-194
-194
-164
-108
-64
-32
-41
-32
-6
30
63
81
66
61
73
89
119
95
97
62
38
29
9
-1
-33
-50
-63
-64
-70
-90
-119
-115
-84
-76
-60
-47
-24
-14
11
74
110
160
210
261
298
368
423
467
504
550
605
636
649
654
620
619
628
605
561
503
467
418
363
295
238
170
94
16
-24
-87
-148
-193
-224
-254
-308
-339
-373
-392
-402
-397
-387
-403
-407
-389
-368
-342
-319
-315
-304
-282
-249
-231
-193
-159
-136
-135
-111
-87
-84
-81
-72
-56
-57
-68
-101
-98
-96
-107
-131
-166
-198
-206
-194
-186
-202
-210
-241
-227
-184
-186
-162
-174
-150
-132
-114
-82
-53
-52
-37
-19
7
53
50
52
35
28
36
37
45
28
-18
-41
-45
-61
-79
-92
-106
-116
-134
-132
-133
-133
-122
-123
-92
-60
-43
-30
7
36
87
133
181
235
275
342
383
444
513
552
587
624
638
654
695
699
671
643
606
606
580
505
439
384
335
256
197
145
62
-9
-51
-112
-160
-216
-267
-301
-341
-369
-389
-394
-410
-406
-400
-415
-383
-367
-339
-303
-299
-286
-277
-242
-205
-175
-155
-149
-130
-114
-103
-76
-55
-56
-65
-54
-60
-69
-90
-100
-74
-72
-95
-130
-145
-152
-128
-135
-159
-168
-178
-168
-147
-122
-123
-117
-122
-117
-75
-60
-59
-46
-21
-5
2
26
34
39
43
38
53
56
33
16
3
-4
-8
-21
-31
-45
-42
-56
-46
-17
-17
-23
-4
36
47
64
84
115
139
168
193
226
252
282
323
348
369
417
439
466
499
513
521
521
534
522
525
486
480
453
407
355
326
304
248
199
153
104
58
13
-31
-76
-120
-163
-210
-239
-259
-283
-315
-327
-325
-341
-352
-322
-309
-309
-295
-276
-238
-214
-218
-179
-165
-136
-125
-105
-72
-69
-37
-33
-8
-5
-43
-67
-78
-53
-85
-101
-136
-187
-205
-187
-181
-205
-189
-224
-236
-234
-181
-181
-175
-190
-182
-146
-109
-82
-81
-66
-62
-41
9
41
42
38
41
60
90
95
70
73
63
79
80
87
77
79
65
82
93
79
78
75
74
79
95
89
98
118
135
150
159
165
195
222
220
246
271
286
305
334
374
396
433
435
466
480
496
500
490
496
467
456
442
423
362
322
270
226
191
145
92
42
-27
-71
-94
-124
-146
-203
-248
-276
-257
-274
-289
-273
-266
-248
-240
-226
-206
-191
-163
-152
-120
-91
-80
-74
-80
-59
-45
-48
-50
-55
-74
-88
-93
-100
-132
-156
-171
-190
-213
-208
-204
-224
-231
-223
-220
-204
-191
-184
-172
-141
-124
-121
-92
-70
-61
-30
-16
12
38
56
71
83
87
97
96
100
111
118
127
115
107
88
87
90
86
97
79
60
63
66
63
69
67
72
82
83
101
103
113
135
158
186
218
234
255
278
295
325
360
378
388
406
402
427
431
443
453
448
445
432
428
389
377
353
310
277
235
197
147
105
64
11
-23
-66
-82
-89
-141
-152
-171
-179
-196
-188
-187
-215
-197
-197
-190
-182
-168
-179
-169
-160
-163
-156
-156
-135
-133
-153
-177
-178
-162
-157
-157
-198
-197
-202
-203
-180
-186
-190
-198
-190
-178
-155
-134
-162
-152
-141
-124
-109
-97
-102
-105
-73
-50
-34
-19
-19
-16
4
43
50
39
60
54
66
86
90
80
113
115
120
109
128
127
133
136
149
160
145
161
156
168
179
185
186
190
185
203
217
212
216
218
236
243
258
267
270
263
272
276
275
278
270
260
242
251
240
232
217
214
201
178
176
162
159
141
139
121
80
85
60
35
38
24
13
-17
-31
-41
-40
-42
-65
-85
-103
-109
-111
-114
-111
-109
-125
-129
-143
-133
-121
-117
-123
-136
-138
-116
-102
-108
-112
-114
-123
-132
-140
-140
-132
-138
-121
-119
-125
-150
-141
-140
-143
-120
-109
-97
-95
-63
-37
-32
-16
15
34
56
72
92
94
111
138
156
146
141
161
164
163
174
189
185
198
179
185
188
183
190
182
186
188
190
178
174
169
175
180
171
169
168
155
155
163
148
143
148
157
157
157
150
145
146
142
138
132
137
134
136
143
159
147
140
147
131
131
111
100
110
87
78
66
56
61
32
25
23
17
-1
16
-10
-27
-22
-36
-24
-40
-51
-50
-55
-63
-51
-37
-42
-57
-70
-77
-93
-86
-108
-106
-120
-140
-156
-143
-155
-171
-167
-180
-181
-175
-146
-141
-131
-118
-100
-83
-66
-34
-18
-2
19
26
63
78
84
95
110
120
117
136
145
141
142
146
112
125
121
108
111
96
95
93
91
87
58
57
52
37
43
45
20
9
30
8
11
17
38
23
14
7
13
22
38
28
35
45
43
59
48
70
78
84
80
97
97
115
109
110
138
130
127
132
150
156
139
139
141
122
114
110
102
115
104
86
66
76
52
39
36
40
41
28
34
1
-9
-23
-34
-57
-66
-76
-87
-84
-106
-103
-127
-119
-115
-105
-107
-123
-104
-85
-73
-68
-59
-49
-34
-18
0
6
19
32
62
54
78
88
87
111
108
109
114
118
112
103
95
116
113
93
83
85
83
61
62
49
41
34
32
12
-12
2
-3
0
-18
-27
-23
-37
-37
-46
-64
-54
-50
-43
-45
-46
-31
-39
-21
-17
-16
-6
-6
-7
6
17
39
56
49
72
78
100
103
119
129
128
148
173
159
174
187
177
196
193
189
173
184
151
146
139
121
120
86
65
51
38
24
4
5
-27
-48
-51
-58
-45
-62
-61
-83
-81
-76
-90
-68
-73
-55
-59
-60
-43
-42
-17
-23
-19
-34
-13
-24
-19
10
3
8
2
-2
0
16
18
19
9
28
23
34
36
39
42
36
35
37
47
43
48
24
27
48
27
31
25
6
-19
-10
5
-20
-34
-72
-66
-66
-75
-88
-81
-83
-88
-95
-109
-101
-98
-100
-95
-83
-89
-65
-55
-80
-55
-54
-52
-50
-55
-23
-20
-18
-9
19
26
50
59
56
63
84
98
101
112
88
104
110
101
104
97
104
101
102
82
77
66
73
57
51
48
19
17
19
17
0
8
-21
-21
-9
-7
3
-4
-8
-10
6
-5
-12
5
-3
-16
-6
-19
-16
-23
-28
-30
-57
-48
-25
-33
-50
-42
-49
-56
-45
-53
-35
-12
-36
-11
-16
-24
0
13
39
27
51
42
59
62
61
64
58
52
58
60
43
61
51
39
39
33
39
36
29
44
35
20
27
13
13
17
20
15
19
3
8
17
-3
19
-6
-17
-1
4
-6
6
13
11
8
15
18
15
29
20
22
24
27
30
41
39
46
57
60
64
62
84
87
101
116
123
131
140
135
142
154
150
166
165
159
155
154
141
151
132
125
112
103
96
96
86
64
57
35
33
5
9
-3
-16
-17
-29
-23
-18
-13
-23
-20
-30
-32
-25
-16
-17
0
-8
-16
1
20
22
21
56
37
44
39
39
60
60
62
74
69
76
89
97
107
96
107
94
93
87
78
94
107
102
113
123
97
99
94
100
77
89
70
56
53
36
33
19
16
14
24
2
-9
-12
-20
-24
-32
-41
-50
-56
-62
-47
-47
-39
-40
-36
-28
-19
-4
-5
11
13
32
36
64
86
86
74
89
118
115
122
137
151
151
150
151
155
147
151
144
126
119
110
104
88
87
65
54
46
34
30
12
9
3
-10
-21
-3
-1
1
-9
-11
-16
-22
-10
-18
0
-26
-34
-15
-16
-17
-18
-29
0
-5
-16
-6
-2
24
9
23
27
28
36
33
42
38
41
47
59
83
71
78
88
81
98
91
74
76
79
77
72
76
72
74
61
62
54
48
36
23
12
19
18
-1
-2
-5
-12
-22
-26
-20
-23
-41
-35
-13
-23
-18
-8
-16
-19
6
3
-4
13
2
25
28
25
25
29
41
51
60
49
58
67
62
78
87
64
85
101
88
82
86
112
93
95
78
90
107
79
83
75
70
74
76
86
89
81
74
70
70
60
64
57
40
49
46
28
42
39
34
58
49
33
43
55
50
49
74
55
56
76
71
86
95
91
76
92
107
86
105
101
76
74
85
78
73
71
60
62
54
55
45
28
31
32
27
29
24
34
33
21
40
19
26
21
32
36
28
27
23
37
24
35
46
51
49
41
30
34
38
29
26
21
32
14
5
12
-8
-11
-20
-13
-27
-39
-26
-16
-30
-18
-1
-14
-7
4
10
13
32
31
34
46
36
47
53
69
65
51
65
60
60
57
41
46
51
35
34
22
12
16
25
38
30
19
32
25
18
27
20
26
11
27
38
49
49
51
48
47
63
60
67
54
49
46
53
39
41
42
25
17
16
19
24
25
11
13
13
16
-2
2
-10
-26
-10
4
0
-18
-4
-2
-13
-7
-2
5
22
23
17
21
30
48
37
35
38
42
50
41
31
22
35
29
33
27
18
17
14
-1
-18
-19
-21
-26
-29
-26
-21
-32
-39
-33
-38
-42
-44
-36
-56
-48
-38
-27
-17
-21
-14
4
9
9
27
37
37
40
30
56
68
42
63
49
62
68
69
73
80
73
63
67
75
87
72
88
79
80
80
75
91
80
67
67
50
50
43
55
66
59
57
56
60
40
50
39
52
41
22
21
28
23
40
29
39
45
18
14
30
41
45
43
50
51
56
59
50
69
60
54
46
68
76
70
87
90
97
98
77
79
85
82
90
89
73
74
96
89
84
88
66
50
67
67
53
50
29
22
11
5
-5
2
2
-16
0
1
-25
-7
-3
-17
-10
-3
10
11
23
26
36
52
61
55
69
90
90
87
97
101
115
109
120
130
120
118
133
123
136
113
129
132
112
117
103
106
84
91
73
74
58
43
44
37
29
28
23
4
-7
4
12
2
7
14
6
22
27
33
26
32
36
41
44
48
54
56
62
64
55
75
74
66
88
106
99
96
86
68
72
80
77
76
80
72
69
69
62
55
62
64
69
67
77
70
76
61
60
75
56
46
55
43
18
25
-8
-12
-14
-23
-23
-47
-52
-63
-61
-56
-62
-56
-58
-52
-42
-61
-36
-18
-15
-19
-18
-8
2
8
9
37
46
47
53
51
44
58
65
74
80
82
84
77
68
76
81
84
71
56
68
76
58
64
37
31
22
19
22
7
1
-8
-10
-9
-14
8
12
-20
-10
-14
-4
8
19
12
28
26
21
28
38
51
53
70
68
71
75
98
94
90
100
92
93
99
94
104
116
113
98
103
116
86
85
88
96
93
99
101
92
90
84
92
85
97
79
85
67
69
72
52
30
44
32
20
23
10
15
8
13
-3
-6
5
10
2
7
0
10
-6
-3
8
15
13
7
0
16
42
34
42
55
65
71
88
93
88
86
95
103
110
105
121
115
119
106
106
100
83
101
89
94
80
82
71
55
56
56
58
49
38
48
48
28
41
34
33
25
38
43
36
40
42
49
45
47
53
58
51
62
69
66
77
85
70
96
96
112
109
110
119
126
131
134
135
139
120
130
138
139
139
137
141
121
129
106
119
105
93
94
103
91
81
92
78
73
75
66
72
70
65
70
64
73
74
61
72
63
56
61
65
48
40
41
37
29
14
15
6
-11
1
1
3
0
1
5
4
11
-1
6
8
26
30
37
29
33
46
35
49
52
32
50
43
51
35
52
60
43
45
49
49
39
44
23
27
43
53
46
45
55
47
34
46
46
39
36
35
40
38
41
26
33
46
51
40
35
32
33
40
44
39
37
41
46
56
48
54
65
65
69
85
65
74
79
70
80
96
76
66
62
65
71
63
62
64
56
50
58
35
30
31
26
25
30
42
16
18
36
29
26
7
-1
6
5
19
17
14
4
-11
-11
-7
-5
-4
-8
-13
3
-3
-11
-19
-20
-4
-33
-36
-16
-16
-12
-25
-31
-13
-22
-17
-18
-22
2
8
5
10
20
28
44
34
31
40
53
57
44
35
58
63
60
62
59
43
63
55
52
67
66
61
58
51
44
36
28
32
17
8
11
21
18
1
1
-5
2
4
3
3
4
18
-11
15
21
-6
16
14
29
40
35
37
41
67
56
64
66
69
69
62
61
71
78
70
63
46
45
58
55
52
61
49
35
18
18
13
21
14
2
16
6
19
15
26
17
18
34
20
22
21
21
22
26
33
18
26
28
17
36
21
8
16
11
23
22
17
17
16
28
13
9
17
7
18
13
16
4
4
18
19
22
19
32
21
23
23
26
37
25
39
37
35
50
52
47
44
38
41
30
35
28
23
21
28
28
0
13
-3
11
9
5
-5
-7
-6
-6
-11
-5
3
1
-9
9
8
8
26
28
30
33
32
29
25
30
37
29
43
54
51
44
34
45
24
12
30
27
8
12
-4
3
-3
-6
6
5
2
-6
-6
-12
4
-11
12
20
4
-4
-3
-4
-17
-21
9
2
-3
23
19
27
9
16
24
23
36
9
30
31
37
45
26
44
29
25
19
9
13
5
-13
-9
-13
-14
-18
-24
-35
-33
-33
-41
-33
-37
-36
-30
-29
-42
-35
-27
-4
-12
-13
-17
-7
-10
-16
9
11
13
-8
6
3
-3
2
-15
2
11
-15
-8
-2
5
-14
-9
-20
-27
-2
-20
-21
-20
-26
-24
-26
-28
-30
-34
-30
-17
-26
-26
-22
-17
-4
-1
-8
-8
-7
-12
-9
13
-8
-20
-23
-24
-25
-39
-33
-33
-40
-36
-25
-31
-18
-25
-35
-34
-27
-17
-39
-23
-25
-22
-9
-18
-9
-5
-6
-12
2
-10
-25
-4
3
-14
-12
-14
-14
-25
-17
-26
-22
-15
-22
-37
-30
-23
-18
-21
-45
-35
-42
-32
-47
-55
-76
-82
-76
-75
-76
-93
-83
-88
-88
-84
-84
-100
-72
-68
-74
-54
-47
-19
-35
-23
-8
2
-10
-5
17
6
6
5
20
23
23
21
10
25
11
1
5
-1
5
-14
-21
-7
-17
-28
-17
-25
-33
-42
-40
-48
-36
-31
-54
-50
-56
-48
-51
-46
-52
-60
-35
-47
-40
-33
-37
-32
-45
-62
-44
-41
-38
-39
-26
-43
-51
-35
-27
-24
-32
-16
-18
-14
-20
-17
-8
-12
-15
-7
-12
-15
-21
-32
-23
-17
-23
-18
-29
-11
-11
-15
-19
-30
-15
-16
-30
-31
-49
-45
-60
-52
-63
-63
-55
-66
-77
-84
-75
-79
-74
-77
-72
-91
-85
-77
-69
-82
-74
-61
-69
-49
-35
-26
-15
-9
-4
-7
-12
6
13
9
18
10
12
49
44
37
37
37
37
34
33
31
31
33
23
21
21
17
16
14
4
-23
-9
-20
-34
-23
-36
-39
-49
-43
-57
-54
-70
-70
-55
-67
-70
-62
-53
-66
-47
-48
-42
-42
-29
-15
-12
-31
-22
-26
-18
-18
-23
-13
2
5
0
13
3
6
6
17
-1
19
-2
-5
4
-20
-8
-5
-4
-26
-25
-15
-25
-29
-33
-31
-26
-39
-50
-38
-41
-49
-51
-51
-67
-63
-64
-72
-71
-88
-73
-71
-64
-62
-60
-61
-65
-68
-58
-49
-66
-45
-40
-47
-43
-25
-18
-22
-17
-11
4
4
2
2
5
11
18
38
18
29
12
35
33
35
29
27
37
29
56
39
32
36
41
18
19
6
10
-2
-1
-8
-21
-23
-41
-28
-50
-54
-51
-67
-53
-52
-50
-73
-72
-48
-50
-56
-51
-43
-48
-33
-32
-28
-27
-20
-14
-25
-14
-6
-8
-7
1
17
-7
-2
-7
0
1
-2
7
-4
9
-11
5
8
0
-1
-1
-1
-15
-11
-10
-19
-19
-21
-26
-40
-43
-46
-44
-34
-49
-50
-46
-41
-42
-46
-42
-38
-31
-37
-28
-23
-37
-38
-37
-35
-34
-45
-32
-31
-25
-31
-38
-34
-23
-34
-37
-34
-6
-7
-24
-15
-4
2
0
5
10
12
10
15
23
14
10
9
6
11
5
11
8
12
11
1
6
-1
2
-7
4
1
1
-5
-25
-22
-28
-20
-27
-32
-28
-32
-29
-33
-42
-21
-31
-28
-32
-46
-34
-33
-15
-21
-32
-19
-12
-13
-3
-4
3
8
9
19
18
22
29
34
26
29
31
43
40
38
37
37
36
25
20
0
8
14
-2
5
3
-11
-23
-34
-19
-32
-25
-41
-44
-21
-52
-41
-42
-46
-42
-33
-38
-26
-31
-32
-24
-48
-43
-61
-39
-51
-51
-48
-34
-44
-46
-40
-50
-39
-58
-51
-60
-52
-33
-29
-30
-32
-31
-36
-27
-14
-25
-16
-8
-20
-11
-9
-13
-7
-9
-19
13
6
-4
-8
-4
-5
-7
-27
-24
-7
-13
1
-15
-11
-12
-15
-12
-20
-38
-34
-21
-32
-45
-17
-24
-26
-27
-30
-13
-29
-19
-16
-14
-9
-9
0
2
14
13
9
9
-1
23
24
20
26
19
23
26
24
25
32
25
41
26
38
27
28
44
12
20
16
19
14
21
16
3
12
7
1
1
-3
-11
-12
-24
-29
-22
-44
-46
-34
-53
-41
-54
-41
-44
-47
-31
-59
-48
-57
-65
-46
-54
-40
-35
-50
-46
-43
-53
-52
-45
-27
-29
-44
-28
-46
-24
-26
-32
-20
-21
-15
-12
-13
-9
-7
-21
-8
-15
-14
-3
-3
-11
-8
-17
-17
-3
-17
-13
-5
1
-8
-12
4
0
6
-2
-3
13
-13
-9
-13
1
1
-4
-4
-9
-9
-7
-2
-13
-1
-12
-8
-5
-1
13
11
6
5
19
18
13
20
13
20
28
20
18
8
9
3
-4
0
3
0
7
5
7
2
-14
-8
-3
-19
-20
-37
-48
-31
-35
-25
-42
-39
-37
-40
-33
-41
-42
-36
-35
-23
-9
-28
-41
-32
-20
-13
-6
-5
-13
5
-23
-4
-7
-17
-3
-9
-13
-25
-20
3
6
5
-14
-29
-19
-26
-29
-18
-31
-41
-27
-30
-28
-34
-37
-31
-26
-25
-23
-10
-16
-17
3
-7
-11
-16
6
7
11
8
19
15
7
4
9
17
13
14
1
-3
12
14
4
7
12
10
18
0
-2
-7
-26
0
-6
-6
-22
-11
-23
-24
6
-5
-12
-20
17
8
6
4
-3
16
18
24
25
13
28
30
28
38
34
39
34
15
17
4
7
10
11
8
6
1
0
8
-3
8
-1
2
18
11
-4
-1
-10
4
3
-7
-2
-1
4
10
24
13
21
15
24
18
9
17
11
23
13
10
7
9
11
-3
-2
-8
-20
4
-2
-10
-23
-26
-26
-35
-20
-30
-28
-24
-28
-20
-16
-6
-7
1
2
-11
-5
6
16
15
27
17
33
35
20
30
33
38
34
32
33
26
35
36
23
25
11
17
5
-17
-15
-24
-27
-26
-27
-36
-29
-22
-43
-50
-33
-24
-34
-35
-31
-13
-21
-21
-21
-17
-13
9
9
-3
12
-8
17
23
7
22
33
24
26
26
0
-3
0
-5
4
12
15
14
11
6
5
15
14
3
7
7
20
12
5
5
26
17
18
32
31
39
26
15
2
14
0
5
5
11
-4
-15
-12
-26
-19
-33
-55
-39
-43
-44
-52
-46
-58
-64
-45
-51
-46
-51
-29
-31
-29
-22
-12
-17
-17
-1
-3
-12
-1
6
8
22
29
26
18
29
17
37
28
19
41
31
23
21
19
14
14
-2
-9
-13
-10
-27
-28
-32
-37
-19
-35
-49
-39
-39
-33
-37
-24
-23
-36
-33
-40
-32
-9
-18
-1
-6
-4
11
11
4
-18
-2
1
2
13
12
16
26
24
21
10
9
10
9
11
5
11
14
20
20
7
1
19
19
7
-1
1
9
-7
-10
-6
-9
4
-10
-8
-11
-22
-33
-19
-20
-35
-19
-50
-40
-27
-34
-24
-47
-28
-29
-40
-35
-43
-31
-33
-25
-35
-45
-26
-23
-13
-12
1
-2
-22
-10
1
-3
-6
2
-11
-3
17
36
32
36
18
17
18
10
22
21
26
22
22
27
15
17
6
7
10
-1
-9
-13
-25
-19
-32
-37
-42
-31
-33
-31
-28
-32
-27
-43
-22
-16
-23
-23
-10
-1
-2
-2
0
19
9
19
26
28
28
36
37
37
20
19
34
25
36
33
21
23
42
32
40
56
32
30
41
29
27
36
15
14
18
14
22
2
3
1
-15
-5
-9
-7
-13
-2
0
-20
-9
-16
6
-15
-24
-9
-11
-9
-5
-17
-21
-4
0
0
0
5
-14
-2
-11
2
6
22
16
10
21
11
20
26
26
14
20
3
17
23
13
23
25
20
24
21
20
31
36
24
15
0
11
30
20
24
12
12
9
0
1
2
4
-10
-18
-24
-13
-6
-6
-3
-5
-1
0
11
22
2
6
5
15
31
15
20
13
15
21
10
29
20
28
28
21
18
29
32
13
16
14
8
16
4
4
8
-10
-8
-9
-8
8
-20
-9
2
-6
-23
-2
12
-22
-6
-15
-4
6
-6
-1
-4
-10
-15
-4
3
-5
-2
-10
-10
-3
1
-18
-20
-15
-6
0
-3
-5
6
23
15
8
4
6
1
21
18
23
23
28
26
15
26
1
16
25
24
32
31
34
29
29
38
34
23
19
27
22
36
29
15
22
24
15
0
-3
14
12
4
11
-9
5
3
5
6
-1
0
-8
1
14
14
15
27
21
22
22
13
27
20
13
29
48
37
28
26
23
39
42
29
33
20
19
28
32
16
27
46
24
34
48
26
16
27
17
16
7
13
7
7
5
8
4
5
-6
-1
9
-6
6
13
22
21
24
6
1
7
-1
6
-11
-3
12
13
20
14
15
7
4
-14
6
9
1
8
17
24
7
11
8
13
6
18
8
-5
-6
7
10
1
5
-1
8
7
2
2
10
14
14
2
17
13
8
8
0
5
6
11
30
9
14
9
19
16
-16
12
-1
-4
-10
-22
-5
-7
-9
-9
-19
-10
-11
1
-12
-14
-13
2
4
-11
17
15
3
-3
8
22
-7
8
18
21
13
6
23
30
27
16
33
39
-1
10
18
10
6
11
0
-4
0
13
8
12
-20
-10
-2
-21
-6
-22
6
1
-2
-3
10
19
11
9
11
10
6
16
4
-1
-2
3
2
12
1
-2
14
10
11
27
14
9
12
5
12
18
13
16
-7
-10
6
-16
12
10
7
-2
4
4
-9
4
2
2
7
6
-18
-8
-2
11
4
-10
-2
-6
-20
-13
1
-10
3
-5
-8
-5
6
-5
1
5
-5
-2
0
9
9
8
6
8
20
21
20
20
4
17
26
7
14
18
30
28
6
12
25
18
6
13
27
19
20
16
-1
15
14
9
15
5
1
-3
-2
-13
-13
1
-5
-21
-12
13
3
-4
3
16
13
10
8
19
6
16
7
0
0
-11
-12
-10
-10
-4
6
-10
-7
5
-5
3
-12
-1
2
-6
-13
-13
1
-15
-2
-13
-9
5
-12
-14
-24
-25
-17
-13
-8
-13
-29
-14
-15
-25
-15
-23
-18
-27
-29
-18
-16
-24
-25
-16
-33
-13
-6
-24
-10
-7
0
-6
-15
-19
-25
-3
-21
-12
0
-12
-12
-3
-9
-4
-3
-12
-21
-34
-5
-9
4
-3
-9
-1
-16
-5
4
2
-9
0
5
8
15
-1
-11
-13
-11
1
-2
10
-3
-22
-21
-6
1
-4
-17
-14
-11
-11
-8
-10
-4
-14
-8
-19
-10
-8
-18
-15
-15
-18
-31
-19
-15
-14
-22
-11
9
-5
-3
6
-23
-15
-2
-13
-17
-7
-8
-10
-4
-2
-10
-16
-12
-10
-3
-10
-6
-25
-21
-26
-27
-17
-13
-19
-29
-20
-32
-24
-8
-11
-12
-8
-15
-12
-2
20
-13
-8
8
5
15
22
23
8
22
9
9
7
10
11
7
5
3
-3
7
12
12
7
-12
14
6
-7
0
-5
-10
-10
8
1
-6
-8
-1
-4
1
13
9
8
-1
7
0
10
14
7
14
18
19
13
14
7
-4
3
16
-3
2
8
3
11
10
24
-2
0
4
0
11
9
-11
-4
13
-7
0
14
-7
-3
-6
-8
6
-3
-11
6
6
-16
0
-17
-21
-29
-22
-30
-22
-23
-36
-27
-30
-29
-59
-37
-37
-46
-41
-29
-25
-42
-34
-27
-22
-20
-26
-15
-15
-4
10
-15
-1
0
-13
-15
-13
-8
3
-13
3
8
2
-16
0
9
1
9
3
2
-1
8
15
10
9
5
11
3
2
2
-2
-1
-17
-17
-25
-19
-24
-22
-21
-33
-28
-8
-21
-29
-26
-30
-30
-21
-17
-19
-25
-26
-19
-24
-31
-38
-14
-11
-23
-24
-7
-13
-27
-12
-14
-16
-11
-3
-13
-12
-20
-19
4
-6
-4
-8
-2
1
-3
-3
-12
-11
-18
-23
-25
-17
-9
-13
-2
-9
-2
2
-1
-4
-16
-5
1
-13
-19
-12
-18
-19
-8
8
1
3
-10
-20
-4
-9
-6
4
0
6
20
14
6
-1
11
11
13
12
11
13
14
27
6
10
9
9
-1
4
6
5
5
-9
-11
10
17
3
14
18
4
-2
22
11
3
18
-3
15
8
-12
-2
-2
-16
-18
-12
-26
-26
-21
-20
-13
-12
-20
-2
-12
-7
7
13
-3
4
-2
-4
-3
4
9
-9
2
-7
-5
-2
5
6
4
16
18
20
27
11
-3
4
17
18
15
4
-1
5
-7
5
-10
-9
-9
-12
-16
-13
-9
-6
7
-10
-5
-12
-3
-11
-14
-4
-13
-13
-15
-2
-13
2
9
-1
-10
0
-4
-1
-5
-2
-7
-6
-3
-1
18
10
-8
-4
-11
4
12
-7
10
9
2
6
5
10
2
4
8
14
2
8
9
8
-1
-21
-9
5
-4
-6
-7
-1
-2
-4
-13
-16
-6
-11
-15
-37
-27
-24
-31
-25
-25
-33
-24
-20
1
-14
-14
-3
-17
8
8
-3
14
0
-6
7
2
2
-1
4
21
6
3
2
6
11
-3
15
7
26
23
25
26
11
5
-2
15
8
7
14
12
10
26
20
20
18
26
18
17
25
8
10
16
13
-5
18
6
-8
1
12
5
7
9
-1
3
-1
17
-1
8
15
-7
10
14
7
0
13
18
2
5
4
24
16
20
20
25
