-14
-22
-37
-37
-24
-29
-26
-8
-16
-8
11
-11
-9
-17
-16
-1
-13
-8
-3
-5
-15
-8
-14
-13
-19
-14
-25
-33
-21
-15
-22
-24
-12
-35
-24
-34
-30
-24
-14
-15
-33
-30
-33
-28
-35
-33
-30
-31
-17
-27
-30
-19
-35
-25
-21
-26
-22
-14
6
-5
-6
-18
-26
-23
-19
-9
-17
-14
-10
-16
-16
-7
-30
-11
-11
-24
-33
-30
-22
-15
-20
-13
-9
-18
-2
-16
-19
-23
-19
-13
-16
-8
-16
-8
-12
-18
-3
-31
-22
-30
-20
-11
-23
-8
-14
-9
-26
-19
-22
-27
-13
-26
-19
-39
-22
-25
-24
-19
-30
-5
-19
-10
-7
-21
-16
-7
-4
-9
-10
-6
-18
0
-9
-19
-31
-10
-1
-17
-10
-16
-10
-18
-22
-19
-5
3
6
1
5
4
2
13
6
1
1
7
11
6
12
0
-6
5
-8
-15
-7
-12
-18
-3
-1
-14
-5
-14
-1
-7
16
16
11
10
2
-6
6
2
-10
0
4
5
-2
-2
2
-4
-11
-13
-8
-22
-2
-15
-7
-5
-15
-6
-15
-7
1
-8
-6
-6
3
-11
-16
-5
-25
-22
-22
-18
-28
-5
2
2
-2
-4
12
-10
-19
3
-2
-9
2
-3
-8
4
-7
-16
-12
-13
3
5
0
-16
-2
14
-7
-16
-17
-10
-15
-1
-24
-20
1
-8
-8
-14
2
-23
-21
-4
1
-16
-18
-9
-7
2
1
-10
-14
-14
-15
2
-18
-9
-15
-14
-18
-7
-1
-19
12
-1
-12
-20
-7
-15
-14
-18
-8
-5
-11
-10
-3
12
-6
-6
-8
1
2
4
1
-4
-1
3
-3
-1
0
-7
-3
-13
2
-5
-13
6
6
-5
-17
-10
-8
-6
-7
-2
-14
3
-13
-7
9
-5
-10
-4
-4
-21
-14
-4
-13
1
-6
-14
-19
-5
-10
-4
-3
-18
6
-11
3
-10
5
5
0
-2
6
11
17
32
14
16
11
6
18
13
13
21
8
15
8
19
21
15
14
29
39
36
7
26
23
5
24
17
24
8
9
17
-1
2
9
-1
0
13
10
22
8
20
3
8
15
13
12
5
10
8
-3
3
16
14
7
5
22
22
18
14
1
12
6
-7
3
-1
5
6
-3
5
-7
-2
3
3
1
-10
-5
13
12
-9
6
3
14
15
6
4
6
-8
-14
-6
15
4
5
14
11
15
19
-3
-10
15
5
19
13
14
9
1
16
21
13
17
23
14
1
0
25
6
-10
-12
-20
8
9
5
5
-16
8
13
7
2
19
11
2
4
-2
6
15
12
1
2
-11
1
-2
-4
3
5
-4
-5
-6
-2
-4
0
-8
-15
-17
-1
3
-15
-18
-17
0
-19
-11
-15
-15
-4
-14
-4
-29
-18
-6
-8
-16
-29
-22
-41
-31
-31
-30
-32
-34
-23
-29
-30
-34
-21
-24
-15
-22
-13
-23
-13
-4
-20
-10
-26
-15
-35
-26
-37
-33
-21
-32
-21
-39
-15
-16
-20
-24
-27
-27
-39
-25
-34
-41
-23
-32
-60
-46
-50
-44
-28
-51
-47
-44
-39
-20
-26
-46
-46
-49
-39
-37
-26
-40
-40
-37
-48
-27
-42
-48
-39
-45
-53
-41
-37
-46
-63
-60
-63
-58
-46
-49
-38
-51
-45
-55
-44
-41
-65
-55
-48
-47
-38
-25
-32
-29
-36
-28
-41
-26
-38
-39
-35
-35
-26
-35
-44
-55
-51
-30
-34
-40
-24
-26
-36
-28
-31
-26
-26
-25
-28
-3
-23
-35
-7
-21
-14
-18
-17
-24
-24
-18
-11
-15
-16
-3
-2
-14
-12
-8
-12
-21
-20
-12
-15
-21
-10
-5
-7
-6
-7
-24
-11
-10
-24
-22
-24
-17
-24
-24
-26
-29
-9
-12
-2
-23
-33
-23
-21
-9
-20
-33
-4
-10
-8
-3
-27
-15
-2
-16
-15
-17
-23
-19
-22
-9
-24
-29
-18
-26
-30
-22
-13
-32
-12
-8
-27
-21
-8
-7
-22
-24
-19
-8
-24
-22
-29
-19
-17
-21
-11
-11
-12
-18
-26
-20
-22
-17
-14
-11
-14
-20
-5
-18
-16
-10
-28
-27
-8
-7
-17
-19
-13
-30
-9
-32
-33
-13
-32
-27
-33
-19
-15
-25
-23
-9
-22
-32
-25
-27
-11
-14
-27
-20
-19
-26
-17
-36
-33
-34
-28
-20
-42
-33
-38
-44
-34
-35
-30
-34
-30
-29
-46
-40
-34
-37
-49
-52
-46
-38
-44
-45
-59
-33
-40
-43
-51
-32
-37
-55
-42
-68
-46
-37
-53
-37
-42
-34
-32
-33
-14
-17
-34
-18
-12
-35
-38
-46
-42
-44
-42
-47
-48
-41
-37
-51
-36
-25
-34
-35
-46
-35
-41
-32
-28
-33
-30
-42
-24
-32
-38
-42
-38
-53
-39
-34
-57
-41
-52
-43
-35
-48
-40
-50
-44
-41
-43
-40
-29
-38
-35
-39
-42
-41
-44
-44
-38
-40
-48
-38
-48
-39
-35
-48
-38
-34
-30
-26
-43
-45
-39
-36
-33
-24
-20
-39
-37
-24
-38
-29
-35
-32
-40
-37
-22
-37
-56
-36
-39
-35
-35
-29
-21
-35
-35
-21
-13
-20
-13
0
-5
-14
-15
-14
-33
-20
-7
-16
-17
-6
-4
-12
-5
-11
-7
-15
6
6
-8
8
3
0
4
2
-13
8
5
-10
-6
11
8
8
17
-4
-2
-2
11
19
14
22
23
16
27
29
34
14
-2
1
-2
8
-5
16
11
13
18
15
13
10
13
15
17
15
18
29
9
15
9
7
10
12
3
3
2
-1
-4
0
12
-3
-1
-9
2
11
11
-7
8
10
2
11
3
16
16
17
31
19
13
13
22
37
22
14
24
25
13
24
26
29
16
16
14
16
11
26
14
25
20
12
17
-1
28
12
13
5
5
10
7
19
8
11
10
14
10
5
24
16
25
8
7
19
29
14
9
24
7
26
26
16
32
26
18
14
18
27
26
37
12
11
25
21
10
4
26
13
30
25
17
16
24
21
13
16
18
29
36
32
24
32
21
33
37
31
29
21
27
22
26
27
19
27
7
15
12
34
28
5
26
14
26
20
20
20
32
29
36
30
22
35
14
14
17
7
7
3
1
0
-3
1
11
7
-3
-4
3
-1
-15
0
-1
9
-4
-4
11
7
24
19
-1
8
19
12
13
18
24
9
24
13
12
19
21
25
7
17
8
18
13
13
16
23
23
11
22
10
14
0
10
15
12
10
4
15
17
30
30
24
28
30
25
24
29
34
33
28
15
7
29
31
5
12
7
10
14
4
8
21
16
27
32
28
22
10
16
11
20
11
10
27
25
42
33
32
29
18
36
41
26
29
31
28
32
27
31
31
27
32
28
18
26
13
15
19
17
23
26
15
29
-2
7
24
12
26
16
24
18
11
20
9
-1
20
11
11
22
15
7
21
25
25
46
31
29
33
25
7
33
21
31
25
17
17
32
26
22
32
29
39
40
37
25
28
16
25
31
19
14
14
26
27
20
37
29
38
15
-4
21
24
16
23
19
23
21
17
18
24
29
27
31
29
36
36
38
25
28
30
39
36
31
33
25
40
25
34
31
41
47
45
38
38
44
26
44
28
36
41
38
41
42
35
29
54
37
39
38
44
38
25
34
26
39
45
36
38
49
48
51
53
43
35
40
38
43
42
41
45
32
42
40
45
49
48
44
39
46
45
36
45
27
24
31
23
33
23
27
33
17
29
38
33
23
26
18
29
22
22
10
12
25
21
26
32
28
15
24
30
32
34
24
16
32
19
14
4
5
21
22
17
23
21
18
25
19
30
46
23
45
40
33
51
45
45
40
34
30
32
39
30
27
27
34
25
18
19
13
20
31
18
9
22
10
21
7
11
22
11
9
8
24
32
16
15
23
15
6
14
14
10
13
12
24
15
1
12
12
6
16
18
6
27
21
17
23
-12
10
14
11
31
11
14
15
21
16
18
12
9
13
13
18
14
15
24
32
21
45
15
21
16
18
41
28
31
30
36
26
24
19
15
18
24
21
23
21
11
17
31
19
22
25
19
3
-9
4
12
0
13
11
25
16
8
26
10
35
20
11
4
-4
13
4
13
-7
-2
-5
9
-1
-9
-16
-9
25
-1
4
9
9
2
4
8
11
25
-3
6
17
10
7
-19
-3
1
-3
-1
-2
16
15
2
5
13
12
18
13
19
17
12
17
27
27
18
10
14
8
7
14
30
23
18
23
26
21
19
29
23
32
13
29
9
8
11
20
28
30
20
12
22
11
14
10
28
30
37
14
11
17
14
24
19
30
18
7
11
16
3
8
9
11
8
18
12
3
11
11
13
12
3
9
-6
-2
17
16
11
13
7
-2
21
26
28
6
19
10
20
30
21
26
10
8
15
24
25
23
28
23
24
24
25
32
36
32
24
42
36
42
35
43
30
37
38
25
45
42
39
45
49
33
45
45
40
47
41
31
37
38
29
27
41
42
30
28
7
11
31
36
33
28
15
24
22
16
22
19
16
9
6
-6
1
11
-3
13
-3
-17
-7
5
3
-10
-6
-2
1
-5
2
-8
3
-3
-10
-6
-1
1
-8
-1
-11
0
-9
-3
-8
0
1
9
9
-1
12
4
19
21
18
-3
18
17
12
-1
-1
20
16
-6
3
-8
15
17
-5
15
-6
-1
14
10
15
13
23
33
5
9
18
18
21
2
-5
12
9
23
21
18
11
18
8
7
17
-4
14
8
13
15
-1
12
12
14
-2
-2
7
2
10
-1
4
8
6
8
12
16
-4
11
9
2
-6
13
6
-3
2
-4
1
-1
6
-6
-6
-10
-18
-3
-8
-10
-15
-8
-6
1
-8
0
17
0
4
5
10
12
2
1
-10
-13
-15
-4
10
-16
-15
-20
-26
-23
-12
-6
-24
-27
-30
-22
-10
-16
-10
2
-9
-5
-14
-11
-9
-15
2
-18
-24
-4
-10
-15
-6
-7
-4
10
7
-4
-5
-2
-6
3
-7
-13
6
7
3
2
0
16
-1
-3
5
-2
5
-8
1
-2
-1
-2
23
8
8
-6
1
17
-1
8
-13
-13
-4
10
3
-2
7
-5
-6
-11
6
6
-6
3
4
14
19
22
-1
-2
6
6
2
-1
6
13
3
-3
8
2
13
23
23
8
11
4
6
14
-1
10
37
27
11
1
16
1
-1
0
7
12
-4
7
15
-5
-2
18
6
11
11
25
15
13
23
37
33
37
24
37
44
33
49
27
19
18
10
13
21
19
19
6
19
18
21
25
10
24
5
16
13
-10
7
12
1
-1
8
5
-2
5
12
3
-2
-4
-7
-8
-12
-17
-6
-4
-5
3
11
3
7
15
20
3
-1
-19
-12
-3
0
12
0
-8
-2
-2
-1
-18
-13
5
-10
-2
-2
-14
-7
1
2
6
11
21
1
11
0
9
-2
-2
3
-9
-2
-10
-17
-22
-19
-20
-14
-14
-18
-23
-19
-17
-11
-15
4
-15
-28
-25
-13
0
-2
-2
2
1
-3
-11
-9
-6
-3
-9
-8
-11
-7
-15
-7
-6
-11
-18
-33
-18
-22
-44
-34
-36
-41
-25
-30
-28
-31
-35
-33
-18
-21
-37
-26
-35
-29
-27
-38
-21
-23
-29
-30
-26
-13
-25
-13
-16
-22
-14
-11
-19
-19
-11
-2
0
-11
-4
-3
0
3
2
-16
-5
7
25
14
3
5
10
10
16
16
10
5
-6
12
22
11
3
8
4
3
8
5
0
-3
7
15
22
7
6
16
26
16
16
6
-4
7
1
-6
-5
0
-1
-16
-11
-4
6
1
-19
-12
-6
-1
-17
-17
-23
-19
-1
-7
-18
-12
0
-17
-10
-26
-23
-19
-12
-11
-16
-15
-20
-10
-18
-2
-14
1
9
9
11
-6
7
-12
-8
-18
-14
-16
-21
-23
-19
-21
-19
-8
-18
-4
-6
-26
-8
-8
-29
-21
-17
-20
-21
-25
-22
-23
-11
-18
-14
-11
-20
-9
-17
-14
-11
-9
-24
12
3
-6
-4
-7
-9
-9
2
-10
-12
-9
8
-9
-18
5
-1
-6
-4
-6
-6
-2
-4
-7
12
-1
-3
0
-14
-4
-8
-5
-10
-20
-11
-17
-15
-16
-18
-28
-38
-31
-32
-38
-38
-28
-32
-35
-24
-24
-28
-26
-34
-25
-29
-8
-8
-16
-19
-20
-25
-28
-31
-29
-21
-18
-3
-24
-16
-25
-26
-14
-36
-23
-13
-7
-16
-18
-13
-13
-18
-11
-18
-26
-25
-24
-23
-34
-19
-32
-37
-29
-29
-37
-49
-23
-30
-27
-26
-28
-28
-48
-35
-35
-27
-39
-38
-32
-48
-31
-38
-10
-28
-20
-25
-35
-24
-27
-21
-46
-33
-43
-40
-45
-39
-34
-49
-33
-42
-38
-34
-32
-39
-37
-26
-29
-27
-35
-34
-32
-19
-27
-28
-21
-25
-21
-11
-9
-4
-8
-17
-20
-25
-18
-21
-9
-14
-30
-22
-28
-29
-21
-25
-21
-21
-38
-31
-22
-30
-16
-46
-24
-13
-30
-23
-24
-26
-34
-16
-33
-15
-12
-24
-16
-11
-8
-11
-22
-30
-25
-29
-39
-26
-10
-13
-10
-18
-12
-7
-5
-6
-6
-13
-29
-11
10
2
-16
-24
1
-6
-19
-3
5
-6
-6
-3
-12
-10
-24
-22
-21
-32
-20
-11
-12
-15
-16
-25
-27
-24
-20
-20
-14
-19
-21
-20
-24
-34
-30
-14
-16
-20
-33
-31
-44
-48
-53
-40
-34
-34
-28
-32
-29
-28
-34
-25
-27
-36
-32
-29
-20
-25
-27
-5
-23
-36
-9
-20
-19
-13
-15
-9
-10
-7
-7
-14
4
-3
-8
-8
-11
-4
-5
-6
-9
-12
-8
-13
-12
-4
-17
-3
-14
-10
-26
-16
-10
-11
-16
-8
-15
-28
-8
-15
-7
-28
-17
-30
-22
-18
-26
-24
-36
-32
-41
-29
-39
-34
-34
-39
-34
-32
-17
-29
-31
-19
-21
-41
-23
-15
-32
-23
-12
-28
-37
-35
-38
-28
-30
-30
-23
-17
-17
-11
-35
-24
-25
-22
-23
-21
-2
-11
-8
-1
-27
-23
-9
-10
-10
-7
-11
-13
-6
-6
-6
-13
-14
0
-16
-12
1
-10
6
-7
-1
1
-4
-4
-1
-7
5
-7
-4
4
-1
1
10
6
1
2
-2
-7
4
3
-2
7
-3
11
-5
1
5
1
4
-5
-3
-17
-11
-17
-19
-6
-21
-11
-21
-6
-21
-12
-4
-13
6
-2
-10
-9
9
-18
-5
-4
6
11
-12
-12
-8
-20
-14
-13
-30
-21
-31
-23
-23
-24
-12
-25
-2
-9
-17
-9
-13
4
-14
-25
-18
-21
-14
-30
-19
-10
-19
-3
-24
-30
-11
-5
-8
-8
0
-15
-1
-5
-8
-18
-19
-1
-5
4
-6
-10
-3
-3
0
-5
-9
2
1
6
-6
-6
-10
-11
0
-15
3
2
3
10
8
8
-3
18
-2
1
13
2
19
2
12
27
-9
0
7
17
12
7
-1
-7
4
8
6
3
0
11
0
-6
-10
-8
-12
-1
-4
-7
13
2
-2
6
13
9
19
4
14
16
6
9
9
16
13
-4
-5
-11
-6
1
3
-4
-6
6
5
7
6
8
-4
19
31
13
21
24
24
21
6
11
19
23
25
29
37
26
34
12
6
15
-3
13
20
5
22
16
10
16
2
6
15
22
3
14
7
-3
6
12
9
1
9
0
7
-12
0
-3
12
7
-4
4
8
6
8
2
18
16
3
17
19
6
1
8
13
9
4
11
15
8
11
7
14
15
2
7
-6
0
16
12
21
6
15
11
9
12
-3
6
-4
1
4
2
5
1
-7
-1
9
3
10
16
6
16
5
6
16
14
23
23
14
14
13
16
19
23
26
28
27
27
35
23
28
28
26
39
13
23
22
10
33
15
14
11
9
8
-1
3
5
-4
24
20
13
19
15
17
23
35
18
16
16
15
18
26
12
0
16
17
8
4
2
-7
-12
-13
-4
6
12
7
4
7
-3
12
-1
-9
-8
1
-4
3
-2
-11
-24
-18
-2
-31
-14
-5
-16
-9
-1
-4
-7
-24
5
-6
0
-13
-21
-11
-4
-7
-9
-5
-9
-4
-13
-11
-7
1
-19
-2
-10
-9
-7
-16
-9
-8
-13
-22
-13
-24
-5
-13
-28
-23
-16
-12
-28
4
-10
1
8
-9
-9
-6
-11
-6
-10
-19
-13
-21
-8
-7
-5
-6
-14
-16
-16
-12
-7
1
2
-1
-10
-9
-5
-12
8
-1
-1
-8
1
-9
5
15
6
15
1
1
-1
15
17
-5
7
8
0
20
21
0
7
20
9
-1
2
0
9
4
-7
5
4
-15
-14
10
3
3
1
14
20
0
11
18
20
-2
12
8
-7
5
1
13
6
12
9
12
17
7
0
15
27
21
18
7
6
-5
0
1
6
16
2
8
10
2
15
18
12
-7
5
16
1
20
0
11
25
3
18
11
8
6
26
7
13
-2
-10
10
8
21
11
11
13
16
10
13
13
20
18
6
13
19
21
16
38
24
26
31
35
28
24
23
12
33
31
40
34
24
27
25
18
22
19
27
34
31
28
30
26
44
36
22
36
19
22
34
30
41
42
40
37
16
14
15
11
20
14
14
7
4
26
22
14
16
15
33
34
24
30
34
24
37
38
29
32
30
29
29
46
23
36
19
36
28
33
35
25
23
14
26
18
17
11
22
13
13
33
21
13
18
24
15
15
11
7
6
6
22
-13
-7
-10
-1
19
5
2
5
5
8
-7
-4
-7
-19
10
1
-1
5
-11
-5
-8
6
10
-6
-6
-1
9
18
9
-5
8
3
-3
11
0
6
10
1
25
15
16
13
1
9
11
19
5
20
2
13
17
-1
15
-8
-2
15
9
7
3
15
17
18
17
19
8
6
6
7
11
14
6
-7
1
-16
-6
-3
-2
8
-11
-10
7
8
9
-2
-5
-1
-8
-6
-8
-1
8
-9
0
5
-5
10
-8
-4
-5
15
5
9
7
-4
14
16
-4
9
3
2
15
1
23
17
6
7
10
6
6
-1
-5
13
11
-3
5
-2
-7
-16
-6
-17
-15
-12
-5
-10
-16
-17
-13
-13
-16
-10
-15
-9
-22
-25
-20
-5
-7
-6
-18
-13
-24
-15
-22
-40
-38
-36
-20
-19
-39
-30
-37
-49
-34
-33
-15
-24
-40
-41
-25
-17
-32
-40
-40
-28
-22
-9
-15
-32
-7
-11
-12
-18
-9
-10
-20
2
-15
-12
-9
-5
-16
-12
2
-11
2
-1
9
11
-1
-3
11
11
5
12
-6
0
-1
3
15
12
6
11
16
11
13
13
3
13
12
30
10
15
15
-6
16
13
7
12
19
6
13
26
19
19
19
15
11
9
0
4
18
5
5
6
24
24
20
-1
12
22
18
16
-2
6
-4
-1
-15
-1
-1
-15
-3
-6
-16
-20
6
-12
-8
-5
-12
-8
-13
0
4
1
4
-8
-11
-4
-4
-2
-7
-13
-25
-27
-33
-21
-17
-27
-10
-32
-30
-24
-13
-19
-37
-33
-36
-22
-24
-2
-15
-25
0
-2
-4
-21
-20
-19
-26
-25
-26
-8
-25
-14
-8
-3
-2
-14
-7
-18
-3
-9
-11
-11
-12
-6
-11
1
-15
-15
-3
-28
-9
-6
-11
-7
-18
-5
-3
-9
-7
-20
-20
-19
-25
-20
-18
-15
-4
-20
-25
-13
-28
-35
-36
-33
-27
-24
-31
-34
-26
-21
-20
-18
-26
-28
-32
-20
-23
-26
-8
-16
-25
-20
-24
-29
-16
-31
-11
-19
-12
-18
-9
-21
-27
-26
-33
-25
-26
-28
-43
-31
-48
-33
-21
-24
-30
-20
-28
-24
-18
-20
-17
-23
-28
-15
-12
-26
-26
-18
-23
-28
-19
-8
-11
-16
-15
-16
-24
-24
-18
-36
-10
-13
-15
-2
-10
-18
2
-2
-11
-3
1
7
-13
-12
-23
-13
-5
-22
-11
3
-8
-9
-20
-10
5
7
-10
-9
-15
-17
1
-3
-2
-8
2
-5
-5
8
-6
1
-3
-3
2
-8
-34
-35
-15
-12
-7
-23
-18
-7
-16
-9
-3
-8
-8
-5
-4
4
-17
-28
-17
-6
-6
-22
-9
-20
-20
-12
-29
-21
-33
1
-16
-14
-15
-30
-10
-11
-22
-11
-15
-14
-7
-25
7
4
17
10
-1
0
16
8
6
8
11
22
16
19
24
21
23
23
9
4
11
16
12
8
19
23
20
28
-1
-6
3
10
1
-2
5
-7
14
13
10
12
7
12
1
3
-6
-19
-14
-2
1
-4
-14
-19
-16
-16
-21
-11
-8
-18
-16
-14
-12
-20
-38
-17
-20
-10
-11
-27
-19
-24
-27
-18
-29
-27
-26
-13
-9
-20
-17
-22
-3
-28
-19
-13
-12
-9
-2
-14
-21
-7
-33
-15
-15
-14
-27
-17
-7
-20
-16
-25
-29
-38
-23
-12
-24
-12
-4
-12
-19
-25
-18
-11
0
0
-2
-5
-5
-8
-16
-3
10
-4
-3
-13
1
-2
-17
-8
-1
-4
-1
0
-8
13
-3
-18
-15
0
-14
-6
3
-5
-1
-15
-12
0
-12
-13
0
9
-11
-7
0
-6
-6
-4
8
3
9
17
9
17
20
17
12
10
6
-2
17
19
3
4
-6
0
32
18
17
13
21
19
23
25
20
32
16
3
9
11
2
12
28
12
13
20
17
28
27
21
17
24
13
1
22
26
16
19
27
26
25
17
26
37
36
29
18
15
15
24
34
23
18
23
15
32
16
17
18
-1
19
19
27
18
12
18
11
10
-2
11
14
7
-1
-13
-12
-13
3
-7
10
2
8
9
1
13
-1
-2
-9
-8
3
-12
-28
-13
-23
-7
-2
-20
-13
2
-16
-3
-10
-18
2
-18
-1
7
11
2
-12
-10
-9
-6
-3
-21
-3
4
-3
-1
-13
-15
-7
-18
-21
0
6
-8
6
14
5
8
2
-8
-4
-3
5
-8
-1
-2
7
4
-3
2
1
-17
-11
-3
-6
4
-9
3
-7
-10
-11
-21
-11
-31
-42
-43
-55
-36
-25
-24
-23
-21
-32
-28
-24
-46
-33
-33
-42
-33
-36
-49
-57
-50
-59
-49
-38
-36
-35
-52
-47
-63
-38
-29
-42
-35
-52
-41
-37
-38
-37
-33
-42
-46
-41
-38
-27
-24
-25
-25
-23
-19
-22
-29
-4
-18
-29
-21
-18
-15
-37
-14
-15
-20
-15
-8
-11
-20
-9
-18
-20
-10
-22
-19
-6
-21
-13
-10
-21
-15
4
-1
-6
0
-7
-10
-9
7
5
-1
0
-3
-24
-8
-1
2
1
-6
9
-1
-14
-10
5
-3
-3
-2
-25
-10
-2
-11
-7
8
1
9
12
1
3
-4
-9
-16
-8
-3
1
0
-1
-20
3
17
-11
5
-3
-7
2
17
24
16
16
19
17
-1
26
26
12
23
11
31
22
21
21
26
17
32
22
17
26
18
36
24
29
38
39
14
38
45
45
54
56
48
31
49
44
53
53
63
64
56
53
68
49
53
58
66
49
55
51
56
53
40
57
37
51
28
58
46
36
53
43
26
41
53
51
45
52
35
44
36
32
30
15
20
28
42
30
21
37
46
18
-5
4
32
15
16
28
18
-13
-2
37
10
-1
-2
24
5
13
50
30
16
25
27
28
24
29
49
31
22
22
29
-2
0
23
27
27
14
38
27
27
19
3
11
8
13
18
11
17
40
30
21
33
27
36
40
48
41
55
48
34
61
64
37
24
25
26
37
24
25
54
41
27
34
38
29
2
26
28
32
32
36
24
42
62
15
21
21
27
38
22
28
28
29
31
18
52
22
8
59
17
31
28
21
32
22
21
23
14
-7
-15
-4
-15
-20
-22
-17
0
3
0
-3
-18
-10
-9
-18
7
8
9
-12
19
6
-3
27
11
-24
-6
1
-6
0
8
-15
-16
15
4
17
4
-1
-8
6
-3
6
-23
13
24
-7
19
-7
20
10
-7
33
-1
4
26
3
19
16
16
17
-3
31
4
-1
25
5
32
-17
-4
25
-7
7
29
9
-3
0
11
-12
16
2
-8
17
22
7
1
21
-1
16
20
-29
6
-38
10
27
-1
16
23
20
-27
14
30
-14
14
11
16
10
13
25
-24
4
-7
-3
6
10
30
-7
24
7
-1
45
18
31
10
27
25
-2
-7
-11
7
1
-6
21
6
-22
24
29
-31
-16
2
-23
-16
-3
5
-40
-14
19
11
22
37
62
12
60
57
10
40
34
20
19
47
-10
-8
18
-9
-17
-32
8
-11
-53
33
-7
-46
-2
28
11
-11
5
6
-15
-8
4
-12
-3
-3
12
-1
-15
21
4
-10
27
0
10
-2
9
23
37
-3
0
27
-15
20
10
0
13
11
-23
19
4
-13
25
9
-23
-2
17
-2
-1
5
37
-10
9
32
23
21
31
42
12
11
45
13
17
54
23
22
17
32
32
35
37
10
38
16
12
11
13
7
24
31
19
3
10
7
0
3
-2
12
-29
5
3
-23
15
19
-11
-2
-19
1
14
19
-32
8
23
-42
23
-1
-16
-3
-37
-1
13
-31
-26
-10
4
-22
-36
21
-40
-15
27
-24
-5
-30
-30
-29
-42
4
-19
-30
13
-30
-1
6
-12
2
7
-4
-14
-12
-36
-28
14
7
-22
-11
42
-8
-23
6
17
-12
0
5
12
-21
-20
-40
-31
-14
-17
2
-16
6
-54
-17
1
-28
11
41
13
-3
40
28
20
13
5
44
-11
-4
41
53
2
31
46
-6
3
2
18
-15
8
30
-7
-5
24
24
-10
-18
10
11
0
-17
14
41
-23
-13
49
-3
-9
46
17
-37
-49
29
-15
-32
17
22
-6
-30
9
33
-10
-37
38
49
-20
-3
43
-20
13
3
-5
26
-6
34
-21
6
20
15
-18
24
24
-70
50
23
-44
-13
-8
25
-41
7
43
-89
-9
20
-58
5
-8
-13
8
-68
52
-39
-34
51
-23
-26
15
2
-44
-29
-38
-39
-54
-41
-22
-42
-23
-35
-76
-13
-48
-77
3
-41
-80
-39
1
-67
-28
12
-30
-61
1
-52
-43
-38
-56
-19
-75
-46
-1
-48
-10
-24
-28
-23
-6
-21
-19
4
-22
-20
-25
-9
-58
-13
-35
-56
-23
-56
-40
-1
-71
12
-55
-36
-14
-44
-36
-58
-8
12
-59
22
4
-56
5
-15
-2
-47
-43
44
-56
-50
-6
-5
-59
-48
15
-73
-43
-25
-72
-28
-31
-82
41
-78
-32
11
-18
-1
3
-2
-37
28
-71
24
7
-50
59
15
-31
-11
-46
72
-76
0
9
-29
-10
0
22
8
-27
28
-14
-38
-5
-7
-7
-34
-49
-49
29
-47
-37
96
-94
-34
27
-38
-7
-86
2
-40
-82
-52
35
-28
-65
51
-8
-8
-11
-14
-4
-1
-46
-24
38
-70
-5
24
-82
20
-15
-21
41
-32
6
19
19
11
22
47
-54
2
13
-45
33
-9
-7
46
0
36
30
11
29
-23
49
-22
41
17
-3
26
-24
43
-23
37
21
-49
58
-14
14
31
-54
63
-36
-30
27
10
-36
74
-27
6
50
-22
27
26
26
-7
-6
37
14
2
3
-11
-15
41
-46
16
7
12
-26
1
61
-43
48
-21
51
-23
0
111
-64
-20
43
-1
-1
-8
17
42
-3
10
3
-19
-9
-17
15
-52
-87
33
-77
-48
25
9
-12
-22
68
1
-26
27
-12
26
23
16
69
50
-32
63
-13
-30
-17
-30
-29
-20
0
-39
76
5
-66
72
32
1
25
19
56
-25
49
58
-25
79
3
56
20
48
67
-9
37
66
33
19
-1
-12
17
-48
53
41
-72
32
-34
-26
-26
-12
-23
19
-34
-10
75
-49
48
-4
41
26
-15
79
-33
36
61
22
31
-6
10
-39
49
-40
-12
28
13
-33
32
56
-11
41
75
46
21
24
52
106
-28
10
80
-8
-27
65
4
-15
24
-24
15
7
-15
34
45
4
-20
44
-14
5
32
-6
83
23
-11
91
3
-15
86
51
16
79
93
-20
58
70
-23
-5
117
-54
16
24
-28
64
-112
66
29
-135
6
17
-90
-22
39
39
-59
39
29
-34
-55
37
31
-17
-22
-21
63
-49
-26
17
39
4
-2
-49
15
-13
-78
106
15
-94
70
-32
19
-17
17
3
37
-32
-19
73
-114
-43
20
-5
1
18
-5
7
35
-30
113
38
-18
43
-1
24
7
79
-38
89
5
-9
136
-24
-44
75
26
1
13
4
27
-70
-14
-13
0
-79
25
-37
-18
41
0
109
-54
111
35
-2
122
32
111
30
-15
100
34
-4
56
65
-26
33
-12
46
-3
-15
38
-20
31
-3
-49
59
-14
-63
49
32
34
-28
-52
39
-84
-18
149
-28
8
35
7
101
-9
-19
100
-39
43
66
-78
72
-12
-36
13
45
-33
2
69
-28
79
40
28
97
10
51
-29
59
9
-54
-22
26
-6
-52
-13
58
-96
-51
15
3
12
-5
43
-16
-14
-8
33
34
-111
47
13
4
11
30
100
-91
-14
9
11
31
-47
25
58
-66
51
56
-75
54
-11
44
-16
-59
101
-20
-32
49
-14
10
-23
-13
64
17
-42
102
107
-85
-18
84
8
-14
30
-15
1
-66
-35
72
-46
-95
76
-11
-119
51
-46
10
4
-87
89
54
-103
15
75
-36
-69
65
3
-25
-29
98
66
-42
27
-54
-19
-43
-22
88
12
-38
169
-18
-24
-17
-64
50
0
1
88
-48
-61
40
-6
-13
-38
-20
2
-41
30
-34
7
38
-79
53
-39
-64
-10
-34
8
-14
33
68
6
30
11
-13
42
61
43
6
49
27
5
17
-17
-35
-58
-47
-27
-65
-2
-128
-10
17
-95
54
-45
12
6
-12
56
32
-54
55
112
-22
9
17
-32
-134
18
58
-135
-62
-26
-143
-51
-2
-79
-14
-89
-66
36
-76
10
-45
-68
-24
38
-6
42
27
-76
31
-46
0
-4
-39
-43
-83
-45
-4
-3
-70
45
-14
-17
33
-35
26
-30
-47
42
-68
26
-7
-71
-15
-60
-78
51
-109
-113
-57
31
-14
-132
36
-141
-121
-42
-17
-64
-28
-19
-27
4
-4
-15
-12
-23
-12
98
28
9
12
-19
72
45
-69
62
-81
-88
55
-13
-26
-27
-54
-16
-29
-70
10
-45
-74
38
16
-21
84
-44
-23
35
-51
-46
15
-26
-34
37
24
-33
31
44
-5
51
-3
38
44
-29
4
-3
-62
26
-14
-78
-15
-80
-19
-44
-75
-3
-14
18
61
39
-41
-20
-86
-59
1
-109
7
-117
-39
-16
-119
-8
-71
-89
-14
-6
44
-2
-64
39
-42
-25
43
-28
-55
-40
-75
22
-23
-50
-18
7
14
22
19
-60
7
-39
-42
32
-30
-104
-5
-37
-53
-15
-51
-18
2
0
34
33
-61
-51
39
-22
-7
-3
25
-33
-49
32
-37
-95
-14
-17
-52
-28
-3
-14
-39
-54
-29
-45
-21
-6
-63
-46
-24
-46
-55
-41
-39
-55
8
39
-26
-49
8
-92
-130
-32
-79
-71
-85
-66
51
-86
13
59
-62
56
-23
17
-66
-45
8
-108
-49
-43
-45
-138
-100
-67
-89
-93
-49
-65
-94
-83
-43
-25
13
-26
-81
30
2
-76
4
-4
-81
-53
20
-33
-19
-16
-30
-29
-94
-48
-106
-96
-103
-86
-77
-115
-78
-109
-70
-77
-122
-58
-59
-63
-48
-16
-14
-49
16
11
-17
46
23
-33
-21
-38
-20
-50
-109
-63
-89
-108
-67
-76
-114
-96
-109
-125
-64
-78
-66
-67
-82
-100
-37
-8
-46
-91
-101
-92
-132
-52
-51
-66
-72
-51
-24
-65
-74
-9
-37
-36
-20
-49
-23
-39
-36
-16
26
26
-12
-35
-29
0
-7
-29
-7
-36
-121
-49
-30
-96
-85
-96
-149
-157
-98
-140
-178
-115
-133
-92
-99
-82
-73
-94
-38
-18
-27
-62
-31
-18
-15
33
40
-3
22
-21
-7
5
-6
-26
-33
2
-22
-36
-26
-86
-61
-74
-62
-19
-87
-88
-41
-63
-12
-42
-19
-1
-40
-17
15
20
-7
-23
25
38
6
18
-1
1
3
51
60
23
17
14
-9
17
33
34
23
-11
-5
-9
-44
-75
-18
-73
-114
-34
-54
-65
-79
-76
-50
-44
-4
-8
-33
-47
-24
-47
-18
12
-45
31
15
-44
-4
-3
-41
-38
5
-16
-50
-76
-84
-79
-114
-128
-115
-94
-111
-112
-111
-102
-94
-86
-84
-95
-117
-112
-50
-54
-42
-24
-31
-14
-23
-38
-35
-28
-50
-24
27
-20
-26
-2
-9
7
18
37
7
6
53
47
31
59
75
77
80
91
108
81
87
93
119
106
55
65
90
91
78
60
39
29
16
51
93
61
44
80
63
44
42
22
26
-3
21
18
-17
-49
-54
-55
-70
-91
-105
-106
-124
-139
-132
-146
-153
-184
-178
-186
-238
-235
-271
-284
-267
-253
-240
-262
-275
-258
-260
-233
-220
-202
-216
-196
-154
-144
-107
-99
-100
-87
-67
-44
-34
-33
-42
-36
18
57
77
82
107
127
121
159
218
220
260
316
373
419
459
492
515
577
620
704
744
781
812
879
932
972
980
1009
1012
931
908
851
805
721
570
463
353
228
134
-22
-158
-288
-438
-540
-604
-699
-778
-814
-881
-881
-870
-847
-839
-799
-726
-634
-540
-452
-368
-314
-195
-99
3
69
38
57
56
-4
-23
-108
-224
-293
-406
-504
-593
-744
-868
-972
-1034
-1094
-1148
-1198
-1247
-1242
-1219
-1153
-1094
-1026
-923
-808
-661
-510
-338
-147
42
252
454
637
829
984
1118
1289
1460
1625
1793
1912
2054
2209
2354
2471
2464
2381
2149
1976
1923
1784
1550
1200
839
549
233
-96
-431
-813
-1149
-1430
-1650
-1730
-1871
-2059
-2162
-2134
-2007
-1848
-1711
-1582
-1408
-1160
-828
-468
-173
108
363
645
987
1248
1421
1519
1569
1658
1731
1748
1647
1429
1231
1051
865
660
368
12
-305
-583
-853
-1147
-1499
-1813
-2007
-2130
-2185
-2247
-2349
-2368
-2316
-2168
-1979
-1792
-1639
-1435
-1161
-857
-583
-338
-132
57
300
495
693
761
792
873
944
974
964
915
800
730
673
628
563
477
435
468
517
556
645
708
866
1070
1320
1566
1685
1574
1361
1286
1320
1432
1355
1157
966
737
503
274
-4
-267
-523
-714
-815
-880
-1018
-1221
-1431
-1426
-1279
-1148
-1054
-1037
-979
-817
-595
-298
-41
135
309
495
723
905
1001
1019
1093
1183
1274
1298
1149
924
722
595
515
403
175
-104
-362
-560
-758
-1001
-1239
-1461
-1611
-1693
-1728
-1785
-1831
-1879
-1817
-1644
-1481
-1326
-1183
-1090
-964
-737
-494
-282
-141
-36
101
220
308
372
431
481
526
536
523
478
398
328
316
329
328
272
232
271
347
492
642
793
962
1184
1476
1823
2036
2071
1946
1807
1820
1929
1980
1853
1538
1249
974
669
393
67
-274
-599
-850
-978
-1117
-1389
-1616
-1753
-1721
-1604
-1493
-1451
-1376
-1280
-1040
-696
-360
-107
69
295
565
826
1058
1215
1313
1395
1473
1511
1475
1307
1092
949
823
712
466
117
-192
-498
-745
-929
-1180
-1414
-1696
-1862
-1916
-1995
-2054
-2100
-2132
-2001
-1834
-1672
-1465
-1350
-1168
-940
-684
-418
-283
-185
-12
184
339
438
472
471
468
471
491
470
378
287
233
205
174
88
-8
-45
-13
55
171
277
413
610
993
1322
1581
1844
1989
2029
1950
1965
2081
2228
2103
1921
1682
1388
1128
761
440
189
-117
-428
-727
-941
-1147
-1406
-1636
-1681
-1661
-1668
-1648
-1642
-1531
-1374
-1124
-805
-517
-330
-113
117
430
727
943
1114
1231
1300
1385
1364
1299
1197
1112
1024
880
708
452
182
-167
-483
-701
-870
-1043
-1333
-1592
-1771
-1960
-2048
-2063
-2064
-2054
-2028
-1956
-1747
-1586
-1424
-1237
-1044
-830
-640
-476
-289
-124
32
195
312
418
431
407
406
436
481
482
436
375
290
209
187
140
126
115
156
257
356
491
614
919
1209
1463
1706
1873
2032
1961
1889
1921
2054
2101
1961
1741
1489
1229
889
580
353
115
-192
-552
-754
-920
-1137
-1358
-1512
-1521
-1533
-1560
-1556
-1449
-1351
-1204
-995
-735
-510
-352
-140
84
361
633
809
952
1011
1072
1093
1091
1076
1045
982
864
738
554
352
133
-94
-339
-503
-695
-937
-1155
-1345
-1490
-1640
-1726
-1775
-1810
-1854
-1832
-1755
-1634
-1498
-1387
-1222
-1061
-963
-835
-661
-471
-275
-124
5
111
156
239
302
370
475
495
470
446
416
373
347
322
332
330
322
342
382
503
657
811
972
1118
1350
1632
1921
2220
2219
1972
1817
1836
2015
2082
1918
1651
1341
973
689
489
255
-49
-488
-757
-866
-1025
-1237
-1505
-1645
-1657
-1644
-1606
-1537
-1482
-1416
-1222
-934
-588
-436
-342
-151
99
456
728
909
1017
1010
1012
1103
1162
1159
1097
967
846
736
557
350
119
-104
-258
-416
-630
-897
-1152
-1348
-1463
-1557
-1617
-1667
-1779
-1873
-1867
-1729
-1605
-1514
-1404
-1285
-1148
-1018
-837
-626
-421
-228
-84
71
172
256
376
478
605
696
673
644
604
564
568
563
526
441
347
242
215
256
336
419
498
557
643
852
1122
1395
1689
1910
1852
1683
1676
1787
2002
2033
1881
1674
1393
1128
909
725
546
260
-122
-367
-520
-691
-929
-1176
-1356
-1412
-1489
-1542
-1539
-1539
-1495
-1378
-1171
-966
-871
-783
-577
-305
6
277
426
506
529
597
732
853
938
952
900
799
722
651
565
434
274
173
-12
-267
-563
-762
-868
-1012
-1138
-1307
-1505
-1685
-1775
-1740
-1659
-1609
-1595
-1552
-1468
-1286
-1114
-935
-718
-554
-404
-224
-44
137
287
403
534
627
646
624
609
648
648
647
587
433
281
200
184
196
222
226
219
237
344
533
715
933
1143
1452
1773
2101
2102
1913
1847
1914
2212
2304
2209
1936
1578
1243
1021
907
718
418
-126
-498
-675
-815
-988
-1312
-1584
-1801
-1936
-1946
-1858
-1780
-1749
-1637
-1486
-1232
-1054
-930
-665
-388
-8
303
478
590
629
692
889
1117
1283
1325
1198
1058
969
924
907
796
627
398
164
-82
-284
-501
-701
-905
-1103
-1221
-1381
-1511
-1610
-1644
-1605
-1589
-1568
-1519
-1459
-1339
-1155
-931
-751
-618
-529
-402
-221
25
223
366
421
427
451
490
564
639
646
594
530
431
396
347
329
322
303
305
296
333
435
557
701
842
1020
1307
1565
1774
2005
2034
1946
1906
1949
2166
2190
2029
1831
1578
1321
1101
876
655
356
-96
-387
-566
-708
-937
-1258
-1505
-1667
-1755
-1747
-1640
-1576
-1583
-1601
-1518
-1321
-1157
-975
-738
-488
-272
-102
86
226
307
455
644
829
941
945
919
892
838
856
883
792
641
459
315
153
-7
-150
-290
-500
-711
-873
-974
-1063
-1171
-1264
-1339
-1397
-1454
-1429
-1362
-1266
-1210
-1122
-1014
-910
-795
-663
-471
-296
-175
-83
11
116
226
320
434
521
539
528
541
562
603
639
628
630
615
604
629
662
696
734
761
830
899
1026
1179
1360
1532
1664
1740
1661
1553
1494
1579
1690
1672
1512
1244
1021
793
653
541
363
92
-275
-509
-625
-691
-833
-1016
-1214
-1413
-1512
-1484
-1390
-1326
-1321
-1362
-1352
-1254
-1094
-867
-643
-475
-324
-222
-98
38
181
352
491
627
720
759
770
777
787
820
817
765
695
581
460
345
256
158
22
-151
-346
-460
-562
-651
-747
-870
-1004
-1104
-1118
-1103
-1058
-1025
-1031
-1072
-1047
-950
-804
-668
-557
-467
-381
-272
-132
21
161
262
321
409
507
600
675
726
745
756
760
780
838
835
837
803
764
747
724
732
758
789
810
831
881
941
1031
1115
1179
1106
1028
992
1028
1101
1090
1000
838
662
527
437
347
275
97
-128
-280
-373
-445
-518
-619
-761
-891
-954
-929
-864
-817
-818
-850
-843
-785
-657
-501
-373
-295
-256
-224
-143
-49
48
120
135
135
160
190
248
257
225
216
181
153
156
167
152
96
15
-39
-64
-110
-172
-188
-202
-265
-336
-382
-410
-460
-495
-482
-480
-516
-538
-518
-522
-479
-422
-388
-346
-281
-214
-140
-55
13
88
168
253
324
393
456
484
499
504
490
502
483
458
431
400
340
307
272
248
243
213
200
200
193
187
212
264
314
335
394
467
484
509
528
536
553
555
582
602
591
568
512
453
394
373
341
284
202
129
76
21
-31
-89
-127
-175
-228
-233
-230
-225
-236
-277
-303
-316
-309
-316
-284
-273
-272
-291
-301
-264
-246
-241
-236
-227
-229
-208
-201
-148
-124
-105
-89
-96
-71
-37
-8
1
1
-17
-14
-6
19
45
60
48
19
13
11
15
13
3
-16
-27
-37
-73
-60
-54
-68
-68
-60
-32
-25
-29
-22
-16
0
11
14
35
57
54
80
89
111
101
124
143
130
143
155
182
168
179
171
157
161
120
110
113
91
89
75
50
54
36
46
51
53
76
76
90
102
110
122
187
239
260
301
310
337
397
434
454
463
449
453
471
467
459
433
383
332
306
287
255
208
139
105
29
-23
-50
-59
-97
-138
-177
-213
-197
-217
-211
-206
-196
-177
-187
-147
-110
-85
-62
-38
-34
-29
4
37
47
28
33
23
23
19
26
31
0
-16
-14
-18
-38
-50
-62
-74
-93
-128
-125
-133
-147
-151
-159
-151
-149
-125
-109
-92
-91
-70
-45
-43
10
35
73
68
74
102
111
117
130
125
136
106
93
71
42
14
13
-17
-56
-44
-49
-54
-68
-59
-35
-12
15
37
76
119
161
197
251
284
330
370
405
445
461
481
494
509
514
516
489
485
468
441
419
380
357
326
284
256
236
198
159
123
87
68
42
36
8
20
18
-35
-25
-31
-20
-20
-14
3
-5
-10
-25
-10
2
-10
1
7
-1
-15
-15
-32
-50
-40
-58
-67
-72
-105
-124
-155
-178
-199
-225
-249
-255
-263
-249
-227
-211
-197
-191
-185
-157
-116
-101
-71
-27
-9
-6
11
33
12
17
9
30
65
71
75
35
-1
-20
-15
-4
-4
0
-14
-22
-29
-21
-16
-17
-1
-16
-2
27
38
44
43
66
66
63
70
77
102
116
135
126
135
148
167
186
206
234
270
277
287
293
286
310
315
321
322
306
285
270
270
246
235
229
207
168
131
108
102
113
119
76
58
49
38
40
53
57
25
19
8
22
27
0
-9
-17
-41
-54
-75
-81
-90
-100
-112
-141
-136
-138
-154
-160
-144
-145
-130
-133
-128
-125
-114
-97
-104
-70
-74
-73
-84
-84
-84
-99
-74
-75
-81
-75
-54
-64
-47
-33
-36
-9
3
37
58
60
58
72
74
88
97
89
112
102
112
108
99
96
71
55
49
37
43
49
39
41
40
52
67
69
67
91
116
105
113
129
123
132
142
139
138
136
145
150
153
155
148
147
140
118
110
115
113
117
113
109
87
72
61
59
64
68
43
7
6
-15
-17
-26
-28
-27
-50
-62
-37
-41
-42
-22
-24
-4
1
-5
14
10
9
8
-3
-9
-16
-26
-38
-53
-56
-81
-96
-114
-127
-131
-144
-144
-145
-145
-149
-115
-120
-102
-72
-51
-30
-14
32
78
96
136
148
158
181
188
172
179
186
166
167
142
127
88
82
66
57
51
35
15
1
3
-5
13
5
23
23
28
32
48
61
55
72
91
104
110
121
133
156
184
204
190
222
221
225
256
242
254
246
227
233
230
201
188
173
150
113
101
71
18
18
-42
-61
-64
-85
-91
-109
-132
-148
-158
-155
-155
-166
-142
-139
-133
-113
-87
-68
-68
-56
-40
-43
-13
5
29
37
59
71
66
71
75
102
107
110
108
96
86
79
68
83
68
62
58
36
17
33
25
33
41
50
76
59
66
89
87
103
93
100
131
113
99
94
98
83
70
58
44
18
0
-2
2
-9
-20
-34
-60
-58
-42
-21
-5
17
28
49
73
102
137
176
201
260
296
313
338
348
347
358
358
317
323
284
234
204
160
132
80
45
16
-31
-60
-116
-150
-170
-175
-221
-240
-234
-227
-211
-213
-200
-183
-169
-171
-143
-114
-94
-81
-54
-20
-11
7
22
49
67
77
87
107
127
132
163
156
162
164
164
155
148
149
164
157
137
145
139
132
111
117
109
113
111
109
113
111
81
54
34
26
8
-1
-10
-36
-21
-25
-53
-63
-75
-79
-69
-78
-84
-73
-82
-84
-87
-70
-60
-55
-41
-30
-17
-8
31
43
68
98
113
134
157
160
184
191
199
199
215
212
203
202
169
146
134
121
80
53
38
11
-19
-46
-55
-76
-116
-128
-144
-156
-145
-136
-129
-141
-129
-125
-113
-121
-101
-86
-89
-78
-58
-59
-52
-45
-42
-19
-35
-14
-5
3
2
31
59
54
64
79
90
120
138
143
160
183
195
191
184
193
218
204
201
212
181
156
135
117
101
73
33
0
-18
-45
-66
-79
-124
-124
-135
-140
-122
-141
-122
-116
-105
-99
-83
-75
-46
-36
-28
-1
5
46
41
64
95
97
102
122
129
111
117
114
123
130
103
95
78
63
42
42
29
20
14
-1
-12
-12
-18
-32
-50
-38
-58
-83
-73
-61
-59
-61
-56
-62
-45
-49
-46
-33
-41
-45
-59
-60
-68
-58
-58
-68
-75
-85
-101
-113
-115
-118
-129
-104
-89
-72
-50
-43
-42
-13
25
63
105
127
171
180
217
260
275
297
316
328
333
340
314
305
275
229
197
143
126
91
54
12
-25
-64
-85
-102
-116
-105
-121
-121
-134
-134
-122
-97
-70
-42
-27
1
6
34
61
80
111
122
127
123
144
143
150
137
120
101
82
57
28
3
-30
-60
-81
-94
-117
-153
-174
-181
-202
-197
-190
-212
-190
-191
-178
-145
-138
-106
-90
-77
-52
-19
15
19
31
47
47
61
54
47
62
52
47
20
4
-13
-34
-42
-49
-62
-70
-86
-84
-68
-64
-55
-38
-28
-12
13
38
68
83
95
119
134
138
162
151
157
152
130
117
110
88
64
36
10
-25
-46
-66
-98
-121
-140
-127
-148
-139
-154
-122
-129
-125
-90
-96
-61
-59
-28
-11
12
10
30
62
65
81
95
96
74
70
58
53
58
38
-2
-25
-42
-77
-92
-97
-116
-150
-170
-188
-208
-196
-208
-211
-205
-209
-211
-198
-183
-158
-139
-120
-111
-94
-69
-48
-19
-14
-13
-3
-1
15
18
5
-6
0
-17
-31
-44
-54
-69
-63
-48
-58
-46
-49
-30
-32
3
24
57
72
82
108
121
128
143
147
154
143
135
134
109
92
83
52
11
-14
-44
-69
-77
-110
-131
-159
-186
-206
-223
-226
-226
-228
-236
-219
-191
-184
-173
-136
-122
-105
-98
-72
-52
-26
-15
-10
2
14
30
37
52
54
58
55
50
52
36
32
1
-1
-15
-30
-59
-58
-76
-97
-82
-102
-86
-97
-106
-102
-78
-63
-66
-30
-24
16
28
55
63
68
90
88
112
121
125
120
112
98
80
67
50
41
11
-10
-35
-50
-81
-76
-77
-98
-84
-67
-66
-47
-36
-17
5
26
45
85
116
116
146
159
156
144
137
127
114
99
77
53
31
-9
-24
-60
-103
-119
-145
-177
-196
-215
-213
-218
-247
-236
-249
-232
-221
-205
-189
-166
-143
-139
-117
-83
-46
-29
-11
3
17
22
24
31
34
26
36
14
-8
-3
-42
-58
-62
-81
-107
-117
-132
-154
-168
-178
-174
-180
-165
-161
-130
-105
-90
-67
-38
-2
19
41
56
85
92
118
138
151
154
154
155
128
136
106
89
81
57
34
3
-20
-33
-46
-54
-81
-69
-52
-65
-55
-53
-45
-54
-22
-9
13
28
38
60
44
53
39
36
46
45
30
27
-6
-30
-47
-94
-91
-107
-147
-147
-169
-184
-202
-224
-230
-228
-229
-233
-215
-206
-194
-186
-158
-133
-100
-82
-66
-43
-28
-9
-2
11
31
38
50
56
56
52
61
46
32
13
-7
-18
-40
-72
-91
-93
-118
-133
-152
-153
-171
-168
-169
-155
-141
-113
-102
-96
-46
-22
7
43
80
92
112
136
146
158
166
174
160
146
148
124
104
72
35
-1
-20
-44
-55
-70
-102
-115
-121
-129
-116
-113
-98
-93
-78
-70
-62
-48
-28
-23
-60
-92
-102
-105
-101
-55
-9
37
58
55
36
-3
-59
-105
-143
-163
-157
-187
-203
-239
-277
-292
-291
-328
-372
-373
-350
-313
-272
-219
-173
-129
-103
-83
-64
-52
-45
-57
-53
-45
-5
30
53
87
93
87
72
36
5
-20
-14
-8
-22
-19
-39
-64
-102
-120
-132
-157
-165
-147
-119
-119
-89
-57
-37
-33
-2
16
3
32
35
59
81
109
121
125
124
108
95
73
61
42
27
-4
-13
-26
-42
-74
-98
-111
-128
-149
-167
-155
-155
-134
-136
-106
-100
-87
-71
-61
-59
-69
-46
-24
2
30
35
20
33
35
33
26
26
9
-21
-11
-3
-30
-36
-51
-63
-82
-83
-85
-105
-103
-117
-121
-120
-93
-80
-87
-58
-48
-67
-67
-46
-17
12
7
52
42
40
63
54
36
43
72
63
79
50
50
35
25
14
-28
-16
-50
-40
-20
-51
-22
-32
-53
-54
-52
-61
-46
-32
-13
52
40
21
52
17
23
38
33
57
56
74
71
30
36
18
37
-5
22
-7
-26
-3
-67
-41
-64
-76
-67
-96
-102
-84
-131
-162
-146
-132
-176
-159
-147
-110
-147
-135
-102
-85
-111
-82
-48
-84
-43
-57
-8
-22
-24
-11
6
-6
29
7
8
-30
24
55
-8
19
-10
31
-21
3
22
1
13
-5
-18
-42
-44
1
-45
-16
2
-29
13
7
-22
-18
-35
-53
-20
-44
-48
4
-10
-30
14
3
-38
16
15
-38
20
71
57
52
66
91
92
40
112
116
75
106
132
81
82
78
65
35
30
30
8
18
-25
-44
-58
-65
-56
-36
-25
-61
-57
-21
-50
-77
-85
-54
-68
-40
-41
-56
-26
-86
-61
-111
-93
-91
-96
-50
-88
-64
-24
-64
-67
-68
-39
-15
-22
42
57
13
24
39
47
29
70
51
24
97
63
50
30
95
5
39
69
12
12
26
-5
11
-2
17
-13
1
45
-32
77
-34
13
52
12
64
28
79
68
55
47
55
66
58
46
62
41
50
59
50
39
49
54
32
38
59
43
21
43
68
10
54
87
24
31
27
42
16
36
35
20
43
34
-11
41
20
-8
28
23
32
-15
-35
-46
7
-11
-51
38
-13
-8
5
52
32
-36
33
-24
17
-37
-8
60
-7
15
0
-5
35
-66
-32
-9
-44
-38
-38
-64
-88
-9
-48
12
-39
-66
20
-40
-26
18
36
-25
41
67
50
12
6
31
15
52
59
35
23
49
51
74
19
31
72
2
60
37
22
-3
-37
-17
-5
27
35
56
34
-2
-15
-1
-8
-51
-24
24
31
-2
38
-70
-36
-67
-81
-4
-78
-22
-2
-47
-79
-6
3
-50
-29
-37
-35
-10
-98
-14
-30
-61
-12
-37
-42
-15
-28
-67
-5
9
-52
-26
25
-63
-39
-25
-53
-3
-22
33
30
16
52
-7
-20
2
-25
-23
23
4
6
20
25
-24
-15
-34
18
-53
-24
-9
-11
11
-106
8
-81
-64
-59
-89
-20
-107
-25
-27
16
-43
-14
69
-91
31
45
-37
-7
10
-31
-15
20
11
3
15
-15
-85
-2
-47
-12
-27
-46
17
-52
0
12
-14
0
-25
-49
59
-49
8
24
-61
11
-18
24
-21
-45
45
-73
-30
-20
-39
-50
-48
-19
-106
-56
-88
-47
-47
-94
-45
-103
-80
-88
-47
-58
-97
-29
-103
-81
-38
-60
-12
-50
18
0
-7
11
-31
31
-45
34
67
-31
46
7
31
1
10
27
44
41
-4
-11
-10
-82
-36
3
-14
7
47
-46
-20
3
-32
16
-41
-51
24
-24
-23
53
37
-13
-33
-3
-46
6
-1
-6
13
-59
-56
-41
-28
-38
-26
-37
-57
-34
-38
18
-42
-16
1
30
-35
41
52
-6
43
9
47
-20
-33
5
-20
-42
2
-15
-61
-48
-38
-83
-46
-48
-87
-115
-16
-59
-111
50
-71
-69
-36
-89
-118
-105
-90
-91
-68
-104
-47
-23
-88
-46
10
-82
-95
-27
-18
-22
13
-12
-13
-21
-22
74
62
13
61
62
52
28
5
45
25
26
-14
60
-10
-110
-26
-75
-74
-73
-58
-53
-90
-59
-59
-106
-90
-41
-51
-83
-65
-53
-25
-106
-32
41
1
31
-12
16
-11
-35
46
-24
-38
10
-138
-55
-30
-104
0
-45
-108
-26
-103
-112
-59
-8
-50
-65
-22
9
-43
20
13
-104
-36
-47
-49
-56
-11
-28
-32
-89
-101
-112
-119
-121
-129
-37
-130
-139
-39
-41
-89
-43
-23
-57
8
10
-15
-19
-56
-25
-33
18
-40
-51
-18
-46
-25
-41
-32
-87
-41
-51
-47
-62
-60
-56
-81
-27
-18
-24
-17
-2
-5
12
11
32
11
-17
-24
39
-6
-18
-21
16
-11
-30
30
-33
-27
-40
-63
-37
-94
-98
-26
-103
-87
-78
-117
-85
-141
-97
-53
-121
-87
-97
-61
-56
-24
-33
-144
-50
-86
-67
-26
-46
-33
-30
50
35
-5
32
93
3
5
47
-5
-22
-34
-10
-69
-115
-103
-136
-145
-216
-127
-115
-109
-160
-129
-74
-196
-86
-98
-125
16
-42
-54
24
-111
-34
62
61
22
71
54
-30
21
41
47
-39
34
26
21
5
55
-3
-31
-14
11
9
0
37
5
-33
-16
25
-42
63
-6
-15
86
29
34
42
25
-14
46
-17
75
-20
-32
54
-93
-12
-71
-19
69
-41
-24
-26
-94
-56
-90
-67
-12
-108
-53
-56
-72
-85
-59
12
-55
-90
-40
-70
-68
-72
14
21
-35
-15
56
53
-47
66
69
48
14
110
81
-2
33
-10
-46
-52
-73
-34
-52
-99
-22
-69
-53
-66
-108
-98
-82
-88
-79
-61
-76
-67
-36
-75
-78
-22
-17
4
22
-1
-21
1
-43
56
46
33
92
66
50
4
-19
-45
16
36
47
111
18
11
-8
-16
26
-20
-19
-5
-69
-115
-107
-61
-101
-93
-87
-19
-43
-71
0
-63
-111
-74
-90
-46
-68
-73
-18
-91
-86
-110
-58
-127
-125
44
-96
-116
24
-141
-57
-93
-66
-50
-74
-3
-37
-38
-113
-85
-143
-87
-66
-35
-49
-52
-24
-57
-98
-47
-113
-70
-5
-12
-36
-69
-64
-73
-89
-83
-1
8
-29
-31
-66
-92
-66
-80
-33
-46
-72
-96
-96
-114
-167
-119
-106
-108
-62
-15
-97
-59
-22
-132
-29
-32
-64
-2
-35
-31
-16
29
-31
-1
23
-37
9
-16
-51
-12
-24
-31
18
-45
-52
-73
-27
-79
-45
-49
-105
-69
-99
-26
-43
-82
-15
-31
-92
-33
11
-89
-67
-9
-16
-60
12
-31
-84
-48
-43
-49
-55
-38
-58
-21
-56
-55
-56
-69
-113
1
-13
-84
-35
-49
-103
-94
-45
-67
-50
-31
-33
8
-24
2
25
57
-9
76
113
56
51
36
14
26
62
32
57
62
14
-28
-10
-121
-91
-62
-124
-86
-67
-103
-95
-81
-105
-70
12
-74
-63
-23
-39
-52
-7
-37
-47
5
61
23
61
-49
-2
66
-42
26
28
55
18
-7
-38
-70
-76
-106
-90
-93
-58
-65
-82
-117
-172
-102
-69
-159
-95
-30
-124
-99
-114
-119
-70
-88
-74
-12
-114
-93
-33
-120
-103
-55
-33
-64
-43
-63
-56
-106
-139
-121
-101
-82
-70
-50
-49
-98
-70
-116
-173
-77
-117
-71
-70
-101
-47
-69
-80
-87
-38
6
-51
7
10
-20
-2
-33
12
23
-42
-3
-35
-33
-109
-117
-54
-144
-104
-94
-64
-126
-122
-96
-120
-46
-46
4
5
-25
30
-26
21
21
11
56
5
1
6
-35
13
4
-15
-17
-56
-44
-77
-68
-56
-71
-144
-102
-101
-164
-101
-86
-148
-128
-132
-149
-142
-99
-115
-121
-81
-116
-96
-72
-86
-34
-116
-92
-33
-100
-15
7
-47
-42
-62
-34
-40
-61
-22
-81
-37
-89
-68
-26
-74
-72
-70
-81
-43
-62
-23
-88
-76
-47
-80
-24
-60
-4
-5
-23
-28
45
-73
-24
45
26
-7
20
0
-62
-6
-83
-65
-65
-95
-156
-85
-116
-160
-88
-126
-135
-122
-111
-101
-50
-93
-66
-59
-42
-37
-51
25
-2
-9
-26
39
2
-23
77
59
1
49
23
3
-50
-12
-5
-34
-71
-72
-35
-67
-127
-111
-114
-128
-111
-133
-94
-53
-110
-77
-60
-141
-101
-76
-120
-73
-59
-132
-53
-129
-88
-25
-33
-68
-16
4
-54
3
-30
-66
-65
-1
-32
-52
-47
-30
-69
-74
-20
-72
-29
-22
-28
-20
-61
-15
-55
-39
27
-26
-17
30
-71
-84
-13
-44
-30
-11
18
0
0
-26
-74
-84
-91
-133
-81
-109
-92
-110
-140
-134
-184
-122
-92
-156
-123
-94
-140
-115
-117
-88
-101
-109
-46
-21
-48
-31
-22
-1
-1
21
11
22
-2
28
57
-39
-6
-14
-7
-21
-21
-29
-69
-103
-90
-94
-86
-56
-82
-68
-79
-58
-105
-97
-88
-85
-77
-52
-52
-45
-48
-60
-36
-32
-49
44
-68
-67
-26
-120
-60
-44
-78
-77
-10
-90
-105
-62
-56
-59
-93
-58
-25
-64
-74
-47
-78
-90
-68
-63
9
-2
-52
25
13
-36
-2
-28
-39
-54
-10
-39
-50
-31
-33
-51
-72
-59
-47
-81
-108
-83
-108
-121
-114
-119
-99
-104
-127
-127
-126
-135
-105
-72
-70
-25
-27
-21
-12
-16
-24
19
-17
-57
-12
-4
-28
-37
-57
-74
-78
-77
-61
-66
-101
-96
-46
-99
-110
-52
-52
-86
-50
-64
-84
-79
-75
-87
-126
-100
-91
-115
-61
-97
-98
-77
-79
-80
-70
-52
-57
-57
-64
-49
-90
-39
-61
-50
1
-21
-32
-38
-40
-49
-59
-51
-51
-36
-38
-64
-62
-31
-60
-72
-10
-36
-54
1
-25
-47
-46
-26
-7
-28
-7
-20
-8
-50
-55
-12
-73
-56
-44
-36
-52
-71
-60
-89
-90
-85
-104
-75
-56
-81
-38
-85
-78
-40
-53
-40
-47
-4
-26
-31
-21
-40
-14
1
18
19
13
-33
-32
-56
-70
-35
-60
-57
-65
-95
-96
-84
-133
-133
-92
-89
-79
-61
-80
-77
-54
-59
-29
-46
-14
6
-1
0
5
-11
-31
-33
-38
1
-1
-37
-40
-54
-70
-75
-77
-81
-73
-107
-119
-76
-111
-107
-80
-73
-95
-83
-57
-56
-75
-47
-16
-6
5
6
7
28
18
-3
29
-10
-2
43
-15
4
10
-17
-19
-33
-51
-73
-39
-59
-78
-60
-83
-100
-103
-109
-84
-77
-89
-94
-72
-79
-83
-38
-60
-45
-21
-48
-10
1
-5
-1
-16
-19
14
17
-28
-4
5
-22
-21
-12
-18
-28
3
-25
-55
-48
-46
-56
-63
-54
-84
-63
-61
-90
-78
-54
-55
-59
-56
-43
-33
0
5
-25
-3
-21
-19
3
-33
-33
-32
-46
-33
-36
-58
-69
-71
-83
-79
-70
-80
-70
-79
-96
-65
-60
-74
-47
-40
-56
-32
-29
-52
-35
-42
-34
-14
-18
-1
8
-13
-30
-23
-24
-13
4
-19
-32
-12
-23
-48
-42
-17
-37
-55
-34
-36
-52
-52
-64
-58
-79
-58
-36
-58
-47
-25
-39
-76
-65
-38
-45
-41
-34
-31
-41
-34
-37
-39
-36
-70
-44
-45
-57
-55
-49
-65
-65
-66
-88
-73
-68
-85
-72
-64
-73
-68
-54
-52
-53
-42
-37
-46
-31
-17
-30
-32
-22
13
2
0
16
30
33
21
22
14
9
-5
-1
-10
-13
-8
11
0
-3
-22
-45
-31
-52
-36
-31
-45
-42
-34
-43
-47
-44
-38
-23
-15
3
2
23
5
1
19
19
5
-16
21
31
19
5
-9
-6
-1
-4
-8
-2
-22
-12
6
-3
-31
-25
-6
-9
-1
-2
-18
-25
-5
-26
-11
-23
-38
-22
-37
-51
-27
-29
-49
-42
-36
-42
-42
-64
-52
-51
-58
-61
-58
-31
-37
-30
-39
-48
-54
-51
-26
-6
-27
-33
-40
-28
-10
-16
-9
-22
-16
-22
-14
0
-16
-11
12
-9
-14
-8
-16
-21
-20
-16
3
-11
-13
7
-3
-9
-7
-10
-26
-19
-6
-15
-30
-30
-16
-16
-11
-12
-9
-10
3
-15
-28
-14
8
2
-13
-9
-22
-4
-20
-24
-14
-24
-32
-15
-24
-28
-19
-22
-15
-18
-19
-19
-26
-44
-33
-31
-36
-22
-12
-9
-13
-24
-2
-6
-2
-5
-12
-14
-17
-16
-13
-18
-14
-22
-25
-18
-6
-17
-10
-29
-33
-42
-40
-27
-31
-21
-22
1
1
-14
-18
-9
-17
-14
-28
-24
-6
-19
-21
-34
-28
-18
-4
-15
-30
-16
-26
-29
-16
-23
-19
-19
-3
4
0
-17
-11
-18
-13
13
29
19
12
32
45
37
33
48
31
42
47
45
50
41
32
32
24
13
9
18
26
36
33
23
-1
-6
12
-18
-27
-15
-16
-17
-24
-21
-24
-38
-42
-33
-23
-27
-24
-24
-29
-24
-29
-4
-11
-24
-20
-29
-36
-44
-42
-34
-11
-15
-26
11
-8
-18
-27
-24
-13
-18
-13
-2
8
0
10
0
-13
-17
-10
-13
2
6
2
10
2
5
9
7
16
25
23
28
16
40
37
30
37
37
50
34
36
42
41
48
54
52
44
44
27
27
15
12
12
-1
9
7
3
16
-4
10
13
2
4
11
18
16
31
35
22
29
23
26
22
18
21
34
24
17
16
16
20
12
-1
-16
-16
-27
-21
-31
-36
-32
-25
-37
-53
-48
-49
-64
-41
-35
-45
-47
-41
-40
-34
-32
-49
-55
-64
-58
-52
-37
-29
-57
-40
-17
-33
-40
-45
-33
-47
-35
-15
-18
-10
-25
-4
5
0
12
9
-2
10
7
0
4
-6
9
-5
14
3
5
9
4
-3
-4
8
0
5
2
2
7
-4
-19
-3
-12
-5
4
-2
7
2
-4
-10
2
2
8
15
7
3
1
-6
-7
0
-23
-8
3
14
9
5
-6
-10
12
-7
-14
-5
-18
-21
-20
-36
-30
-31
-32
-42
-37
-25
-48
-46
-34
-42
-44
-52
-35
-46
-62
-55
-35
-43
-53
-49
-49
-46
-36
-25
-4
3
-8
5
10
17
4
-1
17
7
10
18
23
14
12
18
-6
2
-13
4
-2
4
7
15
29
16
19
36
38
43
61
47
48
47
56
58
61
63
61
67
48
47
42
25
38
32
38
36
30
20
31
42
24
22
7
15
25
23
29
28
28
23
23
5
17
19
12
16
22
42
43
44
31
39
45
41
25
23
21
17
25
16
24
24
16
33
25
22
11
-14
2
11
0
-7
14
11
5
5
-12
2
-1
-7
6
20
18
15
13
-7
16
17
13
20
20
26
40
51
43
34
44
44
41
47
46
49
47
50
58
63
51
62
69
61
64
70
69
62
51
59
83
68
71
91
82
63
66
63
52
61
37
25
50
49
38
19
7
9
-1
-4
-12
0
4
0
0
5
21
-1
2
-1
-11
-15
-14
7
-2
-15
-12
-13
2
3
5
7
8
5
5
20
13
11
-1
10
0
-1
2
2
5
14
-2
4
15
-1
11
3
10
9
-6
13
21
12
6
5
-6
17
22
5
14
12
12
-5
7
23
18
21
28
20
6
10
14
33
33
46
39
44
32
44
45
44
33
45
63
35
55
51
39
30
42
31
21
36
27
19
16
24
15
29
18
-6
7
2
8
-18
-16
-12
-22
-32
-30
-23
-29
-24
-31
-20
-33
-36
-33
-31
-24
-32
-26
-24
-13
-15
-8
-29
-34
-15
-15
-19
4
-8
-8
13
-15
-24
-20
-22
-10
-14
-23
-25
-20
-21
-14
-21
-31
-21
-28
-16
-10
-8
-3
-4
-11
-18
-22
-7
-9
3
6
0
6
4
6
-9
-6
-3
4
9
3
24
24
29
24
25
30
16
7
5
4
2
10
12
8
10
-4
1
3
10
15
17
6
11
17
5
14
21
21
9
29
24
11
4
-1
-3
5
9
-6
0
-20
-19
-16
-18
-31
-42
-53
-36
-43
-44
-39
-43
-31
-41
-31
-26
-17
-15
-11
-18
-4
-15
-6
5
-2
9
-10
1
9
-1
24
23
21
8
11
9
10
22
20
21
10
8
16
19
10
22
27
31
34
46
51
39
39
45
61
49
41
41
53
55
57
74
52
56
61
62
56
53
50
42
52
39
31
41
43
43
27
10
18
24
15
29
27
11
25
22
14
36
31
22
25
41
40
18
32
33
35
15
27
21
7
11
4
11
4
-5
-1
-12
-5
5
-10
-12
-18
-7
-10
-13
-15
-8
6
3
9
-15
8
-9
5
-2
0
-6
-7
19
10
15
4
20
15
27
19
-4
16
10
-1
5
-1
5
-3
-8
7
14
14
33
26
27
26
27
15
21
40
26
55
63
51
52
57
38
41
46
50
44
30
32
45
36
24
31
41
32
31
42
47
31
26
36
22
14
12
10
8
3
6
12
3
-5
-7
-17
-18
-11
-15
-31
-35
-27
-26
-36
-32
-39
-46
-21
-44
-37
-35
-53
-38
-34
-34
-47
-40
-22
-24
-25
-38
-44
-47
-37
-28
-28
-26
-20
-25
-6
-7
-13
4
5
16
-8
6
4
3
12
13
4
7
8
12
-5
-17
12
17
14
14
24
9
4
-1
11
1
1
3
19
-4
17
32
28
27
37
20
16
19
13
12
13
29
8
15
18
18
-5
2
-8
-19
5
-3
1
-1
9
-2
-1
-8
13
5
-2
11
-10
-10
-6
7
-2
5
0
-4
-6
-14
2
-9
-22
-12
-9
-4
-22
-12
-13
-30
-32
-44
-51
-43
-43
-54
-33
-40
-29
-30
-25
-14
-15
-18
-15
-20
-12
12
-6
-3
1
10
9
16
16
31
44
25
34
15
22
24
27
33
34
30
24
39
31
35
38
44
27
21
32
28
23
33
19
29
34
29
48
27
45
28
52
22
35
48
16
45
22
22
17
11
15
10
-12
8
13
5
4
-9
-14
-14
-5
8
-4
0
20
2
13
12
14
-4
11
9
12
8
6
20
4
12
1
22
4
11
7
-1
10
-16
-1
-8
-1
-24
-18
-20
-23
-11
-11
-31
-14
-18
-11
-18
-24
-8
-5
1
-1
10
13
22
5
6
12
14
18
21
27
32
50
42
63
59
51
51
46
53
37
36
51
49
49
34
31
46
21
24
37
36
26
20
16
12
25
12
9
4
5
5
5
7
6
9
14
8
6
1
4
4
-8
-6
-8
-2
-15
-2
-11
-11
-9
-31
-20
-28
-30
-32
-44
-48
-30
-13
-13
-33
-32
-34
-29
-50
-50
-38
-30
-34
-32
-28
-33
-47
-46
-23
-38
-30
-37
-35
-24
-28
-28
-24
-34
-27
-37
-26
-30
-38
-21
-33
-14
-18
-18
-21
-25
-20
-24
-31
-20
-16
-7
5
0
-8
-2
-1
-1
-7
6
-9
8
1
7
-7
-17
7
-22
-1
-2
-7
-8
-8
-12
-25
-8
-21
-10
-1
-22
-10
-14
-24
-15
-34
-20
-16
-45
-37
-23
-41
-22
-41
-50
-55
-68
-46
-65
-59
-70
-68
-63
-54
-67
-86
-73
-74
-73
-80
-73
-83
-85
-80
-70
-68
-67
-73
-59
-62
-72
-69
-47
-61
-66
-54
-59
-48
-64
-45
-48
-55
-55
-56
-55
-35
-25
-47
-46
-51
-49
-33
-34
-41
-44
-31
-28
-19
-3
-18
-21
-11
-11
6
-11
3
0
-6
16
25
16
17
27
17
20
11
25
12
27
30
6
14
16
11
26
25
12
11
11
24
-2
11
-3
17
20
4
10
9
-10
-3
6
-7
-8
-16
-2
-24
-20
-12
-29
-34
-29
-33
-33
-39
-38
-25
-36
-41
-30
-41
-29
-33
-30
-20
-34
-34
-32
-29
-22
-19
-19
-20
-25
-31
-3
9
7
-5
-12
-12
-7
-4
-7
-6
5
10
-4
4
9
8
13
9
-2
17
13
16
18
7
18
16
2
4
9
18
23
0
22
26
20
21
12
16
11
5
5
7
9
15
0
5
13
-9
-6
-9
-20
-20
-25
-33
-44
-22
-35
-20
-30
-33
-38
-41
-29
-33
-43
-33
-30
-40
-25
-25
-35
-39
-35
-40
-39
-32
-45
-28
-30
-47
-44
-43
-39
-59
-43
-31
-41
-40
-44
-45
-49
-49
-35
-58
-57
-49
-42
-56
-52
-42
-35
-26
-36
-26
-31
-33
-25
-24
-24
-7
3
7
-17
-14
0
4
15
3
6
3
-5
-10
-6
7
9
16
20
16
24
21
13
32
20
33
38
28
40
40
41
43
37
27
29
29
22
18
9
-1
9
3
-8
-8
-4
-3
-8
-12
-7
-23
-19
-15
-24
-5
-10
2
7
3
0
-3
9
4
-14
-8
6
-10
-7
-8
-15
-15
-20
-21
-27
-24
-23
-24
-28
-17
-10
-19
-13
-23
-12
-11
-17
-25
-29
2
4
-2
5
14
23
-5
9
12
22
26
18
40
30
24
35
24
29
31
36
32
38
31
24
27
36
33
26
44
30
38
39
60
55
52
65
68
66
58
64
80
72
68
56
52
56
39
56
31
42
24
25
54
14
38
31
27
25
17
17
22
28
19
13
13
26
13
15
24
5
18
21
20
46
25
16
23
12
24
26
12
5
12
9
-3
10
26
25
19
11
5
9
14
10
9
18
9
-1
0
-12
-3
14
5
13
22
29
24
33
18
33
38
42
43
32
35
31
50
37
51
50
48
44
55
41
30
24
22
17
18
24
26
33
19
18
7
13
15
17
12
21
9
-1
-7
-7
8
14
11
-7
15
8
-14
-4
14
7
8
0
-4
-8
-2
9
-13
-5
-3
-8
-5
-12
-7
-12
-1
-7
-10
-5
-7
-4
-34
-16
-18
-5
2
-5
-12
3
7
-5
12
1
10
-1
14
8
0
13
14
15
17
11
6
20
16
1
10
22
10
33
40
13
20
23
35
33
37
40
36
47
40
45
36
34
44
41
49
56
61
48
47
56
40
39
37
39
53
56
51
27
44
42
30
37
37
39
41
39
41
41
38
40
49
40
28
38
52
44
42
52
64
36
51
50
48
57
51
60
42
47
43
52
52
40
47
44
38
55
35
38
41
44
31
41
49
45
39
28
17
30
40
35
35
24
18
15
21
13
43
28
33
42
31
31
20
22
42
26
26
39
36
53
47
59
41
47
54
50
47
39
39
48
44
55
38
39
60
59
76
56
55
64
49
42
60
73
55
64
77
53
40
52
61
40
37
44
48
34
41
35
32
43
32
28
39
46
38
43
38
34
37
29
26
30
33
45
41
32
36
39
31
51
41
27
30
34
25
18
11
10
11
12
7
-10
1
13
-3
0
3
4
0
10
12
-1
0
-8
-1
-1
5
15
-3
13
23
5
12
15
13
11
14
18
10
21
29
24
12
16
16
-2
2
2
-1
9
-8
-4
9
-6
6
2
2
8
10
8
17
29
27
21
16
35
35
26
11
21
9
22
30
12
25
23
31
11
17
26
12
22
11
4
16
11
13
8
13
11
15
29
17
17
9
11
-6
7
11
20
22
18
11
18
26
8
16
17
24
12
9
15
4
13
17
9
9
-8
10
25
26
1
16
14
-1
1
8
31
10
16
15
8
12
23
23
15
24
32
31
39
31
31
29
17
36
30
28
29
21
37
21
29
27
25
32
34
33
26
28
31
32
20
31
22
27
18
30
36
8
18
27
26
33
25
15
18
28
29
24
38
20
20
22
14
31
30
31
27
47
26
10
23
22
32
32
42
35
48
57
35
45
43
52
31
37
35
26
29
40
43
37
34
39
36
41
46
28
18
21
36
21
32
33
34
44
41
43
37
31
39
39
46
31
28
44
49
49
42
62
44
70
38
27
52
42
48
50
48
35
33
42
61
28
30
41
39
50
48
52
54
48
37
24
46
63
35
45
45
31
50
41
34
35
24
23
19
24
12
21
25
21
21
31
43
26
22
27
14
6
-2
4
16
-2
13
17
2
10
8
-2
-5
31
1
-2
1
-2
0
-14
11
3
3
-3
-8
-4
-25
-10
-11
-11
-5
0
16
13
12
12
19
18
11
20
4
9
15
2
-1
11
-9
2
1
-13
2
1
10
2
3
4
16
14
16
27
16
26
23
14
14
12
29
23
34
31
15
30
33
33
38
31
29
25
35
22
38
31
12
12
19
17
28
32
7
12
18
23
19
36
22
22
20
34
29
26
39
25
22
34
25
25
17
27
25
18
20
0
10
22
22
23
28
5
4
10
12
24
12
19
12
15
16
10
9
25
22
25
23
14
10
13
30
20
23
28
36
29
31
36
29
41
41
38
33
32
29
22
27
39
47
32
36
32
34
38
43
26
31
31
32
22
20
30
21
20
34
45
12
27
23
18
33
32
37
36
36
38
52
40
43
37
48
25
36
34
34
38
25
46
27
43
31
36
30
24
28
27
27
34
26
18
15
34
28
27
12
21
33
20
17
15
13
0
17
17
5
32
37
27
29
21
15
19
27
24
27
30
28
28
33
24
37
29
35
27
21
20
30
50
32
24
9
20
39
22
16
26
26
9
8
26
5
9
18
13
20
16
1
13
3
3
2
-5
20
-8
-10
2
6
-6
3
11
6
1
-14
6
-5
-5
-9
5
-5
-12
-10
-8
6
2
-6
-17
-5
-16
-8
-1
-13
-15
-24
-1
-7
-24
-8
-3
-4
-12
-23
-13
-7
8
-13
0
5
-12
20
16
16
12
6
-1
-4
-1
4
-3
7
1
-7
-7
1
6
4
1
-3
5
3
0
8
1
4
7
15
13
-1
-3
2
25
20
16
16
16
16
10
13
6
14
13
-9
3
-9
-10
-6
13
8
-4
8
6
-10
-16
-17
-21
-20
-26
-8
-15
-25
-15
-28
-10
-18
-12
-10
-4
2
-3
-9
-4
10
-2
-2
5
17
-4
5
8
20
19
11
9
-2
-14
4
-5
-12
5
-4
-5
-8
-7
-2
7
0
12
4
8
14
11
14
0
10
29
22
24
14
11
34
20
22
20
25
32
30
26
12
23
11
4
13
12
36
22
21
27
28
28
26
31
42
31
38
39
35
52
38
32
24
28
39
28
39
23
34
33
52
35
40
34
30
37
28
33
33
25
38
37
35
34
30
32
34
32
24
19
42
40
50
56
50
52
42
60
50
60
46
33
43
34
33
42
48
30
23
32
40
45
32
30
35
38
53
56
45
35
48
50
47
60
67
65
68
67
68
59
67
64
57
59
49
49
49
44
34
50
50
51
52
52
58
48
53
57
57
51
48
47
50
53
42
34
47
55
27
37
38
45
44
27
36
45
32
52
37
26
41
32
41
39
26
32
39
35
40
29
47
38
38
43
40
53
35
37
43
43
33
31
46
43
38
56
65
70
70
48
70
56
55
64
61
59
44
47
46
56
39
64
55
45
55
59
75
57
57
55
48
43
40
41
32
40
51
43
50
47
27
37
35
50
32
22
18
27
47
28
25
29
31
18
10
13
22
20
12
11
6
10
12
-6
-3
8
12
9
8
17
26
17
8
-10
-1
-8
2
5
-9
7
-3
9
4
-2
-8
-16
9
-11
-7
2
9
6
-9
-10
14
12
-5
0
9
12
24
17
20
30
10
28
37
30
27
25
35
50
28
33
34
46
53
52
62
48
54
50
60
62
36
38
54
58
43
49
33
33
43
44
40
43
39
48
47
33
39
35
45
39
39
55
49
34
40
52
53
42
47
39
38
53
61
56
44
45
56
54
41
40
29
40
42
41
25
30
40
43
47
51
46
38
54
51
51
39
38
53
40
29
30
46
37
40
37
49
47
43
54
50
52
37
34
33
37
40
52
52
61
59
44
38
44
34
47
46
51
44
31
41
44
63
48
55
41
36
49
43
29
42
54
54
44
31
45
55
54
45
40
59
54
39
61
49
39
37
42
48
46
32
45
52
38
58
36
49
53
42
54
56
63
56
53
61
51
42
40
32
32
32
26
40
40
46
39
35
40
31
29
19
31
28
47
37
37
50
45
48
44
32
39
43
44
47
42
40
34
43
46
33
33
36
30
34
16
18
28
25
35
37
38
33
27
37
21
39
39
31
32
41
46
28
38
35
33
48
37
31
29
38
27
36
28
24
38
28
14
37
47
32
35
22
28
38
41
31
24
37
30
33
34
25
44
33
25
23
31
41
30
35
32
21
26
32
44
50
28
32
35
32
26
50
39
34
30
32
46
44
47
33
35
34
46
29
32
29
38
49
45
30
23
40
29
29
43
51
38
43
36
38
42
40
47
38
39
42
35
37
34
46
43
47
60
57
61
63
65
56
52
56
53
48
48
56
48
50
53
59
57
45
52
56
46
38
40
40
48
45
38
51
35
22
40
33
20
28
28
40
24
21
31
26
23
25
20
22
20
15
29
27
32
23
33
31
29
41
38
33
23
21
16
18
11
18
4
-1
19
16
7
-9
15
5
12
22
12
8
4
9
10
22
35
28
34
27
28
35
16
49
32
22
21
29
32
27
28
22
31
9
33
27
6
10
9
16
10
0
3
12
5
9
6
12
29
13
18
20
24
14
12
15
9
4
12
20
-7
-3
-2
-8
1
-6
-15
-8
-14
-4
-14
-9
-19
-27
-25
-27
-24
-20
-10
-32
-17
3
2
3
0
-4
0
8
12
18
7
14
13
7
9
10
2
7
-7
0
-8
-10
-17
-8
2
-20
8
-2
-11
2
-12
-12
-7
-11
-9
-8
-3
5
-7
6
-2
4
12
-4
9
0
-1
-8
4
6
-12
-22
-9
-16
-13
-3
9
-4
-14
-7
-7
-8
-9
-9
10
-4
-11
5
-5
6
13
-6
-2
-7
-21
-4
-2
-7
-2
-6
-14
-5
-18
-29
-23
-42
-32
-11
-16
-27
-31
-35
-23
-40
-31
-30
-34
-32
-48
-38
-48
-38
-23
-29
-26
-20
-18
-17
-27
-24
-26
-31
-22
-31
-17
-20
-27
-18
-28
-8
-9
-11
-8
0
16
-10
-16
-2
-19
-6
-7
-16
-21
-8
-13
1
-4
13
11
14
17
-7
-1
-8
9
2
4
0
29
13
4
0
3
17
7
11
19
23
0
7
-8
-5
6
10
16
10
5
0
-6
-11
10
6
-8
-9
-12
-8
-4
0
-11
-4
-2
-4
-1
10
-19
-2
-4
-25
-26
-26
-10
-19
-23
-31
-27
-15
-8
-19
-21
-21
-18
-28
-23
-44
-37
-39
-40
-33
-26
-35
-48
-24
-27
-13
-13
-18
-8
10
10
-7
1
-1
-8
-20
-11
-1
-26
-17
-15
-10
-13
-6
4
3
9
-6
-5
-7
2
1
4
9
-6
-3
6
9
14
18
12
6
14
23
19
17
18
10
22
11
12
18
19
32
8
12
10
19
9
15
21
11
8
12
0
-7
18
4
13
16
12
11
-2
-9
11
2
2
-1
16
8
-9
-13
-16
7
1
-5
3
-7
3
7
-12
-4
2
13
10
10
7
-2
1
-3
11
10
1
4
11
4
-4
-15
-22
-14
-10
6
-1
-12
11
1
12
16
12
5
6
7
-2
10
-1
2
3
-9
-11
0
6
3
3
-6
-5
1
7
12
13
12
-9
-5
-5
-10
-19
6
2
-15
-16
-9
-16
-33
-19
-31
-20
-31
-31
-16
-31
-26
-42
-27
-22
-32
-34
-37
-26
-33
-29
-35
-40
-26
-39
-31
-21
-33
-36
-41
-29
-30
-17
-45
-55
-28
-27
-30
-40
-35
-40
-34
-33
-40
-37
-26
-50
-41
-37
-41
-36
-49
-35
-43
-41
-48
-54
-45
-36
-53
-58
-32
-21
-33
-38
-36
-43
-45
-31
-20
-25
-33
-33
-11
-23
-26
-38
-51
-35
-23
-24
-35
-39
-24
-44
-25
-30
-33
-28
-34
-28
-44
-33
-29
-30
-28
-26
-29
-33
-34
-25
-24
-43
-38
-42
-17
-24
-36
-3
-26
-4
-17
-24
-35
-27
-23
-35
-33
-41
-45
-53
-36
-43
-33
-34
-45
-38
-38
-40
-34
-42
-31
-25
-30
-43
-32
-26
-41
-39
-34
-44
-29
-19
-39
-32
-28
-31
-21
-33
-25
-12
-34
-32
-20
-21
-28
-28
-22
-38
-43
-30
-27
-29
-32
-20
-37
-36
-15
-20
1
-3
-6
9
11
2
-2
-14
2
-11
-9
-2
-19
-3
-17
1
-19
-5
8
-19
-7
-13
-8
9
-10
-14
-3
-4
3
8
-5
14
9
-10
12
3
-5
8
-7
3
-7
-22
-6
-10
-18
-13
-9
-15
-17
-6
-22
-16
-20
-9
-3
-14
-11
-23
-32
-35
-26
-28
-28
-16
-25
-28
-21
-27
-16
-14
-8
-13
-8
-7
-18
-5
-11
-5
-6
-18
-19
-8
0
-11
-18
-9
-16
-15
-8
-21
-6
-2
8
-2
-3
-6
2
5
-3
-1
-1
2
-8
-9
4
3
4
-10
1
8
-3
1
-6
-2
-17
-13
-8
-22
-27
-19
-10
-17
-23
-25
-16
-19
-22
-1
-11
-8
-9
-13
3
8
-9
-19
-13
-24
-17
-8
-14
-25
-29
-26
-16
-18
-21
-17
-18
-15
-16
-18
-12
-11
-26
-24
-29
-25
-30
-17
-2
-17
0
-1
-19
-16
-17
-18
-23
-9
-23
-27
-29
-22
-19
-25
-14
-18
-22
-18
-9
-19
-23
-28
-35
-29
-24
-22
-26
-28
-22
-23
-30
-30
-34
-27
-33
-24
-24
-28
-16
-30
-33
-49
-44
-34
-23
-34
-55
-36
-33
-46
-41
-49
-38
-38
-49
-40
-38
-32
-32
-36
-41
-37
-36
-37
-33
-28
-38
-34
-38
-26
-48
-31
-35
-31
-35
-45
-37
-37
-32
-28
-21
-29
-25
-33
-19
-25
-36
-35
-38
-34
-24
-39
-24
-21
-36
-21
-29
-30
-26
-24
-31
-12
-12
-17
-11
-33
-27
-19
-24
-21
-35
-29
-31
-30
-19
-17
-14
-17
-23
-36
-11
-13
-14
-5
-10
-7
-20
-20
-26
-23
-24
-28
-16
-14
-20
-25
-19
-19
-24
-26
-18
-29
-39
-45
-32
-24
-20
-26
-24
-29
-26
-23
-17
-26
-30
-39
-40
-34
-44
-32
-25
-26
-37
-42
-43
-30
-31
-31
-27
-27
-17
-28
-32
-32
-26
-41
-39
-25
-50
-42
-35
-34
-37
-49
-40
-44
-37
-32
-37
-38
-40
-37
-42
-38
-42
-40
-48
-48
-39
-31
-30
-53
-42
-29
-32
-41
-22
-23
-28
-19
-24
-29
-14
-9
-5
-6
-25
-25
-7
-39
-25
-15
-25
-32
-24
-17
-23
-3
-14
-8
-10
0
-15
-10
0
1
6
5
0
-2
2
-9
-13
-10
-10
-31
-21
-26
-26
-10
-9
-23
-21
-12
-11
12
-7
2
5
-18
-23
-14
-3
-25
-8
-11
-10
-5
-4
1
-23
-8
-8
-6
-8
-3
14
-3
-6
-20
-3
-10
-8
-4
-8
0
-6
0
-4
-10
-7
-23
-31
-23
-20
-22
-9
-11
-12
2
-9
0
-6
-24
-13
2
1
-10
-5
-20
-15
-12
-16
-9
1
-10
-23
-8
-13
-12
-8
-10
-9
-7
-4
-6
6
-8
-2
2
-2
1
11
-2
8
14
5
2
3
7
1
17
8
-6
-4
-2
1
-8
-1
4
-6
6
1
-7
-9
-5
-2
3
-4
7
7
