70
84
92
74
80
92
89
90
83
80
89
78
80
73
90
69
76
89
83
99
84
91
81
82
97
92
67
79
58
75
72
73
79
63
92
76
71
74
85
71
75
75
79
72
72
57
59
83
71
77
61
87
70
68
89
69
75
68
60
79
81
83
75
77
80
64
71
73
74
85
80
86
80
70
78
74
88
84
74
95
85
85
82
84
79
77
84
92
89
102
107
87
98
103
90
95
81
95
94
91
88
76
89
80
71
67
88
81
88
84
72
81
75
70
85
71
73
82
70
75
66
81
75
73
67
55
73
60
58
71
51
64
62
64
64
70
90
66
76
56
75
73
74
83
84
78
72
79
80
86
82
91
86
84
88
87
90
94
84
78
86
78
66
80
72
86
71
62
60
58
68
64
70
70
66
64
74
72
73
68
86
89
66
96
85
76
75
69
63
61
70
71
65
72
91
72
85
76
76
78
73
64
74
96
97
98
97
89
79
81
92
81
83
69
66
67
65
77
76
87
79
83
88
79
89
99
89
100
78
84
98
89
94
85
94
115
99
98
73
76
93
78
82
92
105
98
99
87
100
97
91
91
83
92
88
100
99
83
92
85
82
87
89
90
85
93
96
86
87
83
97
100
88
90
89
97
101
107
98
94
103
90
102
107
84
94
105
95
92
90
86
89
86
85
75
83
81
75
85
77
71
79
82
74
87
70
91
93
72
76
86
86
83
74
72
79
77
85
75
78
77
81
72
76
82
89
106
97
106
98
100
102
111
106
102
84
82
107
103
103
84
85
114
90
103
117
114
115
107
109
106
102
100
114
94
100
121
96
102
98
99
115
102
101
99
92
101
97
89
95
98
106
100
107
94
79
88
84
88
97
79
99
82
57
76
71
88
90
72
81
94
89
98
86
95
80
88
96
87
81
80
68
84
87
91
108
99
93
99
107
100
92
87
94
96
98
115
92
83
103
109
103
100
99
96
102
100
109
116
116
98
101
98
100
102
99
105
98
101
93
88
87
89
86
83
76
67
78
79
84
82
88
67
78
78
83
76
91
76
80
91
78
90
74
94
72
77
75
79
74
80
86
83
84
85
83
82
73
71
92
65
74
58
84
86
65
76
70
63
57
71
58
66
61
66
59
77
80
77
79
61
69
73
66
70
73
70
68
53
70
64
59
66
71
58
70
83
78
81
88
76
75
95
79
66
69
68
57
65
73
64
58
52
54
55
61
58
54
47
39
58
35
38
55
42
48
46
60
67
57
64
53
42
57
43
42
45
26
40
47
51
44
57
56
46
46
40
45
43
38
43
45
35
50
46
36
43
44
44
44
42
55
43
36
40
32
49
46
25
24
39
38
36
18
25
31
37
34
41
54
34
39
32
22
40
27
42
35
31
31
35
44
26
34
38
44
37
37
46
53
42
49
55
57
42
50
64
60
78
79
66
61
66
65
55
63
68
61
50
53
75
60
56
69
44
55
56
50
56
52
34
44
50
52
59
49
68
64
69
80
84
82
74
65
81
99
87
74
81
78
80
79
80
84
80
85
71
93
80
75
64
68
76
62
73
68
81
73
67
84
83
85
75
60
68
65
70
75
78
59
63
56
49
55
46
52
47
39
35
56
51
31
39
35
40
38
29
23
34
41
41
41
44
47
43
55
58
61
47
46
45
46
56
43
50
40
37
35
44
55
50
46
43
42
51
45
36
46
30
45
38
41
53
40
39
50
58
37
39
37
29
35
25
39
38
33
35
24
44
31
43
31
40
40
33
39
40
45
35
37
38
30
28
41
28
23
42
43
39
32
23
25
23
26
25
11
22
20
29
34
28
33
27
39
32
40
27
35
31
38
40
16
39
41
47
34
40
39
39
38
35
40
22
31
44
51
29
18
34
37
19
45
55
50
61
45
35
38
47
41
47
26
32
31
35
36
43
43
38
52
38
35
36
35
51
38
28
32
21
29
29
39
57
48
43
37
31
48
37
30
45
42
28
39
48
45
42
44
63
55
47
46
57
54
54
53
36
39
36
57
47
36
53
37
40
47
50
52
62
68
55
54
63
58
54
56
42
36
47
54
34
35
30
22
41
36
41
38
41
30
30
29
31
40
25
24
26
28
19
26
37
38
31
24
30
28
23
28
31
22
19
30
28
31
24
26
37
42
38
29
34
34
40
43
44
54
42
26
41
30
35
41
37
41
39
47
37
38
37
43
28
33
26
28
44
29
23
25
22
44
35
30
25
21
31
25
28
21
16
15
29
31
21
26
25
23
21
23
32
36
32
43
31
24
29
10
18
8
10
27
24
25
32
29
11
27
24
20
18
31
16
22
42
22
30
9
7
2
15
18
29
13
9
17
19
10
11
29
15
20
22
21
25
5
18
20
18
24
-2
26
18
13
21
12
14
19
17
19
19
38
32
29
37
21
31
28
20
19
12
9
41
32
36
31
27
22
10
30
13
24
19
6
17
17
12
17
18
23
25
21
24
13
33
14
9
28
5
24
15
14
29
24
19
29
17
5
16
11
3
16
15
27
-3
7
7
3
22
9
13
17
4
3
4
0
0
-2
15
6
9
-11
2
17
1
21
6
-10
23
26
-3
6
10
-5
8
7
7
13
5
-1
-14
-10
2
15
16
17
15
25
26
7
25
29
22
34
31
28
18
24
17
13
13
24
25
15
20
7
6
15
22
16
18
17
10
18
7
14
16
-6
3
4
29
21
2
2
-3
-8
-3
-1
-13
-1
11
9
-4
3
18
22
-3
-9
-9
0
-4
-5
13
4
9
17
19
4
6
16
5
4
9
-6
-3
13
5
3
-3
3
-7
-3
-7
-1
-2
-10
-1
-1
3
9
-4
0
8
11
14
3
11
5
0
14
9
19
12
15
23
15
19
9
14
9
26
16
26
24
26
23
-7
23
16
25
24
18
37
20
1
22
21
18
23
23
14
16
22
36
25
20
25
24
17
6
1
15
18
-9
16
6
-2
8
3
-12
8
14
-3
22
7
-4
1
-12
-14
7
-4
-5
0
-4
3
-8
4
-5
3
-5
-3
10
6
13
-4
15
8
-12
-10
-18
-10
-1
-10
-7
0
-21
-23
-8
-6
-1
-2
-1
-5
-8
11
5
-11
-5
-4
-10
-10
-25
-26
-20
-6
-22
-32
-11
-9
-17
-9
-13
-16
-28
-11
-3
-16
-22
-21
-15
-25
-19
-26
-19
-25
-26
-28
-19
-15
-20
-13
-14
-20
-13
-32
-22
-19
-29
-19
-30
-26
-27
-18
-23
-32
-37
-26
-23
-32
-19
-19
-38
-21
-28
-27
-18
-32
-30
-35
-30
-26
-19
-25
-45
-40
-41
-42
-36
-39
-42
-34
-34
-34
-21
-33
-24
-22
-21
-13
-34
-13
-33
-41
-46
-44
-27
-26
-14
-18
-26
-30
-26
-15
-31
-45
-33
-20
-21
-21
-20
-12
-10
-26
-25
-18
-24
-4
-9
-19
-9
-9
-7
-9
-7
-10
-7
-20
7
6
9
-7
-8
-3
-8
3
-12
-3
-2
-4
7
5
5
-17
-3
-12
-17
3
-5
0
5
-2
-5
-8
-6
-8
-4
1
-5
2
-4
8
-9
-8
-7
-22
7
0
-1
-1
-2
2
3
-22
-9
7
-10
-14
-9
5
-5
4
-1
-13
-5
-1
-8
-9
-1
-4
-10
-16
1
5
3
-4
-14
-5
-7
-11
-6
6
5
19
14
9
27
15
16
11
9
18
8
5
3
4
11
5
6
17
20
15
4
3
9
-8
-2
2
4
16
-1
4
1
2
14
26
36
24
7
25
29
5
-1
11
16
8
-9
-5
-9
-14
-13
-18
-11
-14
-16
-1
7
-1
-11
-1
-4
-8
-6
-20
-8
-14
-2
-9
-6
6
-30
-20
-21
-24
-17
-17
-22
-16
-21
-32
-35
-20
-32
-38
-30
-16
-17
-24
-38
-31
-35
-42
-38
-44
-39
-56
-32
-39
-49
-30
-36
-25
-36
-18
-38
-38
-14
-30
-27
-21
-24
-27
-38
-33
-22
-30
-22
-33
-20
-35
-46
-30
-40
-29
-34
-27
-23
-15
-18
-35
-26
-30
-22
-29
-34
-28
-28
-33
-22
-29
-24
-20
-34
-36
-20
-28
-36
-26
-39
-21
-31
-25
-8
-27
-37
-21
-31
-34
-30
-35
-39
-36
-34
-36
-36
-53
-40
-42
-54
-56
-57
-64
-38
-33
-42
-28
-47
-22
-19
-27
-22
-25
-38
-38
-24
-12
-32
-41
-16
-9
-19
-25
-24
-26
-38
-34
-27
-25
-24
-35
-24
-30
-41
-37
-47
-13
-30
-22
-35
-26
-27
-17
-24
-30
-24
-24
-18
-21
-14
-33
-10
-23
-23
-19
-19
-21
-38
-29
-25
-39
-53
-55
-51
-46
-54
-42
-43
-55
-51
-51
-50
-42
-49
-61
-63
-67
-60
-45
-41
-32
-30
-25
-29
-39
-41
-43
-30
-20
-36
-38
-40
-23
-27
-42
-25
-38
-31
-43
-42
-18
-25
-16
-26
-25
-23
-27
-29
-16
-14
-26
-26
-14
-13
-16
-18
-22
-11
-3
-33
-17
-3
-11
-16
-13
-9
-14
-16
-20
-18
-20
-16
-22
-17
-10
-8
-19
-17
-14
-28
-28
-26
-12
-28
-27
-23
-28
-22
-18
-10
-27
-23
-29
-18
-29
-18
-15
-28
-23
-29
-24
-42
-31
-37
-35
-40
-37
-38
-36
-25
-44
-41
-17
-26
-42
-24
-31
-23
-38
-31
-24
-39
-34
-36
-49
-53
-40
-40
-37
-59
-49
-42
-51
-55
-53
-39
-42
-46
-48
-38
-36
-36
-46
-39
-44
-44
-38
-42
-28
-59
-56
-44
-50
-61
-59
-44
-48
-51
-54
-44
-47
-54
-39
-29
-35
-32
-25
-27
-10
-21
-14
-16
-26
-16
-24
-3
-19
-4
-17
-20
-16
-20
-15
-17
-10
1
-24
-20
-31
-36
-15
-47
-21
-12
-23
-27
-35
-22
-23
-30
-24
-15
-25
-17
-16
-12
-14
-16
-7
-2
-13
-12
0
-5
-13
-8
-5
-8
-14
-2
-4
-8
-18
-17
-5
-19
-16
-18
-4
-19
-18
-5
-18
-2
-9
-7
-3
1
-1
-2
-8
-17
-14
-13
-15
-13
-6
-15
-11
-19
-19
-22
-21
-14
-12
-12
-15
-22
-16
-14
-29
-25
-29
-42
-33
-37
-38
-23
-20
-34
-43
-35
-28
-10
-20
-32
-19
-38
-29
-39
-47
-45
-41
-33
-37
-48
-39
-51
-51
-27
-39
-55
-45
-38
-50
-61
-61
-48
-43
-37
-40
-53
-49
-40
-36
-48
-45
-50
-59
-58
-51
-52
-44
-55
-58
-49
-61
-46
-40
-50
-56
-42
-38
-32
-55
-45
-49
-52
-34
-54
-43
-41
-54
-58
-40
-43
-56
-49
-43
-49
-32
-34
-33
-33
-49
-46
-58
-53
-50
-47
-36
-34
-41
-61
-61
-46
-42
-47
-41
-45
-43
-46
-55
-40
-36
-47
-44
-46
-59
-48
-58
-55
-46
-55
-48
-59
-63
-58
-72
-68
-53
-70
-59
-57
-65
-62
-41
-49
-62
-44
-61
-48
-55
-47
-52
-67
-51
-55
-50
-62
-55
-50
-49
-62
-48
-45
-68
-63
-63
-56
-54
-62
-53
-56
-51
-47
-55
-54
-54
-49
-52
-49
-51
-53
-65
-59
-53
-55
-61
-60
-56
-50
-46
-67
-68
-54
-63
-53
-45
-28
-45
-68
-46
-44
-47
-40
-44
-42
-44
-33
-47
-60
-58
-39
-45
-46
-52
-58
-48
-54
-57
-58
-40
-50
-65
-58
-62
-56
-54
-67
-61
-66
-65
-71
-74
-73
-80
-62
-70
-72
-62
-78
-71
-77
-86
-92
-89
-79
-98
-95
-96
-96
-89
-87
-109
-94
-84
-69
-80
-91
-75
-97
-83
-89
-92
-73
-92
-78
-74
-68
-86
-81
-82
-89
-79
-81
-91
-102
-97
-81
-87
-90
-85
-90
-87
-97
-89
-97
-92
-102
-107
-108
-118
-93
-97
-101
-92
-117
-114
-116
-118
-117
-110
-113
-129
-112
-112
-103
-89
-92
-107
-93
-88
-92
-88
-107
-106
-84
-95
-95
-83
-75
-67
-78
-79
-77
-85
-86
-79
-80
-69
-78
-68
-70
-77
-68
-70
-74
-63
-66
-64
-64
-67
-58
-53
-56
-64
-60
-61
-62
-59
-60
-63
-78
-73
-60
-84
-79
-61
-81
-66
-68
-67
-77
-81
-63
-60
-69
-67
-80
-80
-70
-71
-77
-72
-75
-80
-67
-79
-56
-58
-59
-70
-58
-53
-64
-54
-55
-53
-30
-38
-49
-46
-45
-49
-52
-47
-43
-49
-50
-58
-51
-35
-40
-48
-55
-48
-44
-53
-43
-48
-34
-25
-35
-25
-25
-33
-22
-21
-34
-33
-34
-33
-40
-33
-35
-36
-39
-37
-37
-30
-39
-46
-42
-46
-45
-63
-48
-63
-59
-38
-49
-53
-55
-56
-55
-40
-33
-38
-39
-33
-51
-36
-25
-41
-54
-30
-24
-44
-28
-37
-37
-24
-39
-28
-30
-40
-37
-43
-39
-35
-24
-37
-49
-43
-58
-51
-42
-40
-42
-44
-43
-45
-43
-51
-54
-48
-53
-58
-52
-66
-59
-59
-53
-38
-46
-44
-60
-59
-42
-52
-58
-48
-53
-66
-55
-56
-58
-60
-42
-51
-57
-52
-53
-43
-56
-49
-46
-51
-42
-40
-43
-33
-40
-44
-32
-35
-47
-51
-48
-23
-33
-37
-29
-40
-36
-36
-48
-53
-53
-54
-51
-56
-55
-51
-62
-54
-51
-44
-51
-51
-54
-46
-44
-58
-38
-46
-38
-31
-42
-56
-50
-42
-30
-29
-37
-40
-37
-28
-14
-21
-23
-12
-23
-24
-30
-44
-38
-26
-32
-44
-47
-45
-34
-46
-49
-40
-42
-46
-32
-36
-38
-45
-31
-42
-32
-47
-40
-39
-38
-49
-55
-54
-57
-20
-57
-49
-33
-39
-44
-45
-49
-39
-46
-61
-33
-48
-48
-44
-54
-48
-49
-44
-47
-62
-58
-46
-40
-46
-54
-49
-36
-50
-46
-37
-48
-45
-35
-31
-28
-25
-23
-44
-30
-36
-42
-23
-33
-40
-33
-30
-29
-41
-15
-25
-28
-29
-27
-23
-26
-37
-34
-26
-33
-17
-15
-22
-9
0
-18
-19
-7
-9
-20
-25
-17
-23
-25
-29
-34
-26
-35
-30
-37
-20
-25
-22
-20
-40
-30
-19
-19
-31
-20
-25
-13
-30
-18
-20
-15
-12
-13
-13
-18
-14
-12
-1
-9
2
4
-12
-22
-30
-21
-1
-17
-16
6
-11
-10
-22
-24
-12
-19
-24
-11
-16
-3
-17
-14
-5
-8
5
-9
-19
-21
-29
-22
-11
-11
0
-8
-31
-33
-15
-34
-20
-14
-11
-12
-27
-24
-37
-14
-2
-10
1
-17
-10
-11
-2
2
-16
-1
-12
-13
-18
-22
-29
-17
-8
-14
-15
-22
-8
-11
-6
-7
-8
-20
-24
-8
-20
-18
-13
-16
-1
-16
-13
-16
-10
-7
-16
-20
-11
-19
-21
3
-18
-9
-4
-3
6
-18
-12
-11
-11
2
1
18
10
-8
-10
-26
0
-9
6
-11
-5
6
-4
22
-5
10
11
8
10
15
17
12
8
25
24
18
11
0
11
19
11
8
13
10
4
13
-1
13
2
-1
-4
-2
-4
-14
-4
-15
-7
-4
-4
3
3
2
-6
8
1
-10
7
5
4
12
6
23
-3
6
2
-9
-7
-20
-9
-8
3
-4
-8
-3
-14
-1
-9
-13
0
0
-7
-8
-5
-15
-1
-9
-17
-11
-16
-17
-4
-24
-18
-13
-11
-7
-5
-9
-7
-1
-13
-9
8
3
4
10
9
11
9
15
12
16
12
24
18
8
18
11
17
17
14
23
34
20
6
14
26
22
25
25
27
24
26
23
41
31
24
31
10
13
11
8
18
14
32
26
18
8
14
12
14
7
10
11
5
9
7
16
4
2
-5
10
12
23
1
9
13
13
24
21
7
0
14
-5
5
-12
-8
-8
1
5
-11
-15
-9
2
-2
0
5
3
8
8
3
7
4
6
-12
-1
-2
-14
-2
-5
-3
14
-4
-6
-3
3
-6
-12
-4
12
1
-6
-5
-18
-9
2
-2
-1
9
-2
6
2
0
0
-2
17
0
4
3
12
24
-10
16
8
4
14
16
29
20
17
16
24
20
17
30
32
24
38
21
15
30
28
15
15
23
24
30
6
25
16
24
30
34
39
28
23
12
24
26
25
39
40
33
30
16
24
35
19
24
22
18
29
14
12
13
19
32
19
11
14
11
4
9
12
1
5
9
14
7
7
5
7
17
13
1
-8
-4
0
-5
-12
-12
-13
-8
-15
-9
-3
9
-6
6
10
12
15
-17
7
-7
-1
18
-11
-4
-13
-8
-16
-13
-2
-9
-2
-9
3
0
-17
-12
-1
-7
-2
5
-1
14
20
6
13
1
-13
1
15
-1
14
5
16
30
17
19
6
15
14
9
11
3
15
31
15
14
22
13
20
18
21
13
6
25
11
26
28
21
25
25
31
27
30
36
40
33
33
38
27
28
27
11
41
16
4
20
-2
28
26
4
7
12
20
12
14
24
34
35
31
28
27
38
37
48
38
32
33
40
29
32
19
28
41
25
30
33
24
21
36
37
31
36
28
44
29
28
26
33
28
23
38
22
13
13
20
24
5
8
20
10
34
17
18
10
15
16
9
18
17
19
21
14
6
10
7
16
10
0
16
20
12
-9
3
14
-1
2
10
11
3
9
7
-3
9
3
-5
14
6
1
-6
1
-2
4
1
1
23
13
6
-2
-6
0
1
8
12
22
9
3
2
9
9
7
11
-1
7
3
6
11
-10
-9
1
14
12
8
10
1
19
17
12
9
19
15
12
29
21
21
29
23
3
13
10
15
16
1
0
6
-8
-10
14
10
14
5
21
6
7
7
-2
3
0
16
19
8
15
-2
7
27
8
15
12
21
27
16
28
13
15
33
27
29
27
34
21
25
36
30
27
49
56
36
23
40
37
24
39
30
41
18
23
30
24
18
28
23
23
33
30
27
34
37
41
32
30
31
27
33
31
39
39
43
40
47
45
34
18
25
30
52
22
22
38
39
42
33
47
48
56
42
47
52
57
54
51
61
53
49
46
50
63
60
58
63
56
44
26
38
24
34
43
52
42
37
64
48
75
60
63
55
59
59
47
44
45
54
69
60
68
72
70
64
55
68
51
62
61
44
58
62
66
53
57
58
70
62
67
68
66
66
52
66
59
58
67
58
65
60
52
57
42
52
65
68
53
53
61
58
58
37
43
53
49
57
51
44
47
52
55
66
69
60
49
52
49
43
58
43
36
45
32
47
48
54
50
51
43
34
51
48
51
38
34
34
53
40
34
44
33
29
41
41
40
29
32
39
39
46
26
30
25
21
30
24
26
25
36
28
34
35
34
26
14
25
27
11
19
16
20
17
35
11
25
32
21
29
0
22
27
22
19
25
17
17
21
21
2
5
20
14
31
8
35
14
29
29
6
19
23
25
27
32
20
16
10
18
10
12
18
25
28
20
15
25
10
18
27
26
19
19
24
25
26
14
29
26
39
28
36
37
24
34
32
30
31
31
29
21
12
27
28
26
36
28
33
32
21
46
61
45
60
66
53
49
54
67
51
53
61
51
43
61
46
46
51
43
34
38
45
36
61
42
45
59
37
47
39
56
59
40
41
41
50
51
59
58
60
62
61
56
62
58
47
47
56
53
60
58
39
46
31
53
33
45
43
30
49
28
39
49
58
47
63
62
67
71
66
74
69
63
47
60
68
54
60
63
56
62
58
54
63
55
60
61
58
60
56
56
52
36
54
44
41
48
46
58
45
54
32
44
44
39
48
36
43
40
36
32
53
52
42
41
39
38
49
47
31
27
23
36
63
47
50
49
53
55
35
43
49
44
36
34
29
27
22
32
40
23
21
28
29
39
22
19
36
32
25
38
36
40
42
35
34
46
44
30
29
33
27
33
53
45
41
31
28
41
39
32
27
36
56
52
32
29
37
36
43
36
37
52
54
30
39
41
44
57
48
37
25
35
42
44
39
50
46
41
52
53
49
56
48
51
42
39
47
32
43
52
31
41
39
28
37
33
29
22
25
20
14
33
15
21
31
24
39
19
33
44
38
44
32
40
40
23
24
35
10
17
43
30
28
20
35
28
16
5
7
16
6
11
7
11
9
11
5
3
14
5
9
10
5
22
10
10
5
7
11
10
20
4
13
2
-6
14
18
8
9
11
10
12
-3
10
9
2
-5
-9
5
4
-6
8
3
-21
-3
-1
-1
12
6
11
20
21
16
7
22
18
24
13
30
24
18
29
8
10
7
15
16
16
25
22
15
21
20
20
16
-1
14
3
18
23
13
14
11
12
5
14
4
17
18
10
11
16
17
18
11
16
0
9
7
11
1
-10
3
-7
7
-2
19
-1
-5
13
17
12
8
36
35
39
28
-1
6
20
-2
6
13
10
18
5
27
25
3
9
24
28
11
25
4
28
18
11
9
6
18
5
2
14
14
0
8
7
14
-2
-5
9
16
0
9
23
7
-3
-8
8
5
-2
-4
-1
4
13
17
21
26
13
25
16
6
19
22
23
15
30
27
18
1
17
12
12
8
20
20
24
27
18
24
11
29
20
25
17
21
8
16
15
17
28
26
31
5
20
8
11
16
13
14
10
14
7
4
10
-11
-9
12
12
19
8
11
12
11
6
10
18
9
13
12
3
12
18
18
17
18
14
24
36
32
40
21
15
24
15
18
18
15
15
16
12
-2
-1
1
9
9
-2
-5
-2
3
11
2
3
0
21
6
4
2
-3
18
12
-2
13
13
8
1
-1
0
9
2
2
2
16
2
13
1
-3
3
-14
5
3
3
-3
2
-6
-17
-5
3
-7
-9
-12
-9
-17
-8
-7
-11
3
-5
-9
-2
-6
-4
12
-9
2
7
-4
19
1
6
8
7
8
15
10
7
11
21
18
3
19
9
15
26
22
24
16
22
15
8
13
-1
6
-3
-4
0
-3
-2
-5
-18
-18
-15
-11
-4
-7
2
-2
-6
-15
-2
2
-7
1
5
2
-12
-19
-15
-18
-3
-20
-14
-2
-23
-11
-2
-6
3
-13
-6
7
15
24
30
17
11
17
18
23
25
16
6
5
22
25
19
18
10
15
22
15
13
20
21
19
20
16
5
15
14
-5
25
15
10
9
-4
-6
0
-2
-4
-3
-6
-4
-13
-1
-14
-16
-12
-15
-35
-13
-13
-12
-15
-9
1
0
8
-10
-9
-12
-17
-21
-20
-8
-15
-14
-18
-20
-20
-37
-16
0
-4
-11
-10
-10
-15
-16
-2
-22
-6
-5
-26
-9
-18
-25
-27
-29
-27
-22
-14
-19
-35
-21
-25
-12
-13
-17
-19
-4
-18
-27
-17
-8
-17
-25
-16
-32
-16
-14
-20
-32
-25
-10
-27
-22
-22
-35
-34
-33
-39
-28
-20
-16
-26
-19
-16
-29
-11
-18
-6
-13
-12
1
4
-19
-12
-8
-9
-20
-24
-15
-21
-8
-16
-20
-10
-13
-18
-2
-18
-11
13
-7
-3
-11
-15
-4
-3
-1
-14
-17
-23
-23
-17
-14
-18
-12
-1
-21
-17
-20
-11
-8
-14
-1
-20
-17
-8
-8
-11
-9
-14
-17
-25
-21
-19
-10
-3
-29
-16
-1
-16
-19
1
-14
-22
-7
-10
-7
-7
-12
-6
-1
-7
-5
-8
7
12
8
-3
-10
-10
-10
0
-4
8
3
9
-7
2
-5
14
21
18
26
32
13
6
12
1
7
-6
13
-4
-3
7
12
20
10
15
-2
3
14
11
-1
-6
6
-1
2
5
10
15
17
4
6
-4
10
12
8
23
24
-1
-4
5
8
8
1
12
1
-3
-3
5
11
2
-21
0
-16
-25
-15
-9
2
-17
-27
-20
-13
-10
-20
-28
-10
-6
-21
-31
-16
-14
-10
-10
-6
-5
-11
-22
-12
-16
-16
-15
-10
-12
-28
-11
-11
-15
-26
-9
3
-8
-2
-23
-27
-18
-10
-7
-5
-14
-16
-3
-10
-11
-15
-18
-19
-30
-24
-19
-36
-30
-45
-25
-16
-25
-32
-31
-38
-31
-23
-27
-27
-31
-24
-16
-18
-27
-26
-25
-13
-27
-17
-26
-16
-15
-19
-29
-21
-9
-31
-29
-31
-21
-19
-24
-18
-6
-14
-1
-19
-15
-16
-32
-4
-21
-42
-30
-17
-23
-19
2
2
5
5
-7
4
-2
-3
21
13
11
26
10
-1
10
4
-3
9
3
1
-1
3
-3
2
19
6
1
2
7
6
-11
-3
-11
-3
-6
-1
4
-12
-24
-25
-15
-10
-3
-6
-29
-10
-17
-12
-10
10
9
2
2
-9
-2
-8
2
-13
-15
-19
-2
-5
-12
-10
-13
-15
-12
13
-1
-16
-14
-9
-11
2
0
3
2
-1
8
-5
-29
-17
-3
-12
-12
-3
-1
-11
4
9
6
-9
3
-2
-9
4
-5
-1
2
-6
3
0
2
3
-11
-2
-1
-10
-15
7
-1
-8
-1
12
0
1
11
1
-4
3
8
11
10
0
11
-1
-4
4
6
-1
14
9
-6
-2
-1
-15
-6
16
10
12
8
2
17
-5
-17
7
12
10
-7
2
-8
-8
2
-7
-5
-4
2
14
10
14
1
-4
7
11
25
3
6
5
-19
9
-11
0
15
-5
4
-11
8
5
11
11
4
17
15
6
8
19
8
7
-3
9
4
20
10
10
34
14
9
14
4
14
7
8
12
9
6
6
8
8
20
10
3
9
8
8
9
24
6
4
16
15
14
5
19
17
18
7
5
19
25
1
-1
32
10
7
26
25
13
12
24
23
24
26
21
23
23
10
19
18
23
14
13
10
8
2
-4
11
25
13
24
13
14
15
20
20
13
27
11
13
-2
13
24
24
20
23
21
18
32
16
15
16
31
9
16
9
11
1
12
18
4
17
9
13
13
20
9
19
15
5
12
5
17
9
24
36
37
24
18
24
38
39
21
28
32
29
33
42
26
22
32
19
17
14
21
16
19
31
29
38
29
37
41
48
52
43
28
34
38
45
44
39
40
49
47
37
47
37
43
48
43
45
55
60
55
56
69
73
61
55
77
62
62
70
70
73
78
85
72
72
65
75
63
61
74
64
70
78
65
72
57
64
83
71
75
72
85
86
66
69
64
63
65
57
69
69
61
57
66
72
46
58
55
49
68
61
63
40
57
78
50
60
68
53
64
72
57
51
61
54
69
53
55
55
56
53
55
64
58
64
59
70
75
68
60
58
56
70
59
75
69
58
50
41
40
35
45
41
39
38
32
35
40
20
21
26
27
32
36
25
42
41
41
35
26
31
29
44
33
54
41
31
53
45
47
55
45
50
57
44
61
26
38
32
38
40
34
33
34
46
23
26
24
29
30
31
28
24
36
32
44
37
38
28
29
33
38
46
43
42
37
40
41
56
43
45
46
38
37
43
41
46
38
20
51
36
25
35
45
39
36
42
39
42
38
31
35
26
20
33
31
24
29
40
41
47
36
32
40
34
38
29
24
34
34
44
45
31
22
28
21
29
24
16
20
16
15
23
28
19
38
38
27
43
32
39
27
40
36
29
43
48
41
47
49
36
48
37
34
42
37
55
50
38
37
35
41
40
32
23
39
33
44
41
41
40
39
45
66
66
47
45
45
44
37
33
25
35
29
56
46
37
41
41
54
33
36
36
38
46
42
49
50
43
26
39
36
43
51
45
57
46
56
51
44
52
46
45
53
44
47
50
48
46
50
45
54
45
52
73
62
54
48
56
71
81
64
59
74
58
60
61
62
72
73
70
79
71
81
82
78
76
78
81
73
67
61
60
65
56
71
76
74
75
73
86
64
79
76
66
76
59
68
67
55
58
69
59
70
55
55
57
59
59
46
64
58
50
62
54
54
60
50
48
58
72
62
65
72
64
80
78
60
73
67
69
77
78
74
65
65
67
77
77
59
71
55
72
60
61
85
76
65
60
80
72
64
73
78
70
72
76
65
66
86
69
67
82
70
86
85
61
69
78
78
79
75
83
60
65
72
66
72
73
88
65
57
44
55
69
65
52
60
73
85
59
69
71
52
64
57
68
57
70
63
67
78
70
67
54
77
67
67
59
64
74
56
57
56
57
48
33
47
56
49
55
63
63
66
65
61
68
64
60
55
65
61
65
60
42
63
60
46
50
61
46
46
50
41
43
34
32
36
20
33
37
42
51
44
22
35
37
33
35
22
32
33
24
18
21
26
18
31
23
25
15
27
26
27
24
17
39
17
14
14
11
12
4
9
8
9
20
6
28
10
13
4
20
29
32
28
9
31
16
40
33
20
26
18
22
30
30
16
26
27
12
12
26
33
21
15
30
26
26
12
13
21
5
-2
8
13
16
26
26
15
20
12
25
26
27
35
19
26
25
30
20
23
27
41
23
21
23
27
30
15
16
16
24
17
22
35
24
30
31
17
35
28
18
34
24
29
29
21
31
18
16
34
31
9
18
17
13
4
17
34
12
15
19
23
-3
-10
1
6
29
17
34
16
21
34
9
18
18
24
38
25
21
30
20
24
26
34
52
29
33
47
40
43
38
34
55
38
21
26
37
31
31
47
32
33
47
38
38
49
46
48
39
32
36
44
49
35
34
29
34
43
34
47
51
47
28
23
28
39
43
18
32
21
20
19
30
46
31
34
35
48
26
36
39
44
45
37
33
52
48
36
27
52
37
11
40
28
34
33
49
51
62
63
53
68
46
50
38
37
43
31
45
59
45
56
71
50
55
36
52
57
38
46
54
44
51
59
61
68
50
62
71
52
60
51
62
65
46
48
59
53
58
54
32
41
48
26
29
40
44
46
35
31
36
43
28
48
46
33
36
38
36
34
36
38
34
19
23
41
37
46
31
25
34
41
29
15
27
41
16
16
27
16
23
21
12
6
-7
5
-1
2
13
1
-6
-5
17
-5
20
10
5
8
5
18
3
36
20
11
14
22
23
14
10
17
27
17
22
19
37
18
12
26
25
32
30
32
24
28
33
32
29
34
31
34
26
33
34
12
14
31
8
9
16
8
4
-6
0
7
10
11
0
6
-5
1
6
10
9
8
-4
-2
-2
7
7
-1
-6
4
9
6
-4
-5
-13
-5
-17
-12
5
6
3
5
1
-13
-16
-6
0
-20
-11
-4
-8
-12
-16
-7
-7
-23
-16
-26
-28
-23
-38
-24
-27
-40
-30
-36
-33
-18
-11
-31
-18
-34
-31
-20
-21
-9
-23
-1
-22
-2
-5
-28
-22
-17
-21
-35
-24
-28
-25
-14
-13
-28
-26
-12
-21
-27
-32
-47
-33
-26
-25
-25
-32
-35
-43
-31
-40
-39
-31
-37
-31
-40
-38
-44
-38
-42
-37
-39
-46
-33
-36
-26
-21
-3
-18
-10
-9
-15
-20
-11
-6
-18
-16
-15
-14
-16
-25
-9
-23
-19
-22
-25
-13
-21
-13
-20
-21
-21
-20
-5
-16
-27
-15
-2
-15
-13
-15
-34
-14
-3
-25
-33
-13
-7
-25
-13
-6
-18
6
-6
-3
-6
-13
16
4
10
-2
1
2
-7
10
5
12
-2
13
13
17
11
9
22
28
30
17
23
22
26
20
26
11
9
16
16
12
-1
-1
20
10
12
26
7
0
-3
1
8
6
1
14
16
9
4
6
-1
2
8
11
18
-1
0
10
-4
-3
0
1
5
-2
-5
8
10
2
3
2
9
3
-4
1
-20
-29
-10
-23
-43
-24
-21
-5
-8
-12
1
2
-8
0
-15
-3
0
-8
18
23
6
-6
6
11
4
3
7
-1
0
-8
-8
-13
-15
-23
-12
1
3
1
-16
-15
-7
-14
-22
-10
-8
-11
-11
-9
-10
-25
-13
-21
-17
-21
-26
-9
-23
-32
-36
-26
-18
-25
-18
-23
-31
-39
-29
-22
-21
-27
-22
-18
-27
-30
-40
-21
-22
-28
-27
-35
-15
-27
-34
-12
-7
-23
-35
-18
-13
-17
-31
-26
-40
-21
-4
-22
-27
-23
-30
-43
-21
-26
-26
-17
-11
-22
-8
-24
-11
3
-9
-11
-3
-8
-9
-13
-8
-12
3
-4
-20
6
-14
-11
2
-19
-32
-4
-8
-4
-9
-11
-19
-32
-19
-23
-27
-13
-4
-25
-16
-7
-2
-2
-1
-11
-10
-5
1
1
-20
-13
-12
-17
-10
-10
-7
-6
10
5
8
-3
2
15
10
3
-4
-5
-12
-1
-8
0
-20
-13
-17
-23
-10
-16
-2
-11
-15
-29
-15
-23
-37
-25
-44
-41
-31
-35
-31
-49
-38
-25
-37
-45
-32
-26
-40
-39
-31
-4
-20
-22
-26
-25
-16
-18
-17
-18
0
-5
-4
-6
-12
-10
-4
-11
9
6
-26
-4
0
-6
-14
-11
13
-8
-8
-3
16
13
12
2
-3
3
1
11
8
5
-5
0
10
18
6
6
-1
14
11
13
11
8
14
4
-7
-11
-15
-10
-5
-30
-15
-12
-1
-29
-21
-11
-22
-12
-12
-2
-6
-16
-20
-19
-1
14
1
10
1
5
10
13
29
29
47
46
18
15
9
11
28
32
30
8
1
23
8
6
2
-5
-10
-33
-25
-10
-33
-25
-12
-33
-36
-47
-40
-42
-35
-8
-23
-34
-25
-23
-25
-28
-2
5
5
-23
-12
7
4
6
1
-14
-24
-36
-3
-16
-98
-158
-171
-114
-87
-100
-103
-166
-207
-186
-96
-18
-48
-65
-93
-109
-91
-13
53
52
57
30
8
41
85
118
80
-68
-170
-91
47
89
-2
-122
-198
-211
-85
24
56
-35
-111
-97
-28
62
123
137
111
112
140
194
204
205
177
185
251
267
244
203
150
160
178
183
137
60
13
-28
-42
-4
-37
-87
-133
-112
-110
-128
-113
-103
-85
-98
-76
-58
-22
3
31
60
90
111
129
140
144
173
159
140
107
77
39
21
-10
-60
-119
-195
-249
-293
-333
-381
-416
-438
-470
-519
-529
-517
-495
-469
-434
-375
-352
-329
-266
-185
-89
17
119
216
251
309
365
368
417
465
553
583
563
495
406
426
491
526
520
442
380
334
349
440
502
574
573
574
680
762
785
755
722
790
768
561
371
322
338
265
152
50
-171
-400
-500
-479
-449
-535
-619
-719
-753
-715
-635
-536
-448
-384
-342
-280
-148
-1
85
187
325
443
476
482
507
545
560
567
548
454
339
206
112
53
13
-88
-207
-318
-434
-520
-581
-594
-738
-939
-984
-901
-897
-1025
-1117
-1067
-980
-895
-814
-792
-785
-757
-664
-472
-312
-273
-277
-248
-173
-86
-24
84
197
198
235
275
316
337
350
355
387
390
347
312
307
352
350
352
361
387
420
457
561
681
804
952
1163
1441
1697
1900
1459
629
357
907
1586
1508
997
396
-347
-753
-450
175
172
-476
-1044
-1402
-1462
-1212
-855
-747
-845
-924
-971
-921
-625
-270
-142
64
429
578
466
420
641
901
1134
1378
1316
993
676
539
591
739
800
515
42
-275
-457
-557
-510
-420
-583
-901
-1068
-1093
-1082
-945
-706
-622
-616
-580
-531
-478
-278
52
263
370
433
269
-5
-70
192
417
383
254
-44
-430
-630
-560
-417
-424
-567
-827
-1146
-1245
-1185
-1087
-999
-933
-929
-1023
-1012
-858
-662
-443
-159
42
92
47
115
334
601
886
1018
973
889
884
1003
1134
1248
1295
1224
1209
1287
1397
1524
1721
1893
2010
1857
1423
760
416
710
1133
1154
637
-93
-787
-1188
-966
-522
-419
-793
-1384
-1747
-1802
-1489
-1061
-816
-787
-826
-851
-735
-430
-55
235
454
726
873
828
819
964
1164
1358
1474
1388
1057
687
490
448
496
482
235
-221
-657
-863
-943
-924
-884
-968
-1213
-1408
-1424
-1310
-1135
-915
-717
-669
-638
-528
-384
-200
27
162
184
188
208
165
111
192
275
207
27
-145
-299
-438
-493
-474
-497
-649
-817
-957
-1040
-1009
-925
-869
-837
-812
-806
-759
-593
-378
-238
-158
4
173
258
324
436
585
732
884
984
1031
1085
1156
1276
1493
1730
1926
2042
2127
2209
2250
2154
1985
1878
1644
1262
966
947
829
346
-195
-536
-832
-1102
-1232
-1247
-1464
-1848
-2027
-1991
-1843
-1668
-1472
-1339
-1244
-1054
-744
-432
-55
306
536
713
955
1235
1379
1474
1639
1715
1658
1572
1444
1235
979
806
624
400
151
-194
-558
-802
-965
-1134
-1275
-1373
-1452
-1585
-1617
-1477
-1363
-1241
-1102
-944
-812
-630
-404
-208
-83
-13
136
278
402
459
454
373
306
325
287
190
59
-111
-292
-470
-602
-716
-832
-893
-1019
-1167
-1234
-1253
-1192
-1106
-1018
-932
-845
-793
-663
-466
-239
-37
96
210
331
514
698
854
1020
1163
1296
1483
1697
1886
2033
2178
2391
2571
2703
2794
2702
2358
2067
1838
1545
1234
1090
1012
504
-264
-734
-969
-1249
-1476
-1502
-1650
-2115
-2421
-2383
-2228
-2078
-1801
-1545
-1482
-1375
-1015
-625
-238
250
645
852
1055
1360
1619
1763
1990
2156
2095
1959
1800
1615
1316
1094
929
643
279
-105
-509
-886
-1140
-1283
-1507
-1693
-1827
-1988
-2086
-1990
-1777
-1630
-1483
-1280
-1080
-918
-604
-211
48
227
358
420
531
754
964
937
807
719
574
427
380
309
75
-252
-493
-669
-873
-1032
-1155
-1332
-1519
-1631
-1655
-1681
-1705
-1630
-1540
-1411
-1218
-1015
-847
-721
-492
-251
-2
262
450
598
721
911
1168
1407
1630
1800
1905
1966
2106
2376
2609
2778
2871
3005
3068
2787
2275
1926
1850
1586
1182
961
766
108
-755
-1135
-1196
-1400
-1706
-1834
-2076
-2540
-2739
-2536
-2251
-2071
-1832
-1637
-1595
-1369
-884
-420
-20
444
815
971
1149
1495
1807
1954
2116
2236
2122
1890
1714
1520
1237
1040
849
468
5
-386
-743
-1098
-1293
-1438
-1644
-1906
-2078
-2169
-2205
-2047
-1815
-1656
-1565
-1356
-1133
-907
-618
-285
-31
71
169
280
374
582
820
815
649
481
355
234
113
89
-60
-340
-599
-827
-1022
-1185
-1252
-1345
-1468
-1548
-1585
-1608
-1555
-1407
-1241
-1098
-940
-781
-641
-481
-283
-8
220
410
549
667
805
1001
1227
1439
1645
1806
1970
2113
2343
2570
2745
2865
3017
3204
3187
2802
2266
1946
1795
1577
1323
1108
656
-188
-951
-1220
-1270
-1465
-1748
-2004
-2405
-2816
-2852
-2567
-2284
-2101
-1896
-1764
-1640
-1283
-748
-271
147
588
925
1108
1343
1711
1983
2122
2260
2306
2139
1910
1702
1470
1220
1004
741
312
-159
-564
-927
-1239
-1423
-1545
-1789
-2039
-2166
-2231
-2190
-2008
-1779
-1619
-1505
-1334
-1172
-973
-699
-383
-175
-79
148
352
438
462
495
528
477
451
401
266
68
-125
-282
-423
-559
-684
-878
-1114
-1255
-1298
-1311
-1284
-1260
-1307
-1325
-1277
-1153
-1006
-845
-684
-570
-463
-341
-144
39
226
421
619
799
955
1186
1398
1629
1905
2120
2306
2472
2647
2833
3048
3263
3490
3435
2948
2264
1858
1847
1820
1581
1174
533
-345
-1122
-1407
-1339
-1449
-1820
-2270
-2732
-3069
-3047
-2712
-2378
-2213
-2097
-1973
-1792
-1394
-815
-279
149
578
940
1176
1408
1738
2069
2276
2371
2404
2289
2019
1771
1558
1347
1121
818
391
-114
-574
-929
-1209
-1370
-1531
-1795
-2090
-2290
-2341
-2259
-2063
-1843
-1699
-1668
-1627
-1506
-1254
-860
-484
-249
-108
39
104
150
277
489
625
581
474
333
155
40
-25
-66
-177
-388
-609
-816
-946
-996
-1033
-1062
-1083
-1141
-1218
-1241
-1175
-1061
-947
-839
-724
-631
-600
-479
-281
-8
238
433
597
746
936
1174
1475
1768
2007
2162
2278
2445
2819
3227
3494
3561
3550
3526
3149
2517
2087
2116
2148
1785
1164
530
-232
-1030
-1389
-1307
-1380
-1840
-2431
-2876
-3180
-3178
-2816
-2411
-2285
-2246
-2146
-1973
-1553
-889
-232
145
453
823
1128
1389
1757
2179
2411
2442
2413
2298
2095
1864
1657
1463
1198
848
429
-68
-520
-851
-1119
-1343
-1562
-1808
-2090
-2300
-2328
-2230
-2074
-1878
-1799
-1796
-1828
-1709
-1334
-869
-478
-300
-300
-272
-154
63
390
655
709
553
362
281
290
297
260
168
-46
-287
-468
-576
-637
-668
-746
-896
-1046
-1163
-1215
-1235
-1174
-1104
-1080
-1075
-1070
-1008
-890
-701
-458
-238
-50
127
315
513
753
1017
1309
1565
1773
1970
2148
2386
2669
3018
3285
3394
3405
3461
3684
3557
2879
2033
1687
1842
1756
1341
774
-28
-1026
-1772
-1731
-1478
-1597
-2138
-2763
-3245
-3422
-3078
-2489
-2115
-2063
-2070
-2024
-1737
-1105
-336
202
443
737
1048
1279
1567
1937
2267
2328
2261
2185
1938
1581
1350
1274
1151
838
409
-72
-573
-959
-1158
-1240
-1359
-1675
-1983
-2232
-2325
-2218
-2078
-1974
-1979
-1987
-1954
-1763
-1418
-1017
-725
-628
-560
-413
-174
88
320
490
538
461
420
404
395
373
345
253
98
-39
-212
-368
-526
-639
-722
-863
-997
-1119
-1266
-1355
-1376
-1287
-1201
-1211
-1244
-1196
-990
-686
-383
-133
56
205
406
724
1110
1516
1811
2007
2188
2340
2553
2876
3269
3562
3661
3691
3763
3954
3879
3289
2462
1720
1338
1383
1572
1244
-165
-1907
-2720
-2305
-1592
-1414
-1846
-2816
-3902
-4213
-3370
-2108
-1396
-1458
-1918
-2250
-1872
-703
484
1090
1199
1150
1127
1378
2057
2677
2815
2586
2349
2191
2000
1788
1522
1139
704
369
32
-368
-816
-1311
-1718
-1964
-1941
-1892
-2057
-2319
-2504
-2471
-2199
-1793
-1492
-1460
-1521
-1408
-1041
-550
-109
160
190
124
151
370
686
928
948
775
529
343
302
311
269
109
-145
-435
-667
-787
-868
-989
-1156
-1297
-1412
-1475
-1516
-1525
-1532
-1525
-1465
-1371
-1242
-1099
-971
-808
-627
-366
-59
229
484
677
861
1076
1358
1674
1983
2190
2292
2385
2571
2836
3062
3236
3321
3360
3428
3588
3645
3184
2240
1388
1271
1542
1544
1082
259
-756
-1670
-1944
-1619
-1276
-1420
-2060
-2780
-3173
-2954
-2293
-1687
-1500
-1540
-1613
-1525
-1064
-300
393
682
767
936
1127
1380
1688
1934
2031
1956
1848
1720
1504
1268
1036
737
476
283
38
-347
-765
-1080
-1330
-1464
-1535
-1589
-1725
-1918
-1981
-1921
-1761
-1576
-1470
-1404
-1380
-1284
-1062
-737
-370
-160
-161
-222
-192
18
327
541
544
375
175
55
58
132
132
-1
-252
-509
-682
-804
-891
-983
-1107
-1245
-1362
-1469
-1534
-1552
-1508
-1420
-1320
-1233
-1155
-1061
-879
-597
-274
15
250
446
663
964
1341
1687
1952
2161
2317
2500
2720
3003
3315
3513
3594
3595
3697
3817
3509
2677
1745
1464
1650
1700
1317
545
-429
-1424
-1958
-1802
-1432
-1453
-1990
-2772
-3334
-3317
-2769
-2101
-1768
-1739
-1829
-1807
-1497
-815
-35
439
585
726
933
1201
1512
1835
2040
2049
1968
1830
1660
1462
1238
966
720
503
286
-56
-508
-893
-1171
-1354
-1460
-1530
-1667
-1877
-2010
-2032
-1908
-1681
-1529
-1497
-1539
-1457
-1215
-925
-647
-394
-224
-165
-126
-17
180
379
521
501
387
292
217
157
91
25
-66
-260
-504
-693
-845
-989
-1082
-1172
-1295
-1407
-1501
-1581
-1614
-1587
-1482
-1369
-1267
-1148
-1015
-842
-580
-250
87
378
570
797
1076
1386
1730
2031
2246
2422
2609
2788
2995
3225
3409
3535
3618
3747
3805
3375
2456
1574
1398
1694
1827
1415
546
-530
-1493
-1878
-1628
-1235
-1282
-1862
-2678
-3266
-3192
-2542
-1873
-1622
-1687
-1826
-1795
-1461
-815
-54
381
522
643
838
1121
1462
1789
1959
1990
1955
1872
1723
1541
1349
1098
858
683
469
143
-285
-698
-993
-1159
-1216
-1302
-1497
-1744
-1921
-1955
-1837
-1581
-1429
-1418
-1503
-1545
-1361
-998
-562
-260
-168
-227
-241
-93
178
507
684
629
429
266
232
231
268
238
69
-180
-415
-607
-726
-840
-959
-1092
-1276
-1416
-1524
-1614
-1640
-1613
-1540
-1437
-1347
-1269
-1174
-1012
-771
-447
-128
164
395
553
764
1034
1404
1755
2010
2115
2210
2364
2599
2878
3106
3285
3325
3327
3410
3527
3255
2509
1668
1333
1505
1638
1379
635
-307
-1208
-1669
-1544
-1260
-1246
-1697
-2427
-3032
-3120
-2604
-1986
-1718
-1784
-1923
-1908
-1642
-1083
-429
27
233
383
565
823
1165
1519
1741
1798
1836
1842
1735
1545
1366
1183
995
802
622
304
-109
-479
-817
-1010
-1126
-1231
-1398
-1660
-1865
-1956
-1887
-1724
-1554
-1493
-1529
-1574
-1511
-1255
-856
-469
-255
-234
-274
-207
-17
255
488
557
512
356
232
212
213
214
133
-70
-303
-517
-710
-822
-936
-1057
-1180
-1333
-1487
-1619
-1673
-1635
-1530
-1442
-1357
-1279
-1202
-1068
-850
-550
-207
90
282
439
614
900
1235
1582
1832
1953
2021
2148
2371
2633
2840
2951
2977
3017
3114
3282
3345
2983
2186
1432
1286
1553
1689
1315
515
-445
-1164
-1382
-1215
-1010
-1116
-1624
-2308
-2800
-2779
-2275
-1765
-1636
-1790
-1939
-1853
-1532
-1038
-525
-166
55
239
432
679
1001
1324
1549
1637
1660
1689
1613
1478
1323
1177
1076
943
754
429
52
-295
-529
-686
-805
-917
-1115
-1370
-1570
-1620
-1569
-1453
-1384
-1412
-1496
-1462
-1311
-1051
-762
-567
-475
-452
-410
-276
-75
138
277
298
250
188
137
98
99
83
2
-143
-353
-559
-722
-832
-899
-979
-1120
-1276
-1413
-1498
-1477
-1394
-1315
-1246
-1204
-1152
-1056
-862
-638
-397
-118
126
348
534
684
879
1150
1437
1676
1792
1867
1986
2142
2294
2435
2555
2642
2709
2804
2935
2992
2731
2091
1433
1211
1450
1662
1446
760
-95
-771
-1002
-838
-707
-801
-1215
-1790
-2289
-2398
-2060
-1595
-1419
-1574
-1804
-1853
-1606
-1172
-715
-415
-255
-104
44
232
491
818
1110
1239
1292
1308
1307
1274
1173
1080
995
953
885
703
387
72
-134
-243
-334
-448
-610
-844
-1060
-1183
-1197
-1153
-1138
-1194
-1335
-1450
-1406
-1201
-955
-816
-792
-839
-837
-711
-514
-305
-139
-87
-113
-154
-166
-94
-20
1
-47
-150
-271
-381
-442
-486
-538
-610
-710
-804
-907
-988
-1023
-983
-926
-870
-861
-891
-872
-794
-602
-373
-162
-24
69
158
282
484
704
940
1142
1231
1280
1375
1532
1700
1881
2017
2101
2174
2247
2359
2509
2548
2293
1788
1378
1325
1529
1639
1345
738
69
-362
-395
-317
-357
-634
-1091
-1507
-1774
-1773
-1582
-1443
-1470
-1640
-1784
-1750
-1513
-1191
-952
-859
-773
-606
-357
-97
90
253
410
612
778
847
874
838
818
848
882
892
863
723
518
333
210
171
135
24
-159
-402
-566
-640
-636
-642
-753
-903
-1038
-1101
-1115
-1061
-994
-950
-955
-954
-949
-899
-791
-660
-564
-506
-471
-441
-401
-328
-293
-250
-202
-208
-218
-264
-286
-290
-274
-283
-312
-348
-383
-403
-387
-395
-408
-419
-433
-410
-352
-320
-266
-225
-189
-102
-8
128
234
301
326
334
396
487
598
684
763
822
852
881
927
1018
1112
1193
1280
1305
1336
1399
1366
1249
1045
932
1002
1109
1104
912
573
276
163
233
309
219
-5
-294
-503
-559
-526
-524
-608
-755
-861
-924
-930
-878
-828
-804
-774
-702
-622
-537
-461
-378
-288
-188
-72
53
125
135
164
198
238
297
356
377
355
311
266
260
273
271
252
210
158
120
94
81
50
-7
-59
-103
-142
-146
-192
-248
-296
-315
-281
-272
-302
-359
-428
-445
-411
-348
-312
-319
-378
-405
-393
-346
-262
-240
-224
-199
-202
-165
-108
-84
-47
-15
24
44
41
35
18
38
67
65
29
-1
-31
-66
-82
-102
-136
-149
-173
-191
-183
-181
-177
-212
-210
-198
-190
-182
-176
-153
-155
-136
-115
-100
-57
-20
1
39
78
100
133
172
221
272
336
384
395
413
411
408
467
532
557
534
462
399
370
383
380
336
264
177
87
45
30
1
-39
-93
-129
-134
-128
-116
-99
-73
-73
-60
-8
42
77
99
121
141
183
203
221
176
154
130
109
106
58
1
-61
-120
-137
-182
-228
-290
-373
-423
-491
-501
-493
-484
-522
-569
-612
-657
-647
-599
-542
-496
-478
-483
-499
-465
-399
-305
-214
-167
-133
-132
-111
-48
44
111
165
174
180
192
206
251
254
263
245
212
146
88
51
14
-22
-64
-117
-177
-220
-280
-295
-284
-322
-363
-387
-387
-380
-364
-341
-339
-352
-344
-322
-294
-265
-234
-201
-166
-117
-82
-20
-2
12
50
70
83
84
82
74
95
99
93
90
59
12
-25
-25
-15
-26
-23
-21
-30
-26
-3
30
54
84
118
142
202
248
295
297
309
334
360
369
392
405
378
357
321
301
258
239
185
120
63
21
-25
-72
-132
-193
-265
-338
-378
-419
-447
-488
-512
-545
-569
-576
-593
-613
-607
-594
-568
-541
-534
-510
-466
-416
-367
-305
-232
-189
-157
-117
-39
33
98
114
127
183
199
217
263
305
312
269
247
224
194
180
142
109
42
-36
-92
-122
-151
-164
-194
-254
-301
-336
-334
-327
-335
-334
-339
-344
-357
-335
-290
-267
-232
-216
-180
-120
-94
-67
-35
-17
18
45
29
20
-15
-7
-4
-21
-37
-62
-94
-148
-176
-195
-197
-201
-221
-223
-242
-245
-227
-193
-150
-143
-107
-89
-41
11
56
114
124
136
151
182
220
227
236
226
198
205
201
174
153
112
98
78
44
14
-30
-76
-149
-177
-210
-265
-275
-301
-347
-372
-406
-413
-435
-459
-455
-435
-411
-405
-388
-363
-348
-319
-259
-188
-147
-110
-81
-32
14
70
132
180
206
225
274
313
347
363
365
330
330
321
301
290
228
161
109
64
21
-14
-64
-96
-168
-232
-283
-330
-352
-343
-366
-397
-427
-448
-439
-416
-355
-320
-286
-267
-225
-178
-138
-67
-17
24
63
74
89
78
65
71
73
82
74
50
-6
-48
-78
-60
-48
-58
-93
-146
-186
-188
-150
-136
-120
-106
-101
-103
-80
-39
-2
35
50
48
58
61
85
114
111
108
98
95
67
68
74
47
26
21
-2
-39
-73
-96
-144
-183
-195
-250
-275
-292
-328
-378
-395
-413
-414
-399
-386
-402
-406
-367
-356
-339
-290
-253
-228
-186
-141
-84
-53
-17
13
56
98
154
200
237
275
277
292
296
301
299
309
302
276
223
188
139
91
69
56
28
-29
-76
-155
-183
-214
-223
-239
-258
-286
-323
-354
-353
-320
-295
-277
-255
-260
-245
-202
-175
-128
-77
-55
-47
-48
-49
-43
-19
-2
-6
-8
-41
-58
-76
-95
-115
-126
-123
-136
-143
-153
-169
-155
-151
-150
-135
-122
-111
-104
-74
-33
7
33
51
44
58
67
84
107
103
94
92
64
55
42
28
22
-11
-51
-105
-127
-145
-155
-195
-254
-294
-334
-337
-356
-371
-374
-400
-415
-421
-399
-384
-348
-330
-322
-295
-270
-207
-160
-120
-75
-27
11
46
81
103
152
184
207
216
230
239
234
251
240
209
186
174
162
154
125
92
36
0
-2
-10
-7
-38
-63
-101
-121
-130
-137
-120
-120
-110
-134
-123
-119
-110
-92
-78
-74
-78
-86
-68
-32
-16
-3
12
3
-2
7
-6
16
16
2
-15
-33
-44
-46
-53
-38
-46
-50
-39
-58
-56
-58
-44
-31
-16
-11
-19
-10
-5
50
69
90
105
110
102
111
121
119
148
154
127
93
67
50
61
51
36
-4
-59
-85
-114
-120
-138
-165
-216
-266
-287
-317
-324
-330
-330
-341
-365
-385
-390
-356
-322
-284
-265
-231
-229
-198
-131
-87
-32
11
22
53
96
120
152
187
227
241
258
251
264
249
232
241
226
192
180
147
121
83
53
26
11
-15
-45
-57
-77
-73
-100
-106
-108
-113
-111
-96
-83
-71
-68
-57
-18
4
20
42
21
36
37
54
84
87
75
69
57
44
36
29
25
5
-6
-33
-33
-43
-42
-46
-51
-33
-46
-62
-58
-44
-54
-35
-14
-2
24
16
-5
30
63
84
118
130
146
123
106
121
125
119
107
101
66
42
21
-12
-30
-51
-85
-111
-119
-147
-165
-184
-203
-228
-255
-256
-272
-271
-284
-289
-279
-276
-279
-253
-240
-218
-197
-173
-122
-114
-80
-46
-30
0
36
40
71
81
100
120
129
135
139
148
145
127
119
95
82
70
61
57
36
0
-9
-8
-25
-14
-11
-12
-17
-56
-57
-63
-49
-16
-7
-21
-33
-43
-25
20
36
24
19
17
24
23
29
52
58
47
15
19
13
20
36
52
20
23
22
14
25
32
58
58
54
55
63
48
44
72
67
66
76
80
64
72
68
55
82
81
99
90
73
61
47
45
39
49
28
13
-15
-46
-64
-58
-67
-91
-100
-126
-135
-129
-143
-158
-155
-158
-164
-164
-161
-155
-157
-157
-144
-136
-112
-89
-81
-85
-88
-79
-66
-40
-13
-6
10
26
2
0
37
53
56
60
67
78
64
67
101
96
87
97
87
98
99
100
100
74
63
45
27
30
39
21
5
-17
-33
-20
-17
-18
-19
-45
-50
-43
-38
-25
-6
-7
1
2
19
34
48
52
50
48
39
50
44
54
52
51
38
21
33
57
43
38
20
25
27
36
43
56
48
59
66
88
86
86
95
112
141
131
137
148
152
154
153
142
144
140
102
79
81
61
54
26
-21
-27
-42
-49
-62
-98
-113
-135
-152
-151
-164
-154
-145
-146
-149
-123
-96
-98
-67
-55
-38
-28
-12
4
26
17
30
37
62
52
54
61
50
65
35
35
49
40
38
28
10
12
4
12
34
36
28
41
25
32
28
28
28
24
1
3
4
-28
6
-8
-3
-4
8
-1
2
21
24
54
69
82
93
93
84
121
132
153
164
158
136
128
114
113
129
111
102
61
35
10
16
14
-2
-15
-38
-56
-40
-27
-15
2
3
36
34
47
75
101
132
132
157
167
162
159
158
171
180
175
154
137
117
93
82
74
53
38
2
-36
-57
-77
-87
-73
-80
-113
-106
-123
-119
-101
-89
-56
-39
-12
2
13
33
56
53
73
89
99
107
87
87
95
90
81
79
70
57
38
28
14
9
-5
-9
-16
-44
-61
-57
-66
-61
-50
-49
-50
-54
-34
-40
-37
-40
-51
-45
-46
-70
-60
-49
-37
-19
-24
-28
-41
-22
2
20
39
40
58
55
72
101
109
139
164
158
148
145
149
154
166
173
154
137
101
75
59
60
47
34
32
10
-12
-15
-13
1
14
22
28
29
41
52
71
97
117
115
112
119
117
118
132
141
135
108
78
37
18
17
-3
-38
-36
-83
-114
-124
-134
-132
-143
-119
-139
-126
-115
-115
-89
-61
-34
-15
8
38
55
68
95
107
117
123
124
125
117
101
92
99
77
66
81
56
36
15
3
-12
-31
-34
-32
-54
-68
-62
-69
-67
-66
-66
-69
-82
-83
-79
-67
-58
-53
-49
-57
-72
-71
-61
-37
-26
-40
-22
-30
-16
9
25
56
68
81
80
85
82
100
120
143
143
138
140
130
145
142
129
105
91
98
81
84
62
37
16
19
27
18
19
20
43
46
44
65
75
75
109
101
93
72
73
87
84
85
87
84
69
38
24
1
-29
-58
-81
-93
-90
-92
-92
-103
-139
-132
-144
-143
-151
-120
-114
-103
-68
-52
-26
13
39
78
99
101
119
138
143
140
182
176
197
189
168
166
177
170
140
129
94
93
73
62
56
52
33
20
3
-7
-21
-29
-37
-45
-58
-81
-72
-65
-61
-61
-58
-49
-60
-65
-53
-44
-44
-57
-33
-13
-34
-28
-21
-12
6
11
30
39
29
21
50
58
73
92
85
77
48
60
85
81
99
63
64
52
46
71
64
78
71
76
45
56
71
88
103
102
117
100
124
125
127
156
158
173
150
134
130
132
146
123
120
89
43
34
11
15
5
-18
-37
-67
-78
-108
-109
-112
-124
-120
-123
-135
-118
-113
-90
-49
-43
-38
-39
-20
11
34
46
76
97
84
108
116
136
144
136
152
151
138
135
129
114
118
99
111
89
66
67
37
30
14
10
-4
-4
-30
-58
-51
-63
-80
-86
-78
-90
-88
-96
-92
-79
-88
-75
-72
-63
-63
-58
-40
-44
-19
-2
-1
-8
10
9
25
44
44
50
55
57
43
36
41
47
56
38
43
41
21
29
21
10
-1
5
-1
-9
-5
-6
3
-4
-10
9
28
28
24
27
30
29
28
22
29
19
8
-12
-10
-14
-48
-69
-254
-643
-857
-730
-367
-198
-570
-947
-1117
-848
-538
-689
-856
-798
-496
-277
-317
-521
-606
-339
26
162
-16
-194
-199
-137
-112
-242
-342
-281
-148
-127
-264
-392
-410
-365
-382
-435
-463
-441
-354
-383
-480
-525
-503
-377
-315
-319
-300
-270
-236
-230
-279
-264
-201
-91
-53
-97
-164
-240
-243
-227
-201
-180
-204
-230
-256
-301
-319
-311
-275
-243
-209
-209
-229
-226
-250
-242
-212
-134
-90
-61
-91
-128
-150
-124
-64
-35
7
-4
-13
-42
-73
-90
-102
-83
-58
-34
-19
-39
-68
-88
-79
-42
-9
26
30
7
-7
-14
-7
11
21
40
55
52
36
21
13
9
26
42
54
64
42
3
-25
-36
-11
10
-1
-16
-58
-86
-91
-82
-104
-101
-65
-44
-25
-21
-37
-41
-8
29
83
117
124
116
113
130
158
161
178
211
195
185
183
165
151
170
172
153
154
110
80
64
58
56
39
43
29
16
-7
11
15
26
23
12
25
26
55
54
57
86
95
92
124
132
101
103
122
119
129
99
110
108
106
125
109
126
150
148
155
156
130
133
126
115
119
121
115
125
120
91
91
84
93
104
114
99
93
100
81
85
81
72
64
85
92
78
57
47
40
64
86
97
120
114
96
93
107
111
135
147
142
139
138
122
119
111
100
90
88
96
90
85
77
73
67
74
90
122
124
122
124
139
139
159
165
200
210
199
218
221
226
231
219
219
206
193
191
160
171
145
128
102
89
85
86
76
38
41
22
4
8
-2
13
6
17
5
-6
17
36
74
84
86
118
131
160
166
175
158
191
207
215
222
217
228
221
234
227
210
192
189
172
172
174
172
158
135
132
115
104
107
92
92
85
92
115
107
100
90
92
76
76
84
95
92
77
75
84
78
75
87
85
70
64
57
61
81
65
64
39
27
30
60
84
54
37
44
54
68
76
58
74
70
61
85
111
121
121
121
117
131
168
174
179
167
180
199
208
213
208
196
179
218
233
239
233
223
207
205
215
200
206
187
168
148
137
146
151
125
92
85
67
73
79
50
51
41
27
32
24
53
61
91
107
121
126
138
171
162
199
226
223
231
248
238
240
265
291
313
307
294
277
266
264
261
273
274
262
229
209
205
183
189
196
195
196
182
182
187
174
164
164
164
154
157
168
154
150
146
143
160
155
154
136
123
114
118
113
112
104
104
82
84
79
64
69
72
84
58
72
60
56
77
67
63
72
80
91
98
102
125
120
149
162
173
191
207
229
243
274
271
272
288
266
267
281
276
263
237
211
187
185
178
169
171
157
148
120
94
95
75
64
51
69
67
46
43
35
26
23
49
46
66
111
116
132
137
141
139
156
193
208
222
246
243
231
244
234
233
234
234
251
231
225
198
170
148
143
131
135
132
140
136
126
131
102
102
92
92
109
114
137
143
145
149
155
153
158
163
169
183
178
180
170
152
115
103
107
95
95
86
81
75
62
45
27
19
38
37
35
38
47
34
34
38
44
30
40
57
36
54
48
70
85
92
100
88
106
120
140
153
159
160
139
140
137
157
137
123
111
118
108
100
100
99
95
77
78
64
65
35
27
7
4
2
-23
-52
-52
-56
-59
-56
-27
-18
-14
23
31
42
68
77
110
131
135
160
175
190
178
183
198
190
214
204
190
165
145
134
121
97
67
60
53
42
10
12
3
-1
-10
-8
7
4
21
36
33
35
38
44
44
45
72
74
68
64
61
60
39
47
58
59
41
6
14
17
9
-22
-47
-43
-40
-18
-34
-31
-30
-43
-41
-35
-25
-22
-9
8
11
-9
-22
-8
-42
-26
-14
-11
2
15
22
16
19
22
23
17
15
17
40
48
32
43
45
55
37
36
52
49
45
22
-3
-18
-35
-73
-92
-101
-105
-100
-78
-88
-113
-129
-136
-135
-116
-98
-86
-67
-49
-12
-13
5
26
50
72
96
131
140
154
155
123
132
123
115
115
110
112
87
61
75
65
41
48
18
22
30
18
7
-11
-15
-58
-70
-53
-39
-29
-6
-2
-1
-8
-13
-4
-8
20
13
24
24
30
43
34
34
13
0
-5
0
-1
-2
1
-14
-33
-54
-63
-78
-74
-85
-85
-87
-86
-70
-82
-77
-77
-70
-75
-61
-48
-43
-17
-18
-11
-5
17
24
50
63
64
82
86
81
66
53
42
42
35
26
14
8
8
7
-21
-19
-26
-36
-32
-37
-55
-75
-81
-83
-95
-120
-121
-126
-112
-105
-107
-87
-87
-75
-72
-70
-56
-50
-22
-9
6
13
29
23
41
63
72
100
88
106
121
137
129
116
116
110
113
110
96
79
70
45
32
25
15
-11
-31
-14
-28
-29
-16
-16
-8
-22
-15
-15
-11
1
-4
14
34
12
7
17
5
19
24
5
9
7
-2
-25
-38
-47
-64
-62
-83
-84
-92
-92
-100
-131
-136
-141
-134
-108
-95
-77
-73
-73
-51
-48
-54
-43
-24
-17
0
10
12
39
18
6
18
15
2
24
42
26
30
19
7
-14
-42
-53
-60
-75
-82
-83
-88
-97
-102
-114
-137
-138
-161
-146
-132
-145
-140
-161
-182
-205
-184
-159
-163
-148
-136
-136
-139
-144
-133
-125
-95
-84
-81
-76
-57
-63
-58
-46
-36
-40
-40
-22
-28
-29
-22
-28
-35
-59
-51
-41
-43
-50
-69
-67
-75
-77
-91
-96
-93
-77
-84
-106
-99
-92
-88
-82
-99
-98
-108
-103
-87
-92
-83
-77
-96
-95
-79
-87
-77
-102
-92
-113
-115
-95
-124
-114
-132
-140
-142
-142
-121
-133
-153
-142
-137
-135
-132
-145
-116
-115
-122
-106
-103
-93
-103
-72
-58
-64
-53
-46
-28
-42
-46
-36
-31
-38
-29
-33
-31
-39
-51
-65
-66
-63
-86
-87
-108
-101
-103
-129
-148
-154
-158
-178
-189
-184
-189
-184
-192
-203
-191
-202
-181
-179
-188
-167
-153
-155
-151
-136
-151
-144
-116
-104
-97
-87
-76
-61
-58
-48
-44
-30
-30
-20
-25
-30
-22
-32
-34
-13
-18
-15
-15
-13
-6
-30
-29
-27
-23
-22
-11
-9
-23
-24
-13
-20
-23
-29
-11
-26
-39
-34
-39
-39
-48
-42
-24
-31
-24
-25
-21
-20
-32
-25
-40
-52
-58
-53
-61
-83
-72
-82
-67
-70
-82
-74
-72
-78
-80
-81
-80
-67
-50
-54
-56
-28
-34
-26
-20
-21
3
21
9
34
39
43
34
34
20
19
14
-4
-7
10
-10
-23
-17
-42
-46
-65
-65
-61
-60
-59
-55
-58
-54
-64
-81
-66
-70
-59
-49
-52
-50
-45
-44
-31
-29
-34
-14
-15
-4
5
23
11
17
40
40
47
37
43
57
49
29
59
40
40
42
39
35
31
40
44
35
18
12
2
0
-2
-4
5
2
-14
-19
-12
-17
-31
-37
-28
-45
-41
-24
-17
-17
-31
-43
-51
-40
-60
-46
-60
-34
-48
-67
-53
-42
-49
-47
-34
-42
-32
-42
-33
-43
-44
-35
-53
-49
-36
-42
-40
-35
-51
-34
-45
-34
-28
-33
-21
-14
-14
-13
-16
-5
-8
-10
-5
-10
2
-8
-8
-19
-22
-33
-30
-29
-36
-44
-42
-54
-52
-49
-53
-45
-61
-67
-77
-82
-90
-84
-81
-91
-94
-90
-109
-112
-97
-106
-99
-70
-86
-86
-92
-91
-56
-63
-63
-60
-66
-63
-52
-47
-47
-28
-26
-26
-37
-22
-28
-21
-13
-25
-35
-30
-20
-42
-47
-42
-38
-39
-37
-55
-53
-56
-54
-51
-63
-54
-47
-49
-54
-57
-53
-68
-53
-52
-60
-55
-53
-42
-33
-23
-31
-33
-41
-41
-23
-37
-29
-22
-28
-29
-30
-28
-30
-7
-2
-5
1
21
8
10
18
9
29
25
34
32
28
25
39
40
26
30
35
45
54
47
41
42
45
47
50
55
53
52
50
61
63
66
71
44
52
55
30
43
55
33
43
28
9
18
15
1
1
-2
3
8
6
8
6
3
-9
-7
-2
18
19
21
19
27
21
20
39
40
38
37
28
52
53
61
48
53
62
34
54
56
75
81
79
66
66
76
78
77
57
48
54
60
64
71
49
51
48
41
46
65
62
44
57
39
44
42
34
45
48
71
50
37
46
47
42
39
40
47
33
37
50
41
27
38
63
57
61
49
48
51
41
55
52
24
37
28
19
9
-3
18
10
8
5
-2
-4
-3
6
-15
1
3
9
-5
-1
-5
-4
5
2
7
2
6
3
8
-8
11
7
-9
-3
-5
-16
-22
-5
-23
-22
-11
-9
-10
-26
-25
-19
-30
-15
-15
-18
-14
-14
-5
7
-4
-1
14
10
16
4
14
6
7
-3
4
4
-4
18
6
-10
-17
-18
-8
-13
-19
-18
-7
-13
-40
-36
-45
-46
-34
-43
-43
-49
-52
-60
-63
-50
-50
-61
-56
-56
-76
-38
-45
-58
-54
-60
-39
-44
-39
-29
-34
-34
-32
-4
-2
-25
-17
-15
-20
-18
-24
-20
-30
-24
-37
-44
-42
-60
-40
-45
-41
-42
-50
-39
-54
-47
-47
-48
-34
-35
-19
-30
-44
-27
-32
-45
-32
-43
-43
-41
-38
-37
-40
-39
-49
-54
-45
-36
-45
-44
-42
-49
-29
-28
-31
-42
-32
-44
-34
-36
-54
-45
-32
-27
-25
-25
-23
-28
-28
-16
-26
-18
-27
-30
-16
-10
-21
-29
-28
-22
-25
-25
-31
-31
-41
-49
-48
-55
-45
-57
-62
-59
-68
-54
-77
-60
-65
-75
-55
-55
-48
-55
-45
-38
-56
-70
-42
-35
-40
-60
-58
-63
-57
-61
-48
-51
-65
-57
-66
-54
-49
-65
-61
-66
-57
-56
-62
-66
-43
-43
-40
-33
-39
-31
-47
-28
-28
-19
-21
-13
-9
-16
-19
-23
-30
-32
-32
-36
-38
-37
-36
-41
-32
-43
-46
-46
-54
-57
-44
-41
-36
-31
-31
-41
-29
-23
-12
-24
-12
-19
-17
-1
0
9
-3
16
3
4
-4
2
-14
-9
-12
-5
-6
-10
-18
-21
-6
-32
-13
-13
-12
-11
-14
-13
-10
14
-3
-6
4
-9
-6
6
11
-5
9
18
5
8
19
0
-13
-2
-12
-2
-6
-14
-9
-17
-22
-28
-33
-28
-29
-39
-39
-46
-36
-27
-31
-44
-47
-48
-59
-53
-48
-61
-49
-31
-32
-31
-29
-14
-19
-35
-15
-4
-6
3
3
2
11
6
25
16
11
20
16
21
22
6
7
8
4
-11
-16
-9
-13
-42
-50
-43
-36
-44
-46
-53
-52
-44
-48
-40
-32
-51
-51
-50
-41
-35
-30
-19
-32
-15
-22
-4
3
5
12
11
6
2
-8
0
-1
-14
0
-13
-15
-31
-27
-44
-35
-29
-37
-31
-35
-43
-21
-37
-38
-11
-26
-15
-27
-18
-27
-8
-14
-23
-15
-23
-21
-30
-15
-26
-39
-41
-21
-27
-34
-19
-31
-46
-28
-45
-49
-36
-33
-27
-43
-52
-45
-37
-60
-44
-40
-58
-42
-52
-53
-56
-67
-56
-52
-60
-54
-72
-46
-54
-52
-45
-54
-46
-49
-49
-50
-30
-36
-25
-27
-32
-31
-29
-22
-34
-19
-16
-29
-24
-40
-25
-15
-23
-29
-38
-46
-50
-56
-69
-61
-58
-62
-64
-68
-58
-58
-73
-76
-89
-89
-77
-65
-71
-64
-54
-48
-47
-39
-39
-32
-25
-19
-26
-27
-26
-25
-23
-36
-33
-25
-12
-17
-31
-28
-17
-30
-8
-30
-37
-13
-22
-32
-29
-17
-14
-18
-1
-10
-14
-8
2
-12
-17
-15
-10
-15
-19
-39
-33
-31
-56
-47
-54
-59
-57
-63
-68
-66
-60
-64
-68
-61
-81
-61
-80
-69
-70
-67
-59
-77
-64
-77
-66
-70
-85
-74
-77
-71
-63
-75
-50
-60
-49
-53
-50
-48
-45
-33
-36
-41
-49
-35
-37
-30
-24
-19
-29
-23
-30
-43
-32
-41
-33
-43
-50
-56
-51
-45
-60
-60
-55
-58
-74
-62
-68
-75
-71
-72
-66
-58
-57
-63
-52
-56
-44
-56
-43
-24
-34
-33
-28
-27
-27
-6
-15
-9
-9
-20
-3
-2
-11
-15
-15
-11
-17
-12
-13
-6
6
-8
-12
-9
-13
9
4
-3
0
10
6
12
16
11
9
18
20
0
7
0
7
-16
-24
-21
-31
-36
-51
-55
-44
-42
-57
-66
-69
-68
-72
-90
-77
-68
-79
-76
-67
-67
-68
-52
-56
-50
-65
-51
-60
-64
-48
-48
-49
-61
-33
-44
-52
-42
-54
-51
-41
-57
-46
-36
-45
-33
-16
-26
-23
-14
-24
-9
-20
-18
-6
2
-9
-34
-21
-26
-34
-23
-46
-25
-36
-49
-49
-54
-57
-71
-49
-56
-60
-70
-62
-64
-60
-48
-36
-40
-33
-38
-24
-35
-47
-24
-31
-19
-32
-28
-38
-43
-17
-38
-38
-34
-31
-36
-42
-21
-37
-34
-30
-42
-35
-34
-35
-19
-14
-18
-10
-6
-8
-7
7
-9
-18
-13
0
-15
-13
-17
-20
-20
-39
-42
-37
-42
-53
-52
-69
-56
-61
-65
-60
-75
-92
-78
-87
-99
-97
-97
-99
-96
-101
-103
-89
-83
-96
-87
-93
-93
-96
-90
-94
-97
-93
-93
-88
-97
-72
-87
-93
-85
-84
-76
-73
-70
-82
-94
-93
-83
-79
-83
-76
-71
-75
-81
-68
-77
-76
-71
-89
-72
-63
-86
-79
-92
-80
-63
-77
-77
-85
-72
-75
-61
-69
-72
-74
-67
-62
-64
-54
-70
-65
-70
-66
-80
-71
-49
-65
-43
-78
-67
-57
-78
-64
-73
-81
-66
-71
-64
-69
-71
-59
-49
-57
-44
-46
-43
-39
-32
-22
-15
-13
-31
-17
-26
-12
-10
-8
2
-3
-9
0
-4
-23
-30
-25
-27
-34
-36
-50
-45
-56
-49
-43
-48
-59
-53
-55
-45
-39
-39
-32
-36
-44
-37
-22
-42
-22
-30
-22
-10
-24
-25
-29
-28
-30
-33
-23
-28
-20
-8
-47
-18
-37
-31
-35
-40
-28
-45
-43
-40
-31
-31
-27
-23
-21
-39
-14
-34
-21
-21
-20
-24
-36
-31
-20
-33
-53
-25
-44
-41
-40
-54
-53
-64
-67
-63
-72
-63
-53
-64
-67
-64
-73
-71
-54
-83
-83
-69
-64
-62
-80
-61
-55
-62
-61
-62
-59
-68
-77
-79
-88
-68
-66
-73
-63
-54
-51
-49
-61
-49
-35
-46
-23
-21
-25
-21
-22
-23
-12
-16
8
-3
-8
-6
-15
1
-5
-13
-16
-17
-25
-23
-18
-16
-13
-17
-10
-18
-9
-6
-10
-11
-7
7
-9
10
-5
2
-10
-24
-25
-19
-26
-21
-6
-11
-16
-31
-32
-32
-32
-39
-31
-40
-38
-59
-56
-53
-57
-50
-68
-51
-60
-70
-72
-59
-69
-67
-51
-54
-52
-63
-57
-58
-53
-48
-52
-49
-53
-46
-49
-41
-29
-49
-54
-51
-48
-43
-42
-37
-44
-38
-42
-47
-35
-59
-36
-38
-44
-38
-51
-41
-55
-57
-56
-40
-47
-46
-57
-45
-64
-68
-37
-57
-40
-47
-43
-55
-44
-39
-48
-42
-49
-45
-42
-46
-42
-34
-39
-26
-35
-20
-7
-16
-8
-7
-13
3
-9
-20
-15
-27
-27
-17
-23
-19
-21
-23
-19
-33
-17
-27
-22
-14
-31
-18
-19
-23
-37
-23
-15
-11
-7
-16
-13
-8
-3
-1
3
0
5
-6
-11
-4
-22
-26
-27
-36
-28
-37
-40
-42
-44
-54
-41
-43
-51
-42
-57
-51
-60
-57
-53
-38
-54
-26
-33
-32
-19
-47
-26
-31
-22
-20
-19
-15
-41
-30
-23
-13
-2
-12
-23
-12
-9
-12
-32
-29
-26
-15
-13
-27
-20
-56
-38
-30
-33
-26
-24
-29
-38
-45
-37
-27
-28
-27
-38
-37
-29
-18
-20
-22
-20
-25
-16
-15
-23
-23
-27
-32
-25
-37
-31
-36
-29
-29
-44
-36
-34
-40
-42
-30
-53
-49
-47
-34
-40
-44
-36
-41
-23
-36
-44
-36
-30
-31
-37
-35
-28
-30
-13
-32
-16
3
0
13
3
8
0
9
9
-13
16
14
-3
-6
-21
-15
-9
-20
-16
-13
-19
-34
-24
-19
-25
-24
-17
-15
-25
-22
0
-8
3
-5
7
1
18
17
12
30
27
33
23
29
22
14
-9
-4
10
8
-1
4
-10
-21
-26
-41
-27
-43
-36
-47
-66
-53
-49
-53
-42
-35
-25
-37
-36
-45
-40
-22
-31
-18
-14
-11
-12
-20
-8
5
-16
-9
-4
-13
-19
-9
-9
-24
-22
-24
-27
-41
-29
-47
-46
-39
-48
-32
-24
-28
-15
-19
-25
-24
-27
-10
-25
-9
-16
-28
-9
-3
16
19
19
1
28
13
18
45
40
34
20
24
23
6
3
9
8
17
16
20
9
6
-14
-8
1
-20
-23
-12
-15
-39
-30
-40
-32
-25
-28
-26
-33
-36
-18
-15
-29
-30
-23
-26
-35
-28
-33
-25
-3
4
-11
-17
2
9
0
-7
-1
3
-13
-13
-16
-28
-22
-28
-25
-30
-31
-30
-35
-37
-45
-40
-47
-43
-33
-29
-42
-50
-38
-45
-32
-32
-32
-31
-23
-36
-39
-27
-44
-21
-23
-20
-15
-36
-33
-32
-43
-41
-38
-46
-43
-41
-46
-45
-44
-47
-35
-44
-34
-36
-52
-49
-44
-32
-30
-56
-60
-39
-38
-32
-37
-25
-24
-21
-29
-18
-21
-19
-13
-16
-4
-5
-6
6
-6
0
-5
-9
-2
-12
-7
-16
-14
-28
-19
-26
-31
-40
-38
-47
-53
-54
-49
-49
-57
-56
-58
-52
-46
-53
-38
-36
-22
-36
-25
-21
-17
-24
-14
-10
-16
-7
-11
1
0
6
-1
7
11
18
1
0
7
11
4
0
-16
-1
11
-3
-9
-32
-29
-25
-20
2
-9
0
7
-3
-9
7
-12
2
-1
-14
6
-4
-15
-6
1
-3
-6
-17
-20
-6
-17
-35
-24
-20
-17
-24
-22
-53
-27
-28
-40
-32
-35
-25
-26
-36
-51
-37
-47
-37
-28
-27
-34
-47
-29
-30
-16
-1
-11
-8
-9
-10
-18
-10
-19
-1
-5
-24
-22
-22
-7
-13
-26
-16
-27
-24
-18
-31
-43
-39
-44
-29
-20
-48
-32
-37
-40
-31
-20
-17
-11
-44
-30
-30
-46
-31
-33
-38
-29
-31
-21
-15
-17
-5
-19
-10
-24
-21
-10
-5
4
6
7
-10
-2
-2
-6
1
5
-2
4
-1
-6
3
8
-11
-10
-6
-14
-18
-13
-23
-14
-18
-19
-8
-10
-13
-20
-13
-20
-11
5
-7
-9
-14
-17
4
1
6
-8
-10
-13
-16
-20
-6
3
-4
-4
-5
-15
-34
-20
-19
-9
-13
-10
-24
-19
-20
-23
-17
-24
-10
-12
-17
-18
-11
-19
-13
7
0
7
1
26
18
2
17
-2
9
12
8
8
12
13
-2
-5
5
-8
-19
-13
-12
-14
-16
-7
-23
-21
-20
-21
-13
-14
-6
-10
-14
-15
-9
-2
-16
-7
11
16
14
10
7
15
25
12
8
13
10
19
11
16
21
42
24
26
22
25
8
7
26
17
21
3
10
-1
-8
1
-6
5
0
-5
12
10
1
7
12
1
9
12
10
19
4
20
25
25
27
13
24
20
18
14
-1
25
22
15
14
6
13
4
3
12
-5
3
7
11
-3
-1
-10
-6
8
11
21
15
25
11
11
12
16
-1
0
14
13
20
-6
10
-4
-8
5
10
8
-5
14
1
-13
-18
-8
-10
-16
-4
1
-10
3
-4
-8
-12
-3
-6
-18
-13
-20
-15
-15
-11
-11
-15
-1
5
8
5
-7
-8
-5
4
-2
6
-11
-5
-1
-9
9
15
2
-4
1
4
6
7
4
7
1
-10
-16
3
11
1
8
-14
10
-2
-21
4
20
8
8
7
-1
-14
-16
-7
0
3
-4
10
-8
-10
-8
2
0
-15
-5
-2
-2
-12
-6
-2
-2
-5
-12
0
-2
-2
-8
12
13
15
12
14
9
16
7
13
30
38
25
26
25
28
46
21
25
27
18
16
20
25
23
30
19
15
7
2
3
5
-7
-1
2
-12
-13
-4
-8
1
2
3
1
5
15
13
8
16
11
5
15
14
11
17
36
31
39
34
39
30
26
44
50
28
46
50
34
30
36
64
43
51
70
51
67
55
72
50
50
67
48
62
49
41
49
50
42
45
47
54
43
39
42
35
37
31
24
29
11
15
29
9
6
12
21
23
19
20
9
26
19
16
17
17
40
20
31
26
28
38
40
35
34
50
40
52
48
53
55
48
69
83
66
77
75
53
74
67
73
69
69
80
68
53
62
77
68
54
68
63
52
63
44
54
44
50
41
34
51
34
23
25
21
24
28
31
21
16
11
6
22
18
26
26
15
14
17
19
13
20
20
18
20
19
21
23
26
25
17
20
28
20
26
31
40
40
34
27
25
22
28
17
9
16
7
16
25
29
16
20
19
-4
-10
-6
2
3
1
7
-14
-21
-6
3
-5
-2
0
-12
-19
-21
-28
-18
-18
-11
-11
-8
-5
-11
-9
-2
-3
-1
-6
6
2
-8
0
8
20
11
13
5
19
22
16
23
11
4
7
15
18
15
23
17
44
41
26
30
20
35
26
22
22
37
17
17
22
27
27
15
22
8
13
19
4
13
18
-7
-16
-2
-2
5
-12
-11
8
9
12
18
6
-9
-4
5
-2
3
-5
-5
15
-4
11
5
0
9
-3
13
7
10
-7
-3
19
7
8
18
20
10
14
28
29
11
18
30
15
15
19
9
12
-3
1
12
-4
4
3
14
3
8
12
-2
8
-6
-4
-22
-6
3
-1
-13
-22
-12
-13
-9
-11
-10
-10
-7
-8
-7
-4
9
10
12
13
26
22
27
25
17
31
36
22
32
36
31
27
30
28
33
33
35
43
31
35
23
38
28
8
36
32
29
26
29
29
35
44
34
40
34
35
20
28
31
22
20
21
21
13
9
6
1
4
9
3
3
8
6
7
0
8
11
13
18
1
6
32
9
6
18
8
14
31
12
6
23
43
29
30
28
24
20
20
22
30
26
41
41
27
48
42
37
45
43
23
34
34
38
37
29
38
49
38
37
37
23
41
49
41
39
37
23
24
32
37
44
48
30
46
49
44
45
36
58
44
68
47
49
70
52
70
54
71
54
59
72
52
63
43
51
57
36
46
49
38
30
32
35
25
44
52
28
24
27
30
26
27
33
28
46
23
21
13
6
20
10
13
36
36
22
33
31
42
34
33
32
21
22
25
30
21
15
8
30
40
28
25
12
24
29
20
20
36
31
23
37
30
33
33
28
33
30
29
45
35
39
48
26
34
25
29
26
17
21
12
8
-13
-1
-3
-8
-5
-5
1
-5
-25
-15
-13
-4
-14
-19
-8
-17
-8
-12
-7
-12
3
1
4
-9
15
8
-7
14
13
19
14
16
16
22
26
25
11
23
29
28
30
15
17
26
20
26
31
25
28
27
24
30
15
9
29
24
15
14
27
41
25
26
35
31
45
46
36
34
41
16
12
27
20
21
28
7
-1
10
18
2
5
22
13
11
16
12
19
24
22
35
38
33
21
35
34
41
55
47
38
49
57
54
46
37
38
34
43
23
36
35
39
36
41
25
22
12
16
26
11
11
15
22
4
-10
-13
-16
-17
-11
-14
-13
-17
-20
-16
-20
-11
0
-13
-6
-5
-11
6
0
-3
-1
-11
3
9
-9
-1
10
3
10
12
10
16
25
0
-6
17
13
15
1
20
17
21
38
8
31
31
26
44
24
24
17
9
16
28
16
20
24
23
10
16
14
5
10
-2
2
0
3
-5
-21
-2
4
-6
-9
8
-15
-16
-1
3
-5
-6
-2
-17
-14
-23
-21
-22
-24
-7
-8
-30
-15
-22
-9
-19
-29
-12
-19
-25
-4
-1
4
4
7
21
20
20
8
-3
9
5
10
-4
-14
-2
2
1
-5
4
5
4
-1
3
-1
4
-15
-4
-10
-15
-2
-19
-16
-11
-3
-11
1
-16
-13
-22
-12
0
4
8
-20
-11
-6
-12
1
8
4
-12
-10
12
12
7
-8
14
10
9
18
5
6
3
14
18
13
23
-3
-2
10
9
14
-5
7
20
13
5
1
-3
6
6
5
-6
0
8
15
10
9
17
16
14
7
15
12
4
11
13
4
1
13
34
16
21
17
13
18
26
34
7
7
11
18
29
25
25
34
38
25
30
24
21
11
18
18
36
28
27
28
25
18
9
25
18
15
5
-6
-6
-4
-3
-2
-10
-4
1
-6
-7
-7
0
11
-2
-4
2
-5
-4
6
3
-6
9
-5
4
6
16
7
14
11
16
22
4
32
12
21
18
15
3
15
16
6
6
-7
4
6
9
-14
-4
27
15
-2
9
7
-6
14
20
16
11
-3
3
13
5
-8
-6
2
-11
-7
-2
-7
-2
10
5
7
-1
-7
10
3
13
13
14
4
-4
3
18
17
7
-6
0
-4
12
11
-9
15
-9
-1
20
-15
-5
-2
-7
-19
-14
-12
-25
-7
-8
-11
-10
-18
11
4
11
16
-2
-4
-4
7
6
-13
-13
-10
-10
11
-10
-1
-6
-19
-19
-37
-31
-28
-32
-33
-51
-44
-31
-48
-23
-42
-49
-36
-41
-34
-30
-34
-32
-26
-22
-24
-16
-18
-18
-21
-18
-8
-30
-12
-8
-26
-20
-25
-26
-17
-14
5
-4
-16
-2
-4
-2
0
4
5
16
17
14
20
19
12
16
9
17
25
-1
16
7
12
-4
-1
-1
-3
-4
-4
-3
-3
-3
-6
6
-3
16
19
13
9
9
3
12
9
-10
7
-1
-16
5
-10
-3
-1
-8
-7
-1
2
-3
-7
-1
-2
4
16
0
-1
28
6
13
24
5
10
24
23
1
14
19
2
13
28
8
8
1
15
20
10
23
8
13
21
3
5
-5
10
-2
-2
13
8
-10
-17
-2
-12
-11
8
-22
2
-10
8
3
-16
3
-20
-14
-11
-10
6
5
-6
-1
-5
-1
-4
11
6
6
16
6
21
11
12
13
28
0
1
20
17
36
28
25
33
40
26
40
46
41
37
30
40
29
27
16
29
24
30
31
24
35
36
13
19
22
14
21
28
33
36
20
12
23
19
21
15
12
23
8
2
27
20
41
36
22
26
23
24
21
11
26
27
29
37
39
27
27
30
14
14
17
12
13
19
13
18
19
19
15
22
16
10
19
2
13
18
3
8
-2
4
-4
-11
0
-6
5
5
6
-9
-14
-12
-13
0
7
-8
12
-5
-28
-7
-4
-6
7
-11
-14
-3
-4
-6
-15
-24
-20
-23
-20
-13
-16
-23
-31
-34
-27
-26
-21
-22
-23
-42
-47
-33
-40
-31
-39
-52
-33
-35
-33
-33
-37
-33
-29
-39
-35
-33
-36
-39
-31
-17
-29
-31
-15
-29
-24
-17
-14
-17
-15
-11
-21
-18
-26
-9
-14
-11
-22
-23
-10
-4
-3
0
-6
-16
-24
-15
-24
-14
-7
-17
-6
1
-6
-27
-6
5
-2
5
-7
-11
-7
-16
-12
-2
5
2
-8
1
1
-3
-12
-3
3
-12
6
-3
-8
-3
-15
-5
11
-5
0
-4
-3
-13
-15
-20
-23
-8
-16
-5
-11
-14
7
-7
-9
3
4
-2
2
-1
6
5
-8
15
-1
-6
18
11
13
13
22
21
24
11
4
16
13
6
4
7
17
17
15
7
3
6
11
7
-8
1
3
-6
4
6
-7
1
-2
-12
-9
-3
-5
-5
-2
5
16
-3
8
1
9
11
0
-9
0
25
7
15
18
7
6
7
10
16
24
14
11
8
17
21
0
3
18
27
25
16
14
27
5
3
12
0
9
6
-6
2
7
9
9
14
10
-2
10
9
6
-13
-20
-18
-12
-6
-3
0
2
-7
-16
-5
0
-1
-14
-3
9
-2
-3
14
8
-8
-1
-9
9
-8
-5
-10
-12
-7
-17
-13
3
-4
-15
0
3
0
8
3
-11
3
7
-2
1
4
-16
-15
-15
9
-5
-11
5
-14
-17
-14
-27
-33
-22
-16
-26
-28
-22
-25
-21
-15
-16
-24
-14
-19
-29
-29
-27
-34
-27
-25
-23
-17
-41
-18
-13
-23
-6
-17
-20
-17
-17
-10
-12
-27
-18
-12
-23
-26
-10
0
-4
-19
-9
-5
-2
-3
-8
-18
-17
-11
2
6
-7
-19
-15
-11
-23
-20
-3
-17
-16
-6
-15
-7
-12
14
-10
-11
-12
-20
-20
-38
-29
-22
-32
-27
-23
-31
-33
-16
-22
-16
-20
-14
-8
-17
-6
-16
-8
-5
13
17
-4
-1
11
7
-2
25
24
12
27
34
25
30
37
22
42
37
43
56
46
46
52
56
48
52
51
42
50
35
48
53
62
64
56
67
65
60
60
44
56
66
54
37
38
43
37
50
41
45
42
37
39
40
42
37
42
30
28
30
28
32
30
32
41
43
21
49
40
31
43
34
48
39
31
33
11
15
39
41
28
27
24
32
29
31
19
31
43
37
40
44
43
26
42
46
43
39
27
27
43
40
23
40
28
29
39
33
32
31
31
20
38
37
39
38
19
25
14
18
25
41
27
25
18
10
15
24
31
21
37
43
23
14
27
29
26
21
13
17
28
22
11
13
23
16
31
19
16
13
19
12
4
20
21
25
18
17
37
12
22
30
24
27
8
17
5
7
8
-2
22
12
24
17
5
18
12
0
-5
7
-11
2
-2
-12
-3
4
1
-4
8
-1
-8
3
-4
-5
-4
-3
10
15
13
10
14
11
12
10
2
-6
-3
2
3
-10
3
3
-4
-4
-11
-15
-9
-21
-14
-9
-11
-19
-18
-32
-32
-24
-12
-13
-37
-7
2
-11
-9
-19
-24
-17
-21
-12
-9
-13
-15
-16
-11
-20
-29
8
-21
-22
-6
-14
4
-12
0
-18
-18
-6
-7
-7
-15
-16
-8
-10
-9
-5
-23
-28
-17
2
-1
-4
-2
-10
-1
7
-3
0
4
1
11
16
21
9
5
11
12
10
-3
15
11
14
20
-1
12
16
15
17
13
5
1
18
4
5
17
16
13
11
14
9
20
22
36
27
31
12
1
35
19
15
23
22
27
26
25
31
20
21
27
18
21
33
20
21
38
30
20
17
34
27
33
18
27
32
22
21
21
37
30
32
17
23
41
25
15
34
23
26
31
37
27
34
51
48
53
27
27
30
32
28
20
19
35
32
26
33
27
26
42
27
16
29
23
27
28
27
23
28
30
42
39
48
41
33
34
40
49
44
41
36
36
32
27
38
47
28
41
30
52
52
53
51
54
63
47
59
57
50
38
45
61
48
52
49
47
55
49
42
45
41
45
67
52
45
61
51
44
61
63
43
56
60
55
57
45
54
39
44
57
42
47
38
34
50
35
30
24
13
14
9
16
20
18
18
19
14
13
15
11
25
21
31
34
19
23
19
20
31
34
46
37
42
50
30
27
27
29
36
24
42
45
39
37
33
38
45
54
55
48
48
51
35
37
48
52
38
37
38
36
27
39
34
25
35
19
37
38
52
52
31
34
41
43
35
21
29
25
42
45
34
40
46
43
47
44
46
51
47
52
67
70
40
57
43
38
55
56
48
64
62
50
44
44
48
41
44
28
48
51
41
45
43
50
50
39
42
48
38
31
32
40
42
38
37
40
37
25
36
13
17
29
35
35
28
31
20
25
23
16
18
10
22
19
8
29
19
12
24
30
41
34
37
40
33
19
41
53
38
37
32
34
43
39
34
48
28
25
22
35
34
41
53
44
44
33
43
47
41
34
48
21
26
30
31
17
28
39
28
27
26
14
13
15
0
6
5
14
18
9
17
3
10
10
8
26
3
3
0
22
36
23
23
15
30
32
35
25
18
29
28
21
15
14
27
21
30
26
30
19
30
25
18
22
22
43
25
40
47
27
38
20
15
33
21
21
14
38
30
13
17
17
15
5
7
10
8
8
9
9
11
7
16
14
6
18
14
4
16
13
13
5
4
15
19
14
17
17
15
11
17
18
17
29
21
15
16
13
10
16
21
2
7
3
3
7
11
7
-6
7
6
9
3
7
21
6
9
8
3
29
18
13
20
12
10
10
-3
4
-1
-3
7
6
15
10
9
14
4
2
-2
12
9
-8
8
3
8
7
1
7
-13
-12
-17
-5
-11
-6
-16
-19
-8
-16
-4
-5
-15
-7
-13
-27
-9
-20
-23
-32
-28
-13
-16
-28
-34
-28
-37
-35
-43
-30
-19
-22
-6
-26
-15
-16
-31
-38
-13
-19
-33
-17
-31
-23
-19
-15
-7
-9
-21
4
-9
-3
-11
-20
-6
-16
5
19
-12
-16
-10
-13
-2
-13
-21
5
-5
-13
-11
-24
-17
-18
-23
-24
-18
-19
-18
-13
-21
-16
-18
-24
-20
-12
-4
-11
-20
-12
-14
-30
-20
-7
-13
-20
-19
-13
-25
-22
-19
-20
-10
-3
-3
7
-11
-18
-22
-31
-13
-17
6
16
-1
-11
-4
8
5
-3
0
6
10
15
12
10
-2
4
-1
5
3
-9
-9
-1
10
-4
2
-7
12
11
3
-2
-4
-4
-2
-8
1
-16
-16
-7
-16
-11
-10
-12
-5
-11
-4
-10
-22
1
-12
-4
-1
2
-19
2
6
-9
-4
9
-1
-1
16
1
1
18
6
1
28
10
9
-5
-12
6
-23
-15
-8
-17
-15
-25
-9
-16
-7
11
-14
-16
-10
-13
-10
-13
-7
-15
7
-7
-19
-4
1
-2
-13
3
-12
-1
-12
-14
2
-5
-4
-4
-2
-5
0
-7
0
-1
-4
8
-7
6
8
-7
11
10
9
-3
-14
-2
-6
-11
8
6
-1
-2
-8
-14
-17
-10
-18
-14
-16
-18
-16
-15
-7
-9
-11
-1
-10
0
3
-1
1
-2
2
-4
0
0
3
-7
-14
4
3
6
-4
1
-5
-10
-4
8
3
-11
-16
-22
-18
-14
-22
-14
-14
-24
-37
-18
-11
-27
-10
2
-11
5
9
-12
3
-3
-18
-9
7
11
7
13
-1
-6
10
-4
0
16
10
4
0
0
-1
6
12
-1
7
4
12
8
-9
0
2
-1
-5
5
1
-7
-2
0
2
-12
-13
6
9
4
-3
2
-7
1
-1
0
6
3
14
5
19
13
13
10
13
8
7
26
9
20
14
11
9
8
11
7
13
14
21
-6
0
11
5
2
-6
6
13
6
-9
11
11
1
5
3
13
13
16
7
16
12
19
-4
-7
-16
-4
17
-1
10
3
-5
-10
1
-9
-8
3
-22
-26
-16
-29
-30
-34
-21
-5
-13
-13
-16
-21
-19
-22
-22
-29
-17
-11
-12
-7
-12
-9
-21
-16
-17
-14
-10
-9
-19
-26
-8
-9
-19
-26
-19
-14
-12
-11
-7
-27
-26
-19
-15
-17
-17
-19
-29
-27
-32
-25
-26
-37
-33
-33
-47
-21
-37
-41
-36
-35
-38
-45
-39
-33
-48
-50
-42
-43
-40
-38
-36
-46
-44
-37
-58
-50
-36
-41
-44
-45
-28
-38
-47
-50
-46
-38
-52
-49
-52
-33
-35
-42
-59
-59
-42
-31
-32
-36
-44
-55
-37
-32
-31
-26
-35
-46
-47
-45
-36
-28
-23
-36
-32
-32
-22
-21
-13
-20
-12
-24
-33
-24
-26
-6
-15
-17
-11
-23
-22
-31
-9
-22
-33
-32
-8
-14
-28
-11
-28
-12
-7
-15
-27
1
-19
-28
-17
-12
4
-14
-7
-24
-13
-8
-21
-18
-16
-10
-13
1
-10
-14
-10
-22
-1
-7
-2
-10
-11
1
-11
-23
-14
-6
-19
-3
-17
-17
-11
-8
-15
