27
18
27
7
34
31
30
23
11
24
38
22
18
31
36
34
43
43
29
34
29
45
37
28
44
31
48
39
24
29
10
21
12
1
0
19
10
10
13
12
0
-11
6
10
25
14
11
36
25
26
28
28
31
20
26
35
26
33
49
25
33
37
30
47
28
47
48
35
38
30
34
27
30
18
27
31
18
37
28
28
28
26
19
18
34
29
33
25
20
24
14
19
25
25
19
29
28
36
25
31
30
29
23
20
29
21
30
25
28
34
13
-5
5
19
23
3
-4
7
-9
1
-5
-12
-5
-9
-18
-23
-20
-35
-24
-30
-29
-22
-11
-20
-20
-15
-25
-28
-17
-27
-17
-24
-25
-13
-11
-12
-11
-25
-30
-12
-23
-17
-17
-16
-25
-16
-20
-28
-12
-11
-18
-27
-24
-18
-24
-24
-20
-21
-10
-9
-18
-19
-26
-13
-20
-27
-15
-37
-31
-25
-32
-30
-44
-30
-30
-30
-28
-47
-51
-46
-45
-39
-39
-53
-44
-49
-53
-38
-42
-42
-38
-37
-41
-50
-49
-42
-46
-52
-55
-41
-55
-38
-46
-48
-34
-46
-42
-40
-45
-49
-43
-35
-50
-51
-41
-48
-44
-42
-37
-53
-33
-43
-35
-39
-48
-39
-37
-29
-34
-34
-35
-36
-35
-40
-48
-49
-43
-47
-36
-36
-44
-36
-41
-43
-46
-41
-22
-32
-34
-28
-40
-31
-43
-42
-30
-49
-37
-38
-36
-43
-43
-56
-46
-44
-50
-42
-41
-38
-34
-21
-44
-36
-30
-38
-34
-35
-45
-41
-27
-53
-38
-22
-26
-38
-51
-40
-42
-29
-39
-54
-33
-44
-43
-27
-53
-41
-45
-39
-42
-49
-45
-35
-36
-48
-28
-41
-31
-37
-40
-51
-61
-58
-52
-53
-59
-53
-56
-52
-41
-56
-44
-51
-55
-37
-39
-60
-53
-57
-47
-38
-56
-40
-44
-39
-52
-56
-42
-47
-47
-52
-48
-51
-54
-48
-52
-39
-34
-27
-39
-50
-47
-45
-40
-39
-35
-45
-36
-21
-25
-31
-26
-32
-33
-28
-48
-32
-29
-43
-22
-29
-45
-36
-39
-28
-34
-34
-35
-29
-21
-46
-33
-31
-35
-29
-44
-35
-25
-49
-37
-35
-43
-43
-40
-53
-61
-51
-47
-42
-48
-56
-58
-58
-64
-52
-45
-62
-49
-63
-50
-43
-47
-40
-63
-45
-59
-52
-56
-55
-51
-59
-68
-82
-73
-65
-66
-63
-60
-83
-72
-69
-76
-73
-73
-64
-70
-63
-73
-65
-71
-62
-64
-69
-71
-67
-56
-63
-49
-55
-65
-64
-72
-67
-53
-62
-63
-65
-63
-50
-50
-68
-70
-59
-71
-57
-59
-63
-78
-73
-68
-78
-70
-69
-64
-56
-66
-59
-67
-65
-67
-66
-50
-50
-63
-52
-69
-55
-47
-60
-40
-66
-51
-59
-58
-35
-49
-62
-43
-53
-49
-34
-34
-26
-42
-41
-43
-49
-55
-57
-62
-56
-45
-55
-31
-40
-40
-42
-44
-46
-62
-60
-50
-48
-46
-48
-56
-44
-47
-39
-52
-46
-47
-49
-50
-33
-47
-36
-29
-42
-30
-37
-28
-38
-33
-36
-34
-26
-42
-36
-37
-46
-36
-33
-33
-41
-32
-25
-41
-40
-27
-25
-21
-26
-20
-19
-19
-15
-18
-5
-17
-31
-27
-22
-35
-26
-35
-27
-18
-18
-29
-12
-15
-15
-20
-29
-4
-15
-4
-9
-6
-4
-11
-7
-24
-12
-12
-14
-10
-4
2
11
6
-3
-18
-21
2
-15
-7
1
-16
-13
-11
-18
1
11
0
19
13
15
14
14
21
22
28
14
-1
3
18
15
17
20
20
15
10
7
14
20
27
25
15
30
19
15
24
12
11
18
23
18
27
25
20
25
18
24
32
19
15
34
26
20
25
35
46
42
26
12
41
43
23
42
46
48
38
29
52
48
39
42
48
51
49
36
29
24
25
40
36
24
44
49
47
49
49
65
52
50
44
54
56
50
46
26
50
41
27
33
36
25
28
29
29
34
23
28
29
40
33
30
46
38
18
23
30
19
27
32
40
52
28
21
32
34
32
39
66
33
38
37
25
29
30
43
13
34
19
32
49
48
50
41
42
36
40
42
34
45
45
41
41
43
60
57
37
42
52
47
56
56
53
69
63
57
59
45
39
48
45
38
38
61
60
35
58
45
41
50
48
42
33
50
43
39
34
38
55
63
59
45
26
30
39
37
54
28
36
42
35
43
27
54
49
40
41
41
46
52
40
42
47
38
53
40
59
43
45
59
45
42
48
36
50
35
14
27
25
34
24
22
14
18
19
35
37
34
35
33
30
29
37
17
21
37
29
36
34
23
33
33
26
29
32
33
18
47
51
23
47
39
43
26
45
38
26
40
34
38
40
61
44
33
22
36
31
41
48
28
46
38
40
48
48
42
57
52
48
61
44
43
53
46
34
39
47
39
46
36
47
48
52
60
52
57
65
64
72
61
47
68
57
55
54
56
54
58
60
62
64
61
79
48
66
60
66
69
58
50
49
63
67
55
56
56
50
55
56
51
39
41
49
58
53
53
47
60
61
45
65
64
41
57
64
63
66
75
60
56
60
56
59
66
62
57
50
39
53
52
44
51
71
48
29
56
48
44
51
52
30
40
45
30
34
29
43
33
22
25
29
17
19
16
12
26
16
10
24
33
9
25
4
1
10
-6
2
14
15
-3
6
1
7
-1
-5
-3
12
-18
-2
5
-11
1
-3
-3
-25
-19
-20
-22
-7
5
6
2
-4
-10
-5
-17
-28
-29
-19
-24
-32
-26
-22
-28
-31
-29
-29
-31
-16
-25
-40
-41
-26
-25
-38
-20
-33
-39
-40
-40
-59
-45
-32
-55
-40
-45
-53
-50
-48
-62
-57
-54
-55
-63
-62
-48
-66
-61
-66
-67
-63
-70
-66
-68
-66
-58
-59
-64
-63
-62
-52
-44
-65
-59
-61
-63
-62
-70
-66
-80
-70
-69
-66
-69
-69
-71
-76
-77
-78
-71
-62
-63
-51
-69
-77
-60
-63
-69
-69
-78
-77
-78
-83
-80
-78
-87
-78
-66
-77
-66
-61
-60
-66
-69
-90
-77
-77
-79
-76
-86
-82
-78
-73
-75
-80
-77
-77
-75
-65
-74
-69
-83
-83
-83
-73
-73
-93
-103
-95
-89
-103
-80
-73
-90
-91
-89
-85
-68
-74
-79
-88
-82
-78
-91
-85
-99
-97
-95
-92
-93
-79
-96
-107
-94
-84
-79
-101
-97
-89
-98
-88
-96
-99
-99
-104
-102
-99
-111
-104
-95
-88
-97
-99
-97
-102
-85
-91
-85
-86
-85
-80
-80
-79
-87
-72
-87
-85
-89
-97
-81
-93
-83
-71
-77
-80
-80
-77
-81
-91
-85
-94
-95
-95
-85
-99
-90
-87
-81
-97
-96
-92
-99
-75
-88
-95
-82
-77
-84
-79
-87
-91
-90
-90
-99
-96
-78
-72
-92
-77
-86
-79
-69
-92
-81
-85
-79
-88
-80
-76
-80
-87
-82
-66
-77
-78
-72
-81
-70
-71
-76
-64
-58
-63
-55
-67
-64
-62
-76
-77
-74
-76
-64
-55
-61
-74
-73
-67
-69
-65
-64
-70
-65
-72
-88
-69
-78
-70
-66
-72
-76
-86
-88
-80
-86
-83
-67
-75
-77
-81
-67
-68
-71
-82
-80
-67
-64
-80
-75
-69
-73
-83
-90
-87
-93
-73
-69
-71
-77
-81
-72
-89
-79
-71
-70
-69
-70
-72
-83
-70
-77
-76
-65
-54
-70
-60
-66
-73
-55
-53
-56
-64
-60
-58
-53
-66
-49
-68
-53
-58
-77
-56
-63
-59
-67
-59
-61
-61
-57
-56
-59
-64
-49
-59
-60
-60
-57
-42
-56
-68
-61
-55
-70
-60
-61
-61
-51
-55
-63
-55
-59
-66
-56
-64
-65
-61
-59
-47
-42
-63
-61
-69
-72
-59
-47
-49
-43
-55
-41
-36
-47
-51
-44
-52
-48
-37
-40
-35
-35
-51
-35
-28
-47
-28
-27
-23
-34
-26
-57
-40
-41
-52
-30
-50
-42
-40
-23
-24
-42
-36
-35
-26
-22
-5
-16
-19
-23
-18
-25
-27
-30
-25
-40
-25
-30
-30
-37
-32
-21
-41
-22
-29
-15
-27
-30
-32
-18
-32
-22
-5
-20
-8
-21
-16
-28
-10
-7
-10
-1
-15
-16
-15
-22
-24
-23
-9
3
-10
-13
-11
-29
-5
-2
-10
-4
-25
-4
0
-4
-3
-10
-2
4
-1
4
9
-1
-3
0
-6
14
18
22
19
9
21
11
22
9
2
28
17
9
26
24
14
29
22
36
26
22
31
43
37
25
34
19
13
15
20
42
13
20
35
31
37
23
25
28
29
25
21
30
38
29
34
17
19
24
24
18
15
25
10
11
16
13
22
22
16
31
25
34
28
19
33
36
22
24
17
19
23
19
24
24
23
22
29
22
13
25
25
22
23
24
28
33
23
20
34
32
31
32
17
26
30
31
26
22
21
15
33
31
26
28
30
16
9
12
16
-2
2
9
16
26
26
10
6
14
9
23
8
11
11
19
30
25
22
11
-1
12
16
18
15
25
25
3
10
13
10
-3
11
22
7
23
28
20
33
35
23
33
42
31
31
30
28
26
22
40
44
32
51
51
49
42
43
51
42
51
59
63
42
52
65
47
42
45
44
51
47
38
55
51
48
49
51
38
39
31
39
40
38
42
30
31
30
33
34
31
29
40
28
28
13
31
43
25
39
39
28
47
50
35
37
29
25
22
37
25
22
18
18
19
13
31
35
6
29
30
19
9
9
25
12
23
24
23
3
25
28
15
23
28
53
20
37
32
28
32
14
31
17
25
19
31
29
25
32
23
39
41
33
37
37
29
31
44
39
34
21
28
27
39
50
49
46
46
52
36
38
57
50
26
29
53
48
41
39
41
42
42
54
40
38
24
31
43
38
27
28
44
44
49
43
46
51
36
37
18
14
23
14
20
23
18
16
14
16
12
29
40
32
41
29
39
30
30
31
30
33
12
14
30
21
26
18
13
9
4
11
7
0
-5
-7
0
10
-2
-6
-12
-6
-25
-17
-13
-25
-12
-20
-19
-13
-29
-19
-10
-30
-16
-10
-14
-20
-14
-31
-28
-37
-26
-12
-36
-32
-28
-45
-32
-35
-47
-52
-53
-42
-55
-51
-69
-70
-54
-73
-81
-83
-69
-72
-71
-59
-62
-73
-85
-75
-78
-72
-68
-75
-77
-83
-76
-78
-80
-80
-78
-79
-91
-79
-77
-91
-80
-70
-66
-83
-77
-87
-91
-79
-78
-78
-88
-88
-86
-69
-77
-65
-78
-82
-82
-76
-68
-77
-83
-74
-80
-94
-75
-79
-75
-89
-79
-87
-96
-91
-73
-57
-73
-63
-68
-61
-76
-72
-65
-64
-67
-76
-57
-60
-45
-54
-60
-52
-63
-60
-74
-64
-63
-62
-59
-69
-54
-51
-54
-45
-59
-68
-40
-57
-58
-52
-70
-65
-59
-58
-71
-60
-70
-67
-66
-66
-63
-71
-61
-72
-76
-78
-74
-82
-69
-71
-74
-85
-91
-80
-90
-90
-94
-87
-78
-96
-92
-73
-84
-77
-81
-89
-85
-99
-85
-98
-96
-97
-96
-91
-95
-88
-76
-79
-79
-70
-80
-72
-76
-83
-80
-103
-98
-91
-90
-88
-84
-79
-92
-79
-69
-76
-96
-66
-73
-72
-64
-55
-60
-62
-72
-75
-58
-55
-68
-83
-72
-82
-68
-63
-70
-68
-78
-68
-58
-70
-84
-84
-79
-82
-87
-92
-72
-76
-85
-75
-80
-79
-93
-84
-93
-88
-80
-97
-95
-94
-99
-92
-92
-100
-84
-89
-94
-96
-104
-103
-83
-102
-92
-101
-108
-106
-99
-102
-114
-106
-108
-126
-121
-116
-113
-102
-92
-90
-114
-103
-102
-84
-108
-93
-93
-105
-90
-106
-100
-114
-99
-92
-95
-86
-98
-98
-96
-88
-88
-90
-78
-79
-80
-82
-87
-84
-73
-85
-94
-75
-91
-99
-86
-86
-104
-85
-89
-82
-82
-78
-75
-84
-67
-75
-80
-84
-80
-85
-74
-82
-88
-69
-75
-81
-87
-76
-69
-80
-69
-64
-68
-79
-76
-70
-61
-56
-73
-72
-82
-72
-85
-82
-79
-74
-81
-74
-67
-73
-71
-86
-79
-80
-82
-78
-63
-73
-66
-66
-66
-59
-59
-59
-57
-62
-56
-44
-50
-50
-59
-58
-43
-47
-49
-49
-49
-41
-60
-51
-36
-39
-41
-59
-76
-55
-64
-61
-59
-52
-54
-56
-46
-51
-53
-57
-49
-35
-43
-46
-47
-38
-40
-48
-32
-28
-41
-41
-38
-37
-47
-45
-33
-41
-47
-40
-44
-25
-37
-40
-33
-49
-26
-48
-48
-24
-39
-44
-49
-43
-33
-31
-26
-37
-40
-32
-44
-37
-48
-40
-35
-33
-31
-42
-33
-38
-30
-26
-40
-33
-38
-33
-45
-50
-41
-34
-48
-43
-25
-36
-33
-37
-43
-29
-43
-40
-30
-27
-20
-34
-20
-18
-24
-15
-4
-16
-14
-10
-13
-11
-8
4
4
-1
-20
-10
10
10
8
4
9
0
8
6
-1
4
4
8
6
7
8
8
2
4
-1
19
11
31
36
25
39
31
36
38
49
35
44
30
43
41
35
40
27
32
31
40
39
49
38
38
54
45
32
36
36
31
27
56
44
33
30
38
51
47
49
51
47
56
44
29
51
34
33
50
52
42
46
46
35
41
39
21
34
50
47
49
45
31
50
58
54
41
41
38
30
40
49
45
31
40
41
33
39
45
55
51
47
50
62
57
62
59
58
75
58
62
62
55
62
81
63
61
85
70
59
70
58
48
76
72
55
71
83
79
69
66
64
78
74
68
66
64
69
83
71
86
82
65
69
53
61
70
65
68
68
73
59
70
87
65
65
81
54
52
71
65
71
80
84
77
90
84
81
81
77
85
87
84
80
89
91
82
69
70
64
80
79
52
79
82
83
79
83
84
76
63
83
78
72
87
84
84
84
79
74
65
60
79
66
79
68
71
59
63
69
56
64
52
60
54
57
57
73
57
62
62
58
59
47
46
44
54
58
62
62
55
62
63
81
98
64
60
59
76
71
63
67
66
64
67
74
64
80
79
70
80
75
78
81
91
90
81
87
98
103
102
97
87
78
77
78
84
84
81
71
69
78
82
77
72
83
85
95
94
92
82
87
91
92
102
88
85
78
84
83
93
95
86
90
86
97
101
97
94
89
81
86
77
77
88
94
93
97
98
96
103
101
104
103
98
86
90
111
98
90
92
86
99
95
104
98
105
85
89
84
86
104
95
99
97
85
102
93
101
91
73
101
94
101
93
85
75
84
90
93
89
82
82
89
82
86
73
78
94
82
86
100
108
85
96
85
90
74
83
72
61
84
83
75
66
82
70
71
86
87
63
62
82
70
65
57
64
55
61
69
66
62
65
67
48
47
41
56
50
43
47
46
53
25
52
42
11
13
30
23
13
46
14
13
25
21
25
31
16
32
27
15
22
8
25
25
19
21
32
24
10
7
10
4
26
18
11
20
2
4
-14
10
3
-3
-2
-8
9
1
15
23
2
3
0
-10
3
-7
4
5
2
3
4
0
10
-3
-3
21
-1
-16
-11
3
-1
8
-2
14
15
5
14
14
4
4
3
0
14
14
29
11
17
30
23
9
12
18
-2
7
-1
8
-9
3
6
-7
9
7
7
-4
17
2
-1
1
0
-4
-19
-29
-19
-9
-21
-9
-24
-17
-7
-18
-16
-14
-19
-26
-22
-31
-32
-22
-12
-30
-31
-28
-26
-14
-32
-22
-22
-30
-29
-39
-39
-45
-33
-29
-32
-29
-34
-30
-22
-18
-29
-9
-20
-42
-38
-40
-34
-37
-41
-37
-30
-39
-46
-44
-28
-30
-30
-28
-11
-30
-48
-22
-29
-37
-36
-25
-25
-43
-26
-25
-16
-26
-17
-23
-27
-34
-35
-36
-47
-45
-31
-16
-13
-21
-15
-27
-33
-31
-29
-34
-28
-14
-31
-31
-34
-25
-38
-34
-31
-28
-34
-43
-23
-34
-33
-27
-25
-40
-51
-38
-42
-38
-40
-45
-47
-29
-29
-32
-23
-31
-30
-22
-27
-12
-31
-29
-27
-43
-47
-48
-37
-24
-39
-39
-34
-36
-33
-39
-26
-25
-34
-33
-37
-35
-43
-49
-34
-32
-33
-32
-28
-40
-44
-59
-48
-35
-39
-48
-46
-46
-46
-48
-63
-76
-69
-61
-74
-56
-51
-51
-47
-54
-46
-45
-58
-56
-59
-54
-66
-49
-56
-70
-60
-58
-73
-72
-74
-76
-71
-58
-73
-70
-64
-60
-70
-64
-62
-59
-60
-52
-64
-76
-65
-74
-68
-69
-69
-67
-72
-68
-58
-69
-62
-78
-69
-61
-63
-59
-63
-70
-81
-72
-70
-64
-62
-69
-69
-49
-51
-55
-55
-69
-51
-56
-66
-71
-51
-49
-58
-49
-50
-48
-55
-52
-41
-51
-46
-49
-51
-44
-38
-39
-56
-47
-42
-36
-35
-53
-52
-46
-40
-38
-51
-50
-38
-32
-20
-44
-29
-24
-25
-33
-20
-15
-38
-29
-44
-43
-36
-50
-20
-17
-27
-21
-15
-10
-26
-13
-19
-17
-22
-15
-25
-37
-38
-25
-10
-18
-19
1
-15
-16
-11
-19
-23
-21
-32
-21
-8
-18
8
-1
-14
1
-16
-12
7
1
-16
-4
-9
-9
1
5
-3
-8
-11
-9
-10
-19
-26
-14
0
-10
-1
-4
-25
-16
-16
-11
-3
-11
-11
-6
-7
-3
3
-8
-10
7
10
3
-4
-5
8
5
9
-6
10
21
0
6
11
17
23
13
23
33
39
35
49
31
27
48
43
47
50
48
39
46
49
58
62
53
42
47
66
59
72
62
59
60
70
55
51
71
75
71
63
82
77
72
64
66
69
57
66
58
42
66
61
64
43
58
55
57
56
47
56
62
67
69
59
51
47
39
52
40
40
44
46
53
48
65
56
55
60
42
59
53
56
54
56
54
61
64
61
67
52
54
54
59
55
52
71
65
58
51
64
60
55
65
61
65
61
60
78
63
66
77
70
70
84
64
79
67
64
75
56
83
79
60
62
79
83
70
76
90
67
79
70
46
69
70
67
64
59
54
60
56
56
64
58
59
71
70
69
66
74
56
60
55
55
69
67
64
68
78
68
81
72
86
76
76
88
77
93
73
82
101
96
93
81
83
71
78
83
85
87
89
93
91
83
84
87
83
78
89
80
89
94
81
95
92
100
105
99
86
94
90
104
100
87
98
101
99
87
94
89
77
80
91
78
74
85
87
80
78
83
83
86
90
80
72
56
72
80
72
82
86
87
72
76
66
72
63
59
68
53
60
71
62
56
57
43
53
48
47
68
51
50
55
39
62
53
61
58
48
58
52
44
50
65
64
69
48
47
46
46
53
55
68
64
65
66
61
66
58
66
76
79
88
81
77
80
86
83
99
84
93
93
90
95
73
87
96
110
101
99
110
115
104
109
105
122
126
110
126
123
123
123
119
111
115
117
117
117
110
115
99
95
109
102
87
97
95
75
80
71
72
74
78
75
72
70
60
70
77
76
63
81
67
72
64
47
53
47
53
50
45
47
52
52
49
22
39
41
43
50
46
27
25
25
29
39
22
30
41
38
12
14
15
31
37
28
24
33
31
30
38
32
28
34
27
17
29
27
28
38
32
25
29
33
28
18
14
15
15
16
23
22
9
10
-5
6
-4
-7
-2
-16
-7
-15
-20
-15
-20
-20
-12
-14
-20
-19
-14
-21
-26
-26
-39
-33
-45
-39
-42
-42
-36
-35
-39
-46
-47
-52
-38
-43
-39
-38
-34
-35
-47
-42
-50
-30
-39
-36
-45
-37
-39
-53
-52
-46
-46
-53
-47
-54
-59
-49
-48
-68
-48
-58
-65
-70
-72
-52
-62
-68
-69
-67
-69
-75
-84
-84
-66
-84
-78
-71
-60
-66
-62
-58
-73
-70
-65
-80
-78
-72
-82
-83
-92
-82
-87
-89
-86
-100
-94
-101
-112
-109
-117
-109
-105
-102
-90
-94
-115
-96
-90
-107
-112
-94
-101
-91
-99
-102
-98
-114
-101
-108
-92
-90
-86
-108
-105
-101
-103
-97
-99
-115
-129
-104
-107
-112
-112
-120
-114
-126
-123
-115
-116
-115
-112
-126
-130
-126
-130
-104
-111
-118
-113
-112
-104
-110
-111
-96
-99
-105
-95
-87
-84
-96
-102
-95
-107
-108
-105
-95
-102
-101
-84
-82
-90
-87
-103
-84
-83
-99
-80
-84
-72
-79
-60
-63
-76
-68
-79
-88
-68
-61
-64
-67
-66
-68
-74
-76
-74
-59
-67
-56
-71
-68
-61
-75
-56
-77
-75
-87
-86
-65
-78
-83
-79
-91
-82
-72
-95
-86
-68
-81
-88
-76
-81
-73
-81
-64
-75
-84
-83
-87
-96
-102
-96
-90
-85
-89
-96
-87
-89
-97
-104
-94
-91
-105
-98
-116
-98
-96
-110
-106
-93
-100
-102
-98
-113
-92
-106
-105
-110
-110
-103
-119
-121
-117
-108
-122
-128
-117
-130
-131
-132
-131
-125
-128
-116
-110
-120
-124
-112
-114
-124
-122
-117
-115
-131
-124
-123
-134
-119
-127
-139
-128
-128
-130
-135
-136
-133
-153
-130
-140
-125
-125
-130
-120
-124
-119
-112
-107
-117
-132
-109
-126
-108
-96
-129
-121
-113
-102
-113
-104
-111
-119
-115
-115
-127
-119
-110
-127
-116
-122
-110
-113
-121
-117
-131
-105
-114
-114
-112
-129
-116
-120
-121
-127
-113
-123
-131
-121
-120
-131
-115
-106
-103
-110
-118
-110
-133
-108
-111
-104
-121
-128
-122
-133
-127
-121
-127
-124
-126
-133
-135
-138
-125
-120
-114
-120
-121
-125
-142
-121
-123
-123
-125
-119
-116
-111
-125
-118
-105
-118
-109
-120
-108
-108
-115
-107
-112
-121
-114
-105
-116
-103
-109
-107
-103
-104
-93
-85
-94
-90
-95
-79
-76
-92
-71
-86
-84
-92
-90
-90
-73
-80
-76
-54
-68
-63
-60
-57
-50
-58
-55
-65
-52
-48
-43
-56
-38
-41
-45
-48
-48
-26
-45
-41
-40
-41
-40
-51
-33
-41
-37
-27
-17
-17
-37
-19
-16
-36
-32
-11
-35
-16
-5
-6
-17
-3
-2
-5
-7
-17
-16
-18
-16
-11
3
-3
-5
-7
5
0
8
4
11
2
3
8
12
5
7
24
21
16
11
4
9
14
3
2
21
32
30
25
30
20
30
17
4
19
20
17
3
16
21
5
-6
0
-12
13
15
13
7
6
12
5
13
9
9
-1
5
11
11
13
17
2
18
15
-4
0
-2
5
7
17
21
13
9
18
0
2
6
9
8
9
17
18
12
24
29
17
11
18
25
11
26
7
25
19
16
15
13
19
4
26
22
14
30
23
14
30
23
13
19
32
39
18
29
26
30
26
17
29
36
40
36
37
21
23
32
40
14
22
31
19
44
31
37
36
41
36
49
62
46
31
42
40
28
22
28
27
34
30
24
32
44
57
37
41
39
31
18
25
49
39
42
29
24
46
40
41
40
37
48
41
39
32
34
42
45
48
31
21
37
29
31
33
22
19
28
32
21
29
30
27
26
34
32
33
22
32
23
37
46
45
48
46
33
28
35
32
35
41
37
24
34
40
50
44
32
38
33
32
45
42
33
39
33
22
37
41
45
28
47
41
53
49
37
51
48
46
54
61
38
58
57
38
60
41
44
42
46
52
54
75
49
51
43
58
53
44
62
38
38
58
39
38
60
63
56
45
64
60
60
80
65
79
75
76
82
75
84
78
66
69
73
80
91
84
94
80
87
91
71
83
86
76
75
73
82
86
71
80
75
73
74
64
79
70
67
77
72
61
57
79
76
64
58
65
68
67
70
61
67
64
51
53
56
53
76
65
47
58
48
39
58
56
57
51
44
52
60
48
36
51
60
44
41
41
41
30
22
22
31
34
25
28
24
22
19
26
24
22
35
29
16
19
9
2
10
5
4
4
-8
-7
-4
4
1
-5
1
-11
5
2
-6
-20
-11
-8
-25
-12
-8
-17
-17
-24
-27
-14
-25
-19
-28
-31
-27
-42
-27
-32
-36
-26
-49
-44
-43
-44
-56
-55
-47
-56
-43
-55
-61
-69
-62
-65
-72
-57
-52
-40
-48
-60
-47
-71
-79
-59
-66
-62
-63
-71
-73
-75
-73
-77
-77
-75
-88
-79
-86
-93
-102
-88
-89
-98
-84
-98
-100
-101
-95
-89
-77
-91
-94
-90
-101
-85
-75
-96
-84
-94
-86
-84
-91
-89
-97
-86
-102
-108
-91
-84
-103
-99
-93
-92
-88
-101
-109
-94
-95
-110
-103
-128
-118
-90
-109
-109
-102
-95
-100
-98
-102
-100
-91
-106
-109
-79
-88
-88
-119
-113
-105
-89
-83
-104
-91
-126
-106
-110
-112
-107
-124
-122
-114
-106
-109
-98
-95
-89
-94
-85
-100
-103
-110
-111
-105
-110
-127
-120
-107
-123
-106
-104
-106
-111
-113
-111
-103
-107
-109
-111
-96
-108
-112
-110
-116
-109
-109
-103
-101
-102
-93
-92
-102
-105
-87
-92
-82
-90
-91
-83
-89
-94
-77
-85
-88
-84
-85
-90
-89
-82
-85
-88
-88
-81
-90
-76
-91
-68
-78
-61
-71
-90
-70
-82
-96
-80
-82
-88
-84
-87
-72
-70
-88
-94
-80
-74
-80
-72
-55
-56
-63
-85
-81
-84
-88
-83
-76
-75
-79
-81
-104
-81
-84
-87
-75
-84
-68
-89
-94
-104
-95
-99
-91
-87
-97
-82
-86
-85
-83
-99
-87
-85
-87
-72
-86
-74
-86
-75
-81
-86
-82
-98
-105
-95
-91
-80
-91
-80
-102
-103
-102
-103
-102
-103
-95
-110
-96
-102
-108
-110
-113
-109
-108
-114
-116
-110
-115
-117
-108
-117
-125
-113
-111
-124
-107
-123
-113
-112
-108
-113
-125
-124
-131
-120
-115
-109
-112
-119
-112
-122
-122
-119
-126
-114
-132
-121
-130
-126
-111
-122
-124
-126
-136
-110
-103
-121
-115
-120
-120
-124
-114
-125
-122
-127
-140
-127
-121
-113
-130
-119
-122
-120
-121
-120
-126
-119
-108
-115
-119
-125
-118
-114
-118
-112
-106
-107
-105
-122
-100
-110
-114
-111
-106
-99
-100
-103
-100
-109
-103
-98
-108
-97
-112
-103
-123
-101
-111
-107
-95
-114
-102
-118
-91
-95
-91
-94
-103
-102
-106
-104
-107
-92
-109
-108
-103
-97
-107
-100
-91
-109
-92
-94
-110
-96
-96
-100
-102
-104
-98
-99
-125
-108
-110
-95
-81
-103
-103
-98
-84
-84
-90
-92
-90
-81
-87
-103
-95
-96
-94
-90
-94
-76
-81
-77
-85
-84
-75
-73
-81
-95
-68
-76
-76
-63
-81
-70
-65
-77
-75
-68
-80
-58
-83
-95
-67
-77
-55
-62
-72
-57
-71
-61
-52
-52
-60
-54
-55
-63
-65
-63
-50
-56
-44
-44
-55
-36
-45
-37
-24
-22
-37
-38
-36
-36
-35
-31
-24
-22
-8
-26
-36
-28
-21
-35
-28
-36
-21
-16
-13
-2
-19
-13
-24
0
-13
-17
-14
-18
10
0
8
0
-5
-4
-5
8
2
17
15
-2
4
-10
-12
-4
-10
-5
-1
-16
-3
-14
-13
-22
-4
7
5
-19
-12
-11
4
-5
-25
-5
-1
-1
-12
1
-15
-14
-14
-9
-17
3
-13
-17
5
-15
-7
-6
-6
-7
-7
-15
0
2
9
11
16
6
-8
-5
-3
1
13
2
17
31
6
1
4
9
-10
-6
-6
-17
-1
-5
2
-17
-11
-10
-23
-9
-19
0
-10
-28
-14
-9
-8
-6
-15
-8
-15
-1
13
4
0
-1
3
21
7
13
6
13
19
8
12
11
8
-2
21
23
29
23
13
19
24
29
23
30
31
19
19
22
26
19
41
29
25
29
26
40
35
43
24
45
28
37
45
30
36
31
29
31
32
16
28
45
34
22
22
32
34
36
33
20
42
42
38
39
38
30
36
37
30
31
38
35
25
27
35
44
21
27
27
21
30
33
23
26
29
42
37
36
52
44
42
37
34
37
40
43
42
42
26
33
34
23
22
24
26
18
22
27
28
38
31
28
30
34
36
36
50
51
42
51
65
59
54
61
58
63
42
69
64
58
63
55
73
57
67
82
66
76
63
71
79
77
89
77
83
74
67
75
83
97
100
83
97
86
80
84
91
97
86
76
85
86
81
91
106
92
94
89
109
105
99
109
86
91
84
86
90
79
77
71
82
87
73
78
90
82
63
87
82
78
79
67
78
69
61
64
70
82
66
71
62
40
72
66
60
66
53
55
63
39
54
68
60
71
63
59
70
61
53
45
48
59
43
36
37
49
43
36
36
40
47
32
33
29
38
32
33
23
16
21
28
28
16
16
15
17
28
37
22
20
22
19
11
22
23
20
9
9
12
15
5
17
8
4
3
1
18
2
3
11
-1
10
3
-4
-8
-1
-8
-18
-5
-7
-16
-24
-1
-17
-15
-9
-22
-8
-13
-20
-13
-20
-9
-2
-9
-7
-14
-4
-11
-2
-20
-22
-17
-28
-23
-28
-34
-36
-25
-28
-19
-18
-45
-36
-43
-32
-34
-35
-41
-33
-28
-42
-49
-51
-32
-37
-40
-29
-34
-60
-55
-41
-30
-35
-44
-36
-37
-53
-58
-51
-59
-62
-56
-61
-69
-59
-48
-70
-73
-66
-59
-56
-64
-64
-51
-57
-67
-61
-69
-70
-68
-66
-63
-65
-67
-57
-52
-74
-73
-57
-58
-64
-79
-65
-73
-79
-60
-61
-60
-67
-64
-67
-72
-74
-80
-71
-82
-81
-73
-95
-78
-68
-73
-70
-76
-71
-76
-79
-67
-68
-68
-58
-55
-59
-61
-71
-67
-73
-84
-75
-76
-74
-70
-60
-51
-63
-57
-67
-79
-66
-59
-51
-58
-52
-51
-61
-43
-51
-58
-59
-49
-57
-58
-52
-66
-59
-57
-47
-45
-55
-60
-53
-58
-49
-58
-45
-44
-60
-41
-47
-36
-60
-54
-45
-51
-53
-53
-58
-58
-67
-75
-67
-71
-75
-62
-63
-70
-63
-80
-82
-90
-76
-80
-72
-65
-64
-69
-71
-61
-57
-61
-60
-58
-73
-53
-61
-64
-60
-57
-79
-86
-68
-70
-74
-61
-77
-80
-65
-84
-60
-74
-68
-55
-79
-75
-65
-94
-85
-89
-70
-77
-86
-74
-77
-86
-95
-95
-94
-81
-85
-97
-103
-80
-116
-104
-101
-115
-103
-109
-105
-104
-86
-86
-102
-87
-80
-93
-96
-97
-95
-96
-96
-96
-102
-97
-115
-96
-108
-107
-93
-103
-99
-102
-109
-107
-99
-121
-118
-112
-103
-101
-95
-107
-122
-112
-107
-103
-113
-119
-124
-110
-132
-115
-101
-110
-110
-111
-119
-112
-104
-109
-112
-116
-114
-118
-112
-104
-107
-126
-116
-102
-109
-117
-99
-113
-123
-114
-100
-122
-112
-107
-102
-102
-102
-96
-95
-90
-105
-103
-100
-100
-99
-105
-106
-102
-102
-97
-89
-96
-106
-89
-98
-93
-89
-94
-82
-84
-98
-104
-105
-105
-109
-113
-99
-103
-95
-96
-111
-114
-106
-97
-106
-92
-120
-122
-106
-111
-108
-110
-103
-92
-103
-107
-98
-98
-90
-92
-84
-76
-84
-85
-88
-94
-97
-106
-101
-97
-102
-97
-86
-89
-116
-90
-103
-91
-89
-83
-88
-82
-80
-85
-67
-82
-81
-76
-68
-87
-76
-63
-77
-68
-61
-50
-54
-51
-55
-64
-50
-41
-50
-51
-44
-30
-46
-37
-45
-48
-31
-54
-60
-57
-36
-30
-49
-44
-37
-35
-41
-28
-26
-32
-6
-25
-16
-12
-21
-16
-18
-24
-17
-10
5
7
12
0
-3
10
7
24
12
4
9
13
27
11
13
17
17
29
12
13
11
9
6
8
18
17
10
17
11
10
15
20
17
22
17
17
19
13
23
18
20
23
33
22
2
7
15
20
12
6
26
18
6
12
4
15
6
-9
5
-1
8
1
0
1
-9
-8
5
11
6
20
9
23
18
25
30
24
37
31
15
16
43
25
22
38
38
51
38
19
34
31
24
28
49
43
43
47
55
46
38
26
39
38
31
49
25
45
34
41
46
49
54
50
49
35
39
29
41
38
38
46
47
40
43
35
43
43
48
41
26
43
39
31
30
37
52
39
27
37
32
30
25
31
6
13
8
-9
-54
-174
-232
-212
-110
-79
-137
-221
-254
-248
-148
-55
11
11
-18
33
84
161
203
238
289
311
330
334
318
309
324
334
372
315
223
139
53
66
66
32
-44
-147
-229
-270
-274
-288
-286
-322
-345
-337
-340
-334
-293
-230
-170
-114
-67
-41
3
67
110
191
257
341
362
355
357
373
387
407
408
386
306
226
194
172
149
95
13
-53
-108
-153
-180
-199
-192
-208
-229
-225
-217
-209
-170
-129
-80
-59
-21
-3
32
67
115
166
181
200
209
202
183
179
209
204
188
159
124
93
43
33
31
14
-2
-39
-57
-67
-70
-81
-68
-72
-47
-39
-39
-31
-20
14
47
91
111
120
131
123
161
211
207
223
206
193
179
167
162
172
179
161
103
61
59
37
21
7
-8
-39
-58
-70
-76
-95
-69
-58
-64
-77
-61
-36
-39
-29
3
47
32
55
54
98
111
102
139
157
166
167
128
118
133
176
156
-35
-137
-133
-17
85
13
-131
-256
-318
-213
-105
-11
-37
-151
-172
-156
-52
31
61
83
54
-2
-12
7
82
151
171
211
141
87
69
90
175
241
225
188
98
65
82
132
195
206
170
97
61
62
79
104
141
139
110
49
9
21
59
76
95
64
20
-23
-52
-26
-4
15
21
-24
-62
-109
-124
-107
-134
-141
-135
-152
-185
-225
-295
-318
-334
-255
-181
-217
-283
-364
-332
-235
-100
-36
-38
-54
-79
-42
41
123
159
190
157
173
177
163
204
223
210
211
179
122
72
28
57
46
52
20
-58
-107
-122
-102
-67
-27
-24
-14
-52
-51
-2
60
144
170
173
190
204
249
297
341
399
396
404
412
410
401
393
386
340
293
218
156
58
-36
-123
-186
-258
-379
-508
-638
-727
-818
-862
-888
-931
-994
-1073
-1082
-1072
-1014
-943
-904
-863
-813
-713
-605
-494
-374
-270
-158
-53
37
128
233
317
395
460
489
526
535
557
547
524
492
480
442
410
337
297
269
241
226
205
194
159
152
184
237
306
320
402
542
726
824
763
697
528
429
525
799
936
635
161
-42
-113
-84
-13
-13
-195
-603
-830
-813
-735
-671
-635
-660
-711
-778
-775
-711
-630
-415
-236
-164
-162
-199
-170
-67
114
340
379
262
135
86
102
147
97
8
-122
-254
-385
-547
-656
-722
-787
-819
-881
-1000
-1088
-1166
-1085
-986
-883
-840
-799
-782
-723
-564
-380
-217
-98
4
67
149
267
382
486
587
657
687
662
675
677
758
833
827
786
746
721
762
806
873
938
958
985
989
1053
1017
933
889
934
815
540
315
294
252
-23
-299
-441
-599
-831
-929
-876
-922
-1141
-1250
-1196
-1096
-1051
-950
-796
-704
-616
-438
-245
-108
70
249
407
510
599
699
723
743
797
853
816
667
562
487
331
179
63
-64
-286
-602
-840
-1052
-1195
-1307
-1407
-1522
-1719
-1845
-1894
-1836
-1694
-1608
-1550
-1479
-1356
-1181
-968
-733
-507
-304
-143
17
161
304
460
616
750
825
860
854
859
904
945
946
901
847
793
800
853
953
1034
1072
1104
1056
1080
1144
1306
1366
1206
1035
755
538
471
541
527
112
-418
-711
-835
-891
-952
-967
-1105
-1407
-1577
-1476
-1288
-1171
-1054
-914
-750
-696
-568
-351
-129
160
414
626
701
696
759
905
1042
1173
1202
1093
856
641
600
580
484
323
116
-162
-400
-578
-721
-962
-1279
-1468
-1577
-1632
-1764
-1945
-2056
-2085
-2019
-1833
-1700
-1589
-1585
-1481
-1227
-921
-636
-472
-342
-201
-26
154
384
526
616
669
698
758
775
774
765
742
737
703
631
539
475
459
482
524
607
694
794
911
1037
1221
1370
1481
1554
1625
1643
1539
1326
1205
1166
1165
1024
633
256
-94
-298
-423
-522
-643
-918
-1235
-1388
-1372
-1284
-1211
-1155
-1074
-1025
-951
-783
-565
-312
-51
174
356
487
602
731
900
1097
1228
1240
1185
1083
995
978
954
886
687
419
184
12
-142
-322
-491
-803
-1217
-1494
-1561
-1485
-1585
-1830
-2045
-2140
-2041
-1823
-1621
-1479
-1487
-1473
-1262
-948
-619
-403
-303
-190
-9
203
380
521
651
702
748
825
827
808
767
744
753
726
655
513
413
372
399
453
523
543
585
673
845
1133
1362
1537
1626
1701
1868
2038
2084
1911
1684
1631
1632
1539
1306
936
504
109
-72
-104
-243
-568
-951
-1228
-1378
-1375
-1296
-1247
-1297
-1327
-1298
-1183
-983
-773
-530
-305
-94
79
258
442
624
856
1073
1190
1197
1146
1091
1080
1092
1106
1007
796
508
286
149
48
-123
-386
-703
-1097
-1397
-1456
-1359
-1463
-1781
-2067
-2178
-2128
-1946
-1728
-1648
-1695
-1692
-1547
-1245
-925
-696
-564
-453
-268
-43
149
338
516
620
706
792
852
833
803
838
887
871
797
650
512
455
493
524
494
488
465
479
655
940
1145
1272
1484
1777
1991
2086
2148
2175
2055
1886
1896
2059
2020
1578
996
614
418
251
117
-65
-420
-969
-1410
-1493
-1376
-1362
-1441
-1542
-1607
-1654
-1630
-1354
-1045
-828
-633
-444
-276
-120
115
436
769
973
1090
1117
1023
1038
1166
1278
1270
1158
977
728
484
370
345
263
21
-294
-658
-1053
-1358
-1442
-1390
-1513
-1760
-2066
-2281
-2308
-2204
-1995
-1799
-1779
-1783
-1733
-1503
-1152
-840
-591
-420
-281
-123
63
328
579
754
884
912
927
973
1013
1059
1091
1050
983
852
717
670
658
650
644
634
661
708
812
1038
1272
1529
1745
1985
2226
2288
2255
2166
2086
2062
2095
2185
2056
1505
832
426
361
309
151
-163
-627
-1248
-1635
-1590
-1387
-1327
-1544
-1704
-1827
-1847
-1699
-1332
-947
-756
-659
-536
-367
-150
186
579
909
1055
1068
1051
1027
1078
1242
1400
1372
1134
874
627
462
398
432
294
-75
-621
-1174
-1353
-1285
-1151
-1348
-1841
-2254
-2466
-2370
-2117
-1935
-1927
-2082
-2108
-1922
-1601
-1268
-1024
-851
-671
-475
-225
46
271
541
744
902
1025
1071
1055
1074
1192
1276
1222
1085
885
726
664
693
720
660
525
425
477
607
819
1027
1199
1343
1574
1924
2313
2498
2294
1971
1830
2026
2335
2463
2179
1479
700
295
378
566
416
-131
-860
-1503
-1783
-1697
-1469
-1450
-1711
-2029
-2227
-2207
-1968
-1617
-1266
-1050
-959
-876
-721
-469
-72
410
765
970
932
840
847
982
1244
1455
1449
1192
819
559
524
567
567
303
-235
-793
-1078
-1086
-1124
-1398
-1796
-2124
-2309
-2370
-2294
-2232
-2261
-2292
-2212
-2004
-1776
-1564
-1373
-1140
-834
-562
-347
-159
41
269
519
751
908
907
870
878
930
1006
972
828
635
481
397
389
367
269
160
104
162
271
437
610
748
955
1257
1695
2111
2349
2551
2594
2491
2299
2209
2540
2819
2666
2034
1267
736
436
389
447
216
-521
-1486
-2060
-2103
-1911
-1826
-1935
-2195
-2564
-2767
-2644
-2136
-1658
-1392
-1237
-1164
-1029
-756
-313
231
687
967
1057
1007
988
1138
1393
1642
1735
1584
1312
943
739
724
766
628
186
-451
-986
-1212
-1170
-1182
-1547
-2116
-2579
-2741
-2569
-2309
-2218
-2401
-2631
-2570
-2216
-1744
-1418
-1280
-1191
-1035
-729
-306
43
255
423
540
710
906
1031
1063
1034
1067
1061
1022
926
772
623
542
538
528
445
308
228
316
525
767
881
970
1099
1336
1698
2142
2557
2871
2740
2258
1780
1700
2157
2721
2848
2172
930
-152
-390
100
602
448
-378
-1503
-2410
-2641
-2096
-1411
-1276
-1792
-2433
-2743
-2660
-2168
-1465
-859
-733
-960
-1125
-912
-449
134
752
1178
1190
860
631
712
1050
1435
1723
1655
1201
633
335
361
506
564
299
-376
-1064
-1377
-1397
-1441
-1669
-1970
-2289
-2542
-2583
-2507
-2468
-2515
-2471
-2245
-2012
-1800
-1661
-1498
-1250
-909
-508
-207
-39
84
192
400
729
938
988
934
878
879
863
888
853
702
558
450
429
431
399
381
314
315
496
698
858
989
1184
1463
1734
2134
2501
2888
2961
2514
1973
1859
2484
2996
2741
1908
1011
293
-121
-17
444
294
-788
-2034
-2575
-2454
-2225
-2055
-1969
-2217
-2842
-3207
-2911
-2187
-1640
-1404
-1262
-1151
-1082
-902
-365
330
848
1049
1128
1148
1107
1157
1438
1765
1904
1773
1475
1060
722
619
704
665
320
-281
-973
-1538
-1711
-1578
-1633
-1960
-2461
-2888
-3063
-2956
-2610
-2306
-2265
-2375
-2382
-2123
-1706
-1260
-884
-648
-471
-263
-10
287
620
781
889
964
1061
1101
1049
1020
953
877
788
669
507
351
213
179
228
258
240
193
234
424
731
1012
1267
1435
1679
1982
2416
2907
3348
3279
2507
1804
1988
2988
3473
2799
1596
642
-34
-330
55
690
262
-1345
-2762
-2932
-2442
-2176
-2049
-1971
-2330
-3154
-3460
-2744
-1740
-1314
-1267
-1090
-881
-847
-633
90
905
1287
1376
1457
1469
1362
1411
1773
2121
2163
1927
1488
967
636
621
720
578
53
-619
-1289
-1755
-1827
-1750
-1892
-2236
-2582
-2859
-2964
-2853
-2586
-2336
-2199
-2069
-1903
-1702
-1415
-1059
-646
-266
31
243
378
537
762
1008
1214
1363
1396
1276
1121
1068
1093
1078
1024
881
667
453
350
391
458
501
517
520
569
757
1048
1339
1597
1872
2174
2495
2904
3320
3033
2181
1632
2227
3247
3277
2295
1183
344
-263
-354
336
869
-41
-1874
-3003
-2785
-2248
-1959
-1743
-1711
-2412
-3382
-3345
-2262
-1222
-980
-1013
-922
-895
-905
-418
568
1297
1395
1278
1318
1306
1272
1543
1941
2101
1925
1594
1210
779
598
662
691
436
-17
-556
-1325
-1929
-1926
-1591
-1525
-1928
-2487
-2871
-3023
-2844
-2285
-1790
-1718
-1952
-2057
-1783
-1253
-702
-296
-78
-24
13
189
571
970
1219
1234
1186
1179
1127
1061
1065
1103
1053
897
672
493
357
293
319
397
448
405
338
433
696
1039
1352
1613
1848
2055
2355
2869
3311
3015
2183
1704
2268
3138
3150
2329
1322
439
-263
-346
389
835
-110
-1809
-2841
-2762
-2305
-1970
-1661
-1713
-2483
-3355
-3286
-2229
-1276
-1020
-1038
-985
-961
-853
-296
654
1299
1368
1315
1376
1427
1483
1727
2046
2148
1991
1712
1374
994
763
748
694
453
61
-473
-1196
-1756
-1807
-1569
-1555
-1884
-2340
-2698
-2881
-2741
-2254
-1819
-1731
-1835
-1851
-1630
-1196
-717
-292
-25
82
171
318
603
932
1149
1244
1260
1244
1166
1048
991
1016
1039
931
745
569
412
330
340
447
537
536
568
638
845
1117
1410
1750
2108
2407
2672
3026
2954
2322
1740
2060
3049
3336
2535
1469
664
37
-223
244
925
432
-1186
-2552
-2733
-2243
-1871
-1590
-1483
-2025
-3027
-3394
-2600
-1445
-903
-845
-901
-973
-1001
-612
325
1180
1466
1365
1266
1222
1293
1538
1935
2133
1978
1698
1331
942
724
714
731
511
124
-307
-839
-1367
-1694
-1759
-1740
-1817
-2009
-2322
-2653
-2817
-2634
-2222
-1868
-1691
-1688
-1700
-1560
-1211
-684
-240
29
147
170
273
525
845
1118
1218
1198
1137
975
874
855
928
944
815
613
408
272
213
240
351
407
337
348
566
910
1192
1350
1565
1894
2299
2756
2871
2410
1687
1589
2406
3127
2881
1931
942
204
-249
-17
653
673
-453
-1890
-2546
-2406
-2065
-1736
-1418
-1663
-2470
-3090
-2819
-1914
-1249
-914
-784
-854
-995
-853
-184
631
1100
1228
1232
1139
1049
1160
1502
1761
1740
1593
1373
1003
639
484
503
433
143
-217
-651
-1183
-1626
-1789
-1792
-1807
-1907
-2104
-2425
-2698
-2680
-2379
-2012
-1729
-1612
-1572
-1541
-1387
-981
-516
-139
83
160
242
371
553
838
1055
1154
1096
941
802
728
709
788
797
700
528
340
247
223
309
453
609
714
824
965
1194
1463
1767
2111
2588
2817
2347
1502
1220
1955
2798
2783
1986
1057
175
-476
-408
455
851
-46
-1510
-2383
-2406
-2145
-1738
-1243
-1231
-2004
-2848
-2888
-2130
-1354
-864
-624
-665
-936
-1032
-535
277
871
1131
1197
1045
837
820
1110
1451
1545
1486
1333
975
534
328
390
413
252
2
-389
-953
-1477
-1737
-1719
-1648
-1652
-1770
-2109
-2520
-2701
-2485
-2021
-1600
-1397
-1445
-1578
-1571
-1252
-736
-221
92
168
83
45
210
559
921
1106
1086
925
709
548
576
712
805
755
582
361
212
162
262
453
630
737
801
881
1032
1336
1721
2071
2393
2608
2445
1878
1335
1566
2372
2746
2224
1292
407
-247
-467
12
610
314
-921
-2111
-2475
-2229
-1814
-1417
-1259
-1689
-2457
-2802
-2371
-1594
-1022
-722
-660
-812
-946
-699
-47
583
894
1012
998
843
723
880
1229
1385
1322
1230
1021
692
396
291
343
292
76
-236
-690
-1220
-1595
-1681
-1585
-1507
-1625
-1946
-2336
-2586
-2519
-2150
-1730
-1492
-1493
-1628
-1677
-1434
-957
-483
-152
-15
4
16
136
410
731
929
1002
950
831
694
611
670
770
789
691
564
461
309
242
371
619
817
880
959
1076
1238
1513
1938
2415
2507
2042
1360
1194
1692
2279
2386
1841
976
113
-437
-334
238
528
-12
-1128
-2022
-2270
-2009
-1496
-1102
-1227
-1782
-2383
-2490
-2043
-1398
-847
-643
-748
-978
-965
-577
26
505
740
794
703
613
632
854
1123
1221
1191
1054
830
600
440
401
379
272
93
-260
-712
-1118
-1353
-1390
-1417
-1490
-1633
-1893
-2197
-2324
-2198
-1917
-1694
-1559
-1481
-1498
-1438
-1227
-819
-385
-149
-4
41
111
271
518
785
949
955
884
814
763
756
711
685
621
509
402
350
356
339
332
413
524
698
896
1090
1296
1557
1850
2244
2464
2182
1548
1239
1774
2528
2613
1929
1076
372
-44
-40
480
810
268
-879
-1826
-2020
-1674
-1227
-914
-1062
-1714
-2311
-2382
-1899
-1288
-863
-625
-735
-995
-1043
-605
88
522
676
733
731
622
607
832
1173
1278
1173
1086
896
669
487
464
485
375
187
-101
-546
-987
-1229
-1231
-1182
-1281
-1479
-1734
-2043
-2196
-2085
-1755
-1467
-1407
-1459
-1488
-1403
-1172
-809
-443
-188
-71
-21
34
206
455
742
946
989
908
822
756
782
828
866
833
696
583
509
504
540
633
703
807
930
1122
1326
1537
1795
2136
2435
2353
1855
1374
1540
2153
2513
2184
1423
601
82
-62
219
551
410
-367
-1325
-1908
-1909
-1462
-1022
-955
-1424
-1989
-2235
-1999
-1515
-1031
-689
-627
-764
-869
-673
-185
336
643
720
735
710
712
759
896
1062
1156
1137
982
775
579
438
384
386
345
202
-189
-662
-1041
-1214
-1182
-1094
-1110
-1381
-1803
-2094
-2076
-1835
-1487
-1286
-1269
-1417
-1538
-1388
-1040
-588
-259
-87
-55
-72
10
256
603
886
995
967
879
768
746
824
955
956
822
646
502
419
447
531
614
683
727
867
1043
1238
1459
1708
2059
2278
2103
1602
1212
1405
2029
2441
2169
1245
263
-248
-111
409
693
366
-495
-1439
-1968
-1828
-1257
-747
-804
-1354
-1987
-2249
-1908
-1299
-753
-537
-667
-873
-892
-612
-91
384
664
719
658
622
674
806
981
1062
1065
1086
1009
872
654
441
349
359
388
306
-20
-511
-1019
-1296
-1235
-1011
-891
-1123
-1642
-2127
-2290
-1958
-1404
-1046
-1070
-1345
-1581
-1534
-1161
-629
-159
22
-18
-148
-124
168
574
940
1078
1007
846
711
714
844
986
1048
957
778
608
489
506
609
740
854
911
1005
1144
1327
1533
1802
2104
2180
1866
1429
1349
1734
2160
2111
1546
789
261
122
302
443
298
-129
-700
-1212
-1469
-1440
-1147
-914
-994
-1390
-1773
-1796
-1502
-1117
-820
-667
-645
-661
-627
-379
-53
290
570
702
679
597
601
722
878
966
985
941
844
699
575
448
349
309
289
139
-128
-517
-862
-1056
-1050
-964
-969
-1187
-1573
-1875
-1925
-1685
-1365
-1157
-1166
-1306
-1406
-1294
-1010
-628
-314
-147
-97
-92
-1
206
500
762
907
891
807
755
764
851
927
950
838
640
492
438
502
592
641
615
613
676
833
1079
1322
1527
1729
1783
1610
1234
1098
1414
1942
2160
1744
931
215
2
322
754
779
300
-447
-1068
-1299
-1159
-825
-595
-716
-1101
-1559
-1754
-1611
-1175
-760
-567
-636
-837
-865
-677
-337
0
221
339
388
362
313
308
376
546
751
813
716
517
302
218
227
269
334
222
-39
-395
-732
-944
-950
-792
-733
-936
-1341
-1721
-1815
-1590
-1260
-1036
-1064
-1261
-1384
-1329
-1087
-752
-435
-243
-191
-200
-165
-42
224
536
732
764
621
480
497
595
702
748
715
619
489
408
369
398
489
559
643
733
779
833
946
1172
1393
1491
1408
1195
1100
1228
1466
1641
1492
1039
563
355
476
690
629
278
-181
-563
-688
-659
-596
-677
-884
-1098
-1195
-1178
-1177
-1182
-1139
-1036
-907
-826
-790
-713
-630
-512
-326
-147
-3
84
129
150
164
207
307
449
579
540
403
251
155
159
253
294
183
-86
-415
-602
-628
-526
-483
-645
-951
-1242
-1310
-1163
-948
-807
-881
-1010
-1007
-895
-687
-474
-312
-198
-136
-72
-5
130
253
363
475
493
433
336
288
316
386
428
393
285
157
58
23
82
143
156
178
180
165
142
174
281
407
542
612
670
693
719
738
764
865
974
1051
1043
908
764
684
699
750
766
654
427
180
-11
-74
-76
-89
-173
-294
-455
-568
-595
-578
-575
-601
-599
-566
-554
-596
-629
-602
-510
-408
-319
-294
-323
-354
-334
-219
-92
-25
-49
-111
-164
-205
-202
-138
-140
-214
-334
-434
-442
-440
-436
-487
-577
-641
-651
-596
-534
-510
-511
-533
-554
-519
-425
-344
-297
-282
-279
-263
-196
-143
-106
-51
-49
-49
-17
3
17
23
27
87
90
64
29
30
44
46
89
111
106
81
71
81
132
195
227
244
257
251
277
321
393
464
486
504
499
502
525
555
583
581
570
518
474
421
362
280
233
178
123
68
-5
-81
-139
-190
-228
-243
-248
-270
-270
-280
-288
-296
-277
-219
-171
-159
-183
-177
-138
-88
-61
-57
-69
-108
-123
-151
-142
-164
-201
-238
-319
-368
-443
-486
-515
-565
-609
-609
-605
-624
-632
-622
-587
-559
-515
-488
-441
-387
-346
-327
-267
-194
-139
-81
-61
-65
-46
7
36
80
121
102
72
67
94
118
102
87
44
43
54
83
93
87
66
34
29
70
148
184
215
192
178
198
250
314
354
396
417
409
429
459
512
545
520
501
488
446
426
400
355
304
245
193
130
63
-17
-90
-132
-171
-184
-193
-212
-247
-266
-268
-231
-223
-184
-153
-160
-149
-108
-43
22
25
-10
-21
-33
-22
-13
-25
-61
-142
-229
-246
-244
-254
-321
-408
-485
-516
-492
-450
-423
-444
-479
-470
-444
-378
-267
-206
-197
-182
-172
-97
-8
61
106
87
65
79
136
205
235
231
200
188
203
217
239
224
185
160
137
111
137
138
120
72
38
37
57
83
94
86
49
45
70
121
167
165
135
103
104
159
196
210
189
138
121
132
172
190
170
111
76
55
41
58
26
-16
-53
-93
-78
-72
-71
-82
-124
-152
-134
-88
-39
-33
-54
-47
-10
56
122
159
153
99
85
121
165
197
174
86
19
-47
-64
-69
-74
-136
-257
-345
-378
-369
-342
-314
-354
-428
-477
-455
-372
-286
-230
-238
-269
-257
-202
-121
-48
-20
-29
-30
-16
39
98
142
176
150
134
151
179
179
146
121
127
97
76
59
32
18
-14
-33
-19
-8
-26
-46
-67
-78
-64
-23
16
59
31
13
9
67
165
202
192
147
150
170
229
271
280
245
184
178
164
156
155
122
64
39
21
20
9
16
12
14
2
10
52
57
62
85
128
195
227
243
258
241
244
272
300
323
296
213
176
137
116
97
46
13
-57
-135
-182
-204
-195
-190
-224
-260
-310
-330
-295
-236
-187
-190
-193
-203
-168
-132
-77
-41
-21
2
38
75
114
135
174
217
258
270
277
277
240
241
258
299
280
242
176
134
121
87
93
113
101
39
-17
-55
-21
10
32
34
28
-17
-25
21
80
145
158
175
141
129
172
228
270
273
227
193
172
170
152
140
110
72
68
44
28
12
3
17
35
63
63
59
46
79
130
160
191
215
203
207
233
243
258
254
241
222
185
129
124
105
86
40
-16
-78
-128
-138
-159
-145
-165
-204
-237
-247
-206
-170
-155
-149
-133
-109
-75
-57
-41
-17
24
77
121
166
182
186
215
258
353
404
390
350
303
283
296
324
317
282
211
141
83
59
50
53
17
-27
-95
-122
-127
-119
-79
-78
-96
-129
-116
-89
-22
41
63
99
117
119
136
178
209
225
237
211
196
164
113
90
88
93
62
37
-19
-56
-78
-82
-53
-24
-14
-68
-102
-82
-44
26
62
80
91
88
106
135
174
203
211
176
137
113
114
87
66
34
-17
-72
-116
-125
-138
-158
-191
-208
-222
-224
-207
-186
-179
-169
-156
-150
-118
-88
-61
-45
-17
36
89
138
165
186
208
254
310
343
355
339
276
238
259
273
274
214
148
63
0
-24
-32
-52
-98
-185
-239
-279
-266
-239
-221
-229
-252
-268
-246
-194
-138
-77
-42
-6
18
62
93
116
141
148
170
162
139
106
56
37
-4
0
2
-35
-79
-128
-184
-185
-153
-121
-120
-163
-178
-166
-120
-71
-37
-13
-18
-12
12
71
122
140
160
137
121
123
157
142
125
76
5
-23
-48
-37
-54
-86
-124
-170
-174
-166
-168
-173
-190
-184
-178
-150
-123
-131
-111
-91
-45
14
37
88
105
128
152
195
273
297
300
297
275
249
268
281
279
226
147
82
31
15
12
-24
-73
-142
-212
-257
-247
-220
-207
-220
-263
-311
-292
-244
-201
-149
-116
-78
-61
-51
-23
17
43
53
61
71
83
59
19
-5
4
-5
-18
-21
-38
-86
-113
-117
-108
-49
-50
-73
-83
-122
-84
-47
-11
27
52
53
34
49
97
125
141
134
108
103
95
93
76
64
11
-36
-51
-80
-81
-97
-140
-153
-175
-191
-184
-183
-181
-185
-204
-188
-162
-155
-167
-159
-120
-72
-42
-16
-7
5
37
97
156
196
206
185
183
187
207
230
227
179
117
77
42
25
14
-3
-57
-143
-198
-238
-238
-228
-225
-256
-269
-304
-332
-282
-245
-208
-176
-167
-140
-85
-47
-37
-13
0
33
44
46
50
11
-7
-24
-18
1
-17
-48
-80
-108
-111
-97
-82
-75
-94
-111
-99
-82
-63
-41
-23
7
14
15
39
67
70
112
108
101
115
96
87
49
42
34
21
-39
-60
-72
-105
-96
-131
-148
-137
-177
-193
-196
-186
-180
-198
-190
-199
-203
-186
-154
-122
-88
-66
-62
-39
3
45
77
116
114
133
148
168
191
211
228
190
160
135
100
95
80
52
-5
-57
-109
-142
-143
-143
-155
-184
-217
-224
-215
-205
-176
-149
-111
-112
-92
-66
-24
-4
-1
16
34
50
50
40
32
23
20
8
-28
-24
-39
-51
-47
-68
-70
-66
-63
-50
-29
-8
25
16
34
67
97
140
154
176
182
187
199
204
224
235
230
211
173
154
138
140
114
87
31
18
-10
-14
-25
-40
-45
-62
-81
-90
-70
-73
-63
-91
-76
-63
-44
-25
5
9
12
27
49
100
133
156
171
181
185
182
208
240
233
208
178
163
140
117
121
92
47
8
-29
-68
-75
-78
-77
-93
-124
-138
-142
-119
-93
-57
-26
-17
-5
14
47
82
89
111
120
91
75
56
57
64
50
42
25
-8
-17
-39
-35
-37
-25
-36
-46
-35
-21
12
37
64
64
94
109
140
165
169
200
224
216
214
188
216
219
204
191
161
119
84
66
52
25
10
-9
-34
-49
-67
-87
-78
-71
-84
-85
-89
-72
-97
-96
-59
-36
-8
3
17
27
35
85
112
155
163
163
189
195
198
219
236
220
210
190
186
158
138
113
90
74
26
0
-9
-29
-41
-35
-42
-48
-55
-57
-41
-7
0
49
60
81
111
112
115
130
162
186
188
182
170
145
150
159
162
139
83
58
59
45
56
66
54
48
35
38
65
94
109
128
127
147
183
213
233
254
264
260
244
238
245
238
251
216
202
171
132
111
73
57
68
40
7
-8
-32
-62
-82
-50
-45
-47
-73
-84
-82
-61
-40
6
29
50
56
51
95
107
146
185
205
201
208
231
242
252
236
224
218
192
155
141
139
116
92
76
47
18
-13
-18
-22
-29
-30
-18
-27
-34
-30
3
64
99
118
147
188
177
176
179
215
241
240
217
180
159
148
126
127
94
67
36
-5
-3
-33
-22
-10
-24
-12
9
17
21
47
71
73
82
127
148
167
182
170
191
205
221
215
201
220
185
140
132
122
103
78
51
40
25
19
-12
-40
-46
-84
-84
-59
-63
-69
-68
-77
-80
-69
-34
-1
10
21
24
57
76
107
132
141
148
146
145
161
176
173
177
160
151
129
105
84
67
64
38
20
18
-4
-37
-35
-20
-20
6
10
20
23
27
52
81
118
151
163
155
174
188
194
204
193
200
186
144
134
109
90
73
48
23
-16
-37
-46
-59
-42
-32
-15
-21
-24
8
6
23
54
86
97
120
138
157
160
171
163
165
184
174
150
123
94
60
70
58
48
16
-15
-30
-46
-58
-62
-77
-80
-92
-98
-106
-110
-89
-67
-43
-53
-54
-39
-20
-13
22
43
58
68
86
104
127
150
146
144
144
138
126
117
125
100
87
67
41
21
-4
-15
-39
-68
-82
-98
-103
-96
-92
-68
-63
-54
-44
-20
19
43
64
105
95
111
135
138
161
144
145
136
113
101
56
24
2
-26
-64
-88
-98
-133
-155
-153
-148
-113
-97
-104
-103
-79
-37
-14
7
44
67
80
103
135
157
170
167
160
143
132
125
89
83
64
35
20
12
-26
-53
-73
-80
-98
-132
-126
-154
-155
-159
-161
-152
-148
-143
-98
-98
-93
-63
-43
-22
-10
22
39
36
46
69
94
108
106
112
89
75
82
73
57
24
6
-19
-33
-44
-65
-88
-113
-106
-104
-103
-102
-103
-97
-92
-58
-41
-17
18
59
84
98
113
128
164
166
174
159
155
138
117
88
26
19
-36
-63
-76
-99
-147
-183
-199
-214
-182
-184
-173
-176
-175
-165
-121
-76
-53
-30
-14
12
32
85
105
117
127
122
132
90
109
99
82
72
30
-1
0
-7
-24
-53
-98
-120
-140
-132
-131
-145
-165
-173
-190
-178
-163
-154
-141
-141
-135
-122
-98
-84
-53
-34
-29
-5
7
25
60
61
49
29
39
53
46
25
7
-9
-28
-34
-65
-69
-98
-136
-162
-168
-169
-158
-169
-165
-155
-146
-107
-72
-49
-25
-4
13
21
50
77
93
105
87
71
55
62
43
17
-28
-70
-77
-89
-126
-158
-187
-205
-203
-219
-217
-209
-208
-200
-206
-195
-159
-126
-102
-86
-69
-61
-31
20
31
46
38
35
40
51
75
61
53
-27
-157
-261
-223
-49
98
82
-126
-287
-323
-180
9
39
-72
-213
-210
-119
-45
-157
-295
-438
-761
-1012
-987
-747
-473
-431
-773
-967
-653
-207
-75
-263
-429
-353
14
282
158
-171
-337
-82
349
591
519
357
463
706
794
705
485
466
668
868
1039
973
727
470
270
175
161
217
207
95
-85
-268
-354
-417
-507
-599
-647
-568
-400
-335
-401
-552
-668
-622
-396
-106
141
254
257
225
234
346
433
519
595
643
665
668
563
361
198
78
96
142
126
-4
-228
-435
-552
-601
-595
-573
-525
-508
-480
-455
-468
-431
-409
-314
-152
36
211
308
307
262
268
337
477
616
674
620
544
474
394
309
220
154
106
79
43
-51
-202
-353
-486
-494
-439
-376
-309
-328
-391
-417
-409
-330
-193
-77
25
92
162
228
273
285
311
347
404
482
492
437
362
282
196
127
98
67
35
-34
-133
-231
-295
-299
-319
-290
-283
-264
-228
-191
-158
-158
-124
-82
18
152
220
249
269
250
253
286
306
297
293
265
195
123
72
10
-42
-78
-109
-152
-166
-188
-236
-236
-248
-224
-177
-123
-67
-19
30
51
100
140
192
233
265
285
286
275
272
239
195
138
78
26
-31
-85
-127
-161
-234
-288
-304
-289
-276
-258
-273
-257
-211
-185
-130
-71
-25
55
102
147
210
228
267
272
253
257
259
284
268
208
156
123
105
73
7
-31
-39
-48
-42
-54
-66
-69
-70
-30
3
54
81
100
133
150
171
185
220
253
229
234
242
231
195
145
126
89
68
33
-10
-68
-147
-176
-207
-230
-236
-241
-254
-223
-192
-155
-101
-73
-54
-25
62
116
173
211
238
229
233
271
280
290
259
233
201
165
123
62
4
-38
-90
-100
-113
-157
-198
-235
-238
-233
-224
-182
-145
-126
-78
-35
8
74
90
128
169
211
249
258
253
226
211
198
184
174
117
63
34
-18
-53
-89
-116
-119
-135
-135
-110
-89
-54
-32
-28
2
54
105
140
185
202
220
240
258
280
284
263
224
202
158
126
108
53
8
-33
-75
-90
-116
-164
-196
-220
-210
-186
-194
-190
-180
-172
-135
-81
-39
2
27
54
98
121
144
152
140
156
156
153
144
136
118
84
50
20
7
-21
-30
-46
-66
-97
-98
-108
-113
-96
-86
-80
-79
-64
-41
1
21
46
60
57
89
120
120
122
114
98
81
76
82
54
26
-26
-53
-62
-69
-75
-75
-97
-100
-112
-93
-68
-35
-13
-3
39
44
69
93
126
139
158
159
174
186
185
193
169
147
135
109
83
69
46
2
-20
-73
-94
-106
-122
-112
-141
-140
-161
-151
-138
-125
-127
-105
-81
-42
-19
-19
-21
-40
-24
-16
6
28
11
4
8
8
33
36
36
33
17
7
28
24
27
22
9
-12
-25
-18
-7
-3
-4
-11
-21
-18
-12
-36
-31
-32
-8
-12
-15
-16
-32
-24
-42
-27
-20
-33
-34
-31
-33
-29
-34
-32
-32
-52
-41
-57
-66
-72
-80
-83
-70
-76
-99
-111
-115
-102
-111
-91
-111
-102
-88
-58
-46
-39
-19
-5
10
14
24
26
51
37
43
49
18
29
21
18
6
-21
-18
-17
-26
-32
-70
-99
-102
-110
-107
-132
-161
-181
-184
-187
-215
-227
-235
-240
-216
-192
-182
-157
-139
-116
-106
-89
-61
-42
-11
-8
-7
-6
18
39
54
34
27
34
41
50
43
1
-10
-12
-37
-44
-67
-90
-123
-113
-128
-130
-131
-146
-142
-144
-123
-123
-109
-110
-113
-88
-74
-35
-26
-25
-44
-60
-40
-37
-18
-24
-40
-35
-37
-66
-59
-76
-84
-76
-69
-56
-77
-99
-111
-87
-78
-82
-69
-66
-68
-42
-40
-43
-42
-42
-46
-40
-16
-22
-34
-57
-42
-54
-65
-71
-77
-84
-101
-96
-115
-121
-138
-142
-138
-130
-151
-156
-148
-161
-157
-186
-173
-169
-155
-148
-143
-129
-136
-122
-87
-53
-85
-54
-29
-4
17
36
52
44
56
56
66
91
97
68
52
20
1
-13
-11
-26
-70
-105
-110
-116
-144
-152
-166
-190
-185
-165
-175
-166
-167
-151
-127
-110
-92
-86
-62
-43
-32
-9
21
33
27
8
10
20
24
35
10
-9
-24
-39
-30
-55
-69
-97
-101
-115
-132
-127
-141
-130
-146
-135
-137
-125
-111
-88
-64
-66
-77
-58
-36
-17
-10
-11
4
-4
1
-9
-6
-6
-29
-46
-52
-63
-80
-102
-109
-138
-165
-185
-199
-196
-201
-191
-181
-201
-180
-181
-155
-122
-126
-87
-74
-44
-20
17
33
61
54
74
82
89
102
85
84
41
22
23
-6
-14
-39
-69
-67
-114
-126
-109
-105
-133
-151
-151
-155
-123
-113
-114
-105
-89
-65
-52
-38
-28
-10
-18
-16
2
2
-1
-12
-2
-12
-31
-23
-50
-66
-78
-95
-103
-94
-97
-96
-121
-114
-103
-103
-100
-92
-81
-82
-61
-39
-11
-16
8
-6
5
-3
13
36
14
8
-9
-26
-33
-28
-59
-70
-79
-111
-133
-151
-154
-163
-164
-171
-171
-184
-177
-159
-157
-137
-135
-112
-105
-75
-53
-27
-18
-8
5
17
37
58
68
68
57
60
55
50
37
22
32
20
-12
-18
-28
-46
-22
-61
-63
-71
-70
-64
-61
-57
-64
-54
-36
-28
-12
2
11
22
25
26
21
38
38
30
20
10
-11
-24
-4
-18
-40
-37
-43
-54
-60
-68
-55
-53
-69
-57
-69
-67
-38
-59
-46
-30
-27
-17
-32
-11
-12
20
23
4
16
5
23
22
17
-4
-38
-28
-26
-35
-59
-59
-63
-70
-65
-75
-83
-79
-91
-92
-77
-83
-86
-93
-87
-81
-91
-82
-69
-63
-41
-35
-24
-9
6
5
2
8
16
22
29
32
17
10
15
10
15
3
5
-1
-12
2
-24
-8
-7
-25
-21
-31
-33
-45
-36
-42
-49
-41
-42
-42
-21
-29
-13
-17
-14
-1
-6
11
3
-9
2
5
15
25
6
0
-7
-19
-24
-23
-23
-30
-23
-43
-53
-68
-70
-60
-60
-52
-52
-55
-43
-28
-27
-8
-9
2
5
20
41
49
50
59
44
38
61
62
60
27
15
15
18
-3
-17
-30
-65
-58
-57
-67
-61
-93
-118
-104
-95
-79
-63
-54
-47
-35
-19
-1
8
19
36
59
82
91
101
114
129
129
103
92
77
64
63
44
24
-6
6
-19
-32
-36
-63
-63
-61
-79
-82
-76
-77
-59
-44
-43
-27
-4
9
26
38
57
61
68
82
84
90
101
88
89
62
31
44
21
10
6
-6
-13
-21
-21
-47
-61
-42
-47
-48
-32
-49
-35
-28
-10
2
8
21
31
40
60
73
89
101
93
102
108
103
97
85
74
42
23
34
14
2
-21
-50
-72
-87
-82
-82
-102
-87
-104
-84
-78
-64
-42
-38
-2
5
24
43
74
90
111
130
134
147
153
150
152
140
119
107
91
79
59
47
23
8
-2
-33
-29
-41
-43
-68
-66
-63
-69
-65
-60
-51
-26
-17
-10
-22
-2
11
27
31
24
26
24
28
29
21
1
5
-3
-8
-7
-15
-40
-37
-45
-65
-49
-47
-68
-61
-74
-72
-67
-86
-78
-68
-64
-58
-37
-41
-46
-39
-1
8
11
16
14
30
13
-2
22
33
9
6
-8
0
9
6
0
6
-8
-29
-50
-59
-48
-45
-34
-58
-72
-68
-63
-37
-33
-18
-13
-7
-13
9
24
32
42
30
34
25
38
31
28
16
14
31
19
18
0
-21
-22
-11
-34
-37
-40
-43
-49
-71
-57
-43
-44
-62
-57
-51
-52
-53
-46
-57
-42
-36
-46
-29
-40
-34
-32
-26
-29
-28
-35
-36
-27
-26
-29
-32
-29
-36
-33
-39
-50
-37
-40
-50
-61
-67
-65
-69
-64
-60
-46
-49
-55
-57
-74
-50
-28
-20
-20
-15
-16
-15
-11
-23
0
6
14
14
-10
-1
-3
-12
-25
-24
-29
-27
-38
-50
-41
-44
-58
-52
-43
-32
-17
-26
9
23
23
15
19
39
36
51
39
41
45
38
35
24
15
30
14
0
-13
-16
-16
-20
-38
-39
-30
-62
-49
-55
-64
-64
-52
-55
-52
-33
-37
-13
-24
-15
3
-4
-17
8
1
-4
5
-3
5
-6
-2
-1
-8
-14
-16
-25
-30
-12
-49
-40
-29
-46
-39
-28
-37
-26
-10
1
9
6
7
29
36
39
64
68
72
78
90
78
91
88
99
92
81
72
54
61
43
10
-2
7
-2
-15
-32
-32
-31
-42
-40
-41
-41
-35
-22
-14
-3
19
40
67
65
74
87
79
108
100
111
115
84
88
80
76
64
68
62
39
15
31
22
-1
-19
-31
-15
-24
-25
-41
-28
-18
-33
-43
-31
-12
-15
-9
-7
14
24
17
21
27
28
33
38
46
38
36
20
9
19
5
-6
-1
-13
-29
-35
-32
-15
-17
-26
-39
-19
-44
-23
6
5
17
18
21
20
29
40
52
73
70
68
70
77
87
82
68
79
64
77
69
63
52
31
33
13
28
-5
8
-8
-10
-8
-7
-11
-13
-9
-14
9
7
11
12
30
35
29
50
55
55
27
25
32
37
47
49
34
28
29
17
-2
10
16
1
-5
-23
-24
-25
-31
-42
-32
-42
-52
-55
-60
-60
-39
-36
-33
-43
-36
-22
4
-5
6
10
-1
-1
0
-3
-15
-22
-10
-4
-4
-18
-28
-28
-50
-38
-51
-43
-44
-58
-59
-53
-60
-47
-54
-41
-53
-57
-34
-16
-19
-2
7
-6
-3
5
26
36
39
42
37
33
28
45
64
53
45
40
28
17
23
6
-6
7
-1
-8
-16
-25
-29
-24
-12
-13
-15
8
3
-3
-3
4
21
7
12
4
20
25
21
26
7
7
12
4
11
-22
-6
13
10
-9
-34
-30
-31
-9
5
2
12
3
1
8
21
37
42
43
56
61
62
54
47
46
41
21
20
41
27
31
4
22
11
7
15
12
9
-3
7
-4
6
-6
9
-2
22
36
48
42
38
47
43
72
59
65
67
72
62
63
51
53
47
51
50
45
38
29
30
10
9
9
-1
15
0
-12
6
10
-3
6
20
2
18
10
6
19
11
21
28
27
31
54
51
46
31
17
7
4
3
-2
-12
1
-27
-42
-49
-56
-50
-61
-46
-48
-41
-54
-48
-35
0
-11
-12
13
12
36
43
61
57
73
80
77
80
69
86
79
68
68
71
64
59
42
31
39
37
18
6
7
17
24
22
25
26
18
32
38
53
43
57
49
49
54
58
50
69
83
61
77
67
47
48
44
34
34
17
11
4
16
7
2
7
5
9
-21
9
16
-1
-6
3
7
17
33
27
48
28
33
67
63
67
64
48
62
51
63
54
48
47
7
13
6
15
-5
-17
-17
-29
-14
-24
-29
-23
-13
-17
-18
-10
0
20
16
-4
15
31
42
47
33
53
59
58
60
52
48
53
67
57
47
29
42
36
42
50
35
34
40
33
35
24
18
33
33
27
40
41
35
57
50
65
62
80
65
74
68
74
86
77
73
84
88
78
86
77
71
73
70
77
71
53
43
52
43
46
55
33
15
23
25
8
11
4
6
2
-31
-14
-6
-9
9
4
5
12
16
11
28
22
35
36
40
39
38
28
24
8
14
16
21
0
6
14
-11
-9
-9
-13
-25
-14
-4
-1
8
13
9
15
18
34
39
39
37
50
63
63
48
51
57
61
50
50
51
36
54
35
34
33
18
13
9
8
-8
-16
-14
-24
-23
-25
-33
-22
-30
-41
-38
-23
-35
-22
-24
-32
-32
-14
-9
-13
-8
-7
-2
-17
-23
-15
-18
-11
-21
-31
-24
-28
-25
-24
-39
-49
-32
-50
-47
-50
-28
-37
-36
-22
-30
-36
-25
-16
-7
2
0
-1
-15
-10
-16
-21
-22
-45
-31
-28
-61
-40
-63
-69
-55
-51
-42
-60
-45
-47
-50
-43
-32
-24
-19
-6
-25
-8
7
11
18
21
28
23
37
31
30
19
0
6
-4
-12
-1
-15
-16
-38
-51
-43
-48
-61
-62
-42
-56
-45
-62
-71
-55
-54
-43
-41
-29
-44
-41
-36
-32
-27
-31
-16
-6
-15
-11
-10
-22
-12
-14
-20
-32
0
-8
-19
-31
-14
-29
-38
-24
-45
-21
-34
-42
-22
-35
-28
-29
-31
-31
-30
-27
-19
-25
-42
-29
-15
-13
-28
-6
-17
-19
-13
-27
-22
-11
-30
-34
-14
-23
-42
-38
-42
-24
-24
-30
-21
-30
-19
-20
-18
-24
-11
-9
-1
0
2
3
4
30
17
13
15
16
18
28
36
42
39
42
28
32
30
40
35
25
26
31
18
-5
-2
8
-9
-3
-4
-19
-28
-30
-38
-37
-42
-47
-36
-57
-46
-41
-37
-50
-36
-27
-36
-32
-34
-15
-2
-9
-4
-4
-14
-12
-20
-12
-8
-8
-20
-24
-26
-28
-54
-46
-47
-65
-43
-31
-45
-57
-38
-41
-50
-61
-49
-48
-50
-35
-41
-35
-35
-29
-21
-29
-8
-1
-13
-14
-8
-7
-16
-8
-9
-10
-26
-41
-30
-25
-30
-45
-32
-28
-45
-49
-52
-38
-39
-48
-27
-14
-22
-11
-29
-8
-10
-4
15
8
20
4
10
12
9
1
5
-4
-2
5
-6
0
2
-18
-24
-23
-19
-7
-20
-8
-13
-17
-16
-9
-24
-21
-8
-14
-20
-6
-5
-25
-4
2
2
11
5
16
-4
8
5
-8
0
1
9
4
-3
9
3
-6
-9
-3
2
-9
9
7
9
5
1
10
19
-5
3
0
-8
6
-5
6
-3
-24
-15
-14
-4
-19
-21
-18
-3
-4
-30
-11
-9
-9
-5
0
-2
2
17
8
14
22
26
43
44
26
30
46
63
50
44
43
40
22
24
22
20
18
11
-1
-10
-3
-21
-9
-16
-17
-19
-25
-16
-15
-19
-4
-12
-1
1
1
3
5
11
-4
-4
0
3
5
11
-3
18
21
9
15
-2
-5
17
5
-10
-2
-1
0
-3
4
8
-14
-3
11
2
3
6
7
11
0
6
4
3
19
20
32
29
6
4
12
14
25
19
15
27
19
12
38
29
37
17
19
27
10
29
5
7
11
12
-6
5
7
-7
-1
-13
-26
8
-18
-8
7
-14
-6
-17
9
15
10
22
14
15
24
32
28
38
25
20
42
41
43
57
58
43
50
43
36
26
34
40
25
32
19
1
4
3
6
12
11
-11
4
2
-3
-4
8
26
17
18
25
21
13
25
34
28
40
18
21
32
23
23
11
21
24
32
17
13
2
5
-4
-9
-13
-20
-18
-20
-25
-18
-3
2
3
-3
17
19
18
19
9
14
20
26
30
12
12
18
19
20
31
24
39
31
24
22
22
20
16
16
16
20
6
-5
-2
6
2
1
7
3
5
17
8
13
12
33
29
12
16
26
22
27
18
23
49
32
21
27
20
24
11
-5
8
0
11
-1
5
-7
-7
-1
1
7
-13
9
-9
-9
2
-1
8
2
5
-1
-2
-1
-11
2
0
11
14
-6
3
-2
26
18
-3
13
21
11
-20
11
2
-8
10
1
-8
-1
20
14
11
23
21
21
20
22
28
19
28
31
21
31
39
35
36
27
33
35
28
24
26
30
37
27
18
37
20
12
14
8
14
13
19
10
19
8
4
3
6
21
12
7
-4
4
8
17
4
11
27
19
30
23
23
19
32
13
26
20
0
20
9
10
20
22
14
9
12
7
10
33
19
28
32
42
48
42
45
46
57
59
59
66
70
52
54
64
75
80
75
67
66
67
51
60
43
34
41
47
44
38
34
27
20
19
25
15
21
14
23
37
18
19
25
22
32
25
33
41
31
46
48
36
27
29
40
46
34
36
20
24
26
22
36
5
19
16
3
7
-4
4
8
11
20
31
13
24
28
31
18
21
41
32
36
5
16
2
11
19
0
12
4
-10
-18
-8
-17
-9
-13
-15
-19
-22
-14
-5
-19
-12
1
-11
9
10
-3
-7
-8
10
3
8
5
1
-11
-5
-10
-7
6
1
4
-10
-4
7
-13
-11
-16
-13
7
-21
-14
-14
-3
-19
-18
-6
2
-4
-13
-6
3
-7
-9
3
7
-5
5
-1
4
5
-8
-26
-19
1
-25
-16
-36
-35
-27
-30
-30
-25
-23
-34
-33
-28
-33
-37
-32
-31
-22
-31
-2
-4
-14
-17
-9
-7
14
4
1
-6
-10
2
-18
-11
-19
-12
-5
-14
-10
-19
-22
-9
-20
-32
-34
-13
-15
-14
-19
-14
-14
-6
-1
0
-7
-2
5
4
6
13
26
46
27
33
46
53
55
32
58
43
53
43
46
48
36
39
33
20
28
30
21
29
21
10
14
30
38
33
24
21
18
23
9
17
31
28
35
26
29
35
33
53
37
22
26
24
34
44
51
55
46
29
40
31
25
24
17
20
19
21
26
21
13
23
22
2
1
19
17
12
16
30
33
24
32
43
39
48
50
43
54
51
44
53
55
53
58
42
50
42
44
52
45
39
44
33
56
33
33
47
30
50
42
42
36
58
49
48
63
56
56
37
39
54
55
48
57
47
38
45
46
50
43
64
48
45
52
44
51
32
46
46
55
43
50
47
48
46
48
48
42
51
47
48
55
40
38
32
45
37
47
64
37
50
36
34
54
52
45
27
37
33
29
43
42
30
35
38
32
22
30
38
30
36
43
33
37
31
41
42
33
33
25
46
54
41
31
22
25
33
38
30
25
39
38
41
47
38
50
48
39
45
57
46
49
43
39
31
40
64
51
43
45
36
42
33
44
34
28
25
18
22
22
34
24
27
15
20
29
35
23
30
19
25
17
16
36
34
49
52
32
28
37
44
50
57
50
43
39
44
42
39
49
34
50
48
51
44
31
43
28
13
28
31
18
24
39
34
41
37
37
39
24
39
37
45
41
52
29
51
43
48
73
45
65
57
74
71
65
61
75
64
65
54
49
73
61
52
44
47
43
47
40
37
61
52
35
24
31
18
29
37
44
43
32
40
49
39
49
49
61
44
40
42
30
53
43
42
41
43
49
35
37
25
23
4
14
13
11
23
7
1
1
2
6
19
22
14
12
27
26
31
38
39
38
32
35
36
32
42
7
24
19
19
28
17
24
13
0
3
0
5
0
-3
0
0
9
4
26
13
6
18
-2
11
15
31
14
16
23
11
20
17
36
4
7
13
16
5
1
-12
-4
18
-12
-17
-3
-16
-21
-8
-3
-5
-2
-2
0
-10
-11
-6
2
-1
4
11
6
20
9
7
-4
17
10
-6
-4
5
14
-16
-1
-1
-7
1
-12
-7
-1
-14
-2
6
-1
-7
-9
0
-12
-2
13
6
3
8
17
1
20
26
24
26
22
9
25
27
8
14
23
22
-6
-8
-12
-3
-4
-9
-18
-17
-20
-11
-21
-14
-14
-11
1
4
-6
-2
10
-6
10
0
5
6
20
29
20
17
15
10
16
7
-4
-8
-10
-18
-19
-1
-5
0
-10
-14
-3
7
5
-7
-2
-3
8
3
3
18
2
0
7
8
5
-1
13
23
30
8
-1
3
1
2
-8
-5
9
10
3
11
-1
-3
-3
-2
3
12
-6
6
2
2
-2
-8
1
-8
9
17
16
10
26
24
31
20
19
23
26
36
33
23
27
36
21
40
32
14
37
26
35
28
28
32
16
18
24
30
23
24
13
24
20
22
21
14
35
25
28
6
5
10
17
6
15
8
4
25
14
11
-2
6
5
-1
-1
-3
6
9
18
14
17
22
17
6
14
33
33
38
43
41
25
35
33
35
45
47
43
25
42
39
32
31
32
34
26
36
28
14
34
30
36
27
37
24
28
21
17
30
31
38
21
32
50
50
38
29
34
42
53
42
46
46
22
43
34
49
20
13
22
18
24
5
27
2
2
3
9
8
13
12
13
8
-7
10
16
13
2
7
3
5
11
16
17
14
-4
-13
-17
7
-5
-21
4
-19
-20
-13
-31
-24
-15
-28
-22
-27
-34
-27
-18
-32
-34
-27
-18
-28
-41
-38
-34
-25
-15
-18
-16
-22
-23
-15
-4
-16
-18
2
-18
-29
-36
-37
-33
-46
-43
-37
-47
-49
-47
-41
-53
-45
-45
-53
-40
-51
-51
-43
-48
-39
-37
-38
-36
-41
-31
-45
-52
-38
-42
-49
-27
-38
-36
-26
-37
-32
-37
-38
-48
-32
-34
-42
-36
-38
-28
-42
-46
-39
-32
-30
-33
-38
-18
-32
-29
-20
-21
-18
-15
-15
-20
-13
-16
-17
-33
-15
-15
-19
-25
-18
-28
-37
-13
-22
-21
-10
-6
-22
-27
-16
1
-9
-11
-24
-6
-10
-22
6
7
2
-7
-5
-3
-2
-10
-11
7
-12
-5
-8
-1
2
-9
0
-7
0
-14
-21
-6
-9
-18
-19
-13
-7
-10
-12
-16
-14
-6
-29
-24
-12
-22
2
-10
-10
-10
-7
-4
-12
-4
-7
4
2
2
-10
-4
-6
-12
-21
-16
-1
0
-10
-23
-19
-13
-24
-4
-7
-30
-14
-22
-16
-10
-4
-1
-1
-1
-1
1
2
6
11
2
-1
4
5
6
-14
-17
11
-1
-2
-1
0
6
15
14
6
9
14
5
11
22
9
26
17
11
35
20
11
18
23
23
15
12
14
22
15
16
15
3
20
23
21
24
13
31
19
18
23
19
12
0
1
-6
-10
-4
4
-3
8
5
-1
6
3
2
8
9
17
12
15
1
12
13
23
15
-4
-5
2
5
-2
6
-13
4
-17
-22
-3
3
-11
-6
4
-8
-11
-16
-6
-1
-36
-21
-17
-20
-11
-19
-8
1
-12
2
-3
-1
6
-9
-7
3
-11
-6
0
-5
-2
-18
7
-1
14
10
-7
17
21
7
7
1
18
13
8
6
8
9
3
9
6
10
12
6
6
4
16
9
22
28
6
23
24
4
18
31
8
24
24
-7
10
-11
-12
-12
-8
-13
-5
-11
-24
-11
-28
-14
-17
-8
-14
-12
-15
-20
-12
-15
-18
-12
6
-3
-2
-2
-9
-13
-2
7
-5
9
2
0
-8
0
1
-2
12
14
17
23
34
29
34
11
18
31
29
19
23
26
21
29
37
23
4
37
10
19
20
20
19
21
22
8
12
5
4
-8
13
5
-6
3
6
-10
-1
-7
4
-3
-17
-3
-3
-3
-2
-2
0
-9
-8
5
-6
-5
-9
-14
-24
-28
-16
-22
-30
-22
-42
-15
-15
-30
-15
-18
-29
-42
-25
-26
-3
5
-9
-15
-13
-21
-35
-15
-15
-14
-16
-21
-12
-22
-15
-21
-34
-15
-14
-28
-26
-17
-17
-32
-21
-36
-23
-27
-38
-29
-37
-31
-33
-20
-23
-21
-13
-10
-10
-28
-15
-26
-9
-17
-18
4
-14
-11
-14
-15
-15
-13
-17
-7
7
-21
-21
-3
-16
-12
-24
-15
-24
-18
-21
-24
-4
-10
-13
-9
-6
-19
-25
-26
-29
-23
-29
-21
-22
-25
-19
-32
-19
-24
-21
-31
-25
-19
-32
-21
-21
-30
-17
-24
-21
-27
-36
-19
-32
-33
-35
-31
-30
-17
-10
-14
-15
-42
-35
-20
-17
-34
-47
-32
-23
-32
-17
-18
-28
-26
-27
-31
-30
-11
-25
-35
-13
-30
-27
-34
-36
-18
-20
-31
-20
-18
-23
-17
-16
-18
-23
-21
-20
-26
-16
-16
-25
-25
-12
-15
-14
-12
-20
-6
-10
1
-3
-7
-5
-4
-3
7
5
-1
-14
-5
-5
-12
-4
-4
-13
-12
3
-5
-9
-3
0
-20
-9
6
-7
-12
-22
-8
-4
-9
-13
-4
-14
-26
-14
-13
-14
-14
-6
-24
-24
-7
-15
-6
-13
-9
-11
-13
1
-16
-2
-9
-9
2
7
3
-3
4
5
7
-2
7
1
7
-7
-1
-2
8
9
4
19
6
0
-2
-10
7
13
6
-9
-4
19
15
17
-7
4
18
10
4
9
16
32
23
22
14
17
13
15
17
3
11
-7
-6
-12
-10
-5
-5
-18
-19
-7
-15
-28
-24
-29
-36
-25
-1
-5
-28
-19
-16
-17
-18
-9
-11
-20
-9
-13
-16
-28
-22
-26
-33
-31
-37
-28
-23
-27
-24
-25
-33
-26
-12
-23
-30
-46
-39
-32
-33
-32
-39
-57
-31
-45
-41
-30
-21
-21
-26
-28
-29
-18
-39
-22
0
-12
-19
-13
-13
-30
-18
-20
-36
-28
-37
-34
-32
-33
-41
-39
-36
-31
-36
-38
-45
-40
-36
-26
-21
-35
-36
-18
-31
-15
-24
-31
-14
-27
-27
-35
-22
-31
-16
-10
-32
-35
-34
-32
-26
-31
-55
-44
-37
-56
-34
-40
-47
-50
-52
-65
-66
-63
-48
-56
-58
-42
-46
-49
-50
-38
-40
-35
-36
-38
-55
-47
-33
-24
-36
-27
-42
-47
-54
-60
-50
-58
-42
-51
-68
-50
-71
-45
-47
-63
-60
-55
-47
-59
-71
-62
-51
-59
-48
-60
-61
-53
-52
-60
-70
-62
-62
-60
-44
-54
-58
-51
-63
-58
-55
-65
-56
-68
-65
-73
-63
-69
-64
-59
-59
-54
-54
-58
-41
-39
-69
-45
-59
-37
-45
-29
-38
-34
-38
-44
-51
-59
-49
-57
-40
-58
-43
-50
-53
-56
-43
-37
-53
-48
-57
-51
-55
-52
-50
-69
-55
-49
-65
-67
-59
-56
-57
-57
-53
-57
-59
-65
-60
-54
-52
-63
-57
-47
-56
-50
-37
-48
-36
-26
-40
-25
-28
-43
-49
-36
-41
-38
-37
-39
-52
-49
-33
-38
-25
-29
-21
-7
-26
-30
-10
-24
-5
-14
-13
-14
-2
3
-2
3
1
11
12
22
-1
10
14
8
24
14
18
17
16
29
17
9
17
20
31
23
20
22
30
16
25
33
19
13
7
13
22
-3
0
9
1
21
-5
-7
-3
6
0
-12
-7
-5
-4
3
5
0
14
0
3
18
23
19
10
20
10
20
25
21
14
23
19
19
9
14
12
20
21
12
35
35
31
20
10
15
28
9
4
2
12
24
17
27
21
10
16
19
27
15
20
36
24
29
27
23
25
25
16
8
25
18
10
27
23
15
17
23
17
22
35
30
42
39
22
16
16
31
34
23
26
21
15
19
8
20
7
25
18
5
7
-12
7
0
-9
4
-1
-5
-9
-2
-11
-5
-4
-4
-11
-21
-16
-9
-9
-18
13
-11
-14
-4
-4
-11
-8
0
-10
-18
-20
2
-8
8
-3
-7
-11
-18
-1
-2
-5
-2
-8
-12
3
1
-1
-3
-11
1
-12
-15
-29
-12
-11
3
-2
-14
-11
-10
-14
-21
-18
-22
-18
-21
-31
-29
-32
-29
-21
-11
-22
-34
-8
-26
-16
-4
-17
-29
-14
-28
-15
-8
-12
-17
-22
-11
-31
-8
-12
-12
-16
-18
-11
-18
-9
-6
-13
-22
-18
1
-1
-17
-9
-5
4
2
-7
-13
-7
-11
-13
-6
-5
-11
-17
-11
1
2
-5
-10
-9
3
-1
4
3
5
-15
-11
-12
-27
-17
-13
-10
0
-7
-19
-8
16
13
10
6
17
27
-1
11
13
22
15
9
30
20
33
27
7
7
12
25
25
21
26
11
-5
2
18
14
17
5
15
14
6
10
10
14
27
30
26
24
19
26
18
27
19
10
11
11
23
29
21
27
12
20
30
16
25
16
21
31
33
29
26
17
9
14
17
3
12
8
10
16
7
12
19
29
23
24
37
33
28
36
17
33
28
27
28
21
35
37
16
30
34
9
27
15
23
30
33
35
30
47
42
25
23
31
42
29
38
40
30
22
44
44
38
15
27
50
31
46
29
29
28
39
48
47
39
53
48
49
38
28
42
43
39
33
40
47
35
42
46
49
59
45
42
50
44
61
49
52
43
44
32
46
55
28
32
30
17
19
32
37
47
47
41
33
45
32
30
14
41
29
26
27
1
15
27
28
23
25
5
21
34
6
13
9
16
20
9
20
14
16
21
15
33
22
28
21
19
13
14
17
19
26
13
30
26
23
21
10
9
24
14
10
13
5
12
10
10
11
21
25
36
33
34
30
27
37
37
45
50
33
50
54
44
25
29
40
35
29
12
16
26
21
25
28
18
23
20
26
31
19
38
25
27
26
27
32
21
12
16
17
23
19
24
22
27
24
11
22
34
33
24
30
49
42
39
37
25
33
27
44
47
60
43
32
45
33
26
21
17
25
19
14
25
30
23
27
27
18
35
27
29
35
34
26
33
26
9
22
8
10
10
-12
6
8
16
5
2
-4
2
12
13
2
4
4
0
-1
2
14
11
14
2
5
-7
1
7
0
-6
-20
-6
-5
-12
-11
-6
-17
-2
-10
-18
-2
-4
-2
-8
0
-7
-11
-5
9
6
-1
6
12
9
-11
5
7
8
7
0
-3
12
19
22
-4
-4
13
1
3
-2
9
-1
-8
-9
-7
-8
2
-2
-2
-2
-5
-2
-17
-6
-1
-16
-17
-17
-16
-13
-15
-8
-21
-5
4
-26
-26
-19
-31
-16
-22
-27
-14
-24
-9
-14
-9
-7
-28
-28
-29
-24
-6
-1
-13
-8
-9
-6
-3
-6
-20
-16
2
4
-19
-7
1
2
14
10
0
8
6
-8
4
-7
-7
5
1
3
-9
-12
-3
-7
-10
-16
-12
-13
-30
-13
-11
-18
-14
-16
-10
-25
-16
-16
-16
-17
-10
-3
-17
-2
-3
-20
1
9
7
4
9
4
9
12
8
14
23
16
1
11
15
14
5
7
4
2
34
24
28
13
1
13
14
33
25
34
25
27
25
28
43
41
41
44
47
44
49
29
31
51
50
50
46
42
44
48
48
55
49
60
62
60
58
49
39
52
56
48
51
45
56
50
50
37
37
59
59
49
39
34
32
37
40
43
46
50
41
32
45
53
30
23
14
15
18
24
29
16
15
28
43
32
27
12
18
15
22
20
18
21
22
6
-4
8
8
18
3
10
-4
3
31
10
16
18
7
10
11
5
13
5
10
19
7
8
5
11
23
13
26
6
21
4
3
22
1
19
8
16
26
29
17
18
36
34
18
24
25
13
18
27
22
14
23
26
20
23
24
26
26
26
32
17
10
12
23
31
30
23
27
24
20
13
10
17
4
7
3
5
1
6
2
0
3
-10
-13
-5
-12
-10
5
-5
-1
-6
-9
-17
-17
-24
-19
-23
-16
-7
5
-7
-10
-4
-15
-8
1
-2
-17
-19
-8
-14
-15
-7
-16
-16
-2
-24
-28
-32
-18
-10
-39
-38
-20
-16
-24
-27
-15
-15
-13
-5
-24
-13
-15
-4
-12
-6
4
-21
-8
-20
-15
-7
-11
-8
-17
-8
-9
-27
-31
-20
-26
-23
-22
-7
-11
-15
-17
-18
-26
-12
-10
-32
-27
-10
-5
1
-3
-23
-17
-14
-30
-14
1
-8
-11
-5
-5
-7
-3
-13
-15
-8
-17
-14
-25
-18
-11
-19
-15
-10
-14
-18
-15
7
16
-2
3
-1
-7
-6
-3
-5
-8
10
8
11
4
4
-2
3
12
4
8
3
1
20
12
9
16
26
-2
13
23
0
8
12
24
8
7
2
15
-4
3
17
6
22
15
19
19
17
22
23
27
23
33
24
21
15
24
31
8
22
8
23
29
15
27
39
31
24
35
34
26
48
36
24
34
42
51
23
24
41
44
50
45
32
48
54
43
51
51
48
40
32
40
29
41
42
50
46
45
53
47
46
61
52
49
49
56
47
42
61
61
44
53
59
55
54
68
46
52
55
25
27
31
35
34
36
38
27
23
36
48
27
42
67
57
37
44
55
47
52
67
64
57
57
51
46
63
77
57
61
61
64
64
68
61
52
53
54
51
61
64
61
51
56
75
59
64
68
67
72
67
63
63
62
64
55
59
60
47
50
54
52
50
48
52
58
58
57
48
56
39
49
46
47
46
42
40
33
35
26
19
-3
25
32
27
21
38
29
35
32
25
32
8
22
24
19
20
25
10
20
25
28
33
19
24
24
26
21
9
16
8
18
22
16
15
30
24
17
27
31
22
23
23
9
11
7
-3
20
21
33
26
9
39
14
3
21
21
7
12
18
24
7
5
23
13
12
18
8
9
21
16
3
-2
15
27
14
9
24
23
5
14
19
13
6
15
12
4
13
9
15
12
16
3
17
29
14
23
13
14
7
3
14
7
10
5
27
28
12
10
8
10
13
19
8
-6
6
39
14
4
18
18
19
5
16
14
12
16
10
11
-14
-23
4
1
-7
-7
9
-3
-8
6
2
6
10
3
14
13
18
15
8
15
14
11
16
22
1
11
9
7
16
5
2
11
9
9
8
8
5
20
15
2
8
0
6
4
2
-2
-5
-2
-4
-6
-5
-18
1
-7
-19
10
9
17
13
9
20
16
12
14
13
23
19
17
10
17
22
13
10
20
21
21
-3
16
17
11
7
16
23
8
3
8
5
-7
10
-16
-4
0
-2
17
-8
6
4
8
-1
-7
-4
1
16
17
-1
8
1
-6
2
2
17
6
22
0
-10
11
1
4
7
-5
4
14
9
7
14
23
21
24
20
29
35
31
30
36
43
28
31
26
22
22
36
27
36
40
30
39
31
43
13
31
33
22
30
28
16
16
32
37
44
41
41
47
40
18
22
33
36
27
11
28
32
27
26
28
29
20
16
6
20
30
30
33
16
33
34
24
33
32
33
14
24
31
16
23
23
24
26
-1
18
19
10
13
2
11
9
22
17
10
17
18
16
19
32
19
24
35
20
33
43
31
30
38
40
38
41
37
54
44
33
62
55
58
66
58
69
58
54
44
56
54
54
53
55
71
57
61
60
78
61
76
75
63
75
73
73
59
64
70
58
57
66
48
69
60
55
70
70
53
65
76
72
57
71
47
69
66
38
62
38
57
47
59
62
41
50
59
46
49
61
63
56
64
61
60
76
65
59
62
72
58
73
68
78
85
70
73
80
68
66
62
60
65
58
68
69
61
55
67
63
61
50
62
53
62
82
75
68
66
78
84
71
67
71
72
79
62
86
76
64
66
65
70
74
77
73
60
69
78
60
60
62
67
68
71
76
78
81
79
75
63
58
55
60
59
54
49
49
51
38
46
49
33
33
36
25
32
50
54
38
26
39
27
25
36
31
45
44
38
36
32
27
25
27
35
42
17
31
19
22
21
16
26
38
31
19
25
18
30
34
31
32
31
38
33
39
31
27
34
16
11
17
16
20
7
12
27
31
32
29
16
39
27
22
13
6
14
23
19
12
43
41
47
48
38
34
24
27
49
45
36
48
50
38
38
25
43
23
27
43
36
40
39
43
25
14
28
29
38
22
27
51
30
33
32
28
19
14
21
20
