-28
6
-6
-12
1
-16
-14
-28
-34
-29
-21
1
-20
-16
-12
-20
-4
-24
-12
-20
-13
-18
-17
-20
-26
-20
-18
-32
-20
-23
-35
-13
-27
-21
-45
-33
-36
-28
-36
-31
-35
-50
-35
-32
-44
-45
-36
-31
-50
-48
-38
-43
-40
-47
-44
-48
-27
-44
-31
-35
-39
-40
-30
-29
-32
-29
-33
-37
-38
-20
-33
-36
-26
-30
-31
-18
-26
-38
-49
-39
-33
-34
-42
-35
-29
-41
-35
-33
-28
-35
-34
-27
-28
-37
-37
-43
-53
-48
-35
-36
-33
-27
-45
-42
-39
-50
-39
-41
-36
-26
-35
-41
-32
-21
-20
-37
-45
-35
-36
-36
-55
-43
-32
-31
-30
-26
-22
-41
-19
-21
-36
-21
-11
-8
-8
-9
-8
-4
-9
-18
-3
-20
-16
-14
-20
-18
-20
-13
-23
-24
-29
-20
-23
-19
-15
-13
-11
-18
-21
-16
-17
-15
-22
-22
-31
-26
-19
-26
-8
-20
-25
-11
-26
-21
-30
-24
-16
-12
-28
-21
-27
-35
-27
-25
-15
-12
-24
-16
-11
-1
-16
-8
-13
-8
-5
-11
-3
-4
7
-4
-21
-15
-11
-3
-18
-22
-14
-15
-30
-31
-23
-31
-10
-33
-26
-25
-33
-23
-24
-14
-27
-26
-12
-16
-8
-15
-25
-16
-22
-19
-5
-18
-10
-9
-12
-7
-8
-17
-6
-3
-5
-16
4
-5
13
12
7
14
2
-5
-5
6
3
13
15
10
9
27
-3
-2
13
-6
-2
-1
3
-5
8
9
11
14
9
12
2
-5
-15
0
-9
6
1
-4
-9
-8
0
-9
-4
-7
-8
-4
7
-3
-4
8
1
1
-3
-4
-6
-1
-12
-6
-16
-18
-6
-14
-13
-4
-14
6
4
-10
7
0
-3
8
13
-1
7
14
18
10
8
1
-10
-8
1
12
16
7
-2
10
3
-7
19
-2
-5
-10
-19
-5
-17
-16
-19
-15
-7
-13
-4
-19
-7
0
-23
-14
-15
-6
-1
-7
-15
-20
2
5
-37
-4
-23
-23
-4
-27
-20
-18
-9
-32
-34
-16
-22
-27
-22
-18
-27
-31
-25
-18
-16
-16
-21
-9
-14
-30
-25
-29
-23
-30
-35
-34
-43
-35
-37
-51
-27
-33
-53
-35
-23
-21
-22
-14
-29
-16
-38
-39
-28
-34
-31
-41
-37
-35
-43
-31
-34
-38
-36
-38
-43
-36
-42
-35
-24
-27
-42
-42
-41
-36
-53
-42
-42
-27
-47
-63
-50
-40
-42
-52
-46
-44
-34
-36
-37
-28
-24
-32
-39
-40
-40
-39
-33
-41
-38
-51
-42
-41
-48
-39
-44
-51
-53
-43
-41
-44
-49
-66
-57
-44
-40
-42
-51
-41
-39
-45
-51
-53
-54
-37
-43
-42
-40
-28
-29
-40
-38
-53
-35
-39
-42
-22
-15
-35
-35
-24
-24
-22
-19
-16
-10
-15
-20
-36
-16
-25
-29
-22
-25
-22
-25
-28
-33
-32
-37
-27
-8
-24
-42
-29
-24
-22
-28
-15
-39
-27
-22
-34
-34
-22
-41
-32
-32
-24
-28
-35
-24
-19
-21
-45
-20
-25
-18
-18
-25
-28
-18
-13
-6
-16
-6
-2
-6
0
-5
0
-20
-13
-25
-25
-15
-33
-16
-32
-30
-23
-13
-10
-7
-9
-20
-9
-16
-9
-10
-22
-15
-14
3
3
-10
-11
7
1
3
-1
4
3
9
2
4
3
-5
-5
-1
-4
-29
-13
-17
-20
-21
-23
-13
-16
4
0
3
-3
-15
4
0
-8
1
9
1
-10
-9
4
7
8
-6
2
0
1
5
4
3
-3
-4
2
-5
-7
0
-3
-2
-8
1
1
-2
-11
3
3
2
10
1
-6
3
9
3
13
10
0
8
16
3
1
9
-6
-20
0
-7
-11
8
18
8
8
1
-3
-5
6
-5
-4
-16
-8
2
-23
-4
-3
4
3
-7
-23
-9
-17
-11
-4
-18
-5
-9
-4
-15
-19
-25
-9
-21
-31
-19
-20
-11
-25
-29
-32
-27
-25
-12
-15
-28
-23
-35
-29
-29
-18
-20
-25
-23
-28
-32
-17
-25
-21
-23
-32
-27
-35
-25
-19
-15
-14
-26
-15
-13
-13
-17
-10
-16
-18
-29
-10
-8
-14
-14
-18
-8
-12
-24
-25
-15
-14
-24
-20
-24
-16
-24
-23
-14
-27
-12
-28
-35
-27
-36
-54
-49
-46
-42
-33
-43
-29
-32
-33
-44
-33
-37
-38
-22
-35
-45
-50
-24
-36
-22
-26
-21
-9
-8
-14
-22
-9
-12
-16
-10
-5
-6
-20
-24
-2
-17
-23
-14
-10
-16
-22
-9
-4
6
-7
-16
-3
1
6
-20
-7
1
7
4
0
0
5
12
-11
-13
-9
-16
-13
-14
-18
-3
-12
-8
-14
-17
-11
-13
-23
-9
-28
-24
5
-13
9
3
1
3
14
22
7
11
12
4
9
14
25
26
15
10
5
8
11
10
5
-4
-5
7
7
-4
-3
0
-3
0
-10
11
7
-5
-10
-5
-8
-12
-5
-12
-12
-12
-17
-6
-13
-14
-15
-18
-4
-18
-8
-20
-25
-20
-19
0
4
-6
-5
-13
1
0
-21
-1
-3
0
3
3
5
6
12
25
12
17
31
17
30
22
24
25
38
35
33
44
39
38
34
24
37
21
18
18
14
9
8
18
9
18
13
9
15
18
14
17
-8
1
14
0
-5
7
10
7
1
10
6
-11
-2
-2
-5
-5
-2
5
-1
-10
1
1
1
-14
-3
14
4
20
9
0
8
-6
2
-11
4
-5
-19
2
9
1
-10
0
-4
-12
-6
3
6
3
13
14
2
8
4
-10
-13
-3
6
1
-10
3
-14
-19
-7
7
-3
2
7
3
7
2
3
1
-10
3
8
-4
3
13
12
17
35
24
15
23
16
19
19
20
7
9
11
15
15
18
22
2
22
21
12
11
0
1
13
-1
0
19
8
7
12
34
20
16
16
8
2
11
0
-4
-1
-27
-3
-8
-7
4
7
19
10
4
27
16
11
12
13
10
-1
4
15
7
1
-7
-3
17
-4
2
-14
-7
-5
-10
-13
-21
-13
-8
-16
-7
-16
-7
-1
6
15
-8
-6
-6
3
-2
-3
-9
-2
-6
-11
-7
-5
-5
-9
3
5
-10
-8
13
-11
-8
-3
-12
-8
-8
-5
-3
-3
-13
-14
-16
-19
-6
-1
15
4
5
16
16
27
16
3
18
14
18
22
11
8
23
19
12
23
9
0
5
11
12
5
-3
16
26
7
-1
2
-10
-21
5
-2
-5
2
-1
-17
-16
-14
-13
-12
-23
3
-2
6
9
-8
-13
-5
7
11
4
-6
11
4
-9
-11
0
-9
-6
-2
-7
-17
-21
-19
-8
-3
-24
-5
-22
-21
-19
-24
0
-10
-7
-34
-18
-2
-14
-8
-14
-20
-16
-2
0
-2
-12
-10
-3
1
-1
6
-5
2
0
-21
-5
-6
-9
-5
-9
-5
-6
-18
-19
-33
-12
-7
-30
-19
-20
-16
-18
-16
-13
-26
-20
-9
-1
-5
-11
-21
-23
-32
-19
-15
-18
-16
-30
-40
-33
-34
-36
-21
-39
-37
-26
-41
-41
-26
-19
-22
-21
-27
-32
-30
-16
-26
-34
-32
-35
-33
-35
-41
-35
-26
-35
-38
-35
-27
-42
-25
-24
-41
-30
-38
-27
-33
-31
-19
-30
-26
-16
-16
-41
-34
-32
-38
-42
-53
-45
-55
-60
-45
-43
-48
-34
-56
-50
-57
-59
-40
-31
-38
-41
-26
-33
-27
-31
-29
-43
-40
-29
-40
-38
-33
-28
-50
-35
-36
-36
-39
-34
-31
-33
-34
-45
-44
-49
-52
-37
-38
-48
-37
-39
-51
-44
-46
-57
-48
-55
-38
-36
-56
-48
-58
-68
-65
-59
-46
-53
-55
-55
-59
-61
-55
-67
-70
-73
-73
-50
-46
-57
-46
-58
-57
-49
-52
-58
-50
-49
-52
-45
-56
-43
-21
-25
-44
-38
-38
-41
-41
-38
-44
-35
-47
-47
-41
-55
-50
-57
-39
-40
-46
-53
-40
-39
-42
-45
-55
-36
-48
-47
-43
-38
-35
-32
-23
-30
-34
-29
-33
-32
-24
-24
-37
-33
-27
-45
-39
-30
-34
-28
-20
-20
-13
-30
-26
-38
-24
-14
-26
-16
-25
-35
-47
-41
-43
-44
-35
-24
-29
-39
-26
-39
-40
-43
-42
-40
-30
-31
-32
-16
-23
-17
-45
-40
-23
-32
-24
-38
-33
-35
-20
-11
-19
-36
-30
-9
-31
-22
-10
-15
-26
-15
-7
-9
-14
-9
5
-15
7
-3
-15
14
2
-3
11
9
3
13
-16
0
-17
-26
-11
-14
-17
-27
-2
-8
-13
-17
-4
-5
-4
2
-15
4
-7
-11
-24
-12
-7
-11
5
-7
-12
-13
-13
-6
-13
-29
-26
-25
-18
-28
-40
-32
-13
-28
-32
-11
-24
-32
-16
-25
-24
-15
-8
-14
-16
-3
-2
-2
15
8
-2
-5
3
6
-4
-15
-17
-5
-4
4
-7
-3
-3
-5
-8
-7
-8
-16
-19
-15
-27
-14
-16
-22
-16
-18
-14
-24
-25
-27
-20
-19
-10
-14
-17
-33
-33
-20
-29
-27
-22
-14
-30
-22
-33
-27
-20
-33
-28
-22
-16
-22
-31
-16
-5
-19
-25
-23
-24
-8
-8
-17
-34
-19
-22
-29
-18
-56
-19
-23
-38
-21
-22
-8
-19
-8
-7
-10
5
-31
-2
14
-4
-3
-1
-5
0
-2
-6
-22
-11
-2
-2
1
-6
-11
-17
-4
-23
-6
2
-17
-7
4
-9
-1
-5
-15
-14
-9
-5
2
8
9
10
9
14
6
13
2
-2
12
9
6
11
19
15
8
10
12
18
11
6
22
4
-5
11
31
2
-4
19
10
24
15
-2
20
6
-6
6
-4
6
14
13
13
-4
12
16
22
15
-6
8
36
12
13
10
21
26
5
8
8
8
30
9
10
42
33
37
26
39
34
41
30
27
29
26
22
17
16
24
19
22
35
35
22
6
8
-1
-4
10
9
2
13
12
-2
-11
8
6
-4
-2
-7
-1
-4
2
-2
0
-7
8
13
-9
1
-1
10
0
9
10
5
12
16
-1
23
20
17
27
21
19
16
10
-8
14
9
1
0
-6
-2
-9
6
8
-6
5
9
3
5
-2
-8
-7
-3
5
-3
-8
3
4
-4
-1
6
3
-3
-1
-6
9
9
-6
-5
-5
-17
-13
6
8
-8
5
7
6
7
17
8
-4
1
13
20
24
18
10
22
16
9
20
23
27
33
23
28
37
20
15
7
-13
-5
9
8
4
-1
-11
9
-17
-6
-7
-18
-1
-14
-4
-8
-15
9
4
-9
4
-14
2
1
-4
-6
-4
-15
-3
8
-6
-12
-19
-13
-20
-17
-20
-16
-10
-14
-11
-11
-2
-5
-8
0
-11
-8
10
-2
-5
-8
-7
-8
-8
-7
-10
5
-3
-16
-6
-8
-5
-1
-22
-25
-15
-12
-21
-28
-12
-25
-32
-19
-24
-30
-32
-23
-28
-20
-27
-30
-20
-39
-33
-34
-33
-35
-18
-14
-25
-28
-33
-34
-18
-14
-30
-17
-24
-2
-6
-22
-10
-10
-12
-14
-10
-9
-2
0
-16
-5
-14
-9
-18
-19
-9
-2
-5
-15
0
-20
-22
-15
-3
-5
-23
-3
-1
5
8
-17
-21
-11
-19
-1
-13
-22
2
-23
-28
-13
-5
3
-7
-13
-21
-12
1
-16
-15
-15
-12
-3
-22
-14
-13
-12
-23
-23
-12
-14
-18
-11
-12
-20
-5
-15
-12
-7
-6
-7
-3
15
-4
-5
4
18
18
15
12
4
6
22
14
22
24
17
24
4
-3
-17
-11
3
3
3
6
-10
-13
-7
-7
-3
0
3
0
26
13
9
22
19
24
0
17
17
5
6
5
15
23
6
-4
10
14
13
28
18
7
14
12
17
2
15
19
1
8
28
13
3
13
-1
9
18
9
21
5
-11
6
9
11
26
21
21
20
17
26
28
16
15
36
30
31
39
49
37
27
26
8
25
28
35
22
18
16
20
19
19
28
17
10
15
21
17
12
13
11
0
1
9
-1
19
7
-2
-5
-19
-21
-16
-7
-8
-4
-16
-14
-10
-11
-2
-4
5
6
-6
-2
1
10
13
0
-1
7
12
22
11
4
18
-1
-13
-9
-12
-4
8
-9
-18
-3
-17
-10
-6
4
-1
7
8
-9
3
-6
-1
2
6
-9
2
-7
-16
5
0
21
-15
-20
-9
-26
-8
-16
-22
-12
-23
-37
-32
-26
-8
-15
-12
-23
-35
-13
-21
-14
-9
-19
-22
-16
-6
-13
-15
-1
-13
-8
-3
-1
2
-14
4
-5
-4
-5
-15
-10
3
-21
-15
-11
-18
-12
-8
-4
-8
2
-4
11
-3
-8
2
-23
-8
1
4
-9
7
-4
-7
-10
1
-17
-11
-11
-9
-6
-13
-4
-7
16
3
-11
-9
-7
0
-2
-1
-1
-3
7
6
6
4
11
1
12
10
15
17
4
22
35
34
22
50
41
22
24
47
25
20
17
21
20
17
27
30
37
13
32
32
29
13
23
28
15
15
9
23
24
19
13
13
30
15
28
18
14
31
21
15
14
29
20
17
16
17
3
3
18
13
14
10
-1
5
9
6
9
28
12
-6
5
-4
9
19
4
8
12
-3
9
8
-1
9
-2
-5
5
-4
-14
-7
-9
-5
0
-10
11
8
-5
-8
-28
-7
-8
-2
1
-3
5
1
6
5
-8
9
-7
-8
-9
-6
7
-11
-17
-20
-18
0
-13
-29
-27
-27
-11
-36
-23
-25
-18
-17
-27
-14
-13
-15
-7
-7
-5
-1
-18
10
5
-15
-10
-9
0
-1
2
-6
-9
0
7
2
-6
7
-12
-7
23
2
-2
1
-10
-9
-4
1
1
8
1
7
6
-7
-3
4
1
3
6
4
0
-11
1
-6
-9
-2
-10
-19
-14
-16
-14
-8
-18
-12
-13
-22
-28
-16
-7
-23
-4
-11
-4
-4
-11
-18
-19
-11
-9
-7
-5
-6
-17
-6
-10
-13
-16
-25
-21
-5
-9
-8
2
15
16
11
9
1
15
15
-3
3
3
-2
-1
-6
-9
-15
-17
-17
-18
-18
-11
-13
-19
-21
-23
-34
-27
-33
-30
-26
-36
-29
-37
-34
-28
-27
-24
-26
-20
-17
-13
-22
-12
-9
-26
-18
-22
-24
-10
-8
-16
-17
-36
-12
-8
-4
-17
-12
-7
-23
-12
-22
-19
-12
-21
-10
6
-14
-5
-12
-16
-16
-11
-1
5
-16
-20
-7
-16
-13
-13
-17
-8
6
-17
-16
-18
-27
-18
-20
-24
-18
-32
-26
-23
-40
-23
-33
-29
-30
-30
-32
-33
-27
-29
-32
-26
-28
-28
-37
-34
-37
-25
-49
-49
-30
-34
-32
-27
-11
-37
-30
-21
-30
-19
-29
-30
-22
-40
-14
-17
-29
-24
-27
-11
-9
-19
-18
-21
-24
-41
-32
-20
-29
-17
-37
-34
-47
-44
-43
-45
-41
-49
-63
-56
-51
-60
-50
-46
-50
-48
-56
-50
-63
-63
-51
-55
-51
-44
-53
-35
-42
-36
-23
-39
-24
-16
-20
-21
-20
-32
-23
-14
-12
-9
-11
-18
-24
-23
-39
-34
-28
-51
-37
-20
-32
-15
-22
-22
-29
-37
-33
-42
-31
-30
-36
-40
-36
-39
-39
-29
-44
-40
-46
-54
-33
-33
-41
-37
-52
-60
-43
-55
-58
-44
-45
-46
-57
-63
-56
-48
-51
-53
-52
-57
-47
-52
-49
-44
-45
-51
-40
-32
-44
-29
-41
-31
-37
-46
-39
-42
-43
-46
-41
-52
-46
-46
-47
-49
-44
-40
-53
-54
-57
-54
-57
-54
-51
-77
-66
-63
-64
-59
-77
-65
-71
-68
-58
-53
-52
-54
-67
-65
-58
-68
-63
-55
-54
-64
-53
-51
-65
-54
-58
-48
-50
-53
-48
-66
-54
-64
-56
-49
-49
-49
-52
-63
-67
-62
-53
-47
-51
-37
-44
-53
-61
-55
-61
-60
-56
-59
-62
-55
-66
-41
-54
-55
-49
-57
-48
-48
-58
-50
-44
-56
-33
-38
-53
-40
-43
-53
-50
-46
-48
-40
-50
-51
-44
-52
-50
-45
-50
-51
-47
-61
-56
-50
-58
-60
-54
-55
-54
-54
-51
-53
-51
-40
-30
-27
-27
-20
-31
-41
-31
-35
-15
-39
-18
-23
-29
-23
-27
-23
-31
-25
-33
-21
-24
-25
-36
-50
-34
-33
-43
-49
-47
-45
-49
-52
-51
-39
-27
-41
-41
-23
-40
-45
-31
-44
-34
-32
-37
-28
-32
-39
-62
-54
-46
-54
-47
-53
-67
-46
-50
-46
-42
-42
-34
-37
-26
-21
-31
-33
-29
-21
-23
-26
-29
-12
-16
-25
-24
-33
-23
-9
-15
-16
-8
-27
-18
-26
-22
-27
-31
-17
-41
-32
-34
-35
-26
-32
-28
-42
-32
-41
-52
-39
-54
-57
-52
-47
-71
-64
-55
-61
-57
-75
-79
-56
-72
-66
-52
-49
-45
-58
-70
-67
-55
-59
-51
-58
-60
-60
-51
-59
-72
-62
-65
-57
-39
-50
-39
-54
-57
-61
-58
-58
-66
-56
-58
-63
-60
-55
-68
-64
-61
-59
-61
-59
-69
-79
-61
-68
-63
-58
-64
-68
-60
-58
-58
-52
-54
-51
-39
-49
-32
-29
-53
-40
-48
-45
-62
-52
-60
-70
-65
-75
-63
-58
-58
-67
-51
-47
-73
-62
-59
-54
-58
-45
-50
-45
-56
-57
-45
-51
-51
-61
-51
-59
-50
-56
-51
-60
-46
-33
-32
-41
-43
-41
-32
-35
-36
-23
-24
-25
-24
-24
-27
-31
-35
-15
-33
-51
-34
-28
-46
-42
-41
-41
-52
-48
-43
-37
-22
-39
-38
-24
-18
-30
-23
-15
-28
-30
-35
-11
-27
-30
-17
-14
-19
-23
-11
-25
-16
-19
-22
-26
-11
-15
-22
-7
-3
-3
2
10
14
25
0
9
12
6
3
2
31
23
7
12
-3
-2
-11
-8
0
8
2
-18
1
8
-4
-3
-11
-19
-10
8
-3
-1
6
-10
-4
-11
-16
-26
-20
-22
-26
-24
-21
-12
-18
-10
-8
-20
-23
-23
-23
-23
-18
-37
-24
-23
-20
-13
-17
-3
-15
-23
-11
-12
-30
-14
-12
-17
-14
-18
-2
-4
-3
-4
-12
10
5
-2
-17
-15
-3
-4
-8
-20
-17
-3
-18
-18
-18
-14
-21
-15
-12
-30
-17
-14
-7
-17
-28
-15
-18
-8
-19
-32
-26
-29
-21
-35
-26
-20
-31
-41
-25
-17
-15
-12
-12
-7
-11
-8
-19
-22
-21
-26
-20
-15
6
-14
-16
-17
-8
-14
-15
-12
-14
11
-5
7
6
-5
21
11
3
10
12
11
7
1
-19
-18
-27
-11
-14
-13
-21
-23
-29
-23
-11
-20
-18
-13
-26
-22
-12
-44
-22
-34
-27
-29
-33
-33
-42
-34
-46
-42
-44
-36
-41
-36
-43
-34
-29
-20
-22
-28
-23
-14
-11
-3
-11
-15
8
-3
-16
-7
-19
-14
-11
-25
-10
-23
-30
-34
-35
-24
-17
-13
-17
-16
-11
-7
-28
-11
-16
-25
-17
-6
-11
-15
-3
-4
0
9
20
11
17
8
0
-7
-4
0
5
3
-16
1
4
6
12
1
2
-6
-10
-8
-10
-12
-11
-8
-10
-2
2
-1
12
5
-3
9
15
-6
6
22
27
19
8
9
28
20
14
12
13
13
9
8
5
0
-2
-3
-22
-21
-10
-25
-29
-13
-20
-31
-10
-28
-37
-12
-20
-5
-9
-24
-31
-13
-37
-28
-7
-20
-9
-18
-9
-12
-5
6
2
-11
-23
-7
-17
-11
-16
-15
-8
-16
-25
-35
-26
-26
-22
-34
-33
-35
-31
-29
-17
-17
-17
-21
-24
-22
-19
-17
-31
-35
-37
-23
-20
-10
-8
-7
-16
-30
-19
-25
-16
-10
-9
-14
-24
-10
-24
-29
-37
-42
-42
-31
-59
-51
-40
-34
-24
-40
-46
-58
-54
-39
-47
-43
-38
-36
-27
-34
-29
-23
-21
-26
-13
-8
-16
-9
-8
-23
-16
-25
-17
-14
-27
-28
-32
-9
-10
-21
-15
-3
-13
-15
-3
-21
-18
-9
-6
-5
-13
-17
-8
-13
-23
-15
-22
-15
-15
-23
-22
-22
-23
-14
-7
-11
-13
-19
-20
-21
-29
-33
-14
-26
-21
-33
-31
-20
-39
-26
-49
-35
-26
-49
-42
-38
-38
-32
-39
-36
-12
-13
-12
-23
-9
-9
-9
-1
-3
-5
-6
-14
-9
2
-17
-3
-25
-14
-15
-17
-22
-22
-32
-7
-9
-9
-2
-14
-3
-14
-19
-26
-12
-25
-8
-21
-15
-21
-12
-11
-15
-7
-22
-8
-11
-9
-16
-25
-15
-9
-9
3
-11
-16
-21
-18
-17
-6
-18
-25
-13
-12
-8
-13
-20
-17
5
7
-3
-2
-13
-7
-3
-4
-8
-9
-2
-3
-1
-13
-6
-7
-6
-10
0
-8
-11
2
4
6
-3
5
-8
-3
-2
2
15
-8
-3
2
2
2
1
-18
-9
-2
0
4
4
-3
-4
3
7
17
10
12
6
7
3
3
3
-6
0
3
7
7
1
0
2
-6
-4
10
-14
-4
-3
-2
-5
-21
5
-4
4
17
-1
-2
2
18
3
6
11
14
12
24
28
14
27
17
15
1
19
-1
15
15
12
22
-11
4
17
11
-4
8
9
4
3
1
4
-6
10
6
27
27
15
19
11
16
15
8
6
15
15
8
5
11
15
-2
0
-5
-3
7
19
7
7
7
-2
8
10
9
7
2
1
9
0
7
19
-2
-4
-5
-20
-8
0
-7
6
-5
13
9
8
11
3
8
7
2
1
-5
3
-4
-17
0
-6
-9
-1
-24
-2
1
-14
-2
-7
-1
-11
-21
-14
-11
-10
-12
-22
-18
-17
4
7
-2
-17
-8
4
-23
-7
-4
-7
-2
-18
-13
-28
-40
-30
-21
-29
-30
-28
-33
-38
-34
-22
-15
-16
-22
-18
-31
-30
-16
-24
-11
-27
-22
-22
-26
-34
-33
-34
-45
-33
-38
-35
-21
-33
-39
-21
-15
-19
-19
-20
-13
2
-18
-6
-23
-7
-7
-22
-8
-2
-18
-20
-13
-16
-10
-21
-14
-28
-2
-3
-24
-9
-13
-15
-15
-12
-24
-15
-20
-12
2
-19
-10
-3
6
6
6
24
9
9
18
7
15
18
-8
1
13
4
9
-2
2
2
0
-11
-8
-11
-4
-1
0
-13
-26
-16
-7
-7
-21
-11
10
-4
-18
0
-21
6
6
-3
18
1
15
2
-4
-1
0
6
-4
-6
-3
6
8
9
6
-7
-6
-1
13
13
-1
-4
0
-2
-4
-9
-5
-9
-10
4
2
-1
-10
15
-9
-7
13
-4
-6
1
-15
-25
-16
-12
-14
-10
-3
-15
-11
-23
-32
-39
-22
-27
-28
-15
-8
-6
-15
-19
-10
-6
-11
1
-17
-20
-28
-14
-26
-24
-16
-16
-15
-23
-16
-37
-32
-9
0
-8
0
-7
2
-4
-14
-29
-24
-9
-22
-15
-15
-14
-13
-17
-21
-21
-10
-10
-4
1
-15
2
-7
-13
-16
-13
-12
-31
-11
-25
-42
-30
-20
-11
-22
-14
-13
-18
-14
-5
-19
-28
-19
-23
-13
-5
-9
-14
-29
-30
-20
-29
-19
-18
-27
-26
-7
-5
-11
-21
-22
-30
-27
-29
-42
-30
-25
-33
-31
-40
-39
-43
-46
-38
-40
-40
-25
-30
-39
-50
-55
-26
-25
-43
-31
-36
-48
-41
-42
-53
-12
-15
-26
-16
-17
-27
-30
-27
-35
-21
-22
-26
-28
-12
-26
-18
-27
-30
-21
-15
-2
4
6
2
2
0
1
-14
-4
6
5
4
5
9
8
6
16
7
22
0
5
8
2
-12
-7
6
-1
0
6
18
-8
9
3
11
4
-5
6
5
-18
7
23
1
1
0
-1
-10
1
-1
-8
-21
-18
-17
-21
-5
-19
-1
-1
2
-16
-1
6
-12
-2
-1
-3
4
7
-9
10
20
11
10
6
2
16
16
9
9
12
20
28
22
15
11
15
24
22
25
16
12
18
6
17
7
15
11
2
0
5
12
0
-4
-6
-3
18
16
8
5
6
1
13
-1
2
9
6
13
1
9
6
21
7
13
15
6
9
-2
9
-9
4
5
11
1
4
11
-11
9
18
-8
2
14
30
22
8
24
23
24
17
14
10
15
16
18
14
10
-2
2
-5
-3
-6
-4
3
-3
2
-26
-32
-17
-25
-28
-32
-18
-23
-23
-17
-22
-29
-28
-20
-22
-21
-30
-19
-17
-22
-20
-25
-31
-33
-32
-31
-34
-30
-37
-31
-20
-33
-34
-30
-27
-33
-13
-25
-25
-20
-28
-12
-30
-34
-27
-26
-35
-20
-31
-29
-40
-42
-23
-18
-15
-17
-13
-2
-3
-30
-27
-21
-25
-1
-6
-22
-21
-19
-9
-15
-13
-18
-6
-16
-21
-16
-9
-14
-23
-23
-23
-12
-17
-32
-27
-27
-35
-18
-28
-7
-18
-9
-5
-18
-13
-22
-15
-7
-10
-21
-15
1
-21
-18
-6
-9
-22
-21
-24
-33
-18
-13
-2
-17
-20
-8
-18
-15
-10
11
0
5
0
-20
-3
3
3
7
4
8
5
-1
1
13
6
-4
12
-6
-20
-2
-17
-10
-1
-19
-16
-21
-16
-25
-21
-6
-13
-8
-8
-11
-14
-14
4
-11
-3
-5
-15
-1
-13
-17
-1
4
-6
0
3
14
-3
-15
-5
5
0
-7
3
18
6
-6
11
2
5
-5
-14
14
14
16
1
10
14
6
6
1
11
-10
-5
1
4
5
-14
0
-5
-2
1
-7
7
-10
10
-11
-14
-3
-11
-11
-8
7
-4
-18
-9
-1
-4
4
14
8
1
-7
-9
11
6
8
-6
8
1
16
11
10
6
10
13
17
15
2
15
3
8
9
16
-2
-11
-5
-6
-10
-9
-5
1
-6
-14
-11
-1
-11
-14
-23
-5
-4
-3
1
0
9
10
-1
2
7
-7
-11
-9
-7
-21
-20
-22
-21
-13
-21
-25
-24
-23
-12
-31
-30
-14
-18
-24
-15
0
-10
-8
-5
-7
-7
-17
-25
-27
-15
-7
-15
-10
-22
-15
-13
-8
-14
-18
-19
-25
-16
-11
-18
-3
-8
-14
-4
-17
-8
-2
1
-5
-4
4
0
-6
4
10
-2
-5
14
22
23
8
14
3
5
-4
-2
4
7
-5
2
24
17
-1
-6
-3
-3
16
-1
-5
16
6
22
11
14
14
10
25
18
13
0
11
6
-2
-13
-13
-11
-5
4
1
3
-3
-12
-14
-21
-16
-20
-29
-22
-32
-49
-18
-20
-28
-23
-38
-34
-25
-15
-20
-24
-21
-37
-39
-33
-20
-22
-29
-31
-9
-22
-27
-9
-16
-25
-25
-33
-26
-16
-25
-16
-1
-7
1
15
18
14
9
19
18
15
20
35
32
33
23
22
45
53
53
51
41
44
54
54
50
36
39
48
24
60
48
38
44
30
32
35
31
18
32
22
21
26
8
4
9
12
0
0
-9
-19
-13
-13
-22
-25
-38
-46
-50
-68
-52
-56
-60
-58
-72
-74
-71
-64
-68
-59
-60
-71
-55
-53
-59
-37
-34
-52
-34
-36
-9
-10
-12
-6
-1
16
16
23
25
33
43
52
59
78
89
103
117
124
132
143
164
167
187
212
211
213
227
249
255
266
280
289
293
286
286
286
275
271
247
240
216
179
171
137
109
100
75
34
4
-5
-32
-51
-53
-78
-99
-101
-122
-146
-134
-146
-152
-168
-162
-159
-156
-169
-156
-145
-146
-139
-156
-146
-146
-149
-142
-156
-172
-149
-151
-142
-135
-125
-116
-116
-110
-100
-77
-66
-36
-24
-12
1
17
32
74
91
90
138
147
167
202
215
241
272
308
321
361
396
435
463
475
490
487
492
481
456
421
392
349
324
290
252
214
187
160
122
86
65
39
7
-2
-51
-78
-96
-120
-137
-172
-186
-189
-205
-209
-215
-212
-202
-199
-187
-183
-167
-167
-168
-161
-151
-142
-154
-157
-167
-155
-156
-168
-143
-137
-121
-122
-129
-125
-108
-116
-105
-106
-95
-85
-94
-70
-72
-78
-49
-37
-20
-5
-3
15
16
38
38
50
37
52
62
66
64
59
64
59
79
69
67
55
61
50
27
44
35
21
14
1
-9
-14
-24
-34
-44
-55
-48
-56
-65
-68
-80
-82
-71
-62
-64
-63
-66
-41
-39
-47
-33
-11
-33
-20
-9
-16
1
6
26
28
29
43
42
69
70
83
85
87
104
92
112
107
112
101
107
106
115
117
104
102
86
76
58
56
38
7
3
-13
-28
-37
-39
-48
-59
-78
-104
-95
-110
-115
-139
-124
-148
-161
-163
-164
-167
-188
-178
-176
-161
-182
-165
-164
-170
-154
-153
-161
-130
-122
-120
-105
-95
-84
-84
-55
-48
-40
-14
15
18
18
56
73
93
103
125
151
165
185
190
208
229
248
268
289
307
328
324
340
349
340
357
364
358
345
352
328
304
276
247
206
172
144
97
65
25
-10
-35
-83
-123
-158
-188
-212
-241
-264
-262
-301
-312
-322
-339
-342
-370
-363
-381
-376
-381
-392
-391
-396
-402
-383
-385
-389
-379
-363
-348
-341
-328
-313
-294
-280
-266
-258
-232
-206
-179
-176
-137
-114
-76
-65
-44
-20
5
32
55
71
91
119
131
164
168
187
209
245
260
281
291
317
340
364
382
415
434
439
457
475
481
474
474
467
443
410
389
349
308
278
225
180
157
100
57
10
-27
-80
-132
-164
-203
-249
-276
-318
-318
-336
-352
-352
-365
-356
-374
-371
-379
-373
-355
-347
-350
-332
-326
-342
-323
-332
-305
-304
-317
-293
-283
-267
-251
-243
-227
-209
-196
-176
-175
-178
-166
-152
-141
-115
-119
-110
-91
-88
-60
-48
-51
-45
-39
-28
-24
-5
8
24
24
29
68
81
93
111
122
136
153
158
167
179
178
193
203
192
211
222
216
224
226
239
262
263
266
267
262
269
273
272
259
261
258
238
233
243
212
192
175
136
128
120
102
73
34
17
19
6
-25
-25
-35
-51
-61
-79
-75
-91
-101
-107
-123
-140
-132
-150
-166
-167
-176
-183
-208
-216
-234
-234
-252
-272
-277
-276
-289
-299
-294
-296
-309
-309
-315
-315
-317
-327
-317
-311
-320
-316
-303
-320
-296
-283
-275
-261
-258
-235
-236
-215
-206
-189
-171
-177
-161
-151
-132
-128
-115
-91
-85
-76
-57
-26
-10
10
24
44
75
93
95
104
130
119
154
160
150
189
194
193
204
220
241
246
259
293
302
322
338
355
370
379
387
388
379
377
377
359
332
298
263
247
203
176
151
121
90
61
29
-9
-6
-41
-64
-102
-124
-156
-165
-187
-215
-220
-245
-271
-290
-303
-310
-317
-322
-299
-317
-312
-303
-331
-328
-315
-322
-329
-318
-307
-318
-297
-292
-265
-270
-268
-234
-232
-228
-243
-224
-227
-230
-234
-231
-220
-210
-202
-206
-213
-203
-199
-200
-170
-168
-145
-138
-105
-103
-121
-80
-74
-63
-45
-34
-22
6
32
48
57
69
77
101
107
116
132
128
131
125
129
145
132
153
168
150
161
164
171
184
188
195
205
193
200
206
215
226
220
209
246
260
272
301
305
324
341
347
357
355
354
335
318
289
278
248
219
185
142
128
91
66
42
23
5
-40
-52
-73
-95
-113
-137
-155
-179
-181
-195
-201
-221
-226
-219
-217
-211
-220
-222
-213
-203
-192
-194
-184
-186
-177
-153
-157
-145
-145
-126
-138
-129
-109
-117
-113
-96
-100
-95
-112
-123
-130
-153
-139
-162
-173
-194
-172
-163
-170
-161
-166
-160
-154
-143
-137
-123
-104
-96
-86
-77
-62
-62
-34
-27
-10
-10
-1
9
9
21
30
44
52
55
66
55
38
47
50
38
28
29
21
22
28
18
13
-1
15
6
5
20
4
44
27
49
39
67
75
98
104
113
141
149
169
187
216
233
255
267
287
287
305
283
298
278
274
259
240
238
207
174
164
153
124
93
84
77
55
38
23
7
-7
-28
-43
-45
-65
-77
-89
-94
-106
-102
-98
-101
-86
-88
-80
-74
-97
-90
-75
-78
-88
-103
-96
-95
-107
-104
-112
-130
-139
-146
-141
-147
-168
-171
-174
-178
-177
-194
-181
-192
-187
-199
-188
-197
-178
-185
-177
-170
-136
-144
-126
-122
-116
-105
-95
-67
-86
-46
-70
-21
-43
-28
-35
-13
-30
-16
-26
-1
-18
-11
7
-9
-14
-29
2
-28
-20
-22
-17
-17
-3
-18
-4
2
-11
-3
7
2
7
4
19
19
17
40
53
68
76
107
121
131
143
173
173
205
231
243
269
285
293
305
329
331
319
326
323
319
298
274
267
245
232
213
184
157
151
149
119
80
74
46
29
4
-23
-26
-45
-70
-90
-107
-99
-115
-121
-122
-123
-126
-134
-130
-136
-134
-132
-129
-160
-156
-153
-171
-205
-212
-222
-230
-229
-247
-246
-253
-263
-265
-258
-260
-259
-248
-244
-243
-256
-241
-245
-241
-244
-234
-216
-223
-199
-203
-196
-186
-160
-142
-141
-126
-105
-96
-72
-62
-45
-18
-21
-4
-4
11
13
23
30
34
47
41
45
64
70
78
74
67
65
82
63
77
99
72
79
73
80
65
78
65
67
53
50
64
63
75
80
93
106
110
116
146
151
162
161
184
199
224
256
250
266
276
276
275
269
275
269
256
243
215
209
191
175
154
122
121
87
71
45
34
23
2
-21
-31
-40
-77
-86
-102
-93
-92
-89
-83
-69
-82
-84
-89
-92
-98
-97
-99
-104
-108
-130
-128
-150
-159
-168
-173
-199
-191
-190
-217
-220
-227
-220
-201
-201
-229
-219
-203
-237
-225
-235
-234
-246
-246
-223
-228
-210
-190
-179
-169
-143
-130
-126
-110
-91
-90
-85
-87
-78
-76
-67
-57
-81
-68
-54
-69
-30
-58
-43
-26
-21
-17
15
8
14
18
8
18
30
40
37
36
35
23
21
22
20
45
54
48
74
87
87
84
95
132
129
128
140
159
162
168
171
178
195
198
224
228
237
269
268
266
259
262
270
258
252
226
190
173
131
86
52
7
-13
-33
-54
-94
-110
-119
-125
-135
-148
-145
-160
-155
-173
-185
-182
-139
-103
-137
-124
-123
-115
-97
-81
-71
-60
-39
-39
-46
-50
-64
-91
-106
-129
-133
-150
-176
-200
-222
-236
-232
-220
-245
-232
-209
-230
-237
-246
-236
-219
-230
-219
-193
-184
-181
-158
-141
-144
-144
-144
-129
-96
-96
-101
-104
-107
-93
-56
-33
-13
-36
-48
-64
-29
-7
17
17
-9
-4
-28
-21
-17
3
-1
6
-8
-45
-18
44
41
18
1
48
100
140
149
112
92
105
154
179
188
219
250
300
353
395
418
440
491
545
598
633
674
680
675
667
612
562
483
384
283
191
91
-6
-85
-159
-225
-295
-336
-351
-361
-354
-340
-321
-293
-261
-241
-228
-209
-188
-174
-152
-119
-69
-61
-36
-1
15
48
57
68
67
56
22
-17
-73
-108
-182
-250
-314
-387
-446
-490
-533
-577
-575
-586
-581
-569
-542
-500
-447
-399
-355
-330
-281
-240
-190
-176
-200
-193
-198
-185
-169
-191
-209
-233
-227
-226
-231
-235
-211
-194
-154
-112
-111
-83
-83
-63
-42
1
7
0
34
53
64
48
29
19
55
86
122
173
208
262
292
308
332
326
334
336
364
407
455
510
568
645
712
790
874
956
1029
1101
1164
1194
1194
1134
1060
954
810
636
406
195
-58
-295
-488
-640
-780
-876
-932
-918
-874
-810
-706
-595
-500
-393
-296
-226
-157
-96
-58
-15
38
86
136
193
259
309
355
385
414
419
357
272
160
39
-101
-292
-463
-632
-753
-868
-935
-976
-1017
-1034
-1035
-989
-964
-908
-852
-761
-676
-585
-473
-401
-301
-250
-187
-146
-115
-94
-130
-154
-199
-242
-276
-324
-377
-372
-371
-374
-363
-340
-283
-257
-217
-200
-167
-115
-96
-33
-30
35
73
104
166
197
234
271
328
396
449
483
527
562
605
639
673
724
752
791
877
964
1056
1149
1256
1378
1545
1704
1883
2000
1984
1895
1740
1517
1217
813
366
-100
-566
-983
-1329
-1582
-1745
-1790
-1737
-1580
-1352
-1068
-787
-518
-275
-49
122
225
300
336
367
374
403
461
493
548
605
673
693
649
545
406
196
-75
-369
-689
-972
-1233
-1449
-1579
-1617
-1589
-1477
-1307
-1094
-845
-615
-436
-304
-235
-207
-202
-238
-302
-360
-397
-424
-420
-400
-349
-324
-279
-272
-272
-280
-329
-384
-471
-528
-604
-620
-609
-582
-514
-431
-313
-184
-65
61
169
235
275
307
310
278
249
195
164
106
80
76
73
117
193
264
363
509
633
781
906
1034
1151
1271
1410
1518
1662
1793
1939
2094
2290
2448
2430
2231
1901
1515
1042
461
-200
-849
-1467
-1984
-2344
-2530
-2569
-2425
-2170
-1801
-1338
-848
-349
50
360
591
778
843
859
850
814
779
735
744
769
742
721
619
454
238
-49
-394
-788
-1162
-1537
-1821
-2012
-2071
-2027
-1831
-1562
-1190
-787
-418
-71
192
404
479
470
369
185
-27
-254
-471
-691
-823
-949
-1012
-997
-952
-880
-831
-751
-690
-628
-578
-541
-514
-468
-430
-403
-335
-269
-169
-81
-6
102
194
265
315
328
311
247
156
42
-74
-188
-290
-367
-401
-391
-311
-165
23
256
506
785
1031
1284
1517
1723
1881
2016
2134
2237
2343
2430
2549
2684
2805
2652
2218
1681
1050
419
-351
-1174
-1889
-2485
-2884
-3037
-2950
-2646
-2168
-1617
-1007
-369
188
684
948
1088
1190
1194
1145
1056
994
933
871
784
730
633
423
135
-240
-656
-1105
-1573
-1946
-2231
-2407
-2381
-2214
-1905
-1464
-991
-517
-56
341
599
750
764
678
536
322
98
-127
-321
-521
-687
-868
-1011
-1178
-1338
-1436
-1501
-1458
-1361
-1212
-1022
-789
-506
-247
-1
197
317
360
347
296
237
175
90
18
-7
-41
-80
-103
-159
-239
-353
-507
-645
-753
-835
-852
-799
-670
-448
-177
113
416
700
955
1178
1348
1466
1578
1651
1716
1746
1828
1892
1988
2154
2319
2503
2667
2791
2545
1845
1003
164
-583
-1375
-2187
-2714
-3004
-2993
-2717
-2187
-1510
-840
-241
296
756
1087
1279
1280
1161
1104
1110
1112
1071
1048
998
850
552
231
-145
-705
-1279
-1813
-2146
-2332
-2356
-2185
-1848
-1418
-939
-417
15
361
551
617
580
505
440
351
212
111
45
-62
-197
-388
-659
-1024
-1401
-1755
-2001
-2102
-2120
-1979
-1632
-1136
-618
-127
274
506
616
592
452
278
85
-137
-314
-372
-338
-214
-152
-150
-175
-290
-438
-626
-794
-914
-996
-998
-866
-635
-345
-81
129
305
441
509
535
579
623
691
789
958
1180
1385
1552
1683
1739
1777
1744
1708
1745
1822
1980
2228
2468
2339
1740
907
184
-414
-1161
-1926
-2478
-2714
-2688
-2409
-1854
-1164
-467
70
545
959
1244
1412
1365
1217
1145
1151
1131
1022
888
702
333
-167
-623
-1038
-1534
-2009
-2299
-2265
-2060
-1731
-1265
-734
-274
103
399
605
690
612
476
334
267
250
242
188
73
-106
-409
-792
-1182
-1573
-1912
-2192
-2249
-2077
-1757
-1343
-893
-394
82
409
599
666
604
429
224
50
-69
-172
-250
-329
-393
-403
-459
-568
-686
-810
-904
-932
-905
-768
-546
-345
-160
-47
76
125
96
51
-30
-32
-15
89
292
533
748
938
1063
1105
1128
1091
1032
1029
1047
1144
1311
1562
1901
2308
2711
3127
3365
2912
1858
662
-352
-1155
-1949
-2628
-2867
-2744
-2398
-1816
-1047
-321
188
475
751
1002
1157
1303
1337
1364
1503
1659
1679
1523
1130
515
-319
-1177
-1752
-2126
-2393
-2501
-2260
-1720
-1052
-441
114
498
597
533
469
428
386
285
251
311
370
450
409
172
-265
-832
-1456
-2007
-2327
-2416
-2311
-2033
-1515
-862
-289
116
357
491
413
226
67
-50
-112
-207
-266
-231
-185
-275
-431
-628
-850
-1010
-1124
-1087
-947
-767
-540
-299
-83
94
167
126
12
-103
-180
-251
-238
-165
-59
47
166
294
381
418
393
361
356
390
480
616
816
1047
1299
1557
1822
2063
2321
2550
2802
3013
3218
2988
1971
715
-395
-1159
-1822
-2479
-2771
-2626
-2295
-1803
-1059
-319
234
523
759
1070
1257
1407
1502
1511
1559
1575
1480
1154
613
-119
-974
-1817
-2344
-2472
-2422
-2261
-1890
-1254
-573
-18
441
750
748
533
378
359
384
376
330
323
247
95
-161
-540
-1017
-1532
-2014
-2295
-2314
-2080
-1649
-1165
-632
-101
319
543
583
548
376
120
-80
-162
-198
-295
-415
-522
-614
-767
-930
-1028
-1086
-1084
-958
-697
-386
-96
80
162
210
162
91
-9
-90
-150
-188
-148
-73
-27
-6
-46
-168
-279
-366
-408
-380
-266
-91
128
352
600
872
1121
1344
1554
1775
1962
2179
2415
2631
2875
3037
3144
2936
1873
529
-720
-1486
-1965
-2410
-2512
-2214
-1686
-1165
-526
18
304
399
465
763
1032
1296
1585
1711
1809
1758
1458
898
98
-761
-1618
-2315
-2601
-2401
-1927
-1408
-864
-305
129
355
439
487
367
119
30
142
392
529
517
409
63
-433
-941
-1433
-1826
-2083
-2114
-1944
-1539
-1040
-544
-138
138
367
504
460
364
262
146
17
-181
-324
-473
-710
-978
-1180
-1311
-1348
-1222
-1000
-715
-407
-129
142
353
465
439
306
182
58
-9
-13
-4
4
-42
-112
-188
-313
-435
-579
-685
-699
-665
-559
-373
-167
65
277
487
727
973
1210
1415
1593
1787
2012
2200
2386
2473
2611
2677
2739
2538
1506
303
-827
-1456
-1829
-2194
-2197
-1934
-1494
-1071
-523
-45
180
339
513
878
1208
1415
1640
1657
1595
1343
897
337
-371
-971
-1494
-1878
-1953
-1720
-1304
-890
-525
-194
-1
87
213
359
444
401
429
529
590
514
274
-43
-519
-993
-1313
-1480
-1489
-1393
-1201
-878
-597
-322
-117
0
84
138
215
204
154
110
19
-173
-433
-657
-866
-1063
-1196
-1206
-1051
-860
-652
-407
-181
4
126
230
322
370
390
380
362
317
209
131
-29
-214
-409
-621
-766
-899
-985
-1027
-993
-913
-780
-603
-450
-287
-74
137
402
680
930
1172
1335
1509
1648
1756
1865
1867
1844
1827
1842
1967
2069
2217
2094
1250
216
-720
-1154
-1411
-1677
-1571
-1242
-820
-473
-89
195
198
197
316
646
901
1076
1319
1399
1423
1227
802
232
-485
-1033
-1396
-1621
-1589
-1334
-1007
-657
-342
-90
10
-41
0
103
192
211
268
376
372
277
77
-185
-571
-935
-1089
-1085
-981
-860
-714
-574
-493
-435
-384
-360
-314
-225
-134
-128
-195
-242
-349
-529
-680
-799
-834
-834
-740
-571
-399
-264
-148
-29
29
113
215
338
444
448
388
290
119
-140
-419
-641
-816
-938
-994
-937
-855
-786
-706
-597
-455
-377
-304
-175
35
303
553
819
1094
1299
1478
1619
1693
1716
1658
1635
1564
1550
1541
1528
1615
1728
1757
1352
690
-25
-512
-763
-983
-985
-817
-592
-300
-33
154
207
196
321
561
794
945
1077
1157
1091
940
624
155
-416
-915
-1171
-1286
-1265
-1106
-903
-684
-479
-322
-213
-198
-169
-59
103
259
343
421
391
252
84
-167
-456
-740
-912
-935
-890
-821
-776
-733
-726
-717
-659
-576
-489
-375
-209
-59
-8
12
-32
-157
-280
-367
-400
-408
-390
-325
-233
-135
-93
-88
-103
-100
-33
61
161
221
206
153
75
-70
-244
-380
-551
-648
-708
-728
-683
-688
-643
-589
-534
-445
-332
-200
-10
225
461
666
828
932
1035
1121
1146
1127
1069
1033
990
963
993
1035
1100
1217
1404
1601
1838
1758
1386
871
365
126
-140
-319
-305
-260
-156
-131
-155
-251
-403
-396
-254
1
184
322
476
539
572
502
311
20
-309
-475
-542
-592
-573
-530
-481
-474
-443
-414
-457
-467
-367
-204
-77
-34
-23
-53
-131
-228
-314
-408
-535
-557
-510
-475
-439
-429
-462
-529
-586
-590
-554
-494
-382
-245
-106
-80
-111
-145
-225
-286
-296
-278
-250
-208
-149
-99
-92
-116
-124
-119
-89
-23
78
165
230
237
198
96
-71
-214
-353
-443
-514
-518
-495
-471
-471
-456
-449
-450
-391
-276
-94
89
269
434
574
652
696
744
784
782
804
796
814
895
1027
1140
1286
1452
1668
1881
2072
2054
1714
1232
663
291
1
-294
-399
-459
-428
-369
-421
-501
-641
-628
-404
-98
158
363
573
704
766
758
640
367
44
-163
-267
-359
-432
-455
-475
-496
-531
-580
-661
-703
-637
-490
-341
-215
-131
-55
13
34
50
37
-25
-62
-43
-77
-143
-253
-373
-518
-666
-752
-770
-743
-677
-533
-396
-320
-310
-336
-345
-320
-283
-219
-156
-92
-41
51
82
39
-17
-32
-24
6
29
38
21
-12
-32
-57
-130
-236
-296
-322
-340
-387
-376
-407
-421
-438
-421
-414
-364
-250
-106
66
209
324
362
390
420
490
545
591
672
797
933
1093
1214
1342
1463
1547
1709
1797
1893
1767
1418
1045
619
373
129
-69
-138
-200
-186
-202
-289
-396
-485
-420
-245
-54
145
271
395
459
499
437
285
96
-101
-203
-275
-352
-404
-420
-460
-516
-566
-623
-657
-640
-509
-328
-192
-95
25
86
123
102
55
-5
-90
-121
-159
-214
-311
-403
-505
-599
-685
-744
-753
-733
-651
-517
-420
-393
-395
-361
-326
-256
-175
-80
2
72
163
210
199
133
48
-7
-67
-90
-92
-93
-81
-65
-72
-96
-122
-199
-253
-282
-303
-315
-308
-272
-266
-252
-234
-240
-226
-156
-85
-15
79
150
209
278
355
438
523
604
680
767
845
915
978
1041
1099
1156
1258
1310
1376
1373
1290
1137
929
766
614
519
501
525
493
468
368
237
113
22
-20
-52
-45
-56
-35
-39
-63
-106
-184
-251
-329
-412
-459
-504
-517
-486
-404
-303
-263
-228
-182
-97
-35
37
61
62
46
23
9
-31
-124
-219
-303
-352
-420
-501
-525
-583
-612
-616
-602
-596
-599
-562
-478
-399
-324
-280
-261
-237
-164
-67
-2
55
108
155
171
165
156
113
61
17
0
6
-12
-58
-77
-85
-118
-154
-160
-177
-193
-189
-191
-163
-150
-146
-156
-165
-174
-227
-225
-222
-193
-145
-130
-99
-76
-31
2
24
57
102
126
167
233
294
375
440
506
577
644
709
773
822
909
997
1059
1072
1092
1116
1174
1246
1281
1248
1132
988
861
754
634
513
364
241
148
46
-69
-197
-336
-409
-439
-483
-511
-539
-506
-451
-351
-247
-203
-193
-184
-148
-127
-123
-173
-264
-327
-385
-389
-413
-490
-527
-585
-594
-604
-637
-659
-679
-644
-562
-489
-419
-381
-328
-244
-183
-167
-181
-206
-218
-194
-155
-100
-74
-54
-73
-85
-93
-103
-126
-159
-160
-149
-142
-121
-115
-102
-105
-78
-3
28
82
100
139
148
126
95
45
-26
-88
-109
-124
-140
-105
-79
-71
-30
-28
-15
-18
-14
38
65
122
186
250
331
383
422
435
470
517
568
668
762
902
1028
1079
1094
1111
1145
1181
1196
1151
1074
945
847
769
656
528
380
299
223
158
83
-30
-167
-260
-289
-323
-349
-369
-358
-319
-246
-151
-123
-166
-201
-249
-259
-279
-338
-386
-442
-442
-397
-395
-424
-461
-499
-496
-481
-477
-485
-492
-451
-408
-320
-272
-249
-216
-191
-153
-145
-147
-188
-247
-278
-280
-252
-236
-203
-153
-134
-118
-126
-137
-147
-169
-145
-138
-99
-54
-9
45
76
107
112
117
114
110
91
44
-17
-66
-129
-155
-161
-161
-138
-131
-113
-99
-75
-78
-84
-68
-25
2
69
139
221
318
348
373
358
357
339
364
390
458
534
632
788
920
1019
1061
1057
1037
1054
1059
1063
1043
978
906
871
827
747
629
499
402
306
219
130
50
-52
-127
-153
-171
-203
-267
-287
-296
-296
-282
-302
-350
-378
-385
-353
-342
-340
-350
-374
-369
-342
-318
-360
-413
-421
-393
-368
-349
-315
-307
-290
-250
-221
-232
-274
-309
-318
-293
-299
-320
-302
-307
-278
-228
-189
-141
-107
-71
-72
-57
-84
-92
-84
-54
-16
36
94
137
165
165
154
113
69
7
-8
-14
-4
-8
-23
-16
1
-17
-43
-65
-104
-108
-101
-96
-85
-41
-1
42
115
172
221
259
247
220
195
133
90
74
112
192
271
368
479
578
670
755
841
868
862
878
929
996
1087
1131
1117
1066
977
900
772
643
505
373
296
226
167
79
-37
-140
-179
-234
-310
-375
-421
-396
-391
-306
-251
-264
-275
-269
-250
-254
-250
-258
-254
-238
-219
-185
-197
-230
-255
-301
-320
-338
-355
-394
-414
-416
-405
-415
-426
-462
-465
-425
-380
-342
-297
-230
-164
-112
-51
-33
-32
-48
-49
-56
-58
-44
-52
-38
-12
11
35
41
23
26
-17
-32
-49
-52
-30
-1
31
58
74
58
51
5
-40
-73
-95
-102
-81
-32
6
49
62
84
96
65
27
0
-24
-47
-57
-35
28
73
145
240
329
398
456
498
559
667
772
864
927
982
1045
1127
1185
1211
1168
1069
920
813
688
545
434
336
251
184
108
32
-42
-145
-196
-221
-272
-324
-339
-336
-271
-226
-148
-126
-150
-152
-161
-166
-194
-245
-273
-297
-318
-298
-323
-351
-401
-449
-461
-478
-472
-467
-459
-425
-398
-346
-329
-332
-310
-270
-218
-168
-133
-98
-55
-40
-37
-57
-82
-126
-143
-153
-182
-189
-200
-172
-163
-145
-119
-90
-42
-14
14
55
80
108
134
155
172
161
135
127
88
60
33
7
0
-7
-8
-5
-24
-62
-108
-154
-176
-212
-206
-200
-157
-107
-54
-9
10
76
134
180
253
315
389
484
595
684
823
946
1014
1079
1092
1109
1106
1087
1035
942
823
706
627
543
436
355
266
199
132
36
-39
-116
-197
-204
-238
-264
-253
-254
-238
-216
-194
-185
-231
-253
-291
-312
-349
-362
-372
-367
-339
-349
-321
-358
-388
-425
-452
-446
-470
-446
-416
-376
-307
-262
-207
-226
-220
-189
-209
-200
-183
-181
-144
-148
-170
-170
-208
-255
-257
-275
-281
-281
-284
-237
-188
-155
-90
-31
10
63
117
143
152
170
157
178
200
212
219
226
210
199
181
135
73
9
-28
-49
-84
-121
-144
-143
-151
-131
-111
-87
-37
-10
17
24
36
40
71
132
196
284
380
479
582
689
797
903
951
995
1003
1015
1047
1056
1050
1016
950
855
753
671
569
452
337
268
205
124
66
-6
-51
-79
-83
-114
-179
-214
-255
-266
-259
-244
-243
-246
-237
-214
-189
-204
-201
-209
-236
-271
-293
-321
-360
-385
-380
-349
-336
-324
-290
-249
-222
-199
-176
-201
-221
-205
-196
-187
-174
-172
-167
-166
-193
-212
-248
-289
-314
-317
-301
-291
-262
-207
-160
-104
-54
-6
18
36
64
63
85
108
149
191
231
258
254
232
192
131
78
3
-70
-128
-161
-183
-184
-182
-193
-187
-173
-174
-168
-149
-125
-109
-98
-67
-45
-16
38
98
169
248
311
380
448
519
612
701
793
881
918
945
953
961
963
930
873
771
654
577
508
442
350
277
233
175
132
46
-37
-116
-162
-202
-232
-259
-288
-285
-257
-239
-215
-209
-236
-260
-268
-273
-306
-349
-369
-362
-358
-328
-316
-348
-353
-346
-340
-309
-335
-329
-293
-280
-262
-251
-286
-320
-329
-356
-379
-386
-387
-402
-388
-384
-386
-368
-359
-334
-311
-243
-199
-148
-101
-40
-4
22
53
64
120
139
152
186
204
220
228
210
178
128
87
14
-31
-83
-118
-123
-151
-144
-141
-150
-154
-151
-130
-142
-109
-71
-52
-38
-54
-24
-23
-14
0
61
108
162
226
292
393
465
551
657
747
823
895
912
919
915
906
908
878
814
720
622
561
482
394
305
237
169
88
26
-39
-69
-102
-106
-98
-119
-133
-153
-154
-154
-157
-134
-138
-175
-185
-207
-202
-218
-247
-256
-269
-284
-314
-317
-338
-349
-341
-335
-320
-317
-319
-313
-309
-301
-326
-355
-369
-391
-397
-391
-375
-353
-341
-300
-294
-268
-260
-239
-209
-186
-134
-99
-30
19
43
86
107
134
142
150
155
158
181
184
181
173
141
119
86
34
19
-23
-59
-70
-84
-93
-80
-82
-91
-105
-119
-146
-133
-138
-152
-142
-153
-140
-120
-105
-76
-31
29
89
159
242
323
415
507
587
691
770
836
885
908
885
865
825
764
719
622
538
435
340
267
218
162
127
95
72
73
41
62
41
37
29
5
3
-21
-43
-52
-81
-106
-142
-196
-221
-245
-253
-283
-316
-345
-369
-384
-393
-383
-378
-352
-342
-318
-298
-283
-274
-280
-303
-299
-310
-339
-348
-363
-362
-351
-339
-329
-320
-310
-282
-269
-259
-242
-222
-193
-146
-96
-50
-10
31
79
109
134
137
145
140
143
145
144
133
125
116
114
77
49
28
-24
-63
-94
-125
-139
-172
-197
-198
-174
-160
-140
-131
-130
-126
-134
-111
-96
-71
-41
6
62
132
211
297
370
438
507
557
605
626
644
669
681
695
672
644
598
567
536
482
457
429
367
335
337
318
317
322
321
312
315
286
243
182
129
94
56
5
-42
-98
-128
-150
-158
-183
-212
-235
-274
-288
-307
-314
-324
-322
-302
-280
-260
-230
-242
-263
-267
-278
-297
-296
-309
-311
-315
-328
-339
-355
-354
-348
-322
-340
-340
-328
-315
-313
-304
-254
-215
-179
-122
-82
-62
-14
7
44
68
69
74
93
122
127
153
163
145
130
95
69
19
-35
-71
-105
-102
-111
-100
-78
-55
-32
-22
-12
-26
-49
-49
-62
-36
-16
10
40
80
122
141
179
204
224
266
306
337
374
397
421
451
482
508
527
549
560
548
505
458
438
443
432
447
434
426
428
414
391
357
315
257
236
191
138
97
58
24
-2
-27
-74
-114
-148
-160
-172
-190
-190
-203
-218
-205
-207
-208
-233
-237
-246
-264
-266
-282
-291
-304
-308
-300
-283
-279
-273
-269
-258
-270
-267
-271
-271
-285
-307
-280
-284
-266
-253
-247
-245
-237
-203
-180
-154
-113
-68
-39
-10
22
55
86
102
129
155
160
155
143
126
92
36
12
-20
-45
-61
-61
-46
-37
-34
-26
-6
-2
-6
-14
-7
24
23
34
72
81
110
119
120
138
137
143
163
184
193
220
249
282
303
324
342
371
394
397
447
443
473
491
473
475
476
478
495
496
485
462
407
355
317
256
204
173
127
91
40
8
-24
-62
-92
-105
-124
-142
-142
-157
-154
-166
-173
-186
-210
-204
-229
-249
-250
-261
-249
-240
-256
-251
-270
-282
-271
-291
-292
-290
-304
-313
-312
-301
-313
-302
-278
-282
-277
-260
-257
-249
-254
-246
-222
-200
-167
-133
-101
-74
-48
-30
-15
-1
11
44
40
64
59
46
41
33
-3
-20
-42
-57
-64
-52
-29
-15
-1
16
45
46
54
52
42
24
54
81
89
95
109
113
93
101
83
62
68
58
68
104
131
162
181
234
265
291
323
347
378
395
425
458
496
504
524
523
505
485
458
434
392
356
306
268
219
199
162
116
89
56
69
36
18
0
-49
-67
-61
-59
-89
-88
-107
-120
-128
-157
-161
-166
-196
-201
-188
-199
-214
-203
-223
-240
-250
-263
-289
-282
-285
-288
-289
-304
-302
-313
-310
-292
-294
-298
-288
-270
-254
-242
-189
-151
-116
-90
-72
-44
-37
-32
-28
-20
-35
-13
-19
-18
1
12
-2
-3
-22
-23
-37
-49
-26
-40
-15
-2
27
33
15
45
44
52
73
94
106
132
165
158
176
161
154
154
126
110
117
110
110
131
162
188
171
206
226
226
258
273
300
345
364
415
445
454
460
449
442
414
387
323
289
266
249
235
203
172
134
102
82
66
37
12
-10
-35
-33
-46
-74
-93
-105
-105
-106
-105
-128
-137
-145
-146
-147
-172
-155
-173
-185
-200
-213
-226
-249
-262
-298
-333
-350
-362
-366
-383
-385
-375
-356
-343
-326
-289
-255
-225
-179
-110
-84
-66
-35
-12
-10
-27
-14
-13
-14
-6
-1
2
1
18
24
12
15
5
3
-2
0
14
10
15
17
19
33
23
27
37
44
74
87
114
129
143
161
182
183
191
186
166
167
164
161
153
151
149
144
143
132
133
160
180
199
238
257
301
348
366
390
388
393
401
395
367
348
316
299
246
243
211
168
157
102
93
59
27
-4
-16
-2
-19
-4
-16
-32
-34
-53
-66
-94
-100
-120
-141
-168
-169
-202
-222
-227
-235
-255
-274
-279
-303
-317
-334
-344
-354
-362
-362
-351
-327
-330
-303
-261
-237
-203
-181
-121
-89
-53
-33
11
44
67
102
89
96
86
82
85
73
82
80
93
111
111
111
96
89
79
87
107
95
95
103
119
139
135
156
153
171
191
179
173
179
202
191
189
188
177
173
173
161
165
157
161
149
114
116
106
99
90
118
127
159
177
200
218
223
232
233
246
252
261
252
253
243
197
164
135
93
60
8
-22
-64
-85
-82
-106
-117
-90
-92
-83
-67
-85
-75
-90
-82
-92
-96
-113
-146
-133
-154
-162
-178
-207
-198
-218
-216
-228
-258
-253
-267
-260
-266
-242
-233
-239
-227
-213
-193
-180
-167
-143
-124
-92
-61
-24
7
42
73
96
130
140
153
142
146
143
132
132
131
147
134
141
157
151
144
137
142
148
161
183
179
201
217
206
203
184
180
161
126
129
104
96
111
100
105
100
103
107
85
82
82
103
107
102
109
96
103
102
105
109
119
117
126
129
142
138
128
131
132
141
160
151
138
150
140
108
81
57
6
-29
-48
-69
-74
-87
-86
-87
-94
-79
-93
-87
-70
-54
-53
-49
-30
-43
-39
-56
-56
-75
-96
-119
-129
-128
-139
-153
-159
-159
-166
-173
-173
-168
-161
-131
-155
-140
-118
-121
-103
-81
-53
-63
-56
-29
-1
0
20
42
49
65
95
88
100
100
98
94
87
103
98
112
128
138
151
157
154
155
147
151
158
150
135
130
135
117
116
119
104
86
73
70
41
26
18
-10
-11
-9
-8
-1
-5
5
7
41
51
59
68
76
100
88
77
88
87
66
52
50
25
6
6
13
19
10
28
56
58
58
43
26
14
-1
-16
-43
-56
-61
-70
-83
-82
-102
-119
-108
-113
-110
-101
-88
-64
-51
-57
-73
-56
-52
-69
-62
-83
-88
-104
-120
-122
-137
-115
-109
-124
-103
-97
-80
-79
-61
-55
-59
-38
-47
-38
-26
-8
-15
-21
14
20
12
17
17
39
41
52
65
72
102
110
107
135
156
148
154
170
162
163
154
126
110
100
108
89
70
86
108
107
103
97
102
80
70
60
39
12
-1
-21
-42
-51
-58
-78
-71
-68
-80
-28
-14
-7
25
43
41
34
52
64
41
38
28
16
3
1
7
17
13
11
19
12
31
26
17
22
16
4
6
-21
-21
-22
-30
-24
-55
-79
-76
-77
-80
-96
-92
-68
-68
-60
-65
-59
-58
-37
-31
-52
-42
-62
-64
-61
-58
-58
-64
-60
-59
-77
-72
-58
-60
-53
-46
-55
-28
-27
-27
-14
-4
-6
-7
3
2
17
4
2
6
23
48
61
75
96
114
126
134
121
105
92
75
61
58
60
64
72
44
60
62
50
49
39
55
53
48
42
49
56
44
26
6
-16
-26
-53
-112
-127
-123
-124
-130
-121
-107
-98
-73
-52
-56
-35
-30
-27
-22
-15
-12
-28
-19
-19
-15
-31
-25
-23
-2
-11
-18
-26
-18
-9
-14
21
12
23
36
24
10
-10
-10
-9
-35
-37
-65
-42
-49
-47
-35
-42
-29
-44
-46
-36
-17
0
-1
-20
-6
-7
13
30
18
17
15
17
8
5
-5
-14
2
7
6
20
4
3
13
4
18
5
35
28
41
60
57
58
67
66
76
110
103
108
111
115
97
83
70
72
75
65
80
66
66
70
77
77
63
70
80
96
89
94
124
102
93
80
44
33
-11
-27
-46
-78
-89
-82
-87
-100
-95
-100
-96
-100
-88
-68
-48
-37
-44
-32
-22
-11
-1
3
6
-7
-14
-10
-20
-8
-17
-1
7
10
11
5
21
8
9
2
-1
-10
-31
-25
-23
-23
-28
-27
-8
-20
-30
-16
-18
-35
-14
-17
-20
-10
2
-11
-10
8
20
35
44
48
39
16
23
15
8
13
-9
2
-9
12
3
9
23
5
25
29
36
24
26
29
37
43
50
31
34
36
31
27
16
6
5
1
-9
2
-6
-12
-20
-14
-4
27
24
14
29
41
47
45
44
48
34
12
17
-9
-13
-30
-66
-67
-93
-91
-100
-130
-125
-133
-141
-161
-150
-145
-149
-124
-105
-88
-80
-52
-44
-29
-23
-34
-21
-29
-36
-23
-33
-25
-15
-3
0
6
14
22
-4
-1
21
2
15
40
38
43
48
59
65
55
37
25
19
6
-1
-4
2
12
5
-7
27
22
23
30
24
24
31
37
42
53
59
59
55
54
53
59
46
53
58
52
51
59
49
44
53
57
42
36
32
38
17
26
20
13
1
7
10
15
3
-4
11
-11
-27
-38
-17
-14
7
12
32
48
51
55
66
78
70
70
70
47
54
38
14
-2
-19
-22
-41
-53
-67
-84
-86
-90
-101
-109
-115
-99
-89
-84
-82
-71
-59
-51
-36
-22
-30
-9
-8
-6
-11
-4
-13
2
-5
4
2
6
32
34
51
47
66
79
79
67
83
97
97
107
102
96
76
66
59
35
28
-4
9
-3
1
-3
-12
-15
-16
-9
-15
6
10
10
22
38
63
56
71
71
77
77
90
65
51
55
41
44
32
42
27
15
13
5
7
7
5
10
27
8
9
16
3
-6
4
-8
-20
-6
-14
-30
-6
-7
8
31
24
43
61
62
50
71
60
62
68
64
70
63
58
40
30
5
-18
-8
-39
-60
-56
-67
-64
-58
-85
-95
-93
-106
-88
-94
-87
-75
-63
-63
-44
-36
-40
-20
-22
-20
-28
-13
-14
-11
-4
11
34
49
48
60
85
93
97
114
115
114
130
113
98
95
79
68
57
31
3
-5
-12
-19
-12
-12
-29
-15
-1
-17
-3
-17
-6
7
28
27
29
58
51
55
63
64
54
56
49
50
60
54
35
44
43
24
36
31
23
31
32
47
24
17
22
19
6
8
4
-7
-5
-3
-20
-14
0
4
10
8
17
25
70
65
62
76
79
86
90
96
108
103
76
77
68
63
46
23
1
5
-5
-34
-26
-41
-42
-53
-67
-80
-76
-75
-85
-71
-64
-60
-47
-48
-60
-39
-40
-44
-36
-31
-14
-2
11
25
32
51
49
56
63
60
76
68
83
86
91
103
76
74
60
49
47
40
30
33
32
15
7
5
4
-2
-16
-8
-4
13
1
0
28
20
28
34
13
27
25
40
52
51
50
48
52
51
58
60
59
59
87
75
70
79
56
55
56
42
36
28
7
19
23
25
3
10
15
24
27
-6
15
30
37
53
52
77
78
87
91
104
112
102
101
86
92
90
73
65
63
59
51
53
37
5
-3
-20
-29
-46
-66
-63
-72
-75
-72
-79
-83
-86
-84
-77
-65
-45
-22
-26
3
8
6
25
28
24
28
21
24
29
34
47
51
60
54
60
65
69
70
63
61
60
61
52
61
50
44
58
43
31
24
27
6
-1
-14
-15
-5
-17
-10
-26
-24
-26
-13
-12
-14
8
11
23
46
40
36
34
45
48
48
59
54
55
62
49
49
47
44
41
21
16
-7
-16
-16
-15
-29
-29
-34
-38
-22
-17
-13
-19
1
12
13
25
42
42
47
58
51
39
25
17
5
6
23
3
5
-1
-3
7
-6
-25
-31
-31
-57
-59
-69
-65
-78
-83
-78
-78
-96
-103
-99
-98
-96
-72
-75
-61
-47
-56
-33
-24
-24
-23
-18
-3
12
3
28
27
36
36
48
50
47
62
59
56
75
80
82
85
63
58
68
62
57
63
46
35
26
11
1
-19
-14
-26
-19
-20
-28
-33
-40
-51
-44
-28
-24
-24
-28
-12
-1
19
15
20
23
11
21
24
27
51
52
49
42
32
27
9
10
-3
-16
-9
-4
-9
-12
1
19
18
27
26
40
40
45
65
67
79
75
77
73
75
74
47
47
46
45
38
43
46
60
62
55
51
49
36
31
27
12
-1
11
1
-12
-24
-53
-42
-42
-43
-31
-32
-48
-44
-7
2
-11
-22
-9
2
-3
15
-6
11
7
32
37
41
47
35
52
50
63
58
76
77
74
94
80
88
97
94
76
72
68
43
43
7
11
0
-28
-35
-45
-64
-68
-63
-61
-58
-43
-24
-22
-22
-9
-17
-8
15
0
10
-3
-1
17
20
19
14
9
0
11
11
10
1
16
-10
5
11
-7
4
6
22
21
24
26
37
39
37
42
40
48
52
58
50
49
62
43
33
38
39
39
54
29
40
35
34
40
30
37
20
21
9
7
-3
11
-5
-21
-32
-26
-41
-60
-51
-57
-51
-57
-42
-48
-42
-29
-40
-57
-38
-34
-38
-36
-28
-11
-8
3
18
6
3
14
19
23
28
44
47
40
53
59
53
70
64
77
76
74
63
52
63
45
39
33
30
36
19
28
18
13
38
24
28
32
22
26
23
17
28
29
24
40
34
24
26
35
41
58
45
46
57
53
57
50
42
47
52
47
49
42
45
57
45
44
54
40
59
48
38
51
43
47
33
42
38
34
34
39
47
43
42
41
39
41
48
47
54
51
57
47
76
54
55
70
35
33
20
18
20
5
-9
-4
-17
-15
-3
-14
-1
-13
-31
-27
-29
-38
-25
-10
-20
-17
3
2
0
16
11
6
16
21
36
50
47
69
72
61
65
82
60
69
73
72
65
66
88
77
69
56
71
65
43
42
49
41
51
50
46
52
35
43
37
20
21
10
19
15
10
11
9
11
23
24
23
25
31
31
41
55
54
61
47
49
43
38
36
38
35
26
35
28
27
38
27
7
35
22
19
26
16
19
16
28
42
36
19
26
17
20
38
14
24
31
37
37
41
53
58
36
25
31
36
29
22
10
13
20
7
1
-3
8
15
7
0
1
3
3
-10
-10
-5
11
-6
-12
-1
-23
-6
-2
-8
-4
25
30
33
37
32
28
36
37
51
49
68
64
66
80
74
94
79
77
82
75
73
65
74
79
69
71
78
67
51
42
21
24
10
9
1
-17
-12
-36
-30
-5
-11
-1
-5
-5
10
9
25
33
30
55
56
65
44
45
54
57
76
73
62
52
59
42
47
48
43
46
41
49
38
31
43
41
50
59
59
52
53
57
63
47
49
55
55
57
39
38
32
35
36
36
41
31
35
40
28
44
46
36
40
29
6
21
14
15
-2
-5
-5
-20
-22
-27
-31
-44
-32
-39
-41
-37
-36
-19
-20
-10
-12
-2
6
24
40
33
40
43
44
41
53
51
63
72
70
75
80
86
60
74
85
86
75
87
85
63
68
44
38
23
19
9
4
-1
-1
-2
-10
-20
-14
-7
-10
5
-4
21
22
26
27
40
43
61
52
49
48
55
64
50
54
51
57
49
60
55
31
50
35
44
33
33
47
34
47
39
39
41
41
37
47
38
36
44
41
52
39
34
47
46
48
55
64
65
69
77
67
68
64
68
61
65
41
27
35
29
27
6
10
-7
-18
-9
-20
-27
-29
-35
-49
-29
-43
-31
-19
-7
-3
2
2
26
38
34
44
61
57
49
58
64
69
64
65
54
60
76
72
72
66
55
82
71
72
87
71
71
77
69
64
61
63
56
44
23
30
20
12
-1
9
10
12
21
13
16
24
47
42
40
53
58
53
48
62
80
81
71
75
71
75
66
58
49
62
52
55
49
47
65
56
48
40
63
63
55
44
34
18
7
29
18
22
11
10
4
-18
2
6
14
4
20
26
31
39
33
29
36
31
28
31
5
0
2
-10
-17
-19
-18
-31
-32
-34
-28
-51
-44
-57
-50
-31
-44
-24
-25
3
14
20
23
19
35
35
33
44
40
47
50
58
64
61
76
68
75
84
69
76
49
63
66
69
66
75
54
47
44
37
47
34
17
6
14
-10
-6
-20
-16
-13
5
10
7
14
1
24
5
17
11
41
35
37
42
21
51
39
26
30
36
44
47
36
43
44
52
60
57
62
75
59
54
57
49
47
46
33
31
35
25
28
36
46
33
19
40
24
34
38
22
44
38
48
51
65
59
52
49
43
29
33
39
21
10
19
26
11
11
7
-7
-17
-7
-11
-19
-1
2
0
-4
2
16
30
34
30
29
59
51
54
64
59
65
68
77
81
90
80
92
82
77
76
85
82
80
79
83
73
53
64
62
55
61
75
61
54
56
41
29
48
43
24
19
11
-2
9
7
-1
16
4
13
6
12
7
1
14
2
6
22
28
28
40
48
54
47
57
50
53
46
42
39
55
50
31
37
30
24
22
10
21
9
16
15
7
23
29
42
32
37
47
40
59
54
60
67
45
56
52
61
48
41
55
40
39
40
14
4
3
13
0
-7
3
-10
-8
-11
-5
-8
-5
2
-3
2
3
7
22
7
21
25
29
43
37
33
43
41
48
56
60
59
57
63
60
60
85
80
87
76
68
74
70
68
81
55
51
51
32
33
40
42
34
37
27
16
22
21
23
17
6
31
28
21
44
42
18
30
24
17
22
25
21
15
42
42
42
53
57
45
63
59
43
76
71
77
77
78
81
63
55
57
55
47
48
42
32
50
52
36
50
46
38
23
34
56
57
50
35
41
51
43
36
44
45
43
26
33
46
36
31
28
29
22
23
19
12
18
5
-1
-1
-12
-7
-3
-13
-9
-4
-15
-6
7
18
28
44
19
31
28
24
31
31
54
47
53
52
46
52
55
42
67
60
55
61
47
46
46
50
46
52
55
56
46
54
42
46
67
56
36
42
35
25
29
19
8
13
11
6
2
-18
-18
-5
-10
0
1
-12
5
6
20
21
29
32
30
40
35
35
29
24
19
22
28
12
2
12
9
4
9
-14
-14
-7
-6
14
-2
-8
8
5
-1
16
18
17
11
1
-2
-3
-16
9
-9
-1
0
0
7
3
11
-7
10
-6
8
0
-10
-5
-1
-1
-4
-11
-35
-25
-27
-29
-31
-25
-41
-26
-21
-8
-2
-9
6
16
17
12
7
0
13
27
19
17
21
10
20
32
41
35
35
40
35
40
43
45
44
45
34
50
38
36
34
31
31
35
16
20
16
8
10
-4
15
-3
1
2
-2
-13
-13
-4
-15
-11
-11
-22
-14
7
3
3
15
10
-5
9
9
19
18
-7
5
4
-13
-12
-14
-12
-4
-14
-8
-17
-12
-4
-6
11
2
14
20
12
21
5
9
8
14
0
-11
5
-14
-12
-5
-14
-20
-14
-9
-3
-2
-8
1
7
13
14
23
-5
-3
-2
-10
-20
-17
-10
-33
-30
-29
-26
-32
-35
-28
-25
-13
-11
-20
-14
-10
-5
0
5
13
8
-12
9
8
10
30
12
18
14
-3
20
18
3
7
-14
18
3
1
-8
-10
0
-29
-23
-25
-29
-50
-39
-37
-28
-40
-45
-29
-49
-46
-56
-34
-42
-40
-44
-48
-56
-58
-39
-57
-54
-59
-42
-39
-42
-40
-52
-48
-53
-49
-37
-45
-51
-47
-37
-44
-45
-33
-37
-30
-27
-5
-16
-20
-16
-10
-9
-10
-14
-19
-15
-23
-19
-20
-38
-33
-37
-44
-10
-27
-28
-34
-38
-37
-30
-28
-44
-23
-24
-32
-39
-39
-31
-47
-66
-66
-55
-51
-59
-63
-70
-56
-47
-53
-41
-47
-47
-62
-51
-32
-37
-24
-42
-20
-26
-27
-30
-41
-29
-40
-27
-21
-20
-15
-24
-22
-17
2
-17
-15
-14
-6
-12
-23
-16
-21
-6
-24
-25
-18
-27
-27
-29
-41
-25
-31
-26
-20
-27
-40
-47
-36
-57
-42
-44
-59
-46
-45
-41
-45
-20
-43
-31
-24
-42
-22
-24
-37
-19
-11
-9
-13
-6
-19
-22
-5
-16
-15
-32
-11
-9
4
-19
-27
-10
-20
-11
-33
-35
-19
-34
-32
-20
-32
-31
-43
-48
-43
-38
-53
-37
-55
-46
-25
-21
-27
-32
-37
-23
-27
-34
-31
-29
-39
-45
-36
-43
-49
-52
-48
-59
-52
-57
-49
-51
-55
-55
-48
-50
-40
-38
-39
-39
-31
-26
-22
-26
-12
-8
-17
-3
-30
-32
-28
-30
-30
-13
-18
-12
8
-10
-13
-10
-12
-27
-24
-18
-21
-28
-36
-22
-25
-45
-18
-29
-26
-24
-31
-26
-39
-42
-55
-60
-60
-54
-41
-32
-36
-38
-53
-52
-32
-34
-46
-38
-33
-30
-33
-37
-27
-33
-6
-26
-23
-2
-21
-18
-25
-26
-31
-12
-19
-32
-20
-42
-34
-37
-32
-17
-30
-29
-48
-24
-18
-28
-45
-54
-47
-52
-48
-53
-55
-56
-49
-48
-28
-30
-29
-38
-38
-31
-40
-27
-39
-40
-38
-42
-38
-39
-41
-36
-20
-39
-40
-35
-51
-33
-36
-32
-36
-28
-17
-17
-10
-14
-13
-2
1
1
2
-7
-5
-31
-20
-23
-29
-13
-14
-19
-10
-11
-7
7
-1
10
-10
-1
5
-8
-3
-5
-4
16
-9
-19
-10
-10
-6
-19
-18
-27
-23
-37
-30
-50
-39
-39
-40
-43
-50
-36
-35
-32
-42
-29
-48
-35
-30
-24
-36
-40
-32
-41
-30
-35
-34
-53
-51
-42
-35
-25
-37
-37
-31
-40
-50
-35
-35
-37
-24
-41
-50
-49
-55
-40
-48
-58
-64
-42
-51
-64
-57
-54
-45
-58
-56
-64
-53
-42
-51
-52
-54
-53
-53
-43
-55
-58
-55
-52
-54
-55
-56
-63
-53
-46
-59
-66
-47
-40
-43
-40
-54
-54
-54
-54
-39
-56
-55
-50
-56
-46
-59
-71
-57
-58
-48
-47
-48
-50
-55
-62
-48
-50
-32
-26
-33
-22
-31
-24
-24
-23
-25
-30
-31
-39
-60
-61
-47
-50
-61
-59
-64
-81
-58
-63
-61
-55
-54
-56
-59
-50
-63
-51
-47
-52
-48
-40
-39
-59
-63
-70
-62
-68
-65
-74
-72
-58
-61
-45
-43
-34
-36
-37
-31
-11
-24
-31
-23
-25
-27
-23
-8
-28
-41
-32
-56
-54
-49
-42
-40
-37
-51
-37
-40
-50
-46
-46
-20
-32
-46
-24
-37
-32
-34
-24
-20
-24
-12
-4
-16
-8
-15
-27
-22
-16
2
-9
-14
-7
-15
-23
-11
-12
-12
-4
-14
2
14
-12
-1
2
12
12
15
1
-12
-2
2
-5
5
2
-28
-4
-13
-10
-14
-16
-9
-20
-16
-18
-18
-20
-18
-23
-17
-17
-30
-24
-8
-8
-9
-15
-20
-23
-20
-17
-21
-24
-35
-36
-37
-42
-64
-46
-43
-33
-29
-48
-51
-46
-48
-41
-38
-48
-45
-51
-61
-60
-51
-51
-45
-50
-57
-64
-61
-59
-56
-50
-63
-63
-81
-86
-79
-74
-76
-83
-88
-66
-77
-85
-81
-82
-83
-91
-81
-76
-81
-85
-79
-69
-59
-66
-57
-71
-63
-64
-56
-56
-65
-72
-77
-69
-86
-68
-63
-72
-77
-71
-74
-71
-55
-61
-64
-64
-53
-67
-57
-55
-69
-46
-57
-38
-52
-61
-64
-70
-66
-79
-51
-60
-62
-51
-65
-76
-71
-55
-57
-56
-63
-70
-47
-47
-52
-46
-53
-38
-36
-35
-26
-34
-33
-35
-52
-48
-49
-52
-57
-54
-63
-56
-44
-59
-68
-58
-48
-54
-54
-44
-47
-55
-47
-42
-48
-43
-40
-52
-59
-48
-60
-64
-52
-52
-53
-39
-55
-69
-65
-60
-61
-62
-71
-74
-77
-69
-67
-67
-59
-55
-55
-62
-72
-66
-62
-61
-68
-55
-59
-62
-43
-51
-48
-53
-41
-51
-41
-46
-38
-32
-24
-34
-46
-37
-56
-41
-44
-30
-30
-39
-39
-41
-42
-45
-40
-45
-39
-42
-37
-36
-43
-39
-28
-29
-28
-20
-32
-24
-33
-44
-42
-49
-52
-52
-36
-33
-40
-46
-41
-45
-38
-32
-42
-33
-47
-46
-55
-47
-47
-49
-66
-64
-40
-49
-52
-54
-73
-64
-61
-66
-52
-67
-72
-75
-68
-69
-66
-68
-80
-70
-66
-66
-66
-64
-72
-71
-61
-73
-74
-74
-72
-63
-42
-49
-60
-68
-60
-41
-61
-47
-58
-83
-78
-76
-72
-75
-65
-87
-75
-79
-69
-59
-76
-91
-92
-90
-93
-100
-92
-84
-88
-80
-83
-61
-78
-66
-62
-55
-61
-54
-71
-85
-58
-65
-68
-49
-56
-70
-55
-69
-70
-61
-74
-79
-54
-60
-46
-56
-48
-47
-46
-25
-23
-16
-30
-41
-41
-32
-41
-42
-40
-28
-32
-44
-34
-21
-34
-38
-38
-37
-27
-55
-34
-27
-35
-33
-17
-27
-30
-48
-43
-27
-49
-42
-67
-58
-49
-34
-45
-48
-66
-61
-57
-53
-41
-47
-42
-59
-45
-32
-54
-46
-49
-42
-36
-39
-47
-51
-38
-34
-51
-44
-38
-40
-44
-56
-44
-46
-40
-19
-31
-43
-48
-34
-28
-35
-16
-33
-38
-48
-44
-36
-29
-42
-39
-36
-34
-22
-30
-22
-33
-27
-23
-28
-18
-30
-38
-37
-38
-27
-30
-38
-42
-57
-56
-49
-58
-48
-59
-51
-70
-59
-48
-65
-47
-48
-59
-59
-59
-50
-54
-49
-70
-66
-58
-69
-68
-70
-74
-52
-58
-67
-63
-59
-54
-56
-63
-57
-58
-59
-64
-72
-65
-67
-77
-71
-70
-74
-71
-85
-69
-67
-94
-95
-100
-87
-82
-88
-95
-96
-76
-90
-90
-91
-85
-80
-83
-81
-81
-70
-82
-79
-66
-67
-70
-75
-63
-73
-66
-72
-74
-75
-74
-66
-63
-60
-66
-62
-63
-60
-60
-71
-71
-65
-61
-51
-67
-62
-60
-52
-54
-80
-69
-90
-75
-64
-61
-66
-65
-60
-65
-50
-44
-65
-65
-60
-61
-49
-67
-57
-47
-60
-58
-45
-62
-59
-71
-53
-52
-58
-51
-70
-47
-46
-57
-50
-50
-45
-39
-50
-47
-63
-42
-32
-36
-38
-37
-20
-17
-10
-24
-20
-18
-21
-8
-23
-2
-15
-23
-14
-23
3
-14
-40
-36
-24
-32
-36
-19
-22
-16
-27
-34
-42
-34
-30
-31
-43
-54
-50
-49
-41
-54
-50
-53
-56
-45
-49
-65
-65
-66
-44
-44
-53
-47
-40
-48
-48
-50
-63
-59
-59
-43
-70
-70
-62
-67
-65
-76
-70
-63
-69
-64
-68
-67
-72
-72
-65
-62
-45
-52
-68
-67
-56
-73
-64
-56
-62
-58
-38
-54
-66
-58
-58
-62
-60
-35
-38
-44
-38
-51
-61
-60
-40
-66
-78
-56
-71
-57
-72
-67
-63
-71
-65
-60
-57
-51
-61
-57
-58
-61
-58
-57
-57
-59
-59
-53
-71
-71
-57
-72
-70
-61
-51
-48
-61
-60
-63
-65
-67
-80
-60
-66
-64
-77
-65
-62
-69
-53
-65
-70
-65
-70
-64
-66
-66
-68
-75
-73
-57
-34
-43
-55
-55
-54
-68
-56
-52
-70
-61
-50
-40
-46
-47
-35
-32
-37
-50
-76
-84
-60
-84
-85
-76
-85
-89
-83
-85
-89
-81
-83
-65
-74
-73
-69
-48
-55
-48
-59
-64
-60
-60
-64
-59
-46
-49
-45
-66
-56
-57
-50
-53
-44
-38
-40
-36
-40
-33
-35
-31
-51
-54
-50
-44
-40
-43
-25
-21
-37
-36
-30
-34
-24
-35
-20
-32
-32
-27
-30
-28
-39
-31
-43
-40
-41
-44
-33
-36
-39
-55
-38
-42
-40
-30
-41
-37
-32
-23
-32
-26
-33
-29
-19
-33
-37
-29
-39
-36
-38
-49
-32
-41
-42
-43
-30
-35
-35
-48
-41
-26
-24
-29
-28
-17
-41
-31
-9
-23
-28
-28
-37
-39
-34
-33
-31
-27
-23
-26
-32
-25
-47
-41
-40
-42
-43
-44
-34
-45
-51
-38
-63
-62
-58
-64
-56
-46
-50
-34
-40
-42
-26
-34
-42
-34
-33
-28
-30
-38
-29
-32
-48
-36
-43
-44
-39
-40
-40
-34
-31
-43
-41
-28
-32
-29
-24
-30
-31
-32
-36
-29
-29
-30
-18
-13
-22
-29
-28
-14
-29
-36
-22
-23
-23
-19
-9
3
1
8
10
0
1
-17
-12
-5
-13
-12
-13
-12
-9
-8
-22
0
-4
-7
-27
-30
-3
-14
-8
-4
-28
-33
-5
-8
5
14
-7
-13
-1
6
5
-3
-7
2
4
-1
11
9
15
-3
-6
1
8
12
-1
13
-4
-19
1
-12
-6
3
-1
2
8
3
-10
6
10
7
2
