48
47
43
37
43
35
34
41
56
61
46
57
55
55
56
49
50
55
40
49
64
47
52
67
49
44
52
59
64
61
56
52
66
47
39
47
47
54
52
43
42
47
41
24
39
46
36
45
32
45
37
36
42
38
31
48
43
38
47
46
35
38
56
39
46
25
30
48
36
40
33
40
33
16
26
38
35
43
39
48
63
51
60
38
33
50
40
48
42
38
33
38
33
38
35
37
47
30
31
16
37
35
30
54
49
48
50
46
32
33
33
19
20
34
43
29
46
37
33
35
38
55
20
18
31
20
45
44
27
20
19
30
18
6
-1
25
13
2
1
-7
-7
-28
-29
-8
-24
-29
-27
-12
-25
-18
10
-8
-9
-7
-6
-11
-21
-22
-27
-21
-18
-16
-9
-19
-30
-20
-6
-11
7
-18
-16
-12
-17
-6
-18
-18
-16
-15
-11
-12
3
-17
-14
-1
5
-1
-6
11
7
13
8
-4
7
10
10
8
-8
-6
-2
1
-3
11
-2
-14
-3
-3
5
-8
24
21
3
22
7
6
18
17
-3
4
6
7
0
0
4
11
11
-3
26
5
8
14
3
4
4
12
5
-12
-18
-23
-17
-15
-36
-33
-29
-42
-26
-25
0
0
3
-6
-11
7
-10
2
-1
0
-12
-22
-12
-5
-2
9
-3
-7
-32
-31
-13
-25
-28
-23
-7
-28
-2
8
-9
-3
4
-3
-4
9
27
2
-7
2
-3
-1
11
13
6
12
19
2
5
20
12
10
15
15
23
1
4
15
1
13
7
6
-11
-14
-1
11
-7
-11
-2
-9
6
-3
9
-9
-8
11
2
9
0
-15
-6
-6
-5
4
-2
-7
2
-1
-5
-9
-2
-16
-23
-11
-16
0
-17
-14
-8
-5
-11
-8
-9
-8
3
-6
1
-7
-6
-4
3
5
-12
7
-1
-2
-1
-9
3
-7
2
-4
7
12
12
-4
0
1
18
-1
-4
11
9
16
-2
11
15
7
18
30
29
23
34
31
34
25
27
38
37
40
24
41
37
37
39
36
54
58
56
65
58
54
50
47
52
52
68
53
46
39
27
43
31
25
34
38
34
12
8
4
-6
2
7
11
11
11
14
8
17
12
7
11
9
-15
-23
-6
-10
-16
-13
-14
-16
-6
-18
-17
-17
-13
-6
-15
-7
2
8
-3
-17
-13
-11
-5
-11
-12
6
-28
-10
-16
-11
-4
-16
-7
-10
-14
-27
-22
0
-8
-18
-12
-25
-34
-14
5
-17
-32
-14
-13
-14
-15
-12
-10
-11
-5
-8
6
-3
-3
-6
3
-4
-16
-13
-5
-20
-19
-9
-12
-13
-13
7
-3
10
-4
-13
-25
-19
-14
-29
-18
-29
-46
-34
-35
-27
-35
-56
-49
-43
-44
-34
-37
-53
-36
-48
-44
-41
-49
-37
-54
-50
-40
-44
-38
-30
-67
-41
-53
-41
-56
-52
-30
-49
-22
-36
1
-23
-16
-5
-7
-4
6
-2
-15
-10
4
-5
-7
16
5
-5
-5
1
2
-13
7
-15
-11
-4
-6
-6
-2
-2
-9
14
6
15
6
2
-5
-8
-6
-15
-6
-19
-6
-26
-18
-13
-21
-4
-19
-6
-24
-5
-8
-21
-9
-19
-17
-34
-33
-39
-34
-32
-49
-42
-51
-42
-42
-39
-27
-23
-10
-24
-25
3
-8
-19
-21
-19
-24
-14
-2
-19
-10
-11
2
-9
-13
-2
-12
-23
-15
-29
-11
-2
-16
-5
0
-7
-23
-7
2
3
-9
-12
1
-4
4
7
13
13
-1
9
17
22
14
5
4
-1
8
9
11
22
13
20
3
0
1
-8
-3
-7
-12
-4
-12
2
7
-8
-18
-16
4
3
-2
-8
-4
-7
-11
-15
5
-2
-2
-11
-7
-7
-17
-22
-27
-12
-15
-12
-9
-14
-13
-7
-20
-29
-22
-13
-28
-1
-7
-6
3
-16
-12
-12
-5
0
-8
1
0
-9
9
2
-10
6
-5
1
-17
-5
3
10
-8
-10
-4
12
10
-6
20
16
4
6
20
18
23
36
21
22
36
28
24
19
36
31
29
21
26
46
35
21
41
24
13
39
41
48
45
43
46
45
48
53
35
46
39
49
36
22
36
41
43
30
34
21
20
36
31
28
21
4
5
1
4
1
13
14
-4
-1
12
10
8
-6
-6
-3
-2
-1
10
10
-2
6
-6
-5
16
1
-5
11
17
16
13
12
12
7
2
-1
-4
4
-6
-4
2
13
5
-4
-9
20
13
2
9
-1
3
-17
-1
-7
-5
-9
-7
-17
6
8
-4
4
-13
12
2
8
18
10
-2
16
15
18
12
2
-1
7
8
18
9
4
12
9
-5
-9
9
-1
4
-1
1
5
12
9
4
8
8
2
-2
10
9
3
0
-6
8
3
-4
0
-8
7
12
2
3
4
7
0
-6
1
-10
-15
-19
-14
-23
-21
3
-5
-15
-15
-19
-12
-8
0
2
3
3
-5
1
10
-3
22
17
6
5
2
13
11
17
2
3
6
12
9
14
18
11
22
20
37
29
32
39
14
14
26
21
15
21
21
18
10
26
7
7
-12
-6
2
8
10
-14
15
4
-7
-13
0
13
7
9
2
-5
6
10
3
11
0
-2
3
-2
1
-1
-20
-8
12
-11
6
2
4
19
-4
6
5
-1
2
11
15
25
11
23
17
26
30
33
28
17
39
20
31
38
34
31
52
31
28
40
29
32
24
21
28
21
21
11
25
20
8
15
17
13
19
-2
-9
-1
7
23
27
21
5
21
6
10
26
11
14
22
15
22
5
4
6
-3
9
3
15
8
-1
-6
-8
-4
-4
8
-7
-10
-8
4
-7
-7
-10
-13
4
1
-2
3
3
-2
-5
-4
-3
0
8
8
2
-7
-9
-1
-4
-2
-1
0
6
1
2
-16
-13
1
-5
-8
1
-12
0
17
-4
1
-6
13
2
-7
5
-12
9
-17
-11
10
-24
-7
-19
-12
-13
-17
-6
-23
-29
-21
-14
-6
-8
-1
-18
-34
-21
-16
-5
-17
-27
-13
-11
-22
7
4
-10
6
14
7
-2
-1
-14
-5
2
-5
-9
-15
-2
-7
-6
0
-19
2
-15
-11
-8
-1
3
-1
19
14
23
21
21
29
22
27
7
9
8
3
18
9
18
16
15
21
10
15
5
5
6
3
6
4
-4
-4
-6
-6
11
-23
-26
-11
-11
-10
-5
-5
-26
-20
-27
-27
-6
2
-15
-1
-4
-1
-2
-3
5
-3
-13
-3
2
1
17
8
0
-6
-7
-4
-12
8
10
2
-3
-4
-7
-15
-2
-7
-6
5
-8
-16
-6
5
-3
-6
-6
-8
-15
-3
-2
-14
-6
3
3
9
16
9
17
16
20
6
11
25
16
23
24
31
17
29
29
19
15
24
31
33
33
15
21
22
21
14
13
28
17
-2
17
15
19
23
17
30
20
13
21
19
14
18
18
37
44
35
19
30
32
44
29
28
30
24
31
31
40
41
35
44
38
38
43
39
56
41
28
33
26
33
14
17
18
9
29
22
22
19
23
24
28
37
23
26
23
28
17
41
36
18
26
31
29
26
22
23
33
28
18
36
27
33
24
24
24
30
34
12
27
0
20
38
33
42
37
32
29
33
40
29
37
36
44
57
34
31
23
13
15
9
6
1
2
20
19
2
1
5
12
1
0
8
3
26
15
17
4
3
2
7
3
-8
-3
2
-4
-7
9
-3
-2
5
-1
-3
5
1
-1
-2
-8
1
6
7
1
0
-1
-5
3
-2
-8
5
0
-3
1
17
16
4
14
-2
1
-10
-12
-6
-17
-8
-21
-31
-15
-13
-16
-10
-2
-13
-10
-6
-4
-10
-13
-24
-15
-13
-14
-15
-35
-28
-24
-19
-18
-8
-27
-29
-39
-34
-34
-47
-32
-37
-38
-48
-45
-46
-44
-41
-47
-46
-32
-30
-40
-24
-30
-35
-36
-30
-31
-48
-32
-37
-35
-22
-30
-43
-41
-42
-49
-34
-28
-43
-45
-40
-35
-46
-35
-39
-38
-33
-27
-10
-35
-47
-36
-40
-27
-33
-16
-11
-22
-13
-32
-10
-29
-28
-18
-20
-20
-4
-22
-12
-10
-9
-5
-17
-3
1
-1
5
-3
-8
2
-5
10
6
7
-1
7
7
3
7
6
1
1
9
-4
11
23
0
14
4
10
1
-2
12
7
9
9
-2
-2
5
13
3
-4
13
-4
-15
0
-1
-12
-16
-13
-19
-23
-6
-15
-8
-14
-16
-12
-9
4
3
3
-2
-2
10
-2
1
-2
3
-4
-8
16
5
16
-2
1
11
4
29
10
17
16
19
34
34
19
43
41
32
46
28
13
24
29
34
35
28
24
17
21
28
29
4
5
22
16
8
2
9
1
8
21
29
11
14
12
-6
-10
-15
-10
6
1
4
-12
-5
-7
-5
-5
-7
14
-9
4
3
1
-1
15
7
16
5
11
11
-8
-2
-2
10
20
20
23
13
5
3
6
27
18
30
28
28
36
36
20
13
24
31
13
13
20
23
19
14
20
18
13
7
15
25
12
16
33
29
42
53
44
44
51
34
31
36
31
19
46
34
28
26
23
30
6
13
7
10
21
10
10
20
9
0
8
8
6
21
12
9
12
1
0
-3
-16
-25
-17
-12
-25
-21
-4
-16
-7
-16
-28
-34
-27
-12
-17
-18
-25
-29
-36
-23
-27
-18
-15
-13
1
-24
-21
-28
-22
-22
-19
-10
-24
-4
-16
-12
-19
-16
-9
-7
-9
-22
-14
-13
-2
9
17
4
12
2
-8
7
3
3
3
2
6
4
7
14
18
9
1
6
5
12
27
1
8
20
12
13
18
0
-1
15
4
-12
0
-9
-8
-2
3
2
-2
-2
5
-6
15
8
-5
4
-3
-10
-8
-2
-10
-4
7
14
-10
4
-6
-9
0
1
-2
-12
-5
-1
1
-1
-5
4
-4
-12
-17
0
-15
-29
-6
-2
4
-18
-7
-15
-27
2
0
-17
-3
-16
-21
-9
-16
-2
2
-18
-1
5
8
-2
0
-4
2
-4
9
13
4
13
-7
7
4
2
1
1
7
12
4
2
2
12
15
-1
20
20
13
13
18
4
13
21
1
20
18
24
16
15
16
16
8
5
-6
0
6
-3
-5
-4
-8
-14
-10
-6
-19
-17
-7
-20
-11
-4
-9
-19
-17
-12
-18
-23
-19
-18
-22
-28
-21
-3
-12
-32
-35
-26
-17
-14
-20
-13
-21
-46
-39
-24
-17
-22
-19
-10
-21
-4
-12
-19
-4
-13
-11
-2
-1
11
1
-15
-7
-8
-18
-8
3
2
-16
-1
15
6
-11
4
8
2
9
-3
2
-15
-12
-7
-18
-10
-15
-25
-4
-5
-9
-11
2
-1
-14
-15
-6
-6
-8
-17
-29
-8
6
-19
-30
-40
-33
-15
-30
-15
-39
-30
-35
-38
-41
-42
-16
-35
-29
-34
-39
-36
-24
-23
-30
-24
-34
-21
-22
-25
-34
-44
-41
-30
-20
-21
-26
-19
-28
-17
-17
-8
-5
-32
-18
-26
-18
-8
-6
-15
-18
-18
-10
-17
-21
-17
8
-2
-7
-2
-14
-5
-16
-17
-23
-11
-4
-2
-3
-7
4
-12
-21
-16
-14
-10
-9
4
10
-2
14
15
9
19
12
21
6
9
10
15
15
16
4
-4
-5
-11
-4
-27
-15
-7
3
-2
-8
-8
-24
9
13
4
14
8
8
7
-2
5
-7
-7
-10
-7
-5
-10
-2
-6
-15
-17
-2
-13
-12
6
5
-1
13
-4
-1
23
19
8
5
16
11
13
22
12
7
6
-6
-26
-23
-6
5
2
-2
8
5
21
20
18
19
20
14
24
27
21
39
27
32
20
21
17
16
22
13
11
26
27
26
24
23
26
35
36
35
42
40
52
41
41
39
35
38
23
28
44
47
28
44
40
35
33
34
36
35
44
36
19
17
29
33
36
26
27
10
4
24
6
5
7
-1
4
8
11
4
3
2
19
10
8
10
-13
10
-1
-6
0
-14
-2
2
5
-2
-1
-8
1
0
1
2
13
2
0
10
-1
15
14
14
3
-3
22
0
-9
19
-5
12
16
1
9
15
22
24
14
10
0
13
18
12
8
10
-2
1
8
10
20
20
20
27
13
2
11
6
13
14
10
15
20
26
16
19
20
23
16
10
3
11
17
14
17
20
19
22
29
23
11
16
18
23
32
33
33
32
29
18
30
27
28
13
6
12
3
17
21
16
23
16
14
24
35
25
24
43
34
37
50
50
32
30
30
27
36
33
20
17
5
14
0
3
9
-6
-10
-7
-1
-10
-4
7
12
12
-1
6
6
-12
6
11
23
12
25
17
14
15
17
17
15
16
3
23
32
45
43
25
36
52
32
42
34
56
43
42
44
35
52
52
44
50
64
57
67
67
59
57
60
52
58
44
52
62
35
61
47
53
43
49
41
61
64
36
69
66
66
46
54
59
38
61
51
46
37
56
49
33
48
36
40
36
41
34
46
46
43
44
50
61
48
49
36
51
46
40
54
54
51
65
70
64
79
86
87
73
74
68
75
71
62
56
71
77
68
64
71
64
64
55
53
60
59
59
52
57
49
61
40
30
38
44
40
45
35
31
44
39
32
35
28
22
32
31
42
32
45
33
33
32
26
42
37
37
28
32
32
15
20
36
28
28
27
26
37
32
22
25
22
28
40
34
29
40
34
40
23
23
15
9
6
3
6
-6
8
22
14
13
13
13
15
8
10
16
3
3
27
5
8
-2
-16
4
0
-3
17
8
-12
11
7
-5
9
17
24
9
21
16
-6
-8
-8
15
20
25
31
24
19
9
6
3
-2
-3
-5
-4
-16
-16
-10
-5
-8
1
5
-2
6
-14
-5
-2
-4
-12
-19
-19
-28
-34
-47
-49
-59
-43
-54
-48
-48
-51
-49
-41
-38
-38
-47
-44
-35
-35
-37
-22
-26
-36
-32
-34
-19
-29
-23
-32
-47
-29
-12
-14
-23
-21
-13
-13
-5
-6
-22
2
3
14
1
-12
-26
-22
-10
-13
-11
-26
-18
-9
10
4
3
6
2
1
11
4
10
17
-7
-20
-9
-10
-14
-15
-12
-6
-17
-21
-29
-18
-10
-12
-23
-25
-21
-35
-34
-25
-32
-24
-23
-32
-34
-34
-30
-37
-31
-27
-9
-16
-15
-15
-3
-9
-11
-11
-1
-2
7
-9
5
3
2
10
-1
20
6
15
13
16
6
1
-1
10
13
1
17
14
7
19
18
19
20
31
35
36
43
41
44
34
36
14
12
24
25
40
22
13
17
27
29
35
48
32
32
59
38
42
34
32
41
34
38
35
26
24
32
24
7
13
7
16
12
16
8
4
36
20
1
-6
6
23
11
30
27
19
9
15
12
5
5
3
25
4
20
12
7
23
11
18
14
8
3
32
28
28
36
44
17
39
37
11
16
10
25
24
25
15
12
14
5
22
29
29
32
44
27
25
35
31
28
29
33
39
37
36
35
30
39
36
58
54
38
28
60
42
35
53
13
21
17
4
1
3
14
5
-10
-8
4
-4
0
-4
0
-10
-9
-6
-12
-9
-20
-16
-21
-15
-23
-27
-26
-31
-38
-28
-31
-24
-23
-31
-42
-22
-13
-24
-9
-5
-3
-3
-2
-5
19
6
-7
4
-12
-7
-16
-17
-26
-27
-27
-29
-28
-36
-42
-53
-46
-51
-58
-48
-54
-38
-47
-54
-45
-37
-34
-35
-48
-42
-28
-31
-40
-33
-32
-47
-49
-66
-49
-31
-23
-31
-34
-32
-47
-48
-39
-51
-58
-68
-55
-57
-66
-44
-58
-57
-70
-87
-64
-54
-67
-58
-42
-52
-50
-47
-44
-46
-48
-48
-41
-42
-29
-29
-40
-30
-37
-30
-30
-35
-27
-39
-51
-51
-66
-37
-54
-59
-54
-37
-32
-35
-40
-30
-54
-47
-47
-28
-26
-47
-64
-63
-42
-43
-53
-37
-35
-36
-23
-40
-29
-34
-45
-48
-32
-39
-31
-53
-47
-49
-52
-50
-48
-36
-39
-21
-36
-50
-44
-34
-33
-16
-17
-20
-20
-23
-31
-25
-31
-34
-43
-34
-61
-68
-69
-72
-49
-56
-43
-44
-32
-31
-26
-16
-56
-41
-52
-36
-23
-40
-37
-39
-25
-47
-41
-31
-50
-32
-32
-34
-39
-33
-30
-46
-33
-38
-54
-55
-49
-47
-35
-34
-22
-12
-19
-24
-16
-25
-33
-32
-34
-41
-48
-50
-52
-51
-57
-49
-44
-31
-31
-23
-48
-42
-16
-20
-22
-9
-39
-52
-54
-66
-56
-44
-29
-33
-26
-27
-17
-17
-25
-33
-16
-49
-37
-16
-16
-14
-26
-37
-39
-43
-38
-39
-39
-41
-40
-34
-14
-15
-34
-45
-36
-11
-21
-16
-29
-30
2
-22
-17
-37
-39
-39
-44
-39
-62
-65
-74
-71
-61
-68
-73
-57
-60
-68
-56
-57
-56
-58
-57
-49
-29
-37
-23
5
-25
-40
-44
-59
-52
-57
-62
-53
-68
-69
-68
-55
-33
-42
-68
-71
-84
-73
-70
-72
-60
-49
-50
-42
-41
-55
-52
-67
-56
-51
-52
-40
-61
-61
-105
-94
-70
-83
-63
-52
-54
-46
-47
-28
-24
-21
-34
-49
-44
-50
-64
-70
-47
-61
-55
-52
-57
-55
-68
-41
-45
-24
-26
-38
-45
-67
-43
-42
-52
-46
-50
-61
-73
-57
-54
-59
-63
-49
-30
-59
-38
-49
-39
-37
-56
-46
-47
-39
-42
-50
-46
-51
-78
-74
-67
-62
-76
-59
-77
-79
-84
-82
-67
-84
-70
-58
-36
-40
-45
-60
-67
-49
-55
-57
-49
-46
-57
-58
-66
-80
-95
-96
-101
-91
-77
-83
-96
-108
-98
-70
-75
-43
-48
-41
-35
-68
-55
-66
-66
-64
-68
-62
-79
-84
-94
-81
-83
-90
-109
-98
-89
-110
-110
-95
-80
-84
-84
-95
-65
-65
-65
-76
-64
-83
-85
-102
-75
-77
-70
-77
-85
-100
-104
-101
-112
-102
-108
-101
-95
-103
-77
-92
-99
-86
-82
-99
-110
-107
-113
-85
-93
-81
-74
-93
-87
-108
-102
-84
-91
-84
-69
-69
-65
-58
-78
-63
-67
-87
-83
-97
-70
-79
-76
-85
-82
-93
-110
-90
-86
-95
-102
-103
-99
-88
-105
-91
-110
-91
-86
-90
-71
-88
-76
-95
-77
-90
-110
-108
-102
-112
-108
-107
-102
-81
-74
-90
-82
-71
-80
-57
-90
-77
-62
-60
-62
-73
-61
-69
-67
-66
-66
-78
-95
-75
-69
-60
-69
-71
-73
-81
-80
-77
-80
-86
-60
-81
-80
-78
-81
-83
-81
-71
-71
-65
-74
-69
-65
-61
-70
-57
-42
-51
-75
-84
-71
-80
-65
-57
-76
-65
-70
-61
-66
-60
-69
-71
-81
-95
-83
-86
-77
-71
-75
-56
-72
-34
-28
-42
-41
-44
-43
-48
-41
-41
-38
-35
-58
-61
-65
-70
-47
-47
-56
-43
-52
-63
-35
-29
-18
-43
-42
-18
-19
-1
-8
-10
2
-18
-15
-18
-10
-27
-28
-37
-34
-29
-43
-37
-37
-3
-1
9
-12
-18
-18
-30
-26
-20
-13
-10
-5
-15
-24
-22
-42
-50
-35
-30
-8
-34
-43
-61
-44
-47
-27
-26
-24
-39
-46
-39
-44
-40
-37
-57
-61
-57
-50
-61
-66
-79
-81
-47
-27
-27
-55
-49
-39
-42
-42
-38
-36
-48
-46
-45
-25
-35
-37
-51
-61
-48
-42
-39
-42
-29
-19
-45
-42
-36
-46
-28
-31
-23
-29
-43
-52
-44
-54
-56
-41
-37
-49
-62
-48
-44
-64
-38
-23
-15
9
19
8
0
-8
-12
4
-9
-28
-44
-62
-54
-56
-71
-80
-89
-87
-73
-71
-76
-49
-40
-62
-32
-56
-42
-42
-50
-85
-79
-26
-26
-20
-38
-51
-77
-80
-46
-40
-30
-65
-62
-58
-55
-90
-88
-78
-92
-61
-65
-56
-77
-130
-102
-82
-56
-28
-61
-48
-55
-53
-58
-84
-95
-122
-101
-78
-63
-70
-69
-120
-142
-149
-116
-75
-60
-51
-40
-44
-68
-67
-63
-46
-61
-76
-80
-100
-73
-78
-93
-70
-101
-113
-128
-96
-97
-112
-111
-89
-70
-71
-71
-86
-64
-82
-75
-102
-114
-125
-140
-111
-77
-66
-84
-104
-104
-119
-88
-87
-96
-82
-26
-57
-115
-123
-120
-92
-52
-76
-53
-73
-88
-67
-55
-41
-60
-71
-86
-67
-76
-96
-76
-61
-69
-58
-50
-57
-55
-48
-47
-37
-47
-60
-61
-38
-15
-20
-31
-44
-77
-70
-83
-95
-104
-107
-77
-60
-32
-21
-46
-62
-80
-60
-31
-21
-19
-50
-52
-23
-28
-9
-37
-56
-29
-52
-45
-31
-27
-39
-33
-46
-54
-17
-14
-23
-20
-42
-81
-81
-52
-12
-2
-12
-28
-44
-38
-55
-22
-14
-42
-55
-61
-49
-32
-29
-15
-30
-15
-47
-49
-39
-47
-74
-63
-73
-79
-70
-45
-28
-42
-67
-79
-51
-58
-55
-43
-39
-17
-30
-46
-35
-43
-25
-29
-43
-57
-76
-62
-62
-34
-42
-67
-59
-49
-1
-40
-49
-25
-39
-41
-2
6
-27
-44
-34
-32
-5
14
25
-9
-11
-14
-20
-23
-48
-25
-21
-65
-38
-57
-39
-32
-63
-29
-52
-23
-6
20
24
23
25
-18
-21
-17
-27
-45
-61
-20
-27
1
14
-6
-1
-41
-46
-68
-29
-50
-67
-76
-57
-41
-40
-30
-46
-48
-44
-35
-74
-73
-44
-50
-28
-6
-10
14
-33
-55
-65
-83
-53
-39
-78
-40
-48
-31
-13
-2
-23
-41
-28
-55
-52
-69
-79
-62
-53
-58
-38
-31
-55
-82
-94
-91
-94
-80
-45
-35
-50
-9
-39
-47
-49
-70
-35
-86
-70
-57
-76
-60
-51
-23
-27
-3
7
-3
-17
-17
-33
-52
-55
-76
-73
-43
-48
-38
-36
-40
-12
-45
-41
-31
-27
-44
-70
-27
-26
-36
-28
-43
-54
-60
-81
-97
-120
-121
-100
-94
-79
-83
-87
-48
-2
-2
-22
-34
-73
-66
-85
-85
-86
-107
-103
-107
-105
-91
-46
-58
-18
11
22
-19
-24
-15
-49
-30
-64
-56
-74
-97
-63
-83
-101
-85
-102
-110
-102
-114
-72
-90
-100
-67
-76
-79
-86
-64
-66
-64
-40
-61
-72
-54
-23
7
28
6
-15
-23
-9
-15
-40
-45
-47
-44
-66
-36
-47
-48
-42
-78
-87
-79
-51
-85
-93
-111
-108
-79
-66
-71
-68
-22
-2
14
38
51
41
20
-10
-20
-40
-46
-31
-21
-14
-5
-15
-28
-26
-20
-39
-47
-24
-38
-50
-48
-39
-53
-43
-36
-16
10
-18
3
0
-36
-27
-38
-34
-22
-19
-7
32
11
-5
-1
-23
-4
-31
-54
-71
-50
-40
-27
-8
-20
-27
-28
-27
-7
-11
-5
-17
-69
-61
-61
-45
-38
-59
-68
-108
-134
-129
-123
-103
-56
11
44
99
121
158
189
178
167
127
112
77
39
10
-11
-46
-56
-73
-127
-168
-143
-120
-97
-60
-29
3
-25
-50
-77
-17
-9
12
17
3
-19
-24
10
-7
-16
-14
18
-12
14
27
26
-1
-26
-6
-8
-33
-58
-62
-67
-62
-70
-41
-53
-62
-55
-19
-44
-43
-53
-63
-74
-70
-44
-46
-36
-33
-18
-42
-36
-39
-53
-55
-74
-40
-14
-20
-47
-56
-58
-48
-2
11
22
3
-2
13
-1
16
18
13
9
16
5
7
6
11
15
-10
-30
-37
-47
-40
-23
-52
-49
-43
-52
-63
-41
-58
-93
-119
-114
-69
-67
-50
-60
-86
-98
-112
-84
-94
-92
-109
-106
-79
-76
-52
-84
-83
-75
-73
-42
-27
-40
-39
-34
-28
3
-26
-25
-44
-64
-82
-71
-71
-74
-78
-87
-70
-72
-82
-88
-77
-78
-56
-51
-40
-19
-2
10
24
28
31
39
59
75
89
74
60
49
38
27
16
7
-3
6
-10
-21
-28
-34
-37
-37
-37
-13
-10
3
18
18
22
28
29
46
68
38
56
72
56
52
38
16
-3
-17
-3
-5
-21
-10
-33
-39
-39
-69
-48
-51
-47
-42
-35
-20
-20
-13
0
24
25
29
16
8
19
19
9
10
6
20
-2
13
35
16
22
17
18
31
27
18
15
14
18
30
46
57
69
76
93
109
93
102
111
119
105
97
89
72
68
49
38
19
30
42
33
29
29
34
37
53
53
38
55
61
69
55
44
27
26
29
20
35
47
26
25
34
36
34
32
24
20
32
24
6
1
26
17
4
1
-3
15
19
23
33
15
18
24
17
17
20
7
-5
-4
-27
-37
-48
-45
-61
-52
-62
-76
-51
-75
-78
-62
-54
-36
-29
-40
-44
-23
-5
-30
-37
-29
-39
-43
-28
-21
-37
-16
-4
-10
-20
-10
-19
-18
-3
-8
0
6
20
36
44
67
73
87
87
117
110
122
136
140
149
150
154
156
164
152
156
166
206
193
200
223
218
245
261
276
305
313
321
336
355
387
424
440
465
471
476
491
460
430
390
339
266
196
97
29
-60
-167
-255
-359
-436
-496
-557
-598
-628
-648
-627
-610
-573
-518
-490
-449
-409
-386
-377
-376
-377
-402
-410
-452
-483
-510
-529
-547
-552
-547
-557
-544
-518
-522
-511
-466
-438
-428
-405
-360
-319
-271
-227
-175
-133
-87
-43
28
74
149
194
255
291
333
390
453
519
577
616
649
708
746
814
902
968
1065
1187
1270
1401
1514
1656
1832
2006
2176
2101
1749
1306
782
278
-274
-925
-1435
-1846
-2156
-2220
-2060
-1705
-1330
-959
-549
-104
319
647
861
914
856
764
659
564
481
391
345
248
177
233
232
134
-57
-249
-484
-765
-1014
-1211
-1347
-1488
-1571
-1537
-1389
-1172
-1009
-821
-638
-491
-306
-170
-71
31
49
-14
-119
-194
-296
-446
-599
-743
-823
-926
-987
-990
-946
-845
-769
-652
-511
-359
-255
-153
-102
-55
7
18
60
136
246
354
417
494
593
671
703
697
703
713
723
749
849
976
1132
1312
1550
1829
2097
2378
2604
2724
2445
1822
1048
244
-457
-1224
-1991
-2537
-2822
-2908
-2682
-2179
-1475
-802
-241
307
799
1218
1488
1542
1415
1205
985
795
641
560
479
426
307
200
160
34
-173
-526
-868
-1192
-1470
-1641
-1693
-1618
-1485
-1294
-992
-587
-185
146
386
550
630
654
588
487
333
82
-252
-621
-924
-1145
-1381
-1573
-1655
-1643
-1546
-1404
-1146
-827
-524
-291
-126
6
65
44
-73
-222
-355
-493
-562
-568
-506
-388
-252
-142
-65
46
96
62
-26
-101
-146
-168
-155
-79
75
235
411
635
902
1180
1464
1733
1976
2259
2541
2778
2995
3207
3271
2880
2055
1031
-16
-948
-1886
-2768
-3380
-3654
-3633
-3237
-2444
-1394
-395
404
1068
1648
2087
2310
2226
1936
1556
1111
769
531
390
305
208
37
-163
-337
-544
-841
-1241
-1648
-1968
-2162
-2164
-1956
-1574
-1101
-670
-242
241
679
1006
1185
1209
1122
920
672
431
195
-112
-487
-854
-1207
-1493
-1725
-1938
-2087
-2118
-2040
-1834
-1481
-1032
-550
-153
146
332
439
444
336
162
-14
-164
-307
-350
-324
-246
-165
-176
-196
-237
-299
-376
-487
-560
-546
-472
-320
-69
223
529
807
1039
1257
1472
1622
1757
1847
1942
2065
2232
2437
2671
2910
3069
3033
2523
1602
504
-668
-1683
-2556
-3325
-3707
-3741
-3421
-2708
-1701
-550
469
1215
1751
2096
2264
2253
1995
1659
1245
800
500
354
289
188
12
-324
-735
-1082
-1429
-1775
-2059
-2227
-2223
-2011
-1611
-1020
-357
231
661
959
1176
1279
1256
1084
850
563
249
-29
-230
-404
-596
-872
-1203
-1496
-1780
-1998
-2082
-2063
-1919
-1634
-1247
-773
-257
237
546
662
693
606
437
231
38
-146
-264
-371
-430
-414
-404
-439
-538
-638
-734
-809
-819
-723
-575
-315
-35
254
588
903
1139
1286
1375
1414
1441
1489
1550
1627
1782
1979
2178
2397
2666
2876
3011
2882
2135
934
-401
-1641
-2549
-3258
-3747
-3777
-3472
-2881
-2000
-869
363
1241
1730
2011
2080
2055
1945
1668
1400
1097
757
553
444
312
94
-308
-850
-1491
-2088
-2425
-2564
-2530
-2293
-1872
-1296
-599
137
810
1310
1496
1437
1253
1007
716
424
183
-32
-239
-394
-493
-592
-775
-1054
-1397
-1719
-1953
-2033
-1895
-1596
-1165
-748
-329
76
392
636
707
595
401
169
-33
-182
-258
-280
-315
-378
-450
-505
-554
-608
-681
-749
-782
-689
-511
-261
42
326
562
719
812
890
942
937
879
835
826
885
1037
1188
1400
1635
1806
1988
2154
2319
2482
2543
2343
1664
679
-391
-1376
-2075
-2644
-2973
-2912
-2683
-2213
-1507
-588
356
1027
1414
1615
1645
1633
1542
1397
1264
1006
748
519
330
77
-230
-649
-1155
-1713
-2130
-2282
-2203
-1894
-1494
-1006
-467
35
486
882
1094
1083
911
682
495
357
290
321
291
210
55
-137
-368
-710
-1112
-1521
-1826
-1962
-1894
-1597
-1142
-642
-201
103
311
464
493
421
288
84
-128
-279
-321
-316
-280
-268
-377
-497
-575
-620
-606
-548
-463
-338
-159
34
229
400
503
537
483
419
387
373
397
466
567
701
846
960
1121
1305
1436
1558
1714
1885
2049
2218
2376
2435
2128
1319
216
-892
-1749
-2317
-2722
-2860
-2666
-2306
-1772
-1047
-211
594
1021
1178
1208
1197
1238
1306
1338
1374
1262
1037
779
430
65
-445
-1046
-1672
-2184
-2388
-2257
-1840
-1257
-622
-15
431
745
973
1101
1066
847
594
413
355
374
455
548
507
244
-153
-595
-1060
-1506
-1886
-2108
-2162
-1967
-1571
-1047
-466
-16
254
350
310
280
246
189
174
126
131
115
67
65
-8
-210
-506
-772
-973
-1000
-949
-808
-580
-375
-191
-44
93
196
249
211
191
202
289
415
591
780
918
1031
1075
1113
1141
1189
1257
1343
1502
1723
1965
2191
2365
2459
2287
1481
254
-958
-1948
-2525
-2790
-2818
-2463
-1914
-1346
-705
45
790
1177
1203
1167
1175
1257
1437
1554
1695
1693
1387
944
414
-173
-833
-1522
-2131
-2551
-2637
-2348
-1767
-1074
-406
109
387
498
532
565
629
608
603
687
876
1005
1091
1124
916
437
-255
-962
-1536
-1931
-2193
-2186
-1983
-1670
-1311
-923
-526
-210
-89
-114
-145
-74
105
309
526
678
689
532
275
4
-254
-512
-794
-998
-1090
-989
-783
-584
-342
-200
-134
-152
-176
-108
9
125
256
432
609
784
923
1014
1005
903
715
548
504
604
770
961
1211
1465
1738
1989
2161
2327
2377
2184
1602
542
-547
-1402
-1907
-2021
-1992
-1775
-1419
-1152
-826
-431
15
390
468
517
661
911
1240
1522
1705
1736
1471
979
431
-91
-585
-1069
-1436
-1686
-1721
-1548
-1227
-864
-540
-375
-346
-314
-240
-29
286
602
879
1135
1311
1377
1302
1081
734
225
-369
-884
-1225
-1378
-1450
-1474
-1414
-1342
-1302
-1245
-1092
-850
-613
-421
-168
170
537
823
964
927
727
382
-15
-256
-403
-503
-595
-705
-729
-719
-671
-604
-570
-493
-473
-437
-308
-125
65
233
314
366
406
405
402
397
385
351
323
336
472
662
890
1089
1250
1367
1491
1607
1744
1890
2044
2197
2244
2088
1475
517
-458
-1187
-1513
-1578
-1507
-1319
-1206
-1144
-1052
-829
-506
-265
-79
191
573
1103
1618
2028
2243
2151
1777
1182
592
72
-382
-774
-1116
-1334
-1403
-1372
-1317
-1258
-1205
-1204
-1204
-1036
-644
-93
465
938
1301
1479
1502
1373
1203
1011
693
341
3
-302
-544
-815
-1120
-1472
-1753
-1979
-2095
-1950
-1632
-1218
-814
-452
-159
138
391
543
569
551
510
413
369
362
351
249
21
-251
-498
-689
-816
-882
-871
-800
-717
-603
-452
-310
-167
-64
-2
98
236
350
486
592
642
659
674
666
685
763
827
924
1007
1129
1278
1447
1655
1855
1996
2136
2197
2066
1502
593
-290
-945
-1276
-1372
-1364
-1259
-1196
-1262
-1236
-1102
-829
-570
-332
30
509
1046
1548
1915
2035
1900
1576
1143
744
438
174
-89
-398
-690
-955
-1210
-1418
-1573
-1618
-1600
-1521
-1207
-721
-210
235
556
766
872
919
966
1027
1045
970
763
485
169
-188
-593
-1014
-1410
-1690
-1846
-1890
-1778
-1580
-1400
-1239
-1097
-888
-587
-239
129
424
654
771
758
699
615
433
217
-20
-271
-435
-572
-708
-832
-929
-1015
-1069
-1022
-879
-664
-410
-178
22
212
352
430
482
533
582
588
594
636
697
772
862
992
1114
1264
1349
1460
1591
1712
1811
1908
1956
1907
1498
702
-71
-625
-839
-870
-877
-838
-861
-1038
-1226
-1266
-1131
-906
-715
-386
141
686
1190
1493
1557
1457
1186
877
662
557
493
295
-15
-346
-676
-936
-1179
-1304
-1309
-1231
-1132
-1012
-772
-539
-395
-330
-232
-95
126
367
603
774
849
792
612
408
200
-32
-288
-561
-809
-1006
-1178
-1327
-1404
-1452
-1474
-1433
-1303
-1038
-738
-475
-277
-111
14
140
241
349
442
496
487
422
310
150
-66
-275
-404
-441
-434
-421
-380
-355
-370
-390
-420
-432
-412
-407
-361
-286
-170
-13
154
358
558
782
1021
1266
1519
1741
1925
2068
2137
2226
2276
2267
2216
2092
1784
1118
334
-341
-744
-981
-1200
-1344
-1420
-1521
-1629
-1644
-1434
-1089
-755
-414
-17
426
779
990
1029
972
888
832
861
926
967
914
683
367
90
-169
-445
-711
-916
-1087
-1214
-1298
-1311
-1262
-1190
-1106
-967
-743
-474
-201
28
198
322
412
504
624
716
795
754
569
307
27
-231
-469
-683
-890
-1058
-1191
-1270
-1259
-1222
-1173
-1150
-1046
-868
-655
-450
-230
-74
47
189
272
395
498
555
537
486
450
370
231
74
-92
-250
-360
-470
-524
-597
-659
-721
-756
-711
-600
-455
-292
-86
161
437
773
1121
1464
1775
2033
2219
2325
2420
2452
2428
2337
2224
1932
1382
764
307
87
-120
-475
-818
-1091
-1343
-1611
-1777
-1734
-1602
-1490
-1339
-1126
-869
-619
-391
-182
89
423
765
1116
1395
1582
1616
1470
1292
1162
1015
813
541
231
-62
-393
-733
-1007
-1280
-1518
-1711
-1795
-1766
-1645
-1501
-1311
-1040
-733
-391
-80
220
433
565
590
518
484
477
499
498
424
298
117
-105
-346
-541
-719
-886
-990
-1016
-1028
-1044
-1053
-1041
-925
-746
-546
-337
-164
-37
34
68
141
237
290
335
332
330
288
203
96
-30
-130
-236
-331
-384
-388
-327
-250
-149
-14
177
418
638
862
1066
1208
1321
1421
1494
1596
1737
1850
1934
1956
1861
1529
1157
882
729
615
440
214
-21
-342
-690
-966
-1170
-1296
-1409
-1453
-1423
-1385
-1330
-1237
-1125
-971
-718
-450
-150
138
390
565
640
716
841
958
1031
1042
986
853
703
576
441
282
76
-111
-275
-408
-560
-716
-864
-989
-1087
-1145
-1158
-1181
-1194
-1157
-1110
-1034
-883
-638
-387
-197
-104
-68
-54
-30
43
141
256
338
415
450
450
366
272
186
95
11
-55
-168
-303
-440
-570
-679
-772
-805
-848
-864
-851
-817
-736
-645
-497
-333
-159
6
157
306
437
541
634
736
820
914
995
1046
1061
1060
1080
1101
1137
1155
1174
1199
1223
1271
1276
1314
1172
939
793
754
813
731
506
263
-29
-291
-515
-666
-767
-880
-986
-1100
-1171
-1229
-1242
-1194
-1128
-1004
-851
-671
-458
-243
-82
26
146
301
536
713
844
936
953
981
994
985
935
786
593
429
270
129
-19
-198
-398
-576
-720
-872
-1017
-1164
-1270
-1352
-1397
-1382
-1302
-1199
-1076
-989
-881
-689
-478
-235
13
216
388
492
546
573
546
498
446
376
319
205
45
-96
-268
-397
-511
-563
-598
-600
-574
-521
-458
-392
-359
-342
-332
-321
-270
-217
-133
-7
115
255
402
505
645
719
784
870
922
986
1052
1118
1181
1269
1352
1453
1545
1610
1542
1316
1153
1062
1042
934
708
456
169
-86
-277
-428
-544
-721
-886
-1045
-1184
-1272
-1357
-1369
-1342
-1279
-1180
-1073
-951
-797
-631
-528
-396
-201
29
275
465
605
721
820
931
1036
1095
1059
975
915
860
803
714
570
375
148
-98
-368
-632
-879
-1120
-1333
-1488
-1553
-1546
-1496
-1442
-1401
-1299
-1144
-962
-749
-542
-343
-204
-68
37
122
194
225
229
271
302
284
243
174
112
54
-2
-57
-81
-113
-156
-223
-253
-283
-310
-337
-373
-325
-290
-242
-172
-126
-83
-66
-6
51
132
252
360
472
593
747
861
965
1056
1137
1216
1305
1398
1472
1409
1263
1145
1133
1194
1141
1000
805
596
391
224
104
18
-114
-292
-486
-653
-835
-971
-1064
-1166
-1228
-1307
-1334
-1318
-1279
-1220
-1171
-1118
-1011
-855
-636
-490
-313
-124
98
375
677
971
1138
1265
1351
1435
1489
1462
1373
1177
935
676
357
41
-264
-532
-784
-1006
-1179
-1270
-1349
-1459
-1554
-1625
-1616
-1542
-1389
-1213
-1005
-807
-667
-485
-329
-204
-111
-43
27
84
129
139
122
102
87
95
125
157
178
163
164
145
145
140
122
94
88
63
41
10
-9
-45
-91
-108
-103
-45
2
47
130
228
350
450
554
707
846
983
1125
1269
1364
1443
1373
1224
1152
1186
1238
1193
1043
876
676
517
433
379
289
124
-50
-246
-399
-564
-696
-816
-934
-1028
-1132
-1212
-1273
-1320
-1347
-1356
-1325
-1216
-1067
-880
-695
-493
-271
-26
222
474
662
782
876
970
1086
1168
1200
1163
1048
910
751
567
381
167
-56
-290
-535
-730
-846
-955
-1055
-1160
-1227
-1248
-1214
-1134
-1054
-981
-933
-913
-886
-828
-764
-679
-600
-470
-337
-221
-100
-35
25
101
155
235
307
356
368
366
364
358
345
270
193
107
34
-48
-137
-169
-213
-240
-239
-215
-132
-16
98
195
325
480
624
775
915
1016
1102
1192
1270
1333
1395
1347
1130
939
821
803
823
779
638
507
360
271
277
306
282
185
50
-86
-220
-353
-458
-555
-667
-780
-868
-935
-992
-1013
-1040
-1083
-1076
-1014
-924
-830
-752
-669
-564
-426
-241
-47
129
244
350
447
602
719
822
822
746
668
574
523
426
333
208
37
-119
-226
-327
-446
-587
-734
-879
-968
-1012
-1065
-1098
-1111
-1136
-1128
-1092
-1006
-930
-852
-737
-619
-496
-399
-296
-211
-136
-25
95
201
288
349
384
392
398
388
369
350
328
292
250
210
160
129
61
27
-4
8
51
103
161
190
230
301
389
466
509
565
628
699
779
850
920
962
934
859
846
935
1035
1055
981
834
654
467
354
271
215
54
-146
-363
-515
-618
-716
-769
-843
-879
-911
-910
-919
-903
-904
-904
-868
-793
-681
-593
-515
-456
-385
-321
-221
-97
29
104
178
231
286
341
394
410
381
392
396
416
452
446
367
278
165
70
-15
-95
-208
-357
-448
-526
-579
-648
-743
-868
-978
-1076
-1102
-1090
-1069
-994
-917
-852
-754
-626
-530
-431
-320
-200
-97
41
162
247
355
427
490
542
561
539
511
461
373
297
216
195
173
141
135
137
120
94
79
56
61
68
114
176
269
381
480
596
692
799
899
992
1007
985
985
1013
1096
1091
1020
868
652
459
318
195
122
-9
-182
-334
-481
-557
-605
-636
-666
-717
-780
-836
-868
-867
-893
-888
-871
-794
-696
-590
-494
-436
-366
-292
-205
-66
76
186
256
297
335
375
424
480
530
585
577
562
531
475
426
317
202
122
57
-19
-154
-336
-485
-644
-791
-868
-915
-953
-970
-979
-945
-871
-825
-784
-776
-749
-692
-641
-540
-438
-339
-223
-120
-23
86
166
208
209
224
260
275
306
325
343
353
353
344
355
318
250
182
119
74
52
37
42
71
100
138
208
307
403
464
539
641
747
862
974
977
958
922
911
936
916
871
763
611
413
255
164
72
-37
-171
-320
-497
-635
-714
-759
-776
-808
-847
-836
-839
-795
-740
-712
-659
-604
-536
-433
-322
-258
-189
-132
-82
-17
47
72
88
103
109
116
163
247
301
340
331
326
312
298
284
235
168
133
64
-23
-98
-206
-323
-457
-596
-701
-755
-826
-907
-987
-1047
-1074
-1084
-1057
-1009
-946
-846
-737
-612
-497
-395
-276
-206
-98
15
136
251
331
402
480
515
523
539
508
462
372
289
219
151
117
81
45
13
-13
-11
-6
32
85
167
228
321
436
557
699
854
1008
1132
1220
1219
1183
1164
1137
1083
982
851
701
521
336
175
36
-112
-275
-411
-520
-619
-659
-694
-718
-739
-762
-747
-709
-659
-595
-548
-488
-429
-401
-333
-259
-220
-237
-245
-227
-205
-157
-110
-50
-2
33
78
131
197
262
289
293
303
303
307
301
277
226
134
42
-56
-159
-279
-398
-526
-632
-719
-793
-806
-831
-860
-887
-894
-874
-839
-776
-700
-614
-542
-484
-393
-287
-202
-103
-24
57
149
229
296
326
356
351
360
357
378
409
415
427
396
384
359
306
272
223
186
178
147
174
214
262
328
377
447
516
597
694
792
864
893
897
856
826
821
833
804
765
709
609
499
356
224
89
-24
-194
-288
-382
-460
-533
-618
-684
-797
-839
-854
-826
-783
-747
-705
-650
-600
-538
-468
-388
-333
-269
-198
-133
-68
4
57
104
154
197
244
317
370
380
367
351
306
251
203
145
58
-37
-108
-189
-279
-365
-449
-528
-588
-667
-706
-736
-736
-750
-736
-696
-675
-635
-576
-530
-499
-474
-439
-378
-333
-254
-162
-83
-20
42
114
198
281
327
370
384
395
396
384
387
348
320
292
269
260
253
259
264
281
291
306
340
357
402
419
470
537
584
635
678
699
678
674
640
617
612
576
544
504
449
379
298
224
138
50
-52
-130
-199
-260
-348
-422
-504
-583
-632
-672
-688
-715
-717
-740
-750
-746
-731
-682
-614
-534
-451
-331
-243
-107
-16
51
130
181
234
302
368
421
445
447
420
368
322
255
172
79
-37
-148
-229
-315
-410
-489
-563
-610
-639
-653
-662
-677
-691
-698
-672
-653
-635
-588
-542
-503
-448
-386
-324
-258
-198
-135
-74
-6
58
100
167
216
254
287
308
349
363
359
342
354
349
337
336
314
301
301
321
312
311
323
340
381
399
415
428
456
491
531
560
579
596
599
585
587
583
545
518
477
454
414
361
311
254
167
79
-16
-116
-190
-317
-403
-477
-564
-632
-667
-699
-709
-717
-739
-714
-714
-667
-619
-562
-498
-396
-296
-193
-93
18
106
156
221
268
319
357
364
357
334
304
261
213
167
99
16
-62
-130
-204
-255
-330
-387
-427
-474
-508
-520
-531
-555
-579
-604
-605
-603
-613
-593
-565
-549
-513
-459
-394
-326
-261
-193
-150
-68
21
94
182
237
283
343
374
402
427
419
396
360
337
330
281
265
255
227
251
254
279
309
361
409
438
446
454
502
522
557
598
634
647
646
652
640
628
572
515
471
393
345
275
217
138
11
-79
-146
-197
-273
-340
-408
-449
-469
-498
-527
-545
-549
-565
-579
-563
-584
-568
-510
-449
-397
-310
-243
-158
-72
-14
15
41
70
106
120
135
181
204
228
232
244
231
217
192
163
102
28
-47
-116
-188
-258
-304
-375
-459
-523
-571
-617
-677
-701
-729
-740
-721
-693
-651
-627
-549
-461
-390
-314
-202
-84
24
116
219
306
372
419
446
460
449
406
370
338
284
255
200
166
137
108
126
134
182
226
280
372
446
539
613
663
735
793
839
876
869
868
835
774
710
607
490
359
248
144
44
-18
-83
-166
-224
-272
-314
-349
-375
-375
-389
-397
-400
-385
-374
-359
-344
-342
-327
-321
-304
-290
-286
-270
-250
-253
-239
-238
-217
-199
-190
-142
-95
-67
-13
33
77
105
121
144
140
148
125
122
106
77
51
17
-14
-81
-173
-233
-308
-419
-466
-548
-602
-657
-701
-727
-756
-739
-716
-678
-623
-574
-474
-353
-240
-105
19
146
253
332
393
446
484
491
498
491
471
438
376
337
290
237
184
142
115
125
137
176
279
343
436
524
600
679
758
817
851
872
861
829
792
737
638
549
445
329
230
123
32
-33
-107
-162
-217
-273
-315
-361
-390
-415
-419
-439
-445
-444
-449
-439
-428
-390
-342
-308
-244
-217
-193
-174
-143
-114
-100
-76
-69
-40
-7
2
37
53
47
53
27
-7
-54
-85
-122
-165
-180
-196
-205
-203
-202
-209
-209
-245
-278
-294
-331
-321
-312
-320
-312
-309
-302
-316
-318
-337
-362
-355
-334
-302
-275
-212
-164
-104
-28
43
106
155
217
256
294
301
313
322
320
320
302
297
286
270
250
251
260
275
327
383
444
506
577
643
715
754
798
823
826
796
748
690
599
503
402
317
216
113
53
-18
-99
-162
-210
-232
-273
-303
-319
-341
-364
-379
-382
-401
-412
-407
-424
-438
-411
-410
-379
-359
-319
-293
-259
-204
-176
-145
-108
-75
-52
-30
-10
24
44
39
34
10
-12
-29
-75
-114
-178
-215
-259
-309
-339
-364
-383
-408
-430
-422
-418
-394
-368
-325
-300
-261
-209
-176
-149
-135
-113
-96
-69
-36
-5
34
64
107
139
180
215
223
245
244
246
256
252
230
235
203
189
198
199
202
224
236
266
306
352
428
501
594
667
742
827
864
907
923
893
863
813
764
674
560
435
321
217
105
-6
-88
-174
-235
-299
-348
-400
-442
-435
-434
-439
-421
-401
-384
-357
-337
-300
-282
-254
-219
-169
-143
-126
-115
-92
-70
-42
-23
-6
-5
-21
-17
-43
-65
-86
-109
-130
-155
-183
-209
-237
-265
-307
-339
-361
-383
-398
-420
-428
-418
-410
-380
-339
-308
-250
-204
-146
-85
-44
12
58
85
135
162
196
196
195
182
179
184
197
216
199
197
176
198
215
227
255
269
279
294
328
341
357
375
409
428
456
475
526
576
617
677
692
727
745
746
734
689
636
560
486
404
313
203
127
40
-46
-103
-170
-219
-252
-284
-318
-341
-345
-336
-336
-334
-320
-312
-302
-286
-265
-246
-236
-221
-212
-190
-174
-156
-153
-168
-178
-198
-220
-239
-268
-279
-307
-332
-338
-361
-372
-388
-393
-392
-383
-373
-357
-349
-363
-380
-367
-347
-364
-358
-339
-313
-285
-241
-193
-139
-78
-19
31
65
139
185
222
246
270
293
293
299
302
273
238
222
201
197
192
201
226
235
263
305
312
349
391
415
454
485
512
529
559
567
588
620
614
611
601
559
537
490
426
366
266
192
95
22
-50
-127
-183
-217
-267
-291
-302
-331
-318
-332
-320
-323
-295
-258
-252
-229
-204
-179
-159
-144
-110
-96
-61
-44
-62
-60
-81
-103
-132
-174
-209
-257
-298
-339
-379
-425
-468
-489
-493
-496
-505
-496
-473
-439
-393
-351
-317
-276
-245
-232
-178
-147
-126
-109
-79
-40
10
70
109
149
192
230
271
297
303
333
359
367
329
353
365
340
330
323
322
318
317
346
366
388
432
475
525
576
628
673
719
741
762
770
755
748
738
688
639
576
483
417
331
234
132
52
-38
-129
-182
-232
-270
-304
-328
-351
-347
-344
-327
-325
-294
-266
-244
-220
-197
-180
-140
-115
-71
-26
-20
9
17
20
36
9
-23
-69
-109
-173
-244
-292
-383
-442
-501
-548
-568
-594
-605
-595
-562
-528
-482
-421
-386
-323
-267
-213
-164
-117
-61
-30
5
44
83
112
127
141
154
176
179
194
184
207
208
247
266
290
333
336
378
404
429
463
511
540
579
612
619
648
660
670
703
704
713
708
686
668
629
606
569
508
444
364
285
203
128
67
19
-40
-85
-140
-143
-148
-170
-163
-208
-209
-197
-210
-213
-209
-228
-242
-252
-265
-285
-299
-310
-315
-332
-347
-330
-349
-354
-342
-359
-366
-371
-361
-340
-334
-324
-328
-322
-286
-258
-243
-219
-204
-198
-187
-207
-202
-211
-249
-254
-263
-293
-275
-268
-271
-260
-253
-212
-187
-147
-102
-63
-1
43
96
140
202
260
307
361
402
442
477
514
527
549
559
575
573
583
614
611
627
653
670
678
682
668
661
663
662
640
614
563
505
436
381
340
261
199
137
51
-2
-77
-125
-157
-206
-222
-241
-238
-234
-226
-224
-196
-175
-174
-148
-128
-128
-151
-156
-164
-174
-197
-244
-261
-289
-328
-345
-370
-424
-477
-494
-523
-547
-551
-563
-560
-557
-546
-521
-505
-484
-468
-432
-368
-303
-260
-175
-91
-34
42
137
199
253
283
313
323
329
327
310
300
294
277
271
246
238
215
198
215
205
220
235
250
295
364
401
446
500
527
557
588
624
647
670
700
728
743
739
734
710
659
602
536
481
407
356
289
223
170
115
75
15
-22
-55
-74
-105
-111
-113
-117
-137
-167
-164
-196
-214
-231
-241
-276
-306
-309
-327
-346
-369
-389
-397
-403
-414
-410
-422
-405
-415
-405
-404
-409
-390
-402
-384
-357
-358
-351
-345
-351
-330
-329
-335
-336
-329
-299
-278
-257
-234
-201
-171
-145
-100
-70
-20
27
84
170
208
277
337
387
434
473
517
563
620
624
656
685
708
732
729
741
735
727
743
719
703
660
636
603
545
503
438
389
322
284
231
162
113
51
15
-45
-59
-85
-90
-77
-60
-40
-40
-22
-12
20
32
44
53
61
77
59
37
5
-25
-67
-132
-198
-244
-296
-327
-375
-429
-472
-500
-524
-554
-551
-566
-552
-547
-533
-519
-492
-485
-473
-423
-400
-373
-336
-296
-256
-219
-194
-148
-112
-75
-39
-5
43
90
124
180
225
251
275
285
303
320
317
325
338
336
336
356
353
375
395
411
436
461
494
538
585
619
661
677
712
734
746
751
730
707
688
634
599
544
477
425
358
307
256
200
147
104
56
19
-48
-102
-146
-200
-232
-272
-304
-321
-359
-375
-423
-442
-448
-445
-432
-443
-435
-415
-401
-375
-343
-323
-298
-269
-229
-215
-182
-190
-182
-166
-180
-189
-214
-217
-229
-238
-257
-258
-276
-301
-301
-294
-274
-249
-229
-176
-126
-80
-27
22
76
112
160
205
247
280
337
357
396
447
469
500
531
554
562
588
605
620
624
641
636
633
640
623
634
613
607
597
577
556
508
468
431
380
327
274
226
168
105
76
27
-16
-64
-105
-141
-176
-203
-191
-199
-207
-198
-189
-169
-159
-153
-140
-149
-157
-167
-170
-189
-217
-220
-244
-269
-301
-326
-362
-370
-394
-413
-446
-469
-507
-538
-552
-544
-535
-533
-500
-469
-415
-374
-304
-238
-201
-127
-59
27
82
146
196
238
278
329
374
390
402
422
436
428
430
429
404
380
363
357
344
327
333
319
323
295
303
306
325
339
353
383
415
420
427
439
423
432
417
390
368
337
291
259
230
190
135
96
50
1
-58
-84
-116
-149
-176
-182
-210
-235
-225
-227
-212
-233
-234
-224
-212
-223
-219
-221
-224
-225
-213
-197
-211
-205
-194
-202
-197
-187
-186
-181
-181
-185
-194
-178
-147
-135
-143
-131
-113
-97
-69
-57
-52
-54
-35
-39
-16
-8
-15
1
10
17
16
34
36
62
76
91
97
126
146
174
213
234
275
296
310
346
374
404
416
430
449
461
462
469
457
432
409
391
358
329
311
283
260
209
162
118
95
48
44
29
20
1
-1
1
-13
-24
-27
-47
-58
-47
-65
-49
-37
-23
-9
-4
-16
-21
-51
-62
-58
-55
-74
-99
-104
-107
-116
-139
-148
-165
-161
-172
-163
-175
-162
-166
-165
-148
-138
-107
-120
-90
-94
-65
-69
-50
-21
-20
5
20
30
25
39
47
48
55
59
75
85
108
134
150
188
189
219
243
259
266
274
274
278
271
265
228
195
176
146
144
118
110
95
75
84
73
62
73
82
86
91
104
128
150
155
168
182
198
206
201
196
174
168
150
124
111
98
76
42
30
-4
-25
-55
-83
-96
-120
-147
-159
-163
-168
-184
-175
-168
-166
-151
-130
-121
-93
-69
-58
-17
-5
11
14
2
11
9
12
8
-9
-37
-51
-66
-95
-121
-127
-145
-141
-130
-123
-115
-98
-77
-75
-53
-48
-18
-10
11
38
51
86
98
104
115
120
120
114
112
109
103
110
121
148
138
150
169
186
209
220
221
201
198
206
189
179
164
152
146
140
115
88
86
76
44
34
17
-14
-11
-18
-3
-1
-34
-30
-25
-28
-29
-18
-25
-34
-41
-26
-13
-19
-19
-17
-6
-7
17
28
53
55
62
58
42
24
-8
-9
-35
-50
-50
-49
-73
-90
-86
-86
-85
-76
-67
-45
-25
-11
9
5
29
55
80
101
106
99
123
101
94
88
59
59
44
39
33
23
11
-5
2
2
-16
-8
1
3
13
33
24
48
62
65
74
80
85
88
80
99
99
95
121
121
134
155
166
176
183
170
182
186
184
168
162
151
145
130
119
118
87
78
62
61
41
27
23
-7
0
-12
-17
-38
-51
-46
-66
-76
-97
-78
-85
-92
-94
-92
-78
-62
-54
-27
-20
-10
28
50
51
72
83
73
77
74
75
66
65
51
46
68
34
41
42
16
31
26
10
-8
2
16
31
45
45
57
70
64
84
89
82
89
94
88
87
85
75
82
77
66
62
61
49
56
41
40
47
71
107
98
91
90
99
101
80
77
68
54
47
26
20
33
28
30
41
24
11
28
26
23
24
27
45
50
58
50
41
58
44
48
57
43
33
35
35
21
24
18
-4
-31
-38
-40
-43
-65
-82
-90
-77
-95
-108
-110
-113
-114
-109
-106
-93
-76
-89
-65
-43
-22
-16
-3
2
11
38
33
53
47
66
58
51
69
33
31
31
22
8
21
27
20
24
26
35
31
40
38
36
26
31
41
38
38
30
44
40
35
33
42
44
44
53
40
45
50
56
66
78
84
87
89
84
94
86
64
49
25
14
-6
-12
-27
-41
-40
-44
-48
-21
-38
-45
-50
-31
-18
-28
-2
-20
-10
15
32
29
28
36
32
40
32
23
33
31
39
39
49
38
35
34
48
23
27
44
38
43
34
41
39
40
29
36
25
14
32
21
15
8
3
10
6
18
6
7
15
14
29
31
44
32
51
49
50
44
41
61
65
71
67
72
76
80
91
92
98
121
85
76
77
76
85
67
59
47
40
32
17
7
-6
-14
-14
-14
-3
1
-2
26
27
37
49
59
82
86
88
95
114
121
115
116
107
98
104
94
76
59
55
42
28
27
7
14
-4
-6
-1
-18
-31
-28
-29
-30
-14
-9
16
25
40
32
48
76
69
74
64
77
93
77
95
83
81
88
62
77
73
63
44
31
35
29
20
18
23
25
1
-1
-11
-15
-18
-25
-11
-36
-23
-36
-29
-21
-19
-26
-18
7
18
35
20
52
57
59
66
81
98
94
79
97
106
92
86
85
95
91
89
94
93
88
81
83
69
64
59
49
41
34
32
43
42
49
46
45
59
74
88
98
115
106
119
114
135
145
149
142
142
136
119
103
83
78
46
36
12
6
-22
-35
-33
-42
-50
-45
-38
-54
-33
-53
-34
-39
-34
-20
-16
18
16
31
46
41
51
44
49
54
34
54
65
63
52
60
67
55
45
40
43
26
10
21
2
-3
14
-2
-3
-19
-15
-21
-24
-19
9
10
18
10
39
51
55
60
67
84
86
97
107
109
89
88
79
70
69
80
87
106
91
96
98
94
90
87
97
80
81
68
55
59
54
33
47
26
33
12
9
33
23
30
23
33
33
53
52
60
60
76
89
68
75
72
77
57
15
4
-20
-26
-47
-56
-76
-93
-98
-108
-95
-99
-114
-97
-83
-70
-50
-44
-27
-15
8
25
31
31
60
69
66
69
59
74
67
71
66
60
69
49
52
37
44
40
26
24
7
14
6
7
16
19
12
24
14
4
21
10
25
47
66
81
82
96
129
123
139
155
144
132
114
121
106
91
87
67
57
47
39
37
23
33
32
43
40
47
64
66
77
91
88
90
78
83
88
99
81
54
45
42
39
27
14
4
1
-20
-24
-11
4
-12
-11
1
-3
8
9
0
-4
1
-1
-9
-18
-7
-20
-15
-8
-11
-10
-7
-10
-7
22
20
37
40
44
59
62
71
66
63
65
69
57
57
70
55
65
42
60
64
62
62
73
87
81
102
86
115
132
125
119
116
101
90
82
73
63
55
44
38
36
25
24
11
37
54
45
55
70
64
65
61
62
73
58
66
59
66
54
56
41
34
43
43
41
42
28
20
18
6
-4
-1
-4
-10
-18
-26
-5
-19
-19
-41
-32
-14
-29
-39
-39
-33
-24
-22
-25
-8
-5
6
7
17
26
18
17
27
9
29
37
9
27
40
27
25
41
16
41
59
46
59
61
66
67
54
74
78
64
49
38
46
56
52
45
48
52
63
56
65
63
55
81
86
94
90
110
117
127
149
154
137
119
116
99
95
84
78
75
56
31
26
19
-2
-6
-17
-25
-31
-52
-42
-28
-22
-11
-1
2
13
13
23
34
11
40
55
42
50
51
45
48
39
47
37
30
31
17
17
-1
-1
-5
-10
-27
-19
-15
-15
-21
-16
-8
15
9
11
13
32
67
37
65
66
76
76
63
74
88
79
96
97
85
107
96
98
93
83
76
84
69
62
57
48
59
56
59
45
36
40
41
46
33
47
65
56
58
94
81
79
94
83
95
81
101
93
115
124
113
111
107
103
83
82
77
67
59
46
47
48
45
32
32
34
34
12
16
6
-6
-1
-4
-18
-22
-19
-11
-27
-17
-14
-32
-26
-11
-11
-8
-10
-11
14
17
22
26
37
28
43
69
61
69
77
65
70
60
48
45
37
55
44
45
26
31
39
34
27
17
37
28
27
34
27
19
26
47
40
34
49
59
52
45
62
52
53
59
70
73
53
63
50
43
37
42
28
1
-3
-10
-8
-17
-37
-26
-25
-8
2
0
5
8
11
16
49
58
86
70
54
84
76
78
73
78
67
72
59
42
58
51
61
68
58
66
71
58
51
58
51
36
29
21
31
16
8
15
10
-4
9
8
0
-3
-7
-8
0
-3
25
29
34
47
56
61
72
88
90
90
99
112
128
109
115
115
105
96
86
91
59
62
62
54
73
73
64
70
67
72
70
85
99
90
88
83
93
84
83
95
83
85
82
86
77
86
97
92
95
98
100
100
102
97
97
101
99
90
87
88
93
98
76
92
85
70
79
76
93
64
65
73
65
75
68
60
61
62
37
67
58
48
64
63
61
74
89
83
84
71
101
105
111
88
89
94
91
95
69
57
38
41
13
4
12
-7
-27
-31
-45
-43
-47
-65
-49
-53
-33
-26
-10
0
12
26
51
60
77
73
79
92
80
79
92
83
63
84
77
73
52
54
51
52
59
67
60
46
67
38
51
54
68
63
62
81
46
56
59
66
64
70
59
57
83
53
61
65
51
58
69
65
66
57
48
58
28
34
39
32
29
33
37
37
42
39
43
31
33
37
34
54
43
37
23
23
24
15
12
1
4
-20
-11
0
1
2
-6
0
5
2
8
17
19
22
40
33
34
49
34
24
13
24
17
6
4
6
-1
-13
5
-6
-22
-13
-18
-15
-9
-13
-12
-2
11
9
29
44
54
58
69
72
75
87
94
105
113
118
116
123
123
128
130
132
141
141
137
125
120
118
105
108
100
96
79
60
71
52
44
50
48
27
39
28
39
46
30
54
50
40
25
35
35
33
34
49
28
23
46
21
21
22
16
15
11
1
5
0
-17
-8
-14
-24
-32
-25
-33
-24
-26
-26
-13
-16
-2
-15
-12
-3
-10
-10
-5
0
-4
10
9
17
5
15
28
22
25
21
39
29
30
34
35
37
33
41
39
47
39
50
42
52
33
24
28
31
36
19
22
40
32
44
49
48
61
57
65
59
78
103
98
110
111
129
116
125
132
110
122
122
130
133
108
107
96
95
91
62
45
31
25
0
-6
-17
-31
-29
-27
-40
-35
-42
-41
-44
-50
-36
-34
-25
-27
-31
-11
-19
-12
-14
-10
-9
-12
-24
-30
-27
-40
-38
-35
-29
-41
-33
-30
-39
-36
-30
-30
-21
-14
-26
-15
-5
-1
-3
9
21
15
23
36
22
39
70
51
67
75
74
66
61
81
82
79
79
71
78
77
67
64
59
52
54
45
56
32
33
27
16
19
14
24
16
12
11
10
-1
22
31
29
21
33
36
31
30
26
29
19
26
22
29
11
-4
4
11
-10
-27
-39
-45
-54
-61
-71
-76
-61
-55
-69
-74
-69
-73
-75
-86
-71
-76
-76
-66
-87
-87
-84
-77
-82
-72
-62
-77
-66
-69
-71
-54
-43
-42
-49
-27
-24
-20
-16
4
13
11
30
29
38
32
35
43
53
46
43
53
59
36
30
47
41
37
29
47
31
36
49
49
58
55
67
73
92
89
93
79
113
94
79
104
78
61
86
82
59
71
56
66
38
46
37
14
26
11
22
25
9
-6
2
-32
-12
-9
-32
-35
-34
-24
-17
-6
-18
-12
-20
-23
-15
-20
-26
-16
-12
-13
-12
-17
-24
-17
-17
-22
-25
-28
-25
-8
-19
-29
0
-2
-13
-8
-7
-17
-6
-4
10
19
8
12
28
29
21
52
39
46
52
53
69
74
83
100
95
121
131
143
141
150
167
157
157
144
152
154
166
155
141
159
138
148
131
112
129
113
117
114
114
111
103
107
87
85
84
72
93
85
71
86
66
83
73
64
61
45
41
37
40
25
17
8
12
-15
-24
-20
-30
-30
-38
-29
-42
-59
-46
-61
-50
-40
-38
-36
-43
-42
-45
-41
-44
-23
-30
-31
-14
-22
-15
-8
-1
-1
9
21
28
35
36
22
29
35
48
52
52
51
64
80
90
100
79
94
98
97
82
92
91
113
102
98
100
97
102
86
99
88
104
94
111
115
101
123
135
132
126
135
132
125
121
119
119
107
91
84
94
71
56
39
31
35
6
10
1
-4
-6
-26
-16
-32
-41
-47
-45
-44
-56
-62
-50
-39
-50
-73
-70
-68
-52
-59
-65
-60
-77
-73
-62
-72
-44
-56
-59
-59
-64
-55
-42
-43
-50
-39
-54
-31
-41
-42
-37
-15
-13
0
-4
1
25
23
48
51
89
90
84
94
96
114
124
134
132
132
149
137
143
144
143
153
141
133
140
130
127
110
111
110
85
85
67
51
49
44
24
21
21
39
35
3
13
27
12
-5
0
18
8
7
12
13
18
7
2
-16
-32
-35
-24
-33
-28
-32
-45
-48
-52
-54
-71
-75
-68
-77
-93
-100
-103
-102
-107
-106
-113
-106
-115
-88
-95
-94
-88
-76
-63
-65
-40
-52
-24
-4
2
-2
5
25
14
27
50
49
25
40
45
46
63
68
73
59
64
61
73
92
90
79
99
105
110
122
114
108
108
120
114
111
121
129
126
112
114
102
105
92
103
100
97
98
76
72
64
66
40
35
28
33
28
14
5
-6
-14
-24
-24
-34
-37
-43
-63
-55
-60
-65
-65
-84
-93
-90
-91
-90
-76
-84
-65
-79
-87
-74
-72
-72
-73
-44
-46
-34
-39
-26
-24
-28
-19
-11
-4
-5
-7
-15
-4
-14
-5
-3
-1
2
-21
-11
-22
-5
7
-13
3
0
-1
3
20
27
33
28
47
53
67
79
72
83
86
90
74
72
82
65
78
85
62
75
70
52
70
62
37
46
42
42
41
38
44
29
23
11
11
5
6
-7
-13
-22
-17
-17
-35
-30
-34
-23
-20
-41
-56
-53
-55
-59
-58
-73
-80
-97
-114
-105
-111
-122
-127
-134
-144
-146
-154
-163
-146
-136
-149
-140
-132
-130
-127
-125
-96
-117
-97
-81
-82
-63
-64
-56
-54
-50
-43
-28
-18
-14
-18
-10
-21
2
15
0
15
18
37
29
27
29
28
14
35
21
22
41
29
38
32
24
22
18
19
28
27
28
26
35
29
31
28
39
39
27
26
32
32
33
29
28
34
7
17
5
8
14
4
-10
-26
-23
-43
-56
-59
-65
-71
-78
-72
-94
-99
-94
-120
-106
-117
-104
-96
-109
-114
-110
-107
-91
-91
-89
-85
-92
-66
-65
-56
-74
-69
-79
-75
-79
-77
-76
-64
-80
-75
-67
-77
-52
-60
-49
-47
-51
-27
-30
-14
-10
-7
21
8
28
23
37
62
59
76
78
77
76
77
92
90
115
104
113
113
98
111
108
102
84
92
76
60
70
58
55
41
41
43
15
11
12
4
-11
15
3
-8
11
-10
7
-13
-13
-24
-27
-27
-30
-13
-29
-23
-19
-24
-34
-12
-18
-21
-32
-39
-34
-58
-39
-41
-55
-37
-46
-49
-50
-65
-60
-72
-57
-52
-44
-58
-52
-36
-39
-28
-25
-30
-28
0
9
25
21
29
43
30
40
45
40
49
54
46
45
37
43
51
43
57
52
39
29
40
41
28
35
48
39
34
25
36
40
44
48
46
70
57
68
45
46
62
61
57
73
58
35
38
36
35
18
6
-4
20
-12
-6
-18
-27
-25
-22
-22
-37
-34
-56
-42
-64
-59
-49
-41
-48
-63
-54
-68
-69
-83
-68
-68
-77
-74
-75
-59
-68
-62
-63
-60
-61
-47
-52
-52
-57
-37
-34
-35
-35
-42
-26
-36
-41
-22
-51
-51
-33
-36
-41
-40
-27
-23
-19
-27
-26
-20
-2
-16
-2
2
22
31
32
34
23
35
36
64
48
48
59
57
59
50
55
45
40
33
54
39
29
52
41
32
35
21
17
30
5
-7
3
-3
13
12
6
4
3
-2
2
9
10
6
-3
-13
-25
-10
-12
-18
-10
-10
-17
-6
-11
-10
-3
-14
-5
-21
-22
0
-6
-10
-14
-24
-32
-30
-27
-27
-19
-34
-47
-47
-45
-44
-70
-61
-72
-59
-63
-61
-38
-41
-45
-23
-10
-2
-2
2
10
27
30
35
39
42
58
40
29
43
56
39
34
30
28
21
34
19
9
22
4
9
20
16
18
9
-2
33
46
40
51
61
68
51
46
53
56
55
57
59
50
55
50
57
36
34
37
43
37
25
16
5
9
-12
-16
-15
-30
-29
-33
-27
-16
-1
-4
-1
1
1
-3
0
12
13
13
12
21
22
38
35
35
44
46
48
42
48
42
41
46
47
46
46
27
28
24
23
27
8
9
14
7
-12
3
-8
7
8
4
12
11
6
33
43
36
34
40
38
44
47
48
39
37
55
39
40
51
49
39
42
28
26
34
24
29
10
25
18
18
30
13
18
9
15
9
13
15
9
10
10
7
16
32
7
18
24
31
34
21
24
22
16
19
20
14
14
-1
0
-11
-7
-14
0
-20
-11
-15
-6
-8
-10
6
-7
-3
-1
9
-9
-8
19
0
12
9
15
21
11
39
35
17
25
34
45
35
41
27
37
48
25
45
46
51
38
53
37
38
34
39
38
43
40
21
31
21
28
32
30
23
18
22
13
20
26
32
35
25
35
23
30
50
41
37
53
65
40
39
52
46
37
45
42
38
45
36
30
33
28
29
35
24
21
14
12
9
4
14
18
13
17
15
8
10
7
21
12
10
17
4
17
15
28
38
23
14
16
23
11
9
24
19
17
10
19
3
20
15
7
11
-2
12
-10
5
7
2
1
-2
3
18
31
16
8
25
38
31
20
33
39
39
45
46
50
41
41
46
50
51
48
52
52
46
26
45
45
28
43
47
41
29
53
39
52
52
51
49
49
47
44
50
41
46
61
66
65
64
59
72
57
67
64
49
59
64
65
67
69
65
70
79
74
73
51
50
68
40
45
42
50
32
21
35
25
17
0
13
-1
6
-8
-1
-8
-14
-15
-18
-11
-11
0
-15
12
-6
-6
5
22
16
-5
20
11
24
28
3
15
15
0
5
18
12
20
8
-2
8
-10
7
23
4
18
33
24
18
24
26
43
40
59
67
63
56
58
64
69
72
83
93
63
79
88
73
67
75
52
76
69
63
47
54
64
52
62
55
62
54
63
66
74
65
65
46
52
56
61
50
56
58
63
69
62
58
58
71
38
47
59
50
47
48
51
36
45
45
44
45
35
27
22
22
17
25
9
31
24
10
32
11
19
20
12
26
21
20
15
17
40
32
19
17
20
41
31
21
24
22
35
29
30
36
37
28
33
24
29
33
23
34
48
45
38
45
41
54
45
44
52
57
53
57
53
59
54
45
53
58
57
55
52
48
40
48
41
41
31
22
31
15
23
21
18
19
6
7
-5
-17
-26
-28
-16
-21
-19
-28
-32
-28
-30
-23
-20
-29
0
-11
-17
-14
-17
-22
-23
-14
-15
-11
-10
-13
-25
-34
-35
-20
-22
-35
-21
-7
-7
-13
17
16
-10
3
-3
4
-12
-4
8
8
-12
8
0
-6
2
-2
6
6
17
8
22
21
4
14
19
24
14
26
33
19
22
41
35
8
29
46
41
45
29
43
36
30
31
21
21
18
31
13
9
16
21
7
14
-1
15
8
-2
13
20
16
4
3
3
10
4
-6
-4
-2
-4
3
-1
0
-4
-4
7
-12
-8
-11
-14
-10
-9
-7
-27
-21
-25
-21
-21
-15
-24
-11
8
-1
2
18
32
8
22
16
21
36
30
45
39
38
43
49
40
57
56
44
55
53
39
51
65
52
65
73
58
59
62
66
61
68
70
72
66
61
76
76
89
79
83
73
73
85
64
69
79
85
88
74
74
78
76
73
73
77
79
72
69
59
72
66
62
59
54
47
31
44
50
44
44
27
30
44
37
29
48
44
27
21
36
31
30
29
29
26
21
35
28
24
27
19
18
23
17
33
16
7
26
17
4
22
26
24
28
10
13
24
25
21
34
26
29
24
37
49
29
45
33
45
42
40
44
53
47
48
43
44
40
44
50
39
45
39
45
30
26
29
34
22
32
21
32
12
7
6
-4
-10
-7
-12
-23
-4
-6
-7
3
-4
-21
-16
-8
-4
-15
-34
-22
-3
-21
-36
-19
-22
-21
-25
-28
-33
-25
-31
-49
-35
-47
-45
-48
-59
-50
-37
-35
-25
-39
-36
-33
-26
-25
-47
-44
-25
-19
-14
-3
-3
-24
-26
-10
-5
-16
-10
9
-2
-9
2
1
1
-14
-15
8
-9
-18
-15
-14
-9
-24
-17
-25
-27
-20
-25
-9
-14
-16
-7
-12
-20
-5
-7
-5
15
7
-10
-14
1
-15
-5
-4
-3
1
5
0
1
-5
-6
-10
-21
-4
-9
11
1
-20
-15
-7
-9
-11
-19
-20
-17
-24
-38
-36
-39
-50
-34
-20
-35
-34
-10
-25
-24
-46
-44
-14
-25
-18
-13
-9
-17
-5
-9
-17
1
-9
-9
-11
4
-6
-8
7
-13
-2
-3
-1
6
14
14
-5
16
18
19
32
21
28
17
21
12
37
30
22
26
31
47
37
51
33
33
38
38
40
27
37
44
43
35
11
23
23
27
28
24
35
26
8
25
35
31
21
28
23
5
20
5
16
20
24
12
4
2
18
24
19
22
25
26
39
37
14
18
19
19
13
32
1
1
3
-5
4
3
7
22
6
-3
19
24
25
22
23
19
6
22
15
26
21
24
37
29
31
43
54
48
44
57
44
51
41
49
47
58
60
68
74
68
80
66
71
79
71
56
52
59
79
62
51
67
68
51
44
37
53
38
33
31
38
49
18
37
42
30
31
42
27
23
26
20
20
14
20
22
14
22
1
1
-7
6
15
-16
-3
-11
2
-14
-5
-17
-41
-10
-26
-40
-25
-20
-28
-20
-14
-21
-12
-17
-25
-21
-7
-26
-23
-18
-24
0
3
5
-17
-20
-10
-9
-17
-12
-2
-10
-11
10
-6
0
-14
-6
-4
-14
-13
-6
-12
-16
-3
-22
-11
-2
-4
-12
3
1
6
9
2
8
8
4
5
6
-5
-8
0
-2
-8
-8
-11
-19
-27
-15
-14
-16
-15
-19
-11
-34
-32
-35
-46
-45
-41
-41
-39
-53
-54
-40
-32
-40
-45
-19
-36
-25
-16
-20
-16
-25
-30
-38
-29
-17
-35
-26
-25
-38
-27
-31
-22
-36
-26
-14
-26
-19
-19
-18
-17
-30
-28
-18
-8
-16
1
-6
-4
-5
4
-3
3
13
5
15
12
27
23
25
18
23
19
23
35
16
24
26
20
24
25
11
4
8
1
6
5
2
14
13
5
6
-7
17
6
10
-5
-11
16
14
12
5
4
6
9
1
-9
-4
-24
-18
-15
-10
-5
-7
-20
-19
-23
-20
-6
-18
-23
-19
-20
-35
-18
-17
-30
-15
-26
-32
-25
-7
-22
-24
-10
-28
-8
-9
-13
-22
-9
-8
-16
3
0
1
2
-2
-12
-4
10
3
8
14
14
15
26
21
25
14
18
17
37
28
14
23
13
31
33
22
31
43
34
37
42
45
20
17
30
28
28
28
11
8
16
27
27
28
14
17
12
12
6
1
5
4
6
0
11
-5
2
8
-21
-11
-19
-27
-22
-10
-28
-23
-27
-41
-16
-19
-22
-21
-27
-25
-17
-21
-30
-29
-25
-26
-35
-26
-19
-25
-18
-17
-8
-15
-7
-9
-7
-2
-2
14
22
0
7
3
-8
-1
-1
-5
-8
-7
-14
-5
6
-10
-13
-17
-18
0
2
2
-10
1
14
6
0
0
13
22
25
13
18
19
15
14
8
22
-5
16
7
-4
13
10
2
-9
-5
4
0
-13
-23
-3
-16
-33
-14
-29
-31
-26
-39
-36
-16
-24
-34
-27
-40
-39
-48
-37
-31
-38
-48
-43
-41
-51
-45
-51
-63
-50
-62
-56
-48
-57
-56
-66
-49
-47
-42
-44
-57
-67
-31
-38
-48
-38
-38
-33
-39
-29
-28
-22
-38
-11
-12
-13
-2
8
17
10
25
23
29
6
25
32
29
23
27
26
25
2
11
20
17
25
3
16
13
14
16
-5
4
6
-9
1
-2
-14
-13
-18
-24
-18
-9
-18
-22
-20
-16
-16
-19
-14
-37
-37
-34
-14
-18
-36
-20
-13
-24
-25
-26
-22
-23
-32
-32
-24
-43
-28
-39
-54
-33
-43
-34
-42
-37
-36
-26
-30
-36
-35
-41
-33
-36
-20
-8
-34
-24
2
0
-3
15
23
10
19
3
18
15
-13
0
5
13
1
14
5
2
9
23
29
15
35
27
16
39
33
22
23
34
45
42
39
50
42
40
50
33
25
28
32
12
15
28
8
31
7
3
10
9
19
11
-9
6
-7
-13
-21
-23
-24
-32
-35
-49
-48
-55
-58
-57
-60
-69
-63
-69
-65
-62
-69
-65
-58
-65
-70
-58
-50
-77
-67
-50
-59
-46
-51
-63
-56
-46
-43
-30
-40
-26
-24
-36
-36
-30
-21
-35
-23
-20
-31
-41
-27
-27
-31
-15
-10
8
-4
-5
3
-10
-8
3
0
11
33
17
23
18
25
20
16
29
20
23
25
31
23
7
17
29
29
14
4
14
10
11
6
-4
1
-9
-13
-15
5
-5
-10
-16
-18
-3
-20
-13
-31
-14
-14
-12
-5
-27
-20
-28
-32
-25
-22
-32
-45
-41
-35
-44
-52
-30
-48
-54
-57
-39
-24
-46
-48
-58
-55
-54
-54
-50
-53
-51
-59
-44
-35
-33
-37
-44
-28
-32
-37
-33
-25
-23
-12
-15
-5
-16
-11
-4
-3
-4
-10
18
9
29
15
16
20
29
25
13
20
20
22
29
19
24
26
15
21
37
31
16
12
28
35
32
30
15
37
40
50
24
25
22
14
27
7
7
7
0
16
6
-11
-14
-23
-2
-18
-20
-27
-42
-40
-47
-33
-37
-39
-57
-61
-63
-49
-50
-53
-53
-54
-59
-61
-60
-59
-56
-67
-63
-62
-51
-46
-49
-65
-63
-54
-32
-39
-51
-42
-27
-36
-35
-29
-50
-27
-41
-41
-34
-43
-32
-18
-51
-27
-13
-21
-25
-11
0
-15
11
6
2
10
13
16
3
16
18
16
36
37
39
26
40
26
25
33
25
32
23
26
26
12
18
17
9
-6
-20
1
9
-5
-12
-10
-15
-22
-31
-31
-19
-28
-39
-33
-44
-45
-55
-46
-58
-66
-63
-56
-71
-54
-66
-56
-54
-67
-55
-77
-66
-65
-62
-77
-67
-71
-72
-78
-76
-74
-91
-88
-77
-74
-92
-83
-76
-66
-62
-65
-51
-65
-56
-39
-42
-50
-49
-37
-30
-32
-26
-18
-12
-17
-17
-10
-3
