-18
-24
-29
-18
-23
-11
-17
-17
-24
-19
-13
-11
-9
4
5
-18
-15
-13
-11
-6
-8
1
-28
-9
3
-9
-7
-11
-31
-19
-6
-12
-19
-23
-16
-4
-2
-10
-5
-7
-6
-8
-17
-5
2
-6
-14
-5
6
-6
-14
-1
-12
-17
-12
-10
-25
-28
-1
-25
-29
-18
-30
-18
-21
-24
-21
-18
-35
-45
-27
-31
-37
-38
-41
-51
-35
-45
-61
-42
-37
-63
-54
-49
-38
-35
-39
-38
-46
-51
-48
-33
-46
-45
-35
-33
-43
-32
-37
-57
-44
-59
-58
-63
-51
-64
-59
-66
-51
-57
-84
-68
-74
-72
-58
-66
-76
-67
-74
-66
-64
-69
-77
-64
-59
-60
-52
-68
-60
-63
-66
-69
-77
-66
-71
-90
-79
-87
-93
-89
-90
-97
-102
-93
-96
-98
-101
-90
-87
-79
-83
-90
-88
-95
-79
-87
-100
-83
-92
-92
-96
-88
-87
-101
-99
-102
-87
-73
-76
-87
-87
-94
-95
-95
-95
-86
-88
-80
-73
-75
-90
-88
-75
-86
-82
-78
-90
-74
-73
-70
-64
-68
-69
-74
-73
-76
-70
-58
-74
-75
-85
-87
-68
-80
-90
-75
-85
-92
-64
-68
-75
-69
-73
-78
-81
-62
-58
-44
-65
-78
-77
-58
-42
-56
-49
-51
-59
-53
-45
-39
-43
-32
-51
-52
-47
-60
-23
-43
-46
-39
-40
-38
-48
-49
-40
-45
-51
-37
-38
-35
-39
-32
-24
-26
-27
-23
-17
-30
-51
-26
-38
-39
-23
-24
-33
-26
-31
-23
-27
-24
-22
-23
-17
-24
-22
-28
-24
-27
-22
-9
-19
-29
-25
-26
-32
-39
-24
-33
-38
-36
-23
-23
-45
-24
-30
-19
-21
-23
-22
-31
-16
-14
-21
-24
-17
-10
-7
-23
-19
-16
-15
-3
-16
-7
5
0
4
23
7
7
18
19
11
9
14
8
3
8
17
14
19
19
20
24
26
33
23
35
26
34
28
25
24
34
39
26
21
12
29
10
25
24
22
14
14
19
21
11
9
25
26
22
26
23
23
53
48
41
64
46
39
49
41
40
44
44
29
32
32
16
23
21
26
36
38
33
29
26
32
28
18
20
14
30
19
7
34
26
21
25
30
32
33
15
14
27
14
16
19
19
30
18
40
11
19
29
20
25
38
39
16
20
35
31
14
29
29
30
36
28
20
26
27
18
33
35
25
20
16
12
23
12
22
33
27
25
30
31
35
31
30
27
29
33
24
22
18
28
23
22
22
9
22
32
28
22
29
10
12
7
10
5
2
10
-6
1
-7
-7
-9
7
-11
-20
-12
-19
-2
-16
-2
-9
-17
-8
-12
-17
-8
-14
-19
0
-10
-14
-5
-20
-23
-23
-18
-16
-24
-16
-23
-10
-13
-30
-23
-34
-18
-13
-29
-21
-33
-22
-34
-37
-25
-18
-21
-20
-8
-29
-22
-27
-18
-20
-9
-2
-26
-21
-26
-30
-28
-17
-33
-30
-31
-15
-13
-29
-14
-8
-5
2
10
-7
-3
-5
-1
-12
-17
-9
0
-7
-24
-17
-13
-6
-19
-9
-21
-16
-11
-18
-8
-10
-5
4
-5
-10
-5
-5
-19
-12
-4
-10
2
-15
-11
-20
-21
-24
-24
-17
-35
-23
-11
-2
-4
-9
6
-7
-7
-3
-1
14
10
14
1
1
11
13
-2
6
-2
-2
12
6
13
0
9
18
16
22
11
0
25
28
20
12
19
16
7
16
16
28
22
18
21
13
16
13
9
12
14
4
13
12
8
13
7
0
11
10
7
10
17
15
22
38
25
29
28
24
19
23
31
13
22
19
5
9
12
28
28
20
30
28
34
33
31
28
44
20
19
35
27
32
14
29
30
34
30
26
40
34
30
30
24
19
34
23
24
35
39
37
33
21
26
25
16
35
27
21
16
25
34
28
32
29
34
11
11
17
10
22
18
36
35
30
22
21
21
25
34
24
20
14
23
24
31
27
26
12
10
10
16
23
7
19
9
27
21
7
16
6
3
-1
14
22
20
26
21
13
11
0
2
2
14
27
23
20
29
11
6
27
32
14
5
13
4
10
30
26
7
-1
13
12
8
4
20
15
-2
9
13
17
9
21
18
14
3
8
10
12
23
7
13
21
19
5
13
4
3
18
22
26
32
20
24
19
27
17
10
41
26
24
9
18
14
-2
5
10
20
14
15
20
22
7
12
34
21
12
16
9
28
15
10
28
9
10
21
28
10
8
-1
7
2
-8
-10
-10
-6
-3
5
-10
-4
-2
-10
9
1
0
-5
-17
-8
3
-4
2
-2
-4
0
2
1
6
-1
-23
-12
8
6
-17
-14
5
-5
-23
-28
-1
-11
-23
-21
-11
-22
-3
-19
-24
-10
-2
-14
-10
-7
-17
-7
-10
-5
-11
4
5
5
-4
0
4
3
-11
-18
-5
-10
-5
-7
-7
-10
-11
-10
-7
3
-4
-7
3
-20
-13
-14
-8
9
-4
12
7
-1
-12
6
0
4
11
4
15
-5
1
-5
6
-8
-8
-10
-17
-7
-11
-5
-9
-6
4
-6
-12
-2
-12
-15
-15
-29
-13
-16
-3
-15
-1
-9
12
-13
2
16
-1
14
-2
2
1
8
-18
-1
-4
-1
6
15
3
-7
12
16
19
15
9
25
20
12
-5
12
14
12
15
9
18
15
5
-1
3
1
6
17
26
9
14
12
8
17
21
10
26
11
18
15
6
23
13
17
10
12
21
23
11
17
13
13
15
11
0
11
31
19
8
10
22
21
28
17
23
21
15
21
7
22
22
5
23
31
24
25
5
19
27
26
19
10
12
17
30
17
25
21
11
22
15
6
14
31
14
26
29
13
15
30
27
26
20
28
47
31
25
26
20
19
32
22
26
23
28
38
21
33
33
16
30
29
35
40
19
31
21
20
25
33
35
20
33
24
38
39
24
30
34
31
39
45
30
25
34
34
40
29
28
28
37
34
20
25
32
35
28
31
22
35
39
15
32
25
12
24
17
9
7
4
15
10
11
13
-3
16
21
10
4
14
18
8
0
13
8
19
5
-3
15
16
19
1
13
5
7
-4
-1
3
-2
7
6
14
9
10
9
12
9
15
10
12
2
12
3
2
14
-2
5
-9
-6
-11
-7
-3
-11
-11
3
5
-1
11
5
-3
-3
-10
-2
-2
-9
-7
-1
3
0
-13
-4
-23
0
4
-14
-6
-12
5
7
1
-9
15
-4
-8
-13
-8
2
-8
-12
-1
-9
-1
1
-11
-12
-16
-16
-20
-5
-1
-4
-9
-3
-10
-7
-19
-5
-12
-10
-18
-27
-13
-18
-25
-27
-26
-32
-23
-17
-13
-14
-15
-2
1
-11
-2
-1
5
8
12
-4
3
-2
1
3
-25
-9
-24
-19
-22
-25
-23
-20
-8
-9
-18
-21
12
0
-5
-10
-7
-3
-10
-1
0
-1
5
-5
-15
-11
6
1
-18
-20
-5
-17
0
-6
-16
-13
-7
-6
-9
-22
-16
-2
0
0
10
14
-12
0
-4
-3
-16
-7
-9
-14
1
-7
1
-2
3
11
3
1
-2
-16
-14
-15
-9
-10
-10
-7
3
-5
-29
2
-2
-8
-10
-21
-13
-23
-4
-5
-4
-7
-6
-4
-26
-4
-14
-9
-15
-12
-9
-17
-14
-9
-5
-18
-29
-32
-18
-7
-18
-29
-22
-32
-35
-21
-16
-19
-21
-26
-25
-34
-31
-27
-33
-39
-40
-28
-30
-29
-26
-28
-31
-27
-18
-38
-26
-34
-30
-33
-38
-25
-35
-28
-30
-40
-36
-37
-51
-32
-19
-34
-32
-36
-43
-38
-34
-22
-19
-28
-24
-45
-30
-34
-25
-21
-26
-23
-28
-24
-21
-37
-24
-23
-27
-24
-33
-46
-28
-29
-40
-27
-23
-11
-7
-14
-15
-14
-13
-13
-16
-31
-28
-30
-34
-23
-16
-39
-47
-57
-50
-22
-46
-25
-29
-18
-23
-33
-27
-29
-26
-22
-12
-20
-32
-38
-21
-11
-17
-19
-18
-34
-19
-13
-21
-11
-10
-29
-23
-21
-24
-24
-36
-22
-30
-17
-5
-32
-25
-15
-25
-27
-26
-27
-18
-33
-35
-14
-24
-44
-35
-44
-33
-44
-49
-32
-53
-38
-41
-57
-38
-36
-45
-42
-44
-65
-49
-49
-49
-48
-63
-68
-67
-58
-43
-54
-63
-65
-54
-60
-53
-42
-65
-48
-60
-60
-65
-64
-66
-71
-57
-54
-56
-52
-58
-64
-68
-53
-60
-44
-32
-25
-32
-45
-28
-27
-40
-48
-41
-33
-29
-38
-39
-44
-31
-39
-48
-45
-17
-24
-45
-32
-48
-38
-42
-29
-33
-32
-30
-33
-34
-36
-37
-37
-51
-47
-38
-43
-47
-31
-28
-31
-23
-32
-42
-43
-56
-47
-51
-52
-33
-32
-31
-25
-24
-34
-34
-31
-35
-35
-32
-29
-23
-24
-38
-32
-15
-24
-26
-44
-21
-35
-47
-42
-49
-32
-23
-18
-27
-11
-12
-13
-18
-30
-25
-29
-24
-16
-19
-6
-19
-32
-15
-13
-29
-30
-21
-35
-22
-16
-12
-14
-23
-20
-20
-30
-14
-12
-15
-17
-8
-10
-14
-13
-18
-4
-3
2
0
-1
-11
-7
-5
-6
-17
-27
-17
-36
-16
-3
-21
-20
-18
-20
-8
-4
-2
-16
-11
-10
-10
-4
-16
-2
5
-11
5
0
0
6
-2
28
22
5
17
22
12
12
17
29
21
22
41
30
34
25
24
23
26
34
13
18
13
8
1
14
17
4
5
4
8
21
13
13
25
26
22
31
36
17
24
15
31
22
17
18
15
18
10
24
15
25
35
28
16
8
32
25
13
21
23
23
25
38
33
39
33
23
38
56
39
35
31
24
32
28
26
34
24
23
19
20
33
4
25
23
14
6
3
-1
-3
6
16
8
10
11
-6
6
18
4
-2
12
-2
-7
14
-5
1
-8
-11
-6
-15
-9
-18
-2
-16
1
3
15
11
-2
0
-11
-11
-24
-10
-14
-8
-11
-14
-5
-15
-40
-20
-25
-21
-15
-10
-4
-10
-16
-21
-14
-31
-18
-13
-14
-14
-17
-14
-20
-9
-21
-24
-19
-18
-23
-24
-23
-20
-17
-23
-14
-15
-35
-18
-21
-23
-22
-34
-30
-34
-21
-28
-30
-21
-21
-37
-33
-28
-35
-26
-28
-15
-24
-17
-21
-26
-15
-18
-30
-31
-35
-40
-26
-26
-29
-16
1
-7
-8
-12
-10
-20
-20
-18
-19
-31
-24
-13
-12
-22
-16
-20
-16
-7
-19
-7
-15
-13
-13
-8
0
-7
-9
-8
-8
1
-18
-16
-10
-3
-12
-23
-15
-25
-1
-11
-12
-6
-19
-3
-5
-12
-10
-26
-17
-13
-9
-4
-20
-14
-21
-12
-6
-18
-7
-9
-8
-16
-18
-15
-4
-11
-12
-22
-4
-3
-8
4
1
0
5
9
8
-12
3
-3
0
7
-11
-16
-19
4
4
1
-17
-15
-12
-4
12
12
10
-1
9
9
11
2
-2
-2
-7
-15
-15
-23
-13
-13
-3
-6
-19
-12
-29
-19
-30
-21
-13
-11
14
7
-2
0
16
-12
7
7
8
9
7
21
9
20
17
4
21
5
4
21
6
13
12
14
25
26
7
16
17
19
21
25
33
15
8
13
10
6
3
7
9
7
10
6
16
25
12
8
-12
9
-4
1
10
11
17
-3
9
-5
11
3
5
6
2
-1
5
14
13
8
1
13
6
11
5
14
31
17
25
14
12
15
18
19
18
21
-6
12
15
21
26
22
21
21
13
24
28
11
8
24
19
11
14
21
14
6
11
22
18
14
27
9
22
19
28
34
14
17
30
18
2
25
10
7
13
9
6
13
12
11
11
13
20
25
13
1
1
4
20
18
28
9
23
18
30
25
28
18
8
21
24
24
24
23
31
36
21
26
27
36
19
17
13
25
10
11
7
-8
-2
-3
3
-1
-5
1
-6
-21
-19
2
3
0
-12
-7
10
-4
3
-2
-2
4
-8
-7
-8
-12
-11
-18
-11
-11
-19
-10
-18
-32
-11
-6
-13
-18
-18
-5
-13
-28
-28
-28
-4
-5
-6
-5
-4
0
8
10
0
9
-1
4
8
12
-8
-11
13
8
8
0
-6
-6
-11
-19
-8
-21
-34
-8
-8
-7
-4
-14
-15
-8
-15
-14
-28
-19
-27
-31
-28
-27
-18
-33
-14
-36
-24
-23
-22
-20
-17
-9
-19
-17
-8
-6
2
-21
-19
-14
3
-16
-6
-9
-10
-7
-16
-9
-7
4
-11
-4
-31
-18
-11
-21
-8
-11
-10
-4
-11
-19
-19
-10
-20
-25
-11
-18
-23
-23
-19
-17
-8
-4
0
-4
-2
-1
-14
-2
-13
-20
-14
-17
-7
-7
-1
-11
-12
-3
7
4
8
4
2
7
9
5
-9
8
13
30
28
30
23
7
17
2
12
31
24
18
20
18
19
17
28
16
14
18
25
34
32
35
29
22
22
22
-1
11
15
8
5
-8
9
6
0
10
2
8
-5
-7
5
-2
3
7
5
11
30
19
0
13
26
26
19
13
5
11
21
12
25
1
12
30
19
21
4
18
26
32
10
20
40
29
31
36
46
53
51
39
44
37
27
34
19
23
30
15
28
22
11
24
34
33
30
14
11
6
16
17
11
22
23
0
9
14
8
6
2
8
21
18
10
8
22
30
25
9
4
7
22
-2
-17
12
-1
11
17
-1
1
1
11
6
9
2
9
8
4
10
11
10
7
4
4
10
27
15
12
3
7
15
12
-2
15
26
5
28
11
15
11
26
25
14
23
18
14
12
17
13
23
19
13
20
18
7
17
23
19
14
24
5
2
-1
1
6
-10
-5
-3
-2
-11
-15
-7
6
17
5
-3
6
9
17
17
27
25
22
28
7
22
17
13
0
12
14
3
23
5
5
-7
9
-9
1
0
7
27
0
14
18
-5
9
20
5
-10
8
-2
5
7
-13
8
5
5
12
10
17
15
13
13
19
6
15
25
6
18
12
1
-1
1
-13
3
-2
-20
2
-19
-15
-6
8
4
7
19
10
6
0
8
2
5
10
2
0
11
3
11
11
22
17
20
24
31
28
24
35
33
29
34
38
36
33
40
23
30
45
22
32
29
19
21
33
26
30
34
33
32
26
42
34
33
41
55
46
27
21
37
49
44
53
38
47
37
37
41
60
43
40
46
50
39
39
47
47
41
19
34
22
35
21
32
21
29
42
30
25
19
36
34
40
37
36
34
29
41
31
23
41
42
34
26
29
29
48
42
23
30
46
45
30
31
32
35
7
12
28
32
34
49
47
32
27
44
37
22
27
25
40
34
22
18
20
11
17
27
6
28
47
29
23
31
37
24
33
61
41
31
43
41
36
31
42
42
32
28
20
38
48
35
34
37
26
24
12
13
15
22
34
37
21
24
30
23
21
17
21
18
15
23
22
23
32
15
36
16
6
9
2
10
-13
-22
3
5
1
-1
-3
13
7
5
13
12
7
17
6
18
9
4
13
2
15
20
21
13
0
23
10
1
7
2
7
6
14
20
34
32
31
47
26
21
23
18
8
13
4
-1
2
3
16
11
2
9
9
-3
-2
10
20
7
4
5
-3
5
8
6
2
9
8
12
-5
-7
15
0
-7
-9
1
11
27
2
13
11
1
10
-3
17
16
12
22
27
31
28
36
35
25
24
20
43
23
17
29
18
14
7
23
20
21
25
7
12
-5
-2
24
11
-1
4
8
18
-9
15
17
14
10
-7
-7
-3
-4
8
9
-11
3
-7
-14
6
-5
1
1
-2
18
5
11
15
8
5
11
21
20
4
-1
1
12
-5
-5
8
-1
-19
-26
-29
-11
-4
-5
3
-5
0
-4
2
-5
-13
7
15
19
19
12
11
16
18
22
13
23
36
23
10
17
29
25
13
15
18
24
16
26
14
25
17
18
35
11
23
19
17
6
-3
0
4
9
-4
11
-3
18
20
2
19
7
13
23
37
27
21
19
20
14
22
26
17
24
22
32
22
25
15
15
18
16
27
17
18
27
24
24
25
25
25
17
31
29
31
16
20
36
43
40
32
40
35
40
27
43
36
33
32
16
21
9
-2
15
22
19
0
3
31
11
10
12
3
5
-9
10
10
9
20
29
24
27
31
21
26
31
24
35
45
50
51
37
35
29
29
21
28
9
15
4
17
25
24
36
27
27
41
46
44
38
20
43
26
46
38
47
45
31
49
37
38
50
36
35
22
27
42
28
35
17
23
22
30
33
30
37
28
31
31
40
34
29
46
47
44
29
38
42
27
31
32
30
37
43
56
56
44
41
31
72
63
58
60
65
71
54
50
45
42
48
45
45
45
45
41
45
46
52
61
52
47
38
33
48
46
30
60
48
51
54
48
56
54
39
42
43
53
49
49
51
51
48
36
44
39
48
50
34
43
30
15
23
11
17
33
32
25
41
31
48
38
39
60
64
43
32
42
38
35
40
31
19
45
56
38
40
38
50
47
61
52
44
46
44
36
31
44
43
48
63
38
58
44
40
50
21
28
36
38
38
28
43
49
37
29
37
30
31
43
54
36
48
44
41
45
27
41
31
32
21
29
19
29
19
32
35
25
43
45
50
42
47
36
38
44
33
32
46
32
35
38
27
45
39
37
49
43
42
49
56
56
37
37
38
31
35
28
20
28
23
33
41
40
49
58
46
50
60
52
49
35
21
17
26
23
8
7
0
10
9
17
4
12
10
16
15
22
37
36
42
41
39
33
4
10
17
8
22
10
28
22
25
28
22
9
2
18
29
6
12
17
13
-2
11
6
-5
8
-5
3
3
20
40
19
26
-3
6
19
10
6
-1
3
-12
-2
8
4
-11
14
10
40
15
21
26
19
28
26
36
19
20
-1
-1
8
9
14
15
4
0
-10
16
11
-1
3
1
2
-1
-4
3
18
10
13
3
25
44
33
30
27
35
25
26
40
48
37
43
47
35
30
26
11
7
9
21
11
-10
-5
-8
-11
-4
10
8
0
18
14
28
16
13
29
14
13
13
14
2
-1
2
-6
-26
-12
12
4
27
21
18
14
16
19
28
41
10
8
20
1
9
-3
-18
-12
6
7
5
-6
-7
-6
-8
17
26
43
31
30
29
29
51
34
27
43
44
37
47
47
47
56
32
26
-2
20
0
-1
21
31
38
32
35
32
39
33
40
32
33
7
15
0
3
16
24
5
-13
7
-2
15
21
20
36
42
43
37
32
21
25
17
11
34
40
39
53
31
17
24
18
10
15
-1
23
27
33
30
12
23
26
36
34
44
33
32
42
35
49
38
33
30
22
29
39
27
31
33
23
4
8
1
6
7
30
26
14
30
25
27
24
18
8
11
-3
10
3
16
36
40
27
27
40
32
40
37
37
54
34
27
22
26
13
1
13
3
29
25
46
73
49
43
44
48
35
35
25
25
8
29
18
6
14
13
28
17
26
11
28
14
-6
-19
-19
-44
-39
-46
-48
-41
-52
-32
-14
-3
-10
-23
-17
-12
-5
18
9
21
15
16
-3
-20
-24
-41
-23
-21
-9
-6
-23
-6
-3
-6
3
0
-1
22
8
14
-3
-12
8
-21
-39
-33
-51
-49
-49
-42
-21
-11
-12
-3
4
4
-21
-14
6
-16
-16
-22
-45
-4
6
-2
-7
-6
3
6
-10
-9
-23
-10
-1
-24
-33
-46
-42
-54
-73
-52
-35
-49
-44
-39
-21
4
3
-11
3
-1
-11
-24
-18
-43
-32
-45
-32
-43
-28
-15
-30
-8
-38
-30
-36
-7
-19
-1
-5
-18
11
-2
-1
-12
-9
-18
-27
-36
-34
-29
-25
-29
-45
-15
-15
-25
-33
-12
13
11
13
16
43
23
19
20
10
18
-13
-11
10
-3
-2
-15
9
28
25
-4
25
33
19
2
-18
-1
-22
-15
-19
-17
-20
-5
-19
-16
-26
-17
18
18
30
10
15
14
10
-2
-18
7
17
23
9
17
13
31
28
19
43
37
42
35
31
39
3
4
-4
-19
-10
2
-5
-1
11
-22
-28
-42
-29
-10
1
-11
-20
-7
0
14
19
14
43
56
80
87
104
91
83
83
35
50
20
13
5
13
-22
-21
-29
-9
14
11
18
16
17
40
47
32
28
11
-6
4
-12
-15
33
9
18
32
39
67
81
55
46
45
36
19
14
30
15
-11
7
13
16
7
32
37
34
41
49
62
52
57
18
11
0
26
14
-7
6
-16
4
16
30
17
-3
-14
-15
-4
13
25
46
38
18
30
14
-8
-10
-20
-2
12
0
5
-10
-25
-40
-62
-20
7
23
32
52
56
67
93
79
99
63
43
47
32
1
-2
-17
-20
-18
-45
-27
6
10
-15
-21
-16
-11
-39
-57
-50
-42
-47
-42
-14
-6
-2
8
-14
-8
5
9
2
12
-14
-41
-57
-94
-94
-127
-117
-110
-113
-82
-75
-47
-18
-10
16
21
-11
-57
-104
-147
-149
-152
-119
-96
-73
-43
-36
-23
27
56
68
76
88
84
88
101
87
83
59
44
6
-4
-7
-15
-7
-4
-39
-42
-54
-78
-106
-98
-99
-83
-71
-94
-79
-104
-74
-54
-32
-37
-27
-21
-12
13
28
33
20
26
11
5
10
4
-8
-30
-32
-41
-56
-77
-64
-50
-30
-38
-20
4
30
52
53
62
31
23
19
35
28
9
25
25
4
12
2
2
19
12
-6
-15
19
-32
-57
-85
-71
-72
-36
-7
3
36
52
66
89
74
59
83
66
58
7
-3
8
-7
-38
-15
-16
-15
14
0
-12
-5
-3
-14
-35
-33
-57
-77
-72
-72
-54
-51
-48
-23
0
13
4
19
10
9
4
20
9
-22
8
-1
-1
13
4
-13
-21
-45
-28
-14
-13
-18
2
-13
-37
-46
-53
-53
-76
-82
-79
-62
-15
10
12
25
47
57
62
62
27
21
-2
2
-13
-22
-26
-28
-33
-48
-31
-14
-14
-27
-28
-9
-12
-19
-26
-39
-43
-48
-75
-74
-85
-102
-60
-54
-50
-36
-8
16
17
33
-10
-15
-48
-52
-53
-73
-74
-54
-38
-22
7
4
8
32
42
42
50
25
9
-15
-20
-29
-34
-34
-33
-17
-41
-25
10
1
21
15
31
39
21
9
24
11
-24
-34
-29
-35
-19
-26
-40
-42
-52
-51
-26
2
-19
-2
-26
-26
0
-1
4
10
2
-1
18
33
47
45
39
34
4
-7
-10
-12
-23
-33
-45
-29
-22
-34
-25
-34
-31
-22
-19
-21
-51
-61
-46
-33
-35
-66
-73
-76
-78
-76
-90
-83
-68
-68
-61
-61
-57
-57
-42
-50
-49
-47
-60
-66
-64
-93
-98
-97
-102
-98
-92
-84
-74
-114
-120
-88
-82
-66
-99
-86
-74
-78
-69
-66
-78
-62
-42
-65
-61
-61
-58
-64
-71
-85
-90
-94
-82
-69
-70
-75
-86
-68
-54
-39
-40
-50
-34
-38
-23
-32
-29
-18
-17
-20
-16
-2
10
19
18
17
8
29
23
10
-20
-23
-15
-23
-33
-25
-29
-40
-24
-36
-27
-24
-16
-22
-39
-39
-38
-45
-54
-59
-66
-71
-62
-60
-55
-55
-61
-74
-63
-71
-70
-64
-77
-61
-90
-90
-94
-114
-124
-143
-150
-164
-162
-158
-154
-154
-154
-154
-150
-129
-135
-124
-130
-145
-121
-123
-136
-123
-124
-118
-114
-119
-123
-122
-127
-117
-98
-104
-80
-75
-71
-53
-46
-42
-64
-49
-45
-30
-10
-4
28
47
60
88
97
145
179
219
239
258
307
318
351
344
387
417
438
479
511
558
593
624
656
702
722
734
698
652
615
506
381
247
73
-94
-274
-460
-599
-744
-866
-946
-989
-1004
-972
-912
-846
-760
-657
-561
-469
-365
-292
-262
-225
-185
-169
-165
-152
-136
-146
-154
-169
-169
-198
-248
-278
-331
-397
-471
-528
-592
-677
-728
-766
-787
-793
-767
-739
-662
-582
-472
-364
-257
-154
-63
11
98
180
235
307
351
393
450
501
557
628
679
735
788
863
909
978
1059
1127
1228
1327
1402
1443
1478
1448
1398
1253
1054
821
532
187
-180
-557
-918
-1222
-1489
-1684
-1793
-1817
-1753
-1631
-1429
-1176
-913
-650
-389
-164
51
197
326
424
491
539
583
637
696
726
744
790
799
792
747
644
517
318
76
-174
-456
-728
-1018
-1271
-1452
-1581
-1641
-1650
-1569
-1459
-1274
-1066
-856
-611
-406
-229
-99
5
53
115
128
113
90
67
35
8
-1
-27
-43
-80
-97
-138
-176
-241
-312
-349
-423
-459
-462
-461
-425
-352
-251
-122
12
166
343
510
658
811
966
1084
1231
1345
1500
1619
1761
1867
1880
1879
1787
1667
1465
1175
805
394
-50
-518
-986
-1345
-1678
-1947
-2107
-2159
-2055
-1922
-1694
-1380
-1055
-697
-354
-41
234
472
628
728
846
922
967
995
1037
1058
1067
1083
1093
1090
1029
898
717
501
217
-86
-407
-772
-1104
-1418
-1687
-1860
-1972
-1985
-1962
-1845
-1649
-1396
-1132
-856
-580
-335
-112
73
208
304
356
350
354
318
276
214
155
113
40
-7
-91
-185
-272
-402
-515
-641
-754
-829
-887
-919
-914
-857
-774
-611
-427
-220
0
225
453
671
875
1035
1222
1339
1463
1591
1701
1824
1949
2052
2119
2117
2056
1950
1735
1465
1072
627
129
-389
-907
-1419
-1825
-2154
-2393
-2516
-2468
-2302
-2067
-1747
-1366
-947
-550
-183
138
428
650
792
885
970
1022
1041
1077
1088
1104
1112
1101
1090
1054
928
729
509
234
-75
-445
-832
-1187
-1538
-1825
-2073
-2201
-2236
-2226
-2112
-1931
-1678
-1379
-1085
-765
-498
-244
-33
147
290
386
431
445
440
403
356
292
232
138
46
-74
-167
-297
-432
-556
-712
-850
-944
-1018
-1051
-1041
-1010
-914
-761
-560
-351
-109
142
385
632
884
1082
1277
1450
1610
1764
1910
2054
2178
2281
2351
2333
2229
2113
1886
1594
1187
721
213
-329
-876
-1395
-1824
-2184
-2455
-2636
-2631
-2491
-2273
-1965
-1624
-1235
-796
-407
-44
295
557
753
884
1003
1088
1152
1192
1201
1228
1203
1192
1170
1083
962
767
530
257
-44
-389
-781
-1144
-1486
-1789
-2013
-2161
-2218
-2216
-2116
-1961
-1720
-1452
-1153
-869
-602
-342
-140
53
184
274
320
332
342
326
335
309
244
206
133
86
1
-99
-173
-301
-431
-553
-691
-784
-875
-955
-957
-910
-826
-693
-509
-291
-32
209
491
756
1022
1255
1478
1708
1886
2081
2265
2410
2513
2548
2467
2350
2164
1915
1569
1101
602
53
-487
-1022
-1539
-1973
-2310
-2549
-2702
-2676
-2534
-2280
-1985
-1651
-1250
-863
-479
-130
174
445
647
794
969
1100
1214
1282
1319
1357
1386
1375
1346
1238
1064
850
561
248
-104
-482
-878
-1281
-1612
-1880
-2104
-2224
-2260
-2244
-2142
-1952
-1704
-1420
-1128
-854
-599
-347
-143
60
218
323
409
480
511
543
558
565
505
441
369
272
170
22
-149
-348
-530
-705
-858
-994
-1091
-1153
-1167
-1129
-1018
-865
-683
-441
-203
67
322
567
808
1013
1214
1388
1572
1741
1918
2098
2269
2394
2527
2577
2527
2390
2185
1898
1488
956
371
-230
-837
-1427
-1976
-2407
-2727
-2922
-2992
-2907
-2673
-2335
-1968
-1563
-1096
-656
-236
123
447
719
913
1059
1204
1356
1432
1463
1492
1521
1491
1437
1314
1170
957
647
316
-47
-436
-847
-1259
-1613
-1918
-2165
-2323
-2372
-2359
-2289
-2128
-1903
-1614
-1290
-1001
-736
-449
-176
74
267
415
556
647
715
753
779
782
731
673
563
456
316
153
-48
-235
-429
-629
-787
-944
-1038
-1110
-1149
-1112
-1021
-897
-704
-500
-229
27
288
570
839
1109
1338
1585
1809
2047
2269
2448
2604
2739
2783
2729
2587
2361
2067
1655
1134
543
-51
-643
-1266
-1825
-2245
-2585
-2846
-2971
-2946
-2736
-2462
-2157
-1764
-1310
-856
-450
-68
315
638
868
1051
1226
1427
1554
1595
1621
1644
1621
1520
1393
1218
990
684
328
-22
-374
-768
-1174
-1519
-1798
-2011
-2175
-2254
-2219
-2133
-1997
-1800
-1546
-1219
-906
-623
-343
-56
199
419
592
729
844
906
901
906
881
813
659
488
364
175
-31
-258
-442
-631
-821
-987
-1095
-1158
-1207
-1200
-1169
-1041
-881
-707
-480
-234
24
299
574
849
1079
1301
1529
1717
1926
2127
2298
2437
2589
2695
2744
2695
2533
2314
2007
1643
1132
554
-39
-650
-1239
-1807
-2263
-2616
-2881
-3021
-3018
-2838
-2557
-2216
-1831
-1378
-877
-442
-41
357
716
985
1150
1339
1500
1627
1669
1681
1687
1638
1578
1425
1260
1051
779
459
86
-242
-596
-987
-1359
-1658
-1898
-2071
-2170
-2181
-2117
-2018
-1845
-1625
-1335
-1007
-749
-469
-181
72
317
507
672
798
897
956
968
962
927
820
683
533
357
145
-102
-337
-594
-823
-1030
-1208
-1326
-1399
-1433
-1417
-1288
-1118
-892
-669
-401
-92
193
478
729
970
1165
1344
1496
1607
1734
1836
1926
2015
2137
2256
2382
2472
2510
2460
2323
2088
1787
1408
865
282
-343
-968
-1561
-2111
-2552
-2865
-3038
-3089
-2974
-2711
-2328
-1892
-1440
-931
-425
29
437
766
1016
1200
1338
1382
1443
1471
1420
1375
1332
1302
1226
1122
989
779
563
289
-24
-338
-711
-1070
-1421
-1726
-1955
-2116
-2203
-2198
-2101
-1937
-1682
-1407
-1063
-703
-364
-46
220
470
679
823
891
942
919
866
797
704
601
475
328
180
42
-107
-273
-454
-604
-769
-892
-1003
-1078
-1112
-1117
-1070
-981
-823
-618
-407
-172
103
389
651
887
1132
1315
1505
1633
1747
1857
1925
2005
2089
2160
2236
2310
2331
2239
2101
1889
1581
1184
683
126
-472
-1053
-1628
-2154
-2567
-2851
-3047
-3094
-2962
-2684
-2315
-1869
-1404
-877
-343
111
546
884
1141
1307
1402
1469
1498
1510
1464
1412
1357
1304
1208
1113
1002
812
597
292
-23
-335
-704
-1103
-1485
-1789
-2038
-2200
-2268
-2260
-2141
-1951
-1683
-1327
-938
-557
-192
145
420
661
841
962
991
982
924
825
714
599
450
313
190
14
-106
-252
-394
-551
-710
-847
-966
-1063
-1121
-1159
-1148
-1092
-1003
-831
-628
-407
-156
113
366
630
876
1088
1268
1397
1478
1555
1583
1616
1624
1640
1683
1738
1825
1884
1974
1956
1860
1719
1492
1223
808
272
-269
-835
-1378
-1904
-2359
-2648
-2884
-2956
-2872
-2623
-2226
-1809
-1309
-797
-285
186
574
893
1139
1291
1348
1371
1394
1390
1349
1290
1253
1215
1162
1095
992
839
624
346
8
-360
-731
-1141
-1555
-1891
-2136
-2318
-2362
-2308
-2175
-1911
-1609
-1215
-783
-373
10
327
586
772
899
955
961
917
833
742
639
559
456
382
295
213
135
27
-97
-253
-428
-618
-798
-962
-1110
-1211
-1261
-1253
-1186
-1030
-815
-571
-272
5
296
572
784
971
1120
1209
1225
1209
1180
1155
1073
1044
1041
1065
1148
1266
1425
1597
1775
1878
1893
1812
1631
1364
986
495
-49
-626
-1190
-1724
-2191
-2517
-2715
-2792
-2715
-2501
-2155
-1721
-1264
-806
-352
86
437
718
937
1076
1145
1167
1202
1236
1266
1278
1276
1306
1291
1242
1136
968
781
468
108
-282
-691
-1078
-1480
-1790
-2030
-2146
-2160
-2094
-1898
-1623
-1293
-945
-582
-232
107
342
501
621
689
682
641
577
493
408
364
334
314
306
293
250
174
109
-18
-190
-372
-563
-763
-947
-1099
-1163
-1206
-1155
-1038
-870
-638
-363
-93
151
409
625
761
879
930
933
925
856
811
762
718
697
719
811
935
1094
1273
1484
1673
1817
1885
1839
1680
1439
1120
675
158
-383
-921
-1437
-1883
-2216
-2412
-2493
-2472
-2308
-1994
-1613
-1181
-765
-360
13
329
577
743
876
949
977
967
996
1058
1108
1151
1174
1228
1223
1178
1061
867
603
270
-113
-512
-884
-1282
-1589
-1823
-1967
-1994
-1901
-1695
-1434
-1107
-773
-453
-140
152
353
449
509
492
451
414
343
264
232
210
232
284
303
342
347
300
199
91
-105
-322
-554
-806
-1015
-1201
-1284
-1327
-1294
-1154
-961
-737
-455
-174
104
341
517
662
734
765
760
716
633
566
511
491
498
521
592
678
802
952
1093
1284
1445
1588
1692
1735
1685
1535
1341
1070
739
339
-104
-523
-924
-1280
-1594
-1788
-1874
-1888
-1817
-1638
-1388
-1102
-797
-535
-261
-16
175
332
475
589
664
727
800
927
1034
1133
1174
1193
1196
1134
1002
806
561
255
-107
-457
-783
-1077
-1333
-1514
-1584
-1562
-1475
-1306
-1087
-837
-606
-386
-181
-28
92
135
132
118
106
92
81
103
169
222
299
391
467
518
511
447
350
201
-5
-246
-486
-722
-949
-1105
-1192
-1200
-1147
-1029
-844
-634
-389
-140
98
294
439
533
569
551
496
431
342
253
174
147
138
168
227
335
468
592
748
907
1060
1231
1365
1491
1625
1695
1711
1622
1497
1312
1053
752
385
-5
-407
-810
-1168
-1451
-1658
-1797
-1870
-1854
-1727
-1508
-1242
-966
-687
-367
-84
159
425
643
831
961
1076
1182
1306
1369
1390
1369
1301
1191
1042
831
579
313
-19
-318
-596
-845
-1042
-1220
-1318
-1343
-1316
-1229
-1124
-967
-838
-702
-575
-477
-366
-288
-208
-152
-98
-20
72
172
308
413
492
576
616
598
538
414
247
52
-163
-394
-601
-762
-896
-947
-958
-897
-777
-600
-410
-247
-90
64
170
235
261
241
222
164
107
89
62
39
59
131
201
305
425
509
598
696
776
866
945
1030
1131
1243
1380
1530
1671
1723
1723
1647
1479
1277
949
540
114
-366
-823
-1254
-1582
-1808
-1951
-1996
-1928
-1719
-1444
-1131
-796
-475
-145
85
294
472
616
755
813
869
978
1082
1170
1247
1275
1308
1257
1140
989
762
487
155
-231
-554
-837
-1092
-1288
-1405
-1466
-1456
-1358
-1248
-1062
-876
-744
-624
-499
-363
-287
-235
-176
-104
-16
71
187
325
444
518
582
607
587
500
365
225
25
-180
-370
-497
-617
-690
-722
-726
-678
-601
-485
-401
-330
-219
-165
-116
-60
-23
18
42
61
89
141
181
203
197
221
230
237
261
263
274
315
343
449
573
706
872
1062
1280
1512
1723
1891
1991
1978
1851
1650
1389
1029
594
103
-387
-830
-1212
-1521
-1697
-1766
-1777
-1720
-1552
-1308
-1056
-806
-567
-339
-146
19
176
348
516
667
792
980
1168
1311
1434
1456
1431
1340
1143
884
564
228
-145
-530
-854
-1097
-1291
-1414
-1450
-1426
-1358
-1268
-1159
-1034
-933
-863
-802
-775
-709
-631
-548
-400
-224
-15
218
462
680
865
992
1020
994
880
722
509
254
-18
-261
-447
-618
-703
-727
-708
-670
-590
-500
-406
-330
-304
-261
-251
-255
-273
-274
-280
-258
-261
-234
-190
-184
-131
-94
-48
-1
59
116
176
279
378
487
601
757
918
1074
1215
1356
1502
1636
1774
1860
1919
1898
1786
1594
1331
1048
680
251
-195
-615
-1020
-1369
-1623
-1778
-1839
-1861
-1792
-1632
-1412
-1193
-979
-727
-466
-220
-21
209
464
686
892
1102
1297
1459
1549
1598
1560
1449
1248
965
663
317
-64
-446
-799
-1074
-1297
-1463
-1551
-1575
-1555
-1496
-1399
-1296
-1159
-1029
-915
-783
-616
-451
-273
-46
186
426
665
877
1074
1212
1274
1271
1200
1078
897
663
414
167
-54
-265
-456
-590
-711
-814
-892
-945
-1002
-1031
-1061
-1044
-1005
-950
-870
-737
-613
-455
-265
-92
83
210
338
419
470
496
520
527
525
529
540
549
554
600
648
695
750
805
863
935
1045
1146
1290
1433
1542
1625
1646
1576
1406
1142
818
456
-21
-506
-930
-1301
-1593
-1811
-1843
-1777
-1654
-1446
-1188
-881
-599
-357
-145
40
183
288
398
522
653
776
902
1054
1175
1258
1292
1248
1154
968
688
408
88
-224
-550
-846
-1032
-1171
-1276
-1311
-1288
-1228
-1134
-1046
-929
-819
-694
-582
-436
-259
-69
114
317
533
713
887
991
1062
1071
1003
873
689
496
272
60
-167
-361
-531
-690
-804
-899
-958
-990
-988
-975
-942
-885
-780
-675
-567
-420
-288
-145
-21
97
229
324
393
477
524
552
583
597
586
560
523
484
447
415
370
320
285
265
264
291
352
427
560
738
908
1094
1262
1412
1511
1486
1409
1193
920
596
215
-173
-526
-834
-1077
-1229
-1316
-1295
-1242
-1167
-1058
-944
-828
-730
-654
-563
-446
-341
-194
19
256
519
772
1011
1234
1393
1474
1476
1389
1225
1014
732
466
220
-42
-285
-496
-619
-728
-832
-912
-975
-1021
-1074
-1131
-1141
-1126
-1076
-1006
-889
-725
-533
-288
-24
213
434
606
741
860
903
902
853
762
637
456
287
109
-71
-264
-456
-606
-771
-876
-974
-1024
-1020
-1020
-943
-859
-734
-586
-433
-311
-167
-19
91
202
311
402
445
490
485
498
470
426
372
304
265
188
159
154
148
145
158
225
291
347
429
515
645
769
908
1035
1142
1258
1325
1310
1214
1062
843
595
285
-22
-323
-596
-830
-1015
-1118
-1152
-1175
-1136
-1050
-931
-803
-654
-485
-317
-123
72
280
496
718
918
1108
1235
1299
1301
1238
1117
940
751
491
233
-20
-282
-504
-712
-876
-1004
-1124
-1210
-1260
-1296
-1288
-1234
-1142
-1018
-871
-685
-478
-225
3
223
438
606
710
783
807
786
730
626
511
373
221
64
-109
-266
-400
-535
-653
-766
-830
-906
-921
-907
-885
-798
-714
-579
-444
-262
-98
72
237
389
530
634
707
741
740
678
571
439
290
119
-43
-191
-314
-393
-422
-427
-380
-287
-168
-37
108
257
426
582
760
949
1150
1371
1548
1692
1812
1855
1803
1655
1410
1115
767
388
11
-344
-660
-927
-1135
-1244
-1316
-1355
-1332
-1299
-1228
-1126
-1002
-851
-702
-497
-244
-4
232
489
695
881
1045
1136
1177
1121
1047
920
762
592
398
198
18
-154
-344
-501
-632
-795
-926
-1045
-1133
-1167
-1174
-1135
-1087
-972
-840
-680
-514
-351
-160
-12
113
249
335
414
456
468
462
426
377
318
258
168
85
-17
-89
-154
-213
-240
-266
-268
-244
-211
-174
-137
-112
-75
-37
-24
-25
-45
-86
-103
-148
-215
-254
-319
-369
-398
-423
-421
-390
-332
-253
-124
16
164
316
453
632
763
876
987
1089
1174
1253
1333
1423
1525
1598
1640
1643
1577
1419
1175
839
458
43
-358
-731
-1055
-1324
-1472
-1537
-1545
-1478
-1373
-1245
-1079
-914
-768
-591
-420
-233
-26
184
428
640
845
1031
1147
1232
1274
1267
1210
1054
892
697
461
233
-4
-223
-469
-671
-854
-1007
-1147
-1229
-1280
-1324
-1286
-1213
-1095
-951
-804
-632
-472
-310
-131
24
179
305
397
484
563
630
691
709
717
695
613
514
398
280
138
-31
-170
-278
-391
-462
-513
-532
-549
-554
-522
-497
-459
-428
-395
-340
-316
-282
-240
-192
-134
-81
-29
28
94
144
206
259
298
337
371
404
438
486
497
499
502
494
501
502
519
549
570
627
702
771
857
911
902
867
769
584
408
180
-38
-211
-382
-482
-544
-570
-580
-582
-590
-599
-582
-568
-563
-519
-468
-401
-280
-137
-8
119
246
356
433
507
537
531
490
426
349
264
196
124
34
-34
-123
-203
-250
-317
-366
-395
-417
-410
-396
-373
-349
-336
-307
-338
-356
-364
-384
-392
-374
-371
-331
-287
-213
-155
-87
-20
9
72
84
109
126
140
138
148
155
158
165
158
144
117
93
42
-10
-47
-84
-143
-177
-184
-200
-206
-208
-217
-221
-238
-231
-223
-231
-240
-233
-210
-218
-187
-150
-121
-70
6
80
152
216
310
360
410
451
480
528
550
583
580
588
589
583
566
527
473
403
340
261
158
84
-6
-80
-146
-180
-186
-193
-187
-178
-131
-121
-108
-83
-44
-30
0
34
47
95
118
125
125
125
101
48
4
-53
-115
-163
-204
-257
-308
-334
-344
-361
-369
-343
-344
-334
-320
-306
-284
-238
-201
-184
-126
-73
-33
24
63
76
115
155
165
190
210
197
171
161
158
121
111
75
60
20
-15
-48
-84
-101
-139
-140
-161
-165
-161
-160
-138
-120
-96
-98
-102
-87
-107
-122
-129
-140
-152
-147
-130
-113
-90
-59
-15
5
32
58
81
79
75
61
49
48
21
15
22
-12
17
15
7
19
1
-11
-18
-48
-103
-157
-221
-262
-289
-313
-314
-299
-270
-208
-137
-43
41
153
223
284
346
360
372
370
364
333
299
275
245
208
142
115
54
-11
-97
-155
-230
-296
-343
-376
-375
-396
-371
-343
-298
-240
-189
-134
-60
-3
57
121
216
286
361
426
476
526
535
529
490
438
382
311
219
129
47
-32
-114
-167
-214
-261
-285
-317
-340
-317
-318
-300
-270
-217
-177
-129
-78
-16
49
78
137
184
200
205
225
225
207
185
160
112
76
20
-21
-50
-108
-139
-176
-202
-223
-224
-204
-193
-175
-163
-106
-76
-62
0
45
93
132
160
198
219
241
236
232
228
213
197
184
153
117
103
78
59
48
30
20
12
-9
-34
-59
-72
-92
-91
-91
-82
-67
-50
-31
-20
-3
-27
-97
-169
-238
-303
-312
-326
-335
-318
-278
-201
-137
-82
-62
-8
45
98
161
213
239
241
239
265
285
247
205
172
163
141
116
63
-9
-85
-146
-219
-298
-351
-418
-434
-428
-381
-339
-285
-246
-203
-145
-109
-55
-10
27
17
11
46
44
49
76
84
132
134
175
193
169
80
1
-55
-149
-204
-288
-335
-385
-443
-476
-501
-549
-553
-509
-421
-318
-229
-116
-16
58
121
158
177
178
225
288
318
350
355
353
320
310
267
188
115
54
-7
-42
-65
-82
-106
-82
-75
-74
-34
-50
-61
-35
-26
-5
41
86
134
166
186
179
171
104
29
-37
-90
-129
-151
-141
-124
-104
-68
-38
-12
-4
-9
15
32
55
64
78
75
75
69
40
15
-30
-49
-65
-76
-97
-133
-142
-175
-215
-263
-313
-355
-356
-365
-345
-328
-259
-194
-126
-43
31
85
125
187
217
251
265
264
269
262
239
202
149
99
60
-2
-69
-133
-181
-255
-310
-325
-359
-379
-361
-351
-318
-264
-229
-203
-144
-72
-7
80
155
256
328
388
430
446
462
467
471
474
467
457
436
405
389
341
288
243
175
127
90
48
54
37
52
53
59
103
106
126
132
135
138
154
163
173
190
183
171
159
142
119
92
50
22
-4
-30
-45
-65
-81
-80
-85
-112
-144
-163
-178
-210
-212
-227
-222
-242
-257
-260
-282
-302
-299
-291
-295
-309
-324
-320
-340
-347
-350
-339
-320
-326
-286
-258
-236
-199
-164
-96
-51
7
60
98
130
135
142
148
132
138
122
114
103
87
77
43
29
13
6
-27
-67
-83
-113
-123
-133
-118
-105
-112
-80
-54
-33
4
17
69
139
186
244
297
340
375
399
430
450
466
475
479
496
511
508
494
478
461
439
399
356
306
258
220
155
94
58
18
-25
-74
-101
-132
-143
-167
-189
-198
-205
-217
-221
-222
-221
-209
-218
-201
-201
-188
-186
-186
-193
-190
-206
-218
-243
-267
-285
-315
-340
-371
-385
-388
-403
-405
-376
-350
-351
-320
-295
-272
-251
-243
-237
-238
-243
-247
-242
-247
-255
-263
-235
-223
-204
-193
-161
-142
-114
-94
-87
-61
-41
-12
-9
-12
9
40
64
83
114
151
183
217
226
268
286
261
255
231
217
183
133
138
103
87
79
69
84
97
138
160
193
227
270
306
366
417
459
503
543
552
554
519
499
466
396
326
257
193
111
16
-64
-144
-232
-294
-338
-362
-394
-404
-390
-371
-359
-349
-327
-292
-254
-197
-173
-154
-110
-86
-75
-62
-57
-109
-128
-152
-205
-225
-309
-378
-432
-476
-512
-523
-532
-534
-523
-516
-482
-441
-411
-384
-339
-321
-255
-205
-184
-135
-99
-59
-58
-55
-56
-72
-77
-103
-92
-115
-129
-137
-140
-146
-141
-136
-111
-80
-54
-13
28
84
131
187
235
263
320
350
396
410
409
421
387
374
346
335
298
251
205
175
129
106
99
88
71
73
87
98
132
142
163
170
199
190
190
218
231
246
230
234
220
205
186
131
75
14
-29
-98
-172
-240
-313
-364
-404
-435
-450
-451
-447
-438
-420
-406
-365
-335
-299
-245
-219
-170
-124
-118
-103
-67
-74
-81
-82
-92
-109
-122
-145
-190
-197
-223
-260
-295
-323
-352
-354
-354
-356
-337
-327
-332
-293
-295
-285
-243
-237
-203
-190
-164
-133
-79
-25
-17
-6
19
47
40
69
48
46
68
63
92
87
102
131
144
171
191
221
232
256
260
253
268
268
291
303
304
330
326
346
353
351
363
351
328
306
285
246
192
147
108
68
47
-1
-15
-41
-54
-65
-100
-77
-89
-95
-104
-103
-99
-105
-91
-89
-93
-88
-85
-127
-145
-169
-226
-262
-292
-326
-357
-359
-376
-366
-351
-350
-353
-351
-347
-321
-319
-291
-280
-246
-201
-186
-154
-147
-115
-100
-86
-90
-87
-92
-108
-125
-169
-162
-201
-237
-257
-287
-321
-328
-311
-333
-323
-294
-290
-265
-235
-202
-167
-133
-95
-30
18
56
113
152
173
179
212
228
222
208
195
177
151
132
115
91
77
43
39
41
40
55
62
60
75
101
110
138
159
183
196
204
226
218
236
235
231
215
184
151
108
77
44
-16
-42
-70
-97
-109
-134
-124
-142
-149
-171
-177
-183
-207
-214
-212
-220
-219
-211
-200
-198
-193
-176
-177
-180
-186
-198
-212
-220
-217
-220
-242
-243
-248
-231
-235
-233
-208
-202
-185
-165
-156
-139
-120
-120
-116
-90
-92
-88
-93
-82
-64
-66
-65
-83
-80
-101
-136
-144
-172
-175
-198
-219
-200
-209
-199
-190
-178
-128
-97
-67
-30
1
45
52
86
86
76
96
85
76
64
51
51
55
43
44
25
43
36
20
29
16
19
34
15
28
56
77
97
130
166
191
212
234
243
252
236
232
225
194
188
144
99
77
43
15
0
-34
-55
-81
-94
-75
-102
-89
-81
-76
-67
-81
-76
-74
-75
-83
-94
-125
-121
-131
-135
-158
-164
-148
-149
-160
-176
-190
-199
-220
-243
-250
-281
-301
-318
-328
-335
-346
-340
-326
-305
-304
-283
-252
-243
-205
-187
-162
-131
-103
-72
-61
-29
9
47
58
46
47
46
35
10
-24
-60
-87
-125
-159
-156
-191
-194
-202
-195
-172
-164
-127
-115
-82
-42
-8
22
45
71
77
95
101
109
127
118
137
151
149
156
158
150
151
126
122
106
85
63
57
35
8
3
-3
-17
-27
-25
-22
-38
-36
-10
-17
8
38
50
79
103
122
157
161
172
181
178
156
149
126
105
87
51
43
-7
-41
-74
-109
-143
-171
-199
-203
-221
-239
-229
-233
-222
-212
-227
-222
-228
-238
-250
-255
-263
-279
-261
-262
-247
-229
-205
-167
-144
-127
-85
-37
-21
7
26
50
50
76
79
73
74
69
52
20
7
-37
-58
-97
-128
-146
-177
-189
-217
-226
-216
-220
-229
-210
-193
-175
-134
-91
-59
0
62
107
166
194
226
258
280
285
265
257
259
221
201
184
133
104
73
33
-13
-57
-77
-103
-129
-132
-139
-132
-123
-107
-88
-47
-19
35
84
129
158
197
234
237
228
230
246
253
225
207
184
152
114
78
40
-18
-38
-89
-121
-159
-200
-214
-250
-273
-285
-291
-297
-290
-285
-259
-239
-207
-163
-127
-106
-80
-60
-58
-24
-20
-29
-12
-22
-15
-9
-21
-37
-49
-67
-72
-93
-118
-119
-154
-143
-149
-127
-126
-119
-115
-102
-93
-61
-39
-46
-35
-32
-38
-37
-26
-40
-44
-47
-49
-50
-58
-54
-59
-41
-33
-32
-17
-18
-6
-5
6
27
31
12
27
40
45
70
69
67
74
77
85
81
84
93
90
94
108
103
111
104
104
97
103
100
92
93
94
94
101
121
124
121
110
111
92
90
75
52
50
31
54
44
29
28
0
-8
-23
-27
-21
-30
-43
-52
-41
-43
-44
-53
-67
-77
-64
-57
-57
-53
-43
-49
-46
-52
-61
-50
-68
-52
-61
-61
-65
-79
-100
-105
-121
-133
-135
-129
-138
-120
-93
-96
-63
-40
-14
11
28
61
79
95
99
98
95
86
75
52
33
11
9
-13
-40
-56
-56
-59
-68
-62
-88
-90
-88
-107
-106
-106
-99
-85
-70
-46
-8
21
72
98
137
169
177
209
200
206
196
187
152
134
116
101
73
43
21
5
-3
-17
-25
-32
-49
-63
-63
-64
-73
-66
-46
-27
-1
23
47
70
93
118
136
144
164
182
180
180
176
162
160
127
112
79
42
27
9
-10
-47
-60
-80
-108
-137
-151
-179
-208
-245
-240
-259
-274
-283
-272
-251
-234
-201
-176
-145
-103
-74
-59
-20
26
37
61
88
98
121
125
153
152
145
145
115
111
88
65
30
-3
-30
-85
-101
-123
-138
-155
-172
-183
-173
-151
-146
-109
-87
-48
-24
12
29
32
54
65
78
90
94
107
109
107
126
85
84
78
62
43
30
7
-25
-50
-66
-89
-126
-126
-150
-143
-135
-141
-143
-125
-107
-105
-95
-101
-59
-25
-7
12
38
63
76
94
101
100
110
105
92
77
51
46
38
5
1
-6
-13
-23
-40
-53
-37
-38
-40
-48
-50
-37
-41
-33
-44
-48
-58
-75
-104
-106
-125
-127
-139
-149
-135
-143
-119
-125
-102
-90
-85
-68
-75
-62
-42
-4
-3
9
36
50
67
87
99
105
126
120
114
111
92
68
58
54
41
7
3
-9
-39
-38
-59
-61
-52
-68
-54
-44
-35
-34
-32
-11
-8
-1
-14
4
10
16
12
20
27
23
34
27
13
9
-1
-19
-23
-37
-55
-59
-61
-70
-73
-76
-80
-78
-75
-72
-61
-46
-44
-25
-22
-36
-29
-4
-6
-6
-19
-25
-25
-22
-40
-31
-13
-32
-7
-23
-13
10
12
13
17
20
16
29
25
14
36
41
32
39
32
30
18
16
-4
-24
-34
-74
-96
-113
-130
-140
-150
-165
-146
-161
-139
-139
-126
-107
-100
-65
-59
-29
2
52
81
93
129
138
165
184
192
194
186
168
145
120
94
89
41
17
-26
-51
-83
-119
-144
-170
-181
-201
-186
-188
-164
-146
-128
-96
-88
-64
-39
-16
22
46
52
77
80
94
102
118
104
91
98
73
69
47
31
-8
-39
-69
-119
-144
-166
-183
-194
-203
-212
-187
-183
-154
-131
-113
-70
-38
-17
13
34
40
78
96
110
103
106
112
121
105
94
95
63
60
40
27
7
-10
-31
-57
-57
-73
-81
-94
-97
-92
-96
-96
-86
-100
-79
-61
-58
-39
-20
-24
-20
-17
-11
1
-9
-25
-35
-32
-14
-25
-22
-16
-9
0
12
38
48
57
69
62
61
51
42
37
10
7
-1
-22
-44
-59
-66
-63
-65
-70
-73
-72
-68
-70
-68
-74
-70
-83
-71
-57
-39
-43
-27
-18
-20
5
6
5
19
32
22
6
5
-1
-4
-23
-36
-38
-60
-79
-69
-70
-78
-57
-59
-63
-56
-61
-48
-31
-17
0
5
31
51
48
36
57
62
59
66
68
69
70
64
66
50
17
-25
-33
-48
-80
-84
-114
-124
-130
-118
-102
-101
-73
-61
-47
-28
-3
20
39
34
26
39
35
32
24
28
30
18
24
20
-5
-20
-29
-50
-36
-80
-79
-95
-112
-99
-108
-80
-68
-84
-53
-33
-8
1
3
25
40
63
77
77
79
88
110
102
72
87
68
52
32
16
-11
-14
-23
-58
-64
-62
-51
-57
-47
-39
-45
-33
-28
-34
-43
-19
-31
-34
-33
-31
-7
-16
-7
23
6
5
23
31
29
23
17
6
13
11
30
27
22
50
51
52
71
91
101
104
114
108
102
91
66
50
27
16
3
-10
-28
-40
-51
-56
-51
-37
-29
-26
-2
18
37
37
39
49
53
60
51
36
52
47
35
34
22
24
-1
-13
-32
-39
-44
-69
-75
-95
-107
-108
-127
-139
-133
-135
-115
-100
-102
-48
-41
-12
15
21
58
62
65
73
85
82
73
84
69
61
55
46
52
37
25
26
12
9
3
-1
4
-10
9
12
-5
1
8
38
45
46
52
64
61
70
75
69
68
50
46
23
14
-8
-10
-18
-32
-26
-42
-38
-40
-35
-24
-3
12
14
17
31
43
37
33
21
25
14
17
37
13
26
2
-2
-5
-8
-9
-26
-15
-25
-32
-26
-37
-42
-35
-37
-50
-46
-28
-22
6
11
18
11
15
38
30
35
25
24
12
-2
-31
-36
-45
-77
-83
-103
-110
-132
-127
-115
-106
-116
-100
-80
-65
-41
-42
-20
-22
-15
-8
-8
-1
6
0
1
7
7
20
34
26
19
19
4
3
4
-7
-17
-17
-17
-29
-34
-18
-22
-8
-3
18
35
48
64
57
67
65
65
57
51
54
56
29
5
1
-13
-23
-35
-39
-45
-41
-39
-43
-40
-41
-24
-21
-6
3
2
10
-1
15
34
19
21
43
59
67
61
59
62
62
43
19
7
0
-22
-30
-54
-58
-54
-68
-44
-67
-59
-45
-33
-23
0
8
10
30
37
63
73
79
74
84
73
68
67
43
44
37
21
1
10
-6
-11
-34
-33
-24
-43
-32
-40
-41
-18
-3
-11
2
5
29
45
37
58
51
53
62
55
46
38
39
26
35
11
-9
-10
-17
-14
-4
-26
-25
-14
-18
-20
-24
-5
2
10
17
24
35
50
67
71
95
67
77
61
59
75
55
31
-2
-4
-26
-31
-43
-46
-34
-34
-44
-43
-30
-25
-25
-30
-4
-6
1
22
34
44
42
63
56
63
67
63
59
71
93
69
65
71
76
47
37
42
29
36
20
21
9
10
-1
-3
25
19
30
43
66
65
67
83
68
85
85
85
96
87
90
76
82
75
60
47
47
46
29
23
8
8
7
7
9
17
24
33
38
35
47
50
49
37
35
14
11
4
-7
-6
-10
-17
-17
-14
-21
-10
-16
-16
-11
-24
-3
7
-9
5
-3
-1
27
20
7
25
23
14
40
46
31
47
44
28
25
11
5
-11
-24
-27
-45
-57
-55
-48
-48
-67
-71
-64
-67
-64
-72
-52
-40
-25
-5
4
32
45
77
86
103
109
133
128
122
124
110
102
91
80
66
58
44
40
17
36
23
12
9
4
7
-1
10
23
27
7
27
41
30
57
66
66
69
60
84
70
63
61
48
34
10
6
9
-4
-24
-28
-37
-42
-48
-60
-55
-45
-53
-55
-65
-55
-60
-45
-54
-44
-37
-42
-17
-4
17
17
19
18
31
35
33
35
34
35
28
39
35
30
45
37
48
53
51
41
55
61
61
62
64
64
45
61
45
46
40
30
25
10
22
7
-2
10
-11
-22
-30
-19
-28
-29
-41
-34
-20
3
2
-2
11
37
50
61
83
80
99
111
113
121
129
119
111
122
115
81
99
88
77
94
66
65
50
45
37
23
26
20
17
11
37
48
45
44
56
62
57
80
71
57
61
64
64
48
49
48
38
33
27
1
-3
-4
-4
-1
-10
-9
-4
-15
-18
-10
-17
-1
14
1
22
29
30
32
28
24
9
7
5
18
11
10
16
3
5
32
46
41
63
57
60
65
70
79
101
84
91
108
86
99
91
107
98
88
91
87
70
61
45
31
16
2
4
-14
-13
-16
-20
-19
-15
-8
-16
-16
-8
-6
4
16
35
39
42
48
74
69
86
83
94
112
78
88
69
77
67
42
34
21
12
0
-3
-14
-21
-30
-31
-29
-15
-18
-7
-1
-12
0
20
7
6
21
13
35
22
13
2
2
11
9
2
0
6
-1
13
0
2
18
-1
-8
19
7
10
19
7
-4
12
2
4
12
8
0
0
-1
-4
-4
-22
-14
-8
-2
-2
-2
19
27
42
64
68
73
66
70
88
89
79
66
52
61
45
19
18
-8
-6
15
5
4
-4
-4
-4
-17
-1
-15
-33
-25
-26
-42
-32
-19
-33
-46
-24
-31
-39
-19
-12
-25
-21
-13
-15
-16
-13
-20
-26
-36
-38
-32
-42
-35
-49
-42
-25
-24
-14
-9
-5
-7
-7
14
13
13
0
-4
7
5
13
32
37
34
50
45
38
39
26
15
10
-6
-21
-21
-25
-22
-36
-26
-17
-21
-8
0
-1
1
17
38
37
62
61
53
54
48
57
45
46
55
45
43
29
24
20
9
0
7
7
-14
-13
-3
4
-3
-5
18
19
4
22
27
25
38
47
35
46
49
54
49
58
53
47
63
39
37
38
46
39
30
38
34
11
8
11
16
4
-11
1
-4
-22
-28
-11
-34
-39
-37
-40
-35
-35
-31
-27
-28
-36
-44
-45
-28
-18
7
-6
-12
19
13
27
32
45
60
63
61
39
60
62
63
55
65
68
45
45
53
43
39
11
6
13
-12
-6
-12
-24
-35
-35
-28
-39
-29
-6
-9
-8
14
19
24
43
34
59
66
70
65
54
62
49
35
41
32
26
17
10
7
-21
-25
-56
-54
-66
-66
-66
-57
-45
-51
-67
-46
-40
-27
-11
-16
-12
4
14
13
24
14
31
36
34
25
41
25
29
29
21
33
21
16
24
33
20
11
17
7
5
3
-14
6
-3
-3
7
-3
-5
5
-5
-8
8
5
0
-6
-18
-7
-18
-19
-9
-13
-12
-9
-11
-12
3
15
14
18
31
40
46
62
51
52
61
51
50
44
47
57
40
23
11
11
4
2
-6
-18
-27
-46
-47
-53
-52
-47
-53
-51
-46
-31
-25
-29
-19
-10
-5
3
5
19
15
20
29
16
30
36
40
37
48
25
13
8
11
3
-22
-22
-46
-35
-53
-42
-50
-56
-47
-50
-40
-63
-37
-47
-35
-22
-19
-8
0
13
28
45
51
65
69
84
87
94
104
89
88
79
87
82
81
63
70
68
37
30
24
18
19
13
1
16
-3
-6
-9
-2
-1
1
-16
1
7
-5
11
23
33
20
26
28
44
60
51
56
78
72
74
80
64
57
64
66
71
49
32
36
38
26
19
4
-25
-33
-19
-41
-34
-45
-61
-37
-41
-49
-43
-33
-18
-18
-8
17
3
22
30
41
51
55
68
82
95
98
115
95
98
90
83
80
72
56
38
29
-8
-8
-11
-13
-12
-13
-28
-25
-9
-5
-10
12
7
36
40
45
64
91
106
116
119
129
155
141
158
153
141
134
118
111
101
96
91
83
75
57
60
56
45
38
22
20
24
32
28
21
23
18
26
21
42
33
36
38
25
39
18
28
21
16
11
27
23
30
18
22
27
31
26
17
35
20
15
14
25
29
53
28
37
37
27
25
31
29
8
9
6
2
-6
4
3
10
-1
28
10
19
17
29
37
31
44
48
62
57
66
74
83
71
99
85
80
83
69
64
53
42
21
22
10
13
-14
-12
-9
-8
-10
-3
-5
-7
5
-9
7
33
27
29
33
27
59
74
80
65
68
73
66
67
66
58
62
54
48
60
46
37
24
15
11
11
3
21
7
2
21
20
20
8
28
26
11
24
23
19
20
18
33
27
22
13
21
17
21
7
5
22
18
9
7
20
12
31
24
38
43
43
36
49
51
41
52
47
53
50
43
47
48
43
41
47
44
35
38
47
40
29
50
42
53
63
59
47
74
78
69
78
64
82
62
73
85
82
96
93
87
72
69
74
49
37
33
11
-1
-5
1
-20
-17
-9
-8
-16
1
19
21
32
30
34
49
64
60
66
64
70
89
68
65
75
74
57
58
73
58
47
38
31
21
15
15
6
7
-14
0
-1
-10
-3
-11
7
-3
22
23
11
23
23
38
23
26
40
24
35
15
15
14
9
16
4
14
10
6
0
-1
9
11
2
3
20
13
22
13
25
34
32
35
32
30
33
48
37
46
58
46
64
55
69
60
77
65
57
50
48
53
34
55
42
38
30
31
30
21
22
25
18
14
11
5
10
10
4
11
-10
-28
-19
-48
-38
-27
-29
-33
-15
-24
-26
-23
-31
-22
-28
-22
-25
-43
-25
-27
-30
-16
-25
-1
-3
5
0
-1
-3
-7
0
-12
4
5
-10
-4
-6
-7
-23
-17
-17
-15
-14
-28
1
-15
-17
1
-30
-34
-27
-6
-17
-2
-6
4
-2
-15
6
-5
-9
-1
-6
-5
-3
-3
13
17
23
35
38
37
37
42
41
27
25
20
18
6
11
3
-20
-7
-3
-13
-2
-20
-12
-5
-23
-9
-11
-16
-17
3
-3
-10
-6
-16
3
-10
-8
-2
-10
6
-7
1
-6
-2
2
7
11
-3
5
0
0
8
17
8
1
1
-6
-15
-3
5
8
1
-14
-16
-13
-1
-1
-4
5
9
-2
15
19
6
26
24
28
28
36
32
16
22
28
28
34
35
28
28
24
26
33
29
37
37
25
4
3
-4
-7
-7
-7
-14
-26
-32
-30
-17
-30
-25
-29
-7
7
-7
14
-1
9
20
24
30
6
21
10
-9
5
2
2
-2
-6
-4
-5
-8
-16
-20
-18
-33
-31
-27
-20
-7
-13
-17
-28
-28
-5
-20
-22
-7
-9
-19
-16
-18
-13
-16
-20
4
-16
-15
-11
-10
-25
-42
-51
-37
-44
-38
-36
-44
-37
-45
-44
-59
-53
-53
-61
-58
-56
-51
-66
-69
-56
-52
-53
-46
-32
-29
-25
-19
-17
-14
-7
-1
6
14
7
7
13
5
-13
-11
-16
-13
-8
-20
-25
-20
-9
-22
-31
-24
-26
-7
-22
-29
-19
-46
-23
-23
-52
-22
-33
-33
-24
-43
-37
-30
-28
-22
-32
-27
-22
-32
-26
-35
-38
-42
-53
-39
-50
-57
-47
-43
-48
-48
-51
-36
-31
-35
-39
-44
-52
-57
-40
-58
-63
-51
-54
-49
-41
-45
-29
-27
-17
16
-6
0
-2
-10
-4
3
13
0
-13
4
10
-8
-5
-2
-2
-12
-17
-5
-14
-12
-28
-34
-29
-32
-26
-49
-33
-32
-40
-38
-41
-50
-28
-22
-23
-23
-16
-27
-9
-6
-13
-2
-7
-18
-22
-5
-10
-17
-13
-3
1
-3
-8
-18
-13
-14
-11
5
-11
-2
-12
-27
-9
-11
-12
-19
-15
-20
-21
-13
-29
-20
-25
-32
-19
-9
-14
-25
-27
-25
-21
-30
-36
-45
-26
-43
-46
-36
-47
-38
-43
-36
-44
-31
-35
-52
-48
-47
-36
-42
-30
-28
-38
-33
-30
-25
-29
-38
-26
-23
-31
-40
-16
-13
-15
-5
-19
5
-13
-6
-19
-17
5
-2
14
-14
-13
3
4
-6
0
13
13
-3
1
4
9
13
0
-10
-10
-14
-25
-22
-38
-27
-17
-15
-34
-41
-34
-39
-37
-40
-31
-27
-27
-28
-29
-20
-30
-27
-15
-11
19
-2
-3
12
-8
-5
4
-7
-11
-18
-21
-29
-17
-11
-42
-29
-30
-27
-12
-27
-17
-9
-5
-1
-8
2
-3
-1
10
19
26
17
23
27
23
16
-1
10
5
-4
-7
-1
2
-7
-27
-18
-35
-34
-21
-33
-32
-25
-34
-38
-20
-33
-31
-22
-13
-23
-8
-6
-15
-16
-20
-3
-10
4
-5
-6
-3
-23
-25
-9
-14
-18
-23
-24
-21
-24
-21
-31
-25
-21
-17
-20
-4
-7
-6
-6
-3
2
-4
-1
-19
1
-5
-9
-7
-11
-18
-10
-17
-15
-16
-18
0
-22
0
-4
-17
0
7
7
23
20
5
11
28
20
14
36
5
11
9
8
-3
-16
-4
-28
-15
-30
-38
-46
-54
-51
-43
-53
-41
-45
-48
-46
-49
-39
-19
-29
-28
-19
-17
-12
-11
-2
-8
-6
0
-5
5
7
9
6
-6
-1
-4
0
2
-24
-15
-5
-27
-22
-21
-28
-34
-24
