-30
-47
-32
-40
-52
-48
-47
-46
-56
-34
-48
-56
-49
-54
-32
-50
-39
-31
-41
-34
-36
-36
-41
-29
-42
-43
-24
-25
-25
-20
-22
-16
-13
-26
-25
-24
-26
-10
-27
-14
-25
-30
-17
-22
-14
-26
-20
-28
-20
-24
-35
-30
-47
-41
-51
-53
-53
-54
-64
-35
-39
-46
-40
-62
-50
-65
-71
-53
-31
-52
-62
-57
-52
-54
-50
-48
-60
-60
-58
-63
-55
-54
-53
-63
-62
-55
-72
-68
-57
-54
-59
-61
-64
-70
-46
-63
-55
-48
-43
-31
-42
-32
-34
-50
-43
-41
-35
-39
-49
-45
-42
-46
-49
-38
-43
-50
-43
-42
-41
-37
-38
-43
-46
-55
-47
-49
-52
-73
-45
-37
-48
-39
-50
-47
-67
-51
-47
-53
-46
-53
-70
-64
-61
-57
-43
-58
-64
-51
-59
-76
-67
-58
-54
-47
-54
-49
-47
-68
-53
-49
-55
-74
-71
-49
-58
-55
-67
-73
-56
-77
-73
-74
-73
-64
-61
-60
-72
-65
-65
-63
-63
-63
-57
-58
-61
-59
-55
-62
-73
-56
-66
-59
-64
-57
-67
-62
-63
-71
-63
-42
-32
-37
-47
-39
-28
-52
-52
-43
-45
-59
-58
-55
-72
-66
-54
-55
-73
-72
-66
-70
-68
-69
-66
-66
-75
-64
-72
-66
-62
-74
-68
-55
-55
-53
-41
-57
-66
-56
-46
-56
-62
-65
-65
-55
-74
-64
-76
-61
-53
-68
-68
-60
-60
-75
-63
-72
-79
-72
-76
-69
-82
-88
-72
-83
-73
-75
-68
-82
-90
-75
-83
-77
-81
-87
-82
-81
-75
-87
-87
-86
-82
-73
-68
-84
-79
-73
-75
-80
-72
-75
-98
-76
-72
-71
-74
-79
-71
-59
-68
-80
-75
-74
-65
-63
-60
-62
-67
-62
-71
-63
-49
-55
-61
-58
-70
-71
-51
-63
-58
-52
-64
-58
-49
-34
-48
-56
-40
-49
-40
-38
-52
-48
-37
-30
-47
-52
-34
-51
-42
-27
-30
-38
-34
-42
-29
-35
-33
-34
-40
-19
-30
-29
-39
-26
-23
-30
-28
-34
-10
-24
-32
-32
-21
-19
-18
-27
-31
-33
-25
-12
-27
-19
-24
-36
-41
-32
-34
-26
-31
-28
-15
-29
-26
-13
-6
-5
-10
-17
-10
-6
-11
-3
0
-5
4
-3
-1
-9
-6
0
7
-4
-8
-10
5
8
7
12
11
2
0
-10
7
6
3
10
10
13
1
-2
-4
-6
-16
6
11
-4
-14
-5
10
-3
1
-5
-9
-26
-15
-8
7
19
6
6
-1
8
6
12
-4
8
24
-4
-3
2
1
2
0
1
2
-20
-17
-7
-12
-7
-22
-11
-13
-5
7
5
1
-10
-6
-10
-6
-23
-16
-5
-1
12
-2
-11
-14
-12
-17
-17
-2
6
9
-8
-13
-16
-1
-8
-3
-5
-18
2
-3
-1
-3
-10
-14
-24
-33
-21
-17
-12
-8
-4
4
-16
-21
-7
-22
-24
-28
-22
-36
-31
-23
-36
-30
-33
-34
-46
-31
-29
-19
-27
-28
-37
-43
-40
-30
-24
-40
-40
-43
-36
-37
-34
-43
-42
-39
-41
-44
-38
-46
-40
-33
-41
-59
-55
-50
-52
-46
-60
-43
-53
-50
-38
-56
-47
-35
-36
-28
-33
-28
-47
-37
-20
-31
-15
-11
-30
-33
-18
-14
-14
-11
-13
-27
-21
-22
-18
-11
-15
-17
-20
-3
3
-10
-8
-11
-12
-19
-8
-4
1
-17
6
-4
-8
0
-12
-6
-5
-12
2
-7
13
2
-21
-1
0
-7
6
14
11
8
-10
4
-6
-10
-7
-3
-4
-10
5
-11
-1
-2
-21
-27
-18
-21
-14
-7
-7
-22
-21
-16
-13
-16
-21
-21
-16
-21
-36
-34
-39
-14
-24
-28
-16
-18
-2
-3
-21
-22
-23
-22
-23
-12
-22
-16
-13
-28
-24
-19
-22
-25
-19
-9
-10
2
-11
-13
-2
-8
-19
-10
-7
-6
8
19
7
14
14
11
20
7
9
10
19
11
11
9
8
4
4
8
8
1
16
16
11
22
4
8
8
16
31
22
8
-7
1
1
-7
-23
-12
-8
1
6
-15
3
-10
-2
-4
7
1
-21
-7
-20
-12
-26
-22
-14
-16
-24
-52
-37
-27
-41
-30
-16
-21
-22
-22
-11
-24
-23
-26
-10
-6
-22
-14
-12
-15
-16
-18
-19
-34
-6
4
-9
-20
-23
-16
-21
-21
-22
-17
-23
-27
-14
-4
-22
-18
-29
-30
-16
-19
-22
-25
-33
-28
-21
-16
-17
-11
-10
-25
-14
-17
-7
-9
-33
-25
-5
-13
-19
-18
-6
-9
-15
-26
-30
-26
-30
-28
-32
-25
-15
-9
-7
-5
1
-1
3
-5
19
23
8
8
-3
2
5
16
17
-3
-1
1
2
-4
-11
-7
-13
-10
-9
-5
-11
-2
4
14
12
9
-6
-1
12
1
11
9
29
36
12
21
15
27
22
-1
14
4
15
28
3
1
19
2
7
5
1
1
7
10
13
23
23
22
36
41
14
28
33
39
41
37
47
45
44
28
38
31
12
21
26
28
40
27
45
45
42
48
42
57
45
56
37
43
27
23
28
30
41
25
41
30
20
8
25
30
33
30
15
11
8
20
5
-6
6
9
9
21
16
21
7
23
17
11
12
4
13
5
12
7
16
14
9
-2
0
-7
3
20
1
-11
-12
-2
6
-5
-6
6
-10
2
-2
-9
4
-6
-2
1
3
8
-10
-14
-10
-14
-13
0
6
11
0
1
-14
-7
-4
-16
-10
-9
-11
-5
5
-14
-15
-14
-12
-18
1
1
-8
-1
10
-5
-12
-10
-12
-10
-6
-6
-7
-14
-14
-16
-23
-3
4
-8
-4
6
-2
-4
-6
-1
-19
-10
-9
-17
-12
-6
-4
-10
-12
-18
-5
3
-4
-4
-4
-14
-5
-9
-12
-7
2
-9
3
-4
-9
-2
-6
12
-8
-22
-10
7
-9
0
-7
-7
-2
-3
-6
-23
-3
-18
-14
-21
-16
-13
-9
-11
-24
-16
0
-26
-32
-4
-19
-13
-7
-17
1
2
-11
3
1
-5
-6
1
4
8
-16
-17
-11
-26
-14
-14
-15
-6
-10
-5
-4
-5
-6
-23
-9
-6
-7
-9
-6
-16
-8
5
2
12
9
6
-7
2
4
4
1
13
-4
8
11
10
36
7
14
27
10
7
14
34
29
36
46
32
24
32
32
36
36
35
32
34
24
44
50
43
32
32
46
50
27
47
33
28
42
14
47
39
25
40
42
46
46
38
48
53
45
52
52
34
46
46
51
54
50
43
39
49
37
51
59
53
36
60
44
56
49
44
49
36
39
25
49
45
25
26
37
25
29
38
31
47
36
34
31
29
40
45
39
36
50
29
26
34
47
45
27
29
41
35
36
45
39
45
32
23
34
28
33
27
37
32
26
37
34
40
29
40
28
32
24
20
29
28
34
34
24
33
35
27
28
18
29
22
5
22
25
20
10
23
26
6
13
20
15
19
19
11
11
14
6
6
-2
10
-1
1
24
-12
6
10
-6
-7
-11
-13
-9
4
-1
1
-3
8
3
-1
-1
-6
-7
-1
1
-6
-3
-14
0
10
0
-14
-4
-2
-10
-7
-24
-23
-23
-19
-9
-16
-26
-18
-11
-13
-13
-11
-3
-8
-13
-17
-4
-10
-17
-17
-18
-15
-18
-31
-20
-13
-21
-13
-15
-16
-20
-21
-20
-13
-4
-8
-5
-16
-19
-6
-20
-21
-9
-4
-18
-13
-18
-15
-12
-10
-1
4
7
-3
-12
1
-9
-2
5
3
7
13
28
3
1
3
13
10
-9
-6
-1
-8
-11
-10
-15
-4
-17
-4
-9
-19
1
-16
-8
-12
-14
-15
-7
-10
-15
-9
-2
-5
2
5
2
-1
6
5
6
-2
8
4
5
21
3
14
9
8
19
28
22
3
12
32
21
14
3
16
17
18
22
23
24
1
16
25
15
38
27
14
17
13
7
18
18
5
17
18
12
8
20
18
14
27
18
33
16
23
32
15
23
10
17
10
7
6
17
11
16
28
15
20
-3
13
13
2
0
0
9
8
7
2
1
6
21
20
34
17
40
23
9
13
17
18
14
11
18
27
7
3
-3
21
4
-3
8
16
19
5
10
16
22
-4
12
10
1
12
3
0
-2
-13
-14
-4
-1
4
-6
0
7
14
3
-3
7
12
9
-3
-2
7
14
11
10
5
6
13
0
-21
-6
-8
-12
-1
-6
-1
2
-6
-5
1
-4
14
-3
-15
-9
-19
-19
-2
0
-13
-4
5
-2
1
-14
2
18
-3
12
17
17
-1
-13
-13
-12
-19
-12
-1
-10
-4
17
18
-1
0
13
5
8
4
-7
0
-5
16
8
-5
6
15
9
4
15
12
11
16
4
-7
-2
-3
2
0
-11
8
4
-8
-9
-2
0
3
-2
0
4
-7
-1
-3
-15
-6
6
6
14
17
1
9
11
5
0
-1
10
4
10
6
-13
0
-1
3
-2
0
10
10
0
16
2
-7
-7
-12
-12
0
0
-21
-24
-15
-4
-16
4
-15
-24
-13
-14
-6
-12
6
-1
-8
-6
-10
12
6
4
-10
-11
-14
-16
-18
-10
-4
-15
-3
-14
-13
-22
4
-15
-32
-18
-12
-5
-18
-16
-17
-18
-21
-30
-11
-29
-26
-8
-12
-25
-18
-9
-19
-13
-32
-33
-21
-25
-27
-18
-29
-39
-32
-28
-28
-36
-34
-30
-25
-16
-18
-35
-23
-34
-30
-29
-21
-14
-23
-25
-32
-11
-31
-32
-28
-21
-33
-47
-36
-24
-34
-23
-27
-23
-34
-36
-25
-51
-34
-49
-43
-33
-47
-31
-40
-25
-31
-45
-25
-47
-51
-51
-48
-55
-58
-49
-62
-58
-49
-32
-19
-22
-54
-37
-39
-51
-43
-56
-35
-31
-35
-45
-42
-48
-52
-49
-56
-44
-46
-69
-56
-76
-67
-50
-61
-55
-59
-51
-59
-47
-60
-68
-52
-60
-64
-57
-49
-67
-60
-64
-53
-56
-59
-54
-63
-58
-68
-67
-64
-64
-64
-56
-64
-48
-48
-46
-71
-68
-57
-60
-51
-55
-57
-62
-49
-50
-50
-55
-53
-72
-73
-67
-54
-58
-70
-65
-61
-61
-57
-64
-65
-58
-69
-71
-61
-71
-64
-72
-67
-66
-62
-48
-52
-55
-47
-46
-56
-43
-48
-45
-46
-52
-67
-71
-51
-63
-54
-34
-45
-38
-42
-48
-50
-45
-37
-45
-39
-42
-32
-43
-45
-31
-30
-24
-14
-33
-26
-24
-23
-27
-22
-22
-20
-22
-43
-24
-45
-30
-28
-30
-9
-31
-16
-18
-21
-36
-21
-10
-4
-12
-32
-10
-22
-6
-1
-15
-23
-12
4
-2
-2
-2
-14
3
6
10
2
3
2
7
9
6
8
-5
-1
-9
8
4
10
10
6
8
12
10
22
6
12
27
24
12
20
24
19
41
35
16
35
29
22
35
24
24
31
28
21
16
21
19
11
23
33
27
40
33
24
16
9
7
8
9
6
16
22
18
21
25
11
4
23
0
-7
8
6
-6
-3
12
6
5
2
13
9
11
8
0
-2
-9
6
4
-5
-1
4
-4
-12
-4
-6
-14
2
-1
-5
-7
1
3
15
-4
-12
-2
-6
-8
-4
2
-13
-9
0
-16
-5
1
-8
-18
-21
-21
-15
-14
-15
-26
-20
-29
-36
-39
-24
-24
-21
-45
-46
-53
-43
-62
-65
-52
-76
-50
-47
-52
-46
-44
-49
-48
-46
-43
-35
-42
-62
-58
-48
-33
-42
-50
-40
-46
-34
-41
-43
-37
-41
-31
-45
-53
-56
-44
-49
-54
-64
-51
-45
-61
-50
-52
-65
-49
-62
-63
-54
-63
-59
-52
-57
-57
-70
-63
-58
-72
-63
-53
-60
-60
-68
-67
-60
-68
-63
-71
-80
-56
-61
-84
-64
-57
-52
-68
-56
-63
-49
-48
-43
-49
-48
-43
-44
-30
-59
-51
-46
-40
-52
-37
-36
-45
-44
-54
-56
-55
-56
-55
-46
-47
-58
-58
-56
-65
-44
-56
-63
-49
-64
-51
-43
-54
-54
-36
-44
-50
-63
-58
-45
-44
-43
-57
-44
-49
-51
-41
-44
-42
-44
-48
-40
-38
-45
-46
-34
-30
-14
-37
-34
-9
-29
-26
-26
-29
-34
-43
-31
-36
-44
-41
-46
-39
-31
-25
-36
-21
-20
-43
-22
-22
-23
-16
-30
-24
-2
-28
-15
-10
-5
-17
-20
-11
-14
-16
-22
-26
-14
-17
-32
-20
-22
-11
-11
-28
-27
-7
-22
-15
-9
-15
-8
-11
3
-1
-8
-5
-11
-11
-4
6
-5
14
10
-1
9
10
14
10
31
10
4
11
8
20
9
17
23
18
13
17
13
2
15
30
-1
10
17
7
3
-3
18
25
2
-17
-3
11
16
7
5
2
5
-6
0
3
-10
-15
-21
-13
-15
-15
-28
-25
-21
-22
-14
-12
-12
-12
-17
1
-17
-25
-7
-29
-37
-28
-27
-25
-27
-17
-17
-10
-17
-29
-20
-26
-33
-5
-23
-18
-2
-18
-14
-27
-13
-30
-23
-24
-11
-7
-10
-10
-13
-21
-14
-1
-5
-2
0
11
9
-9
3
4
-6
-9
6
0
20
11
9
19
5
0
0
-7
-8
-1
-3
-11
2
1
-8
-11
-15
-2
-27
-6
-11
-2
-7
-26
-4
-11
-20
-22
-32
-10
-4
-30
-11
-11
-10
-11
-13
-18
-7
-20
-19
-19
-5
-2
-7
-1
-14
-1
-21
-6
-24
-20
-16
-30
-17
-26
-30
-26
-16
-22
-10
-2
-23
-27
-26
-26
-29
-30
-25
-21
-39
-35
-28
-54
-53
-39
-33
-35
-44
-31
-38
-38
-37
-38
-46
-25
-39
-46
-29
-40
-47
-60
-53
-41
-33
-43
-48
-64
-56
-44
-51
-63
-47
-45
-49
-57
-52
-65
-64
-54
-62
-56
-63
-44
-54
-66
-53
-60
-67
-63
-69
-84
-62
-59
-47
-58
-61
-62
-56
-40
-39
-42
-50
-28
-56
-53
-40
-50
-40
-50
-28
-32
-37
-45
-46
-53
-39
-36
-42
-51
-45
-41
-51
-52
-57
-43
-64
-38
-47
-64
-63
-61
-64
-50
-52
-59
-66
-46
-41
-54
-34
-41
-46
-39
-47
-40
-37
-39
-33
-40
-25
-31
-39
-37
-44
-44
-42
-34
-45
-31
-30
-29
-30
-27
-25
-40
-39
-30
-33
-28
-19
-19
-17
-30
-37
-28
-24
-19
-25
-30
-10
-21
-27
-18
-28
-29
-28
-27
-41
-42
-31
-29
-25
-22
-30
-15
-35
-33
-15
-21
-8
-8
-15
-19
-29
-20
-14
-35
-22
-12
-18
-15
-21
-22
-7
-12
-22
-20
-8
-22
-24
-11
-28
-21
-20
-27
-20
-22
-6
-24
-17
-8
-29
-31
-27
-16
-20
-33
-21
-23
-15
-13
-20
-26
-16
-17
-14
2
-23
6
-5
-8
-2
7
13
2
-2
5
8
-12
-3
-2
-1
0
2
-12
-2
1
-5
17
7
14
16
11
31
37
12
10
15
22
14
20
22
2
0
23
23
30
25
17
30
21
22
11
9
5
22
28
24
6
28
24
9
32
21
16
19
19
14
25
22
25
29
27
30
43
22
34
30
8
24
24
25
30
22
31
40
31
36
25
41
38
31
33
40
30
35
29
44
47
36
47
34
35
35
40
32
36
31
39
40
42
40
37
35
44
51
27
15
34
36
29
45
20
20
28
44
18
16
19
20
29
18
10
21
25
12
21
29
22
27
21
21
25
20
21
16
21
37
36
20
19
16
10
23
11
-3
10
11
-3
9
3
-11
-17
1
10
8
9
5
-1
9
12
-3
4
12
21
-13
10
27
23
18
14
13
6
17
17
20
6
4
24
19
19
16
21
19
9
15
8
5
8
-2
-4
2
13
-4
-14
-7
-3
-1
-11
-7
-15
-6
-1
-2
7
7
9
0
10
6
-2
6
-7
2
-6
7
-9
-11
-17
-28
-16
-23
-6
-20
-10
-19
-24
-6
-15
-8
-23
-14
-27
-23
-23
-38
-6
-45
-31
-24
-25
-24
-28
-35
-53
-28
-38
-35
-31
-43
-43
-40
-32
-39
-54
-31
-39
-56
-44
-35
-57
-45
-45
-60
-51
-48
-50
-47
-41
-54
-46
-54
-52
-39
-41
-59
-54
-31
-42
-44
-44
-19
-49
-52
-37
-46
-28
-41
-46
-50
-28
-45
-41
-29
-42
-23
-24
-37
-33
-20
-24
-40
-28
-29
-20
-9
-17
-12
-7
-10
-4
-18
-11
10
-18
-8
-14
0
6
-8
-11
-12
-16
-13
-8
-11
-23
-16
-15
-33
-17
-26
-17
-13
-13
-21
-38
-26
-35
-29
-10
-9
-8
-19
-21
-37
-43
-43
-35
-32
-35
-30
-37
-21
-21
-8
-17
-21
-21
-22
0
-28
-12
-12
-50
-19
-3
-21
-16
-25
-2
-2
-25
-5
-7
-16
-17
-6
0
-1
-19
-9
14
13
11
0
8
14
6
6
7
7
-13
-20
-4
-6
2
-9
-14
-1
-2
16
-3
-10
8
-5
-1
11
8
14
13
3
11
5
29
6
5
13
11
18
24
19
20
21
3
25
21
27
26
19
20
24
18
6
25
14
22
33
22
25
2
12
20
21
17
13
14
7
21
14
23
3
4
17
10
1
-1
17
20
0
6
1
8
19
17
18
9
8
11
13
-5
-9
-21
8
0
6
0
5
41
-7
21
0
26
15
-10
10
-14
16
-12
-2
7
5
-6
0
12
-7
-3
-14
4
9
-2
11
5
-7
-5
-24
3
-1
-18
-10
-16
2
-9
-14
-24
-27
-15
-17
-21
-14
-18
-7
-9
-13
-21
-37
-25
-22
-10
-21
-17
-16
-13
-12
-10
-5
-23
-36
-37
-23
-36
-30
-30
-35
-22
-42
-44
-43
-36
-25
-28
-18
-33
-27
-39
-52
-34
-19
-15
-36
-32
-35
-46
-35
-46
-36
-46
-54
-42
-46
-37
-39
-45
-38
-38
-33
-23
-37
-28
-43
-66
-37
-34
-33
-52
-50
-51
-46
-40
-49
-46
-51
-49
-48
-45
-54
-61
-56
-49
-51
-60
-57
-60
-53
-70
-55
-47
-44
-56
-46
-60
-61
-56
-64
-62
-67
-58
-60
-47
-58
-50
-52
-55
-62
-57
-48
-63
-65
-48
-44
-62
-69
-66
-56
-52
-52
-45
-47
-60
-41
-30
-41
-39
-34
-34
-45
-46
-44
-46
-57
-48
-58
-66
-47
-49
-33
-54
-54
-40
-44
-55
-45
-42
-37
-35
-41
-22
-44
-51
-41
-49
-33
-36
-33
-19
-37
-41
-40
-45
-40
-24
-35
-27
-25
-35
-37
-30
-14
-31
-37
-23
-18
-31
-29
-21
-22
-36
-45
-27
-21
-14
-13
-34
-15
-2
-17
-15
-11
-5
-10
-6
-11
-14
-18
-8
-21
-27
-13
-2
-11
-4
3
-5
1
6
-2
0
0
0
2
-3
4
8
5
6
4
10
13
19
18
3
18
31
18
34
37
23
39
25
24
24
34
40
25
29
37
33
17
29
28
25
22
23
34
30
38
40
42
32
54
47
27
43
34
52
40
42
58
51
51
50
61
58
56
52
56
52
48
57
51
44
58
58
55
41
50
46
45
32
33
50
42
49
37
49
58
52
49
37
34
43
39
53
34
40
45
28
34
37
59
43
16
33
48
33
47
39
41
45
32
24
23
15
35
20
24
13
19
24
21
23
23
34
30
27
7
9
29
37
9
14
19
12
23
32
27
18
22
43
25
13
14
9
25
14
10
17
9
19
13
15
29
31
14
30
42
38
24
23
23
17
32
39
17
13
9
2
7
5
-1
3
16
23
14
17
11
9
7
7
12
5
-4
-9
-8
-9
8
-12
-2
-5
-2
2
5
-18
-20
-12
-15
3
-3
-3
-10
-12
1
-15
-15
-13
-15
-4
-28
-4
-14
-5
-15
-33
-22
-27
-7
-10
-4
-10
-23
-17
-18
-26
-28
-16
-12
-6
-5
3
-3
0
-9
-15
-4
3
-4
-10
-5
-20
-6
-7
-11
2
5
11
6
-6
4
-10
9
-3
-8
11
7
19
2
14
3
-2
15
13
5
-2
4
3
22
20
16
21
2
17
17
4
16
4
9
8
5
-4
-16
7
-4
-12
-6
10
-8
-17
-18
-12
0
-2
9
16
17
11
3
-6
2
4
6
4
15
7
11
6
7
18
11
14
24
12
7
4
2
18
20
14
14
19
12
24
14
5
6
20
19
5
16
21
15
20
29
25
25
37
27
17
16
15
17
12
11
16
17
9
18
20
9
27
17
18
12
29
21
9
20
12
0
13
12
21
9
14
6
7
14
-3
23
17
23
24
12
23
12
14
24
-2
15
8
-5
7
-5
9
-1
6
-2
-5
-8
-25
1
-6
6
7
10
28
9
4
1
14
17
22
11
10
24
43
9
18
39
23
22
5
31
0
1
18
3
6
18
-3
-3
5
1
7
2
11
15
21
-9
3
9
-2
6
-5
-10
1
23
9
15
9
12
24
18
11
12
18
3
14
22
20
18
19
28
23
27
35
10
18
21
25
37
16
25
15
11
19
21
23
10
20
20
24
31
12
18
27
15
17
28
28
35
20
12
18
14
10
16
20
9
13
16
25
29
10
19
31
19
27
35
24
25
25
21
43
19
8
31
26
17
20
26
32
27
20
33
26
21
30
17
23
40
29
31
26
18
27
28
22
14
18
7
12
17
9
23
26
27
22
25
30
23
19
33
21
23
21
16
28
24
23
29
26
14
13
0
18
18
22
18
15
21
13
20
20
23
11
21
28
22
20
23
45
46
41
32
35
44
42
31
36
33
38
53
52
61
41
38
47
49
41
46
35
33
35
45
54
46
40
27
26
19
28
35
38
27
38
36
40
42
42
39
30
43
29
40
29
29
20
30
26
35
42
32
42
24
29
35
30
17
35
16
20
33
6
15
20
13
22
33
9
21
26
17
18
20
9
19
20
7
10
2
1
3
4
-10
10
21
13
6
-3
9
6
6
3
7
8
4
13
-4
8
20
19
0
10
19
13
14
17
15
-11
-5
-1
-7
6
-2
-3
-3
3
0
9
9
-8
4
-10
9
11
1
6
8
16
6
13
-4
-1
10
2
-1
8
1
12
8
6
8
-8
0
-11
-20
-11
7
7
5
7
16
12
9
4
0
-5
9
7
-2
6
15
15
-2
6
0
-6
-1
17
3
-4
-5
21
1
6
33
11
11
24
19
19
15
7
23
11
9
16
11
14
13
17
31
25
6
13
7
21
10
6
13
24
30
9
28
35
28
30
35
45
40
37
46
47
53
46
39
63
65
44
42
56
50
42
41
46
51
48
40
30
47
41
30
34
33
32
30
38
32
36
29
32
44
22
12
21
25
48
31
43
50
34
40
48
38
48
52
53
48
37
42
37
42
51
63
67
64
51
64
61
61
51
53
61
46
55
47
29
65
70
54
51
44
51
62
55
49
50
50
58
57
71
63
57
42
30
52
45
51
56
60
53
61
41
47
44
49
58
43
46
40
48
37
46
60
46
60
66
68
67
67
80
71
58
61
67
56
76
67
48
73
54
49
62
51
59
50
54
52
57
60
70
80
68
60
64
57
65
47
52
76
72
50
56
53
50
57
50
57
64
64
48
48
47
45
44
41
34
36
25
27
30
34
40
26
20
25
40
35
18
10
24
30
17
12
16
32
16
23
17
16
22
6
6
7
-2
12
5
8
11
2
23
0
6
9
2
0
-12
2
-3
1
2
4
-12
1
0
-6
2
8
13
10
5
-1
3
-5
-5
-9
-12
-11
-14
-5
-13
-6
-19
-18
-6
-21
-13
-21
-2
-14
-27
-9
-15
-15
0
-5
-7
5
2
1
-2
7
6
-6
-11
-1
7
-3
-13
-12
-17
-15
-23
-8
-4
8
-4
6
2
-4
5
-2
9
-12
1
-2
-3
0
9
2
2
-2
7
19
6
4
9
10
23
22
-2
-4
-1
23
14
3
3
-2
9
11
0
-1
-4
-13
-14
0
0
0
6
-13
-16
-10
-3
-9
-7
-10
5
-15
-11
10
-12
0
1
17
2
13
2
-13
10
3
-4
-2
11
-8
15
12
12
9
3
14
1
21
21
17
10
11
17
14
11
5
6
28
18
2
14
13
10
4
9
18
16
18
9
-6
10
14
-4
14
12
11
1
1
2
5
17
10
19
4
4
10
8
15
9
7
23
24
19
20
23
19
28
25
23
27
23
17
11
9
11
17
16
18
8
12
17
19
21
16
19
21
27
12
12
17
8
7
5
8
8
-2
16
8
13
-9
0
20
1
-2
-11
-2
5
-4
5
-15
2
12
2
-5
1
7
-12
-14
-13
-10
-11
6
15
-15
5
-4
-9
-11
-3
-4
-11
-12
-5
4
7
0
-2
1
-3
-9
11
1
-14
-1
-7
-5
-6
-1
-17
-17
-4
-3
3
-10
5
10
-5
11
5
-2
-9
-8
-10
-10
-5
7
5
7
-17
-16
5
-3
21
5
0
19
16
8
9
9
10
3
20
26
8
-2
22
18
27
23
22
19
19
28
16
23
5
12
16
20
31
18
14
1
12
15
15
5
14
24
3
12
4
-3
1
1
7
16
11
11
7
8
-1
8
3
-11
-21
-11
12
5
6
6
-5
-6
11
16
7
24
9
-2
11
-7
-10
-3
-18
-6
-9
-7
-10
-8
-3
-8
-8
-2
-1
-4
7
12
10
13
8
3
13
16
11
6
24
14
25
26
13
7
22
21
12
7
7
25
14
41
21
14
19
22
26
29
37
32
47
55
49
56
51
42
49
47
47
22
23
22
27
40
32
29
39
25
36
39
46
47
39
21
20
29
32
40
34
42
55
54
24
30
38
49
51
35
52
34
37
25
24
15
24
25
14
25
32
20
14
24
35
38
34
27
32
31
14
43
36
38
34
35
34
24
17
29
23
23
25
15
18
30
29
23
30
27
20
19
18
15
14
14
16
-2
11
1
9
19
-6
2
-11
-4
-3
6
-3
-8
2
2
5
14
14
22
22
15
12
6
9
2
12
4
7
-3
10
8
14
17
9
2
4
11
9
-3
1
2
4
5
-5
22
8
15
13
4
8
6
13
-2
-8
7
7
-4
4
9
17
15
17
27
23
36
25
10
16
20
13
2
16
9
21
22
25
17
17
25
18
10
24
15
30
28
26
32
27
16
15
20
24
25
12
41
30
29
38
38
33
39
38
37
30
25
24
24
26
20
28
26
33
36
26
24
29
32
36
34
23
20
31
32
22
30
26
24
14
21
20
12
25
13
28
20
23
1
19
31
25
10
7
12
3
-3
6
10
9
8
0
0
1
10
8
0
24
40
19
27
23
20
37
25
39
36
18
28
32
24
17
33
32
26
40
48
27
47
51
47
59
48
54
42
46
59
50
54
50
43
48
43
44
35
43
47
29
37
31
37
30
31
34
38
32
31
27
35
37
38
49
52
48
27
60
38
23
40
41
35
45
51
46
45
39
49
51
42
42
50
49
47
33
43
45
46
47
50
32
32
46
34
39
37
32
31
26
30
26
28
33
5
13
9
3
8
18
20
23
15
5
12
-5
9
16
4
-6
0
5
1
-3
-2
8
-2
-1
-2
0
-4
-7
-15
-20
-16
-4
-8
-12
-3
-6
-8
-5
10
6
6
-12
-2
-3
-10
16
-6
-2
-3
-12
5
2
15
2
-1
4
-18
-15
-15
1
-20
-12
-16
-17
-9
-13
-16
-11
-13
-21
-19
-27
-16
-18
-19
-18
-9
-18
-12
-17
-13
-31
-29
-27
-20
-19
-19
-22
-26
-24
-31
-29
-32
-20
-32
-34
-39
-38
-30
-23
-5
-22
-25
-30
-23
-14
-8
-22
-20
-19
-36
-3
-16
-14
-12
-1
7
0
8
11
27
7
12
31
8
11
7
13
6
11
12
-2
3
8
31
9
7
10
11
10
0
13
-3
0
7
-3
-5
-18
2
-5
-8
8
-5
-14
5
-11
0
0
0
-7
-18
-10
-22
-29
-18
-21
-16
-15
-23
-26
-27
-16
-23
-7
1
-4
-8
2
-7
-2
-14
-11
-8
-18
-21
-12
0
-13
-12
-20
4
-3
-13
-17
-11
-3
-1
-1
-15
-16
-1
-14
-25
-14
7
5
-4
4
-3
-8
-10
-9
-4
-12
-10
-4
-4
-9
-18
-23
-27
-3
-16
2
-21
-17
-12
-8
-6
-33
-10
-8
-4
-9
1
-4
-4
-23
-27
-24
-14
-16
-14
-11
-16
-3
-5
-14
-15
-29
-17
-16
-20
-7
-16
-11
-2
8
0
-7
-11
-9
-18
1
-9
-12
6
-7
-11
-6
-2
-18
-13
-9
7
-4
-24
-21
-21
-13
-8
-19
-23
-18
-12
-13
-23
-17
-14
-27
-23
-22
-35
-29
-25
-16
-22
-20
-25
-17
-11
-26
-32
-27
-27
-35
-12
-13
-13
-11
-20
-4
-3
-29
-17
-12
-13
-5
-3
-3
-7
-8
-7
-12
-1
8
-8
-6
19
15
-11
0
2
3
-3
-6
-1
-15
-7
-11
-6
-9
-15
-15
-18
-7
-4
5
-1
-11
4
10
1
4
6
-2
-7
1
8
-8
-5
-4
5
-10
-17
-5
-3
-4
-29
-18
-11
-9
-15
-12
-16
-7
-17
-19
-3
-1
-6
-5
-3
-7
-5
-10
-6
-23
-14
-19
-16
-15
-15
-24
-16
-16
-11
-20
-23
-6
-8
-6
-6
-1
-5
-4
-11
-3
-5
4
3
-9
-7
5
14
14
8
7
9
8
8
22
20
15
24
10
19
13
6
16
28
28
30
25
28
33
20
19
30
16
11
18
19
28
32
19
28
19
19
8
24
34
19
8
-3
-4
17
8
1
2
14
19
40
21
11
12
17
36
21
44
20
21
14
18
19
29
27
26
36
26
22
28
31
26
25
20
26
31
23
23
21
16
24
33
27
12
16
20
32
30
14
30
15
6
11
25
24
22
21
24
15
7
21
18
11
8
20
32
7
13
11
10
17
14
37
26
15
30
27
35
37
32
34
23
26
37
34
40
16
17
26
25
30
23
16
34
33
30
28
20
15
19
29
28
15
19
37
33
28
34
37
22
14
18
20
42
29
24
32
40
43
33
43
26
33
31
35
29
28
27
24
42
40
29
23
25
30
31
31
27
26
33
36
24
32
38
38
38
33
34
42
30
24
19
22
31
18
21
27
14
32
44
41
41
41
38
20
23
37
27
30
23
22
16
23
33
11
18
25
26
14
7
3
13
10
19
18
14
27
11
12
22
11
16
25
22
28
20
15
29
19
19
5
24
14
14
3
2
33
23
20
15
17
21
31
40
33
29
23
21
30
20
17
34
35
26
11
14
24
17
20
15
10
21
16
19
18
23
19
25
18
26
25
37
37
16
28
20
15
16
32
35
25
28
38
34
23
34
27
16
18
16
13
14
24
4
5
16
17
20
13
4
13
18
31
28
20
28
31
35
39
42
43
39
49
44
37
41
38
41
28
45
32
22
26
25
26
22
35
21
30
39
41
22
21
35
24
31
20
12
33
29
28
27
17
26
21
34
11
18
28
1
11
6
24
18
10
7
5
27
13
16
7
15
14
15
21
14
9
9
16
20
29
21
19
18
2
15
18
16
15
14
2
-3
12
17
3
4
13
-1
9
9
13
15
4
8
6
9
6
7
-5
-16
-3
-7
3
-13
6
8
-1
-1
11
0
-2
-6
-4
-8
-26
-22
-16
1
-17
-21
-4
-3
1
9
13
-12
-20
-10
-2
-16
-2
6
6
3
-8
-22
-7
-7
-18
-14
-6
-11
-18
-12
-30
-13
-18
-20
-11
-18
0
-7
-16
-12
-15
-13
-7
-13
-5
-5
1
-6
-5
3
7
18
14
11
1
-9
0
0
-22
-1
-12
-15
-10
-21
-22
-19
-27
-23
-17
-5
-17
-12
5
-19
-4
-7
-5
1
-9
-12
-22
-12
-15
-11
-15
-17
-21
-21
-7
-20
-18
-19
-20
-17
-32
-31
-21
-30
-17
-11
-16
-21
-7
-19
-5
-9
-23
-12
-2
-11
-37
-45
-38
-37
-49
-41
-32
-27
-36
-16
-32
-31
-21
-17
-20
-28
-10
-25
-37
-9
-8
12
11
0
11
-7
2
-1
-1
-13
-30
-30
-41
-40
-40
-49
-48
-51
-67
-71
-70
-72
-65
-65
-72
-69
-64
-64
-40
-43
-5
-7
7
29
27
44
60
73
72
76
89
110
89
84
83
86
88
83
51
32
18
14
-7
-11
-13
-39
-62
-87
-89
-103
-78
-78
-83
-95
-103
-91
-71
-68
-46
-37
-30
-25
-21
-5
5
15
36
46
45
59
32
10
-1
28
63
57
47
26
2
-16
12
50
72
73
6
-31
-17
7
29
53
57
33
3
-22
-4
-27
-17
-18
-12
-23
-48
-57
-65
-62
-65
-45
-50
-72
-93
-119
-110
-110
-83
-96
-90
-99
-130
-143
-127
-67
-37
-27
-71
-76
-24
47
109
155
192
166
154
225
266
313
340
338
308
263
199
161
143
148
143
55
-15
-105
-171
-181
-188
-177
-200
-242
-275
-302
-290
-235
-162
-133
-104
-99
-86
-25
50
106
156
201
199
196
192
196
189
184
122
13
-45
-86
-106
-158
-216
-268
-327
-377
-352
-288
-285
-281
-255
-210
-146
-65
20
84
146
188
237
317
400
436
442
482
523
513
523
481
348
247
221
229
199
88
-76
-223
-351
-380
-343
-372
-468
-597
-650
-635
-568
-499
-459
-452
-470
-442
-361
-252
-165
-106
-59
23
64
134
192
232
269
289
363
391
401
365
324
328
348
340
324
263
161
96
52
48
33
7
-65
-100
-116
-92
-64
-76
-98
-134
-139
-129
-98
-73
-93
-129
-144
-115
-86
-89
-101
-117
-136
-138
-122
-118
-121
-142
-167
-168
-161
-152
-152
-156
-139
-135
-126
-107
-99
-76
-61
-19
25
68
76
86
95
118
140
180
182
172
175
172
183
164
142
131
110
74
66
32
38
3
-2
-25
-54
-82
-128
-131
-238
-361
-426
-438
-434
-429
-451
-494
-552
-555
-466
-370
-281
-234
-217
-156
-102
3
140
265
344
355
353
401
448
510
474
410
417
423
425
382
299
241
212
208
256
310
301
217
162
192
307
427
583
681
700
616
352
199
298
601
698
536
247
-82
-329
-353
-105
68
-73
-429
-689
-796
-722
-502
-331
-303
-391
-503
-539
-420
-170
14
77
165
181
132
167
267
386
471
516
508
397
232
38
-73
-52
24
-78
-406
-777
-1021
-1091
-1049
-941
-977
-1207
-1472
-1530
-1373
-1161
-997
-924
-883
-825
-683
-495
-277
-54
106
253
423
568
668
743
855
1020
1201
1323
1335
1249
1285
1467
1586
1667
1610
1534
1494
1453
1395
1272
866
440
279
371
355
-27
-519
-975
-1314
-1371
-1137
-992
-1201
-1586
-1796
-1742
-1425
-986
-699
-622
-605
-531
-280
103
544
825
879
999
1109
1208
1318
1430
1457
1381
1261
1146
923
666
470
233
81
-73
-298
-641
-946
-1122
-1232
-1365
-1428
-1466
-1587
-1681
-1706
-1640
-1611
-1519
-1319
-1137
-969
-883
-788
-615
-387
-120
133
309
377
373
398
504
621
767
803
721
610
498
475
512
543
497
343
199
177
200
305
370
418
527
613
706
802
929
1148
1351
1368
1356
1230
968
780
808
1048
987
564
96
-244
-500
-547
-417
-395
-737
-1179
-1386
-1382
-1197
-950
-807
-828
-882
-840
-658
-430
-49
202
253
399
539
633
734
905
1086
1113
1087
1074
912
736
666
585
513
415
218
-86
-401
-577
-773
-949
-1016
-1099
-1318
-1621
-1795
-1848
-1863
-1785
-1595
-1504
-1524
-1540
-1445
-1191
-913
-606
-412
-283
-183
-109
88
363
560
677
673
685
699
674
743
790
783
738
622
532
515
533
558
652
758
819
799
902
1094
1295
1409
1394
1388
1315
1406
1288
956
739
764
734
432
103
-163
-525
-912
-891
-763
-861
-1201
-1423
-1461
-1427
-1227
-954
-810
-798
-753
-676
-416
-28
328
488
555
711
821
918
1106
1258
1258
1175
1108
1030
872
741
622
447
277
115
-149
-418
-632
-765
-930
-1130
-1253
-1401
-1578
-1697
-1701
-1743
-1786
-1751
-1652
-1567
-1483
-1376
-1225
-1059
-909
-711
-495
-329
-217
-100
28
155
239
331
404
433
397
357
364
344
337
337
280
193
160
133
132
191
285
410
557
669
813
981
1250
1572
1806
1881
1887
1889
1938
2040
1905
1637
1342
1242
1108
739
360
13
-430
-822
-927
-941
-1175
-1582
-1780
-1825
-1815
-1694
-1483
-1346
-1323
-1261
-1006
-701
-324
54
235
411
638
868
1103
1325
1507
1554
1487
1482
1448
1353
1218
1050
852
603
375
113
-190
-464
-678
-915
-1105
-1266
-1508
-1773
-1936
-1919
-1919
-1963
-1975
-1962
-1966
-1862
-1643
-1376
-1213
-1093
-932
-779
-568
-375
-141
44
130
171
224
290
375
416
414
404
319
221
147
104
68
24
-24
-62
-140
-163
-130
-57
110
288
478
643
866
1111
1388
1768
2179
2415
2395
2305
2373
2504
2424
2216
2026
1844
1480
1029
677
343
-83
-521
-787
-981
-1299
-1733
-1990
-2034
-2043
-2058
-1958
-1806
-1751
-1722
-1522
-1106
-707
-376
-74
188
423
664
1028
1366
1596
1683
1671
1668
1608
1590
1503
1371
1193
931
616
325
67
-177
-430
-684
-896
-1153
-1410
-1700
-1858
-1916
-1954
-2015
-2098
-2150
-2186
-2161
-1978
-1705
-1504
-1384
-1278
-1117
-920
-702
-428
-157
-13
33
102
224
330
423
501
497
458
382
333
310
251
200
130
81
25
-52
-75
-111
-67
68
242
426
586
724
919
1252
1632
2097
2413
2533
2571
2551
2708
2816
2640
2430
2262
2043
1678
1215
857
438
-105
-479
-695
-1000
-1483
-1927
-2156
-2272
-2312
-2244
-2205
-2195
-2208
-2118
-1791
-1393
-972
-624
-369
-93
221
557
980
1372
1587
1701
1737
1782
1789
1794
1787
1668
1408
1156
874
575
310
54
-221
-559
-814
-1119
-1450
-1757
-1983
-2088
-2205
-2311
-2377
-2460
-2532
-2489
-2319
-2085
-1862
-1668
-1508
-1357
-1142
-843
-477
-183
26
150
260
408
579
737
848
866
800
713
639
611
553
485
337
202
70
-41
-82
-104
-120
-82
29
181
394
576
839
1115
1439
1795
2208
2573
2788
2879
2879
2813
2548
2423
2577
2665
2278
1540
841
356
-13
-195
-236
-575
-1344
-2160
-2508
-2457
-2340
-2221
-2234
-2429
-2685
-2687
-2250
-1648
-1138
-838
-700
-533
-229
194
739
1264
1523
1569
1594
1678
1757
1793
1873
1851
1652
1370
1096
798
506
268
69
-202
-555
-893
-1267
-1615
-1890
-2017
-2117
-2264
-2378
-2493
-2641
-2660
-2512
-2271
-2022
-1809
-1603
-1480
-1289
-975
-586
-194
77
221
323
450
599
785
941
1017
946
787
675
575
525
447
326
152
-79
-260
-376
-403
-408
-388
-334
-214
-27
210
488
779
1113
1477
1898
2389
2865
3280
3458
3425
3240
2905
2825
3109
3341
2992
2078
1152
504
105
14
40
-344
-1382
-2478
-2977
-2900
-2664
-2495
-2527
-2883
-3315
-3364
-2825
-2040
-1445
-1138
-1049
-892
-576
-44
676
1300
1648
1705
1753
1864
2011
2132
2267
2307
2107
1829
1544
1193
851
639
424
148
-254
-641
-1093
-1524
-1828
-1966
-2081
-2257
-2404
-2572
-2768
-2835
-2663
-2402
-2183
-2031
-1857
-1686
-1477
-1175
-783
-423
-149
22
159
342
502
646
792
917
934
836
734
665
597
533
452
343
180
-18
-120
-165
-167
-121
-26
79
213
412
699
1046
1353
1683
2087
2551
3053
3430
3541
3410
2934
2557
2754
3339
3437
2678
1543
603
26
-194
70
158
-620
-2041
-3024
-3146
-2833
-2477
-2273
-2474
-3125
-3596
-3340
-2468
-1634
-1172
-1072
-1075
-962
-539
227
1059
1544
1640
1637
1716
1856
1990
2193
2351
2264
1967
1703
1436
1070
759
603
430
67
-346
-750
-1206
-1621
-1857
-1950
-2108
-2315
-2532
-2795
-3008
-2942
-2694
-2483
-2330
-2244
-2145
-1973
-1621
-1157
-751
-492
-345
-209
20
316
608
780
873
904
857
850
871
894
830
718
598
482
312
173
115
-5
-69
-80
-70
-25
79
311
634
923
1133
1331
1597
2084
2740
3300
3623
3507
2888
2232
2295
3131
3723
3295
2111
898
4
-347
95
636
160
-1356
-2824
-3357
-3096
-2599
-2140
-2170
-2886
-3730
-3846
-3079
-2064
-1374
-1161
-1232
-1288
-1014
-311
618
1358
1629
1629
1660
1820
1990
2198
2428
2477
2305
2038
1769
1382
988
777
657
407
24
-400
-934
-1517
-1927
-2046
-2092
-2236
-2480
-2827
-3206
-3290
-3058
-2733
-2535
-2450
-2387
-2289
-1998
-1546
-1046
-689
-464
-298
-84
221
536
779
949
1046
1075
1081
1078
1068
1022
923
854
743
561
375
204
84
-7
-61
-51
-58
-9
160
402
733
1067
1302
1508
1851
2450
3136
3653
3686
2900
1974
2007
3095
3886
3401
2155
891
-195
-711
-24
892
448
-1434
-3077
-3531
-3282
-2683
-1999
-1935
-2891
-4032
-4180
-3184
-1976
-1223
-1068
-1271
-1443
-1220
-382
775
1577
1670
1523
1599
1816
1968
2233
2559
2510
2147
1909
1809
1434
927
732
654
285
-104
-380
-890
-1584
-2007
-2064
-2148
-2309
-2460
-2765
-3218
-3374
-3127
-2761
-2523
-2394
-2301
-2269
-2064
-1584
-1054
-650
-383
-217
-56
186
528
804
973
1118
1164
1113
1074
1090
1043
918
861
812
597
332
133
-23
-142
-201
-203
-211
-246
-157
128
422
731
989
1168
1462
1996
2740
3360
3862
3774
2725
1777
2177
3672
4289
3423
2042
839
-390
-812
257
1311
472
-1814
-3335
-3625
-3332
-2706
-1835
-1847
-3089
-4358
-4308
-3132
-1909
-1160
-1034
-1244
-1525
-1320
-406
856
1638
1697
1524
1619
1800
1893
2230
2654
2628
2205
2016
1901
1486
972
889
845
450
94
-177
-746
-1540
-1933
-1915
-2050
-2220
-2320
-2675
-3246
-3476
-3140
-2777
-2576
-2358
-2222
-2289
-2149
-1609
-984
-565
-274
-26
87
244
581
943
1184
1339
1375
1249
1135
1108
1106
1023
989
906
628
276
75
-69
-249
-277
-212
-215
-365
-291
-27
250
551
934
1230
1462
1884
2541
3178
3791
4081
3232
2036
1899
3293
4262
3720
2492
1329
15
-957
-252
1069
909
-1135
-2980
-3618
-3582
-3118
-2158
-1704
-2608
-4051
-4480
-3586
-2308
-1331
-934
-983
-1307
-1336
-643
649
1685
1901
1734
1808
1966
1958
2204
2701
2799
2320
2013
2021
1696
1046
795
820
503
68
-146
-559
-1346
-1974
-2081
-2110
-2230
-2269
-2488
-3028
-3432
-3229
-2826
-2561
-2254
-2038
-2076
-2081
-1650
-1003
-583
-251
75
193
210
477
869
1106
1241
1371
1352
1153
1036
1060
1013
928
898
722
386
94
-33
-193
-275
-184
-169
-330
-351
-120
110
333
779
1277
1536
1722
2206
2821
3358
3744
3384
2519
2068
2784
3625
3453
2545
1596
513
-555
-500
363
502
-866
-2374
-3136
-3388
-3248
-2537
-1981
-2423
-3424
-3872
-3395
-2537
-1631
-1068
-928
-1084
-1061
-515
434
1311
1717
1737
1770
1954
2028
2140
2463
2592
2262
1928
1921
1755
1213
798
706
440
-2
-253
-439
-1087
-1845
-2123
-2095
-2178
-2348
-2490
-2800
-3229
-3303
-2934
-2592
-2355
-2181
-2072
-1991
-1706
-1191
-744
-417
-128
108
248
477
768
950
1037
1133
1217
1132
984
914
849
708
628
566
361
60
-145
-208
-209
-108
52
86
61
195
512
873
1255
1691
2016
2354
2805
3524
3812
3068
2068
1953
2914
3597
3320
2385
1276
-64
-931
-463
563
532
-979
-2610
-3405
-3510
-3101
-2202
-1651
-2225
-3468
-3975
-3328
-2188
-1212
-665
-628
-1016
-1144
-493
712
1599
1858
1824
1835
1846
1862
2189
2619
2536
2079
1861
1852
1587
1045
735
568
196
-193
-318
-513
-1168
-1872
-2255
-2304
-2194
-2050
-2160
-2668
-3152
-3185
-2844
-2368
-1856
-1561
-1695
-1908
-1677
-1100
-488
-16
250
248
126
220
577
912
1117
1161
990
726
610
641
636
572
516
374
99
-128
-271
-323
-311
-134
51
94
148
295
519
825
1309
1915
2325
2625
3053
3690
4001
3341
2370
2127
3091
3975
3751
2628
1353
109
-801
-530
554
820
-745
-2736
-3741
-3784
-3297
-2374
-1697
-2212
-3612
-4351
-3714
-2450
-1340
-640
-527
-1052
-1321
-648
688
1677
2023
2053
2029
1955
1965
2343
2840
2818
2344
2075
2027
1802
1235
859
647
291
-123
-236
-406
-1057
-1814
-2312
-2474
-2494
-2226
-2093
-2502
-3181
-3444
-3120
-2631
-2086
-1637
-1565
-1868
-1878
-1387
-707
-154
235
375
281
223
450
818
1099
1249
1185
964
696
629
632
611
572
475
237
-34
-200
-294
-304
-170
27
86
77
237
504
748
1113
1592
1989
2271
2757
3479
3653
2959
2116
2100
2897
3567
3457
2643
1394
100
-559
-208
621
646
-567
-2202
-3270
-3457
-2966
-2175
-1692
-2188
-3326
-3941
-3489
-2457
-1499
-865
-752
-1141
-1340
-734
410
1255
1553
1668
1758
1691
1744
2113
2467
2401
2059
1929
1924
1671
1247
944
626
208
-42
-67
-241
-809
-1518
-2064
-2365
-2346
-2012
-1850
-2249
-2934
-3276
-3132
-2675
-2062
-1592
-1581
-1885
-1958
-1585
-969
-335
127
236
112
38
231
574
910
1121
1090
859
609
514
502
517
511
435
222
-82
-249
-343
-340
-232
-25
92
101
216
450
704
1020
1459
1905
2329
2889
3479
3517
2777
1945
2049
2956
3682
3519
2539
1173
-72
-605
-120
723
684
-614
-2301
-3358
-3496
-2933
-2024
-1581
-2219
-3380
-3973
-3485
-2430
-1505
-926
-827
-1183
-1390
-834
248
1066
1386
1488
1529
1491
1563
1910
2188
2136
1911
1854
1822
1552
1215
933
612
245
85
99
-98
-665
-1343
-1866
-2137
-2088
-1789
-1678
-2095
-2758
-3137
-3053
-2639
-2045
-1619
-1667
-1981
-2115
-1805
-1213
-594
-135
13
-141
-249
-77
302
685
912
941
784
586
468
503
562
620
586
426
223
37
-54
-27
121
308
397
465
578
729
959
1303
1711
2153
2542
3008
3234
2737
1918
1703
2444
3277
3278
2436
1306
210
-450
-221
551
764
-198
-1726
-2811
-3137
-2765
-1972
-1437
-1837
-2913
-3632
-3379
-2473
-1597
-1038
-879
-1152
-1407
-1038
-89
803
1171
1195
1225
1302
1423
1702
2043
2101
1824
1642
1733
1731
1415
1058
798
459
157
132
140
-214
-877
-1479
-1873
-1956
-1758
-1551
-1727
-2333
-2857
-3008
-2755
-2212
-1726
-1579
-1842
-2115
-1980
-1510
-930
-388
-130
-184
-326
-265
95
460
730
854
805
642
519
545
626
651
622
544
397
237
146
130
150
272
423
547
638
774
924
1065
1341
1864
2517
3114
3288
2726
1750
1296
2037
3222
3666
2929
1494
95
-629
-321
631
1136
411
-1204
-2673
-3257
-2889
-1922
-1163
-1390
-2501
-3548
-3682
-2846
-1745
-1005
-845
-1128
-1461
-1328
-523
423
991
1116
1142
1195
1270
1473
1798
1957
1802
1667
1737
1777
1521
1105
807
577
376
382
429
63
-645
-1266
-1552
-1594
-1517
-1357
-1477
-1995
-2622
-2877
-2626
-2162
-1734
-1567
-1762
-2086
-2097
-1677
-1085
-601
-344
-314
-396
-381
-144
254
584
749
724
601
553
564
612
660
688
620
465
327
233
184
173
247
346
464
559
677
836
1030
1277
1639
2087
2559
3039
3068
2476
1664
1566
2422
3355
3403
2413
1051
-59
-425
126
915
900
-193
-1660
-2665
-2893
-2439
-1663
-1236
-1726
-2802
-3473
-3222
-2376
-1519
-1031
-1011
-1297
-1425
-1009
-180
526
821
915
1048
1175
1274
1511
1746
1744
1622
1648
1769
1747
1446
1088
801
549
484
581
498
-18
-714
-1213
-1423
-1459
-1329
-1284
-1575
-2148
-2615
-2697
-2456
-2083
-1726
-1678
-1958
-2177
-2072
-1614
-1124
-687
-440
-449
-512
-403
-85
261
547
710
714
592
554
642
716
757
766
701
530
374
342
365
381
398
479
568
654
790
956
1152
1414
1771
2193
2603
2744
2381
1739
1481
2010
2809
3113
2527
1338
257
-181
171
823
903
153
-1048
-2008
-2347
-2116
-1616
-1296
-1503
-2168
-2812
-2918
-2427
-1710
-1203
-1068
-1191
-1301
-1071
-467
145
467
621
775
980
1143
1267
1364
1416
1404
1483
1643
1645
1415
1108
853
647
549
620
608
285
-280
-784
-1036
-1079
-1018
-978
-1168
-1600
-2037
-2207
-2081
-1846
-1622
-1554
-1647
-1833
-1831
-1607
-1223
-833
-566
-465
-452
-403
-234
75
414
648
718
638
550
561
667
760
818
782
637
456
328
314
382
437
479
525
542
594
737
933
1100
1327
1602
1997
2363
2481
2226
1663
1371
1723
2495
2898
2520
1460
362
-126
180
892
1095
468
-685
-1624
-1915
-1678
-1264
-1018
-1231
-1787
-2279
-2382
-2091
-1649
-1254
-1065
-1067
-1114
-976
-602
-202
77
261
437
629
810
940
962
897
872
1008
1258
1372
1230
919
601
405
450
623
658
408
-28
-366
-600
-712
-687
-624
-747
-1036
-1285
-1469
-1579
-1537
-1359
-1198
-1173
-1245
-1312
-1305
-1163
-858
-501
-268
-204
-237
-225
-88
131
404
594
592
464
334
271
327
457
521
463
288
109
40
60
118
194
259
305
351
392
461
565
729
980
1241
1433
1623
1744
1709
1549
1374
1373
1555
1866
1978
1720
1142
487
183
318
652
699
296
-397
-1001
-1253
-1110
-822
-756
-982
-1316
-1546
-1561
-1388
-1198
-1037
-940
-852
-713
-597
-485
-371
-223
-9
197
354
430
432
405
428
487
554
604
556
507
420
275
171
119
99
64
2
-111
-226
-359
-424
-432
-426
-445
-480
-495
-543
-563
-540
-494
-418
-366
-336
-300
-253
-199
-162
-93
-95
-90
-75
-32
23
14
-15
-83
-165
-151
-93
-27
-28
-107
-218
-291
-246
-165
-58
-22
-87
-129
-122
-61
24
106
199
267
307
348
410
491
531
564
635
688
682
660
667
642
559
510
530
559
485
373
273
144
36
-5
1
-36
-118
-188
-252
-307
-298
-218
-130
-70
-49
-43
-15
20
91
199
302
313
292
264
252
245
256
288
277
199
107
26
-48
-94
-140
-177
-232
-346
-455
-491
-511
-522
-509
-517
-522
-536
-542
-513
-453
-384
-346
-302
-280
-278
-273
-235
-184
-108
-64
-78
-118
-148
-192
-152
-96
-60
-49
-120
-194
-270
-286
-255
-179
-147
-188
-275
-351
-363
-305
-186
-98
-63
-97
-130
-118
-39
89
240
309
296
269
268
326
404
491
502
452
380
336
329
343
335
320
284
213
135
103
83
35
-8
-22
-38
-97
-141
-178
-186
-179
-176
-134
-86
-64
-38
3
51
69
126
247
336
350
327
312
313
313
350
374
350
272
162
80
25
2
-21
-47
-142
-267
-371
-399
-362
-350
-372
-410
-422
-453
-435
-348
-258
-210
-213
-190
-154
-121
-50
6
53
57
32
25
25
2
-6
20
-5
-14
-52
-90
-123
-173
-204
-184
-171
-188
-215
-251
-288
-316
-288
-218
-152
-151
-144
-148
-141
-84
11
136
229
238
223
219
247
308
382
430
404
307
270
224
199
210
207
142
36
-40
-109
-120
-162
-176
-165
-181
-221
-253
-240
-219
-198
-147
-88
7
85
133
191
242
280
355
465
517
531
498
478
490
520
530
534
507
373
288
240
195
139
120
66
-15
-128
-218
-215
-186
-162
-210
-269
-302
-349
-322
-269
-186
-144
-166
-182
-201
-171
-127
-44
27
16
-52
-86
-102
-77
-46
-45
-61
-109
-172
-222
-213
-238
-298
-314
-315
-325
-361
-399
-429
-464
-469
-436
-365
-314
-298
-292
-302
-267
-145
-38
43
97
78
105
168
222
302
343
342
316
276
236
244
250
241
217
131
53
-37
-40
-68
-117
-141
-160
-215
-269
-267
-249
-205
-171
-153
-106
-41
10
88
147
197
268
332
396
418
423
426
440
431
429
412
369
315
248
190
149
111
74
19
-67
-138
-194
-209
-198
-215
-253
-298
-332
-337
-320
-300
-271
-263
-254
-269
-263
-235
-191
-135
-121
-101
-131
-138
-128
-103
-61
-38
-74
-122
-162
-193
-185
-204
-216
-237
-282
-329
-333
-325
-358
-399
-411
-409
-377
-352
-306
-266
-260
-239
-172
-73
37
61
131
175
199
260
318
369
391
407
400
354
304
298
320
326
275
171
78
4
-43
-41
-26
-64
-151
-224
-250
-242
-207
-164
-127
-116
-113
-69
-6
93
160
196
247
283
294
329
398
411
407
395
368
360
334
302
274
227
172
132
77
7
-38
-108
-137
-146
-155
-189
-273
-292
-308
-310
-260
-233
-219
-247
-262
-220
-175
-137
-94
-77
-58
-74
-74
-42
-11
12
24
-8
-64
-72
-56
-48
-44
-44
-88
-143
-182
-199
-168
-123
-138
-155
-187
-199
-158
-88
-29
-4
21
45
58
149
224
295
335
347
372
388
433
467
515
524
466
430
411
426
404
389
352
288
221
156
149
147
107
41
-10
-58
-68
-86
-65
-44
-59
-76
-56
-22
-3
46
114
159
170
166
183
217
221
239
267
265
227
197
161
131
114
100
103
44
-17
-80
-130
-146
-167
-144
-155
-209
-250
-259
-223
-185
-128
-117
-120
-132
-100
-63
-11
61
89
95
78
82
93
134
171
179
148
93
66
54
69
81
58
20
-33
-93
-101
-90
-71
-66
-104
-123
-130
-101
-34
17
26
35
53
116
169
224
301
330
327
333
370
404
432
439
428
392
330
304
280
259
222
171
86
11
-46
-96
-112
-152
-189
-234
-276
-297
-302
-302
-270
-227
-211
-189
-187
-165
-124
-72
-5
74
89
121
116
114
133
177
218
193
154
99
60
27
25
33
14
-32
-79
-140
-162
-157
-136
-114
-131
-158
-171
-146
-102
-49
-22
9
24
23
41
53
86
121
136
135
129
114
111
116
89
65
21
-11
-48
-63
-74
-113
-175
-217
-239
-255
-240
-237
-241
-262
-274
-251
-205
-154
-103
-59
-41
-21
27
114
170
224
269
282
306
324
364
386
407
397
356
336
313
278
250
216
167
96
12
-36
-95
-139
-180
-224
-258
-325
-365
-375
-381
-367
-345
-313
-290
-284
-221
-153
-90
-12
33
85
102
125
158
206
249
265
242
195
178
170
146
127
95
45
6
-66
-104
-123
-117
-128
-138
-146
-167
-185
-159
-141
-115
-79
-61
-22
-18
1
35
85
127
150
187
184
159
130
140
158
146
128
117
80
21
-5
-21
-58
-99
-131
-147
-172
-223
-230
-229
-231
-227
-210
-187
-175
-151
-129
-64
-11
36
92
144
187
207
260
298
352
390
404
386
378
356
343
329
310
269
208
145
69
22
-22
-51
-119
-185
-243
-294
-319
-326
-317
-315
-307
-272
-257
-236
-183
-131
-42
48
98
127
136
179
229
308
364
355
306
252
209
216
212
208
163
66
13
-68
-84
-94
-123
-158
-197
-222
-238
-241
-228
-189
-154
-151
-95
-36
1
35
57
126
165
202
260
302
279
270
247
260
283
275
264
193
122
69
40
37
17
-21
-71
-145
-185
-204
-185
-172
-188
-187
-193
-175
-147
-107
-49
-9
33
94
148
167
205
248
274
321
383
382
371
344
300
301
296
304
250
190
111
37
-10
-37
-59
-110
-158
-237
-299
-322
-314
-290
-281
-287
-274
-258
-216
-156
-85
-5
47
90
124
149
221
279
311
355
347
314
300
288
285
284
242
177
113
48
-4
-15
-49
-118
-172
-205
-237
-251
-247
-257
-260
-240
-223
-173
-129
-99
-60
-8
47
86
147
203
234
227
223
238
268
281
266
243
213
145
93
85
81
81
29
-36
-100
-141
-129
-125
-121
-147
-180
-182
-185
-156
-104
-65
-29
-18
-4
27
66
111
151
175
197
220
211
188
169
170
178
184
161
106
61
5
-49
-67
-92
-132
-187
-218
-266
-330
-335
-321
-304
-301
-305
-305
-289
-263
-191
-121
-57
-4
20
50
102
152
191
247
283
276
256
252
258
268
236
198
146
81
38
-6
-24
-75
-125
-201
-220
-232
-257
-280
-301
-304
-295
-260
-221
-167
-146
-125
-97
-47
10
61
133
152
161
152
168
207
223
242
224
192
126
79
70
74
69
32
-33
-91
-126
-131
-113
-109
-149
-176
-182
-153
-131
-95
-74
-63
-32
-24
36
67
100
135
147
169
168
159
155
158
154
139
123
97
51
-7
-34
-40
-83
-116
-143
-188
-231
-272
-275
-271
-252
-261
-273
-272
-260
-224
-146
-85
-54
-22
-13
13
60
106
164
208
212
196
194
215
215
222
205
186
145
106
56
26
-3
-32
-58
-73
-96
-162
-168
-181
-176
-181
-172
-140
-115
-71
-57
-37
12
43
81
127
175
196
220
234
232
231
259
275
264
223
196
145
96
65
50
35
-14
-72
-127
-150
-176
-152
-134
-143
-177
-191
-166
-129
-75
-42
-5
9
28
65
81
135
197
214
227
189
169
164
160
163
140
107
81
16
-26
-43
-80
-123
-137
-156
-177
-204
-240
-248
-266
-244
-238
-212
-194
-184
-150
-115
-68
-7
44
65
107
129
171
225
253
280
279
266
260
277
271
229
219
163
122
85
37
-2
-50
-99
-126
-142
-200
-207
-240
-252
-248
-254
-208
-180
-146
-109
-69
-28
25
57
106
166
197
213
245
252
247
253
244
245
221
169
130
72
34
11
-20
-53
-114
-171
-195
-200
-209
-185
-184
-195
-194
-190
-167
-138
-89
-39
-9
8
23
38
64
103
140
150
134
103
101
86
74
57
30
-10
-51
-111
-146
-158
-183
-217
-233
-243
-285
-302
-305
-307
-300
-280
-266
-250
-222
-197
-160
-94
-61
-18
27
76
115
158
207
221
238
259
258
266
257
231
196
161
115
68
28
-13
-52
-108
-163
-215
-242
-268
-291
-332
-350
-335
-332
-296
-273
-232
-205
-162
-116
-54
-22
20
80
114
123
141
170
186
181
176
169
116
97
46
22
-22
-54
-78
-109
-146
-195
-207
-212
-236
-241
-211
-216
-176
-175
-168
-149
-138
-68
-25
2
10
11
36
65
93
100
99
74
62
56
21
19
-14
-53
-87
-112
-145
-164
-169
-217
-233
-252
-277
-282
-283
-271
-267
-264
-244
-232
-212
-181
-126
-92
-63
-32
0
35
75
116
144
174
186
178
171
185
170
173
158
123
57
27
-22
-49
-93
-139
-142
-182
-209
-269
-278
-280
-279
-264
-252
-246
-236
-203
-169
-117
-83
-25
7
57
89
114
150
155
185
187
179
174
155
148
120
90
52
12
-43
-58
-105
-152
-154
-177
-197
-195
-211
-208
-187
-168
-151
-138
-95
-87
-57
-21
18
32
69
75
88
111
129
124
134
127
105
94
49
33
21
-5
-37
-64
-96
-116
-137
-153
-151
-156
-164
-172
-165
-166
-157
-117
-86
-89
-69
-40
-23
-5
34
67
89
117
147
177
194
190
192
194
187
182
166
144
113
79
26
2
-24
-56
-76
-104
-133
-155
-168
-188
-189
-189
-177
-160
-142
-116
-92
-64
-23
27
65
96
149
167
188
176
210
222
233
233
202
189
154
136
123
105
55
18
-34
-74
-80
-100
-103
-112
-143
-170
-163
-123
-113
-103
-95
-79
-46
-22
10
36
58
75
102
114
99
116
114
97
83
76
73
42
24
-38
-112
-132
-125
-108
-107
-103
-174
-314
-373
-337
-313
-428
-558
-506
-340
-242
-240
-356
-460
-418
-276
-101
-38
-57
-45
-3
43
49
57
152
252
407
510
485
440
348
296
302
389
481
522
475
380
297
183
60
5
0
-14
-17
-28
-81
-205
-346
-399
-369
-278
-190
-139
-130
-200
-256
-248
-175
-74
34
99
156
190
190
205
190
184
225
305
364
369
317
243
162
108
82
86
84
53
7
-63
-141
-236
-302
-333
-311
-287
-254
-271
-326
-363
-394
-384
-282
-173
-111
-61
-45
-65
-58
-12
62
130
214
269
293
283
241
219
189
208
239
267
251
174
80
3
-33
-37
-27
-22
-52
-109
-153
-173
-175
-147
-141
-130
-85
-65
-51
-45
-33
-5
24
75
119
149
141
134
138
170
166
169
156
135
116
87
77
50
11
-15
-42
-41
-42
-43
-42
-57
-75
-69
-44
-23
2
47
66
63
68
107
132
155
184
214
222
221
197
176
171
164
181
187
158
114
87
34
2
4
7
9
-12
-26
-70
-103
-107
-91
-55
-37
-31
-40
-42
-29
-11
22
42
80
108
110
95
88
96
96
111
139
132
104
86
55
44
20
23
30
19
-18
-20
-37
-31
-30
-31
-13
6
13
24
65
76
111
142
170
185
192
202
228
249
234
221
223
190
163
157
142
118
94
64
29
12
-27
-46
-47
-45
-61
-72
-82
-78
-63
-32
-11
6
39
65
100
119
155
166
195
214
227
233
227
246
226
198
191
161
145
119
94
71
47
30
23
3
-35
-37
-54
-34
-24
-20
-11
-26
-29
-14
10
48
80
73
79
62
70
100
110
107
109
81
74
72
28
40
25
-3
-24
-35
-26
-25
-73
-87
-96
-86
-61
-40
-22
-45
-37
-15
4
18
60
109
124
126
133
152
197
219
216
249
225
225
209
211
192
182
169
141
109
81
72
43
34
11
-24
-31
-38
-34
-40
-26
-20
-36
-13
-16
15
36
71
83
103
121
136
138
145
174
174
165
166
163
147
124
103
103
75
42
22
-12
-46
-68
-84
-72
-76
-95
-96
-111
-116
-119
-93
-51
-42
-9
-5
5
6
26
42
53
60
62
45
36
42
35
24
0
-27
-22
-44
-42
-57
-58
-60
-73
-97
-97
-70
-70
-56
-70
-66
-50
-21
1
-6
7
12
26
43
69
75
89
92
105
111
115
114
107
125
88
84
80
69
59
53
44
27
12
-18
-28
-28
-42
-52
-53
-81
-102
-105
-109
-108
-108
-113
-122
-124
-93
-98
-91
-71
-73
-65
-61
-53
-22
-1
-13
-19
-7
-4
11
12
-16
-10
-29
-29
-21
-39
-46
-62
-46
-40
-69
-54
-64
-62
-61
-77
-63
-50
-36
-37
-28
-43
-49
-41
-34
-21
-33
-41
-28
-23
-43
-51
-42
-20
-15
-30
-32
-31
-35
-50
-25
-17
-18
-34
-33
-31
-20
-18
-29
-16
-9
-11
-27
-21
-33
-47
-62
-41
-29
-35
-30
-50
-36
-26
-28
-17
-10
2
4
4
13
17
22
27
19
-3
16
3
-31
-47
-57
-77
-72
-77
-88
-93
-119
-149
-167
-164
-169
-156
-128
-115
-102
-82
-82
-90
-69
-36
-17
0
-5
4
33
31
50
51
49
27
15
9
1
-22
-39
-34
-52
-59
-72
-64
-51
-66
-59
-58
-57
-50
-41
-18
-15
-2
22
29
52
52
73
77
85
87
90
97
77
73
57
54
54
52
31
15
7
2
-2
-2
-2
-10
-9
-6
-1
25
28
37
41
36
37
47
67
78
92
97
97
74
98
122
114
126
111
106
97
96
87
67
59
24
17
1
-19
-39
-54
-70
-110
-120
-120
-136
-137
-127
-149
-136
-131
-113
-94
-59
-37
-36
-23
-14
17
35
65
87
95
98
102
91
90
106
92
81
78
71
55
40
16
24
25
4
5
-1
-20
-21
5
14
21
11
39
55
68
70
75
63
68
85
71
85
90
77
55
23
22
25
22
3
-14
-25
-39
-33
-26
-17
-7
-15
-10
-9
4
20
22
26
24
35
39
55
55
59
47
46
52
65
56
54
46
44
54
58
34
29
28
13
23
26
14
-21
-31
-37
-37
-39
-60
-92
-100
-135
-144
-116
-123
-117
-127
-126
-130
-137
-113
-87
-75
-49
-30
-23
-5
2
2
21
34
37
67
67
64
56
62
62
48
33
28
26
-1
-19
-15
-15
-27
-19
-44
-37
-44
-32
-24
-25
-8
-8
4
5
24
30
17
28
13
28
22
11
10
-8
-25
-38
-29
-47
-40
-55
-64
-87
-106
-111
-131
-117
-107
-109
-108
-108
-107
-69
-67
-82
-75
-70
-60
-48
-31
-33
-26
-16
-19
-27
-2
-4
-6
-5
-10
-19
-21
-6
-14
-9
-8
-27
-47
-61
-68
-79
-89
-77
-101
-112
-127
-131
-136
-129
-111
-116
-94
-106
-105
-91
-72
-39
-20
-25
-18
-1
13
17
43
65
69
84
75
77
76
70
79
80
88
64
36
26
15
21
11
-2
7
-2
-36
-19
-15
-11
-12
-15
-14
-21
2
18
36
34
23
27
45
53
51
66
77
64
65
53
30
20
26
22
13
8
-9
-13
-26
-20
-6
-17
-16
-31
-26
-4
-12
-13
3
-7
15
28
37
57
56
51
56
65
66
88
79
69
50
56
66
49
61
51
36
26
9
-12
-20
-8
-14
-29
-41
-21
-36
-43
-33
-37
-26
-37
-27
-1
19
27
55
83
74
94
115
110
122
138
147
164
173
160
153
145
148
145
152
147
123
85
63
44
48
56
19
-1
-24
-30
-38
-13
-6
-32
-21
-17
-21
-11
18
30
52
46
46
68
68
87
83
77
78
65
59
64
53
34
22
5
-12
-19
-27
-22
-43
-49
-71
-69
-75
-79
-50
-65
-54
-46
-42
-35
-21
-15
-15
-12
9
16
12
30
60
59
33
29
30
34
18
4
0
-10
-12
-32
-32
-37
-52
-48
-66
-65
-87
-93
-87
-78
-60
-59
-64
-59
-33
-23
-17
5
25
57
69
65
71
72
81
80
106
111
87
79
53
57
45
49
46
28
-6
-37
-40
-55
-52
-69
-80
-127
-134
-128
-127
-127
-118
-126
-134
-113
-121
-101
-91
-75
-90
-82
-75
-73
-49
-56
-64
-62
-71
-59
-61
-71
-86
-89
-107
-124
-119
-133
-118
-128
-135
-146
-146
-125
-105
-95
-101
-103
-102
-81
-62
-61
-31
-31
-62
-44
-52
-47
-34
-33
-29
-39
-57
-62
-71
-71
-67
-87
-104
-122
-124
-138
-144
-151
-149
-163
-152
-165
-156
-169
-170
-170
-164
-138
-120
-114
-126
-105
-94
-54
-42
-38
-39
-29
-12
-9
2
23
27
7
-2
1
-5
-15
-11
-30
-41
-62
-72
-80
-97
-102
-127
-130
-149
-153
-163
-157
-172
-161
-179
-175
-175
-179
-157
-147
-133
-147
-114
-99
-87
-93
-96
-96
-87
-80
-77
-88
-102
-95
-108
-111
-118
-126
-121
-104
-96
-106
-111
-122
-108
-85
-76
-87
-79
-80
-69
-47
-50
-43
-23
-21
-17
-8
-2
-7
-10
9
23
-3
4
-10
5
-4
-32
-39
-48
-63
-52
-42
-68
-68
-83
-88
-81
-76
-80
-92
-99
-73
-77
-61
-53
-49
-39
-26
-1
23
39
35
51
67
67
76
77
78
70
71
64
45
47
29
15
9
3
-8
-19
-26
-31
-53
-71
-49
-61
-59
-54
-58
-56
-63
-56
-48
-28
-20
-10
4
16
8
20
47
31
36
35
43
38
42
32
12
14
3
-10
-10
-21
-8
2
3
21
10
6
20
27
45
46
64
74
72
87
102
104
116
113
104
111
122
115
110
118
92
94
74
64
59
50
34
13
-1
0
-1
-13
-15
-21
-17
-26
-23
-28
-28
-43
-28
-6
-4
11
21
33
28
51
73
79
78
79
106
89
94
104
94
86
53
43
38
37
22
24
-11
-17
-27
-41
-41
-50
-43
-56
-65
-69
-59
-39
-51
-64
-55
-38
-11
-26
-31
-4
-3
3
11
8
14
15
21
-2
5
7
-10
-13
0
-21
-31
-22
-48
-30
-26
-30
-34
-53
-37
-44
-39
-30
-16
-20
-5
4
11
28
38
32
39
44
49
64
45
45
57
50
41
28
15
-6
-26
-24
-44
-59
-69
-69
-85
-106
-109
-122
-118
-129
-125
-132
-137
-120
-112
-89
-82
-84
-93
-89
-68
-44
-26
-3
-12
-14
-5
-16
0
17
9
17
5
-18
-27
-33
-51
-68
-73
-72
-71
-107
-94
-80
-101
-96
-99
-89
-99
-93
-105
-101
-88
-88
-69
-54
-49
-51
-61
-66
-38
-33
-31
-20
-16
-16
-29
-34
-19
-15
-11
-19
-33
-42
-57
-63
-45
-37
-36
-50
-60
-39
-30
-35
-23
-33
-27
-15
-23
-9
7
18
13
7
16
35
30
45
48
39
49
33
27
7
17
5
-8
-6
-21
-34
-64
-66
-84
-88
-81
-86
-96
-95
-92
-111
-90
-69
-64
-58
-54
-39
-56
-37
-23
-19
11
15
29
27
25
23
25
35
34
23
5
6
1
-3
-17
-34
-43
-37
-38
-42
-20
-43
-49
-55
-45
-45
-40
-32
-48
-25
-13
-9
7
-8
11
19
40
28
48
58
64
59
50
75
56
76
67
57
60
51
35
34
40
41
35
29
31
10
26
19
19
45
42
50
46
41
63
57
74
89
86
88
75
106
96
100
105
110
103
92
86
74
78
58
52
45
24
19
19
11
5
-7
-3
-10
-10
10
3
14
27
13
16
33
33
33
42
42
67
66
59
53
66
76
79
93
70
68
72
70
55
63
50
48
51
39
38
14
30
31
32
26
24
36
54
42
53
51
56
65
75
101
78
88
85
80
91
89
90
87
77
88
88
89
76
62
73
71
66
72
67
60
54
50
41
27
38
27
26
30
45
30
24
25
23
28
19
29
16
38
29
19
31
15
30
16
21
17
17
21
3
4
-5
-10
-18
-22
-31
-45
-24
-27
-44
-38
-48
-43
-47
-30
-32
-36
-20
-21
-6
-27
-16
-14
-25
-8
-13
-27
-23
-10
-1
-6
-5
-18
-8
-4
-14
-19
-37
-33
-35
-32
-33
-26
-26
-34
-34
-35
-32
-17
-7
-25
-14
-33
-34
-31
-12
-14
-15
-22
-32
-17
-20
-20
-10
12
7
3
-5
2
3
-27
3
5
-6
-22
-28
-16
-29
-17
-12
-35
-43
-24
-40
-42
-35
-41
-43
-49
-48
-60
-47
-64
-90
-66
-62
-96
-85
-83
-83
-76
-91
-86
-103
-102
-96
-105
-107
-107
-90
-108
-103
-104
-101
-85
-92
-88
-95
-87
-86
-87
-77
-70
-70
-70
-59
-59
-62
-77
-78
-66
-71
-85
-80
-71
-64
-57
-76
-70
-79
-74
-57
-56
-42
-40
-66
-53
-35
-45
-43
-46
-61
-57
-43
-53
-53
-49
-41
-48
-52
-53
-54
-61
-59
-66
-67
-61
-73
-52
-59
-55
-59
-48
-45
-48
-53
-51
-46
-44
-32
-26
-21
-33
-42
-35
-23
-28
-21
-20
-31
-35
-23
-32
-25
-21
-25
-15
-29
-44
-42
-32
-42
-57
-58
-60
-63
-63
-72
-77
-75
-63
-62
-60
-66
-50
-42
-50
-51
-54
-43
-32
-31
-22
-6
-12
-13
-2
-23
-35
-16
-5
-1
-11
3
21
2
25
22
22
26
13
32
28
43
36
23
43
58
53
47
65
64
68
67
81
80
69
66
55
56
51
59
68
53
47
51
39
42
50
67
56
53
53
47
58
49
52
44
55
56
51
44
44
58
60
63
72
61
54
63
56
62
64
52
63
47
60
67
57
60
56
52
40
46
41
51
36
35
45
37
48
46
66
53
41
47
40
39
41
47
33
42
55
38
46
41
43
27
32
33
25
47
49
44
41
43
50
54
50
51
47
48
55
63
81
70
73
61
59
73
67
73
68
91
93
80
86
102
94
86
86
87
88
68
66
53
49
45
38
47
38
15
13
6
3
-4
-7
-3
10
-3
-8
4
0
4
10
16
16
21
23
13
19
15
16
33
37
14
15
14
23
26
22
22
11
17
3
2
12
4
-3
-5
-3
-10
-10
-16
-23
-16
-17
-24
-24
-20
-18
-16
-16
-9
-11
-26
-8
-29
-20
-25
-13
-11
-15
-8
-15
-12
-19
-31
-24
-32
-45
-29
-34
-28
-35
-22
-37
-46
-32
-36
-22
-39
-17
-21
-8
0
0
-4
-7
8
-13
3
7
4
5
13
16
4
6
-3
9
5
-3
-3
-16
-17
-26
-28
-31
-38
-54
-75
-59
-53
-69
-71
-77
-63
-65
-68
-59
-62
-57
-79
-62
-49
-50
-45
-50
-49
-35
-34
-24
-26
-35
-17
-22
-30
-19
-41
-35
-38
-32
-28
-48
-36
-42
-41
-46
-51
-52
-33
-29
-31
-40
-29
-33
-29
-24
-20
-2
-7
-4
8
1
-4
9
13
15
1
4
11
-10
-1
4
-4
-6
-22
-22
-9
-16
-16
-4
-4
-12
6
13
7
13
21
18
14
21
9
19
33
44
37
39
34
56
53
39
39
43
52
37
34
24
18
32
17
15
22
29
11
7
6
6
12
3
9
13
21
30
19
20
20
22
35
41
51
52
64
72
84
77
79
84
78
85
77
72
74
98
88
81
66
66
66
62
64
68
70
47
71
53
41
60
74
78
68
71
76
72
74
80
68
81
85
86
88
81
88
77
84
62
60
75
59
47
37
44
53
44
45
53
53
50
55
41
48
54
60
73
63
86
86
74
75
92
93
96
98
101
114
108
93
91
101
100
92
83
99
93
83
73
64
76
62
54
65
57
54
45
34
46
52
60
50
28
42
29
28
49
43
41
50
63
58
74
59
59
60
51
75
63
58
79
64
77
69
47
60
45
38
47
30
12
29
16
11
13
12
-7
2
1
3
-3
-9
-2
-2
10
28
6
9
2
-3
8
-12
1
-8
-15
-15
-15
-23
-42
-44
-53
-51
-63
-70
-66
-92
-92
-85
-87
-85
-92
-110
-96
-94
-102
-69
-81
-78
-74
-68
-84
-78
-45
-52
-54
-62
-49
-63
-80
-74
-62
-68
-68
-73
-84
-71
-71
-74
-78
-82
-93
-85
-108
-102
-108
-118
-106
-110
-112
-116
-105
-105
-97
-102
-92
-85
-92
-91
-85
-81
-82
-79
-81
-85
-93
-102
-87
-99
-94
-91
-109
-96
-100
-89
-95
-100
-98
-101
-108
-112
-104
-117
-126
-118
-123
-112
-112
-105
-118
-114
-114
-98
-98
-92
-103
-112
-115
-111
-108
-111
-103
-108
-115
-130
-117
-117
-122
-116
-108
-111
-111
-117
-117
-121
-115
-121
-125
-119
-113
-114
-116
-113
-105
-109
-97
-99
-80
-87
-92
-82
-100
-85
-98
-95
-91
-91
-90
-94
-96
-90
-93
-94
-99
-83
-84
-93
-88
-80
-85
-81
-90
-93
-65
-90
-85
-88
-86
-94
-91
-72
-84
-75
-76
-93
-74
-72
-67
-62
-58
-41
-60
-46
-58
-52
-60
-63
-47
-44
-41
-35
-42
-47
-44
-55
-48
-49
-24
-24
-36
-46
-54
-61
-61
-54
-51
-51
-49
-38
-36
-42
-37
-37
-47
-40
-32
-25
-8
-9
-13
-14
-8
-3
6
20
3
-2
3
-8
6
8
15
23
8
10
19
27
42
26
32
45
47
42
45
59
54
54
38
50
66
63
59
69
61
53
51
58
55
61
54
43
65
52
50
45
46
52
50
40
30
43
41
38
47
58
52
52
62
51
74
51
58
50
47
62
61
61
65
60
58
44
37
56
58
48
45
55
54
37
49
57
54
49
49
56
42
42
25
10
13
23
29
15
26
29
34
32
40
27
21
35
35
23
30
52
39
25
32
53
41
42
35
21
42
36
46
48
40
29
23
13
22
18
10
35
31
29
14
25
23
30
21
3
9
0
14
-6
5
16
-3
16
3
4
14
-4
-3
-8
-9
-12
-3
0
-6
2
-10
-16
-18
-15
-16
-12
-22
-15
-10
-8
-1
-8
-8
-14
-7
-2
-11
-24
-9
-4
-4
4
-6
3
-11
-5
3
-15
-5
-17
-21
-27
-15
-15
-12
-12
-17
-6
-34
-35
-33
-52
-30
-42
-37
-49
-48
-41
-69
-41
-47
-53
-49
-59
-58
-56
-43
-43
-42
-49
-67
-73
-66
-61
-61
-56
-58
-67
-73
-68
-57
-54
-57
-58
-65
-59
-68
-59
-47
-52
-42
-45
-39
-44
-47
-48
-30
-25
-47
-33
-42
-39
-35
-32
-30
-43
-38
-60
-58
-54
-73
-60
-77
-70
-67
-77
-80
-76
-67
-70
-63
-75
-74
-57
-53
-61
-57
-52
-44
-48
-75
-66
-47
-45
-52
-30
-29
-25
-28
-10
2
-16
1
-9
-4
-6
-1
1
-4
0
-8
-18
-5
-9
-18
-20
-23
-1
-19
-15
-3
2
-4
0
4
-12
1
-4
13
10
6
14
10
2
10
18
22
23
16
38
17
18
23
16
5
8
11
10
10
4
-6
7
-12
-13
11
4
18
13
12
21
12
29
34
28
35
30
30
38
39
32
40
40
31
23
37
32
32
40
38
22
41
35
21
28
35
30
5
33
26
18
22
19
20
6
11
21
35
29
40
37
51
49
27
64
72
77
72
83
90
73
77
73
87
100
96
84
90
88
100
95
110
103
87
96
105
108
101
103
109
114
89
93
91
96
93
95
92
98
104
95
101
92
94
83
94
102
98
106
113
94
89
111
92
106
98
96
99
89
91
110
103
91
106
96
101
83
89
81
85
81
72
79
78
65
62
81
60
56
56
66
69
56
55
71
64
92
93
65
66
62
62
41
56
67
52
52
48
46
35
44
43
48
40
35
48
28
49
41
29
27
39
50
40
40
41
37
35
42
53
58
46
59
37
60
59
51
52
49
65
46
51
50
56
45
44
51
45
34
23
33
43
35
23
18
28
3
4
5
11
4
4
4
-15
3
-12
-7
-22
-27
-13
-25
-22
-14
-15
-23
-24
-21
-31
-26
-32
-27
-28
-38
-48
-40
-38
-51
-53
-30
-29
-39
-44
-56
-44
-46
-61
-71
-52
-62
-64
-65
-78
-79
-65
-69
-76
-68
-65
-69
-64
-66
-73
-62
-56
-67
-53
-60
-58
-42
-58
-43
-48
-52
-31
-42
-37
-36
-32
-36
-35
-38
-28
-34
-58
-44
-63
-60
-43
-52
-46
-40
-37
-46
-46
-47
-57
-60
-75
-75
-49
-69
-64
-60
-79
-75
-80
-57
-67
-66
-67
-65
-67
-63
-58
-78
-75
-77
-76
-76
-81
-78
-72
-80
-83
-81
-76
-75
-88
-72
-79
-82
-91
-90
-97
-76
-87
-106
-101
-99
-90
-75
-69
-86
-78
-84
-81
-75
-62
-76
-56
-54
-68
-55
-51
-56
-55
-57
-60
-54
-66
-65
-54
-60
-52
-44
-54
-48
-35
-41
-50
-35
-43
-40
-28
-27
-16
-21
-19
-21
-20
-7
-14
-6
7
-9
3
5
16
13
5
10
17
12
26
36
16
9
25
15
25
29
19
40
29
41
27
29
33
42
46
31
60
57
43
45
45
51
51
45
60
45
37
54
48
50
50
59
56
50
32
41
45
39
60
51
45
38
51
53
58
62
54
60
57
70
64
73
76
86
97
84
70
86
93
76
72
86
91
78
87
100
84
81
88
108
98
89
98
95
106
87
89
99
90
88
99
96
103
117
103
95
107
98
102
111
99
94
98
113
117
94
82
75
79
95
78
84
86
91
65
81
87
79
87
79
73
76
78
85
95
81
77
78
67
71
64
58
67
54
60
49
44
40
33
34
22
10
25
16
27
29
2
8
1
-10
-1
-4
5
10
-1
-6
0
-28
-14
-19
-25
-22
-32
2
-5
-13
-16
-24
-15
-12
-36
-41
-28
-14
-21
-27
-24
-29
-31
-16
-18
-18
-11
-10
-13
-27
-17
-18
-7
-12
-24
-15
-9
-16
-11
-19
-16
-18
-32
-23
-21
-33
-38
-34
-42
-43
-41
-32
-27
-54
-45
-25
-44
-43
-40
-43
-35
-46
-38
-36
-46
-42
-55
-45
-39
-53
-48
-33
-37
-32
-43
-63
-45
-57
-61
-55
-58
-55
-68
-73
-69
-61
-57
-57
-71
-66
-64
-69
-63
-51
-51
-47
-33
-39
-52
-52
-47
-34
-34
-34
-32
-45
-39
-27
-41
-34
-27
-44
-46
-51
-54
-44
-44
-53
-55
-39
-24
-23
-37
-23
-29
-42
-38
-31
-8
-17
-29
-21
-15
-27
-10
-6
-14
-17
-9
5
-17
-3
-18
-15
-37
-33
-19
-7
-6
-7
-7
-29
-3
-13
-13
-4
-5
-9
6
-9
-5
-6
-3
2
11
9
-6
-3
-2
10
7
14
10
14
12
12
33
18
18
32
22
25
40
20
30
15
20
26
39
34
27
48
30
33
32
37
31
20
26
41
45
41
49
46
47
41
42
52
51
52
49
42
29
49
70
61
59
61
59
64
51
54
67
62
60
