4
5
-3
6
9
4
-1
3
0
7
1
5
0
-8
3
12
9
-4
5
8
16
12
6
5
0
11
15
10
22
9
13
8
21
20
11
15
10
16
0
13
2
6
-1
4
11
-4
2
0
7
3
7
-3
10
-4
1
8
-5
10
10
13
7
5
-1
1
9
-13
-5
-3
2
-5
-8
-5
-14
-12
-21
-26
-30
-30
-34
-27
-20
-15
-24
-23
-7
-22
-13
-8
-19
-28
-16
-1
-3
5
4
11
-2
2
-6
-10
5
6
10
5
-3
-4
14
-1
7
-1
-13
0
9
20
1
6
18
20
2
9
29
2
8
31
27
26
30
26
8
22
19
30
38
25
36
25
36
22
37
31
33
31
30
48
36
39
38
37
32
55
60
51
45
35
37
22
40
21
25
33
23
16
36
49
29
37
29
41
39
37
34
40
37
46
34
34
29
27
29
29
33
42
39
35
32
31
42
35
43
41
32
35
51
55
42
46
45
54
33
37
51
37
25
39
16
24
14
28
54
36
56
50
53
48
60
50
47
54
60
59
44
57
59
57
51
41
42
39
55
64
69
74
72
65
59
56
69
63
57
49
58
61
45
58
54
74
58
55
55
44
47
39
51
47
62
68
60
55
45
51
52
54
59
26
37
52
47
41
53
50
60
59
51
73
55
73
71
70
76
62
69
62
39
56
70
63
51
48
67
56
55
51
44
44
52
60
44
66
57
55
54
51
76
60
58
56
71
51
77
79
70
70
64
88
71
80
72
68
76
67
66
66
67
68
57
59
71
63
67
57
56
57
53
60
61
45
43
43
53
54
54
67
63
59
51
52
60
43
46
36
56
59
40
37
45
48
44
43
34
44
25
43
35
28
31
35
37
37
33
28
26
38
19
33
47
24
21
18
31
12
25
33
17
23
25
8
15
20
26
30
19
25
19
32
26
22
27
13
21
10
13
16
17
19
9
17
16
32
11
14
25
21
34
35
23
19
14
8
8
15
20
29
22
20
21
28
16
34
20
11
25
21
15
15
14
22
32
20
37
12
16
16
13
21
21
25
33
20
12
18
11
5
8
28
14
2
11
1
7
23
6
11
16
11
-2
4
18
18
17
13
19
11
21
18
5
2
13
16
20
31
10
21
24
5
25
26
17
24
22
25
32
27
33
27
34
41
41
44
32
37
25
30
27
20
21
20
31
27
35
38
25
24
33
28
33
23
25
27
12
37
47
38
28
43
21
30
37
30
38
43
47
27
44
40
33
42
27
34
35
29
31
25
28
29
28
22
32
24
29
27
32
26
28
30
33
23
22
35
19
18
13
25
15
2
17
18
7
8
19
26
11
17
13
24
21
25
26
20
22
23
22
10
12
22
26
9
12
13
-5
-3
-14
4
1
6
-1
-8
-1
2
1
-2
-7
-6
6
8
-1
-16
-13
-9
-5
-3
-17
0
1
-3
0
-2
11
0
-3
1
-10
-2
-13
-12
-6
-6
-3
-2
1
2
-7
-4
-8
-1
-6
-7
10
3
12
-4
-10
-5
0
7
-8
2
1
0
7
2
-7
-13
-4
-4
-9
-12
-6
-8
-10
3
-20
-16
-25
-26
-18
-22
-19
-28
-23
-26
-23
-28
-30
-17
-19
-24
-19
-21
-12
-24
-30
-14
-4
-21
-10
0
-16
-26
-28
-13
-30
-3
-10
-20
-22
-15
7
-21
7
5
-27
-10
-5
-8
-18
-15
-6
-6
3
0
-13
-6
-8
-11
-1
-8
-15
-3
-1
-13
-4
2
-9
-12
-20
-11
12
-2
-4
-18
-6
6
10
-13
-12
5
-11
-1
-7
2
-3
-12
-6
-4
-7
4
-2
-3
-6
-13
-18
-17
-9
-29
-34
-38
-22
-18
-29
-35
-43
-42
-45
-44
-53
-46
-52
-38
-17
-34
-15
-28
-16
-22
-18
-26
-30
-41
-40
-29
-27
-20
-25
-25
-34
-11
-32
-21
-39
-36
-25
-30
-41
-30
-32
-35
-46
-59
-47
-56
-47
-51
-64
-43
-48
-44
-47
-51
-39
-39
-33
-45
-49
-25
-49
-55
-26
-48
-41
-46
-54
-34
-32
-27
-36
-41
-59
-66
-46
-36
-46
-53
-49
-54
-50
-58
-49
-51
-55
-56
-70
-65
-64
-50
-55
-61
-66
-64
-54
-42
-39
-49
-46
-61
-74
-60
-54
-50
-50
-39
-42
-37
-40
-60
-33
-45
-44
-63
-45
-44
-52
-45
-62
-48
-47
-41
-45
-60
-61
-74
-79
-57
-57
-60
-60
-59
-40
-57
-65
-76
-65
-67
-73
-69
-72
-66
-62
-73
-64
-65
-69
-68
-65
-69
-68
-71
-73
-76
-88
-83
-86
-76
-77
-79
-89
-86
-83
-61
-63
-78
-79
-81
-82
-76
-72
-87
-78
-89
-78
-70
-72
-70
-71
-76
-70
-72
-90
-86
-64
-81
-91
-81
-80
-78
-78
-67
-72
-77
-83
-83
-76
-88
-74
-69
-77
-80
-80
-86
-87
-72
-69
-65
-78
-63
-65
-65
-67
-74
-77
-63
-67
-73
-76
-78
-64
-60
-38
-57
-67
-55
-52
-54
-51
-60
-62
-46
-47
-47
-62
-54
-51
-62
-64
-67
-55
-60
-53
-41
-52
-69
-64
-60
-41
-40
-49
-52
-47
-55
-54
-49
-54
-48
-47
-34
-58
-53
-62
-65
-45
-53
-59
-63
-59
-76
-69
-71
-75
-72
-66
-73
-67
-68
-75
-88
-86
-82
-79
-74
-80
-78
-85
-74
-81
-84
-83
-87
-91
-79
-82
-88
-86
-85
-72
-97
-78
-62
-86
-68
-81
-85
-82
-73
-73
-79
-77
-73
-78
-77
-81
-88
-88
-94
-80
-80
-84
-73
-85
-84
-79
-68
-73
-81
-63
-67
-67
-60
-64
-72
-54
-63
-76
-86
-83
-88
-88
-74
-78
-77
-94
-99
-89
-89
-83
-79
-76
-76
-83
-88
-90
-87
-84
-69
-75
-76
-71
-89
-79
-72
-78
-81
-82
-79
-58
-54
-65
-62
-61
-69
-71
-69
-64
-69
-59
-75
-86
-69
-63
-47
-60
-60
-57
-54
-50
-58
-51
-48
-54
-62
-64
-44
-62
-53
-54
-63
-56
-65
-63
-52
-58
-74
-70
-61
-51
-56
-49
-43
-36
-41
-43
-41
-53
-43
-32
-35
-44
-57
-47
-28
-31
-22
-22
-32
-30
-45
-30
-30
-46
-49
-35
-36
-49
-57
-48
-41
-57
-62
-44
-34
-43
-46
-40
-40
-50
-54
-48
-41
-33
-56
-45
-40
-34
-42
-58
-49
-35
-56
-64
-52
-54
-57
-52
-62
-50
-50
-52
-53
-39
-50
-63
-45
-43
-56
-44
-45
-43
-39
-47
-29
-48
-42
-48
-51
-50
-53
-50
-46
-33
-50
-36
-46
-30
-36
-54
-36
-41
-41
-34
-29
-52
-28
-31
-42
-30
-47
-33
-18
-24
-38
-28
-41
-30
-25
-33
-36
-51
-36
-53
-50
-52
-45
-30
-43
-45
-43
-59
-60
-57
-68
-53
-42
-62
-54
-43
-51
-67
-52
-42
-55
-52
-53
-44
-48
-52
-46
-36
-40
-58
-49
-51
-62
-28
-46
-43
-34
-34
-41
-50
-41
-36
-35
-52
-37
-50
-38
-43
-47
-26
-47
-30
-35
-46
-53
-44
-57
-52
-30
-30
-36
-43
-35
-30
-37
-44
-24
-40
-42
-36
-44
-24
-38
-30
-38
-44
-36
-38
-42
-35
-21
-43
-45
-48
-57
-49
-56
-65
-49
-57
-41
-47
-49
-49
-57
-50
-64
-50
-52
-65
-77
-52
-53
-44
-41
-53
-66
-72
-62
-59
-52
-66
-73
-73
-72
-69
-64
-53
-58
-61
-64
-59
-62
-81
-72
-67
-59
-75
-71
-61
-73
-71
-72
-74
-83
-73
-73
-70
-83
-70
-63
-55
-55
-67
-65
-60
-67
-60
-66
-72
-61
-64
-54
-63
-57
-69
-61
-58
-44
-42
-54
-58
-52
-53
-50
-46
-53
-47
-53
-41
-42
-34
-28
-32
-38
-39
-39
-41
-28
-35
-20
-28
-34
-35
-40
-45
-45
-40
-47
-42
-25
-35
-52
-42
-35
-46
-45
-38
-30
-40
-50
-63
-53
-49
-55
-32
-46
-46
-26
-35
-45
-37
-51
-50
-43
-52
-50
-43
-28
-26
-37
-43
-30
-34
-41
-47
-59
-26
-30
-26
-41
-43
-47
-52
-32
-38
-33
-38
-29
-37
-34
-31
-46
-37
-36
-55
-36
-31
-28
-25
-25
-44
-43
-45
-53
-46
-55
-27
-39
-30
-24
-31
-62
-51
-29
-48
-36
-33
-36
-48
-52
-34
-29
-49
-38
-38
-38
-49
-47
-40
-44
-60
-45
-35
-47
-49
-52
-43
-49
-51
-53
-38
-33
-39
-48
-34
-32
-43
-31
-45
-53
-53
-48
-48
-47
-54
-46
-51
-57
-46
-36
-37
-44
-40
-40
-34
-35
-38
-23
-19
-29
-25
-39
-35
-24
-35
-27
-32
-39
-23
-39
-43
-34
-31
-13
-24
-30
-31
-10
-25
-29
-19
-18
-15
-25
-18
-17
-11
-12
-16
-27
-29
-26
-27
-25
-13
0
-12
-11
-5
-9
-14
-13
-12
1
-6
-12
-8
-19
-6
-11
-15
4
-17
-18
-19
-37
-19
-25
-30
-36
-30
-20
-33
-15
-22
-28
-30
-6
-28
-47
-27
-40
-42
-47
-44
-39
-58
-61
-51
-55
-40
-45
-54
-54
-42
-54
-55
-37
-34
-53
-55
-41
-46
-40
-57
-57
-48
-50
-40
-40
-54
-44
-34
-44
-53
-60
-45
-45
-53
-51
-51
-46
-42
-39
-39
-43
-39
-47
-32
-31
-40
-52
-43
-62
-39
-46
-62
-46
-68
-55
-60
-63
-47
-61
-71
-66
-70
-61
-55
-47
-49
-62
-59
-64
-49
-54
-48
-43
-46
-63
-56
-50
-40
-45
-65
-64
-65
-59
-62
-57
-70
-78
-73
-68
-74
-66
-69
-66
-69
-74
-55
-79
-78
-63
-68
-55
-50
-66
-66
-69
-48
-54
-65
-49
-49
-46
-52
-55
-50
-56
-50
-52
-56
-47
-65
-49
-41
-44
-58
-45
-42
-52
-38
-28
-39
-48
-56
-39
-40
-32
-35
-32
-28
-31
-26
-38
-37
-33
-32
-31
-33
-31
-42
-41
-29
-43
-50
-57
-35
-43
-44
-42
-60
-48
-43
-46
-47
-56
-35
-53
-44
-34
-44
-34
-28
-28
-39
-33
-21
-7
-19
-16
-18
-18
-8
-11
3
-7
-20
-24
-15
0
-8
-14
-9
7
7
4
-6
-15
-9
-3
-5
-18
-24
-15
-31
-28
-22
-15
-7
-26
-10
-28
-26
-23
-20
-24
-18
-21
-32
-18
-8
-13
-15
-19
-22
-27
-24
-20
-25
-20
-19
-20
-23
-23
-18
-32
-15
-24
-9
-7
-28
-27
-27
-25
-35
-33
-49
-34
-25
-31
-41
-37
-24
-25
-35
-22
-39
-42
-20
-34
-35
-27
-24
-6
-30
-32
-23
-41
-41
-38
-32
-30
-31
-30
-42
-28
-43
-49
-46
-33
-29
-58
-54
-50
-38
-49
-53
-54
-56
-50
-44
-44
-49
-56
-42
-42
-59
-42
-57
-45
-44
-50
-33
-25
-17
-35
-66
-44
-40
-38
-39
-40
-45
-34
-30
-38
-25
-28
-45
-37
-41
-54
-46
-43
-38
-53
-41
-41
-46
-44
-37
-52
-60
-49
-53
-52
-61
-55
-56
-55
-60
-61
-50
-44
-46
-45
-59
-58
-51
-55
-58
-47
-53
-61
-54
-54
-45
-50
-50
-53
-51
-49
-46
-33
-39
-49
-48
-63
-51
-42
-58
-59
-62
-64
-62
-56
-46
-44
-59
-61
-57
-50
-60
-63
-63
-73
-67
-86
-73
-69
-48
-47
-54
-77
-54
-41
-50
-41
-48
-52
-58
-37
-52
-44
-48
-45
-57
-59
-49
-46
-32
-41
-27
-23
-37
-22
-31
-42
-44
-32
-28
-34
-41
-43
-44
-37
-35
-21
-37
-41
-31
-36
-37
-31
-34
-34
-31
-40
-29
-32
-9
-28
-26
-24
-26
-18
-20
-24
-29
-31
-34
-22
-37
-23
-27
-22
-34
-20
-19
-27
-33
-42
-40
-45
-43
-39
-21
-26
-17
-19
-33
-25
-19
-29
-31
-42
-42
-34
-36
-48
-49
-39
-58
-44
-43
-45
-40
-51
-58
-69
-54
-40
-58
-57
-57
-52
-55
-57
-52
-45
-43
-49
-31
-37
-51
-37
-42
-48
-57
-45
-51
-69
-63
-61
-45
-50
-70
-49
-66
-72
-55
-56
-53
-71
-61
-57
-53
-53
-58
-50
-42
-55
-35
-36
-42
-49
-70
-40
-44
-45
-54
-52
-21
-45
-35
-32
-44
-54
-56
-31
-46
-58
-52
-40
-33
-41
-42
-52
-51
-42
-41
-57
-55
-55
-41
-50
-42
-49
-46
-46
-41
-30
-50
-44
-43
-48
-53
-49
-60
-48
-38
-50
-59
-57
-59
-54
-61
-49
-62
-45
-46
-63
-47
-51
-63
-68
-63
-60
-40
-60
-56
-44
-40
-73
-62
-51
-67
-56
-41
-43
-69
-56
-58
-64
-67
-60
-67
-71
-59
-55
-63
-52
-51
-74
-62
-63
-59
-72
-66
-72
-60
-55
-63
-60
-62
-51
-67
-50
-63
-66
-57
-61
-73
-52
-57
-61
-59
-56
-46
-63
-48
-60
-60
-66
-49
-66
-70
-72
-93
-65
-57
-64
-76
-77
-67
-66
-63
-71
-65
-66
-81
-73
-85
-78
-74
-60
-74
-81
-76
-89
-91
-96
-92
-89
-88
-69
-73
-76
-63
-76
-75
-82
-91
-79
-83
-83
-94
-83
-84
-93
-79
-96
-74
-71
-74
-88
-82
-80
-83
-80
-88
-84
-87
-78
-78
-82
-80
-74
-91
-76
-82
-93
-82
-80
-78
-87
-79
-76
-63
-93
-73
-76
-87
-72
-88
-77
-73
-74
-76
-70
-71
-71
-56
-58
-54
-66
-72
-65
-69
-52
-57
-56
-67
-58
-59
-59
-54
-63
-75
-70
-66
-64
-55
-63
-50
-44
-57
-57
-54
-70
-49
-64
-66
-64
-69
-70
-54
-51
-64
-53
-68
-60
-65
-76
-72
-74
-68
-66
-70
-74
-63
-66
-77
-55
-64
-57
-49
-58
-62
-61
-56
-62
-72
-69
-61
-80
-74
-60
-55
-72
-67
-53
-56
-66
-64
-62
-46
-54
-51
-50
-62
-35
-53
-58
-49
-46
-45
-37
-46
-42
-34
-61
-41
-30
-37
-51
-43
-38
-45
-43
-44
-48
-62
-53
-38
-40
-41
-42
-41
-39
-43
-52
-49
-39
-45
-49
-55
-45
-53
-40
-41
-51
-47
-49
-50
-57
-60
-77
-48
-47
-43
-47
-44
-43
-57
-57
-66
-63
-57
-64
-76
-74
-72
-61
-62
-71
-63
-58
-68
-58
-71
-55
-58
-65
-74
-66
-54
-66
-69
-59
-64
-55
-44
-45
-52
-49
-49
-42
-49
-66
-44
-56
-61
-52
-63
-50
-59
-54
-42
-58
-52
-62
-57
-56
-52
-57
-56
-50
-60
-55
-51
-51
-61
-59
-64
-71
-64
-70
-51
-53
-69
-64
-71
-56
-75
-71
-66
-58
-58
-56
-43
-56
-49
-56
-47
-61
-52
-60
-65
-51
-56
-32
-38
-37
-37
-48
-54
-47
-40
-40
-37
-45
-56
-40
-39
-37
-27
-33
-46
-39
-44
-50
-41
-52
-38
-47
-53
-38
-49
-42
-32
-49
-33
-36
-38
-27
-38
-44
-52
-37
-36
-35
-40
-28
-15
-24
-27
-45
-34
-32
-30
-42
-29
-18
-28
-32
-37
-35
-43
-48
-47
-39
-31
-41
-56
-38
-39
-38
-38
-36
-33
-38
-32
-40
-32
-17
-20
-19
-20
-36
-28
-33
-35
-34
-21
-26
-37
-28
-46
-31
-38
-40
-38
-43
-26
-22
-32
-36
-29
-36
-39
-36
-45
-35
-32
-33
-37
-32
-46
-30
-39
-24
-27
-43
-33
-35
-34
-37
-30
-36
-19
-22
-29
-34
-30
-4
-4
-14
-14
-15
-13
-26
-48
-25
2
-9
-26
-26
-28
-26
-28
-24
-28
-23
-22
-23
-14
-6
-10
-9
4
-24
-27
-19
-32
-22
-12
-12
-23
-20
-30
-17
-16
-15
-29
-31
-35
-26
-21
-34
-39
-31
-26
-35
-30
-19
-23
-15
-22
-28
-10
-18
-11
-30
-23
-21
-35
-38
-43
-15
-28
-30
-23
-25
-23
-31
-20
-29
-36
-26
-26
-28
-36
-28
-23
-21
-35
-30
-20
-22
-11
-31
-25
-27
-12
-9
-20
-27
-11
-12
-23
-7
-12
-15
-6
-3
-11
-13
-8
-15
-22
-16
-15
-15
-12
-13
0
-6
-1
8
-5
-15
-20
-13
-14
-14
-11
-18
-16
-17
5
-8
0
8
7
-1
14
21
11
34
11
19
22
22
27
22
13
13
21
20
20
10
3
8
15
11
27
46
19
16
34
23
22
26
11
14
27
16
17
20
27
13
3
22
12
19
30
3
0
8
6
-1
-4
13
-1
2
12
4
0
-11
-10
-1
2
14
-11
3
8
1
7
6
14
-8
4
7
-1
0
4
7
-3
-9
-2
-5
3
-8
-2
-5
-4
-10
-10
9
3
-6
-2
-6
11
22
-2
22
18
19
20
2
13
13
27
20
27
23
21
20
3
2
17
18
11
24
17
16
5
6
8
3
19
20
21
34
25
13
20
18
11
22
16
16
24
24
32
23
31
45
26
29
31
28
37
26
29
31
25
32
26
27
38
44
37
30
38
21
23
34
32
42
22
36
29
18
24
17
28
25
19
24
17
34
27
43
23
34
38
19
26
32
30
35
30
37
51
29
45
37
44
29
30
36
46
30
27
29
21
39
25
29
31
29
34
31
30
30
34
25
19
16
25
32
24
38
39
49
47
43
39
40
43
51
52
43
33
37
52
41
50
51
46
37
32
35
41
32
50
24
30
32
32
37
29
32
32
29
45
41
32
56
44
44
36
31
33
33
31
44
37
36
25
35
48
35
44
41
38
28
41
28
29
24
26
49
46
46
43
53
39
36
45
39
38
51
39
55
41
45
36
34
43
29
40
48
56
45
45
48
36
48
26
51
48
37
46
36
46
41
38
31
40
45
38
32
31
26
23
22
16
26
20
26
22
23
20
23
34
10
21
17
16
4
17
24
34
34
23
23
12
21
28
25
18
17
10
15
20
31
40
38
29
25
40
41
24
12
35
16
11
19
26
15
18
25
17
20
26
37
39
23
33
34
27
34
31
40
25
45
20
10
25
21
18
14
27
37
35
5
-2
7
15
14
10
21
20
34
23
37
27
44
35
34
44
44
44
38
47
34
36
48
44
53
40
52
47
30
65
46
43
72
59
43
52
47
60
57
57
57
53
64
57
57
57
37
60
50
50
49
41
39
56
47
28
40
38
63
58
51
50
58
50
55
50
56
62
60
58
57
62
64
68
56
74
64
57
51
61
74
62
59
66
64
65
64
59
55
51
60
55
44
35
47
45
39
47
40
56
66
50
50
46
58
58
42
71
77
53
76
70
69
83
82
88
92
73
74
71
72
76
83
70
71
77
68
74
78
96
82
75
75
78
85
83
91
95
82
93
76
85
84
86
86
79
84
81
83
77
79
83
82
90
92
93
84
82
93
92
88
68
75
71
86
93
84
71
87
78
86
64
74
74
74
79
63
78
76
82
76
91
78
88
87
84
82
81
83
73
78
79
77
84
68
87
77
73
63
60
73
73
68
57
72
61
69
56
73
73
75
73
61
67
56
59
51
59
56
59
64
68
85
75
65
74
58
69
65
57
64
56
57
55
74
65
65
60
74
82
81
90
88
79
76
69
77
81
60
73
72
69
60
54
65
65
82
69
61
81
80
75
77
75
66
75
67
64
72
71
70
73
66
64
65
53
53
53
48
56
57
59
42
51
63
50
51
61
69
65
61
54
54
52
46
51
59
58
61
61
64
48
60
60
65
70
77
69
64
62
49
59
60
68
78
76
69
69
58
57
64
58
79
74
60
63
63
63
42
58
72
66
63
66
49
68
62
59
57
65
85
65
55
58
70
69
77
62
74
86
73
80
72
82
83
71
84
67
77
72
62
60
61
67
44
46
76
60
59
52
53
52
39
46
52
61
65
58
51
34
45
59
43
49
45
50
47
52
56
44
43
49
52
33
38
45
44
52
44
48
51
50
50
40
50
66
53
54
61
47
56
37
28
33
33
46
38
34
32
38
39
33
24
47
33
25
42
25
21
42
44
36
55
35
33
40
36
34
39
37
46
31
38
22
32
30
33
42
17
18
30
37
29
29
51
25
28
23
4
18
14
24
22
18
36
28
40
26
26
30
38
37
28
39
30
39
21
11
32
19
24
23
13
26
27
19
18
26
17
18
22
14
10
6
13
23
22
12
19
18
20
31
7
15
11
22
28
11
20
24
16
19
33
22
39
24
17
17
19
18
5
10
7
16
22
21
34
18
18
16
16
22
1
0
-17
8
26
-3
2
-3
-4
5
-3
4
14
-4
1
2
1
4
-1
9
-12
7
-16
-5
2
-3
7
-3
-1
-7
15
-5
-5
-5
3
-16
-23
-29
-28
-23
-32
-36
-27
-43
-29
-41
-49
-30
-32
-26
-33
-21
-33
-35
-33
-26
-39
-41
-47
-29
-26
-37
-44
-38
-26
-38
-44
-50
-42
-37
-34
-49
-49
-32
-32
-37
-49
-48
-43
-46
-34
-44
-36
-39
-39
-43
-33
-32
-38
-25
-41
-48
-48
-32
-35
-35
-33
-26
-39
-28
-33
-56
-62
-49
-35
-52
-56
-57
-49
-42
-44
-45
-53
-54
-52
-56
-34
-53
-60
-60
-55
-52
-57
-74
-74
-64
-65
-60
-56
-52
-51
-54
-54
-57
-72
-55
-51
-60
-49
-34
-54
-65
-44
-48
-42
-40
-42
-56
-48
-48
-57
-45
-57
-59
-52
-45
-50
-48
-47
-50
-44
-55
-50
-52
-56
-57
-51
-56
-55
-56
-49
-48
-63
-46
-59
-42
-49
-64
-66
-57
-51
-57
-43
-43
-54
-39
-49
-61
-57
-59
-40
-65
-66
-53
-59
-56
-52
-47
-48
-60
-61
-50
-52
-43
-55
-60
-46
-66
-65
-52
-51
-68
-49
-54
-57
-63
-68
-48
-59
-61
-63
-55
-64
-59
-66
-82
-74
-73
-73
-71
-63
-65
-69
-76
-74
-80
-78
-69
-67
-73
-65
-77
-86
-82
-85
-76
-59
-75
-67
-70
-64
-57
-62
-65
-63
-64
-62
-66
-64
-50
-57
-59
-63
-54
-52
-64
-70
-60
-67
-57
-63
-63
-52
-59
-53
-48
-47
-51
-48
-47
-59
-43
-48
-39
-35
-46
-38
-42
-37
-31
-27
-28
-46
-43
-29
-38
-47
-34
-40
-33
-18
-36
-47
-34
-27
-25
-35
-36
-24
-36
-23
-43
-29
-35
-45
-36
-40
-36
-31
-41
-31
-27
-32
-19
-31
-36
-37
-24
-30
-33
-13
-19
-17
-17
-9
-7
-13
-6
-10
-5
6
-1
3
-4
-11
-3
-13
-9
-11
-23
-27
-17
-19
-4
-1
-10
-16
-15
-21
-26
-29
-24
-14
-19
-13
-23
-25
-22
-17
-33
-21
-6
-9
-6
-12
-6
-15
-1
-3
-18
-21
-21
-20
-22
-21
-11
-2
4
6
-10
1
1
-6
-12
-7
0
1
3
3
0
-1
12
-2
-4
-16
-7
-3
-10
-9
-5
-32
-22
-11
-10
-7
-17
-22
-10
-15
-27
-20
-12
-24
-17
-24
-30
-25
-22
-27
-37
-20
-13
-19
-13
2
-16
-9
2
-17
-8
3
3
-16
-1
-7
-30
-19
-22
-25
-15
-9
-24
-41
-28
-43
1
-23
-35
-18
-21
2
-9
6
-19
0
-7
-10
-21
-14
-9
-11
-8
-11
0
1
-6
-11
-8
-5
0
0
6
-6
-2
-3
-2
9
12
14
-5
6
19
14
-2
-5
14
-8
-2
4
5
13
5
1
4
4
-1
3
15
13
23
5
-3
12
4
12
-2
22
16
3
2
-2
7
2
16
18
15
22
14
-1
13
7
7
16
4
0
7
16
9
0
26
25
13
31
12
7
15
22
25
9
25
8
8
13
-1
-7
-21
-20
-7
-7
-2
-8
10
-4
-4
13
10
20
1
9
-4
8
22
12
17
20
25
14
15
12
9
-3
0
16
-12
11
-2
11
1
1
-13
-10
-13
-2
1
5
10
-11
17
14
15
17
18
17
1
-4
16
1
16
16
-10
-3
3
0
6
5
-5
1
-2
3
-1
-17
-12
0
3
-1
4
2
-9
3
9
6
3
0
-1
-6
2
4
-2
-5
3
0
-5
9
1
18
6
7
10
-3
-10
-14
-12
-22
-12
-5
-11
-12
-15
-5
-20
-17
-31
-33
-15
-15
-14
-7
-14
-16
-17
-13
-12
-14
-17
-27
-4
-15
3
-8
-13
-17
-3
3
-15
-4
-15
-20
-25
-18
-14
-23
-25
-15
2
-1
-17
-8
4
9
9
20
6
4
19
2
16
10
12
8
4
19
3
0
8
19
20
10
11
16
17
16
5
20
7
9
9
8
-2
-10
-1
5
-16
9
19
-8
9
6
8
5
-11
-6
-4
-4
8
-8
-1
9
0
0
-11
-18
-18
-5
-8
-5
-9
-11
6
0
-2
6
5
0
5
7
-7
-2
18
9
10
24
9
-3
13
10
10
10
11
22
19
15
9
10
11
-2
1
30
29
21
25
28
17
12
24
23
17
18
24
27
35
36
42
26
13
33
17
20
23
21
1
20
22
12
17
24
40
36
49
32
33
42
14
13
40
35
33
39
37
38
25
28
24
16
22
13
7
10
10
9
9
22
9
21
14
7
6
6
25
-3
2
0
-3
-11
5
17
2
0
-4
-13
-4
17
16
9
10
0
11
3
-7
8
6
16
19
16
10
19
7
-3
12
29
28
12
18
27
19
11
22
8
14
25
18
-2
15
34
19
17
36
32
31
25
16
24
-7
18
24
17
13
7
17
14
33
18
1
3
13
18
16
17
16
22
18
20
13
26
23
24
17
9
13
7
7
18
-2
6
19
16
9
12
22
17
20
8
6
4
13
15
14
5
8
21
5
-8
-3
-2
1
2
-4
-10
-15
1
-7
-18
-8
-4
-15
-12
8
11
-9
-2
10
7
0
4
-3
7
-5
-7
6
3
2
4
-3
6
4
22
4
-19
-6
1
-5
-7
3
3
15
7
11
14
16
28
10
21
18
2
18
9
19
10
1
2
9
-7
6
6
7
-3
1
23
16
19
18
14
13
23
19
4
4
15
10
-4
6
-2
-2
24
12
25
11
16
27
13
9
8
18
5
3
-1
13
-3
-1
-1
-4
4
2
-1
-7
-7
-17
-14
-3
-20
-22
-13
-14
-5
-18
-19
-6
-7
-6
-15
-8
-21
-22
-28
-22
-14
-16
-8
-16
1
-7
1
-5
-10
-21
-39
-24
-16
-11
-17
-23
-25
-6
-1
-4
-3
-23
-21
-26
-8
-24
-6
-10
-2
-3
-12
-1
7
14
-13
0
-3
12
11
0
9
6
11
13
13
2
0
-4
-14
2
4
-5
-6
-1
-3
0
-8
-13
-3
-18
-15
-3
-2
-1
-3
-8
-6
5
1
-2
8
-8
-6
-14
3
10
11
15
2
9
10
6
0
-2
-3
-1
9
-1
13
6
5
14
7
12
12
16
27
13
33
46
19
30
44
34
29
38
24
20
16
21
33
26
24
24
31
14
25
32
26
31
38
53
38
25
29
33
44
48
24
33
34
44
52
48
63
47
43
55
45
53
41
48
60
55
51
33
47
23
39
31
48
37
33
42
26
56
20
28
30
38
34
31
51
24
39
37
28
25
25
53
32
43
44
27
50
43
43
37
37
40
29
27
27
27
26
32
26
33
29
35
16
7
23
21
13
31
36
31
38
40
37
29
43
33
31
44
43
44
41
42
55
55
57
53
50
44
48
57
42
37
34
33
34
35
46
42
34
42
44
50
50
45
37
30
38
43
39
39
40
32
27
37
29
33
41
48
33
27
34
39
37
40
35
38
38
45
42
50
56
50
46
17
42
25
21
43
34
45
39
24
28
45
32
47
34
37
50
58
59
39
40
32
45
70
64
59
58
52
49
58
68
58
56
54
62
56
52
63
60
54
54
55
74
55
51
46
40
50
59
45
50
38
38
64
47
54
54
50
43
49
65
56
54
64
50
64
73
66
51
50
63
64
54
68
63
51
52
53
66
47
53
58
57
58
60
62
79
77
75
81
67
64
58
64
64
59
74
60
77
75
53
62
63
64
69
68
84
67
69
67
67
68
59
57
68
69
68
63
56
53
46
57
65
68
57
54
73
72
69
76
70
74
70
70
85
84
79
80
82
73
65
80
71
64
70
72
81
79
74
66
74
81
71
71
81
76
74
72
56
70
63
77
89
66
70
76
78
58
52
50
58
61
58
50
53
54
59
61
54
49
62
54
46
77
57
66
59
50
56
60
73
65
56
55
55
37
61
47
42
58
53
50
53
57
58
55
43
51
60
53
56
44
46
66
43
42
42
51
51
55
66
52
58
51
47
54
47
54
47
61
48
38
41
30
35
24
29
34
40
50
22
44
41
19
28
26
30
46
43
26
44
28
35
43
47
39
29
31
17
24
17
9
19
35
33
38
29
47
41
34
35
29
32
33
22
36
41
44
50
18
30
31
33
28
45
45
42
44
32
37
39
57
43
39
22
17
35
37
37
24
28
31
35
33
31
31
32
33
29
23
13
27
24
31
24
30
25
29
32
25
22
24
13
27
15
4
24
10
3
8
3
10
-10
-7
14
12
-1
6
5
-16
2
5
-3
-2
-6
8
6
4
17
-10
5
7
8
16
23
15
14
17
12
23
23
28
13
34
35
22
20
34
33
44
36
14
37
30
36
34
27
36
33
31
30
31
27
38
46
47
44
33
28
43
36
28
35
38
41
40
36
50
41
30
18
19
45
35
29
43
25
34
47
32
28
36
36
35
49
46
25
41
31
37
31
24
20
0
15
10
8
5
12
2
7
-3
-7
-7
-15
-4
-5
-7
-18
-13
-9
-10
-4
-17
-32
-20
-22
-9
-16
-21
-13
-21
-20
-5
-21
-20
0
-7
-9
13
3
1
20
-4
-6
-1
-6
10
1
12
14
6
21
22
22
27
37
52
42
57
61
56
56
51
64
72
62
73
81
59
86
78
83
76
70
68
69
75
89
82
84
92
86
83
78
80
81
76
55
65
52
56
52
53
56
65
76
50
47
37
46
42
35
30
17
10
-5
-6
-7
-28
-15
-6
-5
-32
-18
-22
-39
-31
-41
-32
-51
-57
-55
-63
-78
-58
-52
-60
-66
-62
-65
-69
-76
-57
-54
-56
-60
-61
-31
-48
-48
-33
-30
-20
-16
4
1
-9
10
6
2
17
32
27
33
28
38
60
65
76
73
96
102
109
105
115
120
130
139
132
141
151
156
187
181
179
184
171
177
182
202
208
198
224
206
222
222
208
209
219
216
193
199
181
172
170
161
131
109
101
70
49
42
14
7
-24
-61
-64
-89
-105
-135
-148
-170
-185
-185
-198
-210
-231
-243
-251
-231
-259
-267
-263
-263
-271
-279
-261
-266
-263
-266
-257
-263
-252
-237
-219
-226
-209
-175
-185
-168
-155
-129
-116
-109
-93
-71
-37
-43
-26
-2
3
30
45
66
90
108
128
142
154
160
183
220
238
258
282
295
326
345
375
397
410
412
444
488
504
532
556
585
596
591
625
633
626
614
571
541
487
436
382
294
236
188
118
58
6
-47
-91
-121
-172
-204
-231
-261
-261
-278
-282
-278
-268
-269
-267
-231
-224
-233
-236
-234
-219
-195
-215
-190
-188
-194
-198
-212
-224
-237
-253
-274
-279
-283
-305
-305
-292
-287
-278
-279
-265
-269
-255
-241
-245
-238
-228
-213
-216
-214
-198
-193
-172
-144
-128
-121
-102
-60
-68
-53
-29
-5
11
21
35
43
64
87
88
114
124
140
146
155
157
159
178
168
181
177
186
196
193
202
210
227
238
251
273
299
299
333
371
376
418
442
464
474
486
482
477
477
444
420
390
347
306
253
216
164
125
77
29
3
-58
-90
-126
-147
-166
-181
-201
-217
-208
-208
-189
-193
-180
-158
-154
-162
-138
-137
-149
-161
-151
-141
-157
-153
-164
-183
-190
-215
-221
-214
-238
-228
-220
-230
-226
-212
-230
-241
-239
-244
-231
-244
-254
-222
-229
-230
-235
-244
-230
-230
-218
-226
-223
-202
-188
-173
-177
-152
-130
-128
-114
-91
-69
-37
-22
-10
12
14
32
45
64
73
96
98
110
120
140
153
152
154
156
160
173
172
198
201
213
230
248
270
294
331
353
372
400
441
460
494
544
576
600
627
629
631
632
620
583
540
489
430
352
281
210
129
77
35
-37
-89
-126
-153
-187
-191
-218
-250
-266
-268
-245
-249
-227
-238
-205
-191
-170
-169
-163
-148
-148
-126
-129
-121
-121
-103
-126
-125
-140
-138
-143
-144
-128
-125
-109
-102
-105
-95
-60
-68
-44
-53
-55
-29
-38
-39
-53
-72
-82
-101
-108
-92
-97
-102
-80
-80
-78
-68
-53
-55
-51
-38
-57
-42
-40
-51
-36
-42
-31
-10
-9
0
20
23
14
20
20
8
2
0
-8
-15
-23
-16
-8
-20
-17
-5
2
4
31
38
43
54
50
72
101
128
146
174
200
249
296
338
381
414
463
505
547
563
571
581
561
550
514
472
418
356
289
229
161
95
43
-9
-58
-78
-106
-123
-137
-150
-149
-140
-152
-131
-142
-143
-131
-117
-120
-113
-88
-66
-37
-29
-4
-13
-20
-19
-25
-32
-53
-65
-85
-101
-134
-142
-134
-152
-131
-114
-110
-84
-84
-85
-72
-64
-67
-61
-79
-86
-120
-140
-146
-157
-156
-168
-148
-135
-124
-125
-103
-94
-99
-88
-85
-103
-112
-123
-115
-118
-122
-122
-100
-108
-87
-76
-77
-73
-78
-60
-63
-58
-73
-70
-69
-79
-81
-65
-60
-65
-62
-43
-33
-17
1
30
41
66
83
98
134
157
200
229
266
299
359
393
435
488
510
543
579
586
585
581
558
532
476
430
358
304
240
176
117
78
46
20
5
-26
-19
-13
2
-13
-19
-19
-33
-54
-73
-71
-77
-61
-51
-43
-25
-23
-12
-9
-2
-17
-21
-29
-47
-73
-94
-101
-117
-136
-141
-145
-165
-132
-126
-106
-95
-87
-87
-68
-60
-71
-93
-110
-132
-160
-167
-180
-192
-202
-196
-175
-180
-160
-159
-153
-142
-154
-147
-161
-154
-162
-166
-174
-166
-160
-154
-135
-122
-107
-90
-70
-67
-69
-57
-68
-65
-46
-37
-58
-53
-40
-61
-28
-15
-21
3
30
31
66
100
103
121
163
195
219
245
266
296
344
393
420
480
532
562
597
623
637
645
643
612
592
523
467
411
330
256
159
74
3
-29
-70
-93
-113
-107
-116
-117
-95
-113
-119
-118
-134
-146
-164
-171
-172
-169
-136
-127
-88
-53
-29
-6
4
13
16
-4
-39
-45
-70
-107
-142
-154
-146
-139
-148
-158
-137
-111
-84
-52
-25
-31
-47
-47
-64
-87
-104
-139
-159
-210
-232
-222
-243
-226
-219
-203
-209
-187
-179
-168
-136
-151
-154
-155
-156
-134
-115
-117
-102
-82
-75
-53
-52
-43
-23
-17
-29
-28
-25
-22
-40
-66
-48
-19
-20
9
1
24
46
33
75
108
111
153
165
187
241
273
318
343
395
437
507
598
663
723
795
837
875
861
850
797
724
618
492
363
204
75
-60
-188
-296
-370
-432
-452
-445
-443
-415
-393
-367
-340
-313
-308
-293
-279
-276
-272
-230
-193
-123
-53
11
74
119
180
197
201
191
169
102
23
-39
-104
-173
-226
-261
-267
-273
-277
-235
-205
-164
-137
-124
-118
-119
-157
-206
-262
-304
-358
-395
-439
-439
-419
-441
-419
-359
-328
-323
-272
-265
-221
-203
-216
-224
-222
-227
-240
-245
-209
-169
-138
-134
-129
-76
-71
-41
-41
-21
-25
-57
-76
-100
-100
-86
-68
-43
-19
5
63
94
140
182
210
277
326
381
440
526
608
682
770
861
977
1140
1267
1361
1404
1390
1330
1203
1021
800
558
267
-36
-344
-594
-786
-943
-1040
-1064
-1048
-987
-894
-786
-650
-562
-485
-429
-336
-266
-220
-159
-87
-6
86
237
352
465
564
632
665
639
595
470
325
139
-59
-256
-449
-588
-682
-738
-764
-706
-646
-569
-471
-373
-299
-249
-244
-247
-265
-306
-342
-392
-408
-439
-410
-369
-309
-261
-225
-173
-147
-153
-192
-212
-274
-309
-355
-410
-426
-440
-440
-414
-386
-344
-280
-221
-169
-144
-124
-98
-89
-71
-104
-110
-112
-132
-123
-125
-112
-79
-46
3
78
150
224
306
371
451
556
655
770
901
1029
1189
1356
1545
1753
1979
2106
2096
1980
1764
1504
1127
657
133
-394
-898
-1372
-1730
-1934
-1988
-2003
-1929
-1732
-1484
-1177
-916
-648
-418
-261
-128
4
162
327
497
626
815
1007
1168
1315
1404
1404
1276
1053
738
380
-5
-436
-845
-1226
-1502
-1685
-1745
-1713
-1595
-1442
-1264
-1058
-845
-639
-472
-345
-252
-153
-62
19
133
272
345
437
495
510
519
440
288
84
-177
-442
-709
-975
-1156
-1305
-1391
-1408
-1334
-1187
-1024
-853
-660
-480
-340
-205
-87
12
81
118
145
164
185
199
195
191
136
80
45
21
-14
-15
-10
-2
30
64
193
336
497
680
865
1097
1352
1649
1959
2262
2556
2858
3024
2860
2534
2101
1597
947
152
-620
-1309
-1939
-2471
-2748
-2785
-2614
-2404
-2170
-1760
-1329
-905
-558
-228
73
248
421
630
919
1228
1497
1665
1858
1993
1993
1886
1616
1266
740
87
-561
-1100
-1585
-1991
-2273
-2407
-2360
-2236
-2013
-1675
-1324
-1036
-800
-553
-282
-22
192
396
619
829
1044
1225
1372
1405
1291
1045
711
313
-141
-628
-1116
-1506
-1845
-2062
-2122
-2049
-1861
-1638
-1389
-1118
-822
-537
-257
-46
122
271
362
429
489
532
520
473
388
281
163
16
-122
-281
-419
-534
-622
-634
-617
-575
-494
-367
-214
-24
216
512
846
1201
1572
1948
2343
2709
3056
3357
3617
3615
3153
2497
1718
909
-18
-1002
-1844
-2520
-3039
-3380
-3363
-3060
-2574
-2209
-1851
-1375
-926
-469
-93
300
662
953
1247
1587
2002
2349
2579
2545
2383
2093
1597
1024
359
-304
-1028
-1720
-2240
-2519
-2613
-2629
-2522
-2365
-2100
-1837
-1511
-1130
-741
-363
-33
328
748
1171
1510
1722
1809
1765
1495
1128
702
233
-269
-841
-1345
-1682
-1923
-2048
-2068
-1994
-1890
-1788
-1629
-1348
-1036
-732
-411
-165
134
438
660
834
923
898
751
557
359
160
-29
-227
-404
-540
-624
-677
-732
-748
-801
-854
-852
-772
-613
-373
-68
272
659
1073
1474
1855
2225
2504
2699
2856
2955
3028
3119
3199
2911
2237
1374
461
-337
-1202
-2061
-2701
-3120
-3385
-3463
-3182
-2591
-1940
-1422
-891
-346
153
687
1136
1568
1933
2123
2281
2409
2538
2524
2266
1744
1114
427
-326
-975
-1587
-2029
-2402
-2701
-2769
-2633
-2354
-2035
-1704
-1334
-952
-578
-116
410
900
1304
1575
1805
1966
1959
1801
1481
1029
432
-301
-966
-1477
-1902
-2188
-2397
-2506
-2418
-2253
-1943
-1579
-1212
-839
-523
-154
282
656
945
1132
1186
1141
1012
801
553
283
-8
-320
-600
-750
-810
-848
-845
-876
-919
-924
-922
-847
-757
-622
-447
-224
114
504
932
1321
1683
1937
2124
2289
2402
2468
2455
2411
2344
2313
2330
2386
2114
1316
384
-538
-1260
-1935
-2554
-2800
-2825
-2721
-2526
-2069
-1376
-725
-311
36
442
773
1155
1542
1964
2358
2444
2405
2257
2067
1713
1071
263
-521
-1217
-1796
-2132
-2263
-2149
-2081
-2050
-1871
-1608
-1305
-1014
-697
-259
161
550
1060
1583
1970
2128
2019
1745
1353
817
202
-406
-960
-1460
-1830
-2083
-2174
-2160
-2140
-2057
-1937
-1718
-1415
-1012
-499
6
469
820
1118
1321
1365
1246
1017
735
383
49
-214
-416
-575
-721
-860
-1000
-1082
-1154
-1180
-1149
-1067
-927
-734
-490
-206
57
273
460
586
752
920
1102
1292
1481
1657
1807
1918
1959
1959
1845
1738
1611
1525
1517
1608
1761
1456
802
49
-631
-1090
-1553
-1961
-2068
-2008
-1887
-1669
-1248
-678
-225
69
375
697
977
1299
1618
1965
2136
2025
1774
1463
1090
599
-39
-676
-1193
-1608
-1808
-1832
-1708
-1502
-1430
-1343
-1145
-866
-564
-209
213
677
1070
1358
1628
1773
1714
1424
990
502
-36
-537
-974
-1300
-1574
-1816
-1986
-2010
-1935
-1818
-1656
-1420
-1081
-668
-217
239
660
947
1070
1048
961
820
635
425
241
78
-112
-316
-477
-641
-826
-1002
-1149
-1199
-1174
-1058
-837
-560
-327
-113
54
168
249
252
252
280
338
494
714
933
1187
1364
1478
1552
1577
1552
1488
1410
1427
1492
1625
1826
2079
2263
1847
1044
116
-691
-1243
-1736
-2061
-2044
-1879
-1710
-1455
-1106
-704
-392
-188
155
557
959
1413
1846
2252
2394
2183
1767
1233
628
20
-578
-1045
-1338
-1557
-1600
-1514
-1395
-1308
-1340
-1280
-1099
-823
-415
93
646
1158
1526
1694
1750
1612
1269
823
347
-81
-473
-824
-1077
-1303
-1513
-1688
-1826
-1827
-1718
-1525
-1210
-831
-391
36
433
753
931
957
857
709
546
410
250
148
38
-100
-287
-498
-637
-810
-954
-1012
-973
-859
-697
-509
-297
-101
8
71
87
68
62
54
92
194
296
460
685
880
1066
1195
1289
1383
1451
1531
1582
1630
1752
1856
1974
2112
2279
2055
1350
479
-375
-930
-1395
-1791
-1926
-1815
-1710
-1591
-1359
-1076
-722
-420
13
574
1055
1498
1834
2133
2235
2051
1644
1109
525
-14
-418
-780
-993
-1183
-1348
-1423
-1462
-1444
-1405
-1298
-1035
-636
-164
334
794
1215
1452
1498
1404
1209
901
555
235
-58
-317
-618
-903
-1182
-1430
-1594
-1688
-1631
-1423
-1148
-791
-394
-2
329
587
720
789
772
652
513
362
231
95
-52
-200
-322
-473
-599
-670
-701
-694
-651
-580
-479
-364
-259
-136
-32
33
59
47
21
-20
-73
-99
-98
-52
71
266
514
739
956
1149
1321
1472
1577
1686
1755
1866
1950
2075
2191
2307
2237
1728
980
118
-581
-1175
-1621
-1819
-1804
-1674
-1550
-1337
-1105
-854
-554
-163
372
896
1335
1719
1956
2065
1968
1653
1185
609
66
-387
-691
-892
-1049
-1149
-1239
-1307
-1308
-1266
-1125
-893
-531
-98
316
702
1004
1208
1259
1206
1054
795
506
221
-16
-246
-478
-761
-1041
-1298
-1456
-1511
-1414
-1178
-878
-540
-248
50
282
448
558
595
578
506
415
283
158
12
-142
-270
-384
-490
-562
-573
-540
-467
-419
-352
-297
-233
-197
-117
-36
22
39
10
-45
-105
-164
-209
-181
-116
10
186
413
685
916
1122
1255
1391
1535
1656
1745
1820
1901
1977
2058
2130
2128
1816
1223
468
-164
-665
-1131
-1402
-1509
-1434
-1300
-1171
-983
-801
-567
-230
220
738
1142
1450
1627
1703
1607
1345
1012
552
101
-216
-467
-642
-819
-942
-1028
-1127
-1149
-1106
-979
-795
-506
-132
238
563
791
932
956
877
788
666
491
283
56
-160
-387
-664
-936
-1153
-1293
-1359
-1289
-1092
-834
-536
-285
-52
104
213
293
367
435
454
444
363
249
95
-75
-214
-301
-350
-412
-451
-453
-423
-423
-401
-368
-323
-252
-175
-72
-17
26
25
-25
-71
-113
-144
-118
-10
140
326
530
733
934
1097
1260
1390
1554
1697
1778
1884
1926
2005
2056
2040
1815
1379
798
198
-233
-673
-974
-1154
-1191
-1080
-1019
-887
-779
-641
-348
29
479
866
1112
1304
1360
1319
1167
924
628
306
69
-138
-290
-455
-617
-776
-928
-1005
-1037
-992
-861
-681
-385
-82
174
419
551
653
692
694
649
563
440
319
153
-76
-321
-619
-858
-1068
-1146
-1111
-1042
-914
-783
-576
-386
-248
-95
34
137
270
387
425
436
378
316
229
121
39
-28
-77
-137
-205
-282
-369
-439
-499
-498
-476
-440
-359
-297
-212
-115
-60
-26
-18
42
99
200
345
523
709
876
1037
1194
1379
1550
1699
1837
1972
2039
2076
2042
1975
1721
1332
891
436
74
-316
-589
-755
-874
-871
-877
-792
-728
-653
-419
-132
212
521
798
973
1042
1072
980
835
646
404
254
73
-79
-216
-354
-471
-636
-741
-811
-876
-897
-830
-699
-520
-338
-167
35
175
304
415
481
501
510
466
398
236
55
-158
-420
-622
-818
-911
-979
-978
-878
-792
-682
-582
-442
-308
-145
28
161
277
320
383
435
436
436
403
364
315
258
166
61
-69
-206
-305
-425
-497
-542
-552
-565
-525
-425
-337
-203
-89
30
146
276
420
556
673
784
924
1048
1196
1344
1491
1635
1723
1783
1821
1816
1691
1451
1136
799
476
178
-87
-237
-381
-478
-515
-562
-524
-520
-423
-286
-126
50
210
377
505
614
609
600
522
413
331
199
83
-12
-91
-154
-181
-237
-283
-353
-408
-439
-468
-466
-457
-402
-304
-206
-88
14
64
138
184
212
209
205
184
138
62
-25
-141
-283
-413
-511
-581
-638
-634
-598
-543
-444
-322
-189
-93
-31
62
156
230
330
399
455
506
534
517
477
391
302
215
121
-1
-133
-271
-379
-468
-551
-588
-591
-529
-451
-322
-185
-70
30
126
226
287
366
439
497
600
701
820
911
1013
1081
1100
1138
1142
1149
1099
1039
964
854
759
670
612
539
472
400
340
349
340
336
347
357
396
382
386
377
321
302
234
154
54
-63
-178
-272
-336
-400
-429
-470
-471
-455
-429
-403
-393
-367
-348
-314
-267
-202
-136
-80
-40
4
45
38
28
13
10
7
-24
-60
-123
-225
-339
-440
-534
-621
-689
-743
-727
-679
-611
-524
-433
-344
-256
-168
-87
14
104
214
333
435
480
482
471
438
405
347
269
203
119
41
-23
-83
-160
-231
-264
-261
-207
-121
-26
81
230
356
451
544
623
736
805
885
973
1068
1159
1240
1289
1272
1239
1159
1088
1038
965
858
728
553
377
229
96
4
-93
-168
-188
-222
-216
-210
-228
-219
-210
-192
-139
-116
-65
-13
21
52
37
-29
-130
-226
-290
-349
-393
-420
-452
-418
-376
-344
-323
-333
-363
-354
-344
-326
-290
-229
-151
-99
-37
-26
-53
-76
-100
-107
-125
-158
-181
-232
-283
-337
-411
-477
-554
-609
-591
-539
-458
-367
-245
-139
-48
37
117
198
243
306
375
426
420
400
361
308
253
152
60
-37
-119
-175
-235
-263
-269
-259
-230
-180
-110
-11
101
249
392
560
688
810
926
1046
1152
1217
1244
1224
1206
1178
1149
1118
1061
963
824
698
579
444
323
185
57
-68
-151
-194
-239
-284
-329
-341
-386
-386
-386
-384
-303
-245
-188
-114
-78
-57
-61
-75
-93
-143
-200
-228
-262
-291
-305
-357
-414
-436
-487
-512
-549
-561
-544
-507
-477
-436
-401
-358
-311
-300
-268
-253
-222
-204
-147
-116
-83
-118
-175
-231
-329
-412
-499
-562
-571
-551
-479
-399
-322
-229
-140
-43
27
99
152
196
270
359
417
468
459
404
340
259
178
85
-1
-63
-102
-128
-139
-120
-101
-39
61
141
238
373
522
696
872
1063
1190
1254
1296
1296
1281
1264
1194
1103
1004
853
742
596
442
306
190
94
5
-109
-181
-255
-368
-447
-496
-530
-553
-575
-553
-503
-472
-406
-359
-307
-264
-260
-217
-195
-199
-201
-182
-187
-165
-179
-218
-282
-355
-422
-496
-553
-616
-649
-691
-721
-707
-697
-698
-681
-666
-621
-549
-462
-379
-307
-218
-135
-63
-13
10
15
-22
-45
-86
-159
-192
-247
-323
-354
-375
-366
-355
-349
-269
-187
-115
-5
99
192
273
344
408
467
495
498
487
446
380
315
262
208
166
166
136
144
175
238
314
382
481
557
617
667
735
809
895
981
1052
1063
1006
919
805
648
483
333
193
85
-13
-93
-150
-217
-309
-396
-467
-525
-566
-589
-564
-533
-509
-483
-488
-473
-479
-465
-430
-425
-435
-407
-365
-353
-339
-363
-373
-368
-379
-385
-392
-413
-457
-470
-501
-549
-606
-686
-736
-757
-773
-775
-759
-738
-694
-628
-575
-498
-407
-302
-189
-103
-1
70
132
166
206
200
164
127
53
-15
-85
-138
-200
-278
-311
-310
-314
-258
-210
-116
0
127
247
352
445
529
615
665
707
718
719
712
679
621
618
600
606
614
575
537
471
416
354
335
316
291
238
201
207
197
215
221
230
243
211
159
97
24
-69
-173
-262
-323
-372
-423
-439
-442
-437
-416
-447
-473
-500
-514
-518
-531
-555
-551
-574
-586
-571
-590
-587
-629
-670
-699
-711
-695
-663
-625
-583
-530
-489
-467
-439
-446
-462
-468
-490
-508
-525
-539
-564
-543
-517
-511
-495
-476
-429
-366
-298
-208
-120
-26
75
155
223
278
292
282
268
238
199
147
119
88
60
3
-46
-94
-112
-99
-73
6
112
216
347
489
643
797
928
1065
1159
1231
1228
1189
1106
974
842
721
609
467
350
212
61
-77
-211
-326
-444
-498
-562
-575
-571
-552
-519
-479
-426
-372
-313
-283
-223
-216
-199
-183
-213
-219
-269
-316
-359
-402
-436
-461
-494
-532
-542
-564
-600
-640
-679
-700
-727
-745
-752
-741
-733
-721
-698
-689
-696
-698
-679
-628
-596
-568
-503
-460
-411
-368
-313
-292
-270
-280
-275
-273
-278
-290
-299
-283
-255
-196
-137
-90
-18
65
136
196
241
311
358
406
431
441
458
429
421
397
369
342
342
333
313
326
322
361
408
454
538
611
679
724
755
806
874
930
958
935
876
790
661
517
348
173
2
-174
-331
-449
-565
-667
-744
-822
-877
-921
-944
-915
-868
-810
-709
-623
-570
-484
-419
-343
-277
-227
-202
-188
-182
-212
-250
-326
-408
-484
-549
-614
-648
-675
-686
-680
-679
-680
-692
-704
-706
-699
-682
-638
-613
-550
-488
-438
-384
-346
-307
-280
-248
-234
-202
-160
-134
-88
-73
-23
14
32
46
28
25
-12
-27
-28
-32
-6
24
78
153
221
287
351
415
474
517
569
619
655
708
736
760
787
790
801
738
702
641
575
509
470
427
372
315
239
176
129
99
62
55
38
61
81
82
64
14
-53
-135
-246
-341
-437
-551
-618
-679
-712
-747
-783
-824
-857
-889
-905
-905
-886
-841
-805
-764
-699
-671
-646
-639
-617
-558
-544
-516
-485
-479
-492
-512
-542
-566
-594
-606
-621
-597
-557
-522
-455
-415
-373
-341
-330
-318
-287
-248
-207
-138
-66
18
73
119
137
142
151
141
131
123
130
141
177
187
195
208
193
190
192
202
223
256
280
340
412
497
576
651
741
806
852
882
866
838
797
758
696
638
537
420
301
153
63
-72
-156
-242
-317
-351
-408
-434
-475
-512
-506
-511
-502
-472
-448
-410
-352
-288
-273
-268
-279
-314
-330
-383
-459
-534
-615
-683
-721
-777
-829
-883
-905
-932
-940
-943
-955
-934
-926
-891
-849
-785
-749
-686
-630
-558
-493
-467
-422
-374
-310
-259
-210
-196
-192
-161
-127
-113
-86
-59
-6
63
122
140
179
175
170
191
192
212
255
302
354
418
451
474
476
488
470
459
470
493
524
559
566
581
586
554
546
509
476
440
417
429
428
377
329
263
211
175
138
107
77
63
32
0
-53
-125
-207
-276
-357
-418
-460
-500
-553
-598
-606
-639
-651
-691
-701
-681
-671
-664
-648
-630
-633
-592
-580
-575
-572
-555
-557
-580
-581
-601
-611
-638
-653
-657
-682
-699
-698
-687
-686
-669
-648
-634
-597
-555
-514
-464
-419
-371
-319
-287
-229
-186
-130
-59
-12
52
113
167
199
233
251
276
309
336
365
395
439
463
512
518
517
517
513
509
520
554
570
613
634
679
685
675
663
628
602
561
538
459
385
280
199
113
1
-80
-158
-212
-261
-272
-295
-325
-328
-343
-362
-372
-380
-379
-386
-376
-360
-350
-347
-373
-422
-458
-504
-555
-630
-671
-705
-737
-755
-790
-836
-862
-879
-890
-867
-852
-829
-790
-746
-722
-716
-704
-672
-658
-613
-559
-513
-462
-405
-347
-279
-228
-170
-141
-108
-82
-73
-47
-35
-2
34
56
88
112
141
161
175
185
201
195
225
263
282
328
405
475
508
549
622
674
713
750
779
801
812
796
755
719
694
638
588
510
408
309
173
66
-27
-115
-167
-204
-227
-224
-220
-201
-213
-218
-237
-242
-257
-280
-317
-357
-372
-400
-462
-534
-593
-664
-730
-770
-775
-792
-804
-792
-782
-752
-753
-721
-716
-696
-670
-664
-635
-602
-580
-581
-555
-565
-552
-557
-560
-539
-539
-548
-534
-507
-491
-448
-405
-351
-300
-242
-198
-176
-136
-101
-72
-29
15
76
127
174
243
300
369
422
490
527
546
563
581
608
627
634
646
644
652
650
641
629
590
555
485
412
368
352
313
280
274
231
216
204
188
183
156
126
80
48
-4
-35
-82
-133
-184
-262
-330
-397
-439
-498
-528
-561
-631
-694
-714
-708
-699
-670
-634
-619
-582
-557
-536
-524
-537
-539
-561
-621
-674
-703
-759
-775
-806
-840
-836
-837
-833
-808
-750
-674
-611
-539
-449
-393
-299
-222
-163
-89
-36
26
66
103
145
185
210
223
224
228
240
227
244
260
278
309
317
337
381
395
427
458
473
506
549
563
607
611
619
649
637
638
638
629
604
581
525
478
415
343
274
199
129
58
-15
-97
-147
-206
-274
-343
-405
-448
-453
-466
-478
-468
-449
-385
-348
-319
-283
-271
-290
-300
-301
-343
-384
-406
-445
-472
-508
-559
-618
-681
-728
-748
-776
-780
-754
-745
-685
-630
-557
-482
-418
-350
-296
-244
-180
-146
-122
-89
-62
-63
-95
-102
-108
-115
-138
-143
-131
-104
-52
-4
68
117
185
256
308
359
400
470
522
567
605
631
662
684
693
665
648
600
555
537
501
467
424
388
320
283
254
211
158
115
82
27
-25
-58
-90
-133
-151
-183
-216
-234
-252
-259
-252
-248
-242
-224
-245
-252
-250
-280
-304
-318
-337
-388
-420
-449
-477
-504
-531
-543
-541
-532
-528
-487
-474
-417
-367
-330
-252
-217
-184
-156
-150
-143
-144
-174
-196
-212
-223
-230
-252
-243
-255
-266
-245
-214
-182
-133
-77
-13
46
132
203
262
324
398
431
455
491
488
492
458
450
421
379
340
305
260
245
225
207
207
209
234
212
206
180
180
189
186
185
165
145
105
86
42
-8
-66
-125
-159
-208
-230
-258
-291
-306
-317
-324
-325
-333
-352
-330
-324
-294
-260
-254
-248
-246
-245
-252
-246
-241
-227
-252
-237
-207
-197
-159
-129
-77
-69
-77
-64
-51
-38
-34
-29
-23
-20
-27
-32
-31
-42
-51
-54
-37
-33
-26
9
39
77
129
186
237
280
313
316
328
328
320
292
262
247
212
209
171
171
127
74
71
29
23
38
33
34
35
48
67
73
78
70
59
43
9
-5
-30
-82
-110
-147
-187
-215
-250
-266
-269
-252
-227
-221
-213
-174
-158
-133
-100
-80
-52
-34
-2
-15
8
10
-12
-28
-26
-34
-31
-26
-32
-27
-1
14
31
64
72
103
136
143
161
180
196
196
191
201
188
166
148
127
106
97
94
87
97
110
122
134
151
183
207
206
210
229
240
247
262
249
226
199
174
134
92
76
55
26
-1
-15
-41
-52
-48
-66
-51
-57
-51
-53
-84
-97
-105
-127
-141
-147
-162
-168
-162
-186
-167
-151
-147
-115
-101
-55
-30
7
61
59
107
135
156
179
204
187
200
196
160
153
124
78
58
40
18
8
9
18
24
60
98
109
134
131
163
178
177
198
206
202
198
201
186
200
187
197
192
181
186
176
188
205
226
225
247
255
252
231
230
227
189
168
154
134
109
89
47
19
10
-10
-10
-22
-37
-42
-45
-39
-37
-38
-46
-44
-57
-69
-75
-71
-71
-89
-103
-112
-139
-138
-151
-171
-158
-139
-138
-118
-82
-46
-16
14
35
67
102
124
148
148
170
146
159
151
130
115
102
105
96
71
66
84
103
117
136
165
192
222
242
282
277
290
280
304
287
255
240
231
213
187
154
121
124
100
104
115
109
114
128
131
130
141
147
148
137
133
145
140
118
112
111
92
59
41
26
1
-7
-18
-40
-34
-33
-38
-43
-36
-63
-64
-61
-80
-68
-100
-97
-89
-98
-93
-98
-102
-90
-62
-62
-36
-22
-2
20
18
44
61
60
61
75
96
88
93
106
90
83
83
75
72
69
73
90
87
110
144
144
194
204
225
262
264
285
277
270
265
258
242
224
209
189
153
137
127
98
106
101
92
100
113
129
174
189
217
235
238
240
256
268
249
224
209
199
158
151
131
96
64
42
9
-6
-4
-31
-30
-29
-32
-39
-23
-32
-34
-31
-39
-31
-6
1
11
17
5
-8
-1
2
-20
-8
-15
-15
6
3
18
40
29
49
43
41
48
61
63
67
71
73
87
95
103
104
112
114
117
124
128
136
142
137
136
130
146
142
142
144
147
144
153
158
151
165
162
173
194
198
214
227
238
253
272
277
285
282
274
260
237
212
176
167
124
93
65
29
10
-8
-28
-59
-41
-42
-11
-1
28
40
55
103
104
125
135
146
152
167
155
151
153
138
118
84
60
21
-1
-18
-37
-34
-44
-55
-36
-26
-30
-15
-28
-8
-9
21
37
52
79
88
113
105
118
123
124
118
113
121
124
132
131
152
138
144
121
112
112
92
76
59
67
67
62
55
56
69
70
66
66
75
74
86
85
89
107
101
124
122
127
135
134
142
133
132
147
149
142
159
163
176
191
196
185
174
181
184
167
153
153
130
118
115
94
73
46
20
1
-20
-31
-29
-39
-43
-22
-13
1
14
43
69
91
91
113
118
126
136
140
153
151
161
165
177
159
144
133
115
101
76
49
37
16
18
16
10
23
28
26
14
19
13
31
60
72
70
102
111
108
121
121
124
116
110
100
115
119
136
118
107
117
98
102
99
92
97
94
83
100
106
101
103
114
128
139
149
161
163
178
169
181
178
162
179
174
182
182
181
172
201
186
172
182
168
180
187
185
206
200
214
202
203
208
203
202
183
191
162
139
136
117
73
63
36
17
11
-4
3
-9
-2
-17
-1
9
14
12
17
52
64
51
44
56
47
51
34
29
30
47
48
43
33
22
22
17
12
-6
3
9
31
45
38
41
60
76
77
104
110
130
134
133
155
162
185
181
171
188
177
180
174
183
189
163
150
147
144
146
131
126
142
144
151
148
151
174
182
194
197
197
197
208
219
219
213
194
186
169
151
154
148
133
121
98
87
83
71
60
46
46
61
44
42
55
38
42
53
35
39
36
19
29
31
22
6
-10
-15
-19
-33
-44
-29
-47
-70
-51
-60
-62
-53
-36
-29
-29
-9
14
26
31
47
45
33
35
25
23
12
28
55
66
84
89
101
106
104
101
106
106
116
107
126
130
128
152
166
174
175
180
199
190
194
219
211
224
210
205
185
197
169
160
137
127
142
124
122
102
116
113
115
126
138
139
155
158
155
139
132
122
116
103
92
88
70
64
43
18
7
8
-18
-54
-54
-55
-70
-82
-79
-71
-67
-61
-29
-33
3
6
27
51
60
71
87
103
90
111
108
124
115
111
85
87
90
66
80
63
60
71
64
74
58
87
85
95
124
141
138
144
181
167
171
173
165
154
160
142
164
168
173
182
168
174
182
200
202
185
182
185
188
178
171
185
179
188
176
173
180
181
183
172
172
155
152
157
151
165
154
122
101
109
86
47
40
9
5
-1
-10
20
8
9
27
33
26
35
24
9
7
15
12
9
15
19
26
16
10
20
18
-3
10
-4
11
6
13
13
18
51
50
59
66
77
106
102
118
155
145
152
155
155
159
147
157
158
157
150
128
133
132
132
132
134
133
116
113
108
96
114
115
131
154
145
163
173
177
194
189
194
175
184
179
173
185
167
161
152
147
147
140
135
116
109
97
88
75
69
69
74
85
88
85
112
116
108
96
120
114
134
144
123
136
129
133
105
114
90
67
51
3
8
-12
-28
-36
-38
-11
-20
-44
-40
-31
-5
-2
-4
29
16
26
37
51
60
60
63
51
60
59
52
59
64
49
49
42
48
56
57
60
71
91
92
95
102
111
101
112
119
116
124
124
118
125
145
139
133
140
131
131
120
117
109
92
105
108
96
92
86
81
56
74
81
80
78
95
93
98
100
96
89
81
81
60
70
77
95
82
67
62
52
46
24
7
-6
-20
-8
2
5
24
37
49
43
34
42
58
57
50
50
70
63
56
51
33
22
7
-11
-5
-13
-36
-26
-26
-35
-33
-32
-23
-13
2
8
20
37
52
74
67
75
69
96
83
98
92
88
92
76
84
46
50
39
47
43
45
28
24
44
36
28
43
62
55
53
46
67
74
87
90
99
90
101
105
82
107
94
80
94
83
67
72
53
53
44
35
32
18
6
2
3
0
28
40
37
70
87
87
93
93
87
79
74
58
61
55
50
29
34
14
-12
3
0
-31
-36
-26
-28
-2
7
17
47
55
58
70
66
74
83
93
97
91
94
89
59
55
47
36
12
1
0
-5
-26
-23
-12
-12
-10
-9
3
-7
-4
21
16
27
22
47
50
36
51
60
64
59
62
47
47
41
33
36
26
12
17
20
8
17
21
26
29
49
54
62
70
71
84
96
107
106
120
99
103
121
121
112
102
75
73
70
41
47
24
22
19
-16
-14
-32
-31
-13
-6
4
3
35
51
73
88
75
71
71
61
59
48
49
42
13
-1
-28
-35
-58
-49
-64
-81
-85
-75
-72
-70
-69
-50
-30
-30
-7
8
25
21
17
23
5
8
11
9
-4
-23
-25
-31
-59
-56
-63
-70
-68
-69
-70
-60
-40
-40
-19
-18
-20
6
-5
6
16
21
28
34
43
48
68
56
71
73
70
87
81
73
73
74
78
87
90
78
99
92
92
87
90
86
90
106
90
92
88
73
74
80
58
59
43
37
41
12
2
-2
-6
-20
-29
-22
-25
-43
-55
-65
-70
-76
-66
-70
-71
-50
-51
-49
-48
-31
-35
-45
-39
-35
-64
-66
-93
-112
-119
-140
-129
-142
-150
-131
-143
-137
-142
-125
-115
-115
-91
-67
-51
-30
0
6
16
19
13
12
13
5
14
8
-11
-10
-20
-23
-31
-33
-18
-33
-21
-9
-13
1
24
22
18
39
32
35
51
64
62
62
54
50
58
42
32
54
42
43
48
44
47
39
40
44
44
16
30
20
8
17
8
15
19
10
26
6
-6
15
1
-17
-17
-36
-62
-62
-72
-86
-105
-123
-125
-137
-155
-168
-193
-209
-202
-212
-218
-205
-219
-199
-181
-174
-169
-163
-138
-117
-103
-110
-95
-95
-97
-100
-112
-93
-116
-123
-122
-133
-125
-114
-122
-122
-117
-96
-74
-73
-58
-32
-12
-4
29
23
39
45
52
57
39
31
35
35
30
20
12
21
15
19
8
-11
-4
-12
-13
12
4
8
11
10
6
9
1
-7
-3
-9
8
-6
-9
-25
-53
-66
-60
-71
-88
-90
-89
-101
-126
-116
-121
-127
-141
-142
-156
-141
-127
-146
-142
-135
-126
-125
-146
-140
-150
-151
-146
-158
-149
-143
-143
-135
-157
-157
-168
-170
-190
-200
-192
-200
-192
-206
-201
-203
-200
-193
-177
-166
-147
-131
-129
-93
-68
-62
-49
-26
-9
-7
-14
-13
-21
-47
-59
-49
-64
-44
-50
-57
-47
-40
-35
-27
-15
-25
-22
-7
13
29
39
41
48
50
50
31
28
36
18
-7
-27
-18
-22
-41
-53
-45
-36
-40
-54
-49
-47
-38
-65
-42
-59
-91
-69
-76
-90
-97
-117
-117
-123
-145
-161
-159
-174
-193
-193
-212
-201
-199
-185
-193
-197
-201
-181
-191
-184
-172
-167
-146
-160
-148
-142
-123
-117
-111
-108
-106
-100
-93
-78
-70
-61
-95
-78
-61
-73
-67
-62
-71
-77
-75
-79
-76
-71
-73
-80
-55
-54
-44
-33
-14
7
-1
37
49
46
53
52
65
68
60
53
39
23
9
-3
-7
-23
-15
-21
-14
-32
-28
-26
-9
-13
-24
-8
-27
-19
-19
-19
-26
-14
-30
-25
-38
-61
-63
-72
-81
-99
-102
-121
-114
-130
-132
-141
-145
-149
-138
-128
-135
-138
-139
-150
-129
-128
-146
-144
-159
-142
-168
-166
-175
-181
-175
-198
-200
-189
-189
-167
-168
-172
-146
-124
-133
-121
-108
-101
-80
-69
-51
-41
-47
-33
-19
-6
-4
16
26
32
44
38
43
41
46
36
33
25
25
24
2
2
10
-15
-14
-34
-33
-18
-31
-4
-13
-7
-8
2
21
15
19
17
17
23
21
6
17
18
-6
-28
-44
-57
-68
-82
-83
-73
-80
-86
-108
-105
-100
-112
-107
-93
-87
-84
-78
-80
-90
-78
-94
-95
-122
-123
-124
-140
-147
-154
-159
-149
-172
-184
-174
-171
-164
-163
-158
-149
-150
-149
-129
-146
-139
-145
-145
-136
-130
-142
-142
-135
-131
-122
-117
-118
-112
-88
-100
-67
-61
-35
-33
-21
-21
-10
18
7
24
24
27
41
52
50
72
72
92
107
81
104
85
93
106
100
91
83
78
74
64
50
39
32
28
13
-6
-13
-37
-32
-25
-33
-28
-35
-28
-37
-28
-19
-33
-30
-35
-34
-44
-62
-61
-82
-93
-112
-142
-139
-144
-145
-164
-175
-183
-180
-165
-167
-165
-146
-144
-132
-128
-109
-98
-108
-92
-95
-95
-101
-111
-123
-123
-126
-139
-130
-130
-126
-131
-116
-104
-112
-71
-54
-59
-54
-31
-15
-6
0
3
27
24
45
35
39
57
52
54
46
53
55
61
80
76
84
83
85
82
94
93
78
75
83
88
85
83
87
78
63
82
76
78
64
69
73
75
59
40
54
34
12
13
8
-16
-28
-50
-66
-87
-104
-119
-137
-154
-156
-165
-176
-158
-156
-143
-150
-153
-134
-128
-139
-117
-114
-98
-97
-105
-105
-132
-115
-111
-118
-128
-126
-122
-111
-95
-87
-91
-87
-78
-72
-58
-43
-21
-28
-6
14
2
18
15
22
27
18
12
1
28
14
26
33
15
30
42
52
70
76
87
102
100
118
124
123
123
122
130
127
115
119
106
108
98
85
71
61
52
35
36
19
16
8
-8
-24
-38
-38
-38
-38
-46
-55
-48
-55
-54
-40
-38
-41
-43
-45
-44
-41
-52
-47
-49
-48
-66
-79
-100
-114
-109
-131
-132
-132
-140
-153
-157
-162
-163
-151
-159
-147
-125
-126
-115
-91
-74
-68
-47
-44
-41
-11
-6
-4
10
20
-3
2
13
12
21
34
37
29
44
55
62
87
86
104
112
115
113
124
136
131
147
136
136
142
147
136
121
113
118
124
90
106
86
94
88
63
75
70
64
68
62
45
51
51
60
42
38
26
25
18
-14
-11
-19
-29
-44
-55
-64
-71
-79
-64
-80
-78
-95
-100
-96
-92
-86
-87
-74
-77
-81
-79
-68
-81
-63
-76
-63
-61
-55
-42
-38
-32
-28
-33
-42
-26
-49
-40
-37
-33
-26
-25
-9
-20
-6
7
-1
21
20
17
37
40
51
57
63
75
99
110
101
103
81
99
97
91
92
92
96
98
83
80
86
74
71
65
81
66
75
82
90
75
67
79
69
59
57
63
56
49
25
23
31
6
1
-8
-18
-29
-42
-55
-59
-65
-64
-74
-67
-54
-62
-71
-75
-64
-68
-60
-59
-63
-69
-71
-67
-73
-81
-81
-69
-78
-97
-105
-100
-97
-91
-87
-85
-79
-83
-75
-60
-62
-53
-47
-41
-25
-11
4
0
0
24
32
45
36
35
44
41
62
53
51
51
58
60
45
45
58
57
54
62
52
44
66
63
59
42
51
60
54
47
39
59
30
37
23
11
2
-12
-23
-10
-15
-19
-26
-31
-32
-50
-57
-53
-61
-83
-66
-75
-68
-63
-63
-64
-66
-63
-63
-68
-70
-73
-63
-76
-82
-92
-98
-95
-105
-105
-115
-114
-125
-105
-116
-129
-102
-108
-118
-100
-97
-77
-70
-63
-61
-47
-44
-49
-34
-42
-39
-41
-23
-19
-26
-27
-32
-30
-24
-22
-31
-36
-20
-21
-5
3
-11
-7
8
5
13
11
15
32
37
33
38
33
36
51
33
34
27
31
17
25
24
7
24
17
15
3
-2
-5
-22
-12
-17
-19
-36
-26
-33
-33
-36
-55
-44
-55
-60
-61
-72
-57
-55
-64
-72
-66
-62
-57
-52
-65
-69
-68
-67
-58
-42
-40
-47
-46
-50
-46
-49
-58
-36
-40
-24
-43
-36
-40
-53
-52
-47
-31
-48
-45
-41
-47
-56
-44
-40
-43
-34
-48
-47
-32
-28
-18
7
-11
-16
3
1
1
3
13
12
6
9
6
-10
-6
3
-7
-13
-5
1
2
9
-2
-3
-16
-7
0
1
-5
-8
11
0
5
7
6
13
17
2
5
5
-6
-3
-16
-4
-34
-28
-38
-30
-25
-55
-28
-39
-55
-52
-50
-54
-51
-66
-63
-59
-50
-63
-75
-69
-77
-71
-59
-57
-58
-50
-55
-30
-38
-38
-16
-13
-13
-33
-23
-15
-30
-12
-20
-8
-8
-18
-15
-8
-14
-8
2
-12
-1
4
2
-5
-3
-9
-15
-6
-6
-18
-10
-10
-13
-21
-11
-22
-32
-12
-35
-39
-24
-31
-35
-44
-45
-27
-43
-33
-39
-45
-38
-54
-51
-48
-58
-53
-52
-50
-50
-40
-53
-35
-48
-37
-27
-34
-38
-32
-22
-35
-23
-13
-8
-28
-11
-12
5
0
3
-3
-13
2
-5
-5
-28
-5
-24
-21
-1
-17
-16
-25
-31
-24
-2
-2
-5
0
-12
-4
-7
-19
-16
-14
-15
-18
-11
-24
-11
-5
-18
-14
-29
-33
-31
-27
-37
-39
-36
-27
-21
-33
-43
-35
-29
-41
-36
-53
-49
-49
-45
-48
-51
-45
-49
-37
-47
-44
-44
-27
-27
-43
-34
-35
-66
-53
-58
-70
-68
-72
-60
-84
-78
-80
-80
-85
-93
-83
-87
-77
-77
-80
-64
-50
-42
-27
-36
-29
-20
-31
-28
-20
-36
-41
-28
-15
-21
-7
6
-3
-7
-4
-1
5
6
-4
2
12
3
5
2
12
6
8
13
4
6
-23
-8
-7
-10
-7
-25
-35
-15
-26
-15
-34
-32
-43
-47
-43
-48
-52
-65
-57
-67
-66
-72
-68
-66
-54
-56
-62
-54
-46
-63
-58
-48
-49
-58
-60
-63
-45
-40
-42
-49
-64
-56
-53
-54
-63
-57
-54
-52
-37
-36
-48
-40
-45
-19
-38
-33
-17
-32
-45
-40
-39
-48
-40
-53
-43
-33
-45
-41
-57
-50
-31
-36
-29
-30
-20
5
-10
-2
6
-2
7
4
20
36
23
14
10
4
9
11
0
17
13
-13
-10
-8
-16
-9
-15
-22
-16
-20
0
-12
-6
-2
-18
-15
-6
-15
-20
-15
-29
-31
-38
-30
-37
-29
-43
-40
-51
-51
-63
-63
-57
-61
-50
-61
-52
-67
-61
-80
-81
-71
-72
-63
-56
-62
-59
-60
-51
-47
-46
-34
-57
-38
-32
-47
-40
-25
-36
-25
-21
-23
-15
-36
-9
-7
1
5
8
26
16
18
24
33
34
49
42
28
32
28
31
17
17
11
19
30
22
19
21
5
2
19
7
13
10
22
25
28
17
2
19
12
16
21
7
16
8
13
8
-9
5
-12
-21
-11
-9
-9
-12
-26
-21
-30
-38
-19
-9
-20
-30
-22
-27
-29
-18
-24
-26
-40
-34
-25
-31
-22
-27
-17
-26
-27
-17
-33
-32
-45
-52
-53
-52
-42
-34
-26
-35
-37
-9
-13
-15
0
-1
-2
-2
3
9
7
16
13
8
9
0
9
0
18
8
14
6
7
20
11
25
20
35
37
34
38
41
41
46
43
50
54
37
34
30
20
27
17
11
11
6
-7
-14
-15
-28
-7
1
-12
-21
-16
-14
-16
-20
-33
-23
-16
-24
-16
-35
-63
-46
-63
-61
-51
-51
-46
-52
-39
-57
-43
-38
-55
-59
-36
-47
-50
-34
-46
-42
-42
-27
-28
-12
-28
-25
-25
-32
-26
-32
-27
-46
-30
-39
-32
-29
-23
-23
-35
-20
-40
-26
-24
-22
-9
-19
-6
1
-5
-10
-5
-1
8
0
18
11
21
30
27
20
14
19
21
24
10
15
-2
-4
-6
-9
-10
-13
-17
-41
-30
-23
-22
-17
-29
-25
-22
-8
-15
-23
-32
-31
-34
-45
-48
-54
-65
-63
-77
-77
-85
-94
-94
-97
-91
-110
-101
-94
-88
-98
-106
-102
-108
-102
-102
-96
-89
-92
-86
-93
-101
-78
-77
-85
-91
-71
-64
-83
-77
-83
-62
-65
-80
-52
-69
-62
-72
-69
-46
-58
-48
-36
-39
-34
-33
-23
-14
-30
-8
-16
-7
-10
-7
-13
-19
-3
-1
-12
-10
-7
-3
-3
-16
-2
-7
-3
-17
-11
-11
-13
-13
-12
1
-14
-5
-8
-12
1
-5
-17
-20
-14
