11
2
12
19
8
10
13
5
16
-4
1
13
9
14
20
13
5
11
8
27
16
21
28
11
9
23
7
-4
4
18
-2
-3
16
13
16
18
23
11
20
5
6
15
-9
-2
9
-3
-1
-21
-6
4
-8
-5
-18
-15
-17
-11
-13
-10
-15
-20
-11
-9
-7
-18
-3
-9
-6
-13
-9
-8
-21
-2
-15
-6
-20
-14
-10
-20
-20
-28
-24
-13
-6
-20
-12
-11
-9
-14
-19
-12
7
-9
1
4
-13
-21
-21
-16
9
-2
-5
-3
10
-9
7
0
1
8
-7
-1
-6
5
-1
4
-7
-17
-4
2
-7
4
-15
0
-6
-7
-8
-13
-13
-12
-6
-6
-13
-9
-7
-11
-3
-30
-29
-24
-20
-20
-30
-25
-38
-40
-33
-29
-40
-38
-44
-39
-44
-49
-36
-41
-32
-38
-41
-35
-58
-43
-39
-48
-56
-53
-26
-18
-25
-30
-36
-30
-26
-13
-28
-29
-2
-5
-8
-6
9
4
-7
-8
-9
-9
-34
-7
-6
-4
-3
-2
10
19
3
-3
0
-13
15
-9
15
20
22
22
26
21
21
21
14
17
15
6
7
-1
-2
5
19
21
2
15
22
31
35
27
19
18
29
23
17
35
28
16
30
16
22
28
29
27
25
25
28
17
14
12
24
12
26
26
6
21
27
12
8
17
21
4
10
22
-3
10
11
15
7
-6
-5
-1
-7
-9
2
12
-8
-4
8
-9
2
5
-19
0
-16
-8
-3
-3
1
5
21
1
-5
11
20
10
7
23
10
11
17
5
4
-2
2
7
-1
7
17
10
2
-6
4
-4
-14
-8
4
-2
2
4
-6
-1
1
1
-2
-10
3
-3
-25
-12
-12
-9
-14
-19
-15
-14
-47
-31
-8
-15
-15
-9
-23
-27
-16
-23
-32
-17
-22
-24
-8
-22
-20
-19
-32
-34
-17
-20
-30
-18
-18
-25
-17
-21
-36
-28
-25
-18
-23
-9
-20
-17
-23
-20
-22
-22
-25
-13
-13
-9
-7
-6
10
3
10
11
3
8
12
4
8
1
10
20
34
21
22
6
31
26
15
21
13
30
4
23
14
17
25
23
8
18
34
17
14
20
12
15
23
20
20
4
5
9
24
24
7
4
6
3
-3
-4
9
12
-3
16
1
11
10
12
10
-4
7
11
23
2
-8
2
12
18
2
-12
-17
-5
-4
0
11
-5
-9
-5
0
-13
-4
1
-11
-4
12
4
-5
3
0
-1
9
10
6
8
2
7
11
13
8
10
0
1
15
-2
15
6
-2
11
7
0
-4
14
13
21
30
-1
-2
-1
4
12
12
0
0
9
15
16
-7
2
2
-5
-1
0
1
-13
-11
-19
-16
-44
-37
-18
-34
-33
-27
-18
-28
-26
-30
-42
-38
-24
-31
-46
-40
-45
-34
-30
-37
-26
-45
-39
-37
-38
-26
-39
-31
-28
-35
-27
-35
-51
-40
-44
-49
-54
-61
-59
-58
-44
-53
-48
-64
-57
-50
-54
-55
-65
-55
-59
-48
-42
-26
-45
-49
-32
-48
-35
-47
-59
-45
-38
-48
-53
-52
-42
-43
-47
-34
-44
-56
-46
-52
-61
-60
-43
-46
-48
-30
-63
-33
-27
-34
-45
-51
-28
-30
-36
-39
-37
-41
-44
-47
-31
-27
-39
-35
-36
-45
-30
-40
-37
-30
-28
-29
-20
-21
-24
-26
-28
-23
-16
-20
-15
-26
-27
-21
-20
-28
-30
-28
-27
-12
-12
-20
-16
-21
-10
-6
-7
9
11
1
-9
4
2
-7
5
-1
4
20
26
35
24
29
45
35
25
42
45
35
35
37
36
38
38
29
27
38
36
28
29
35
37
34
29
32
32
17
38
17
16
27
28
25
21
25
23
15
13
30
24
10
12
18
19
14
33
33
21
26
20
18
24
20
21
17
14
17
14
2
-5
7
3
13
16
-2
-5
8
7
-5
7
-3
-19
-4
-17
3
-13
-15
-19
-25
-16
-25
-21
-17
-21
-25
-27
-32
-38
-47
-42
-30
-34
-26
-27
-32
-27
-34
-36
-35
-34
-31
-31
-28
-34
-27
-28
-27
-44
-36
-19
-41
-38
-41
-36
-40
-29
-30
-26
-46
-34
-40
-59
-46
-56
-49
-68
-60
-62
-65
-45
-54
-57
-64
-67
-58
-56
-62
-53
-53
-45
-42
-64
-75
-58
-57
-67
-52
-52
-43
-51
-68
-59
-55
-63
-58
-57
-53
-52
-62
-55
-60
-48
-43
-49
-38
-43
-32
-40
-41
-32
-28
-41
-40
-28
-42
-44
-41
-38
-45
-52
-51
-26
-41
-40
-35
-40
-47
-41
-37
-35
-45
-45
-41
-25
-26
-38
-29
-28
-20
-25
-28
-5
-2
-11
10
3
1
6
-1
13
26
20
14
19
18
21
30
16
29
26
22
21
25
40
24
35
13
31
31
27
37
27
44
42
24
25
35
40
37
17
30
30
23
41
35
13
18
16
30
24
34
33
28
27
10
19
9
21
15
21
18
13
17
27
20
15
29
17
29
18
13
22
10
12
6
18
32
28
19
16
10
6
28
18
25
36
29
28
11
2
16
21
31
22
11
15
13
24
17
19
36
36
28
10
5
3
19
14
13
-3
0
6
-5
4
-17
-13
-26
-12
-12
-2
-17
-20
-15
1
2
-15
-8
-20
-15
-8
-24
-28
-14
-18
-26
-24
-23
-29
-10
-23
-16
-26
-29
-29
-43
-10
-28
-32
-8
-22
-31
-30
-28
-23
-5
-24
-23
-20
-11
-19
-26
-29
-33
-23
-22
-23
-18
-17
-44
-18
-18
-37
-24
-27
-30
-27
-23
-10
-20
-11
-10
-14
7
-17
4
-13
0
10
3
25
15
-2
17
9
10
24
15
21
21
12
13
4
21
13
11
23
10
20
19
31
36
27
22
41
37
31
41
27
31
40
27
44
45
40
41
54
61
41
45
48
48
38
38
45
46
48
37
26
45
52
37
36
26
30
37
29
39
40
42
41
42
30
36
26
22
20
28
31
24
27
30
30
33
42
38
39
34
29
25
20
28
36
46
37
46
39
38
41
27
34
42
41
28
43
45
45
44
46
39
44
31
35
47
36
31
39
39
27
38
11
23
19
20
28
24
23
22
31
24
25
19
23
15
23
21
24
11
10
15
6
16
11
9
-15
8
5
-3
11
-18
-17
-4
-11
-13
-4
-16
-19
-5
0
-4
-15
-2
-15
-6
-6
-19
1
-8
-7
8
2
1
8
0
1
6
9
4
10
-1
11
18
12
6
11
5
-6
0
14
16
-6
0
20
17
8
8
24
17
7
10
1
22
31
22
18
22
16
11
18
6
24
18
17
26
25
31
36
40
27
25
36
34
34
24
29
44
31
24
28
30
49
29
34
27
16
25
34
31
22
25
23
27
26
17
9
15
23
13
15
24
26
30
24
25
16
10
8
19
6
24
25
31
31
22
32
47
48
39
51
48
41
58
57
42
60
53
47
48
50
58
48
56
49
41
48
47
58
55
55
63
50
72
61
47
65
57
67
66
71
78
68
58
72
65
58
76
65
79
76
79
81
86
92
82
71
74
63
52
59
54
49
55
56
45
61
69
71
64
63
71
42
52
62
62
46
41
44
37
46
28
24
10
14
18
10
29
41
36
31
30
28
27
22
23
33
31
32
22
26
17
17
9
14
18
6
0
-9
-10
-1
11
10
2
0
0
-1
9
4
-2
5
-6
-12
-3
-6
-11
-2
-10
7
1
5
6
7
6
10
13
-6
3
-3
6
4
11
17
8
9
5
17
12
15
23
27
17
24
22
10
17
8
17
10
12
10
16
20
11
41
28
22
44
30
36
28
28
27
25
18
31
38
38
25
27
31
29
33
35
48
40
46
42
40
46
45
34
39
51
53
40
41
40
45
34
45
45
47
42
28
41
32
29
25
42
48
50
49
40
49
53
61
47
37
67
68
55
55
39
55
52
37
51
57
52
66
53
54
65
57
64
65
66
68
60
76
63
50
58
59
76
59
65
72
61
59
67
57
62
74
74
73
38
66
56
65
68
43
50
53
56
59
60
45
45
40
51
50
55
46
46
62
48
55
41
33
40
48
49
31
36
30
36
34
21
31
20
29
43
20
39
36
31
27
23
26
19
20
39
28
23
20
22
24
16
15
17
16
2
30
21
21
13
22
19
9
29
8
13
16
28
33
12
17
21
40
34
14
0
10
29
14
5
12
16
11
21
17
24
17
21
23
12
17
7
-2
-5
8
0
20
23
9
16
15
16
12
3
4
5
9
13
5
8
16
22
8
13
13
6
5
8
4
21
6
-3
9
5
7
9
-8
3
4
0
-2
0
-4
-15
-1
-14
-3
10
9
4
2
9
-3
18
9
3
12
9
22
20
17
29
15
27
29
17
27
48
49
36
54
42
38
48
40
34
48
52
33
33
30
27
40
45
42
40
39
32
39
47
57
48
51
41
52
64
54
53
56
54
58
41
40
41
49
51
37
48
46
70
71
63
74
68
65
48
52
54
48
54
50
39
56
54
45
45
40
32
25
33
24
36
28
21
27
19
25
33
46
26
27
25
16
37
26
14
7
17
14
16
23
18
14
17
20
20
25
11
33
12
27
7
28
48
25
34
12
11
20
17
15
42
28
22
13
14
16
15
23
16
21
18
17
17
28
32
17
11
15
25
22
14
26
19
19
28
11
18
19
24
14
10
28
35
24
21
24
20
32
15
9
-2
-4
5
12
17
2
16
18
9
10
22
24
27
24
21
21
13
9
18
19
17
11
11
13
5
16
22
8
10
33
28
36
20
29
24
35
21
24
18
26
35
21
23
19
6
24
11
10
26
15
24
4
15
19
24
31
35
23
23
31
26
26
21
28
35
32
26
30
37
33
38
36
42
33
45
51
38
46
54
49
50
48
56
38
40
49
56
44
52
59
52
45
45
49
43
51
35
61
48
49
41
44
57
42
41
46
44
28
12
27
32
12
11
16
38
24
16
16
21
17
24
39
14
34
39
25
18
23
48
41
28
21
28
39
33
33
44
29
41
23
21
21
25
33
25
42
40
33
18
30
35
36
32
34
43
36
44
28
45
41
29
30
27
31
12
24
13
15
15
25
27
21
33
21
9
12
12
-4
4
1
8
6
-9
5
8
-10
8
-9
-6
1
-19
6
6
25
5
-1
7
6
1
-9
-30
-13
-2
-20
-19
-23
-11
-5
-22
-28
-19
-23
-28
-42
-20
-28
-26
-27
-31
-28
-32
-28
-19
-9
-21
-29
-32
-24
-13
-18
-26
-26
-29
-27
-23
-19
-34
-16
-13
-16
-24
-34
-1
-2
-22
2
-9
-11
-8
-18
-6
-18
-21
-17
-15
-22
-16
-16
-19
-11
-24
-22
-4
-10
-18
-8
-23
-26
-4
-21
-15
-4
-9
-11
-28
-13
-15
-30
-7
-4
-7
-14
-18
-11
-16
-14
-12
-17
-12
-6
-6
-10
-23
-9
-19
-15
-6
-8
-5
-9
-8
-8
-9
-6
-5
-21
-9
-4
5
6
6
-8
6
3
-3
9
10
15
-5
7
4
10
7
-15
3
-2
-3
-7
-23
-16
-26
-4
-5
-26
-7
-4
8
1
5
1
-7
-7
1
0
-9
-4
-5
-13
-8
18
-10
-15
-12
-13
3
-6
-11
-9
-7
-9
-12
-8
-2
-12
-16
-18
-10
-6
-2
-6
-15
-18
-19
-7
-2
1
-21
-25
-12
-14
-8
-29
-28
-16
-19
-25
-33
-26
-42
-27
-35
-41
-32
-45
-31
-31
-42
-42
-39
-46
-43
-37
-42
-45
-48
-50
-33
-45
-43
-26
-35
-37
-34
-19
-24
-37
-37
-25
-26
-46
-45
-52
-36
-55
-49
-32
-40
-40
-40
-42
-28
-45
-34
-22
-28
-15
-35
-38
-33
-43
-30
-28
-38
-31
-35
-37
-40
-30
-14
-19
-20
-25
-42
-39
-40
-32
-47
-37
-30
-35
-30
-27
-22
-26
-26
-40
-36
-33
-34
-18
-15
-28
-38
-23
-32
-31
-28
-23
-29
-34
-18
-21
-34
-21
-21
-18
-30
-8
-11
-39
-33
-34
-28
-35
-23
-17
-21
-32
-38
-22
-18
-5
-9
-21
-22
-19
-14
-8
-1
-13
-11
0
7
8
7
-2
9
14
11
5
5
3
-3
14
-7
-4
19
-2
10
22
-1
5
25
24
23
19
20
12
23
18
-5
13
25
22
17
23
17
23
16
28
35
19
27
21
16
25
16
23
24
14
5
-3
7
-4
-4
9
18
7
10
19
16
17
11
5
-2
3
0
-17
1
-4
4
3
1
9
-3
-5
-16
-14
-4
-15
1
-12
-16
-10
-31
-17
-36
-32
-29
-30
-20
-30
-29
-30
-14
-29
-36
-37
-40
-37
-33
-47
-46
-35
-48
-59
-39
-53
-53
-63
-75
-65
-64
-54
-64
-69
-64
-71
-75
-54
-74
-82
-75
-67
-70
-66
-71
-76
-71
-65
-83
-82
-76
-83
-74
-78
-73
-77
-78
-90
-80
-74
-79
-70
-83
-87
-76
-74
-77
-75
-90
-75
-69
-72
-68
-79
-83
-70
-76
-74
-69
-71
-66
-68
-72
-62
-68
-68
-68
-69
-68
-74
-72
-78
-76
-89
-76
-77
-92
-82
-81
-88
-91
-103
-89
-77
-90
-74
-85
-104
-70
-76
-85
-76
-74
-77
-69
-65
-76
-87
-78
-66
-60
-74
-55
-70
-65
-75
-74
-74
-88
-69
-88
-63
-50
-64
-76
-63
-68
-58
-58
-52
-51
-52
-64
-63
-48
-59
-46
-60
-55
-50
-50
-43
-46
-53
-55
-47
-47
-32
-39
-40
-40
-40
-41
-42
-49
-59
-52
-58
-56
-49
-66
-41
-44
-49
-66
-71
-70
-65
-56
-67
-63
-57
-52
-57
-62
-61
-66
-72
-67
-72
-60
-67
-58
-65
-66
-71
-77
-61
-70
-70
-60
-52
-63
-65
-55
-41
-53
-50
-47
-45
-57
-58
-52
-52
-44
-52
-60
-46
-47
-47
-41
-46
-38
-42
-48
-50
-52
-47
-53
-57
-53
-47
-61
-54
-55
-36
-51
-57
-47
-35
-32
-47
-41
-42
-38
-37
-43
-47
-44
-34
-39
-35
-36
-40
-33
-43
-34
-37
-27
-30
-52
-45
-50
-43
-32
-42
-41
-39
-27
-22
-45
-39
-35
-37
-46
-40
-53
-41
-39
-48
-43
-36
-39
-33
-20
-30
-30
-26
-31
-30
-42
-29
-40
-53
-46
-34
-41
-47
-36
-46
-48
-44
-51
-53
-35
-42
-53
-47
-37
-33
-48
-48
-33
-32
-45
-35
-27
-25
-32
-31
-36
-34
-49
-42
-32
-28
-36
-46
-17
-36
-37
-47
-40
-33
-33
-35
-31
-24
-29
-31
-38
-19
-20
-26
-17
-25
-31
-24
-19
-11
-16
-24
-19
-12
-23
-23
-16
-33
-24
-16
-32
-28
-19
-15
-8
-14
-14
-14
-16
-1
-4
-10
-15
-10
-3
-24
-32
-14
-15
-16
-6
0
-3
3
0
-17
3
5
1
4
3
11
11
3
-5
-9
-10
7
8
-7
-1
-17
10
1
-7
6
10
13
5
4
19
21
8
7
4
7
2
0
-1
4
5
5
9
14
8
3
5
18
20
18
20
9
11
16
2
14
8
0
9
19
19
21
21
17
24
17
22
13
14
12
46
35
27
36
25
21
18
27
22
8
15
8
23
12
6
36
17
26
40
11
14
6
-6
12
14
5
-1
1
1
-8
-11
0
-5
-4
3
-13
-16
-12
-5
-14
-3
-13
-10
-7
-10
-5
-8
-4
-19
-12
-7
-13
-13
-28
-22
-15
-21
-13
-26
-22
-17
-13
-17
-13
-14
-16
-20
-34
-18
-13
-40
-25
-31
-14
-5
-20
-21
-25
-27
-34
-21
-15
1
-13
-14
-21
-11
-13
-19
-16
-15
-17
-14
-14
-15
-8
-11
-4
-2
-18
-3
-13
-33
2
-18
-15
-17
-4
-2
-12
4
-5
-5
-19
3
-11
-4
1
-7
7
-10
-11
-4
4
-4
-9
1
-19
0
-13
-15
1
-16
-1
-14
-11
-7
-17
-8
-15
-21
-17
-11
-12
-7
-12
-22
-23
-4
-7
-9
-8
-2
-10
-15
-6
-4
0
1
0
-14
0
-18
-4
3
6
6
-5
-7
-13
-8
-17
-13
-6
3
-15
-15
-8
2
-7
-15
-5
-6
-10
5
-8
-11
1
-9
-6
-3
-5
-7
1
3
-16
-9
4
8
-2
-2
7
8
10
12
-10
-17
-6
-4
4
-6
1
-14
-15
-1
-2
-7
0
1
-6
5
5
-21
-21
-10
1
-10
-11
-7
-6
-6
-7
-17
-12
-7
-9
-4
-9
-6
-17
-11
-3
-9
-3
-10
15
5
0
9
-1
-6
8
-7
5
4
-7
-7
-4
9
12
29
10
18
5
12
24
19
21
24
20
23
19
5
25
20
18
16
12
8
2
14
20
7
27
24
15
22
22
32
34
22
15
34
21
14
21
27
35
39
29
26
38
28
27
37
22
25
29
19
31
38
21
30
35
37
51
39
52
62
52
46
50
36
33
57
62
59
61
68
45
54
59
60
38
50
54
28
46
49
59
47
46
40
44
42
36
50
42
41
46
34
47
32
33
26
5
33
21
44
31
23
31
20
38
19
17
25
23
26
28
37
43
35
35
39
28
32
44
39
20
37
41
37
31
27
25
32
40
38
29
19
28
28
23
22
42
23
31
36
29
23
18
27
20
29
26
25
13
14
12
2
28
13
15
7
31
29
22
16
20
27
7
19
13
15
17
17
6
4
15
6
10
9
-3
1
-3
15
14
-4
4
-11
0
19
16
13
-6
6
13
7
8
10
3
-7
3
8
6
-1
-2
-11
-19
-9
-6
4
3
10
5
-2
1
13
5
0
21
14
-4
19
-2
-5
11
-8
-10
-2
-5
-9
10
0
5
-1
-10
4
2
5
-2
-14
-4
-15
-4
-9
-14
-19
-6
-2
-9
-11
-4
-2
-12
-5
0
-8
-11
0
-12
-9
-2
-4
7
11
3
3
0
6
3
8
4
-6
6
4
3
5
-6
-9
-13
5
11
10
5
14
24
30
27
22
25
22
32
20
40
33
41
34
17
24
27
24
20
30
5
14
7
30
28
12
16
21
28
30
36
28
40
57
36
37
44
32
52
56
50
51
56
44
51
49
44
43
32
37
32
17
21
25
45
50
32
40
45
45
34
38
28
20
24
30
37
24
25
23
32
25
36
32
35
32
42
36
41
46
40
27
27
42
33
24
29
45
33
18
26
21
19
24
27
24
32
23
15
35
22
20
32
22
29
29
38
24
32
30
26
25
36
49
31
36
37
32
37
50
46
41
42
41
42
47
40
40
51
53
40
39
44
58
41
33
30
45
35
31
42
30
31
38
31
25
27
15
21
34
34
22
27
46
42
27
36
35
30
34
15
20
22
27
28
29
21
29
30
28
20
30
23
11
26
33
30
13
18
19
21
15
20
33
10
27
25
13
19
14
19
-2
6
-8
-3
9
33
20
25
51
26
29
42
28
24
33
26
31
27
29
40
38
32
28
27
26
29
28
29
34
32
36
34
13
19
25
29
27
33
40
37
42
29
40
38
39
42
19
38
46
49
48
43
31
43
44
50
64
37
48
50
27
39
45
46
40
50
46
32
30
23
31
21
8
13
1
23
11
11
-5
-2
21
6
13
27
21
14
23
16
20
12
28
25
17
24
13
23
11
12
15
21
24
8
21
26
9
25
22
7
17
19
23
21
32
22
27
27
36
27
27
34
38
40
31
20
26
24
41
40
35
53
30
43
37
36
34
19
25
27
40
34
22
35
26
27
26
19
52
21
22
26
27
36
18
8
11
37
7
0
-1
13
14
-2
3
4
20
-11
-24
-2
-10
3
-9
-22
-13
-10
-14
-21
-16
-8
-14
-25
-11
-18
-27
-12
-31
-21
-22
-29
-14
-21
-14
-11
-10
-2
-34
-23
5
-16
-27
-6
-3
-14
-14
-4
9
4
-2
10
15
-4
2
19
12
0
6
5
0
9
11
-10
-21
-9
-1
-4
6
0
3
9
17
-1
0
18
5
6
1
1
-9
1
-8
-3
-16
-6
6
-7
6
4
4
1
-1
1
-23
-17
4
-32
-26
-37
-33
-27
-33
-21
-35
-30
-40
-31
-40
-28
-33
-50
-36
-37
-32
-36
-33
-53
-46
-57
-49
-53
-45
-39
-33
-30
-44
-50
-51
-32
-34
-24
-47
-21
-35
-42
-36
-32
-17
-32
-11
-19
-9
-25
-29
-19
-20
-2
-11
-3
-4
-15
-13
-16
-11
2
-17
-6
-12
-17
-9
-8
-4
-2
-10
-15
-17
-11
-21
-12
-17
-22
-16
-24
-25
-37
-31
-45
-32
-27
-31
-18
-12
-44
-54
-50
-45
-39
-47
-46
-42
-45
-53
-30
-35
-47
-23
-40
-47
-33
-46
-42
-35
-33
-41
-38
-34
-43
-22
-31
-37
-42
-41
-28
-51
-34
-31
-32
-19
-17
-17
-20
-18
-33
-29
-23
-20
-8
0
10
1
-5
-7
-11
-3
-3
-15
-4
4
8
1
9
17
9
21
19
9
15
16
25
12
16
35
32
13
20
28
16
19
29
39
24
15
29
23
16
29
21
24
9
23
24
13
28
17
26
20
0
11
9
0
3
4
0
-5
-2
-1
19
0
-5
1
2
-7
-20
-15
-16
-23
-26
-20
-26
-27
-27
-31
-42
-26
-34
-36
-29
-39
-39
-30
-16
-24
-39
-28
-21
-26
-23
-22
-27
-23
-11
-26
-26
-27
-12
-33
-6
-7
-16
-4
-4
12
17
22
24
33
38
19
26
48
52
53
55
59
62
63
72
78
85
85
84
87
87
87
69
87
91
86
85
79
76
76
74
82
77
61
76
82
54
71
71
53
48
49
50
28
42
48
28
9
7
-18
-22
-41
-40
-50
-68
-50
-71
-67
-62
-76
-85
-96
-100
-104
-117
-116
-114
-135
-117
-121
-131
-130
-126
-129
-141
-122
-134
-140
-123
-119
-126
-127
-122
-122
-119
-122
-114
-116
-96
-99
-78
-74
-80
-61
-59
-49
-31
-22
-22
5
19
19
13
31
33
57
79
85
89
80
119
141
144
141
187
187
195
217
223
240
251
270
294
307
312
341
349
356
359
388
371
371
381
362
354
362
337
300
282
253
213
170
146
93
49
-4
-52
-74
-129
-159
-197
-248
-276
-289
-321
-344
-349
-358
-347
-359
-335
-324
-312
-301
-309
-291
-283
-281
-281
-283
-286
-283
-287
-293
-285
-284
-284
-293
-293
-302
-282
-274
-289
-259
-249
-252
-244
-221
-211
-182
-158
-155
-137
-101
-53
-49
-28
10
46
53
83
108
125
163
188
215
232
260
278
331
366
388
402
424
436
468
499
510
528
546
574
588
604
624
653
646
647
656
658
616
597
565
520
458
380
325
241
194
120
72
13
-66
-102
-136
-165
-200
-214
-236
-255
-275
-277
-282
-272
-272
-249
-216
-200
-182
-163
-124
-103
-78
-75
-62
-48
-52
-58
-55
-45
-49
-60
-72
-82
-73
-99
-93
-105
-118
-104
-117
-111
-120
-121
-137
-136
-130
-128
-133
-144
-142
-137
-131
-125
-130
-114
-104
-117
-94
-96
-73
-65
-53
-31
-25
-27
-17
-1
-1
9
7
-3
9
25
19
31
27
34
41
48
43
49
52
42
54
55
59
65
79
93
91
115
124
141
154
174
181
219
242
254
295
336
371
392
426
447
488
523
552
583
613
633
645
632
619
613
577
538
499
455
415
348
282
238
182
141
87
43
3
-42
-78
-107
-133
-161
-174
-182
-189
-195
-190
-182
-167
-143
-108
-91
-80
-67
-52
-36
-48
-31
-42
-36
-39
-46
-46
-55
-54
-85
-86
-101
-97
-120
-130
-138
-147
-145
-166
-155
-161
-162
-171
-164
-163
-142
-139
-139
-97
-89
-77
-52
-33
-45
-25
-3
11
22
39
58
76
106
113
131
143
144
157
173
166
175
177
160
174
157
169
167
165
168
157
162
134
146
134
127
137
135
139
135
145
149
143
169
188
194
226
237
246
273
310
339
366
390
423
444
472
504
506
535
545
550
547
523
491
470
424
355
292
222
166
119
49
0
-48
-92
-120
-168
-177
-192
-196
-211
-216
-191
-189
-177
-149
-124
-100
-61
-42
-27
-22
18
20
32
45
58
70
76
76
67
68
55
40
46
36
22
11
5
-3
-28
-9
-5
-10
-37
-40
-52
-65
-82
-88
-90
-112
-109
-127
-126
-129
-130
-122
-124
-106
-106
-94
-81
-73
-67
-50
-62
-67
-62
-70
-67
-52
-47
-58
-37
-35
-41
-49
-37
-63
-66
-56
-63
-62
-70
-73
-84
-68
-78
-76
-77
-64
-46
-49
-45
-21
2
20
33
60
69
86
112
143
168
203
246
281
313
347
394
435
469
506
552
583
612
616
628
624
605
575
528
479
427
365
282
223
159
78
13
-39
-104
-134
-165
-215
-227
-221
-222
-240
-240
-223
-200
-168
-157
-114
-103
-102
-79
-61
-36
-11
7
7
33
38
36
28
22
13
-28
-50
-62
-81
-103
-117
-127
-137
-116
-120
-128
-118
-108
-91
-107
-132
-167
-171
-173
-184
-200
-200
-186
-200
-198
-213
-190
-161
-169
-137
-136
-127
-109
-115
-124
-117
-117
-109
-110
-91
-99
-88
-71
-66
-67
-72
-63
-73
-55
-70
-66
-59
-72
-78
-83
-96
-81
-77
-81
-64
-49
-36
-2
17
26
47
64
81
118
124
152
182
216
241
272
326
347
382
427
468
505
552
595
629
656
685
711
709
715
683
657
609
548
477
386
313
224
122
41
-28
-95
-155
-204
-251
-258
-260
-267
-257
-247
-231
-219
-213
-174
-146
-141
-118
-94
-76
-54
-19
10
26
43
76
92
75
54
43
24
2
-34
-62
-97
-114
-126
-136
-144
-158
-156
-145
-152
-148
-135
-157
-165
-184
-192
-204
-223
-241
-253
-258
-266
-260
-229
-228
-198
-174
-175
-134
-132
-137
-139
-125
-127
-128
-115
-115
-109
-95
-91
-81
-62
-57
-46
-53
-47
-60
-46
-61
-73
-105
-124
-137
-125
-137
-151
-124
-127
-108
-113
-89
-87
-57
-42
-28
-12
20
45
55
87
119
165
191
235
289
324
373
419
472
556
591
648
676
715
758
754
750
682
627
559
475
365
252
141
15
-104
-230
-317
-386
-450
-482
-492
-498
-480
-464
-450
-429
-406
-377
-342
-315
-284
-245
-210
-166
-117
-74
-35
40
98
156
178
194
198
181
158
114
75
11
-38
-95
-137
-170
-196
-219
-222
-214
-215
-199
-200
-206
-209
-249
-265
-293
-328
-356
-381
-391
-376
-346
-337
-305
-268
-242
-202
-164
-132
-129
-123
-133
-135
-152
-159
-159
-157
-146
-133
-128
-110
-88
-56
-47
-53
-39
-58
-62
-90
-118
-143
-171
-170
-192
-198
-201
-208
-178
-178
-137
-114
-99
-50
-17
17
59
106
149
188
237
273
310
375
424
489
576
654
717
802
897
973
1023
1057
1066
1036
971
868
720
557
380
157
-54
-237
-417
-598
-723
-815
-883
-893
-869
-842
-785
-725
-654
-575
-518
-454
-402
-346
-265
-172
-92
6
104
211
307
404
472
532
551
563
526
446
361
225
104
-43
-170
-300
-399
-465
-526
-558
-554
-521
-504
-486
-471
-459
-474
-488
-524
-543
-567
-576
-555
-545
-499
-415
-342
-253
-168
-90
-40
0
27
15
2
-46
-99
-151
-212
-249
-263
-278
-295
-262
-235
-212
-190
-174
-179
-178
-202
-220
-258
-277
-282
-315
-285
-276
-271
-249
-206
-170
-120
-88
-47
21
51
112
169
233
321
409
488
593
688
776
865
958
1077
1184
1314
1426
1549
1623
1621
1577
1465
1320
1099
811
454
94
-269
-652
-983
-1242
-1436
-1560
-1613
-1548
-1450
-1263
-1059
-835
-616
-428
-284
-166
-27
61
158
227
344
453
590
727
862
1002
1088
1123
1112
1035
882
659
364
50
-280
-598
-882
-1096
-1263
-1347
-1350
-1275
-1129
-970
-800
-648
-501
-397
-348
-336
-336
-358
-396
-406
-401
-340
-254
-144
-49
78
172
218
236
204
136
-2
-142
-305
-458
-590
-688
-749
-762
-707
-637
-530
-420
-290
-172
-91
-16
23
23
7
-16
-33
-64
-110
-127
-132
-142
-130
-136
-119
-77
-40
-6
50
123
200
271
350
471
562
680
827
977
1114
1271
1435
1599
1769
1946
2108
2272
2270
2116
1878
1545
1150
625
43
-555
-1143
-1698
-2128
-2383
-2484
-2445
-2332
-2095
-1740
-1356
-942
-563
-229
34
222
350
482
603
739
830
946
1106
1259
1430
1522
1572
1503
1294
970
574
131
-403
-937
-1440
-1846
-2135
-2288
-2278
-2143
-1905
-1594
-1245
-883
-510
-219
-4
153
218
227
253
229
203
190
161
150
161
193
198
133
37
-119
-310
-519
-709
-882
-1066
-1213
-1289
-1286
-1214
-1057
-885
-678
-462
-248
-30
153
300
380
425
424
395
361
308
222
129
30
-79
-192
-274
-337
-406
-445
-472
-435
-359
-238
-79
102
277
486
721
926
1155
1367
1548
1770
1973
2178
2415
2603
2815
2942
2793
2430
1896
1307
658
-172
-1056
-1828
-2511
-3034
-3348
-3383
-3135
-2765
-2358
-1800
-1177
-561
-19
363
683
871
972
1061
1159
1311
1456
1534
1621
1763
1803
1755
1549
1203
705
50
-650
-1331
-1918
-2447
-2845
-3070
-3045
-2796
-2442
-1925
-1374
-856
-363
37
400
682
848
922
942
972
999
977
898
780
587
339
54
-279
-584
-920
-1262
-1546
-1775
-1878
-1853
-1758
-1572
-1354
-1126
-846
-586
-320
-74
110
271
401
507
591
656
682
661
583
450
287
105
-84
-301
-518
-712
-840
-903
-935
-896
-790
-621
-450
-221
47
355
646
912
1178
1439
1664
1870
2058
2254
2427
2587
2727
2862
2990
3002
2604
1849
1042
203
-632
-1583
-2460
-3132
-3645
-3920
-3896
-3478
-2840
-2194
-1621
-959
-261
340
879
1232
1510
1691
1767
1857
1992
2155
2210
2078
1848
1569
1144
623
35
-666
-1342
-2042
-2623
-2922
-3055
-3022
-2861
-2568
-2132
-1643
-1138
-576
-32
356
715
985
1292
1601
1766
1846
1795
1688
1455
1054
512
-35
-630
-1270
-1815
-2233
-2419
-2452
-2367
-2173
-1891
-1500
-1133
-775
-422
-111
116
277
398
532
698
773
818
795
730
641
467
300
89
-217
-491
-720
-934
-1030
-1090
-1114
-1100
-1082
-1010
-901
-725
-501
-247
55
421
795
1181
1565
1908
2157
2308
2364
2343
2299
2220
2141
2091
2068
2120
2217
2324
1999
1246
472
-379
-1126
-1980
-2795
-3271
-3584
-3642
-3387
-2763
-1887
-1027
-424
203
782
1209
1583
1733
1844
1885
1826
1783
1794
1837
1759
1420
902
368
-250
-882
-1476
-2001
-2381
-2684
-2792
-2594
-2239
-1799
-1383
-1001
-589
-215
92
461
749
976
1197
1328
1513
1671
1694
1536
1194
721
183
-462
-1075
-1629
-2151
-2523
-2734
-2690
-2375
-1990
-1541
-1081
-684
-308
25
317
582
734
791
814
762
718
644
491
273
-20
-313
-559
-728
-815
-855
-889
-846
-816
-738
-647
-600
-577
-583
-594
-559
-433
-219
91
372
694
1045
1363
1624
1832
1970
1985
1905
1812
1707
1617
1618
1681
1838
2015
2252
2442
2087
1246
335
-567
-1291
-2033
-2674
-2888
-2918
-2809
-2451
-1792
-1013
-391
-76
226
531
774
1111
1351
1617
1823
1884
1933
1907
1793
1439
744
-62
-791
-1443
-1915
-2182
-2249
-2139
-2034
-1842
-1436
-1051
-720
-555
-412
-223
-19
283
690
1055
1363
1549
1550
1529
1377
1014
516
-112
-696
-1145
-1462
-1569
-1555
-1520
-1509
-1527
-1486
-1341
-1185
-997
-764
-523
-243
81
433
739
884
862
726
492
252
12
-231
-439
-625
-766
-834
-815
-737
-658
-636
-664
-641
-577
-473
-361
-232
-153
-112
-80
-58
-17
-3
-8
46
154
311
530
768
1010
1236
1348
1412
1497
1538
1584
1679
1813
1996
2247
2503
2804
2799
2138
1161
154
-726
-1436
-2166
-2597
-2673
-2599
-2381
-1978
-1351
-747
-387
-136
144
452
870
1301
1710
2096
2254
2184
2022
1698
1196
469
-446
-1180
-1694
-2002
-2066
-1975
-1734
-1522
-1408
-1237
-1052
-922
-811
-682
-411
-49
339
835
1305
1578
1624
1454
1122
714
219
-279
-764
-1148
-1338
-1375
-1289
-1123
-1070
-1081
-1130
-1182
-1105
-964
-741
-470
-176
104
314
482
569
508
331
86
-164
-361
-466
-503
-467
-480
-505
-497
-492
-472
-434
-400
-348
-280
-190
-76
20
64
31
-85
-219
-368
-460
-517
-526
-406
-233
-3
250
527
787
1012
1174
1263
1412
1574
1756
1988
2221
2463
2748
2950
3140
2951
2103
1003
-128
-1006
-1645
-2237
-2522
-2518
-2427
-2209
-1869
-1405
-899
-516
-142
331
823
1385
1932
2358
2659
2582
2206
1711
1077
397
-306
-997
-1483
-1770
-1898
-1828
-1704
-1560
-1535
-1555
-1410
-1165
-877
-502
-63
423
882
1219
1458
1536
1361
1004
566
156
-192
-502
-747
-955
-1103
-1234
-1278
-1235
-1172
-1111
-1016
-846
-651
-340
-61
195
390
407
346
243
90
-36
-185
-324
-421
-508
-550
-534
-498
-442
-451
-461
-393
-308
-167
-1
125
174
165
77
-28
-166
-299
-431
-580
-659
-688
-644
-543
-457
-338
-205
-64
90
301
577
835
1116
1377
1621
1841
2040
2246
2426
2556
2695
2792
2875
2525
1739
747
-306
-1093
-1803
-2348
-2606
-2585
-2453
-2163
-1720
-1219
-682
-195
339
853
1347
1817
2182
2470
2573
2380
1951
1374
647
-42
-709
-1289
-1702
-1962
-2081
-2030
-1885
-1713
-1539
-1354
-1060
-709
-311
91
488
824
1066
1192
1204
1075
794
462
104
-208
-448
-676
-874
-1045
-1226
-1320
-1313
-1222
-1035
-874
-682
-452
-223
12
214
317
366
321
177
25
-93
-193
-251
-298
-347
-437
-517
-508
-468
-389
-280
-178
-62
84
214
299
324
203
18
-210
-436
-631
-798
-877
-927
-941
-931
-847
-761
-665
-543
-370
-144
75
394
737
1053
1365
1626
1876
2024
2146
2205
2257
2321
2328
2369
2373
2219
1610
788
-176
-1010
-1612
-2107
-2284
-2208
-1993
-1716
-1325
-911
-481
-50
382
918
1409
1864
2227
2431
2522
2349
1893
1250
477
-265
-899
-1385
-1682
-1845
-1872
-1803
-1648
-1470
-1289
-1090
-832
-521
-158
247
615
882
1050
1086
1016
844
540
230
-84
-353
-543
-678
-813
-941
-1069
-1159
-1133
-1024
-825
-621
-426
-234
-107
4
86
84
55
-59
-183
-240
-280
-285
-280
-286
-268
-245
-256
-233
-157
-29
135
239
314
309
221
117
-26
-184
-384
-604
-802
-941
-1002
-1004
-996
-965
-914
-862
-790
-657
-481
-291
-40
247
568
891
1180
1432
1650
1793
1862
1866
1825
1844
1815
1791
1777
1803
1684
1139
443
-397
-1014
-1437
-1788
-1866
-1814
-1583
-1314
-958
-567
-261
144
551
1069
1529
1845
2078
2080
1987
1692
1215
668
-27
-609
-1024
-1306
-1419
-1473
-1474
-1451
-1385
-1259
-1122
-902
-644
-288
97
446
739
907
946
877
729
530
271
16
-174
-331
-439
-553
-642
-793
-933
-1000
-987
-868
-706
-536
-378
-259
-184
-103
-85
-74
-58
-28
-9
-20
-39
-84
-130
-154
-151
-133
-145
-113
-48
34
124
160
151
73
-32
-121
-228
-324
-435
-549
-633
-723
-784
-814
-816
-774
-730
-655
-571
-490
-336
-151
89
392
679
953
1211
1399
1513
1588
1579
1540
1475
1428
1431
1454
1502
1562
1538
1253
826
289
-177
-514
-857
-968
-986
-912
-712
-516
-300
-155
77
372
693
1033
1262
1437
1468
1349
1151
821
475
74
-295
-516
-743
-813
-856
-917
-926
-956
-907
-846
-743
-555
-314
-29
200
370
448
443
354
237
162
64
-44
-104
-165
-244
-318
-403
-500
-628
-670
-656
-611
-497
-357
-254
-169
-157
-188
-218
-266
-241
-189
-122
-79
-59
-57
-75
-44
-20
3
25
72
120
148
168
160
128
58
-37
-126
-178
-261
-318
-363
-424
-481
-558
-602
-625
-636
-608
-564
-483
-412
-277
-107
109
337
581
824
1017
1178
1264
1305
1310
1255
1228
1241
1239
1297
1392
1474
1414
1171
841
433
112
-190
-410
-518
-589
-503
-447
-373
-295
-248
-61
107
322
524
651
775
796
774
671
490
280
62
-67
-151
-248
-318
-372
-449
-535
-577
-625
-655
-640
-569
-460
-334
-206
-106
-94
-84
-91
-88
-83
-73
6
38
69
47
-14
-87
-205
-283
-348
-369
-372
-367
-300
-252
-208
-208
-257
-294
-310
-259
-211
-169
-93
-22
19
78
127
162
180
197
229
272
317
282
256
208
121
44
-49
-131
-195
-229
-259
-334
-417
-509
-571
-624
-630
-617
-588
-506
-393
-239
-66
117
330
544
750
881
997
1075
1087
1107
1107
1110
1142
1179
1232
1286
1271
1173
986
759
517
293
71
-95
-211
-278
-301
-311
-293
-271
-209
-114
-2
68
154
262
338
380
384
359
305
247
184
143
109
69
-2
-71
-143
-228
-318
-425
-488
-540
-569
-566
-539
-481
-421
-363
-308
-266
-196
-133
-63
33
111
165
163
155
125
60
-17
-97
-181
-269
-315
-367
-389
-414
-436
-469
-500
-479
-422
-349
-237
-111
9
156
293
418
496
545
567
559
548
524
497
434
343
240
102
-13
-94
-193
-283
-344
-417
-490
-564
-588
-586
-578
-552
-477
-388
-276
-142
-28
104
227
331
421
492
514
527
502
454
437
394
378
374
383
416
467
502
528
561
582
594
631
663
698
700
676
692
665
664
671
660
625
558
530
488
430
387
315
245
185
99
43
-11
-69
-100
-145
-177
-216
-285
-339
-374
-409
-430
-469
-463
-440
-419
-337
-264
-213
-164
-108
-77
-13
40
63
86
91
87
51
-10
-112
-233
-335
-472
-558
-643
-695
-729
-754
-734
-712
-648
-568
-471
-348
-217
-79
61
197
339
429
484
522
546
530
512
471
406
303
200
79
-27
-119
-208
-273
-338
-367
-385
-407
-406
-381
-341
-291
-217
-145
-58
36
131
240
323
414
506
558
605
639
662
654
648
644
621
622
603
589
612
641
693
716
718
690
642
572
514
450
364
308
249
223
217
206
197
163
98
46
17
-11
-43
-83
-116
-130
-154
-165
-208
-257
-300
-355
-411
-462
-538
-601
-630
-638
-628
-585
-526
-465
-390
-310
-240
-190
-131
-88
-44
9
45
64
60
39
28
-34
-133
-257
-385
-491
-574
-634
-665
-677
-682
-649
-581
-492
-400
-298
-194
-79
41
141
258
362
439
517
538
520
509
457
420
328
228
100
-10
-114
-212
-235
-269
-278
-277
-262
-259
-255
-241
-220
-181
-132
-45
14
97
184
276
406
498
579
649
712
772
827
843
840
791
778
778
801
810
813
819
773
734
651
543
431
310
206
147
100
66
36
31
27
18
7
-17
-72
-109
-95
-45
15
42
42
41
21
-3
-39
-123
-219
-297
-363
-422
-466
-516
-556
-577
-583
-555
-508
-457
-397
-349
-277
-222
-187
-145
-127
-68
-51
-25
-26
-46
-55
-94
-174
-262
-366
-465
-541
-558
-545
-536
-488
-447
-389
-331
-264
-200
-128
-71
26
131
233
330
405
462
498
473
435
376
272
191
106
40
-34
-74
-80
-71
-58
-21
-18
-19
-48
-75
-79
-81
-53
-11
59
148
273
362
472
555
620
700
718
706
683
663
657
669
679
678
654
635
614
553
449
359
241
115
36
-53
-117
-168
-204
-221
-231
-243
-273
-302
-308
-275
-264
-244
-231
-196
-125
-47
15
15
-2
-49
-95
-162
-227
-287
-371
-431
-454
-491
-481
-490
-513
-497
-494
-455
-429
-401
-384
-334
-295
-259
-218
-217
-213
-182
-150
-154
-165
-201
-243
-274
-299
-326
-379
-405
-395
-362
-334
-303
-304
-297
-268
-232
-168
-119
-35
69
173
257
322
367
381
385
352
307
252
200
162
120
121
94
64
32
40
67
70
60
57
76
107
153
208
293
354
424
483
551
571
589
608
605
616
615
579
541
519
487
456
406
353
304
242
174
99
17
-51
-126
-193
-245
-288
-318
-380
-392
-384
-405
-382
-372
-358
-333
-270
-182
-113
-60
15
84
142
146
110
50
-37
-94
-159
-210
-241
-278
-311
-349
-370
-426
-487
-527
-544
-551
-538
-499
-454
-389
-304
-233
-193
-162
-133
-134
-115
-93
-95
-75
-77
-63
-78
-102
-129
-167
-192
-213
-217
-217
-216
-227
-219
-188
-153
-108
-70
14
84
148
225
294
348
366
372
355
342
305
279
262
255
222
225
208
218
248
270
317
333
389
437
474
498
537
558
600
614
594
575
523
483
432
381
303
213
132
72
20
-37
-77
-143
-207
-233
-241
-263
-293
-315
-335
-322
-316
-315
-330
-330
-315
-308
-313
-308
-303
-296
-248
-179
-112
-46
20
60
100
121
112
70
13
-41
-80
-147
-225
-266
-293
-322
-392
-444
-492
-548
-579
-591
-579
-539
-489
-407
-337
-260
-166
-84
-28
3
32
52
69
82
83
98
95
45
8
-6
-28
-64
-97
-116
-149
-147
-140
-152
-133
-104
-66
-25
28
99
164
232
302
349
398
439
457
452
461
488
501
535
551
578
565
565
546
532
551
565
588
573
557
551
521
467
442
379
307
238
192
143
79
36
-33
-93
-170
-238
-313
-381
-407
-457
-488
-484
-480
-455
-417
-406
-392
-369
-366
-374
-396
-387
-361
-349
-327
-295
-268
-212
-170
-124
-77
-35
14
59
85
74
52
7
-48
-114
-157
-236
-301
-348
-385
-426
-453
-470
-507
-528
-543
-524
-501
-441
-359
-266
-152
-52
28
106
162
173
216
232
228
227
200
201
197
166
128
81
33
-18
-55
-112
-128
-132
-137
-70
-26
33
84
158
242
323
426
515
597
675
766
826
845
858
838
824
785
739
650
564
466
379
300
243
177
117
84
42
41
10
-6
-42
-48
-91
-123
-143
-159
-179
-192
-183
-226
-275
-320
-363
-413
-463
-519
-549
-569
-574
-564
-515
-495
-484
-476
-471
-477
-468
-449
-447
-436
-420
-404
-374
-362
-330
-317
-285
-249
-212
-169
-147
-112
-101
-78
-70
-74
-81
-100
-134
-150
-164
-186
-208
-235
-254
-252
-273
-264
-265
-241
-189
-127
-72
-23
46
119
151
184
206
214
262
274
299
295
301
321
307
293
273
256
254
242
242
262
275
322
348
391
425
445
478
531
584
604
621
636
634
627
628
608
546
458
364
281
184
89
7
-85
-136
-178
-225
-238
-257
-266
-250
-233
-208
-209
-225
-225
-221
-188
-195
-195
-198
-202
-185
-210
-241
-303
-366
-423
-486
-538
-582
-576
-573
-560
-557
-539
-522
-522
-516
-505
-512
-514
-501
-482
-457
-431
-385
-356
-328
-292
-249
-215
-170
-114
-55
16
77
119
158
192
207
215
213
173
144
100
65
37
0
-25
-66
-80
-83
-63
-55
-30
23
69
131
176
243
328
403
494
560
618
686
727
757
779
774
757
729
689
666
622
573
502
412
325
229
146
63
-8
-61
-98
-115
-97
-94
-118
-110
-88
-96
-92
-99
-105
-110
-148
-180
-200
-213
-233
-242
-248
-274
-291
-327
-317
-307
-295
-300
-305
-328
-348
-345
-360
-360
-395
-421
-437
-465
-466
-480
-521
-557
-613
-623
-639
-657
-646
-651
-637
-600
-556
-518
-498
-450
-404
-369
-293
-245
-195
-158
-116
-76
-70
-64
-50
-32
10
33
66
120
161
216
254
267
302
317
321
329
342
358
343
343
338
308
306
310
318
348
356
394
442
470
523
532
575
601
610
608
602
592
569
518
446
397
311
254
167
86
11
-86
-137
-203
-284
-351
-413
-463
-527
-563
-561
-542
-508
-464
-427
-381
-323
-291
-253
-219
-193
-210
-184
-181
-193
-218
-243
-269
-344
-381
-433
-472
-504
-515
-542
-551
-552
-552
-519
-524
-493
-470
-459
-424
-383
-350
-315
-304
-279
-273
-242
-229
-254
-254
-234
-213
-213
-208
-197
-165
-132
-116
-89
-65
-28
-19
29
69
112
159
195
219
215
220
216
235
253
294
332
379
430
493
551
633
707
725
779
811
812
810
792
770
726
668
607
522
429
352
275
197
124
62
0
-61
-98
-143
-192
-217
-229
-249
-261
-251
-264
-280
-289
-287
-296
-323
-341
-359
-389
-410
-411
-426
-450
-477
-484
-503
-501
-507
-508
-491
-487
-460
-434
-406
-399
-387
-382
-361
-364
-362
-348
-348
-354
-368
-392
-411
-390
-367
-348
-340
-309
-268
-252
-208
-149
-98
-53
9
61
95
152
186
203
230
242
252
257
255
277
253
267
264
242
246
237
236
237
247
285
283
333
379
414
487
551
617
657
687
671
659
641
616
594
575
570
532
523
512
503
467
418
372
306
245
179
115
44
-14
-70
-146
-210
-283
-348
-396
-429
-471
-491
-495
-511
-496
-476
-473
-445
-415
-386
-352
-330
-334
-352
-347
-376
-406
-428
-461
-472
-508
-540
-554
-553
-585
-580
-586
-593
-568
-567
-535
-484
-405
-341
-271
-200
-132
-66
3
36
86
134
139
167
185
181
181
197
174
190
189
184
197
198
210
223
256
291
340
387
427
486
532
570
603
608
647
670
690
718
747
756
757
743
706
673
621
554
492
403
329
264
196
170
120
78
57
42
17
0
-45
-82
-93
-143
-171
-215
-243
-245
-244
-235
-225
-247
-252
-276
-304
-332
-369
-412
-448
-474
-485
-500
-518
-541
-602
-624
-658
-690
-720
-715
-724
-728
-701
-660
-605
-568
-527
-484
-430
-376
-340
-297
-271
-249
-243
-220
-213
-205
-184
-165
-136
-128
-97
-79
-32
-13
26
69
87
132
190
243
292
335
408
461
485
526
572
580
605
622
616
635
618
590
580
554
553
566
552
559
546
536
529
510
505
508
515
510
473
445
395
370
314
263
228
177
133
98
50
-7
-84
-155
-211
-289
-367
-426
-475
-541
-588
-603
-612
-628
-659
-670
-669
-667
-626
-622
-611
-610
-618
-616
-592
-564
-533
-513
-466
-434
-431
-412
-422
-440
-448
-446
-435
-421
-388
-362
-329
-300
-280
-244
-232
-204
-170
-140
-118
-63
0
69
142
219
268
322
369
407
445
469
502
509
504
511
502
502
517
481
481
463
472
469
470
486
493
516
547
562
585
614
601
615
605
593
580
546
520
485
426
359
274
227
170
108
49
-14
-63
-110
-148
-202
-227
-263
-284
-328
-366
-386
-397
-402
-415
-426
-431
-447
-458
-447
-459
-461
-461
-454
-475
-491
-504
-530
-546
-575
-579
-582
-610
-612
-603
-604
-594
-561
-550
-490
-434
-397
-344
-291
-233
-188
-140
-115
-61
-2
57
123
177
211
247
270
283
280
287
305
326
324
337
361
388
405
433
457
481
486
511
523
551
563
601
631
666
694
715
729
711
692
657
593
527
484
419
333
255
172
87
18
-53
-106
-197
-256
-300
-324
-352
-367
-370
-377
-375
-370
-369
-390
-386
-370
-366
-359
-383
-389
-389
-409
-403
-411
-411
-412
-415
-399
-410
-404
-380
-382
-372
-360
-340
-321
-299
-279
-270
-246
-207
-160
-133
-109
-73
-52
-26
7
15
46
50
54
75
82
90
92
86
114
103
89
103
109
115
128
150
184
225
262
295
317
346
363
384
407
427
434
461
483
472
477
459
426
368
328
293
235
189
154
122
84
64
36
16
-20
-46
-64
-88
-88
-73
-63
-44
-33
-17
-1
7
24
5
-6
-25
-47
-67
-104
-117
-148
-198
-213
-249
-275
-290
-327
-345
-339
-338
-344
-318
-296
-259
-219
-209
-178
-134
-122
-124
-100
-71
-61
-59
-40
-45
-43
-28
-28
-30
0
13
13
47
56
73
91
115
157
178
195
231
257
273
304
329
331
343
361
371
386
392
400
390
376
356
355
325
298
284
252
204
164
147
108
77
27
0
-20
-21
-34
-29
-7
-13
4
-3
9
9
-1
0
-7
12
8
5
19
1
-23
-39
-57
-79
-105
-107
-118
-128
-124
-126
-99
-106
-120
-108
-107
-93
-74
-47
-9
27
41
66
90
104
114
128
125
105
88
63
45
11
7
-9
-50
-81
-103
-115
-133
-144
-139
-122
-111
-70
-24
10
45
96
131
160
179
198
213
225
239
240
243
234
216
203
202
175
166
160
148
148
132
142
130
132
142
148
153
176
176
180
186
178
198
178
191
178
200
203
203
225
220
241
219
197
185
163
117
105
88
75
65
21
4
-19
-45
-70
-56
-50
-35
-15
11
29
25
40
43
55
71
82
108
118
113
128
120
87
84
59
36
17
16
22
28
26
23
22
12
32
18
44
43
50
76
109
151
174
193
189
210
234
233
232
248
227
230
207
187
168
156
108
70
35
-4
-3
-11
-10
9
35
63
101
123
151
199
213
224
238
241
254
263
267
275
267
263
247
228
197
188
178
175
181
150
165
169
167
195
212
214
219
228
231
222
223
213
225
223
227
237
248
260
260
257
250
239
211
190
159
139
139
111
90
80
67
46
35
15
-2
-5
4
24
48
66
81
107
119
111
105
116
128
132
143
138
139
149
123
98
85
75
41
49
57
54
81
54
56
53
70
76
86
96
89
112
135
153
176
186
182
215
209
217
230
230
234
237
245
225
212
187
164
142
129
123
122
108
114
129
135
152
175
198
215
219
235
252
270
277
291
312
292
281
254
237
228
205
175
160
151
140
137
133
140
138
134
155
164
187
187
204
214
236
243
237
258
250
270
286
280
276
275
270
256
241
224
191
180
159
118
90
86
90
56
50
38
20
30
32
14
32
43
29
52
75
74
90
105
106
116
126
135
112
124
118
115
107
80
85
90
83
105
109
131
154
160
171
183
198
206
223
237
254
265
287
305
325
325
326
318
319
312
300
289
284
284
261
240
232
208
180
150
139
101
108
97
92
113
113
138
136
142
160
183
176
179
210
191
209
218
198
197
164
155
132
100
108
93
92
101
103
122
120
147
149
159
185
187
206
225
230
244
232
234
245
249
251
250
259
230
229
205
179
175
165
136
149
136
121
117
95
108
109
105
97
89
81
93
85
86
99
115
124
144
152
157
170
171
170
182
202
202
201
171
169
159
146
152
134
130
141
141
125
134
151
143
152
150
180
193
217
231
246
264
263
269
275
264
274
273
264
266
256
260
248
240
224
215
213
200
196
181
185
185
187
191
180
171
183
191
198
215
206
207
208
224
227
207
206
201
208
188
167
170
177
166
150
154
151
161
165
162
180
182
188
192
205
218
235
236
251
250
263
274
268
268
277
291
284
263
244
225
213
199
191
186
173
173
154
156
140
130
113
103
110
111
112
114
127
137
152
176
184
204
212
213
213
224
220
225
240
235
234
236
225
206
202
163
171
178
146
145
134
144
149
153
167
187
211
217
232
252
264
291
302
292
298
305
289
264
264
250
236
236
228
231
219
207
190
191
191
179
177
172
152
150
160
160
151
154
164
156
158
157
153
153
149
138
126
117
108
90
97
119
104
101
98
99
107
113
108
111
117
112
110
130
142
148
145
150
161
170
185
183
191
205
209
202
204
183
190
197
174
183
180
194
179
191
180
166
161
162
157
152
154
152
165
177
188
191
197
201
206
225
223
234
226
223
225
227
226
221
206
188
179
163
153
121
97
88
96
72
63
74
80
92
115
123
131
157
167
202
213
223
224
217
199
173
159
147
140
126
115
106
96
80
83
80
59
48
40
34
33
34
49
61
69
56
85
110
106
118
122
114
129
131
127
131
123
126
133
138
141
138
125
122
122
114
114
116
137
124
144
147
163
186
199
212
228
224
232
246
258
275
264
272
276
276
270
261
269
244
212
237
223
212
197
184
165
148
134
119
116
103
112
98
89
74
68
78
74
102
104
98
105
126
138
123
114
136
123
116
113
79
87
63
29
9
2
-4
-19
-24
-39
-37
-45
-16
-2
13
40
65
93
101
122
132
127
106
87
92
77
91
86
81
91
109
109
105
107
102
108
101
107
121
120
136
143
153
150
155
141
135
142
127
144
138
125
119
109
109
88
78
79
81
78
96
88
84
85
100
93
95
130
158
164
168
186
175
180
161
168
154
164
165
162
165
157
143
130
125
120
101
77
76
57
48
17
10
-13
-31
-29
-29
-43
-47
-35
-42
-40
-39
-14
0
11
15
27
44
45
45
46
58
75
55
61
64
53
32
13
-18
-25
-45
-84
-62
-69
-68
-72
-65
-46
-26
-9
11
20
33
51
89
110
111
127
138
133
108
111
121
118
116
104
127
127
120
119
116
132
131
138
157
147
132
153
147
142
139
132
111
119
103
74
65
58
42
18
29
1
15
11
10
10
30
18
22
30
19
32
37
46
41
68
57
62
57
53
47
33
36
2
5
-5
0
6
-5
-23
-18
-20
-26
-20
-32
-32
-25
1
-8
3
3
-25
-14
-25
-19
-5
3
-2
-4
12
17
30
25
36
39
50
47
30
59
56
47
48
42
44
17
18
9
8
-11
-9
1
-5
8
-1
14
13
25
30
46
58
76
90
111
109
121
113
98
92
74
76
49
65
51
41
49
39
53
50
51
57
75
86
96
91
104
105
81
94
102
72
75
61
31
31
1
-16
-29
-44
-69
-90
-82
-75
-83
-74
-59
-44
-47
-42
-44
-25
-10
-1
17
26
40
41
54
55
55
56
54
65
60
50
51
31
47
46
27
47
51
51
45
59
58
52
65
54
47
45
41
40
26
30
18
16
17
20
25
18
33
56
59
62
82
82
81
82
76
74
60
65
63
54
43
15
15
6
-9
1
-26
-38
-41
-29
-31
-39
-10
-8
8
27
29
42
44
51
53
48
40
55
64
46
40
49
36
36
24
24
38
37
35
51
35
35
38
41
54
45
38
25
23
5
3
4
-9
-27
-50
-53
-68
-76
-80
-87
-78
-87
-74
-58
-50
-53
-25
-21
-21
-18
-14
1
-4
-3
0
6
7
-4
-2
-11
-14
-22
-26
-25
-25
-34
-14
-19
-32
-25
-33
-29
-44
-37
-47
-52
-48
-42
-43
-36
-56
-41
-41
-73
-51
-45
-25
-25
-1
-6
0
20
6
40
15
16
23
6
-7
-16
-16
-23
-34
-51
-68
-73
-93
-94
-88
-94
-100
-104
-86
-89
-59
-54
-63
-58
-21
-28
-28
-24
-27
-6
-22
-32
-45
-45
-54
-68
-79
-86
-80
-84
-84
-79
-73
-76
-67
-56
-59
-46
-55
-40
-32
-29
-18
-31
-16
-16
-13
-40
-46
-40
-78
-83
-75
-92
-100
-98
-105
-106
-104
-92
-89
-82
-85
-69
-57
-59
-48
-40
-39
-36
-32
-34
-19
-22
-23
-23
-16
-14
-3
-9
-5
-1
0
5
7
18
2
-1
8
20
10
15
29
22
15
15
8
11
14
14
21
24
30
41
47
62
66
49
51
35
35
40
16
23
12
-2
-13
-30
-49
-55
-75
-89
-82
-92
-93
-87
-85
-83
-85
-93
-73
-79
-70
-58
-56
-48
-57
-38
-47
-38
-45
-50
-68
-63
-75
-80
-84
-111
-88
-72
-72
-70
-60
-56
-45
-49
-26
-34
-34
-24
-19
-1
-8
-19
-21
-26
-11
-19
-33
-50
-76
-75
-59
-62
-67
-72
-73
-56
-63
-54
-44
-36
-38
-34
-11
-13
-5
14
17
36
37
26
23
18
27
47
32
17
38
30
24
28
10
-3
-1
-6
-12
-18
-20
-10
-37
-33
-7
-18
-11
-16
-15
-27
-28
-35
-19
-6
-3
9
-12
-23
-9
-25
-37
-53
-69
-66
-82
-91
-98
-83
-104
-102
-105
-130
-133
-131
-137
-123
-119
-127
-112
-127
-125
-128
-133
-123
-126
-103
-96
-94
-80
-86
-75
-84
-84
-73
-65
-75
-68
-73
-65
-71
-66
-46
-45
-40
-37
-16
-23
-9
15
22
30
39
49
63
63
70
63
54
46
42
31
33
44
20
22
43
47
21
22
28
13
21
5
9
27
28
23
18
15
32
24
21
19
-9
-6
-7
-18
-28
-34
-31
-36
-49
-45
-58
-74
-89
-92
-91
-102
-96
-103
-108
-110
-105
-102
-105
-106
-112
-88
-84
-71
-71
-87
-83
-81
-76
-90
-89
-89
-101
-102
-99
-106
-96
-98
-98
-98
-100
-108
-92
-94
-74
-56
-59
-50
-45
-47
-48
-49
-41
-46
-51
-55
-53
-34
-48
-29
-29
-23
-26
-20
-19
-18
-6
-15
12
20
21
24
43
42
32
43
41
45
38
45
58
58
56
50
44
49
43
42
28
7
-1
-7
-40
-24
-23
-34
-17
-36
-38
-29
-34
-47
-57
-77
-69
-85
-89
-97
-101
-102
-112
-113
-121
-113
-118
-122
-147
-140
-143
-137
-146
-121
-114
-138
-116
-109
-108
-110
-124
-105
-95
-102
-88
-100
-88
-76
-78
-69
-71
-59
-52
-46
-35
-34
-11
-19
2
-22
-32
-7
-9
-15
8
-5
-10
-4
-5
17
19
12
12
22
22
14
29
49
36
44
31
41
42
32
24
17
29
29
29
25
23
20
23
20
6
2
-2
1
-10
8
11
-7
1
-23
-19
-17
-20
-20
-25
-30
-21
-23
-14
-11
-30
-19
-48
-52
-48
-67
-70
-85
-80
-90
-84
-78
-95
-113
-99
-82
-99
-102
-95
-121
-130
-122
-111
-115
-122
-127
-128
-121
-114
-105
-110
-101
-93
-89
-81
-78
-47
-39
-35
-22
-25
-9
-24
-21
-10
-4
3
3
21
20
-2
12
27
33
23
22
46
47
42
47
51
41
59
60
51
67
75
62
56
56
49
58
50
60
45
46
56
40
52
39
37
37
36
25
29
22
10
4
5
0
-15
-20
-23
-14
-24
-39
-53
-45
-51
-67
-75
-66
-85
-95
-97
-98
-94
-98
-101
-96
-97
-106
-103
-91
-82
-78
-76
-60
-55
-55
-51
-64
-65
-56
-62
-64
-80
-65
-65
-72
-74
-86
-89
-76
-61
-65
-60
-63
-55
-42
-30
-34
-25
-13
-21
-7
6
3
14
30
31
58
41
49
66
64
74
72
95
102
91
97
99
91
96
95
75
74
75
55
42
35
43
55
35
40
40
35
15
24
43
39
13
13
17
12
9
-4
5
-22
-32
-35
-25
-36
-63
-74
-81
-81
-107
-110
-124
-114
-111
-134
-125
-160
-148
-135
-151
-157
-145
-147
-133
-126
-150
-129
-132
-122
-119
-127
-99
-108
-121
-107
-103
-109
-102
-87
-83
-77
-70
-66
-44
-29
-25
-15
-10
5
5
26
28
33
47
53
62
68
75
72
60
61
70
48
56
59
51
56
72
70
66
53
57
55
54
59
44
50
36
33
37
31
27
20
27
29
34
16
15
23
27
24
9
12
0
-7
-23
-29
-50
-50
-50
-62
-57
-80
-82
-86
-91
-98
-94
-93
-110
-120
-120
-117
-109
-122
-113
-97
-107
-105
-117
-114
-108
-122
-127
-130
-126
-119
-110
-104
-99
-104
-93
-74
-86
-96
-89
-87
-73
-63
-50
-41
-36
-26
-5
-5
-6
-1
11
6
18
17
15
18
41
56
43
44
53
48
50
45
61
69
66
84
81
82
94
91
80
83
73
71
70
55
56
56
36
15
4
-8
-26
-20
-28
-32
-37
-32
-23
-45
-38
-54
-69
-61
-62
-77
-92
-88
-92
-101
-115
-105
-99
-112
-103
-114
-106
-98
-103
-94
-118
-122
-120
-117
-111
-131
-124
-125
-124
-136
-141
-131
-134
-137
-139
-129
-120
-104
-107
-93
-77
-70
-62
-81
-72
-73
-45
-21
-18
-21
-28
-8
-2
-3
8
5
2
35
39
20
30
34
39
52
50
68
69
88
71
93
97
87
97
102
95
84
92
66
63
57
51
39
25
30
19
10
14
5
-16
-4
-2
-14
-1
-25
-18
-5
-7
-6
3
-21
-25
-20
-44
-45
-67
-66
-72
-66
-90
-101
-103
-116
-114
-127
-139
-137
-134
-124
-121
-127
-107
-112
-115
-104
-112
-119
-106
-109
-101
-108
-99
-81
-90
-73
-54
-58
-56
-54
-66
-53
-38
-38
-22
-22
-28
-15
-15
-15
-15
-10
7
-7
-6
19
10
15
26
27
40
35
35
46
58
55
72
56
49
55
41
54
49
47
61
59
47
52
48
39
19
20
23
22
23
29
26
18
23
17
20
-13
-22
-24
-32
-34
-50
-49
-52
-60
-81
-94
-84
-98
-113
-97
-126
-131
-136
-130
-114
-120
-118
-111
-92
-81
-78
-64
-64
-44
-52
-61
-49
-61
-74
-71
-50
-66
-71
-57
-52
-68
-63
-70
-69
-59
-51
-43
-29
-21
-20
-18
-23
-15
-16
1
4
11
15
18
26
22
34
43
36
44
53
45
69
48
46
56
49
42
67
65
64
73
53
60
62
47
52
60
51
45
44
38
23
30
38
46
37
27
27
22
8
4
-6
-9
-12
-30
-22
-29
-37
-24
-38
-47
-43
-51
-67
-36
-38
-38
-42
-57
-55
-60
-56
-70
-65
-96
-70
-60
-85
-73
-79
-70
-80
-98
-90
-97
-97
-86
-76
-87
-87
-85
-80
-64
-50
-40
-37
-19
3
21
31
39
47
61
50
54
78
69
83
69
68
66
44
61
67
69
62
67
68
78
70
79
69
77
79
82
103
84
73
78
93
69
71
79
74
72
60
61
39
33
42
33
30
41
29
16
14
14
16
23
20
16
0
-8
0
-3
-12
-19
-26
-20
-27
-23
-22
-29
-33
-34
-51
-45
-50
-52
-33
-22
-27
-32
-26
-21
-30
-25
-22
-28
-18
-31
-14
-3
-2
8
16
10
20
22
35
13
16
31
36
21
19
19
22
23
32
47
31
49
37
46
55
46
52
43
52
56
54
72
64
85
80
85
96
103
96
104
101
95
97
86
91
85
91
80
84
68
49
37
45
34
35
46
43
30
29
35
19
35
37
16
21
19
10
23
31
12
19
17
13
23
17
17
-11
-14
-19
-21
-7
-28
-39
-35
-18
-17
-23
-23
-40
-33
-24
-27
-29
-26
-29
-25
-26
-14
-1
10
10
21
12
1
17
12
20
32
24
35
28
30
52
53
49
30
49
59
50
54
51
61
44
46
55
44
61
57
52
49
58
58
52
53
64
57
63
55
50
57
50
53
44
52
46
41
36
48
51
48
50
46
35
31
28
46
52
39
47
47
41
40
42
42
41
36
28
24
33
21
27
13
18
14
12
8
4
14
4
7
-1
-10
1
6
-6
9
7
9
-4
-1
-1
-7
-7
-7
-13
-13
-1
-2
4
1
-13
-19
-1
-1
-2
8
8
-4
5
5
4
19
9
18
24
12
28
19
32
30
3
20
11
14
5
7
3
23
16
19
24
26
37
33
25
19
37
34
42
35
35
44
49
28
23
18
23
30
20
15
-3
-19
-17
2
-8
-11
-17
-27
-32
-37
-19
-28
-14
1
-24
-3
-3
2
-8
-11
10
0
8
19
14
28
19
19
34
19
29
32
31
33
28
31
27
31
20
15
11
17
9
15
9
17
23
3
7
8
18
14
11
23
19
26
38
30
45
42
28
19
39
40
29
42
53
38
37
41
42
44
46
54
47
51
46
38
53
55
63
58
46
73
72
72
69
80
71
73
62
61
46
53
57
50
48
61
65
47
66
63
59
72
67
43
48
40
40
44
46
43
49
54
26
15
0
-3
4
13
3
10
-3
4
15
6
11
15
27
28
29
29
36
44
43
13
34
20
22
39
10
19
15
24
12
17
12
14
19
3
12
12
2
-1
13
5
6
14
20
4
10
11
4
3
-3
17
33
22
12
4
5
11
-6
15
13
16
31
7
2
10
6
-6
-12
4
3
-8
-10
3
16
16
20
26
28
34
19
35
33
24
37
29
46
42
35
31
24
33
46
32
16
17
7
-3
-2
-1
14
-1
8
7
1
7
7
5
0
-8
8
8
-4
6
-2
-4
-11
-6
-2
10
-6
-11
6
-14
-10
-17
-2
-12
-13
-15
-25
-2
-3
-2
-8
-2
11
-3
6
10
-4
-7
-12
7
-9
7
-14
-4
-6
-13
-5
-1
2
-4
16
6
32
10
11
24
13
15
4
5
3
-2
8
10
11
6
3
3
12
17
-2
-10
-10
13
18
2
25
7
18
15
-1
3
5
14
18
25
21
14
35
32
13
14
23
29
13
25
18
14
14
21
23
39
25
23
10
30
46
16
16
9
10
-3
-7
8
-12
-14
-5
-14
-4
-4
-5
8
-11
-5
-1
5
-3
3
13
9
1
-4
-13
0
-4
-16
-10
-13
-19
-17
-17
-26
-29
-38
-17
-41
-33
-32
-31
-36
-40
-27
-32
-25
-18
-15
-26
-9
-1
-7
-29
-8
-9
-17
-15
-21
-9
-29
-18
-17
-10
-11
-8
-2
1
-5
1
-7
-4
1
-5
-7
-9
-10
-8
-9
-15
-26
-37
-18
-11
-23
-29
-25
-27
-15
-26
-28
-10
-32
-41
-20
-1
-23
-18
-21
-2
-4
-29
-23
-35
-18
-23
-27
-34
-38
-48
-54
-45
-51
-58
-53
-60
-54
-50
-55
-53
-59
-53
-55
-64
-68
-68
-63
-57
-66
-73
-66
-53
-46
-42
-36
-49
-40
-38
-33
-22
-19
-26
-16
-14
-6
-4
4
-2
2
5
2
9
-7
21
17
18
9
7
11
17
14
9
1
15
33
17
22
19
12
17
26
10
24
30
46
38
18
25
16
27
24
30
18
29
19
19
27
22
39
18
23
33
26
6
-3
0
-4
0
-4
-4
-5
-11
-28
-32
-28
-26
-30
-8
-15
-19
-26
-50
-20
-32
-42
-32
-31
-30
-36
-26
-25
-27
-35
-45
-41
-44
-39
-40
-37
-32
-32
-28
-19
-7
-13
-15
-19
-22
-6
-26
-28
-14
-30
-36
-8
-20
-25
-40
-25
-17
-5
-15
-10
-3
10
3
14
0
1
19
-10
10
-6
-13
-6
-7
-7
13
0
6
0
-17
-29
-21
-8
-8
-19
-12
-6
-19
-3
-9
-17
-21
-19
-21
-38
-34
-27
-26
-30
-19
-23
-19
-28
-27
-27
-42
-21
-17
-33
-22
-16
-33
-22
-20
-32
-21
-24
-47
-37
-26
-43
-32
-24
-43
-41
-38
-23
-26
-38
-31
-35
-30
-31
-8
-19
-29
-19
-20
-24
-26
-4
7
3
7
-12
4
-4
10
7
15
18
26
16
9
22
22
32
25
11
24
11
15
16
13
24
10
16
20
11
16
15
17
19
16
20
24
10
9
27
26
34
15
22
23
27
21
26
27
32
37
26
24
15
18
10
7
8
6
-7
-8
-10
-15
-13
-3
-8
-1
-14
-24
-5
-21
-12
-21
-9
-12
-9
5
2
3
2
7
5
13
-7
-8
-2
1
-6
-6
17
21
17
25
32
24
11
13
14
30
30
20
26
28
33
25
31
31
19
43
22
19
24
22
20
20
22
5
23
27
17
30
9
7
25
8
14
17
21
28
18
16
28
9
29
15
-1
9
15
7
4
16
8
19
9
-1
0
14
5
-10
-7
-17
-16
-10
-10
-9
-7
1
2
1
9
-6
7
-5
-7
-2
6
3
10
17
1
-14
3
-10
-14
2
-3
-2
-3
-10
-19
2
-11
-10
-2
16
12
0
15
20
19
12
11
22
28
26
27
15
30
47
41
31
51
64
43
50
57
47
57
54
47
60
47
63
49
59
67
52
55
57
73
65
67
55
50
53
57
50
46
38
38
28
31
39
35
45
13
3
19
22
24
32
16
20
21
25
28
30
33
12
20
12
10
17
16
19
4
1
2
2
-2
6
17
-5
8
1
12
15
4
1
9
13
7
24
21
27
27
30
39
32
44
51
26
33
35
37
46
55
59
52
48
50
38
34
58
42
42
34
32
49
49
54
51
45
34
31
38
25
35
37
39
31
15
42
49
47
54
52
47
30
28
45
48
43
45
40
28
33
38
29
50
34
43
44
24
41
30
30
30
22
30
31
30
27
38
28
28
36
41
40
49
41
49
51
44
41
39
50
44
46
36
52
46
47
52
53
51
63
56
63
74
66
60
67
50
50
67
42
53
54
48
46
49
49
44
31
49
44
47
56
42
46
51
48
62
59
60
69
67
59
60
76
69
75
51
45
44
49
56
36
31
37
33
30
39
23
44
41
27
34
42
42
22
22
24
33
18
18
10
7
10
17
5
14
24
9
37
46
36
22
31
34
49
42
53
46
60
59
58
62
62
55
63
68
71
71
67
81
75
70
64
79
68
58
67
72
63
77
70
66
83
66
58
66
61
58
63
46
56
71
77
70
59
48
70
77
84
65
61
64
56
78
60
66
53
56
51
60
65
46
42
39
47
30
25
28
32
30
37
44
15
12
24
39
41
30
38
32
36
29
30
34
19
22
17
25
25
27
20
20
28
15
17
17
25
13
3
7
10
11
7
7
0
3
5
9
17
21
31
31
27
28
32
41
37
35
33
33
55
33
53
49
47
61
62
60
59
62
62
66
67
60
54
53
58
67
44
61
66
63
66
49
51
61
70
49
48
56
39
38
48
56
59
52
38
44
39
57
31
29
40
23
45
30
31
28
26
23
22
32
5
15
8
5
8
7
8
-12
3
2
-1
-7
-17
-13
-34
-19
6
5
7
-3
7
14
8
1
14
4
-2
14
4
10
1
15
21
21
30
24
24
17
37
20
12
26
23
29
34
23
39
42
28
25
28
36
48
33
38
39
46
36
34
50
29
37
32
42
41
44
36
50
37
47
44
30
42
39
36
45
42
47
44
39
32
23
48
30
23
26
33
34
21
30
41
34
18
27
28
9
6
3
22
7
-6
-12
-1
-4
-13
-8
-5
-13
-17
2
3
-10
-1
-3
0
5
13
21
2
8
1
12
4
3
10
0
20
26
11
16
20
33
33
36
51
41
48
49
49
58
49
75
74
69
68
68
82
69
83
84
81
84
87
77
81
71
66
65
64
57
57
62
64
60
58
55
46
37
31
38
47
21
19
30
10
20
18
15
4
0
14
11
3
5
7
-9
-3
-5
-9
-1
3
-4
-16
-11
-14
-15
-21
-17
-6
-5
-5
-13
-13
-8
-12
-10
-8
-3
-5
-2
-4
-23
-19
-20
-6
-16
-6
