59
59
54
50
53
48
58
55
62
75
59
51
69
66
55
58
67
57
52
51
75
68
63
69
44
45
50
67
54
56
59
59
67
85
66
47
57
63
59
65
63
71
67
59
71
72
76
68
66
61
64
67
68
75
75
69
59
65
71
75
80
68
70
75
71
82
63
76
66
81
75
65
72
65
75
59
69
74
61
51
64
69
60
78
61
67
67
65
59
75
66
60
75
60
78
77
71
64
65
71
64
71
85
74
90
86
81
91
84
85
81
77
72
78
65
69
74
96
89
80
90
83
80
63
62
74
79
83
74
87
84
80
86
87
85
78
88
83
88
81
87
94
76
79
74
75
90
92
97
110
107
95
92
104
102
96
112
104
100
82
91
86
90
101
81
86
93
88
78
94
75
79
85
81
76
75
81
78
84
80
79
71
66
71
64
54
63
67
67
63
64
65
83
75
77
61
67
83
71
72
80
71
63
89
68
65
69
75
71
76
68
69
77
56
46
73
59
59
42
40
48
50
65
60
65
43
30
37
42
46
42
59
49
46
40
55
47
42
54
40
59
49
56
55
67
65
61
63
72
60
67
59
63
64
71
67
54
66
72
90
85
62
72
57
47
64
72
65
70
78
61
72
55
71
67
58
56
52
59
51
51
59
50
54
68
51
47
52
50
47
44
53
61
56
64
48
49
38
40
57
52
59
63
54
48
48
49
56
48
40
43
37
49
54
52
59
53
50
52
56
59
60
57
59
56
56
53
60
74
62
68
65
75
63
48
45
51
41
51
56
55
58
51
52
42
55
52
38
42
45
48
51
50
71
50
50
47
30
49
62
55
58
50
44
46
43
49
49
52
54
43
50
48
57
52
60
58
49
49
45
46
50
43
41
58
60
39
51
60
54
65
64
41
43
55
38
37
39
38
36
27
15
34
33
30
32
43
34
40
47
42
47
48
40
31
40
41
20
22
40
25
33
41
38
30
28
43
38
33
38
28
37
33
39
38
26
27
35
42
51
53
39
39
38
35
36
20
27
30
42
28
35
50
31
39
38
45
32
40
44
42
41
36
39
35
26
30
42
27
31
33
14
34
34
30
29
35
40
29
27
32
31
14
24
22
21
24
25
39
30
27
23
17
19
21
13
20
17
22
26
9
20
15
20
25
15
13
10
25
23
10
9
16
38
36
22
25
20
18
19
23
17
20
11
-1
34
28
12
15
11
20
16
3
0
5
16
-14
-27
-3
-2
-17
-37
-37
-26
-18
-21
-17
-13
-33
-11
-16
-40
-26
-25
-15
-31
-35
-15
-32
-34
-27
-23
-17
-22
-11
-17
-23
-13
-28
-21
-24
-17
-21
-13
-20
-19
-10
-8
-1
-15
-5
-4
-14
-16
-14
4
4
-10
-8
-8
4
-7
-7
-5
-7
-2
-6
-2
11
0
-7
8
-11
-18
-7
-1
-13
-1
-14
-22
-14
-20
-14
-20
-10
-8
-1
-29
-13
-8
-14
0
-15
7
-6
-8
-12
-16
8
-10
5
-6
-10
-5
-13
-6
-18
-9
-10
-22
-1
1
7
18
6
20
5
28
20
15
15
9
24
3
22
21
16
24
6
16
20
7
9
12
13
27
22
12
21
13
22
16
23
14
28
17
0
14
2
8
-7
3
13
11
5
-1
-9
-7
-8
-8
-12
11
2
3
12
-11
-4
-7
2
14
-11
9
18
9
18
23
29
24
21
1
16
19
22
25
18
19
27
20
19
17
9
7
7
9
16
9
15
22
18
28
24
13
30
24
15
18
26
15
19
15
16
38
36
38
30
31
31
23
14
30
29
36
17
15
20
42
31
22
15
17
17
17
25
27
35
34
43
44
30
22
41
36
26
46
36
13
15
12
24
19
9
22
21
15
12
13
8
12
37
29
27
35
30
26
22
47
45
30
44
49
31
27
36
26
33
20
30
39
34
35
22
29
25
19
32
4
25
26
18
28
27
23
16
30
26
23
22
40
41
37
34
21
31
20
30
23
24
35
47
44
28
31
18
43
42
36
17
31
25
35
43
41
42
21
14
23
23
29
40
21
23
26
19
6
29
25
35
37
20
34
9
25
46
29
39
35
41
28
40
36
9
30
10
33
26
40
40
27
40
11
14
6
0
12
6
20
21
12
25
21
22
12
24
24
-1
0
14
12
5
1
4
13
7
-7
4
2
-1
-4
-16
-3
-3
1
-16
-17
-13
-17
-7
-13
-9
-7
-1
-14
-7
-12
-4
-33
-34
-14
-25
-10
-14
-12
-28
-31
-24
-27
-22
-23
-26
-29
-37
-26
-34
-42
-36
-27
-23
-24
-25
-16
-18
-36
-37
-42
-36
-37
-25
-25
-31
-21
-14
-15
-26
-6
-22
-11
-9
-15
-23
-16
-18
-7
2
4
16
-12
-6
-11
-4
-9
0
3
3
-1
-4
-12
2
1
17
8
-7
9
15
19
7
6
20
18
9
22
17
21
6
14
22
29
9
3
8
1
4
12
12
-1
5
2
-2
0
-4
-16
7
-4
8
19
7
5
4
-1
5
20
12
4
3
4
8
-1
-4
13
12
-3
0
14
10
2
-5
-2
7
10
5
12
21
17
15
19
10
19
8
8
11
6
5
9
-4
-4
12
3
-7
4
0
5
29
21
4
-2
6
13
-6
9
14
6
-5
-1
-1
-6
5
-28
-1
4
3
18
-8
-19
10
-6
-9
7
19
4
13
2
-3
11
-2
13
8
5
-7
8
-5
1
8
-4
-11
2
6
2
-12
-10
-6
-9
-5
-16
-6
0
-5
-17
-14
6
14
-7
4
-13
-20
-14
-20
-19
-24
-30
-31
-11
-14
-27
-12
-31
-31
-17
-17
-5
-18
-22
-15
1
-10
-5
3
-6
6
3
13
23
3
4
10
0
18
5
-4
-1
-1
10
0
2
-4
-9
0
-3
-4
-14
-12
-14
-6
-7
-5
9
7
-4
-23
-29
-10
-12
-17
-16
-12
-5
-14
-12
-14
-12
-15
-7
-4
-3
-1
-10
-12
-17
-8
-21
-32
-9
-18
-35
-27
-13
-30
-32
-35
-22
-35
-32
-15
-39
-27
-22
-27
-27
-32
-39
-26
-30
-37
-19
-28
-36
-22
-23
-40
-32
-28
-29
-44
-29
-26
-9
-21
-39
-26
-31
-25
-30
-31
-36
-36
-30
-16
-26
-25
-25
-35
-42
-35
-38
-47
-35
-28
-46
-45
-44
-50
-42
-48
-33
-26
-44
-40
-22
-27
-28
-21
-30
-18
-33
-35
-32
-30
-37
-33
-31
-37
-19
-39
-50
-47
-45
-35
-23
-38
-41
-17
-22
-37
-34
-31
-52
-56
-32
-32
-29
-24
-9
-17
-27
-22
-37
-31
-30
-29
-16
-15
-22
-15
-3
-8
-22
-7
-21
-32
-37
-31
-23
-16
-9
-18
-19
-30
-21
-22
-25
-25
-13
5
-4
-11
-10
-9
-4
-11
2
-7
6
5
-6
-4
-10
3
-6
-10
-8
7
9
3
17
22
7
19
19
19
15
4
11
5
-5
2
12
6
10
6
-2
7
7
0
-5
-10
-11
-13
-2
3
5
9
10
23
5
12
11
7
8
8
10
4
9
6
3
0
4
0
19
-1
10
14
8
9
1
21
-4
5
-1
-4
16
12
5
8
8
2
5
-4
6
2
10
12
6
10
10
-3
8
7
-5
6
-3
-13
9
17
-10
1
10
22
7
11
22
19
22
14
16
7
5
5
21
12
5
30
21
15
13
6
17
8
-2
-9
5
-1
4
9
0
8
-3
8
9
8
19
17
7
21
21
6
-7
3
-2
-12
-2
-9
-2
4
-12
-2
2
1
7
4
-1
0
-11
6
-1
2
-12
-3
-15
-27
1
-17
-34
-37
-17
-17
-20
-9
0
-10
-25
-16
-21
-24
-1
3
-14
-17
-3
-2
-19
-7
-7
-16
-13
-22
-25
-15
-8
-1
-9
-6
3
-6
15
-5
-4
9
3
0
8
21
5
6
5
1
16
7
14
4
9
15
17
19
7
19
20
23
4
14
20
31
30
26
34
26
16
6
9
6
8
-2
10
-5
4
8
-6
6
14
18
21
22
5
6
18
20
10
21
14
15
23
9
-8
-2
0
4
16
16
4
-2
12
14
6
14
22
18
11
16
17
13
31
23
30
16
18
36
22
16
12
15
-1
10
1
10
11
6
-2
4
14
-2
19
-2
7
18
15
5
5
9
4
17
8
13
18
12
19
11
9
18
15
35
27
20
36
25
29
18
2
12
5
12
5
1
17
2
-12
-2
3
0
-1
-16
-3
4
-14
-8
3
-2
-9
-7
0
-12
-4
1
-12
4
-2
-3
-15
-7
-16
4
2
-9
0
-17
-9
-1
2
-4
3
-8
-3
-8
-19
-12
-6
5
-15
-11
4
10
2
-3
4
12
5
8
-2
18
13
5
12
17
11
-4
10
9
-7
-3
3
9
-4
-1
14
16
10
11
17
2
5
-4
-13
-11
-7
-10
-11
-5
3
-5
-2
6
15
15
-7
4
-1
1
-4
-4
2
1
-17
-5
2
-6
-12
0
1
-15
-11
-3
0
-11
-12
-3
-19
-17
-4
5
-18
0
10
-4
-7
-1
-7
-9
-8
-14
4
-11
-21
-26
-23
-23
-30
-46
-50
-56
-50
-44
-53
-39
-36
-54
-38
-27
-29
-20
-29
-30
-32
-21
-20
-27
-49
-36
-37
-32
-38
-42
-41
-33
-28
-31
-26
-28
-28
-40
-34
-36
-37
-44
-30
-24
-25
-30
-38
-40
-39
-38
-55
-53
-56
-52
-58
-45
-46
-62
-43
-46
-27
-41
-59
-46
-52
-52
-43
-46
-42
-56
-54
-71
-56
-50
-62
-42
-57
-60
-65
-60
-64
-71
-85
-61
-73
-68
-54
-61
-54
-68
-56
-62
-53
-60
-73
-62
-69
-63
-73
-50
-55
-55
-67
-74
-58
-65
-55
-36
-53
-62
-57
-72
-84
-78
-69
-71
-63
-72
-59
-47
-54
-69
-66
-65
-74
-75
-66
-71
-58
-65
-69
-70
-57
-57
-50
-45
-59
-53
-46
-37
-38
-34
-39
-38
-37
-38
-22
-38
-42
-46
-64
-35
-26
-30
-39
-26
-28
-32
-42
-42
-55
-53
-55
-60
-27
-50
-40
-32
-32
-38
-36
-23
-32
-25
-23
-21
-35
-39
-36
-36
-19
-30
-24
-13
-29
-25
-11
-21
-25
-20
-22
-18
-34
-29
-33
-40
-26
-33
-35
-28
-53
-39
-34
-41
-31
-35
-33
-42
-33
-35
-38
-25
-26
-22
-31
-33
-13
-26
-33
-11
-20
-21
-24
-25
-27
-26
-29
-27
-16
-21
-18
-20
-9
-26
-32
-15
-26
-27
-17
-9
-28
-21
-15
-21
-9
-24
-33
-17
-21
-28
-38
-50
-36
-35
-42
-34
-31
-34
-40
-43
-30
-32
-37
-43
-38
-40
-45
-44
-58
-31
-38
-54
-22
-27
-36
-26
-51
-51
-53
-56
-61
-40
-37
-41
-31
-37
-37
-41
-39
-32
-32
-25
-31
-30
-26
-37
-34
-33
-34
-34
-46
-52
-28
-37
-22
-18
-24
-13
-35
-42
-33
-18
-23
-35
-37
-35
-32
-38
-43
-37
-41
-33
-41
-27
-37
-34
-19
-25
-18
-14
-26
-34
-10
-26
-39
-25
-23
-34
-36
-30
-34
-35
-39
-33
-26
-34
-32
-14
-34
-12
-11
-16
-25
-15
-14
-18
2
-21
-12
-5
-29
-13
-19
-21
-34
-27
-16
-12
-19
-33
-21
-21
-32
-17
-9
-25
-16
-23
-22
-18
-11
-20
-15
-5
-15
-17
-17
-14
-21
-8
-9
-18
-15
-24
-6
-14
-9
-14
-13
-3
-8
-10
-19
1
-11
3
-4
-13
6
-8
1
0
7
7
10
10
23
25
19
19
6
15
11
15
23
10
3
3
10
11
7
-4
7
22
3
18
15
6
8
9
1
17
14
15
31
16
24
24
21
13
4
0
-2
30
16
21
25
28
26
16
23
12
8
5
13
-5
-8
3
15
5
7
-4
-1
6
-5
4
0
0
3
15
8
15
24
13
17
11
12
15
14
5
11
5
24
14
14
10
5
7
-7
2
2
-7
-11
2
-2
-1
0
9
5
0
2
8
23
15
17
5
-8
13
8
14
14
13
10
18
25
12
18
23
28
9
13
18
20
15
18
13
15
17
27
28
29
33
33
12
14
38
14
31
37
33
25
37
40
37
31
45
37
24
27
28
38
43
25
28
30
18
21
14
37
20
16
35
24
26
27
19
23
28
34
38
25
19
38
30
25
18
23
22
32
32
36
44
31
35
27
31
26
34
29
38
33
26
22
16
32
14
36
32
33
26
19
22
18
20
25
37
24
39
37
36
41
46
37
54
47
36
51
26
32
36
31
34
25
23
26
21
31
27
25
47
31
29
33
30
40
31
39
40
45
35
34
38
46
36
23
31
20
23
20
38
30
24
29
24
11
27
32
39
42
24
31
27
24
18
25
16
13
26
22
15
-1
8
5
18
14
8
-9
-3
8
4
17
15
18
9
18
23
20
19
21
27
22
27
13
32
21
21
24
30
16
21
26
12
19
8
6
-1
-7
-3
1
-1
0
9
-8
3
-7
-11
4
20
9
-6
-11
4
8
4
0
-3
9
4
8
12
4
7
4
-6
7
-17
1
9
0
3
0
22
22
9
16
15
8
6
11
18
17
6
26
9
12
21
13
15
5
-14
7
22
10
7
3
-2
-2
4
-8
-1
0
3
9
29
5
-8
5
1
10
3
12
2
13
0
18
20
4
23
12
15
-8
23
11
19
11
6
28
16
9
30
20
5
23
18
9
4
12
15
19
24
19
35
28
24
24
17
18
22
35
15
5
11
27
15
22
23
14
20
3
7
10
9
11
11
0
6
6
8
7
-1
18
-4
-8
6
-4
-14
-1
-9
7
-5
-14
11
-15
-7
-13
0
-11
2
7
4
-10
-1
17
9
15
10
9
11
-3
-10
5
-10
3
8
5
9
2
1
11
9
22
19
12
24
35
17
9
8
15
14
4
25
10
12
17
5
16
5
15
12
15
16
-6
8
0
19
4
3
-8
-3
3
-5
11
-11
-1
0
-26
-29
-29
-18
-23
-9
-17
-22
-9
-16
-20
-35
-20
-11
-12
3
5
-5
-7
0
-5
2
-18
-4
-5
-10
-9
-8
-2
-10
-13
-18
-6
-8
-14
6
-1
-14
3
-3
-7
-15
-12
12
11
-7
-5
-10
9
-18
-14
-12
-18
-6
-18
-8
-15
-2
4
-8
-13
-1
5
8
-8
-5
-8
-9
9
-2
-18
-33
-15
-16
-21
-19
-19
-15
-11
-7
-15
-20
-14
-18
-5
-5
-8
-8
-15
-13
-13
-14
-12
-13
-19
-27
-17
-26
-28
-9
-23
-16
-16
-20
-25
-21
-36
-29
-12
-21
-24
-21
-6
-26
-13
-24
-17
-15
-20
-25
-11
-15
-17
-3
-25
1
-14
-12
-9
-10
-15
7
0
-15
1
-4
-2
7
1
-3
0
-4
4
5
11
11
22
5
14
12
18
14
-4
18
1
15
10
-5
-1
-1
8
1
-2
-15
5
8
-15
1
-19
-14
-5
3
5
-10
6
0
11
-3
-2
12
10
20
10
15
8
7
24
10
28
20
22
26
-1
23
14
13
6
10
21
26
24
33
14
10
20
14
8
16
2
-4
8
1
8
-7
1
12
4
8
5
8
5
2
11
9
9
8
4
4
11
19
13
9
22
11
-2
0
2
23
4
-2
-4
7
19
2
3
6
11
9
5
3
14
21
22
16
12
13
13
10
4
11
13
11
15
17
11
20
18
-2
7
13
7
21
10
5
19
28
24
19
12
8
-3
5
12
-5
-5
-1
-12
-4
-16
-23
-4
-5
5
15
7
15
-1
12
7
-5
4
4
3
1
8
-10
9
15
-6
5
1
-2
11
-11
-3
3
-10
-3
-9
3
4
-7
-7
-11
-2
-4
-16
-5
0
8
9
1
11
-5
1
10
-9
3
-6
3
3
10
11
5
12
4
14
-10
-12
3
1
10
6
1
7
0
12
11
2
-11
-5
-8
-5
7
7
1
-12
-5
-15
-2
1
2
24
31
32
24
31
14
28
34
33
24
19
21
27
23
12
25
22
29
28
1
21
30
12
26
31
30
42
46
28
28
35
21
20
47
36
36
45
45
38
42
27
32
37
28
41
38
43
36
46
58
35
58
48
56
45
40
44
34
52
53
41
49
38
37
24
27
29
18
24
18
12
14
41
38
38
21
30
28
27
29
24
32
33
35
35
31
32
13
24
24
26
21
24
29
30
26
10
16
4
18
3
16
21
10
6
16
11
-3
-1
-1
8
9
0
-3
-1
4
3
-3
18
0
19
17
11
15
3
22
7
6
-9
-9
-11
-3
9
-6
6
6
1
5
0
9
9
25
22
11
9
6
16
17
22
19
30
32
13
14
30
35
19
15
16
7
11
3
-1
8
20
28
14
26
17
14
7
17
16
12
19
18
25
13
9
18
15
4
13
13
14
7
18
-3
4
12
-3
-2
-4
4
-1
-4
0
3
-6
0
14
4
-4
-6
8
4
-1
6
-3
10
3
0
6
-5
2
14
14
3
4
14
-4
5
-6
-6
-1
-9
-10
2
9
3
-1
5
-9
-21
-10
-15
-2
-2
-3
-19
-13
-22
-37
-22
-30
-30
-32
-45
-27
-29
-33
-34
-29
-20
-22
-14
-30
-39
-44
-46
-50
-42
-42
-39
-28
-25
-35
-30
-30
-41
-35
-34
-35
-27
-32
-29
-27
-22
-28
-35
-15
-34
-23
-21
-18
-29
-30
-27
-55
-41
-40
-39
-36
-39
-43
-29
-18
-36
-39
-36
-29
-43
-48
-38
-33
-46
-32
-41
-39
-41
-50
-40
-38
-24
-23
-29
-39
-42
-19
-11
-40
-39
-38
-42
-40
-55
-52
-60
-54
-52
-55
-51
-54
-38
-60
-71
-50
-56
-50
-29
-31
-32
-37
-40
-31
-42
-46
-51
-40
-47
-36
-32
-42
-46
-37
-52
-40
-43
-53
-35
-39
-45
-51
-41
-42
-25
-17
-31
-37
-29
-32
-48
-42
-33
-23
-40
-41
-21
-42
-44
-29
-31
-38
-33
-33
-19
-42
-40
-33
-39
-39
-35
-21
-26
-27
-40
-19
-22
-33
-30
-26
-23
-43
-42
-27
-21
-29
-29
-31
-14
2
-24
-21
-15
-5
-20
-16
-20
-38
-11
-14
-6
-4
-24
-5
6
-8
-16
-10
-5
3
9
1
-5
3
7
-7
-3
-9
3
1
-9
-14
-20
-9
-7
-11
2
11
9
-1
-9
9
14
13
3
25
20
4
19
8
7
-6
-8
14
3
-4
15
19
13
-7
13
13
-15
4
5
-6
-3
3
-7
-21
-3
2
8
-5
0
-9
-14
-17
-16
-11
-18
-20
-16
-12
-24
-18
-19
-15
-17
-12
-20
-27
-20
-20
-13
-36
-13
-26
-30
-34
-45
-42
-30
-27
-15
-25
-22
-21
-39
-24
-29
-41
-32
-25
-40
-45
-31
-38
-32
-16
-20
-20
-16
-20
-45
-27
-33
-34
-30
-39
-30
-54
-43
-44
-47
-45
-53
-42
-43
-41
-37
-36
-34
-25
-42
-48
-36
-33
-34
-28
-21
-27
-31
-46
-35
-25
-26
-22
-33
-17
-16
-24
-33
-37
-34
-30
-35
-34
-32
-41
-43
-24
-18
-23
-21
-29
-31
-19
-12
-25
-28
-1
-20
-25
-4
-28
-38
-32
-24
-19
-21
-21
-22
-23
-43
-42
-29
-34
-28
-41
-40
-46
-37
-36
-41
-43
-42
-47
-37
-35
-32
-36
-21
-23
-37
-23
-39
-44
-49
-38
-44
-39
-33
-31
-38
-33
-36
-36
-49
-44
-32
-48
-35
-15
-30
-24
-13
-21
-10
-5
-4
-18
-14
-14
-16
-4
-35
-29
-21
-26
-13
-23
-28
-27
-27
-31
-31
-29
-21
-9
-36
-36
-20
-6
-16
-22
-12
-9
-19
-25
-26
-23
-13
-17
-15
-23
-16
-19
-20
-22
-22
-19
-16
-8
-7
-22
-7
-16
-17
-18
-15
-6
-7
-4
-5
-9
-10
-5
-9
-5
-32
-19
1
-8
10
3
0
7
10
5
7
-1
-1
-12
-5
-10
-3
-4
2
-3
-17
-4
-25
-10
-15
-6
-15
-21
-1
-5
4
-6
-6
-8
-8
-4
-7
-9
-7
-5
4
-5
-9
2
-1
-6
-11
-16
-7
0
-13
-13
-12
-29
-11
-5
-9
2
-10
-9
-18
-7
4
-7
7
3
4
-12
0
13
-11
-12
-5
9
-8
0
-1
-7
-9
1
5
7
-11
-19
-11
-16
1
1
-8
12
14
5
14
-8
1
7
2
11
4
-17
1
30
11
8
6
7
23
20
31
23
19
21
22
18
9
23
13
1
20
15
22
21
20
26
-3
11
9
8
2
1
-5
-8
-12
-9
-14
-30
-12
-10
1
3
0
4
-7
-11
-15
2
9
-13
1
22
15
17
11
-1
-8
-3
9
5
5
1
7
-2
2
-6
-1
7
2
2
-6
-8
4
3
-8
-6
-9
-5
-23
-19
-6
-7
-15
8
-3
3
-3
-17
5
2
5
8
8
3
4
4
-8
-3
8
9
-3
-6
-2
-10
0
-4
0
0
-13
4
6
-3
5
14
19
26
15
6
5
3
3
1
6
2
7
13
12
6
-5
-1
-2
4
-2
4
4
27
21
4
13
6
14
10
16
0
8
10
17
23
7
17
21
19
7
17
23
22
26
36
18
16
15
2
17
22
0
-7
20
12
16
2
19
4
5
25
11
20
-2
8
19
27
30
15
18
15
8
10
17
7
9
5
16
16
17
9
0
23
6
11
23
3
-1
-3
-6
-7
-3
1
14
9
19
9
8
6
-2
17
17
29
21
31
34
17
18
10
31
15
6
19
16
15
8
26
28
25
21
31
17
1
19
24
9
8
8
6
17
17
7
24
6
10
26
-1
5
-5
-4
12
13
9
-6
5
7
10
22
8
3
-14
-3
1
11
7
11
15
8
8
2
3
-10
6
2
5
0
11
5
4
18
15
15
23
16
14
20
13
27
15
17
14
18
10
10
8
-1
5
17
9
1
25
13
2
21
23
17
18
14
15
12
7
7
19
16
4
2
14
23
7
26
20
1
11
3
2
-3
7
-1
-6
10
6
9
-8
9
7
2
15
4
-1
1
11
11
-6
17
30
22
5
0
8
7
4
6
22
10
-6
-7
-23
-16
-8
-14
-13
-7
-8
2
-3
-22
11
-12
-4
18
24
-4
-1
5
-7
7
-12
-8
-8
-8
-7
-8
-19
-7
-3
-27
-31
-18
-13
-6
-10
-8
1
4
20
13
10
20
19
8
13
21
18
9
9
-6
-13
-1
-6
3
5
-2
8
6
-4
0
10
6
18
34
29
47
69
37
32
42
45
49
58
50
50
48
44
32
31
20
22
9
12
28
14
12
2
25
6
9
19
17
11
15
25
17
19
34
42
40
29
14
2
1
6
7
-6
-7
-1
-12
-2
-11
-14
-4
-12
-13
-3
3
-2
7
23
12
-11
8
1
2
3
-2
-11
-6
-13
-17
-18
-10
-13
-15
0
-11
11
-12
-14
-31
-35
-28
-32
-11
-23
-22
-26
-21
-9
-9
0
2
18
11
9
4
3
7
-9
-25
-22
-26
-35
-33
-33
-47
-45
-63
-49
-46
-44
-28
-38
-33
-29
-37
-41
-26
-23
-20
-17
-19
-26
-18
-15
-29
-14
-11
-17
-34
-44
-38
-39
-51
-39
-35
-38
-57
-59
-32
-51
-35
-20
-31
-32
-20
-3
-23
-24
-12
-6
-7
-9
-21
-34
-22
-19
-12
-3
-11
-29
-18
-37
-41
-16
-5
-13
2
37
33
31
20
23
6
12
12
3
2
17
18
-11
8
8
-6
-9
-6
13
3
-6
-2
-13
-11
-7
2
8
2
33
14
20
17
-2
15
11
2
5
29
17
0
14
7
-12
11
15
-1
-25
-3
-39
-27
11
18
14
20
17
-5
23
7
11
2
20
-2
18
37
-15
0
-10
-8
5
-4
0
-1
2
8
8
16
17
14
31
40
24
40
38
40
13
15
3
-7
4
13
1
-9
14
0
-3
12
19
0
9
21
29
29
13
-7
4
-8
-3
-11
-13
-15
-24
-31
-30
-20
-24
8
16
37
38
16
33
10
28
22
35
36
11
35
42
-5
11
15
6
-10
-31
-17
-9
-9
-24
-15
-44
-67
-38
-33
-25
-23
-15
-12
-23
-3
21
24
11
30
62
40
22
32
32
34
32
32
28
12
-2
40
15
31
5
1
26
-14
-9
-22
2
-4
-27
-6
-6
-11
-19
-10
16
-10
-10
32
-31
13
16
2
25
39
31
8
68
34
38
29
20
10
37
22
39
22
-25
71
-7
-23
36
15
-14
37
52
-1
35
15
3
-7
8
24
9
31
20
19
20
21
-10
13
-5
-14
25
-36
0
-1
-32
-22
-29
-61
-21
-18
-47
-6
-10
-37
-9
5
-42
-11
20
-13
-24
8
-15
-20
17
-3
-14
-2
-23
-28
-35
-24
-46
-15
-53
-45
-59
-55
-59
-85
-33
-80
-66
-43
-72
-30
-51
-51
-52
5
-44
-61
9
-40
-25
1
-7
-24
-8
-4
-39
-38
-10
-39
-80
-15
3
-62
16
-2
-35
-17
-28
-11
-36
-29
-29
-8
-19
-44
-27
-10
-50
-52
-63
-69
-15
-69
-64
-55
-59
-74
-60
-66
-90
-46
-76
-76
-41
-28
-35
-41
-40
15
-54
-48
-27
-61
-22
-31
-25
-32
-15
-78
-41
-59
-52
-50
-70
-50
-114
-71
-85
-63
-31
-27
-74
-41
-11
-69
-28
-21
-9
-41
-44
29
-28
12
-8
-41
17
-29
-25
-22
-5
-12
-17
-44
-13
1
-39
-17
-24
-39
-5
-1
-59
-34
-27
-47
-36
-29
-18
10
16
4
-25
-45
-7
-13
-1
13
11
2
0
-4
-4
-12
-14
-19
6
4
10
0
17
-34
-1
-14
34
-24
-11
22
-27
29
-17
18
-17
-7
2
-28
-7
-14
-51
-29
-15
7
-6
-54
7
-24
-41
20
5
-22
-27
19
-45
-64
11
-65
-68
-14
-67
-47
-7
-27
-49
-15
-37
-79
-48
-38
-82
-30
-27
-98
-73
-39
-64
-95
-45
-56
-111
-16
-59
-57
-19
-24
-80
-46
-16
-89
-11
-15
-68
-11
-8
-31
-50
-26
-73
-80
-53
-49
-59
-58
-27
-128
-32
-62
-89
-42
-34
-90
-51
25
-96
-20
21
-44
-94
-14
-46
-87
-15
-63
-39
-37
-20
-108
-22
-61
-80
-1
-51
-112
-9
-47
-76
-20
-48
-35
-90
40
-71
-65
87
-57
-78
75
-69
-41
32
-39
-20
11
-21
-76
-73
55
-68
-48
25
-67
-29
-6
-11
-81
17
-98
-50
40
-76
-39
-18
-63
-84
-43
10
-124
-38
69
-75
-32
57
-67
-38
44
-50
1
15
-23
-16
-45
-55
-24
-59
-34
-10
-11
-67
-74
0
-82
-59
17
-41
-133
17
-46
-98
-64
8
-131
-82
-2
-72
-68
-15
-61
-69
-9
-65
-66
-21
-64
-6
-2
-28
-27
23
-36
-94
102
-110
-31
10
-63
-26
3
-64
-64
-51
-56
-111
3
-37
-64
60
-54
-36
52
-28
-110
41
-42
-60
-35
-36
-84
-1
-71
-58
13
-73
-17
-17
-80
-55
24
-74
-28
34
-64
-52
-1
-85
-27
-18
-55
-78
31
-11
-84
63
-57
-52
48
-108
-19
18
-84
1
46
-112
-64
-19
-92
-103
91
-29
-39
30
-28
-48
-45
-6
-44
20
-30
28
2
-19
3
-24
-28
-14
7
-13
-1
-7
2
-66
48
-12
-54
92
-65
-20
70
-34
-2
43
-46
4
67
-14
-26
15
1
-5
5
-60
62
-11
-51
93
-40
-50
53
-44
5
-3
22
-13
-38
82
-3
19
42
-32
17
-56
86
-66
77
110
-27
128
-11
85
25
53
10
-22
40
-86
-4
33
13
-13
2
64
-107
68
1
-1
24
40
58
-125
140
-39
-55
85
-33
19
78
-3
67
-19
4
10
15
-18
-23
62
16
-24
-17
29
1
-14
70
-26
-50
35
-61
-20
31
14
-15
1
25
-30
-11
-26
-42
28
17
-50
102
-18
-30
73
-55
-24
43
8
-39
70
-64
24
-29
-34
54
-27
-2
21
-12
56
-4
-5
24
-16
29
75
-17
19
64
-40
28
-17
-20
59
-73
2
-14
-31
58
-9
-85
77
22
-87
107
42
-38
50
148
-66
59
165
-89
76
89
-37
22
80
-84
13
82
-58
-5
30
-74
-29
9
-57
18
-18
-35
-1
19
-13
-2
28
8
57
8
79
11
7
65
-18
69
55
47
53
33
0
-82
-34
20
8
-70
60
30
-48
27
30
-49
-13
51
8
-43
29
77
-34
9
106
-64
-38
142
-131
-23
85
-3
-48
-11
97
-32
20
71
-54
-76
119
33
-14
9
20
-33
-43
-69
40
55
-99
51
83
-36
-26
115
-51
-35
96
-3
-24
15
102
-135
45
88
-186
93
-30
5
-56
65
9
-87
81
-18
-47
48
13
-36
87
82
-11
113
90
-36
-15
108
-9
34
27
-10
6
-123
65
-44
-72
112
-70
-62
62
94
-50
5
58
-95
23
102
-76
-7
126
-82
-118
178
-61
-121
146
33
-170
75
60
-165
86
20
-109
33
121
-100
-52
132
-37
-136
198
-68
-163
138
-7
-168
101
15
-131
133
-68
-84
71
-16
-69
5
-9
-22
-109
97
-87
-80
130
-62
-18
73
22
-59
53
19
-72
55
21
-105
-14
79
-87
-83
9
3
-169
-1
15
-128
75
4
-89
-58
43
-35
-24
39
-6
-42
-19
16
-3
-35
71
-74
-66
71
-122
79
2
-47
47
-35
-58
-17
38
-25
-105
3
44
-84
52
95
-142
43
-21
-87
3
76
-40
-29
62
-103
96
-36
-74
112
-77
2
69
6
39
84
36
47
52
-1
41
-17
22
20
-56
48
-26
-38
1
10
-60
12
52
-49
24
70
7
26
104
-1
40
11
120
6
33
123
-84
87
64
-78
74
114
-153
121
48
-54
63
20
-54
-28
40
0
10
-12
11
57
-5
79
-20
66
6
-8
129
41
5
151
41
-51
49
49
-22
38
128
-100
90
70
18
-73
71
-41
6
60
35
-43
134
-59
-24
79
-69
65
15
1
17
-7
78
48
33
65
-12
55
54
-35
143
44
77
129
10
134
49
67
16
7
66
18
78
97
75
-76
218
-13
63
77
90
87
-68
141
-20
82
21
105
-75
-10
90
-59
76
84
14
105
20
137
-47
69
65
53
11
130
54
4
164
-41
113
-18
33
-3
36
62
43
66
74
-29
107
-18
83
71
37
105
16
83
86
9
21
-3
68
4
77
139
58
61
145
38
144
80
138
199
70
153
105
143
146
74
97
26
-27
144
-82
93
68
-10
105
94
85
3
145
-24
26
160
51
16
203
54
-36
209
57
72
165
71
117
54
72
53
-13
186
-47
116
179
-74
179
31
53
127
-51
104
85
17
161
18
45
38
10
40
7
103
-65
117
93
-98
238
-43
49
117
-71
232
28
25
140
8
81
75
-3
50
58
9
79
81
-36
129
-17
26
94
-3
106
19
40
110
-4
46
-16
12
73
-2
113
-102
79
-20
-51
69
90
-29
8
174
-99
23
113
-37
41
118
-22
78
151
-63
157
0
27
135
-33
206
-105
240
-85
-21
153
-41
3
135
3
-56
148
-21
-36
105
-83
74
54
117
-49
40
116
-82
165
21
32
3
158
-140
135
14
1
27
30
6
-68
76
-32
24
27
141
-82
132
66
-76
162
-33
107
58
154
-37
138
9
-113
157
-97
51
66
22
-7
99
-59
29
11
-52
69
-68
96
-32
72
13
-13
4
36
60
81
-16
89
44
-60
89
42
62
2
71
66
-35
-25
88
-89
89
16
33
58
34
-60
164
-186
65
78
-87
133
64
-9
111
77
-11
146
14
80
80
39
23
153
-50
83
52
40
89
49
54
35
83
57
90
70
79
68
-21
124
-89
62
74
-111
180
-71
38
12
-27
59
-19
5
80
0
18
127
-74
130
9
-62
248
-131
108
145
-86
144
51
24
50
29
46
-19
121
-23
4
90
-18
50
-13
158
-55
104
77
-42
131
147
13
36
111
-91
170
-8
22
111
-78
40
-89
54
-41
32
51
-33
-72
71
-9
36
142
-55
-46
156
-65
-57
74
-128
66
-44
45
-45
44
22
72
-42
136
7
26
75
-88
69
-72
-21
45
-18
-33
69
-47
-32
146
-92
63
13
40
60
-79
120
-42
72
32
1
15
183
-90
39
113
-52
131
8
44
62
-25
157
-15
33
134
-117
58
39
-1
-51
120
7
90
-40
152
-57
50
23
11
125
-38
83
-22
-4
2
81
-19
39
63
-20
28
95
-43
37
83
-29
148
-12
15
4
-49
38
6
-45
20
-71
45
65
16
93
39
-5
117
30
0
95
-25
86
52
33
125
-24
64
66
-87
78
-35
-47
53
25
-21
87
58
-45
-69
59
3
-44
135
-104
36
7
-36
105
-71
-19
24
-51
-9
50
-64
4
35
14
38
30
128
-48
93
13
20
181
-17
55
-22
83
-48
-13
51
-9
16
68
38
20
13
-49
55
87
-31
161
-11
-120
198
-124
-48
35
-134
-132
-21
-23
-101
115
-157
-33
76
-168
30
-20
-35
-37
-57
25
12
-69
127
-70
-5
-77
-6
-55
-141
64
-10
-105
98
-38
-65
44
-56
72
26
-26
3
-15
132
-16
31
44
-44
4
-12
-39
-61
9
-9
-67
-78
-45
-73
64
-113
-73
-26
-130
-46
-32
-142
79
-50
-13
45
-44
-77
133
-17
85
32
8
41
20
19
14
-76
-38
107
-72
4
31
-28
33
-172
57
49
-87
39
-108
-48
-10
78
18
-100
78
-73
-117
28
-153
23
-14
-113
-22
-70
-55
4
-74
7
-83
82
-1
16
90
34
-20
20
-49
38
84
-77
83
-102
-17
-45
102
-67
47
-71
-102
-47
-43
-55
4
45
-283
-30
88
-57
-14
45
-124
-8
134
-46
114
-44
-17
195
48
59
20
150
-25
23
73
35
-23
-1
176
-90
-13
125
-200
-28
88
-55
58
13
83
72
-87
152
-81
-80
17
-211
-79
27
-28
0
-52
13
52
-44
4
-15
6
19
-131
-66
-31
-26
-67
-64
-47
-84
94
45
14
-28
-138
47
28
119
86
28
-146
-278
-131
-131
-116
-277
-310
-281
-306
-179
-157
-210
-197
-146
-109
90
71
19
30
-16
-58
73
58
65
135
81
-10
-43
83
-42
52
30
1
-24
-9
-8
-125
-113
-113
-154
-44
-58
-1
86
18
17
81
17
41
140
-19
77
71
75
60
135
68
11
85
25
102
212
119
145
91
15
79
153
84
76
62
-18
6
70
-16
-23
-51
-24
32
41
15
-11
1
42
13
43
108
50
30
32
53
57
39
71
133
118
86
112
106
107
82
112
87
21
95
77
69
64
-7
-49
-16
21
-27
30
31
28
28
40
53
64
95
129
82
92
103
80
56
18
20
60
40
104
149
89
54
31
65
97
49
24
22
31
72
54
61
32
-42
-27
32
72
56
65
56
12
29
34
49
38
-25
-40
8
-21
33
31
-4
-2
-10
51
88
79
71
60
91
66
104
151
133
88
97
102
92
97
90
87
46
7
55
38
22
20
-36
-44
-16
-44
-37
-1
-19
-23
13
23
39
49
34
68
104
56
94
123
88
70
52
94
109
117
116
108
83
28
44
52
20
-11
-12
3
2
-23
-6
6
1
-5
64
125
100
94
105
126
133
150
179
233
240
208
205
204
228
195
197
216
221
234
264
262
209
204
203
188
180
195
238
242
249
246
267
280
255
293
299
329
349
335
371
368
339
345
322
317
330
355
385
369
401
415
402
434
477
458
458
470
493
500
520
531
538
529
480
519
495
477
467
424
452
460
485
504
486
451
435
440
458
487
466
480
445
423
433
405
386
337
282
226
210
167
129
54
-33
-54
-116
-173
-198
-245
-310
-335
-345
-332
-331
-348
-334
-349
-316
-313
-282
-231
-213
-191
-164
-118
-82
-34
-22
20
60
94
132
164
195
231
275
346
407
473
540
623
727
832
970
1075
1201
1378
1492
1646
1830
1956
2122
2302
2452
2624
2762
2871
3121
3292
3201
2868
1979
992
381
-51
-115
-267
-549
-674
-1087
-1394
-1564
-1837
-2002
-2134
-1906
-1260
-604
44
451
538
581
717
1020
1454
1782
1937
2128
2156
2075
1916
1517
1012
455
96
10
-93
-248
-603
-1240
-1816
-2233
-2489
-2539
-2631
-2557
-2314
-2003
-1587
-1328
-1171
-1104
-1018
-726
-305
89
374
473
474
460
441
394
267
62
-112
-222
-247
-244
-370
-537
-677
-767
-664
-438
-224
6
194
456
772
1142
1552
1877
2214
2614
3053
3574
4022
4388
4706
5021
5221
4223
2525
1165
199
-132
-706
-1112
-1120
-1883
-2701
-3197
-3400
-3625
-4248
-4132
-3192
-2170
-1033
26
629
722
710
1145
1957
2544
2969
3437
3560
3549
3360
2763
1974
855
92
-188
-426
-488
-773
-1450
-2343
-3101
-3388
-3432
-3384
-3065
-2462
-1801
-1095
-382
34
160
152
420
972
1476
1920
2022
1794
1496
1133
782
308
-308
-908
-1359
-1535
-1555
-1618
-1868
-2193
-2468
-2469
-2164
-1782
-1393
-1154
-947
-615
-269
84
309
379
478
638
895
1088
1109
979
775
607
562
669
732
669
568
572
724
950
1227
1582
1853
2266
2754
3309
3659
3207
2377
1485
868
580
334
245
14
-471
-984
-1392
-1681
-2137
-2640
-2853
-2563
-1953
-1172
-399
27
135
152
304
742
1164
1547
1865
2034
2208
2211
2016
1538
901
371
48
-82
-125
-305
-721
-1320
-1817
-2147
-2315
-2344
-2232
-1943
-1592
-1127
-715
-533
-424
-392
-251
72
446
830
1057
990
785
514
199
-156
-541
-822
-1043
-1227
-1294
-1419
-1636
-1891
-2136
-2161
-2020
-1770
-1443
-1179
-947
-762
-580
-382
-202
-34
145
392
607
745
773
726
597
499
528
561
667
757
831
932
1030
1242
1505
1785
2112
2486
2915
3379
3527
3057
2101
1083
462
148
-123
-210
-362
-778
-1281
-1751
-2006
-2354
-2836
-2889
-2451
-1733
-892
-145
328
414
368
523
895
1227
1546
1797
1940
2013
1905
1633
1070
334
-251
-615
-795
-889
-1060
-1400
-1885
-2244
-2386
-2402
-2346
-2119
-1759
-1324
-826
-351
31
185
218
350
579
794
935
909
784
486
143
-194
-649
-1121
-1499
-1745
-1833
-1948
-2098
-2204
-2281
-2271
-2113
-1842
-1481
-1188
-994
-731
-533
-309
-76
113
331
507
634
728
703
593
438
297
251
220
259
281
278
296
329
436
684
1056
1499
1976
2454
2962
3469
3931
3869
3096
2033
1095
619
314
54
-102
-464
-1055
-1739
-2158
-2477
-2937
-3297
-3149
-2482
-1641
-760
-42
312
360
352
620
1060
1421
1772
2038
2180
2185
1996
1519
792
20
-525
-874
-1033
-1092
-1294
-1681
-2140
-2435
-2521
-2494
-2378
-2021
-1535
-988
-383
143
488
594
680
874
1035
1140
1171
1088
831
461
183
-121
-540
-1066
-1630
-2080
-2316
-2356
-2313
-2227
-2187
-2071
-1862
-1553
-1226
-992
-781
-558
-219
189
512
703
664
503
354
241
192
133
87
51
-5
-28
-85
-202
-362
-482
-379
-87
326
837
1343
1780
2221
2674
3143
3585
3980
4346
4152
3336
2320
1389
710
20
-572
-937
-1388
-2016
-2601
-2967
-3291
-3683
-3875
-3511
-2743
-1790
-807
-13
504
759
993
1418
1887
2254
2579
2728
2737
2568
2099
1431
600
-162
-770
-1221
-1485
-1737
-2080
-2530
-2914
-3079
-3023
-2831
-2480
-1910
-1334
-731
-98
448
888
1092
1299
1550
1712
1798
1782
1569
1193
777
363
-60
-636
-1274
-1943
-2482
-2718
-2825
-2743
-2602
-2420
-2159
-1902
-1497
-1111
-809
-514
-180
199
549
802
882
798
607
385
249
123
-7
-141
-268
-376
-502
-571
-657
-789
-801
-693
-457
-93
271
623
1014
1414
1915
2502
3117
3660
4053
4450
4805
4425
3292
1993
864
114
-615
-1126
-1289
-1772
-2559
-3222
-3580
-3813
-4192
-4244
-3621
-2658
-1527
-343
602
1113
1255
1412
1785
2187
2574
2908
2926
2809
2556
1995
1192
216
-644
-1312
-1808
-2031
-2062
-2318
-2731
-3055
-3126
-3018
-2822
-2364
-1687
-1000
-300
496
1202
1641
1817
1919
2081
2125
2161
2170
1962
1636
1133
558
-28
-734
-1681
-2645
-3125
-3168
-3007
-2821
-2697
-2593
-2602
-2446
-2009
-1505
-1024
-556
-47
541
1020
1264
1242
931
627
523
590
707
695
546
266
-67
-317
-483
-678
-857
-934
-838
-657
-455
-286
-161
11
235
697
1361
2067
2614
3038
3525
3951
4289
4444
3829
2647
1436
534
9
-655
-1160
-1514
-2103
-2783
-3297
-3467
-3656
-3972
-3890
-3133
-2059
-930
92
779
1073
1138
1312
1721
2167
2539
2814
2807
2696
2412
1812
972
24
-711
-1244
-1582
-1659
-1703
-2001
-2480
-2827
-2867
-2736
-2489
-1982
-1284
-612
43
730
1264
1534
1576
1642
1781
1858
1922
1850
1609
1181
626
55
-525
-1127
-1747
-2351
-2891
-2991
-2793
-2597
-2362
-2201
-1961
-1705
-1402
-863
-384
-12
355
680
1021
1213
1152
957
699
434
262
209
149
31
-226
-526
-708
-856
-990
-1100
-1113
-978
-799
-541
-241
-2
216
444
834
1348
1879
2419
2887
3286
3616
3855
4000
4059
3543
2445
1235
254
-334
-990
-1589
-1848
-2222
-2764
-3215
-3400
-3382
-3498
-3437
-2754
-1694
-619
348
1028
1467
1619
1698
1960
2325
2681
2839
2712
2468
2116
1486
643
-240
-961
-1496
-1928
-2079
-2049
-2176
-2488
-2737
-2695
-2475
-2170
-1656
-924
-223
388
993
1544
1866
1922
1863
1847
1778
1686
1534
1244
829
231
-386
-984
-1552
-2040
-2455
-2669
-2676
-2519
-2301
-2124
-1921
-1646
-1318
-918
-468
30
424
675
872
1014
1060
959
790
627
476
291
110
-16
-205
-505
-759
-896
-964
-1022
-1044
-1010
-909
-821
-689
-498
-248
30
315
706
1132
1568
1943
2305
2648
2944
3182
3337
3457
3473
2991
2029
978
148
-430
-1084
-1558
-1698
-1922
-2294
-2684
-2804
-2774
-2845
-2751
-2227
-1384
-528
248
859
1296
1485
1569
1744
2000
2290
2399
2272
2092
1798
1269
594
-92
-604
-1080
-1543
-1761
-1769
-1852
-2078
-2220
-2156
-2008
-1790
-1366
-806
-264
199
655
1084
1402
1516
1559
1548
1477
1380
1228
999
680
172
-397
-905
-1372
-1686
-1969
-2137
-2166
-2137
-2037
-1893
-1708
-1494
-1268
-982
-609
-225
93
296
433
524
531
505
479
441
343
204
51
-91
-246
-419
-598
-722
-780
-851
-864
-826
-810
-792
-718
-543
-312
-37
272
611
971
1340
1740
2103
2464
2762
2981
3222
3406
3575
3520
2897
1946
976
226
-359
-968
-1321
-1559
-1923
-2324
-2663
-2744
-2813
-2914
-2748
-2167
-1367
-483
320
890
1298
1474
1632
1827
2100
2406
2453
2365
2211
1904
1374
679
-13
-584
-1137
-1603
-1759
-1805
-1913
-2107
-2232
-2205
-2088
-1840
-1413
-883
-324
185
662
1117
1415
1550
1597
1553
1515
1425
1226
954
596
174
-274
-754
-1171
-1559
-1931
-2115
-2218
-2254
-2156
-2026
-1816
-1551
-1242
-877
-502
-137
170
388
598
787
859
879
844
777
627
425
220
-26
-253
-479
-678
-836
-944
-1061
-1128
-1170
-1193
-1156
-1051
-863
-599
-298
68
492
913
1317
1710
2101
2447
2779
3079
3271
3419
3502
3563
3447
2856
1948
930
105
-537
-1172
-1554
-1778
-2041
-2341
-2619
-2699
-2692
-2703
-2548
-2079
-1333
-453
346
989
1491
1736
1851
1996
2188
2436
2501
2396
2211
1901
1457
850
189
-410
-997
-1526
-1810
-1963
-2040
-2109
-2179
-2169
-2077
-1924
-1620
-1225
-729
-195
319
842
1215
1446
1555
1474
1291
1117
921
781
621
395
88
-379
-899
-1383
-1804
-2072
-2153
-2132
-2019
-1838
-1626
-1417
-1232
-1060
-879
-657
-390
-38
313
626
779
794
722
568
448
286
166
65
-59
-200
-314
-443
-650
-860
-1070
-1240
-1228
-1099
-896
-661
-417
-154
95
374
694
1049
1398
1761
2175
2558
2845
3071
3184
3222
3214
3224
2992
2438
1657
828
125
-539
-1034
-1349
-1584
-1844
-2167
-2383
-2438
-2453
-2430
-2233
-1835
-1243
-563
90
699
1163
1434
1620
1791
2012
2182
2178
2095
1916
1663
1307
865
419
-68
-646
-1203
-1616
-1869
-2018
-2126
-2143
-2102
-2053
-1915
-1704
-1409
-1052
-658
-261
181
594
924
1099
1150
1126
1025
937
822
689
494
264
-52
-413
-780
-1100
-1381
-1633
-1799
-1885
-1836
-1689
-1478
-1232
-1040
-842
-673
-470
-231
32
264
455
609
684
732
669
564
386
212
42
-110
-241
-378
-532
-692
-810
-924
-954
-919
-809
-629
-429
-201
92
432
784
1108
1421
1720
1993
2256
2475
2660
2841
2992
3105
3208
3092
2655
1950
1176
502
-127
-655
-967
-1177
-1416
-1677
-1919
-2097
-2257
-2415
-2409
-2195
-1802
-1212
-618
-12
539
943
1219
1387
1551
1678
1688
1671
1659
1612
1499
1282
989
618
110
-423
-883
-1269
-1513
-1646
-1681
-1670
-1662
-1646
-1619
-1564
-1423
-1235
-1003
-693
-344
24
346
575
743
818
831
815
740
644
508
359
216
7
-222
-463
-720
-946
-1124
-1269
-1328
-1339
-1311
-1227
-1147
-1033
-908
-769
-624
-468
-286
-132
16
132
210
256
256
214
169
110
21
-63
-133
-218
-307
-375
-423
-416
-406
-373
-307
-185
-35
135
336
519
733
947
1188
1450
1684
1887
2077
2261
2434
2628
2763
2816
2627
2243
1720
1170
625
92
-314
-642
-903
-1182
-1424
-1592
-1715
-1891
-2007
-2009
-1877
-1636
-1353
-978
-573
-158
219
510
791
1020
1133
1163
1170
1157
1156
1137
1103
1048
898
667
391
67
-218
-500
-792
-1032
-1226
-1342
-1390
-1381
-1331
-1240
-1171
-1107
-1022
-905
-782
-670
-518
-310
-75
168
346
491
568
543
476
337
224
155
43
-62
-158
-215
-305
-429
-542
-674
-803
-894
-954
-962
-928
-892
-825
-762
-708
-641
-578
-520
-442
-342
-252
-157
-54
75
192
276
354
372
415
418
396
363
325
244
199
155
155
202
247
341
437
517
624
762
889
1023
1204
1449
1705
1994
2254
2329
2250
2026
1713
1317
944
619
306
55
-203
-419
-636
-895
-1222
-1537
-1777
-1928
-1956
-1901
-1771
-1511
-1235
-900
-530
-195
154
423
648
852
1061
1251
1396
1527
1612
1639
1584
1458
1248
963
612
206
-204
-584
-931
-1223
-1454
-1592
-1658
-1724
-1690
-1647
-1565
-1465
-1346
-1165
-925
-672
-407
-127
145
393
571
678
723
712
622
498
331
166
21
-150
-324
-478
-625
-778
-938
-1053
-1140
-1169
-1133
-1053
-898
-718
-487
-284
-92
95
223
342
433
531
570
594
599
550
458
336
168
12
-163
-335
-448
-547
-613
-667
-687
-624
-525
-376
-171
63
347
640
921
1182
1418
1654
1853
2089
2341
2562
2650
2579
2377
2010
1567
1037
575
164
-214
-515
-802
-1012
-1181
-1392
-1559
-1692
-1760
-1739
-1648
-1491
-1244
-942
-617
-269
95
456
742
933
1067
1146
1156
1124
1030
920
803
657
526
366
210
26
-216
-465
-720
-921
-1057
-1138
-1136
-1091
-1011
-901
-767
-651
-554
-466
-384
-313
-241
-168
-137
-148
-165
-175
-186
-212
-256
-283
-338
-444
-533
-616
-686
-708
-704
-670
-618
-558
-486
-392
-302
-231
-159
-103
-14
72
161
243
294
319
327
319
247
166
73
-41
-179
-308
-453
-578
-700
-796
-868
-874
-847
-778
-650
-522
-328
-90
135
393
664
932
1173
1392
1565
1677
1802
1886
2004
2086
2146
2174
2075
1899
1595
1237
800
366
-18
-329
-561
-748
-848
-900
-939
-940
-921
-914
-914
-873
-816
-701
-537
-341
-124
81
286
435
515
555
553
534
484
420
361
286
230
176
108
35
7
-62
-129
-211
-332
-474
-570
-670
-696
-680
-651
-577
-505
-426
-403
-400
-447
-486
-552
-564
-530
-501
-465
-433
-411
-380
-389
-384
-369
-365
-348
-339
-289
-284
-270
-244
-219
-176
-137
-82
-36
17
29
40
33
-2
-22
-38
-75
-108
-159
-217
-291
-370
-446
-516
-582
-643
-653
-626
-571
-497
-413
-320
-209
-109
19
154
310
491
637
772
865
916
936
931
926
903
909
944
973
1007
1060
1118
1175
1260
1273
1253
1163
1016
849
641
463
289
129
-36
-160
-215
-218
-259
-303
-342
-453
-577
-717
-825
-847
-830
-745
-624
-459
-303
-174
-51
55
190
279
343
396
432
445
429
449
440
401
332
210
96
-78
-257
-470
-651
-797
-928
-1008
-1027
-998
-957
-878
-801
-717
-633
-582
-550
-490
-399
-305
-217
-121
-61
-23
3
13
4
-18
-69
-121
-180
-253
-293
-342
-368
-351
-359
-347
-333
-343
-340
-370
-367
-380
-375
-308
-261
-196
-141
-101
-83
-99
-120
-138
-155
-201
-214
-229
-232
-213
-245
-259
-257
-260
-228
-200
-127
-22
79
181
289
434
563
686
836
995
1158
1299
1433
1557
1670
1764
1867
1928
1900
1778
1557
1291
987
638
347
79
-154
-358
-547
-692
-779
-832
-868
-886
-888
-845
-842
-798
-700
-558
-387
-206
-3
186
321
418
476
484
476
398
318
243
188
138
78
48
11
-77
-171
-289
-444
-575
-694
-776
-808
-816
-803
-766
-708
-628
-519
-420
-330
-254
-195
-123
-50
35
99
112
132
116
118
98
43
-36
-128
-221
-301
-363
-420
-452
-495
-494
-500
-522
-506
-501
-502
-505
-494
-451
-412
-366
-301
-241
-178
-124
-90
-54
-76
-95
-106
-123
-144
-163
-191
-238
-284
-325
-342
-341
-295
-256
-199
-98
17
155
271
394
544
672
804
941
1079
1173
1264
1357
1429
1535
1630
1755
1810
1790
1649
1391
1088
735
392
120
-84
-243
-369
-446
-480
-503
-538
-579
-618
-675
-707
-752
-709
-616
-462
-267
-89
89
217
290
329
349
336
319
283
254
238
217
208
198
165
110
-4
-136
-271
-412
-506
-608
-669
-695
-688
-662
-612
-555
-494
-421
-397
-382
-356
-355
-329
-293
-249
-199
-170
-110
-78
-74
-107
-190
-302
-412
-504
-534
-528
-505
-464
-444
-414
-414
-418
-419
-431
-459
-458
-435
-394
-358
-334
-317
-279
-286
-289
-284
-301
-298
-310
-327
-317
-307
-296
-271
-259
-234
-225
-225
-213
-201
-175
-136
-55
81
246
411
594
754
892
1024
1142
1261
1380
1527
1654
1806
1944
2096
2200
2174
2006
1691
1295
828
367
-41
-344
-585
-760
-867
-927
-950
-970
-962
-963
-907
-865
-757
-611
-406
-168
117
415
650
866
963
997
975
921
816
652
470
307
136
-11
-137
-278
-430
-627
-832
-1051
-1237
-1363
-1428
-1417
-1323
-1163
-992
-743
-513
-291
-113
7
112
171
215
233
223
218
228
227
191
102
-53
-199
-427
-639
-802
-936
-972
-967
-912
-832
-739
-655
-601
-563
-524
-480
-413
-313
-227
-128
-76
-26
9
33
21
-41
-70
-119
-161
-204
-251
-311
-344
-368
-397
-394
-386
-380
-359
-351
-305
-234
-129
26
218
447
658
850
1012
1143
1225
1294
1342
1408
1466
1538
1624
1727
1792
1829
1729
1475
1119
698
307
-89
-379
-585
-671
-726
-756
-726
-684
-599
-549
-466
-375
-271
-124
28
205
427
588
732
804
805
744
564
384
170
-16
-190
-352
-458
-533
-611
-684
-730
-803
-884
-961
-1008
-986
-928
-800
-636
-456
-256
-81
62
154
222
235
223
185
146
114
56
25
-37
-106
-189
-335
-491
-693
-874
-1016
-1084
-1073
-1001
-869
-734
-565
-431
-309
-212
-150
-99
-43
21
80
150
180
194
170
83
-15
-166
-307
-431
-530
-585
-603
-597
-597
-563
-543
-543
-529
-511
-482
-418
-335
-244
-139
-18
94
220
338
479
593
691
761
821
859
865
864
861
893
924
970
1027
1075
1152
1235
1320
1340
1219
993
690
427
138
-104
-197
-231
-235
-217
-181
-123
-105
-117
-139
-135
-139
-107
-63
11
109
165
229
199
158
74
-76
-191
-284
-334
-371
-378
-342
-304
-294
-243
-214
-222
-248
-296
-333
-330
-316
-288
-236
-199
-158
-154
-165
-195
-244
-289
-318
-329
-336
-352
-372
-331
-316
-288
-271
-321
-358
-412
-472
-511
-505
-491
-440
-387
-380
-327
-336
-333
-356
-381
-370
-369
-339
-309
-259
-242
-221
-230
-258
-297
-329
-352
-364
-347
-345
-318
-311
-316
-344
-368
-393
-395
-415
-439
-426
-430
-398
-363
-311
-242
-151
-32
106
282
427
554
642
756
856
946
1063
1184
1291
1393
1482
1578
1659
1708
1751
1662
1455
1103
734
359
6
-223
-370
-436
-471
-431
-368
-307
-246
-219
-189
-137
-68
20
124
249
362
407
396
325
209
67
-92
-203
-303
-334
-340
-330
-302
-271
-241
-263
-262
-287
-318
-352
-367
-312
-237
-174
-120
-101
-105
-142
-205
-244
-289
-328
-334
-339
-321
-341
-368
-382
-419
-429
-471
-569
-658
-729
-750
-724
-659
-536
-447
-354
-277
-217
-166
-151
-138
-138
-116
-67
-51
-26
-24
-54
-136
-213
-295
-383
-457
-498
-488
-454
-425
-404
-378
-384
-421
-430
-433
-411
-376
-347
-283
-202
-121
-43
49
130
231
342
482
640
713
773
815
833
855
881
945
995
1036
1123
1227
1338
1418
1514
1607
1514
1343
1058
756
485
195
28
-50
-72
-120
-139
-144
-186
-222
-265
-302
-285
-248
-180
-113
-48
-1
-9
-27
-92
-148
-215
-265
-252
-253
-203
-135
-98
-67
-43
-47
-86
-98
-138
-176
-226
-260
-288
-320
-370
-429
-467
-533
-566
-594
-573
-544
-519
-457
-397
-354
-325
-304
-298
-277
-235
-169
-113
-114
-105
-132
-232
-251
-295
-321
-299
-299
-299
-313
-301
-313
-312
-317
-300
-274
-250
-222
-214
-232
-252
-257
-264
-261
-238
-202
-192
-170
-166
-159
-172
-209
-234
-282
-318
-329
-349
-326
-317
-318
-272
-233
-136
-21
110
263
386
497
599
671
737
822
898
987
1086
1182
1232
1276
1316
1379
1413
1484
1522
1383
1170
866
570
273
-12
-155
-224
-264
-289
-260
-213
-212
-184
-172
-146
-66
26
113
175
264
264
227
197
119
60
-59
-146
-151
-202
-201
-184
-180
-185
-195
-184
-188
-180
-185
-178
-184
-185
-193
-235
-252
-289
-337
-370
-387
-398
-375
-349
-313
-271
-269
-258
-261
-283
-329
-342
-310
-269
-260
-287
-322
-350
-384
-424
-446
-454
-426
-396
-346
-299
-234
-199
-197
-199
-173
-158
-161
-164
-150
-141
-151
-173
-193
-203
-208
-213
-215
-216
-214
-248
-301
-334
-373
-399
-437
-456
-468
-462
-432
-367
-277
-140
-17
126
276
396
520
626
723
787
868
942
1022
1084
1113
1151
1172
1208
1238
1274
1347
1368
1255
1064
771
498
206
-23
-95
-143
-129
-115
-87
-46
-54
-62
-61
-25
59
173
257
329
353
335
250
151
43
-73
-194
-255
-265
-293
-304
-332
-350
-398
-435
-413
-393
-352
-283
-235
-198
-154
-132
-143
-181
-228
-245
-240
-255
-229
-220
-237
-250
-266
-306
-385
-439
-483
-533
-578
-608
-601
-611
-600
-596
-586
-565
-542
-475
-377
-245
-132
-24
63
133
147
145
119
86
49
-6
-43
-96
-172
-266
-373
-465
-529
-576
-587
-574
-543
-524
-496
-460
-447
-430
-372
-336
-282
-205
-150
-74
6
87
178
266
345
417
451
479
512
501
510
537
570
634
671
734
781
870
944
1032
1153
1318
1443
1431
1325
1122
932
714
533
446
399
344
314
232
139
28
-110
-208
-253
-239
-149
-82
-58
-46
-116
-208
-286
-353
-363
-340
-306
-219
-124
-72
-49
-67
-76
-101
-79
-56
-51
-38
-60
-96
-162
-236
-356
-480
-559
-640
-635
-597
-576
-535
-526
-484
-474
-442
-405
-381
-312
-230
-143
-78
-102
-119
-174
-226
-264
-305
-318
-327
-288
-246
-207
-206
-199
-213
-222
-192
-168
-130
-90
-54
-42
-39
-68
-112
-147
-192
-213
-215
-217
-254
-298
-337
-382
-436
-480
-504
-526
-529
-531
-502
-453
-410
-319
-239
-133
1
147
260
377
487
572
643
716
780
829
870
913
914
920
951
973
1025
1073
1148
1251
1246
1141
961
697
496
330
214
189
175
185
171
131
70
-21
-75
-84
-63
40
141
174
172
129
55
-36
-141
-217
-231
-235
-216
-223
-258
-300
-343
-397
-421
-401
-370
-324
-248
-213
-191
-194
-245
-274
-333
-359
-386
-369
-332
-300
-303
-327
-349
-369
-382
-407
-368
-358
-290
-210
-206
-228
-258
-274
-282
-293
-291
-250
-174
-88
-27
15
4
2
-22
-39
-42
-47
-7
-20
-55
-102
-149
-200
-270
-304
-311
-307
-285
-258
-260
-258
-264
-246
-239
-240
-227
-222
-206
-190
-197
-205
-193
-159
-134
-67
10
75
128
144
186
263
306
370
429
492
557
611
672
720
771
855
922
999
1077
1164
1201
1178
1092
938
815
681
585
540
488
446
380
299
179
94
-2
-54
-62
-84
-33
-33
-5
-64
-128
-155
-218
-234
-241
-215
-183
-175
-177
-209
-225
-251
-275
-282
-251
-219
-228
-217
-224
-234
-270
-311
-326
-330
-349
-352
-318
-322
-285
-268
-242
-211
-227
-208
-175
-150
-145
-115
-104
-84
-80
-92
-88
-130
-155
-187
-224
-189
-175
-132
-85
-65
-48
-59
-64
-52
-11
33
59
87
106
109
93
65
13
-40
-59
-81
-68
-79
-123
-146
-195
-266
-296
-344
-382
-389
-386
-390
-398
-395
-376
-352
-341
-297
-242
-169
-131
-89
-37
-3
64
125
164
212
264
303
324
353
390
398
447
493
540
601
651
720
758
783
762
771
762
745
767
781
783
732
673
602
561
495
441
378
284
238
209
165
131
74
20
-47
-84
-112
-159
-185
-213
-219
-249
-251
-248
-276
-297
-316
-312
-327
-310
-296
-300
-293
-284
-260
-264
-281
-276
-276
-278
-257
-247
-236
-256
-261
-276
-273
-275
-284
-278
-265
-259
-276
-292
-317
-319
-295
-250
-218
-195
-178
-186
-162
-109
-67
-9
40
65
105
140
175
192
177
147
140
112
106
99
73
32
-29
-83
-135
-187
-232
-252
-260
-251
-261
-260
-272
-243
-236
-200
-162
-120
-90
-53
12
45
94
127
173
213
248
293
330
355
390
417
469
519
572
615
677
704
723
719
731
738
751
789
795
759
693
614
556
500
424
372
305
231
154
97
74
7
-70
-104
-159
-172
-195
-224
-231
-244
-240
-234
-194
-172
-163
-147
-117
-107
-111
-116
-128
-155
-169
-184
-206
-261
-315
-361
-399
-437
-470
-462
-470
-459
-441
-431
-398
-360
-334
-303
-279
-229
-196
-159
-125
-125
-127
-107
-93
-72
-58
-52
-62
-61
-67
-53
-44
-50
-43
-46
-20
-8
0
7
8
0
3
17
18
13
2
-16
-33
-37
-62
-89
-103
-130
-144
-156
-185
-210
-224
-215
-184
-167
-151
-127
-111
-96
-49
-2
38
86
163
233
280
346
393
445
455
474
516
555
609
650
693
678
648
610
570
540
531
527
497
461
413
360
326
289
253
205
156
118
125
134
115
108
80
58
32
14
-19
-30
-65
-96
-124
-164
-175
-206
-244
-275
-303
-331
-332
-346
-358
-382
-369
-362
-366
-374
-368
-350
-332
-270
-230
-194
-177
-140
-132
-147
-140
-157
-183
-195
-186
-200
-213
-226
-284
-312
-335
-355
-351
-314
-289
-274
-228
-194
-136
-107
-62
-3
43
97
137
191
211
214
214
216
192
166
127
73
50
10
-41
-99
-116
-149
-179
-197
-225
-222
-231
-207
-185
-167
-119
-83
-45
-4
33
80
123
156
207
251
287
310
340
377
386
381
371
370
375
387
382
411
414
377
365
356
378
396
433
446
418
396
377
370
383
395
394
384
360
337
323
305
270
213
155
112
83
28
-16
-69
-122
-159
-217
-250
-292
-323
-318
-315
-307
-316
-308
-311
-289
-272
-269
-255
-264
-242
-222
-188
-170
-173
-161
-155
-150
-151
-158
-184
-208
-201
-201
-236
-250
-254
-270
-290
-296
-283
-284
-272
-262
-224
-208
-175
-162
-127
-93
-54
-9
31
68
97
120
117
119
126
116
112
106
75
55
33
-5
-39
-68
-80
-93
-113
-89
-98
-104
-92
-64
-48
-41
-29
-18
-20
13
22
30
56
70
86
108
126
141
162
173
210
220
246
293
304
326
374
426
440
442
460
457
456
498
548
574
574
556
529
509
495
475
430
392
366
312
276
255
198
127
67
7
-49
-82
-118
-134
-171
-215
-233
-251
-262
-278
-279
-269
-233
-208
-212
-201
-197
-202
-193
-218
-214
-205
-193
-170
-144
-147
-159
-185
-201
-210
-206
-218
-221
-234
-260
-268
-292
-317
-340
-348
-346
-337
-338
-320
-286
-245
-215
-174
-129
-90
-45
11
46
91
109
133
142
125
133
114
110
102
85
64
44
-2
-27
-70
-99
-103
-118
-113
-105
-94
-82
-49
-47
-22
4
24
33
55
89
94
110
128
139
155
156
162
175
179
189
192
213
211
221
233
254
286
301
336
345
353
368
380
403
453
495
521
513
503
480
448
432
398
360
318
291
253
208
144
106
42
-9
-58
-105
-116
-135
-147
-181
-177
-198
-207
-202
-217
-205
-197
-184
-186
-190
-198
-228
-233
-241
-269
-268
-274
-281
-269
-274
-282
-289
-297
-286
-290
-276
-257
-250
-222
-227
-244
-256
-241
-225
-219
-223
-203
-186
-182
-138
-124
-122
-119
-102
-79
-84
-68
-54
-36
-42
-19
-34
-31
-28
-34
-22
-10
15
11
9
18
20
43
43
44
36
28
47
39
56
46
56
39
33
30
19
42
40
39
24
45
18
26
59
69
113
142
153
178
233
268
276
307
357
394
422
448
429
417
423
400
391
386
374
356
313
287
256
220
203
163
141
122
118
123
103
109
63
20
22
16
-10
-30
-51
-51
-75
-104
-136
-170
-208
-227
-236
-254
-276
-295
-308
-325
-341
-328
-311
-315
-300
-300
-301
-280
-245
-225
-207
-205
-182
-158
-156
-165
-165
-171
-172
-169
-185
-234
-259
-272
-274
-279
-291
-310
-303
-268
-249
-226
-199
-177
-146
-98
-59
-9
5
27
49
60
83
93
73
85
89
89
76
73
54
44
27
17
29
13
-4
-15
-29
-26
-17
-12
12
41
72
99
124
135
172
198
213
247
259
276
269
275
282
275
284
255
227
232
221
207
218
210
197
179
188
187
205
228
235
242
232
254
248
232
213
212
201
196
169
140
118
81
30
-13
-65
-110
-143
-185
-232
-265
-285
-339
-332
-377
-387
-382
-379
-354
-331
-308
-284
-265
-233
-201
-194
-176
-171
-158
-144
-138
-161
-177
-181
-219
-231
-253
-261
-268
-292
-311
-336
-334
-345
-341
-340
-335
-324
-333
-296
-260
-244
-210
-173
-128
-91
-55
-7
28
31
57
71
72
72
82
65
39
50
40
8
-24
-41
-54
-71
-64
-64
-60
-35
-27
-14
7
31
53
88
128
148
153
169
203
213
211
212
210
216
200
176
164
146
133
134
121
119
131
131
127
165
179
179
177
183
194
214
243
268
293
281
277
259
251
231
225
197
166
140
105
91
37
-15
-56
-122
-139
-173
-205
-222
-242
-260
-276
-287
-293
-291
-285
-256
-238
-195
-165
-170
-158
-163
-157
-168
-182
-186
-192
-198
-205
-220
-232
-271
-307
-302
-337
-343
-355
-361
-340
-340
-325
-307
-296
-283
-257
-234
-218
-195
-175
-159
-123
-127
-114
-117
-113
-97
-83
-73
-58
-46
-41
-47
-60
-14
-13
-2
-2
17
31
30
53
60
70
78
106
100
126
149
132
137
136
145
137
136
133
132
139
142
134
119
130
114
113
117
110
110
112
125
139
150
156
160
178
200
207
210
194
192
203
188
180
181
163
170
156
152
132
97
80
53
38
25
-2
-30
-39
-48
-57
-82
-103
-137
-155
-168
-181
-197
-198
-224
-233
-245
-246
-268
-270
-259
-255
-251
-251
-254
-238
-224
-248
-229
-235
-235
-210
-221
-222
-234
-249
-257
-270
-277
-278
-300
-306
-305
-297
-290
-294
-284
-288
-277
-270
-265
-242
-224
-223
-185
-161
-135
-117
-92
-71
-49
-32
-1
8
3
42
63
68
74
107
92
79
77
72
73
80
78
68
78
58
91
99
97
107
127
139
140
148
152
173
167
173
185
180
196
199
193
186
164
167
144
149
136
108
104
99
90
104
118
137
124
128
121
113
121
111
98
99
97
88
84
66
44
18
-11
-56
-83
-109
-130
-145
-178
-208
-233
-251
-291
-292
-285
-286
-286
-276
-271
-260
-262
-258
-222
-220
-198
-182
-184
-184
-178
-197
-203
-209
-225
-212
-243
-254
-262
-269
-285
-315
-303
-315
-314
-291
-279
-283
-249
-243
-246
-217
-210
-178
-156
-130
-111
-85
-83
-75
-49
-40
-19
0
22
25
-7
2
0
9
21
27
46
75
95
92
109
121
122
125
116
134
144
142
161
148
163
163
166
171
181
181
185
189
186
174
169
167
157
168
169
163
153
155
154
138
135
145
139
135
138
128
133
122
105
108
107
82
51
37
19
-14
-25
-48
-74
-89
-130
-139
-156
-155
-183
-183
-178
-200
-191
-185
-166
-162
-169
-176
-175
-188
-180
-185
-180
-183
-193
-190
-177
-176
-176
-170
-170
-175
-169
-172
-173
-187
-187
-165
-175
-166
-161
-145
-144
-147
-124
-129
-104
-92
-81
-84
-84
-67
-72
-79
-74
-72
-72
-72
-72
-42
-37
-24
-24
-6
-3
10
57
51
71
93
98
89
114
132
137
168
169
172
181
187
179
174
157
154
139
141
153
137
155
139
156
163
165
161
169
191
183
204
214
224
223
208
222
224
212
208
196
183
168
140
132
93
54
35
19
15
1
-6
-22
-37
-44
-46
-52
-71
-74
-64
-63
-64
-70
-68
-82
-101
-112
-116
-121
-142
-149
-165
-160
-161
-170
-193
-202
-215
-226
-219
-210
-190
-191
-160
-146
-138
-113
-106
-84
-86
-60
-26
-26
-33
-35
-52
-59
-79
-80
-91
-95
-103
-116
-137
-147
-139
-145
-133
-145
-130
-125
-106
-84
-66
-45
-32
-20
4
12
41
55
63
85
102
108
106
109
112
105
89
87
78
80
66
57
54
55
50
46
68
59
80
78
81
109
132
149
157
165
157
185
194
213
227
248
231
243
246
209
211
172
169
162
127
133
115
103
107
86
74
81
74
78
60
59
71
67
75
74
63
53
47
25
14
15
-16
-39
-60
-90
-119
-139
-158
-167
-178
-176
-195
-200
-190
-180
-166
-159
-134
-117
-108
-93
-62
-49
-30
-38
-26
-12
10
-3
-1
5
-1
-15
-11
-23
-35
-46
-61
-61
-87
-98
-87
-89
-103
-81
-105
-93
-86
-72
-58
-69
-59
-32
2
-11
-1
22
37
50
51
50
77
73
90
83
65
59
73
75
57
55
37
34
22
21
28
35
39
38
47
58
80
78
90
103
120
124
128
142
131
140
146
135
133
137
117
117
106
85
72
61
51
42
44
34
55
45
49
46
43
59
45
52
38
20
25
20
14
4
-1
-8
-23
-38
-41
-69
-93
-108
-110
-139
-154
-154
-170
-159
-157
-161
-155
-141
-130
-116
-89
-77
-53
-38
-21
-16
4
27
19
29
27
38
27
25
37
12
5
-2
-1
-3
-25
-27
-30
-45
-55
-62
-65
-72
-68
-44
-48
-33
-24
-20
1
7
13
17
23
47
39
35
71
64
55
55
60
52
46
52
61
38
44
42
30
38
20
25
28
9
16
-2
15
3
-2
14
5
21
17
31
31
30
37
36
25
30
25
24
39
47
54
52
52
64
71
68
68
60
57
42
65
66
63
58
60
56
44
42
25
30
17
23
16
15
-1
-4
-5
-15
-19
-31
-59
-67
-50
-79
-72
-75
-89
-81
-75
-69
-58
-48
-42
-24
-23
-17
5
7
35
43
41
52
47
48
35
18
36
19
5
11
-3
-6
-28
-27
-22
-25
-19
-20
-22
-28
-24
-30
-19
-17
-8
4
9
29
42
36
34
56
63
76
67
63
73
68
69
60
48
40
40
22
14
20
-7
-17
-34
-34
-41
-49
-49
-63
-50
-44
-51
-72
-75
-50
-44
-32
-9
-7
8
5
12
19
21
17
14
25
28
30
26
10
5
-7
9
19
0
8
-16
-48
-41
-9
-5
0
15
11
19
8
12
22
19
19
1
8
10
-14
-7
-15
-30
-36
-41
-33
-52
-55
-70
-67
-57
-52
-58
-53
-56
-35
-32
-32
-1
-18
-19
2
-8
0
-3
4
-4
-21
-29
-12
-14
-46
-59
-73
-83
-69
-57
-60
-63
-54
-47
-41
-30
-28
-16
10
4
10
28
36
22
25
13
7
12
-7
8
-5
-26
-26
-31
-25
-29
-42
-50
-45
-37
-33
-39
-41
-25
-32
-8
0
6
34
29
31
30
28
29
33
43
18
42
45
34
40
25
34
14
27
25
59
38
26
44
20
38
58
65
70
83
72
84
95
83
77
80
74
67
67
60
58
55
51
45
36
16
24
31
19
28
28
28
29
21
24
6
19
18
29
33
15
30
19
30
29
28
30
26
23
20
20
26
15
18
22
31
24
36
42
37
71
52
52
71
78
69
70
62
64
63
71
77
58
76
87
70
60
63
70
69
43
62
43
58
48
47
58
55
38
35
47
29
20
19
49
38
38
37
52
54
46
68
49
56
62
54
60
61
54
61
49
30
48
35
57
50
48
51
46
65
75
65
64
55
55
74
63
81
80
75
80
69
78
78
71
88
81
77
72
67
43
37
38
27
35
19
15
23
11
24
7
18
30
18
29
20
20
50
37
21
21
19
17
18
20
4
2
9
-5
-27
-28
-34
-16
-35
-24
-16
-1
-8
-21
5
34
34
39
56
53
71
74
56
86
88
89
101
87
84
75
58
50
74
55
46
53
60
56
48
40
37
45
32
48
42
50
55
61
68
66
61
79
97
83
78
82
80
76
68
58
54
41
19
14
8
-1
16
6
19
12
21
24
29
30
34
43
32
34
49
31
22
29
28
18
18
33
14
17
8
12
9
5
-2
-11
7
-9
-12
-6
1
16
27
9
15
28
39
56
44
49
58
48
41
49
37
28
18
10
5
8
2
-2
14
11
0
2
8
10
3
2
15
29
25
25
36
37
44
47
49
50
58
56
56
39
52
57
44
49
41
44
54
59
62
44
65
83
66
60
72
78
73
80
83
93
91
88
92
77
80
65
61
46
48
50
30
44
38
41
30
38
36
42
55
34
30
47
42
53
48
49
59
54
57
46
50
45
40
53
35
31
23
16
17
12
-4
-14
-18
4
-23
-13
7
-10
5
2
1
20
44
40
31
47
64
66
67
82
95
77
84
75
85
95
95
99
79
76
79
84
87
68
59
59
59
68
55
45
54
44
45
55
61
60
51
66
52
52
55
60
61
56
61
67
52
40
57
47
36
49
50
47
57
55
41
47
39
30
46
45
50
45
51
56
56
48
60
61
46
58
53
54
58
47
40
57
62
55
53
42
32
42
53
45
54
50
68
39
51
63
32
49
56
49
35
48
43
40
60
61
37
25
27
32
29
31
30
22
23
31
9
10
25
32
21
41
36
42
25
39
43
46
61
44
64
65
66
71
74
71
82
85
84
70
77
96
82
77
74
67
64
72
70
63
71
73
80
65
62
78
64
65
61
64
62
59
52
53
32
41
28
34
40
10
29
17
1
10
-4
-12
-3
-7
-10
-29
-11
-17
-25
-26
-15
-17
-18
-25
-23
6
5
18
36
38
43
45
44
64
42
38
46
46
53
55
60
60
54
63
65
71
76
61
81
74
77
68
67
70
84
93
90
91
90
98
103
103
105
104
104
104
105
96
81
82
74
71
66
68
69
58
47
43
44
21
21
36
15
5
17
20
16
19
12
17
25
24
36
39
33
35
42
53
55
56
49
43
59
41
37
38
37
37
46
52
59
46
43
49
42
72
46
32
56
43
43
41
41
30
26
15
14
16
3
25
1
6
8
-7
-10
-19
-29
-24
-37
-27
-21
-16
-26
-15
-20
-33
-29
-19
-12
-10
-10
-13
11
16
13
23
42
59
52
53
61
63
71
61
78
65
61
49
58
64
38
32
32
36
45
37
41
29
27
34
49
43
50
61
53
78
76
78
85
78
66
70
67
64
61
57
48
40
40
29
33
12
5
13
7
-13
-8
-27
-13
-11
-19
-22
-43
-3
-33
5
-4
-6
8
8
13
22
14
13
20
12
22
5
12
4
1
-4
-10
-1
-10
-4
14
19
34
35
23
30
44
29
41
39
34
61
53
39
45
28
27
32
-1
-13
-3
-5
-14
-19
-27
-31
-45
-47
-37
-33
-36
-25
-5
-2
13
23
33
30
24
39
30
32
32
45
16
26
16
5
13
-2
-4
-17
-24
-26
-28
-40
-37
-37
-31
-10
-29
-20
-9
-6
6
21
32
34
41
42
49
52
42
54
66
63
47
44
34
37
52
22
20
-10
-7
-16
-22
-20
-20
-18
-19
-18
-30
-16
-23
-9
-2
3
-1
-3
-1
1
17
14
-1
1
-2
-4
2
8
2
-4
9
4
9
29
31
12
20
19
19
22
25
31
19
24
48
43
34
38
46
48
34
23
16
31
28
12
13
-3
-5
3
-15
-19
-30
-31
-41
-25
-18
-20
-7
-27
-11
-5
-14
-21
-20
-36
-38
-31
-29
-16
-26
-35
-42
-42
-40
-47
-51
-68
-61
-59
-72
-55
-60
-69
-73
-69
-78
-74
-70
-65
-51
-61
-46
-28
-31
-34
-19
-10
-8
-5
6
2
6
12
25
23
14
22
16
19
12
22
6
1
12
8
0
-15
-11
-14
-17
-11
-11
-19
-20
-25
-29
-30
-38
-17
-32
-24
-20
-28
-36
-27
-29
-19
-28
-23
-7
-23
-25
-24
-21
-10
-18
-25
-14
2
-19
-7
-18
-27
-22
-17
-19
-6
-18
-32
-1
-14
-9
-21
0
10
6
-2
-15
-10
-15
-17
-25
-30
-24
-26
-42
-30
-45
-40
-41
-41
-50
-52
-63
-75
-66
-53
-62
-59
-47
-63
-48
-50
-45
-40
-48
-38
-29
-23
-34
-43
-47
-40
-51
-37
-14
-40
-38
-45
-26
-33
-46
-39
-33
-23
-16
-21
-18
-17
-6
-5
-3
15
6
11
18
27
32
11
8
13
19
18
1
7
8
7
0
-6
-19
-19
-25
-20
-26
-35
-32
-32
-38
-47
-27
-36
-42
-22
-29
-29
-34
-27
-30
-34
-37
-49
-45
-50
-55
-72
-69
-62
-82
-68
-51
-42
-52
-61
-41
-38
-36
-41
-35
-13
-16
-23
-13
-25
-16
-13
-17
-32
-13
-4
-16
-14
-29
-24
-11
-12
-30
-27
-24
-16
-38
-34
-29
-44
-44
-35
-47
-23
-34
-40
-16
-18
-31
-20
-28
-44
-14
-20
-19
2
-3
-2
-2
-20
3
-4
-20
-20
-5
-27
-18
-22
-33
-30
-14
-5
-19
-33
-26
-13
-16
-7
-3
-3
-6
-4
2
12
8
7
18
19
5
18
24
20
33
28
23
29
22
24
18
10
14
12
24
19
14
6
4
14
-1
-2
-6
11
-1
-2
-1
-1
-3
-1
7
-4
3
-9
-19
-10
-8
-18
-10
-25
-8
-17
-24
-15
-22
-20
-11
-21
-23
3
-11
-13
0
4
-1
3
9
15
5
19
14
17
16
11
4
-4
0
-8
-5
-13
-18
-10
-14
-26
-19
-12
-18
-28
-21
-21
-11
-7
-4
-1
-8
0
12
3
-5
0
6
-4
-7
-8
-21
2
-6
-9
-1
-5
-15
-27
-36
-15
-8
-16
-21
-38
-9
-14
-23
-45
-36
-21
-26
-11
-12
2
14
11
15
22
4
43
27
25
46
56
55
58
59
54
55
69
67
56
69
52
44
46
55
42
36
37
46
34
14
34
35
19
26
16
11
28
23
27
27
13
14
5
2
10
1
-1
-15
-18
-2
-7
-17
-15
-8
4
4
9
21
4
11
14
22
28
17
32
46
32
30
39
48
52
54
47
46
36
46
43
36
29
16
30
26
27
14
13
6
-1
14
16
5
18
19
15
20
16
24
28
21
30
26
22
7
-5
6
-8
-11
-20
-29
-15
-35
-32
-46
-45
-41
-25
-26
-39
-43
-29
-22
-7
-20
-3
0
1
16
26
30
32
47
40
42
47
52
35
66
59
47
40
47
44
33
46
34
42
25
44
55
33
28
34
42
45
37
26
36
30
17
18
6
6
3
11
-10
-13
-9
-19
-24
-15
-13
-23
-6
-17
2
-2
-4
-2
-3
-5
10
5
14
10
22
17
35
48
40
54
34
45
34
33
27
27
38
39
19
27
32
31
35
34
34
45
52
38
47
45
52
42
41
33
60
55
37
44
52
61
55
59
51
26
37
36
8
15
22
29
29
21
18
11
3
10
14
3
-1
7
0
-5
1
19
9
3
12
13
28
16
16
7
19
34
25
57
44
54
50
59
64
56
65
46
70
44
53
72
62
71
57
52
68
60
48
52
63
55
38
38
31
18
24
20
4
11
26
31
19
-5
6
3
-9
2
-3
-4
9
16
6
5
19
9
0
1
4
6
5
12
10
8
3
9
8
15
12
18
9
2
16
20
19
29
39
28
28
32
37
20
41
48
52
53
47
52
44
45
37
33
24
24
29
41
31
9
20
4
2
6
0
-2
-18
-15
-23
-27
-18
-24
-40
-29
-37
-27
-29
-28
-37
-36
-41
-45
-38
-38
-32
-48
-30
-44
-39
-27
-9
-16
-9
5
-5
-3
5
25
7
11
9
14
17
9
14
9
12
3
2
1
-7
-3
-11
10
9
0
-16
1
-4
-9
-1
-14
0
0
8
2
-14
-15
-12
-24
-23
-23
-22
-28
-30
-40
-43
-48
-50
-45
-63
-56
-57
-55
-61
-68
-49
-64
-60
-70
-73
-68
-66
-54
-59
-54
-52
-69
-58
-73
-68
-48
-55
-43
-33
-16
-14
-11
-23
-13
-6
-6
-9
5
1
-12
-6
-4
0
-11
4
-7
-8
-8
-2
14
13
-8
-6
10
-2
3
-6
-13
0
-23
-35
-17
-23
-22
-35
-18
-14
-33
-41
-40
-42
-40
-45
-39
-30
-24
-25
-12
-5
-19
-6
-19
-4
1
8
15
0
-2
-2
2
1
7
1
-12
-13
-24
-28
-27
-16
-28
-18
-4
-10
-6
-2
-13
-11
-10
-12
-19
-6
-15
-36
-26
-44
-26
-35
-31
-27
-35
-32
-34
-31
-48
-29
-36
-37
-59
-51
-57
-58
-59
-57
-49
-62
-57
-73
-74
-74
-78
-53
-75
-80
-56
-60
-61
-48
-47
-64
-50
-55
-27
-23
-35
-18
-14
-18
-3
-10
-4
-3
-3
-6
-9
5
7
-5
1
10
7
-6
-15
-2
-11
-19
-18
-12
-18
-32
-36
-17
-27
-33
-31
-22
-24
-33
-36
-47
-42
-48
-39
-65
-62
-47
-63
-57
-61
-58
-59
-67
-56
-64
-60
-48
-46
-43
-50
-53
-33
-39
-35
-38
-48
-36
-50
-45
-40
-59
-37
-44
-71
-45
-39
-56
-57
-52
-53
-48
-48
-58
-32
-24
-27
-29
-44
-30
-32
-37
-36
-38
-25
-30
-31
-43
-37
-40
-29
-28
-36
-47
-59
-51
-49
-61
-76
-81
-69
-59
-73
-85
-91
-76
-67
-63
-66
-66
-50
-40
-41
-42
-46
-19
-27
-32
-21
-20
-14
-10
-15
-13
-9
8
4
-2
15
10
-2
2
19
-6
2
9
11
8
-2
23
4
8
14
15
1
17
-10
-15
-9
-18
-15
-7
-10
-27
-25
-35
-28
-35
-38
-45
-33
-48
-55
-45
-58
-64
-66
-60
-51
-50
-55
-34
-37
-47
-31
-18
-18
-8
1
-4
-15
-24
-10
-4
-15
1
-24
-38
-15
-12
-19
-21
-10
-11
-7
-14
-5
14
9
8
14
23
24
33
22
26
28
17
20
3
10
1
5
14
-5
-5
1
-23
-10
-2
-20
-25
-23
-29
-38
-32
-27
-27
-37
-38
-36
-40
-20
-32
-30
-38
-46
-34
-39
-31
-32
-14
-10
-8
-12
-16
-13
-9
-11
-12
-10
-19
-9
-3
-3
1
-3
6
5
11
6
-6
-1
15
14
27
16
5
19
22
11
14
23
15
6
7
5
20
21
-7
-3
-20
-11
-15
3
0
-3
4
-21
-9
-11
-35
-13
-20
-20
-10
-27
-10
-18
-9
-10
-11
-17
-7
3
-5
0
-2
2
-4
-10
-2
-10
-4
-2
2
6
-4
9
-3
13
-4
-8
-14
2
10
2
6
3
12
4
22
27
14
2
19
-3
3
4
-14
1
6
15
6
-2
-3
6
11
-4
-5
-16
-15
14
5
0
-4
-3
-1
2
0
0
20
1
-13
-13
1
-5
-19
0
0
-3
-15
-1
2
1
10
9
7
27
24
18
14
31
22
21
33
20
12
16
19
27
31
26
24
27
32
27
14
17
28
31
25
27
34
21
27
35
26
26
23
24
35
26
20
26
34
28
34
24
8
10
14
2
-3
1
-2
-3
-11
1
-5
-7
-3
-5
0
-6
9
-10
2
-6
2
0
-22
5
1
-21
-9
-4
-13
-6
-6
-7
-3
-9
15
0
16
13
-6
3
0
-9
6
8
-23
7
-10
-6
6
-1
12
15
9
15
19
14
20
20
9
3
11
15
12
12
13
7
16
3
9
12
19
16
14
7
4
32
14
21
15
23
17
22
21
4
21
24
25
29
12
4
26
24
21
26
11
21
24
38
23
23
14
20
21
17
32
39
41
24
34
11
14
16
22
25
11
8
14
7
0
8
14
4
1
-1
-9
-15
-10
-5
-7
-5
-7
-17
-22
-7
-9
-8
-14
-4
-18
-23
-19
-13
-1
-33
-17
-25
-28
-18
-21
-22
-23
-6
-6
-5
-1
-13
-13
-4
4
-6
-18
2
10
-9
-1
-4
6
-7
4
0
5
15
-5
13
7
1
20
16
28
38
28
20
21
27
9
3
8
15
8
6
9
9
15
5
5
8
11
12
-5
-8
-13
-13
-19
-15
-7
2
-1
-3
-12
-15
-16
-8
-8
-22
-11
-5
-8
0
-1
-2
4
0
-3
8
-8
-16
10
4
-22
-22
-10
-5
-10
-4
0
6
-2
-10
5
1
-7
-10
-10
-6
-5
-10
-6
-3
-2
4
-6
2
-12
-7
-4
-18
-20
-17
-8
-4
-17
-8
10
-9
-11
-9
-11
-10
-26
-21
-17
-12
-19
-22
-22
-28
-30
-24
-17
-24
-21
-17
-12
-14
-13
-16
-13
-2
-2
-17
-22
-30
-13
-15
-12
0
2
8
4
11
16
4
-2
-1
6
2
19
18
13
14
16
25
6
9
1
11
1
-1
18
21
8
4
6
12
9
-3
8
16
8
4
16
0
-5
3
2
-6
-12
-8
-6
-19
-1
15
5
-1
-1
-22
-14
11
9
2
-11
-6
5
10
-1
-6
7
11
10
27
17
8
14
20
4
15
14
8
19
12
21
12
18
19
14
-3
4
10
3
5
16
22
16
11
7
18
18
17
11
18
28
21
12
16
22
22
13
16
21
2
9
8
3
6
10
6
8
0
-7
11
7
12
11
16
7
4
2
0
9
-3
-9
3
1
-14
9
-3
5
-1
-11
-11
-1
20
-2
5
10
-1
17
10
5
13
13
14
13
25
20
10
9
-1
17
3
0
5
13
4
1
5
-10
8
11
3
-4
9
3
4
4
19
33
24
20
23
18
20
20
29
26
28
17
24
22
8
24
29
31
27
38
36
35
43
33
24
37
32
41
41
29
30
26
40
51
45
35
42
33
18
23
31
14
24
10
14
23
9
-1
4
13
5
13
8
6
0
-2
25
5
1
8
-1
-6
-7
12
8
8
20
18
16
13
19
40
13
22
25
12
23
10
27
34
12
12
24
12
18
18
15
4
8
8
4
10
11
17
17
22
31
34
5
11
23
19
10
8
40
19
15
7
-11
16
14
23
17
18
18
6
15
8
16
11
-7
-6
-1
-2
-12
-3
-3
-10
-8
-13
-9
-18
-5
-10
-19
-4
-30
-4
1
-7
-1
-4
17
1
5
1
4
11
-4
-17
-10
0
-1
2
-3
-8
-10
-15
-27
-36
-26
-19
-15
-5
-21
-15
-4
-6
-10
8
5
-10
-15
-5
1
-20
-24
-21
-12
-14
-13
-41
-33
-22
-32
-13
-8
-17
-27
-9
-18
-29
-13
-17
-27
-16
2
-18
-14
-15
-18
-21
-24
-25
-15
-28
-39
-34
-25
-22
-32
-30
-29
-43
-28
-25
-41
-22
-41
-44
-38
-41
-28
-46
-22
-19
-22
-28
-36
-31
-25
-23
-14
-16
-30
-23
-30
-32
-44
-44
-38
-35
-37
-62
-54
-61
-51
-51
-75
-54
-46
-43
-38
-52
-49
-28
-54
-42
-50
-55
-51
-65
-47
-32
-33
-32
-30
-21
-16
-36
-30
-48
-48
-41
-42
-38
-35
-38
-35
-33
-41
-22
-29
-12
-5
-5
-15
-17
-5
-8
-8
-4
-10
-7
-2
1
-10
-29
-15
4
-4
3
-5
-2
13
11
-3
-2
23
2
14
3
5
-2
-18
-17
-5
9
-14
-9
-11
-5
-2
12
17
9
8
3
-7
-13
4
-4
4
3
10
19
-4
16
18
2
10
9
10
11
12
12
15
8
15
11
11
4
14
15
14
9
16
17
1
-6
2
2
-13
8
-5
-6
6
14
5
13
14
-10
13
13
6
20
15
12
18
4
15
18
3
-4
4
3
14
1
3
6
-4
3
13
-5
-2
-1
-9
5
5
-7
-9
-16
-13
-3
3
5
-10
-1
-4
-18
-15
-11
-13
-14
-5
-10
-21
-10
-18
-8
-4
-4
-9
-13
2
-8
-2
-14
-12
-5
-2
-4
2
-4
-17
-5
-34
-22
-16
-15
-16
-11
-14
-11
-11
-9
2
-17
-11
-5
7
-8
-4
3
2
9
13
10
0
5
9
12
5
6
-7
-6
-7
-18
-19
-22
-2
1
-7
-6
-3
0
-13
-5
-19
-13
-4
-8
-18
-13
-10
-7
-23
-23
-34
-28
-21
-34
-20
-34
-27
-38
-28
-28
-31
-28
-27
-24
-35
-26
-44
-39
-44
-43
-21
-24
-36
-39
-26
-28
-21
-18
-11
-20
-24
-29
-23
-33
-40
-34
-46
-45
-45
-54
-37
-32
-34
-32
-41
-33
-33
-16
-33
-32
-20
-25
-31
-34
-33
-40
-22
-28
-30
-39
-34
-27
-21
-40
-38
-19
-42
-38
-42
-39
-27
-24
-34
-30
-23
-25
-29
-30
-9
-9
-18
-21
-13
-6
-10
3
-9
1
20
8
10
8
20
18
2
6
35
20
15
21
11
9
18
15
16
15
31
19
10
35
19
18
18
16
24
6
-7
17
13
10
9
-8
2
15
3
-2
2
-5
2
8
-13
-12
-2
-4
-6
2
-11
13
-10
-8
2
-2
3
-19
-2
-19
-26
-13
-2
-8
-9
-6
-23
-11
-12
-14
-14
-32
-15
-5
-28
-18
-19
-8
-7
-11
-7
-14
-10
-29
-15
-9
-9
-23
-12
-19
-23
-13
-27
-4
-26
-7
-4
-4
6
-11
-8
6
-7
3
3
0
-1
8
9
-9
4
6
-6
-11
-4
-16
-5
11
4
2
-4
-6
-1
-11
-18
-6
-7
-4
-13
-22
-11
-8
-21
-14
-4
-7
-11
-9
-19
-21
-9
-5
-2
-23
-14
-11
-8
-4
14
-6
-3
9
-11
12
2
12
20
10
13
30
9
12
18
13
17
15
13
-6
4
13
3
2
8
10
6
-3
-2
-11
-7
6
1
7
-21
-16
-3
-4
12
-9
10
12
-1
-5
-11
-9
-9
-2
0
-2
8
4
-3
11
1
-8
-13
-12
-8
-3
0
1
13
3
3
7
9
8
-1
10
10
-3
-11
-16
-25
-21
2
10
-1
-20
-12
-13
-20
-26
-24
-5
-10
-7
-2
-4
-7
-9
6
-4
-4
12
8
4
-6
-9
-2
4
2
-2
-6
1
3
21
13
-8
-4
2
-7
9
7
-1
9
0
-5
9
2
9
30
3
11
5
4
19
28
19
32
25
23
23
8
23
26
7
7
30
26
32
24
22
33
40
33
27
21
25
40
28
33
29
30
22
23
27
29
30
31
28
29
34
21
17
30
18
20
21
24
19
26
5
13
18
7
14
20
13
-3
11
-6
16
18
21
11
10
5
5
9
1
11
-3
-10
-10
-4
-4
8
12
-1
4
-7
-5
17
11
-4
18
6
21
29
24
22
32
20
22
16
21
23
14
29
27
29
34
34
35
52
41
34
41
46
51
41
53
58
52
60
58
65
79
72
71
50
57
69
55
63
66
74
63
50
47
59
50
42
55
57
58
46
35
53
52
38
37
29
39
27
37
40
37
26
38
36
17
36
20
40
36
27
39
17
23
32
12
29
29
30
18
36
28
22
9
7
18
19
9
-7
17
9
26
14
24
17
8
0
9
0
-2
5
12
10
23
17
4
39
27
31
21
24
31
19
26
28
35
28
20
19
19
14
15
18
19
26
17
18
0
-9
10
8
9
14
25
13
15
34
28
32
37
34
26
28
22
31
36
26
23
31
46
43
44
47
37
39
20
16
16
22
18
8
17
24
12
11
40
27
29
21
15
25
32
47
35
41
24
28
36
38
23
29
17
21
35
43
40
31
35
24
43
32
18
20
31
30
39
20
27
37
32
36
41
29
21
33
33
29
28
32
46
35
38
49
26
36
30
43
37
28
36
37
36
33
42
36
48
44
39
35
44
43
47
54
34
49
32
42
50
29
37
31
39
46
30
28
35
28
39
45
42
45
49
35
38
51
38
40
41
41
48
50
53
47
42
58
44
41
48
39
41
35
32
30
45
46
28
36
45
53
54
62
64
52
50
50
51
48
55
48
33
36
34
46
60
61
59
52
45
52
60
57
52
44
32
49
52
59
52
55
47
54
63
79
71
61
69
66
55
55
49
45
61
54
49
54
59
66
52
51
41
38
52
37
39
48
38
48
54
48
50
50
59
53
62
48
56
66
56
56
58
54
40
42
53
58
57
48
35
32
51
41
30
38
47
44
35
42
44
31
45
43
62
49
42
63
49
54
28
36
35
39
36
22
38
39
49
32
46
42
39
66
37
31
46
33
47
50
67
66
55
53
55
49
50
57
51
55
49
57
52
49
47
41
39
45
52
54
67
65
71
73
57
68
70
74
86
76
81
60
55
53
47
45
39
41
47
32
38
39
46
40
24
48
43
29
43
57
60
38
33
38
42
50
45
49
48
38
50
66
51
61
46
43
52
50
36
47
51
40
31
37
56
46
36
40
33
41
43
40
45
39
45
32
46
54
58
48
57
61
51
65
61
64
81
64
64
70
82
87
79
72
78
91
70
78
70
86
74
77
88
68
76
71
75
67
61
66
56
56
55
66
63
80
73
44
45
56
48
44
34
27
31
32
45
53
65
50
38
42
35
38
29
43
46
46
40
41
41
37
47
40
51
40
36
45
62
48
48
52
46
66
75
65
60
71
60
65
60
48
56
49
58
56
55
70
49
42
66
53
51
44
21
35
32
40
47
38
57
28
38
38
35
28
20
1
22
55
21
36
29
44
32
36
36
33
46
39
48
44
55
52
59
58
43
37
48
36
32
29
43
40
36
27
25
43
18
40
33
10
19
25
33
26
28
21
8
3
10
35
17
20
30
24
31
22
10
19
27
23
23
25
27
30
20
20
36
13
14
13
14
18
18
27
9
6
-6
3
16
2
8
5
9
23
24
17
1
5
23
23
25
7
19
37
20
24
30
27
23
9
7
18
15
26
17
18
12
23
21
8
10
5
-1
9
10
-17
5
-6
10
15
3
-4
-7
7
4
1
-2
7
5
-1
-14
-1
-9
-15
-1
0
-13
-10
13
6
7
-9
-5
14
3
17
10
-1
17
5
10
-6
-8
3
5
12
0
-9
-3
12
-18
-2
-16
-21
-10
-21
-16
-12
-2
-8
-5
-18
-6
-19
-17
-28
-8
-10
-13
-6
2
-7
-5
0
-7
7
-13
5
-8
10
21
10
7
6
0
-2
-1
7
-1
-3
3
5
2
0
-9
3
-1
1
9
0
9
-4
-10
-10
0
9
-6
-6
-6
13
1
-7
2
4
1
10
13
-4
10
6
18
22
17
-2
-4
-8
11
14
17
21
0
-4
5
4
-4
7
-17
-11
-13
-16
-14
-11
-9
-5
9
5
3
2
7
7
4
13
6
-2
-1
1
8
-6
3
8
2
21
11
11
18
19
27
19
20
27
29
22
8
22
16
4
12
14
11
15
29
39
40
39
30
41
20
33
28
29
33
26
27
20
14
11
24
22
24
11
22
16
22
20
11
16
2
24
26
27
30
23
39
26
34
12
8
29
19
17
15
19
27
14
20
29
3
16
18
14
26
12
8
7
19
13
6
11
25
21
16
43
31
28
32
7
26
18
15
21
4
32
17
35
30
18
19
17
24
28
22
26
21
-2
12
27
25
16
15
30
15
14
8
-4
11
11
16
5
11
10
-9
12
9
8
11
2
10
1
19
28
23
25
17
30
20
17
26
26
18
17
21
10
-3
3
10
14
27
5
10
8
1
12
25
22
1
9
14
7
17
-3
11
15
7
13
-14
10
6
-3
16
-10
-4
-11
-19
3
10
11
1
3
17
8
3
28
21
13
11
18
10
4
21
17
4
0
-1
-1
19
7
13
17
18
5
-3
6
8
9
12
13
1
17
20
12
16
15
25
26
23
26
32
27
35
18
27
42
41
43
48
49
38
51
47
55
58
50
45
25
51
34
40
43
44
59
31
55
50
30
40
39
37
30
42
37
41
53
30
35
41
23
34
37
30
40
37
40
36
43
38
41
43
45
30
46
49
35
39
38
49
29
21
38
24
21
27
-10
36
26
21
31
18
30
19
38
21
19
30
22
24
28
22
32
22
24
35
19
40
35
37
33
32
36
31
20
29
23
28
27
21
46
32
30
55
37
39
43
39
32
34
35
22
33
14
26
34
26
30
31
43
27
39
29
26
25
31
34
36
40
39
29
31
36
32
52
42
47
42
34
13
32
24
22
26
17
23
27
25
27
32
25
29
17
19
17
22
15
23
29
33
38
19
17
24
27
16
15
32
23
9
38
22
19
35
34
26
9
21
26
1
12
19
18
13
21
25
3
-6
12
7
19
11
-5
13
14
9
0
5
13
17
2
15
12
-4
22
28
26
7
7
19
21
14
21
5
1
11
11
3
13
10
-6
10
1
-1
-1
-15
-1
22
21
7
5
-10
1
3
9
5
-2
-2
-9
-1
-10
-2
-6
-12
-18
-22
-9
-2
-10
-9
10
20
5
1
7
15
8
19
0
3
1
-5
13
12
13
1
3
14
4
-5
7
12
22
26
24
18
18
6
2
18
15
21
30
35
23
25
28
16
35
16
25
16
29
38
11
32
24
18
17
23
28
29
24
13
9
20
4
1
1
-7
3
-2
-8
1
-7
-9
0
-8
-4
18
25
3
17
2
22
22
13
18
16
16
27
23
15
20
21
22
23
26
7
31
21
7
5
8
9
4
23
32
31
21
20
9
20
9
-5
11
11
-1
6
10
8
-2
10
8
2
10
9
24
24
28
21
19
12
21
18
13
23
28
18
18
43
29
16
28
26
22
29
23
20
22
23
11
10
19
9
22
26
15
18
33
19
24
23
24
31
25
41
38
35
47
24
16
16
8
32
6
17
35
8
31
26
20
30
28
17
22
16
18
3
16
20
20
36
29
39
25
37
30
34
12
14
29
26
28
25
19
25
16
19
26
19
12
4
23
25
28
26
19
10
16
17
45
34
35
36
18
30
33
34
30
25
33
22
22
30
20
3
2
23
20
16
18
25
27
18
9
19
13
16
22
33
29
25
20
11
26
16
15
9
16
10
10
6
4
18
13
22
24
26
28
28
34
31
18
24
22
23
11
12
18
24
17
10
18
18
35
28
24
15
15
28
16
17
20
25
34
30
33
50
38
34
38
30
28
35
39
34
27
29
30
27
21
33
26
27
44
40
29
8
14
17
27
28
29
22
18
22
21
37
18
22
37
37
30
27
41
35
18
24
31
31
25
38
40
31
36
25
45
46
25
20
27
41
42
25
29
21
18
35
39
21
34
32
25
29
23
32
31
16
13
20
-4
15
19
31
25
16
17
27
18
16
26
21
27
26
21
14
22
19
26
9
21
13
5
14
19
29
16
17
9
29
17
6
12
16
12
0
5
16
13
1
9
13
19
25
30
28
24
27
22
14
24
11
21
26
17
30
30
31
26
20
34
20
8
28
18
34
29
19
20
25
12
18
29
30
42
19
22
27
39
27
10
34
35
39
21
15
12
2
9
12
19
30
28
24
28
39
32
17
2
24
15
17
15
0
9
15
1
-1
4
3
11
2
8
13
-5
-12
0
1
13
13
8
19
15
20
13
15
29
11
19
6
24
27
15
14
17
24
8
19
15
33
4
20
15
3
4
-3
13
5
11
-8
-16
-6
-6
1
7
-9
-26
-5
0
-15
2
5
-12
1
-2
-6
-1
-11
6
14
-5
-13
0
4
-1
-2
-19
-23
-13
-16
-14
4
-17
2
-2
-14
0
-7
2
-3
-2
-7
-6
-8
-27
-3
-10
-12
-11
-20
-9
-24
-18
-11
-17
4
-18
-13
-8
-6
-25
-12
-5
-9
-1
-7
-2
0
-10
-9
-2
2
6
-2
5
5
-9
5
-5
-3
0
-6
-10
2
-2
14
14
12
15
-2
22
17
-2
1
15
11
6
-6
7
15
5
-3
-2
4
-14
-13
8
-15
-20
-6
-7
-19
-9
2
-16
-15
-13
-3
-15
-8
6
1
-1
6
-3
-31
-9
12
-3
7
8
19
16
4
-1
6
3
-1
0
3
6
6
-7
5
9
-1
0
1
2
14
23
15
12
7
14
9
4
-2
21
17
14
13
29
15
15
24
25
18
11
24
13
11
14
-1
-8
-8
-3
4
-1
-9
-12
-32
-3
9
-5
-4
2
-4
-18
-4
-15
-7
-13
0
1
2
6
-14
-2
0
-8
-8
-2
13
19
21
11
13
4
0
15
3
-1
-13
-20
-6
-4
-5
-4
-17
-14
-10
-15
-16
-26
-22
-25
-18
3
-9
-10
-15
-20
-14
-25
-2
-14
-4
5
3
4
4
3
1
-7
-2
-3
-12
-6
-8
-1
-3
14
-3
-15
-12
-6
-7
-23
-30
-27
-15
-4
-30
-33
-19
-15
-27
-30
-31
-19
-7
-39
-15
-28
-15
-19
-24
-21
-39
-30
-26
-23
-27
-26
-17
-13
-26
-16
-18
-25
-20
-19
-10
-18
-19
-18
-27
-21
-6
-7
-17
-13
-6
-26
-12
-19
-23
-27
-33
-37
-45
-22
-28
-29
-33
-52
-45
-19
-30
-15
-10
-19
-17
-17
-22
-32
-26
-21
-17
-20
-27
-18
-20
-16
-28
-14
-21
-36
-22
-15
-31
-23
-25
-39
-32
-50
-34
-32
-19
-33
-26
-25
-18
-26
-20
-12
-37
-20
-25
-19
-17
-24
-30
-39
-36
-33
-32
-35
-21
-32
-26
-20
-36
-24
-32
-29
-29
-38
-26
-11
-16
-17
-21
-31
-16
-27
-28
-12
-23
-23
-28
-34
-39
-26
-26
-40
-24
0
-20
-18
-2
-8
-2
-20
-14
-17
-16
-22
-27
-8
3
-5
-19
-23
-14
-9
-7
-15
-24
-24
-20
-25
-27
-27
-32
-19
-13
-8
-28
-28
-33
-31
-8
-25
-31
-21
-24
-38
-48
-29
-39
-49
-39
-32
-32
-47
-37
-50
-55
-35
-48
-47
-36
-41
-53
-58
-56
-51
-46
-63
-78
-51
-48
-68
-60
-66
-64
-77
-66
-66
-65
-54
-61
-50
-62
-67
-63
-41
-48
-61
-37
-43
-37
-52
-48
-36
-52
-59
-40
-35
-37
-32
-55
-41
-29
-23
-51
-45
-39
-46
-52
-55
-32
-63
-50
-47
-49
-53
-59
-52
-48
-35
-36
-38
-65
-54
-52
-43
-39
-50
-60
-54
-56
-51
-52
-58
-52
-56
-46
-56
-69
-74
-57
-57
-65
-69
-48
-52
-61
-60
-58
-50
-45
-52
-47
-42
-57
-42
-42
-58
-49
-53
-61
-59
-77
-59
-66
-66
-65
-75
-74
-87
-61
-62
-58
-58
-74
-80
-75
-72
-82
-86
-66
-73
-70
-75
-69
-84
-78
-77
-103
-78
-82
-65
-81
-82
-72
-82
-81
-73
-76
-79
-68
-67
-74
-65
-63
-66
-80
-63
-62
-68
-68
-63
-69
-57
-55
-62
-50
-64
-53
-60
-67
-55
-65
-64
-61
-65
-52
-57
-70
-47
-54
-62
-57
-49
-63
-60
-38
-64
-58
-42
-31
-31
-34
-40
-51
-52
-52
-61
-54
-52
-61
-62
-48
-52
-62
-62
-57
-51
-76
-51
-61
-46
-47
-52
-57
-53
-53
-70
-46
-58
-45
-63
-45
-35
-56
-51
-62
-54
-65
-66
-58
-55
-60
-50
-49
-51
-33
-46
-50
-30
-39
-48
-39
-41
-60
-51
-46
-36
-31
-39
-42
-53
-38
-36
-40
-44
-38
-45
-56
-47
-45
-31
-44
-46
-37
-45
-38
-49
-35
-38
-45
-34
-33
-33
-47
-48
-48
-31
-30
-48
-43
-38
-44
-36
-50
-41
-29
-43
-30
-39
-34
-33
-39
-33
-44
-39
-37
-25
-34
-34
-31
-29
-36
-35
-51
-40
-39
-43
-34
-31
-38
-40
-33
-53
-37
-55
-34
-41
-46
-39
-47
-48
-54
-45
-59
-51
-53
-72
-56
-44
-35
-41
-43
-50
-42
-46
-44
-37
-34
-35
-45
-46
-47
-36
-31
-30
-31
-34
-27
-24
-17
-26
-32
-28
-16
-29
-34
3
-34
-14
-21
-16
-15
-30
-36
-29
-20
-27
-28
-40
-49
-43
-34
-36
-44
-50
-35
-48
-40
-33
-42
-41
-48
-43
-49
-43
-59
-45
-42
-46
-48
-46
-43
-57
-50
-44
-52
-60
-46
-53
-55
-53
-65
-57
-68
-56
-61
-44
-56
-63
-68
-64
-59
-65
-53
-47
-50
-46
-46
-46
-29
-27
-22
-21
-23
-22
-8
-17
-30
-29
-28
-39
-18
-21
-21
-16
-25
-22
-33
-20
-18
-7
-3
-24
-16
-30
-20
-19
-16
-14
-15
-16
-14
-16
-21
-8
-21
-26
-27
-21
-25
-10
-23
-11
-8
-17
-19
-24
-8
-10
-20
-23
-13
-14
-17
-10
-29
-21
-25
-34
-34
-40
-33
-41
-42
-34
-29
-34
-21
-39
-22
-20
-30
-27
-29
-33
-14
11
-9
-19
-18
-12
-24
-24
-23
-29
-41
-29
-37
-36
-33
-40
-42
-39
-32
-50
-38
-34
-44
-29
-44
-41
-21
-30
-41
-29
-42
-47
-49
-46
-38
-41
-42
-26
-36
-27
-32
-31
-23
-22
-20
-27
-35
-28
-31
-19
-48
-41
-20
-26
-19
-36
-17
-25
-14
-18
-17
-6
-25
-28
-13
-13
-16
5
-19
-12
9
2
-11
-24
-7
-15
6
-10
-27
-21
-20
-11
-9
-19
-26
-29
-24
-34
-27
-19
-36
-15
-11
-10
-12
-13
-20
-29
-28
-25
-27
-22
-12
-22
-31
-25
-17
-23
-37
-36
-31
-34
-37
-35
-28
-21
-36
-21
-15
-35
-18
-19
-20
-5
-24
-15
-27
-22
-7
-23
-14
-13
-7
-6
-29
2
1
-23
-5
-19
-15
-22
-16
-19
-15
-13
-7
-7
-25
-4
-12
-3
1
-19
-22
-9
-23
-8
-18
-24
-14
-18
-16
-7
5
-1
0
-7
-9
-14
-13
2
-2
6
-10
-4
-8
-9
-16
-23
-12
-17
-20
-30
-17
-30
-33
-24
-32
-24
-6
-19
-18
-27
-33
-26
-20
-22
-15
-17
-27
-28
-37
-20
-24
-29
-30
-16
-24
-9
-17
-6
-7
-21
-8
-19
-14
-8
-8
-2
-8
-4
-4
-27
-21
-19
-22
-13
-10
-25
-8
-14
-10
-21
-7
-2
-13
8
-15
-6
-7
-9
-4
-6
-3
-2
-17
3
5
-9
-14
7
0
-9
-14
-15
8
-11
-9
-7
-18
-38
-21
-38
-22
