14
11
7
-11
15
2
-1
1
-10
-4
-5
-3
-7
-18
-10
-20
-22
-26
-24
-16
-33
-20
-23
-17
-31
-31
-13
-23
-10
-3
-19
-26
-10
-2
-11
0
3
6
-6
-18
-3
0
8
-12
6
-7
-1
1
-19
11
-4
-13
7
-1
-3
-4
-15
-17
-8
-9
-21
-35
-13
2
6
9
-7
4
6
-3
1
11
5
-1
13
4
3
18
11
24
11
0
17
2
-8
-3
-8
5
9
0
-4
10
0
-1
-7
-6
-8
-19
-2
1
-5
-21
-10
9
3
3
-3
7
10
9
18
8
25
27
15
16
15
27
13
25
0
2
31
13
28
27
21
34
24
24
15
25
26
40
35
22
38
31
45
40
45
47
36
41
31
37
35
34
60
54
49
50
37
34
39
21
21
38
56
49
13
25
33
19
18
23
36
38
23
13
32
14
6
10
10
-2
3
21
3
17
20
12
9
-5
19
6
7
-6
-1
9
3
3
1
-4
-7
-14
-9
5
-11
-6
-19
-12
-16
-24
-11
-7
-6
-8
-15
-1
-7
-13
-14
-9
-14
-12
-1
-5
5
-2
5
15
12
11
11
12
6
-6
6
11
13
5
-10
1
9
17
-3
-3
13
6
-1
2
7
18
16
34
23
17
25
10
28
13
15
18
12
5
8
1
14
7
10
17
6
24
21
4
-3
2
-9
-5
-10
3
-5
2
1
1
-7
-2
-7
-14
-15
-12
-5
-15
-8
-19
-14
-8
0
-11
-25
-9
-20
-10
-22
-25
-14
1
-15
-16
-2
-20
-2
-12
-8
-20
-14
1
-12
-9
-4
-4
-5
-8
1
-12
-3
-10
-22
-7
-11
-20
-19
-10
2
-3
13
11
13
25
14
7
6
17
2
9
15
7
16
9
10
8
16
25
22
6
6
-8
-6
11
-6
-6
-11
-1
-4
-11
-7
-7
-8
-23
-6
-5
-8
-4
-15
-5
-9
-27
-16
-10
-19
-10
-14
-19
-12
-3
-1
-1
-1
6
-3
10
-11
-13
-19
-13
-5
-9
-3
-6
-19
-15
-20
-18
-11
-18
-21
-9
-23
-21
-21
-32
-2
-27
0
-5
-11
-7
-16
-18
-10
0
-20
-24
-19
-7
-19
-4
-9
-11
3
-11
-24
-18
4
-3
-10
-12
3
-11
-10
4
-5
-7
-1
-13
-29
-12
-2
-2
-22
-7
-5
-6
9
4
7
6
3
2
3
7
25
9
11
5
9
22
10
13
11
5
4
-7
16
12
6
8
2
8
-17
-5
-12
-13
-1
-23
-21
-7
-9
-9
-8
-13
0
-11
-8
-14
-6
-5
-22
-13
-29
-25
-26
-30
-33
-20
-35
-30
-28
-20
-29
-33
-23
-20
-14
-26
-18
-17
-9
-26
9
-15
-18
-16
-24
-31
-33
-16
-7
-14
-4
-7
-1
-2
-22
-14
-22
2
-22
-19
-24
-15
-20
-12
-14
10
-2
-16
-8
-4
-1
-10
-3
-26
-15
-1
-5
-12
-17
-24
2
-8
-25
-12
-21
-25
-19
-12
-9
-8
-24
-23
-7
-7
-14
-25
-19
1
-10
-22
-14
-12
-13
-20
-18
-15
-17
-3
-4
-16
-15
-21
-10
-24
-17
-25
-27
-20
-17
-11
-31
-16
-13
-13
-26
-22
-23
-29
-26
-23
-14
-17
-32
-31
-22
-16
-17
-21
-12
-24
-6
-4
-16
4
-4
2
-1
-15
-22
-25
-17
-15
-3
-25
-31
-26
-20
-22
-32
-34
-31
-21
-17
-11
-18
-16
-21
-17
-19
-15
-9
-29
-15
-17
-22
-13
-14
7
-10
-21
-20
-12
-16
-24
-19
-13
-9
-15
-13
-18
-6
-22
-9
-8
-17
-8
-7
-18
-30
-25
-30
-15
-27
-37
-32
-35
-24
-22
-11
-21
-20
-33
-38
-35
-28
-33
-21
-22
-46
-29
-51
-44
-14
-27
-44
-38
-21
-33
-32
-25
-31
-24
-22
-24
-32
-21
-30
-23
-21
-18
-15
-18
-39
-40
-14
-15
-25
-26
-31
-29
-34
-23
-35
-37
-26
-34
-28
-23
-39
-37
-25
-39
-16
-29
-21
-25
-25
-35
-26
-24
-24
-24
-44
-34
-38
-36
-36
-33
-25
-18
-49
-50
-35
-38
-37
-32
-41
-34
-38
-42
-41
-43
-51
-52
-38
-44
-44
-30
-42
-52
-41
-36
-43
-47
-44
-48
-51
-40
-41
-48
-58
-50
-57
-60
-67
-61
-50
-68
-64
-72
-57
-74
-74
-75
-64
-64
-70
-56
-60
-50
-63
-51
-55
-57
-47
-55
-59
-60
-40
-47
-57
-32
-47
-40
-32
-36
-40
-36
-38
-47
-35
-33
-40
-41
-39
-27
-28
-54
-32
-36
-42
-40
-38
-37
-22
-23
-7
-23
-23
-18
-31
-26
-28
-33
-36
-21
-36
-45
-27
-40
-22
-43
-32
-26
-37
-37
-58
-55
-49
-35
-33
-49
-39
-33
-33
-21
-38
-28
-19
-22
-28
-22
-28
-33
-33
-18
-25
-30
-12
-29
-24
-23
-29
-26
-29
-35
-33
-34
-30
-12
-19
-24
-23
-29
-26
-24
-24
-25
-30
-28
-18
-29
-25
-24
-23
-24
-23
-18
-13
-1
-14
-1
0
-2
-11
-10
-13
-8
3
-16
-7
-19
-7
-10
-31
-25
-28
-11
-39
-38
-8
-25
-11
-19
-23
-25
-28
-25
-28
-36
-28
-36
-32
-20
-45
-24
-41
-35
-23
-35
-32
-31
-17
-28
-35
-32
-34
-24
-12
-27
-34
-33
-34
-31
-13
-26
-25
-8
-16
-25
-21
-5
-8
-12
-9
-10
-15
-5
-11
-3
-1
-19
-17
-20
-15
-43
-25
-36
-31
-29
-32
-29
-58
-35
-34
-34
-40
-40
-32
-44
-49
-44
-54
-46
-53
-55
-59
-68
-65
-59
-62
-77
-57
-69
-70
-61
-65
-61
-64
-65
-60
-54
-53
-48
-52
-44
-55
-41
-39
-50
-66
-49
-43
-55
-51
-59
-65
-64
-72
-70
-53
-50
-58
-54
-39
-48
-53
-51
-38
-26
-31
-41
-34
-47
-44
-50
-51
-53
-37
-29
-33
-31
-46
-49
-43
-38
-56
-54
-69
-50
-59
-60
-50
-69
-59
-45
-42
-40
-44
-41
-34
-36
-46
-48
-57
-50
-59
-61
-44
-42
-37
-52
-47
-29
-45
-45
-41
-40
-23
-27
-43
-44
-42
-35
-26
-35
-19
-38
-55
-49
-51
-35
-46
-44
-49
-49
-37
-38
-44
-36
-51
-48
-48
-63
-48
-48
-42
-46
-37
-48
-37
-31
-45
-35
-37
-39
-58
-43
-50
-35
-41
-27
-35
-53
-49
-50
-50
-61
-31
-47
-54
-45
-65
-50
-59
-61
-34
-32
-39
-33
-34
-31
-34
-28
-41
-32
-27
-24
-16
-40
-20
-30
-24
-34
-47
-35
-49
-40
-46
-43
-34
-36
-34
-40
-44
-30
-27
-18
-29
-20
-18
-28
-24
-17
-14
-25
-18
-35
-21
-14
-21
-12
-13
-20
-3
-20
-22
-7
-9
-11
-4
11
-7
12
12
-4
14
4
10
3
-3
-8
-8
3
1
7
12
7
0
13
18
17
4
4
14
32
10
12
21
18
19
8
10
-15
-8
-1
-5
4
-4
6
7
-10
10
0
3
7
12
16
14
26
13
24
3
11
16
-6
8
4
1
1
9
13
22
20
17
17
27
25
11
26
4
12
15
33
25
27
33
15
23
30
17
18
15
11
20
16
20
22
27
33
13
14
35
35
40
41
36
31
21
42
32
35
35
18
45
35
21
22
31
25
26
23
17
18
19
16
26
27
28
20
28
38
8
37
16
33
38
15
20
17
31
22
12
28
31
24
40
30
36
24
8
23
25
14
22
30
19
27
30
21
21
19
20
19
20
35
28
24
29
37
24
44
33
40
45
36
47
30
44
41
52
40
45
37
29
34
41
30
25
26
24
21
21
29
30
32
24
35
26
32
40
30
26
33
40
42
61
45
49
55
43
52
43
35
41
37
31
36
35
39
34
29
49
49
43
46
33
25
26
23
28
33
31
30
18
17
41
36
29
36
47
36
33
52
59
54
51
38
38
46
31
44
37
55
42
44
51
35
32
44
53
37
43
38
42
39
42
45
55
63
41
57
48
40
43
37
32
31
30
40
32
47
54
37
47
27
37
35
37
48
30
31
44
44
59
45
33
55
42
47
60
43
48
60
61
49
50
57
54
55
43
49
50
56
50
58
58
57
42
39
45
49
34
18
39
35
29
19
23
22
24
34
26
16
31
39
26
36
34
25
42
26
29
26
44
40
43
41
36
41
35
48
34
59
43
58
64
46
57
48
52
53
50
48
49
61
72
61
57
64
58
59
55
55
50
50
53
53
62
54
59
55
65
66
67
72
65
72
64
82
82
67
78
77
71
67
70
62
77
65
80
72
55
78
51
73
66
70
56
47
57
57
67
61
61
63
67
66
52
70
70
62
56
70
52
55
59
57
68
68
51
48
54
48
51
48
70
56
54
50
47
44
43
34
52
45
51
56
47
51
59
68
62
58
52
72
66
50
54
58
61
75
55
52
48
52
62
57
62
68
51
52
57
58
62
54
49
53
44
42
37
52
63
51
59
56
44
62
70
75
79
58
56
51
64
74
76
65
60
70
43
59
57
56
67
50
55
58
65
62
58
58
58
58
57
49
64
53
53
53
35
47
47
46
51
57
59
48
41
62
59
58
51
54
65
63
62
56
70
80
75
70
53
68
75
64
64
63
67
68
72
71
89
78
67
76
103
101
94
100
90
86
96
91
87
99
92
97
103
77
89
82
63
87
82
94
72
79
80
58
77
94
77
73
84
55
78
74
66
71
58
80
74
85
76
77
76
66
65
66
70
55
65
66
60
68
60
54
60
56
63
60
54
55
53
59
65
61
51
81
64
54
75
72
80
83
82
73
74
63
94
84
72
80
83
89
66
85
74
80
84
88
75
77
74
82
73
79
87
74
82
67
70
66
75
69
80
90
85
90
69
78
74
68
70
87
77
82
100
83
91
84
88
71
74
86
74
73
60
64
64
83
77
78
82
75
81
85
90
77
74
85
93
84
83
85
86
86
88
83
77
82
72
64
72
83
75
73
82
71
88
83
94
68
65
71
81
68
61
83
66
64
61
62
61
72
74
65
74
63
49
68
60
70
68
52
82
67
83
83
81
80
93
96
86
97
95
93
90
99
87
83
89
85
80
88
94
92
104
92
88
94
93
92
103
87
86
87
86
96
93
100
110
103
101
90
94
93
91
91
78
83
97
83
96
92
85
99
96
96
89
97
94
85
88
85
77
77
74
83
76
69
61
73
69
71
69
63
77
79
80
71
57
70
80
72
73
61
83
85
64
69
79
78
76
60
52
70
59
72
77
70
88
86
75
80
81
67
80
66
67
80
89
79
82
82
85
88
71
83
94
92
105
99
85
92
91
95
88
85
76
87
85
81
82
73
76
74
73
79
90
84
81
81
108
101
87
101
98
105
99
107
109
101
97
110
98
102
95
84
93
77
81
85
96
97
96
80
84
99
87
62
76
67
50
60
68
73
57
83
72
56
71
71
60
67
81
75
86
87
92
86
79
88
77
76
70
70
70
74
74
70
62
62
57
74
78
74
77
67
68
65
74
70
73
65
73
80
90
80
69
79
69
73
64
62
68
75
67
56
60
72
74
69
74
77
66
64
69
77
79
59
62
65
62
65
63
73
67
64
59
56
60
69
70
63
58
57
46
55
58
69
62
48
61
62
50
50
46
47
65
41
43
28
39
39
27
33
35
28
24
23
14
12
16
23
17
15
11
15
12
29
16
7
9
12
17
21
21
28
24
26
31
14
11
19
22
33
36
17
28
31
31
37
40
49
22
24
33
23
25
32
44
44
34
35
36
45
40
51
57
41
19
37
46
42
38
46
63
46
43
63
50
59
55
54
54
52
68
61
72
61
69
55
60
68
67
64
56
73
71
56
51
53
45
52
43
46
41
54
55
57
59
56
59
54
43
51
57
46
62
49
45
42
49
46
43
46
38
28
35
42
26
37
39
34
69
52
50
43
49
52
46
49
46
43
38
42
45
39
52
59
59
53
45
42
44
51
58
64
48
45
45
46
46
37
47
36
40
39
35
52
56
40
49
61
51
48
64
67
39
49
49
45
46
40
41
39
35
25
46
40
44
54
40
47
55
46
58
37
40
38
31
41
37
43
35
33
41
27
13
31
18
31
39
19
25
21
36
35
20
35
33
29
32
25
21
32
32
35
33
27
21
16
22
24
23
25
40
35
44
45
44
57
43
41
43
35
30
27
18
18
17
22
23
31
22
20
22
22
19
36
38
21
30
23
18
13
5
22
27
34
30
35
41
36
36
33
32
35
21
19
33
33
29
24
20
24
30
31
38
37
33
32
32
34
26
27
28
38
22
28
30
20
28
20
16
25
19
15
20
2
1
3
7
13
7
7
-13
6
13
27
32
14
9
4
4
3
1
11
13
-4
19
4
22
20
-7
13
8
22
2
8
40
14
7
15
22
12
21
5
27
12
14
21
12
32
21
16
9
27
15
32
6
8
28
26
33
16
28
24
24
27
12
23
23
14
17
4
22
11
21
27
23
8
12
25
6
15
10
-1
13
20
-11
9
19
-4
-1
12
5
10
10
10
10
7
20
4
13
5
-4
3
-7
4
-4
1
-12
3
10
11
20
21
25
-4
10
-5
1
-3
-5
7
-12
-8
-4
1
2
-2
-3
-1
-6
-7
-6
-8
-18
-6
-1
0
11
7
10
11
15
7
7
12
-5
-5
-3
3
-9
-18
-7
4
1
4
12
3
27
36
16
15
12
15
11
14
13
11
5
6
11
9
20
14
10
11
0
-9
2
-9
-7
6
7
12
-2
16
4
-14
-4
11
6
-8
-10
-19
-26
-5
-29
-32
-22
-20
0
-21
-1
-17
-20
-18
-21
-14
-16
-18
-9
-19
-26
-31
-28
-19
-30
-25
-8
-12
-17
-15
-15
-17
-9
-15
-9
-12
-22
-17
-1
-12
-26
-17
-20
3
-8
6
1
-1
-4
-7
-7
-5
19
1
-1
-6
-8
10
7
5
10
-3
6
6
9
5
10
4
0
12
9
9
3
-18
4
-9
-10
14
-1
1
-14
-15
-13
-19
-25
-20
-19
-24
-18
-8
-11
-14
-25
-14
-2
-28
-22
-28
-20
-22
-36
-26
-16
-25
-37
-43
-28
-36
-41
-30
-24
-17
-20
-20
-27
-31
-21
-26
-23
-24
-13
-13
-7
-9
-21
-14
-15
-20
-23
-20
-30
-23
-8
1
4
1
13
-11
-2
1
-23
-9
1
-19
-15
-11
-2
5
0
-1
-11
-16
-10
-25
-35
-40
-29
-19
-14
-9
-30
-12
-16
-25
-24
-16
-10
-9
-7
-18
-38
-27
-33
-23
-26
-15
-26
-21
-28
-41
-29
-55
-36
-38
-42
-43
-45
-46
-50
-43
-40
-25
-28
-40
-32
-51
-40
-44
-49
-49
-46
-43
-48
-49
-41
-37
-39
-44
-51
-51
-55
-58
-58
-44
-48
-46
-41
-57
-47
-51
-51
-47
-60
-64
-64
-57
-61
-57
-65
-62
-53
-40
-44
-45
-38
-43
-38
-23
-26
-41
-34
-16
-32
-33
-25
-37
-21
-25
-17
-22
-29
-26
-17
-6
-17
-22
-22
-19
-24
-35
-38
-43
-26
-31
-22
-24
-30
-26
-34
-39
-42
-29
-23
-26
-27
-25
-20
-22
-22
-28
-35
-33
-46
-40
-51
-57
-54
-52
-50
-56
-58
-60
-58
-61
-66
-54
-64
-61
-70
-58
-58
-75
-64
-64
-56
-62
-64
-64
-49
-59
-60
-57
-64
-35
-38
-37
-46
-74
-54
-56
-58
-45
-49
-53
-58
-51
-48
-56
-61
-71
-46
-69
-73
-59
-58
-61
-54
-53
-56
-48
-46
-54
-48
-50
-41
-36
-56
-33
-40
-42
-47
-47
-24
-38
-35
-34
-41
-35
-26
-55
-39
-30
-45
-32
-32
-34
-23
-28
-34
-25
-19
-27
-32
-35
-32
-29
-30
-32
-27
-31
-32
-46
-39
-25
-51
-37
-41
-57
-44
-46
-47
-43
-52
-49
-51
-55
-63
-61
-56
-59
-57
-53
-52
-55
-51
-58
-65
-55
-71
-58
-53
-49
-42
-47
-45
-44
-48
-40
-46
-50
-40
-52
-51
-66
-46
-46
-45
-51
-40
-44
-57
-42
-39
-43
-40
-43
-36
-34
-28
-26
-19
-24
-20
-20
-37
-18
-31
-12
-34
-26
-18
-21
-29
-30
-26
-26
-9
-27
-16
-26
-24
-15
-25
-30
-25
-21
-25
-22
-17
-22
-20
-25
-33
-19
-11
-19
-14
-25
-27
-34
-39
-27
-35
-43
-45
-33
-32
-65
-50
-34
-34
-36
-33
-40
-40
-44
-33
-32
-45
-29
-46
-25
-37
-34
-11
-22
-11
-27
-23
-17
-21
-22
-37
-21
-12
-33
-24
-24
-31
-33
-16
-21
-29
-23
-20
-29
-26
-28
-43
-35
-27
-39
-35
-32
-32
-13
-25
-16
-23
-22
-12
-20
-13
-31
-16
-13
-16
-12
-21
-26
-40
-28
-28
-30
-34
-36
-24
-19
-29
-18
-41
-49
-42
-46
-36
-36
-39
-41
-25
-36
-48
-36
-39
-30
-36
-31
-27
-37
-37
-41
-44
-55
-49
-45
-47
-52
-34
-46
-35
-42
-45
-53
-45
-40
-38
-51
-53
-35
-56
-52
-49
-38
-41
-42
-59
-48
-47
-33
-33
-43
-44
-58
-39
-68
-62
-60
-63
-49
-56
-59
-62
-59
-63
-67
-72
-69
-79
-66
-58
-65
-56
-46
-44
-40
-40
-44
-43
-38
-39
-49
-57
-60
-53
-49
-45
-33
-42
-46
-49
-54
-33
-42
-52
-34
-44
-53
-55
-45
-49
-57
-40
-48
-42
-54
-53
-39
-54
-48
-38
-25
-41
-42
-37
-47
-50
-39
-47
-51
-58
-45
-48
-36
-34
-49
-32
-50
-42
-27
-28
-48
-52
-52
-65
-66
-55
-54
-46
-72
-63
-48
-45
-46
-55
-39
-45
-43
-57
-35
-40
-53
-47
-34
-42
-33
-30
-32
-21
-27
-31
-22
-29
-24
-14
-40
-35
-33
-46
-36
-40
-34
-33
-33
-16
-24
-31
-13
-25
-28
-14
-28
-19
-19
-16
-18
-24
-36
-21
-18
-27
-11
-20
-18
-16
-27
-25
-17
-15
-25
-16
-14
-15
-13
-20
-6
-13
-22
-19
-3
-37
-31
-24
-55
-35
-35
-25
-20
-24
-25
-29
-27
-16
-40
-43
-43
-44
-38
-21
-12
-13
-26
-26
-23
-7
-8
-3
5
-34
-16
-23
-26
-40
-35
-38
-36
-34
-35
-32
-42
-29
-25
-30
-19
-27
-24
-19
-43
-35
-34
-41
-46
-49
-45
-39
-34
-41
-48
-38
-31
-36
-19
-19
-16
-19
-11
-14
-19
-13
-18
-27
-24
-30
-32
-26
-32
-23
-16
-26
-29
-11
-23
-19
-22
-13
-16
-23
-18
-11
-20
-14
-20
-8
-7
-13
2
8
5
1
-7
-13
-15
-2
0
7
1
4
-2
-8
-10
-28
-29
-28
-36
-31
-18
-32
-8
-18
-25
-18
-18
-6
-14
-13
-20
-35
-31
-27
-25
-15
-29
-21
-17
-41
-24
-25
-36
-38
-25
-12
-18
-20
-18
-22
-23
-12
-17
-25
-25
-25
-48
-28
-15
-30
-21
-35
-27
-18
-33
-26
-28
-34
-26
-32
-21
-32
-35
-38
-39
-40
-26
-37
-43
-33
-42
-34
-37
-32
-49
-50
-41
-22
-36
-43
-35
-41
-38
-29
-32
-39
-24
-34
-25
-34
-37
-37
-55
-51
-53
-43
-46
-62
-47
-46
-60
-42
-53
-51
-55
-47
-25
-28
-29
-36
-18
-16
-26
-29
-32
-35
-36
-32
-33
-38
-30
-27
-39
-46
-29
-33
-31
-36
-50
-42
-44
-40
-43
-38
-39
-49
-33
-55
-48
-31
-27
-20
-21
-2
-13
-20
-22
-21
-24
-33
-24
-28
-32
-27
-38
-31
-32
-42
-33
-26
-30
-10
-2
-3
-1
-18
-19
-12
-13
-10
-21
-16
5
-4
-2
-19
1
11
-5
0
-1
6
-11
-7
-1
-9
-7
9
9
0
9
22
26
20
9
13
-4
-3
-6
-4
-1
-16
-18
-33
-13
-17
-22
-4
-5
3
-11
-20
-1
9
3
0
-5
-11
1
-9
-7
-3
-12
-10
-9
-10
-13
-3
-8
-9
-8
12
-6
-23
-19
-24
-9
-5
-8
7
-4
-3
-1
-8
-2
5
21
14
6
15
10
18
7
17
17
20
36
14
16
9
-4
5
10
5
8
10
-6
10
30
12
27
28
24
16
-2
-10
-12
-18
-32
-37
-22
-24
-13
-7
-2
11
5
22
22
34
35
25
24
2
24
27
27
23
13
16
13
16
10
3
12
-5
-2
0
-6
-3
-8
-10
1
9
-9
-13
1
-3
6
2
16
18
11
11
-5
13
-8
5
18
-9
0
-1
-8
3
-12
0
4
-15
-10
-21
-20
-20
-20
-23
-4
-8
-22
-11
-19
-13
-22
-34
-37
-28
-30
-35
-41
-20
-35
-40
-42
-25
-22
-31
-21
-23
0
-17
3
-1
-20
-5
-10
-16
-17
-26
-37
-10
-17
-13
6
-5
-27
-7
-12
-6
-13
-19
-16
-14
-8
-15
0
-12
-10
-21
-1
-6
-8
-3
-1
5
-8
-18
-26
-28
-43
-34
-34
-22
-12
-24
-21
-27
-18
-26
-19
-11
0
-1
6
26
5
4
11
9
15
7
-2
-5
9
-7
-17
-15
-10
-16
-8
-6
-11
-5
-14
13
-9
-1
-5
-3
4
5
18
21
23
10
19
3
-4
1
-14
-3
-4
-11
-10
-12
-21
-24
-23
-10
-18
-17
-3
-12
-7
5
8
5
-13
-10
8
-3
0
2
-7
-1
-27
4
-18
-2
-5
-31
-27
-9
1
-4
-6
-8
9
-8
5
7
-5
-16
-9
-9
-5
-11
12
8
9
19
-7
-1
3
6
15
13
7
10
3
5
8
20
-4
26
26
16
12
6
5
6
7
2
-11
7
-20
-6
-6
0
18
3
22
4
2
4
0
20
5
5
15
10
19
15
6
1
-3
2
25
14
3
11
6
4
0
-11
-6
-11
1
-13
-4
-10
-1
-9
-9
-7
-2
8
5
10
17
24
32
29
30
34
36
35
21
27
9
4
-1
-7
9
-13
-5
5
-3
-13
-11
-18
0
-13
-5
-3
-11
-3
-5
16
-6
1
16
7
21
7
8
11
4
9
-15
-17
5
18
13
8
-3
4
15
13
20
16
18
13
21
40
14
11
0
4
12
-3
-16
-1
14
9
-9
1
10
31
11
1
-3
-11
-8
-3
13
0
-12
1
-12
1
-1
-12
4
-2
-4
4
-12
-15
-29
7
-13
-30
-16
-14
-13
-33
-12
-29
-24
-27
-20
-25
-2
11
9
4
1
5
14
12
15
12
-9
0
-8
3
-16
3
6
5
23
-1
14
13
23
30
26
2
11
16
10
4
15
28
14
14
0
-2
-2
16
24
12
4
2
16
2
-8
-8
1
7
11
1
4
-7
3
-4
5
-13
-22
-3
-18
-6
-33
-19
-10
-15
3
-14
-8
-19
-8
-14
-1
0
-11
26
-6
5
-17
-18
-26
-12
-10
-23
7
-21
2
-28
-32
-20
-15
-11
-10
-8
0
-4
-33
-19
-13
-5
-3
0
-9
18
-7
-6
29
-36
-15
-15
-10
-3
-13
1
-8
11
-6
-8
-4
-3
-13
10
13
-4
-1
-11
-8
11
5
30
6
-6
18
22
20
-3
12
21
7
2
-21
-8
-2
-5
9
12
4
11
19
18
15
28
30
25
37
2
19
28
20
8
3
1
4
-3
-25
-14
-21
-10
12
15
-2
15
10
11
28
19
16
22
25
7
4
4
-4
-8
4
4
17
14
-10
3
4
10
-6
-12
-3
-9
0
10
5
-10
-11
-9
-23
-20
-11
-6
-17
-11
-17
-17
10
-1
23
27
30
14
12
0
1
17
3
-12
-18
-24
-2
-11
-3
-20
2
-6
-7
-4
-16
10
-21
-6
-11
-8
-21
4
-7
-11
-13
-11
-22
-30
-9
-33
-13
-42
-42
-47
-30
-15
-39
-29
-11
-15
4
18
15
2
0
25
11
11
20
9
11
-5
-17
-22
-54
-46
-49
-40
-59
-37
-17
-21
-18
-24
-5
-5
-23
-22
5
-3
7
-10
-17
6
6
7
20
11
-8
0
-7
-10
6
-5
9
4
2
14
15
30
33
23
-1
19
0
9
-1
-14
2
11
31
10
7
-12
0
10
7
18
17
-8
-11
5
-2
17
20
2
13
15
27
35
53
47
37
44
58
44
32
48
26
11
7
-15
13
4
9
13
-17
16
4
2
10
12
19
28
14
25
31
20
-1
4
12
6
8
30
32
-5
23
23
43
28
11
9
2
10
6
22
22
24
13
25
21
39
26
49
34
41
46
42
63
35
55
47
49
43
52
64
32
33
-16
-10
21
13
21
28
38
24
17
40
28
15
7
18
26
24
21
40
42
26
18
19
37
32
31
22
31
11
10
15
14
31
12
17
17
-10
-6
4
-3
-3
-17
-4
6
10
-9
-20
-21
-30
-20
-11
-1
5
4
-14
-6
12
10
5
13
10
8
19
30
18
20
19
23
26
13
17
9
20
5
-8
-5
-9
-10
-6
-9
-1
5
8
7
19
24
17
25
36
18
12
48
44
42
37
31
45
47
44
48
39
27
21
-5
-2
8
-8
-7
-2
8
2
8
13
25
61
49
44
45
50
47
60
51
31
-18
-26
-22
-22
24
14
21
31
24
6
46
68
90
109
79
102
78
81
55
51
50
47
59
70
73
73
72
40
56
76
45
35
16
-11
12
-5
-8
3
-9
25
33
37
44
49
77
53
55
52
72
76
46
59
36
45
80
65
83
38
64
86
89
88
81
91
83
85
58
47
36
22
20
19
29
21
41
9
23
36
6
12
16
23
28
47
47
56
67
63
66
38
48
75
68
41
40
40
50
76
53
52
53
50
68
76
61
50
39
56
47
37
46
39
35
31
22
15
29
-13
-14
-19
-18
23
31
77
74
77
98
67
71
72
66
80
80
82
69
72
47
25
30
10
18
2
38
15
25
44
33
53
55
71
72
63
82
74
85
77
59
69
81
65
53
52
46
6
-33
-13
-5
19
20
13
49
44
54
46
23
53
45
79
70
59
86
105
110
52
67
79
83
60
56
81
81
92
76
72
88
64
72
59
70
73
78
60
42
28
21
42
71
57
61
64
24
46
44
54
77
75
96
91
86
79
85
90
63
15
5
11
9
17
2
-4
46
30
50
53
39
49
45
78
85
91
78
74
72
30
46
41
41
22
27
22
15
42
39
47
30
35
40
43
68
21
41
46
38
86
109
108
93
84
62
54
57
2
-50
-40
-47
-64
-65
-68
-35
-59
7
51
96
145
160
203
161
164
136
127
79
26
14
-35
-41
-64
-49
-39
-18
3
7
13
14
12
21
2
-6
12
32
42
24
34
75
91
106
154
125
124
95
52
55
19
34
-1
-35
-28
-28
1
31
21
4
-1
6
23
51
66
74
82
41
69
66
69
77
81
59
18
20
8
-21
-31
-7
-11
7
-23
2
-1
0
3
4
18
51
64
48
31
7
10
18
77
81
72
61
41
53
75
55
57
58
40
59
34
28
32
48
63
52
37
24
30
12
25
24
27
47
34
59
49
45
61
49
57
31
57
41
10
23
46
51
57
65
45
40
59
79
75
83
61
39
2
-19
-31
-26
-11
-38
-32
-36
-17
18
-3
9
22
27
29
39
73
87
117
116
95
89
76
85
74
45
54
41
43
35
17
8
-12
24
23
-8
-11
4
28
5
20
41
41
21
5
7
8
8
-11
10
15
24
21
22
28
33
30
47
71
72
74
43
32
23
-9
-6
-3
-10
-15
-20
-8
9
9
31
42
63
47
18
28
26
38
-3
-16
-8
-10
-19
-20
15
20
31
41
39
38
44
51
41
59
70
52
42
40
23
4
0
-5
0
-12
-21
-17
-52
-52
-70
-52
5
21
26
56
64
52
57
33
-1
-4
10
10
-3
16
21
29
34
63
60
78
97
62
38
23
30
10
26
-20
-55
-59
-49
-86
-79
-41
-3
-2
-6
24
6
24
35
30
19
15
24
20
-21
-19
-32
-26
-27
-10
19
13
27
21
51
70
40
56
36
26
22
-23
-37
-34
-34
-51
-35
-15
-18
3
35
40
15
-4
28
26
31
31
17
15
36
27
31
62
53
80
102
121
116
84
91
74
52
23
17
4
-39
-50
-55
-29
-15
-6
20
24
48
67
89
115
126
146
130
124
123
88
85
69
48
56
56
74
88
94
88
60
67
53
46
62
18
22
28
-1
-25
-33
-2
-8
26
19
32
37
38
54
55
35
15
11
0
-2
-35
-39
-62
-58
-36
-58
-28
-20
0
5
0
19
29
23
27
20
-5
-4
-29
-21
-29
-44
-51
-64
-40
-31
-34
-42
-24
-18
-14
-14
3
4
-13
-25
-40
-27
-23
-15
-19
-33
-8
2
3
17
27
60
71
80
90
119
132
131
157
122
119
111
133
121
107
111
105
96
112
142
150
173
188
192
197
229
215
212
214
215
219
212
177
170
174
174
146
132
145
121
112
120
114
112
91
87
112
101
97
96
83
100
91
81
70
38
17
2
-15
-60
-85
-120
-158
-196
-217
-254
-284
-304
-311
-337
-344
-353
-351
-342
-359
-334
-331
-302
-274
-255
-265
-259
-224
-217
-227
-222
-227
-237
-210
-206
-191
-176
-177
-136
-121
-106
-74
-45
5
28
67
91
133
171
182
226
239
262
303
326
373
413
443
481
519
558
577
618
654
686
738
787
853
924
980
1050
1101
1133
1158
1125
1025
888
744
542
330
54
-213
-454
-704
-892
-1072
-1162
-1190
-1191
-1145
-1034
-877
-736
-558
-406
-277
-167
-63
11
66
118
147
179
207
255
293
303
306
318
292
242
151
72
-50
-214
-406
-567
-724
-886
-1029
-1148
-1204
-1243
-1249
-1225
-1149
-1076
-979
-857
-737
-612
-499
-378
-250
-129
-48
10
73
126
155
175
183
187
199
175
170
163
174
182
205
214
251
284
300
355
427
517
577
661
763
865
1004
1127
1249
1409
1523
1621
1689
1716
1693
1579
1384
1131
851
513
118
-284
-650
-1007
-1311
-1551
-1692
-1753
-1731
-1630
-1455
-1227
-965
-707
-452
-208
0
157
271
381
451
487
532
580
627
696
762
809
856
885
863
840
757
603
419
177
-88
-381
-668
-946
-1213
-1426
-1586
-1666
-1706
-1675
-1566
-1433
-1261
-1060
-849
-663
-490
-326
-191
-101
-29
18
69
78
88
90
91
115
103
100
68
31
-35
-101
-172
-232
-300
-366
-397
-446
-437
-392
-325
-233
-115
26
171
340
516
666
816
964
1116
1268
1399
1556
1703
1826
1946
2015
2027
1998
1880
1706
1437
1139
760
298
-142
-592
-1040
-1445
-1749
-1972
-2080
-2109
-2021
-1836
-1571
-1258
-940
-625
-305
-27
224
400
533
658
707
760
816
828
854
883
912
952
981
968
915
821
668
470
202
-99
-446
-810
-1141
-1460
-1714
-1919
-2063
-2097
-2062
-1948
-1765
-1516
-1252
-976
-697
-466
-237
-66
61
149
166
170
144
93
58
17
-18
-41
-48
-56
-62
-94
-117
-181
-249
-316
-429
-504
-560
-624
-637
-594
-522
-391
-223
-20
191
449
702
958
1188
1401
1603
1784
1946
2069
2199
2268
2284
2260
2183
2032
1828
1544
1216
824
352
-113
-593
-1040
-1439
-1798
-2055
-2199
-2239
-2187
-2032
-1789
-1509
-1200
-868
-543
-216
54
271
462
623
733
798
908
952
1009
1079
1083
1110
1111
1067
978
853
684
459
181
-128
-481
-823
-1184
-1513
-1774
-1978
-2108
-2208
-2184
-2104
-1955
-1763
-1506
-1230
-980
-687
-456
-222
-46
98
200
270
329
362
354
326
319
276
223
158
109
11
-103
-208
-338
-422
-532
-605
-666
-701
-691
-659
-554
-413
-230
-29
223
490
747
1024
1275
1519
1758
1985
2175
2355
2476
2541
2548
2498
2380
2159
1886
1502
1087
592
74
-450
-958
-1419
-1822
-2139
-2333
-2410
-2408
-2282
-2080
-1774
-1447
-1128
-777
-427
-132
130
338
516
678
759
851
941
1013
1077
1132
1185
1216
1207
1137
1035
890
668
364
45
-310
-687
-1077
-1465
-1776
-2043
-2232
-2344
-2368
-2312
-2194
-2009
-1774
-1494
-1213
-933
-665
-403
-185
6
163
272
349
403
419
432
435
407
360
307
244
175
84
-24
-139
-283
-406
-524
-646
-722
-759
-772
-716
-627
-473
-280
-42
219
515
823
1119
1433
1706
1989
2261
2461
2621
2704
2731
2665
2482
2250
1902
1494
1032
506
-60
-601
-1100
-1583
-1962
-2253
-2408
-2486
-2468
-2322
-2096
-1814
-1537
-1204
-855
-546
-264
-11
224
406
549
704
880
994
1109
1195
1285
1362
1382
1372
1301
1190
987
718
402
35
-371
-775
-1186
-1560
-1880
-2174
-2372
-2458
-2473
-2385
-2277
-2064
-1812
-1526
-1240
-943
-658
-422
-180
1
164
285
380
436
462
480
501
481
444
409
350
277
183
91
-29
-164
-316
-436
-567
-685
-770
-838
-864
-813
-723
-603
-390
-168
112
422
755
1098
1432
1764
2084
2350
2597
2745
2820
2828
2717
2511
2196
1825
1362
850
287
-290
-832
-1314
-1748
-2108
-2325
-2459
-2509
-2428
-2283
-2043
-1760
-1472
-1146
-826
-533
-243
-13
236
438
596
749
909
1071
1193
1293
1373
1438
1469
1436
1323
1166
914
592
240
-164
-579
-1019
-1410
-1767
-2073
-2290
-2433
-2470
-2427
-2335
-2160
-1931
-1651
-1375
-1106
-820
-558
-320
-119
80
239
359
463
549
600
647
674
661
657
613
529
432
327
191
9
-173
-360
-554
-713
-858
-958
-1018
-1026
-993
-883
-716
-504
-234
38
350
672
1017
1339
1629
1930
2226
2453
2674
2779
2846
2839
2726
2515
2190
1825
1373
812
222
-352
-917
-1421
-1903
-2267
-2508
-2648
-2709
-2630
-2430
-2164
-1878
-1557
-1183
-803
-469
-158
134
405
626
796
961
1145
1293
1396
1468
1532
1552
1505
1403
1261
1054
743
390
-3
-405
-820
-1249
-1636
-1960
-2199
-2368
-2477
-2466
-2366
-2220
-2018
-1761
-1451
-1142
-850
-565
-301
-49
152
329
471
588
672
710
736
736
717
640
545
465
328
183
2
-169
-335
-519
-697
-837
-967
-1055
-1119
-1102
-1030
-911
-756
-548
-273
39
349
668
1022
1382
1716
2002
2320
2563
2751
2882
2948
2960
2850
2610
2284
1919
1483
937
320
-258
-826
-1369
-1885
-2293
-2558
-2737
-2829
-2791
-2614
-2338
-2034
-1729
-1311
-907
-544
-204
111
440
709
870
1065
1258
1407
1507
1570
1622
1660
1606
1486
1359
1154
858
466
77
-328
-757
-1207
-1609
-1935
-2212
-2425
-2538
-2542
-2450
-2296
-2129
-1861
-1574
-1258
-956
-682
-370
-111
98
281
455
606
715
760
799
841
828
781
694
610
496
324
132
-43
-242
-477
-700
-879
-1015
-1152
-1243
-1263
-1214
-1116
-1001
-807
-548
-267
41
357
694
1033
1331
1606
1866
2134
2363
2531
2699
2787
2850
2835
2718
2549
2230
1867
1449
921
364
-239
-819
-1396
-1923
-2365
-2681
-2854
-2966
-2954
-2798
-2515
-2181
-1815
-1416
-958
-533
-150
206
539
832
1034
1215
1389
1527
1605
1625
1668
1641
1546
1377
1186
982
676
314
-77
-461
-840
-1245
-1612
-1915
-2138
-2318
-2429
-2434
-2338
-2206
-2043
-1799
-1498
-1206
-921
-625
-338
-63
157
370
570
741
849
902
937
967
959
866
768
639
484
277
42
-176
-421
-654
-872
-1061
-1206
-1307
-1374
-1350
-1282
-1165
-989
-757
-482
-185
138
411
749
1078
1348
1606
1857
2076
2274
2435
2573
2691
2743
2741
2674
2561
2340
1987
1596
1134
600
4
-630
-1212
-1778
-2288
-2724
-3009
-3155
-3184
-3131
-2937
-2587
-2200
-1752
-1310
-790
-317
84
467
831
1141
1350
1486
1620
1709
1735
1719
1679
1614
1463
1279
1044
803
502
139
-237
-612
-974
-1323
-1687
-1942
-2164
-2314
-2382
-2385
-2294
-2172
-1982
-1756
-1441
-1127
-809
-493
-179
117
386
625
814
978
1080
1112
1106
1051
967
839
645
456
236
-7
-249
-498
-705
-900
-1085
-1237
-1331
-1378
-1361
-1314
-1194
-1034
-825
-555
-273
41
367
708
1024
1337
1630
1871
2075
2262
2397
2520
2611
2655
2672
2603
2491
2339
2096
1774
1368
903
393
-179
-799
-1352
-1881
-2382
-2783
-3083
-3221
-3253
-3178
-2962
-2621
-2182
-1723
-1223
-680
-168
290
684
1046
1341
1544
1685
1751
1817
1810
1747
1650
1524
1375
1152
914
665
375
45
-299
-650
-1005
-1351
-1665
-1928
-2145
-2285
-2382
-2391
-2308
-2186
-1982
-1721
-1398
-1064
-726
-387
-44
278
553
777
946
1090
1138
1161
1121
1007
883
689
503
296
53
-159
-382
-593
-760
-926
-1082
-1180
-1243
-1267
-1240
-1142
-1017
-843
-622
-375
-101
191
494
795
1077
1359
1584
1790
1964
2091
2221
2281
2333
2341
2359
2323
2200
2100
1901
1642
1295
910
468
-44
-577
-1155
-1659
-2135
-2532
-2863
-3058
-3116
-3073
-2894
-2606
-2194
-1744
-1288
-767
-264
175
594
920
1217
1419
1552
1623
1673
1682
1618
1531
1431
1323
1171
1001
773
542
286
-27
-347
-681
-996
-1317
-1605
-1842
-2042
-2188
-2260
-2242
-2145
-1993
-1787
-1509
-1208
-853
-500
-137
152
448
700
874
1025
1092
1123
1086
999
874
728
530
339
133
-77
-254
-460
-654
-791
-907
-1032
-1097
-1113
-1122
-1075
-997
-878
-712
-512
-274
-38
224
510
768
1033
1249
1445
1617
1735
1854
1926
1989
2023
2033
2050
2055
2017
1954
1869
1697
1456
1118
709
301
-223
-760
-1310
-1846
-2282
-2676
-2958
-3095
-3107
-2982
-2748
-2404
-1937
-1427
-946
-439
50
483
835
1089
1319
1500
1570
1579
1587
1562
1547
1471
1373
1288
1176
1009
800
559
316
-9
-386
-747
-1101
-1452
-1777
-2046
-2224
-2308
-2362
-2281
-2099
-1850
-1550
-1230
-857
-473
-146
143
429
653
816
923
984
996
979
918
825
710
605
469
287
115
-54
-251
-441
-610
-776
-922
-1053
-1150
-1207
-1208
-1162
-1085
-953
-749
-513
-262
3
289
539
793
1010
1183
1357
1469
1557
1603
1635
1680
1697
1732
1777
1813
1874
1882
1846
1781
1638
1413
1073
661
230
-280
-837
-1400
-1918
-2324
-2676
-2911
-2997
-2940
-2755
-2495
-2099
-1606
-1105
-640
-169
276
647
930
1162
1343
1488
1551
1576
1601
1629
1627
1568
1512
1426
1283
1106
850
550
202
-234
-674
-1104
-1489
-1828
-2115
-2344
-2463
-2466
-2389
-2171
-1907
-1589
-1259
-897
-513
-161
159
414
629
791
910
949
993
1000
977
923
829
759
658
527
381
209
36
-162
-364
-570
-797
-961
-1130
-1233
-1279
-1270
-1207
-1089
-910
-672
-401
-131
178
463
707
938
1127
1283
1405
1456
1490
1508
1507
1503
1511
1534
1581
1654
1701
1735
1762
1733
1660
1444
1171
812
381
-73
-613
-1161
-1672
-2115
-2479
-2743
-2850
-2807
-2647
-2385
-2010
-1562
-1055
-557
-104
343
710
999
1236
1388
1531
1591
1576
1602
1606
1570
1501
1436
1358
1208
1003
758
458
136
-247
-678
-1086
-1450
-1757
-2011
-2162
-2235
-2194
-2070
-1875
-1579
-1231
-888
-549
-229
83
341
522
662
740
780
786
763
759
740
692
652
630
595
518
410
264
103
-117
-359
-598
-836
-1052
-1262
-1423
-1496
-1485
-1409
-1262
-1046
-757
-448
-132
199
478
716
903
1028
1106
1153
1145
1132
1094
1033
1039
1022
1053
1146
1237
1353
1470
1595
1700
1731
1692
1610
1425
1122
761
326
-101
-572
-1067
-1518
-1887
-2143
-2300
-2348
-2274
-2079
-1836
-1521
-1138
-713
-330
-13
280
550
752
907
1017
1120
1198
1238
1279
1332
1382
1418
1379
1293
1184
1019
771
450
114
-265
-657
-1052
-1362
-1601
-1757
-1870
-1853
-1725
-1561
-1331
-1074
-787
-534
-324
-173
-30
95
156
179
216
259
322
378
443
531
612
664
681
679
630
524
330
106
-134
-387
-623
-840
-1012
-1120
-1166
-1163
-1072
-915
-735
-530
-327
-107
86
208
330
447
528
562
598
634
670
693
712
753
806
861
911
979
1052
1125
1202
1289
1369
1447
1476
1476
1468
1387
1205
958
684
364
-25
-448
-857
-1211
-1521
-1774
-1917
-1942
-1857
-1711
-1511
-1212
-856
-517
-226
54
309
536
680
793
923
1012
1083
1123
1199
1261
1266
1253
1192
1109
954
741
465
168
-154
-513
-848
-1102
-1302
-1466
-1543
-1515
-1424
-1292
-1092
-882
-645
-448
-312
-209
-125
-26
0
15
48
98
154
214
314
430
505
532
546
536
456
295
94
-103
-337
-566
-763
-929
-1024
-1063
-1043
-985
-837
-659
-476
-280
-95
64
174
276
338
384
418
406
396
418
421
443
490
532
598
653
729
799
887
996
1081
1184
1300
1434
1541
1604
1619
1635
1560
1371
1129
835
481
62
-382
-814
-1181
-1495
-1733
-1867
-1888
-1810
-1695
-1484
-1203
-894
-590
-341
-95
143
324
472
608
759
913
1013
1143
1264
1361
1413
1422
1369
1256
1070
790
489
157
-195
-566
-862
-1101
-1262
-1366
-1378
-1283
-1168
-1015
-888
-746
-597
-504
-489
-480
-473
-465
-459
-424
-327
-194
-17
153
348
582
729
811
815
769
629
411
145
-125
-380
-636
-837
-968
-991
-969
-884
-730
-570
-392
-221
-89
32
97
107
104
68
53
59
66
100
158
254
378
488
621
723
817
876
929
1000
1059
1090
1142
1233
1329
1489
1610
1700
1766
1789
1702
1511
1243
894
485
-3
-498
-977
-1397
-1727
-1975
-2109
-2071
-1939
-1763
-1501
-1204
-856
-561
-315
-67
153
328
455
626
802
960
1114
1279
1464
1586
1659
1641
1571
1420
1145
808
428
60
-340
-708
-1010
-1208
-1367
-1439
-1427
-1341
-1213
-1123
-1013
-928
-864
-844
-870
-854
-806
-753
-640
-480
-255
0
259
493
738
891
974
951
848
675
425
161
-135
-391
-587
-738
-800
-781
-703
-601
-485
-375
-275
-201
-189
-187
-204
-240
-277
-273
-237
-168
-72
55
195
336
456
560
629
667
651
626
612
593
584
626
721
843
1013
1208
1436
1641
1818
1937
1954
1911
1764
1518
1158
723
305
-149
-596
-984
-1288
-1492
-1630
-1707
-1687
-1569
-1414
-1270
-1093
-876
-676
-509
-306
-95
146
374
593
863
1119
1341
1483
1593
1656
1599
1466
1269
1003
684
318
-50
-381
-629
-859
-1048
-1140
-1188
-1213
-1220
-1190
-1136
-1100
-1123
-1152
-1134
-1073
-1022
-953
-805
-623
-409
-189
83
357
592
745
840
900
905
823
678
513
343
162
-30
-171
-251
-316
-379
-408
-413
-392
-395
-408
-403
-390
-376
-351
-288
-210
-128
-33
68
147
219
266
257
223
194
124
63
34
4
9
56
170
292
478
650
866
1050
1222
1403
1542
1664
1754
1817
1790
1728
1638
1486
1249
953
624
276
-92
-468
-821
-1122
-1346
-1517
-1636
-1640
-1553
-1451
-1322
-1148
-937
-719
-565
-374
-176
16
192
368
597
810
986
1144
1281
1376
1367
1293
1172
1010
765
446
141
-155
-423
-688
-934
-1060
-1141
-1227
-1263
-1248
-1202
-1176
-1169
-1138
-1061
-977
-903
-781
-607
-391
-181
37
266
509
696
810
906
951
920
819
708
596
457
285
152
59
1
-88
-185
-224
-276
-352
-428
-500
-558
-632
-684
-708
-686
-664
-623
-563
-489
-383
-329
-253
-177
-89
-6
89
184
306
423
549
679
827
971
1093
1214
1305
1387
1476
1529
1595
1663
1703
1745
1725
1656
1579
1393
1103
741
316
-92
-546
-973
-1370
-1677
-1891
-2052
-2092
-2023
-1877
-1702
-1495
-1236
-947
-692
-460
-176
133
403
634
899
1142
1381
1533
1634
1702
1657
1534
1322
1083
807
476
121
-185
-454
-674
-893
-1037
-1115
-1195
-1257
-1277
-1289
-1304
-1316
-1289
-1200
-1057
-905
-732
-465
-161
137
389
652
907
1063
1151
1184
1158
1090
942
747
581
398
171
-42
-230
-390
-551
-715
-846
-919
-1017
-1090
-1119
-1109
-1032
-979
-865
-749
-599
-450
-321
-178
-48
61
125
201
272
330
401
473
566
672
747
825
913
970
1017
1038
1059
1082
1076
1080
1108
1134
1174
1235
1244
1249
1184
1102
982
773
507
169
-169
-519
-831
-1109
-1347
-1460
-1544
-1577
-1498
-1374
-1217
-1042
-849
-651
-424
-205
8
242
475
712
890
1074
1217
1317
1338
1310
1268
1132
974
770
562
354
126
-67
-239
-363
-521
-657
-759
-841
-867
-953
-986
-1000
-988
-944
-878
-748
-602
-467
-318
-176
-21
122
222
284
329
369
371
366
353
335
297
248
204
134
70
-20
-137
-237
-337
-414
-521
-604
-665
-676
-684
-669
-616
-554
-469
-379
-279
-197
-89
13
98
156
225
293
325
379
408
475
510
534
599
609
657
675
725
769
804
880
940
1021
1091
1198
1284
1339
1378
1360
1308
1227
1048
860
585
246
-69
-383
-644
-870
-1071
-1192
-1227
-1236
-1158
-1060
-947
-826
-730
-590
-456
-310
-148
34
223
411
616
837
1047
1195
1299
1359
1354
1321
1213
1046
857
615
387
137
-86
-288
-508
-702
-871
-1045
-1174
-1267
-1343
-1399
-1442
-1424
-1378
-1250
-1090
-936
-749
-530
-309
-101
144
334
498
665
776
870
944
969
951
858
726
601
433
251
40
-175
-378
-554
-702
-805
-879
-930
-941
-926
-864
-797
-731
-617
-519
-410
-270
-138
19
172
333
491
640
803
899
994
1065
1076
1092
1059
1019
978
917
853
793
762
739
717
702
721
735
728
729
706
665
594
523
416
276
145
-34
-182
-313
-419
-489
-564
-589
-612
-585
-539
-477
-427
-391
-323
-233
-128
-18
78
158
268
366
460
537
603
617
610
585
519
448
376
300
207
104
-28
-145
-232
-361
-467
-587
-701
-804
-876
-942
-970
-977
-951
-882
-781
-641
-516
-329
-173
-25
127
250
360
454
486
515
508
479
447
364
274
155
52
-67
-181
-265
-349
-422
-478
-506
-518
-532
-528
-515
-481
-441
-369
-285
-187
-77
59
226
388
543
686
797
887
922
920
890
820
728
603
472
353
239
153
76
51
40
55
109
160
247
373
481
598
716
805
920
937
963
981
904
829
706
559
403
245
55
-112
-277
-451
-582
-720
-818
-904
-979
-1018
-1001
-968
-897
-824
-695
-560
-417
-263
-115
41
172
317
453
579
658
746
791
812
809
734
661
563
452
307
151
10
-144
-277
-408
-517
-622
-720
-789
-855
-886
-881
-852
-829
-771
-673
-563
-423
-312
-180
-50
79
177
251
303
317
310
320
314
299
305
296
307
320
322
334
330
333
332
297
282
249
233
188
137
74
3
-37
-90
-151
-196
-249
-304
-348
-417
-467
-493
-538
-554
-547
-535
-514
-471
-411
-340
-259
-173
-85
-7
72
174
249
326
419
492
564
575
596
582
542
512
459
381
306
237
169
110
57
12
-43
-78
-111
-112
-123
-128
-84
-52
-7
48
127
210
257
306
320
333
342
312
274
217
177
102
47
2
-73
-121
-169
-214
-259
-326
-376
-432
-470
-527
-564
-618
-642
-656
-644
-599
-542
-447
-365
-269
-140
-11
88
174
240
283
327
342
304
286
241
191
159
133
69
16
-40
-92
-139
-199
-257
-296
-316
-330
-314
-276
-195
-124
-34
52
167
251
307
348
381
373
315
269
211
153
90
18
-50
-86
-140
-173
-191
-210
-216
-215
-221
-208
-204
-199
-195
-206
-188
-156
-143
-132
-105
-73
-27
-4
41
84
114
157
186
226
228
255
254
254
255
222
198
187
152
144
137
121
112
83
96
83
72
63
40
27
16
12
-7
-12
-10
-23
-25
-47
-55
-71
-68
-90
-107
-121
-134
-144
-130
-116
-122
-101
-87
-61
-33
-10
-15
4
9
0
-11
-28
-40
-46
-54
-83
-103
-138
-152
-162
-183
-188
-207
-222
-233
-239
-244
-227
-221
-217
-164
-141
-113
-51
34
71
140
186
228
248
250
231
197
154
88
12
-54
-104
-176
-209
-259
-287
-301
-315
-328
-342
-349
-327
-326
-311
-259
-208
-132
-61
20
97
168
234
281
313
350
355
334
322
318
293
274
243
207
187
153
132
104
58
4
-35
-72
-112
-153
-196
-242
-267
-284
-306
-306
-292
-280
-250
-189
-132
-67
16
63
121
151
180
157
155
106
-28
-120
-224
-250
-297
-334
-368
-346
-294
-257
-230
-251
-300
-338
-331
-328
-325
-338
-333
-335
-308
-342
-341
-351
-380
-324
-275
-202
-151
-100
-36
-1
39
74
92
108
101
94
103
86
88
74
59
21
-43
-73
-103
-155
-179
-215
-223
-236
-229
-208
-225
-168
-183
-182
-182
-205
-222
-245
-239
-216
-205
-158
-114
-63
-24
22
85
127
194
227
260
316
379
398
404
387
373
362
315
247
197
175
151
152
126
58
31
-2
-38
-83
-154
-208
-231
-262
-284
-284
-270
-241
-192
-143
-114
-100
-72
-53
-35
-34
-34
-22
-23
-14
-35
-75
-100
-140
-167
-190
-251
-325
-378
-415
-455
-507
-554
-585
-616
-634
-650
-648
-655
-615
-544
-478
-404
-333
-243
-171
-89
-61
-19
33
76
125
172
211
236
284
308
311
242
183
137
82
31
-49
-105
-140
-151
-180
-197
-239
-211
-177
-140
-106
-99
-35
17
85
149
166
213
290
343
384
396
403
445
485
514
508
493
506
486
472
428
372
314
270
242
212
159
138
111
77
46
-30
-125
-217
-296
-333
-363
-401
-386
-382
-404
-399
-416
-430
-445
-480
-484
-464
-413
-350
-306
-276
-248
-216
-197
-167
-172
-156
-182
-185
-197
-219
-193
-231
-263
-279
-284
-297
-333
-385
-441
-509
-551
-582
-601
-588
-593
-568
-563
-556
-518
-451
-383
-322
-244
-144
-48
38
130
182
239
262
293
315
305
296
285
286
262
238
218
147
115
61
2
-70
-123
-136
-119
-113
-99
-52
6
88
139
195
237
284
336
396
431
479
539
587
610
615
609
589
575
533
482
399
318
223
122
11
-134
-244
-346
-451
-533
-633
-682
-704
-721
-694
-664
-624
-586
-512
-465
-410
-337
-269
-192
-128
-73
-8
42
61
77
67
27
-36
-85
-140
-197
-255
-276
-312
-360
-389
-441
-469
-520
-540
-584
-595
-598
-580
-545
-517
-448
-384
-331
-281
-240
-198
-178
-183
-165
-142
-138
-125
-108
-88
-51
-53
-34
4
4
36
46
100
147
171
189
187
215
232
239
231
199
202
222
203
192
172
168
162
122
94
73
35
1
-3
-14
8
29
93
163
234
282
325
400
442
500
517
532
564
566
537
471
393
295
179
75
-37
-113
-224
-323
-379
-426
-467
-542
-595
-623
-646
-645
-633
-624
-589
-548
-517
-486
-444
-418
-362
-298
-251
-191
-144
-99
-72
-72
-83
-115
-142
-174
-210
-250
-276
-304
-336
-356
-376
-360
-346
-329
-295
-256
-213
-169
-171
-156
-134
-117
-94
-90
-69
-67
-33
-19
-17
-24
-42
-49
-53
-55
-57
-51
-42
-22
2
29
38
57
86
125
145
176
199
227
248
261
262
256
254
249
232
203
185
153
141
145
122
102
85
90
91
71
60
74
88
96
115
134
163
196
202
199
223
213
188
182
157
123
76
25
-24
-75
-128
-199
-249
-312
-340
-369
-393
-410
-417
-403
-417
-414
-401
-406
-398
-384
-390
-378
-363
-352
-329
-322
-282
-267
-251
-223
-197
-183
-155
-159
-149
-137
-123
-128
-139
-121
-113
-117
-109
-94
-90
-82
-85
-80
-86
-89
-94
-117
-100
-109
-102
-113
-93
-81
-94
-76
-73
-28
-8
-4
11
12
28
34
25
30
51
77
80
100
118
138
153
165
161
146
128
126
129
117
88
88
73
75
73
57
59
54
52
43
40
34
19
20
30
17
-4
-15
-40
-62
-56
-99
-98
-107
-130
-133
-134
-129
-139
-146
-164
-172
-176
-175
-174
-145
-157
-152
-138
-134
-126
-143
-145
-127
-149
-167
-163
-173
-180
-206
-230
-260
-264
-282
-302
-316
-303
-293
-284
-257
-236
-211
-196
-174
-128
-91
-60
-36
-18
-10
7
11
1
-2
0
-2
-18
-28
-57
-76
-116
-135
-150
-168
-168
-182
-191
-193
-193
-188
-188
-165
-167
-165
-135
-113
-61
-20
10
51
94
110
138
161
180
190
204
200
183
181
159
160
129
102
90
69
67
52
65
50
49
61
42
39
28
25
22
2
-15
-43
-38
-49
-74
-79
-106
-122
-129
-146
-159
-181
-204
-198
-210
-217
-210
-195
-180
-156
-125
-98
-79
-55
-18
0
18
23
50
72
86
65
66
63
24
14
-15
-53
-85
-123
-135
-157
-192
-208
-229
-215
-232
-254
-242
-250
-247
-248
-270
-263
-254
-250
-225
-225
-200
-176
-131
-95
-87
-63
-41
-37
-29
-34
-44
-60
-85
-88
-125
-135
-145
-164
-152
-159
-153
-142
-146
-131
-120
-106
-110
-78
-60
-41
-6
28
34
56
76
99
103
103
123
111
121
111
98
73
54
50
32
14
-10
-20
-11
-23
-49
-66
-77
-102
-112
-133
-145
-155
-181
-155
-159
-139
-139
-145
-131
-114
-118
-111
-113
-78
-61
-43
-13
-4
13
32
47
62
97
90
86
84
85
49
41
11
12
-6
-10
-43
-50
-52
-73
-75
-101
-111
-119
-123
-156
-160
-176
-194
-223
-248
-261
-279
-277
-288
-283
-272
-255
-233
-205
-159
-128
-111
-80
-56
-41
-61
-54
-58
-76
-66
-83
-94
-104
-114
-127
-146
-130
-134
-163
-168
-174
-185
-169
-179
-162
-133
-102
-67
-34
18
46
80
108
151
176
185
188
187
184
160
133
118
89
80
56
22
-1
-25
-38
-78
-95
-112
-135
-128
-142
-149
-129
-131
-73
-60
-29
16
39
51
65
81
78
72
45
50
30
8
0
-1
-21
-41
-40
-70
-71
-81
-90
-92
-113
-112
-121
-113
-115
-114
-84
-74
-36
-43
-33
-16
16
12
-1
11
-1
-18
-41
-63
-97
-125
-154
-203
-245
-274
-291
-307
-319
-318
-292
-263
-257
-218
-190
-144
-103
-85
-56
-28
-8
0
11
16
17
19
17
18
-2
-38
-50
-80
-88
-117
-125
-146
-146
-149
-153
-128
-111
-91
-73
-48
-38
-28
-16
-5
4
4
-11
17
17
15
31
48
49
52
66
69
77
64
77
82
75
65
63
74
81
82
58
56
63
39
47
28
24
-8
-15
-29
-45
-59
-55
-77
-94
-85
-93
-98
-102
-91
-101
-100
-89
-86
-81
-55
-42
-31
-17
2
38
58
70
58
59
72
52
47
20
-10
-51
-86
-116
-151
-202
-224
-247
-277
-298
-303
-293
-288
-269
-253
-209
-176
-138
-77
-20
9
50
79
110
138
165
167
162
164
146
117
102
101
74
24
-13
-37
-90
-109
-140
-162
-184
-206
-201
-218
-219
-216
-204
-173
-158
-130
-106
-90
-37
-4
23
90
135
164
211
255
294
306
316
316
304
310
270
238
196
148
108
41
10
-30
-60
-92
-122
-148
-152
-162
-174
-178
-184
-164
-150
-121
-94
-54
-39
-15
16
35
84
85
104
127
127
132
116
131
137
137
129
102
87
54
30
15
-34
-68
-101
-129
-168
-196
-207
-228
-222
-247
-235
-219
-209
-178
-153
-123
-92
-58
-48
4
49
70
90
103
128
156
163
179
168
165
155
145
111
81
66
20
8
-46
-74
-92
-118
-134
-155
-154
-163
-160
-161
-155
-143
-130
-110
-100
-78
-51
-18
-5
8
41
58
78
127
155
179
200
213
216
220
231
224
202
179
163
140
110
73
34
6
-19
-55
-79
-114
-141
-164
-144
-160
-167
-167
-151
-146
-131
-86
-77
-42
-22
6
33
46
63
70
74
99
67
63
46
51
41
27
26
-12
1
-26
-53
-54
-75
-90
-104
-126
-126
-113
-118
-120
-93
-77
-53
-25
-1
5
21
46
49
72
85
97
112
117
107
104
114
108
111
91
78
54
33
31
5
-8
-29
-35
-31
-45
-46
-37
-48
-49
-23
-7
-9
9
25
31
46
59
63
68
65
76
82
78
87
96
79
79
62
71
69
42
46
54
51
43
31
32
44
26
30
30
44
34
39
60
71
69
82
99
71
73
68
56
50
31
22
-16
-9
-18
-39
-60
-54
-64
-62
-75
-66
-71
-70
-68
-67
-54
-48
-32
-26
0
10
34
53
67
82
100
140
138
129
131
117
113
94
85
87
67
54
38
17
15
5
-9
-20
-20
-22
-31
-18
2
11
4
40
49
48
68
67
78
102
120
140
151
164
183
204
205
233
216
218
211
179
162
135
114
85
63
27
6
-16
-55
-54
-79
-86
-90
-124
-137
-134
-127
-138
-120
-119
-118
-109
-69
-54
-44
-12
25
32
62
101
118
130
130
163
155
167
157
170
170
147
127
101
74
26
-6
-55
-89
-126
-158
-181
-205
-213
-213
-201
-195
-157
-133
-118
-76
-35
-3
14
61
101
128
144
182
209
213
237
243
233
235
227
195
167
154
133
84
45
10
-18
-37
-62
-92
-89
-100
-115
-130
-115
-108
-96
-70
-43
-15
1
21
48
95
122
145
178
198
227
240
245
255
263
250
243
199
178
144
127
93
36
1
-29
-41
-61
-70
-77
-112
-123
-122
-127
-121
-132
-127
-144
-134
-120
-103
-83
-78
-45
-38
-8
31
46
77
74
82
103
115
122
121
127
124
125
124
134
127
117
114
99
66
35
21
-14
-49
-77
-99
-97
-103
-93
-96
-81
-57
-57
-34
-21
-2
7
14
31
46
51
81
102
115
142
152
157
148
156
138
133
126
89
73
52
23
6
-14
-40
-51
-59
-74
-72
-68
-65
-75
-81
-73
-66
-62
-67
-56
-22
3
17
54
64
75
103
108
126
114
114
105
102
105
88
71
80
69
65
55
61
46
33
63
43
45
42
45
26
32
23
29
37
-3
0
-23
-14
-6
-38
-41
-49
-59
-52
-56
-62
-72
-82
-74
-80
-70
-60
-41
-36
-6
28
44
79
106
128
142
158
153
145
154
140
133
118
81
71
39
-1
-10
-33
-65
-49
-71
-84
-99
-125
-112
-117
-114
-116
-88
-81
-51
-37
-1
18
49
61
82
120
102
133
122
120
111
115
99
101
82
70
59
39
24
8
-21
-41
-61
-99
-123
-109
-106
-120
-128
-140
-140
-118
-106
-104
-83
-63
-42
-29
0
5
24
46
49
62
76
97
98
93
100
95
96
97
89
91
85
66
70
62
49
35
29
20
11
-1
-27
-38
-57
-73
-95
-102
-100
-104
-110
-110
-76
-81
-45
-20
7
32
61
66
95
150
160
162
175
199
197
221
215
211
219
225
196
165
155
141
111
64
47
9
-21
-55
-66
-90
-102
-131
-119
-108
-110
-95
-73
-53
-24
-2
17
38
77
105
115
131
134
147
149
139
128
138
112
118
111
92
71
36
26
-17
-22
-63
-63
-68
-105
-101
-97
-86
-80
-68
-45
-23
-2
18
52
76
108
126
140
153
179
202
199
204
217
206
204
187
182
156
149
145
115
102
71
52
31
28
11
-10
-7
-15
-23
-34
-28
-42
-39
-36
-43
-40
-25
-15
-2
27
45
55
60
84
77
81
109
100
111
111
104
105
115
112
118
115
129
130
132
133
107
99
84
75
59
56
39
24
26
29
15
32
18
13
18
4
25
13
27
45
58
65
63
67
70
85
81
105
102
103
116
121
118
103
114
101
94
86
67
63
58
35
39
33
1
2
14
5
3
20
26
42
45
51
66
76
106
103
112
133
146
170
184
187
188
192
191
208
214
189
176
162
150
119
95
77
46
29
12
29
13
-8
-9
-14
-6
-11
-3
21
24
47
47
44
84
78
76
82
68
76
82
79
77
65
63
46
37
40
41
26
22
8
8
21
20
12
24
21
7
13
14
20
18
19
16
31
39
38
47
45
51
45
41
40
26
32
36
27
47
56
51
61
54
81
106
94
91
103
108
104
114
114
98
90
96
123
117
122
105
107
112
91
95
72
73
59
49
35
26
31
42
40
63
64
73
82
105
130
120
125
118
115
127
144
118
130
111
94
90
69
34
18
21
-5
-14
-28
-30
-28
-24
-6
3
-13
3
5
19
35
27
43
59
58
61
62
72
83
72
89
105
107
96
85
91
70
71
54
31
19
-4
-13
-12
-18
-6
11
7
29
36
40
50
56
54
67
89
63
66
71
61
86
48
41
53
50
54
50
56
49
60
53
79
88
81
78
84
80
85
91
76
98
86
104
106
126
131
115
113
111
106
101
93
69
64
35
19
13
18
-3
11
22
19
26
31
45
40
45
59
80
93
96
94
112
109
123
104
102
104
97
89
70
59
32
22
21
3
-21
-15
-26
-29
-20
-25
-7
-1
1
2
12
17
9
33
39
56
82
76
89
78
88
74
60
63
51
36
22
18
11
9
-14
-15
-18
-6
0
-1
19
33
35
44
44
53
55
63
69
64
71
62
61
80
99
94
71
68
71
51
48
29
36
24
14
34
9
5
18
21
38
42
33
48
73
80
63
67
87
79
82
87
76
66
72
61
47
58
44
29
15
24
19
10
15
10
20
10
22
23
18
39
47
61
71
74
76
90
78
94
99
89
85
71
81
53
45
39
13
11
4
6
1
-3
-3
-6
-10
-6
-15
-7
0
5
5
11
43
39
49
76
75
83
92
84
74
61
60
58
41
36
33
25
34
30
25
17
17
28
37
41
41
44
53
57
49
64
81
77
89
83
78
82
95
96
72
81
68
57
35
23
-5
-2
-6
-19
-25
-39
-39
-31
-13
-26
0
5
17
15
36
50
53
72
71
78
85
84
68
62
59
37
35
16
-11
-16
-11
-9
-24
-29
-30
-40
-31
-28
-9
-6
4
11
-2
7
16
14
29
36
36
44
40
47
48
57
35
45
48
45
44
32
24
31
6
1
18
15
11
11
14
11
18
31
41
51
58
56
71
63
66
55
66
68
65
70
50
59
58
58
57
63
48
41
41
31
36
37
37
15
10
11
19
32
23
29
40
21
18
13
-3
-15
-33
-48
-52
-58
-58
-73
-79
-73
-53
-47
-46
-55
-32
-24
-24
3
-2
17
27
36
30
33
40
63
61
84
81
76
69
51
77
31
33
9
-25
-19
-44
-47
-65
-68
-74
-88
-67
-77
-67
-63
-81
-66
-50
-42
-20
-12
-15
-4
-6
-1
14
37
16
12
17
16
14
27
26
14
11
-3
-7
-3
11
-2
-8
-25
-11
-13
-12
-7
-12
-5
-22
-7
0
18
8
21
16
39
39
36
61
48
58
46
49
31
30
46
35
16
12
2
-3
0
-18
-2
-23
-10
-6
-8
-7
-9
-20
-29
-20
-38
-27
-39
-51
-49
-47
-40
-46
-33
-32
-23
-20
-13
-9
-15
2
3
24
24
13
20
1
26
36
38
27
29
51
43
40
33
37
25
29
23
16
20
35
25
16
17
8
18
14
14
10
13
-16
-9
-20
-31
-15
-29
-24
-17
-27
-36
-13
-14
-21
-13
-14
-13
-11
-4
10
28
17
16
17
15
21
16
19
19
31
17
1
-4
-10
-3
-8
11
-8
-39
-31
-41
-38
-23
-38
-43
-46
-49
-42
-27
-32
-36
-10
-17
-17
-23
-26
-33
-29
-32
-35
-28
-45
-43
-34
-23
-15
-26
-24
-35
-24
-31
-26
-25
-40
-35
-34
-48
-53
-40
-51
-45
-65
-41
-40
-55
-55
-62
-54
-37
-32
-26
-20
-13
-8
-9
-7
12
25
31
45
52
58
70
64
53
58
51
36
38
16
-7
-12
-18
-35
-36
-61
-73
-71
-91
-98
-108
-101
-103
-89
-101
-77
-80
-89
-75
-59
-67
-80
-68
-51
-32
-27
-19
-30
-14
-19
-30
-24
-16
-37
-53
-64
-66
-66
-85
-83
-96
-95
-97
-109
-108
-95
-105
-95
-76
-79
-58
-52
-62
-61
-42
-24
-22
1
9
5
12
16
11
11
12
9
13
1
-11
-19
-36
-35
-20
-40
-36
-45
-44
-44
-58
-63
-54
-35
-28
-17
-8
-14
-18
-13
-22
-12
-23
-18
-17
-8
-13
-6
-7
-5
-4
7
11
-4
11
12
-6
6
17
11
11
-8
-2
-3
-6
-7
-6
-12
-10
-20
-22
-26
-13
-19
-24
-19
-44
-37
-34
-49
-35
-31
-24
-28
-31
-7
-25
-33
-25
-26
-30
-31
-21
-17
-31
-46
-24
-26
-45
-50
-41
-53
-61
-54
-57
-61
-69
-54
-30
-34
-21
-19
-3
-17
-7
5
10
5
8
27
35
31
21
32
34
20
28
22
22
18
4
0
-15
-21
-31
-29
-44
-60
-37
-30
-32
-23
-30
-26
-10
-4
14
22
30
25
27
47
32
50
45
56
60
48
52
42
43
28
9
9
-9
-7
-14
-35
-43
-39
-28
-38
-36
-27
-38
-21
-16
-19
4
9
22
9
12
35
21
14
24
36
6
8
1
7
-4
-9
-3
-22
-17
-24
-22
-21
-33
-41
-12
-15
-14
-22
-28
-24
-26
-23
-9
-8
-7
10
1
18
0
5
13
16
11
8
22
33
39
36
45
33
41
51
40
44
61
56
59
51
58
60
62
65
65
74
68
61
48
43
36
38
36
3
11
-2
-2
-13
-29
-32
-36
-38
-38
-34
-24
-17
-11
1
1
0
5
13
7
16
21
14
-4
0
6
-20
-7
1
-12
-6
-25
-12
-8
-8
10
-12
9
6
2
10
18
16
24
18
5
6
1
-4
6
1
2
1
-16
-10
-22
-21
-12
-24
-28
-10
1
0
7
16
26
24
22
37
38
44
56
67
44
48
50
40
53
42
38
28
15
21
0
-9
4
-6
7
2
-11
3
3
5
-3
11
7
-7
24
15
3
28
33
48
48
43
58
48
47
54
47
54
61
47
40
48
33
-4
-9
-38
-53
-64
-56
-61
-73
-80
-92
-87
-75
-72
-54
-48
-45
-27
-13
-14
-11
3
4
15
30
31
38
43
37
31
46
58
33
45
46
30
15
1
7
-3
-11
-20
-33
-38
-39
-56
-58
-59
-64
-67
-58
-50
-44
-28
-21
-24
-5
2
12
-1
29
48
46
51
67
75
83
81
72
69
58
64
44
41
36
27
26
11
3
-12
-16
-21
-22
-26
-28
-13
-30
-32
-19
-23
-31
-25
-9
-16
-22
-20
-1
1
-3
2
7
2
19
21
24
36
25
27
14
6
10
-5
10
17
-5
-24
-37
-35
-48
-68
-76
-80
-76
-89
-87
-93
-84
-85
-78
-58
-57
-59
-50
-44
-34
-13
-22
-14
9
19
29
35
36
43
43
45
61
66
61
54
34
31
14
-1
3
-10
-31
-48
-45
-50
-62
-59
-51
-55
-69
-59
-53
-56
-51
-49
-37
-38
-12
-13
-10
2
5
40
28
32
33
34
46
33
28
28
9
1
-6
6
14
2
-2
-17
-2
-23
-25
-21
-37
-25
-43
-36
-35
-37
-46
-51
-37
-57
-46
-49
-50
-60
-66
-35
-51
-39
-42
-43
-40
-43
-41
-28
-31
-33
-27
-12
-15
-15
-20
-27
-30
-22
-32
-23
-25
-50
-51
-58
-42
-39
-41
-42
-40
-36
-32
-34
-42
-35
-45
-30
-16
-26
-19
-5
1
31
29
38
40
56
61
57
56
36
48
44
47
36
35
25
5
16
-8
0
-1
-26
-31
-46
-41
-45
-55
-54
-56
-53
-39
-52
-54
-35
-23
-23
0
10
12
39
19
20
42
51
45
28
59
48
44
44
35
38
36
37
11
24
23
19
-6
-9
-4
-13
-8
-2
-7
-16
-20
-12
2
9
-3
6
16
16
24
22
12
16
35
20
3
3
19
20
28
32
15
2
27
18
37
26
20
24
11
3
3
-5
-22
-15
-24
-45
-27
-19
-24
-14
-19
-14
-15
-11
-19
-8
-3
11
25
14
18
27
33
34
40
49
45
52
42
43
47
32
38
17
18
21
7
1
-4
-1
-22
-36
-23
-29
-37
-41
-38
-47
-35
-32
-38
-39
-36
-29
-14
-12
-4
8
7
14
9
25
26
30
24
27
31
29
23
11
1
-3
-3
-13
-19
-34
-30
-39
-36
-27
-24
-31
-28
-26
-29
-19
-27
-19
-5
-1
-16
-11
-11
-24
-14
-18
-6
-15
-13
-8
-14
-21
-10
-9
-14
-9
-12
2
-19
-7
-15
-14
6
-1
6
0
7
6
8
19
25
15
19
21
12
7
0
-9
-10
-3
-13
-2
4
-7
7
-3
15
22
13
19
13
26
37
27
24
28
24
26
24
27
28
17
14
11
15
4
12
2
-11
-12
-31
-13
-24
-24
-2
-26
-23
-4
-9
3
-14
-15
1
3
-4
4
6
3
18
19
20
11
14
23
19
34
20
15
1
4
12
25
25
25
28
29
34
34
26
23
35
37
37
10
33
16
0
10
-18
-29
-10
-19
-30
-29
-25
-12
-18
-18
-18
-21
-8
-12
13
13
11
24
9
19
35
32
17
34
34
29
33
27
29
14
25
27
13
2
0
6
4
2
-10
-5
-8
-17
-5
6
19
13
5
14
7
20
43
37
38
57
67
53
42
42
42
38
33
28
17
17
6
1
-4
-11
-12
-15
-18
-24
-17
-35
-38
-23
-23
-23
-33
-19
-7
-26
-15
4
9
-4
14
12
3
16
15
20
11
29
43
32
26
36
27
40
27
5
12
18
1
0
13
3
6
4
5
-19
-3
-21
-34
-9
-15
3
-13
-15
-4
-9
9
8
12
19
17
18
27
21
12
-1
-1
0
-1
-5
8
1
-2
-2
-13
-21
-21
-6
-18
-10
-30
-25
-33
-35
-26
-26
-31
-48
-19
-7
-13
3
4
14
15
8
20
10
23
23
25
47
32
33
41
21
30
22
15
18
12
9
15
0
-6
-23
-33
-32
-48
-39
-36
-21
-49
-54
-33
-55
-30
-41
-32
-21
-22
-10
-10
-9
-18
-13
-25
0
7
-6
-12
-10
-15
-1
-4
-7
0
-7
-5
-5
-2
-10
3
0
0
-14
0
-22
-16
-14
-16
-2
-21
-8
-31
-11
-5
-28
-10
-14
-19
-19
-12
-16
-18
-19
-10
-10
-5
-5
-12
0
-14
-16
-4
-14
-17
-10
-16
-12
-13
-10
-10
-15
-39
-30
-17
-22
-28
-29
-30
-30
-18
-30
-30
-20
-33
-34
-26
-20
-16
-2
-4
9
14
7
17
20
18
21
20
23
18
13
29
17
13
14
19
22
1
-6
-5
-9
-14
-13
-6
-6
-13
-24
-20
-16
-37
-17
-17
-13
-16
-7
20
7
28
30
30
50
47
61
60
47
59
63
67
55
55
54
43
46
40
30
25
41
36
26
40
20
14
22
9
5
20
11
10
6
8
8
6
20
30
25
43
46
31
50
41
35
35
46
40
43
58
43
44
41
49
35
47
42
40
45
30
30
28
31
34
14
14
16
6
17
29
36
36
46
44
38
43
50
51
61
74
65
71
77
67
74
68
82
83
53
56
49
41
47
56
46
42
37
24
25
22
39
50
33
38
38
46
37
26
50
46
47
52
65
58
46
59
68
67
61
54
55
58
66
69
53
60
60
72
62
52
58
57
60
64
53
35
31
26
24
20
10
17
22
12
13
12
22
20
13
17
22
34
25
36
26
28
22
28
45
38
47
47
49
57
54
47
59
59
46
41
44
53
55
47
48
49
36
32
35
48
27
26
38
33
37
28
33
32
20
23
35
33
26
23
39
35
37
34
40
50
36
46
36
32
51
32
62
52
41
62
47
43
43
37
37
43
30
39
28
39
15
16
35
21
33
21
18
22
36
31
29
30
40
35
29
24
22
38
36
40
32
40
36
41
60
52
62
72
48
49
62
55
49
43
42
34
35
23
24
14
8
14
-11
-11
-11
-27
-13
-12
-11
7
1
9
24
8
16
42
42
57
60
62
67
70
54
52
68
63
63
56
49
56
47
46
51
45
35
17
19
5
25
10
20
22
17
21
14
20
18
38
23
23
23
25
44
45
35
33
58
50
48
58
59
75
52
54
52
50
35
42
36
32
24
21
23
15
14
8
12
9
4
4
3
2
12
14
11
23
24
35
42
37
30
48
44
42
40
38
49
50
59
65
42
64
66
40
49
62
43
46
43
26
37
19
25
42
31
32
27
26
18
24
24
6
26
30
35
43
37
55
67
72
65
60
67
70
82
86
87
83
76
89
78
87
79
65
67
61
61
39
55
44
32
44
48
16
12
23
22
19
22
21
31
33
18
30
26
44
45
48
52
47
50
49
52
50
46
46
47
45
47
48
40
42
17
28
28
26
31
32
31
33
30
35
26
13
33
25
24
5
12
30
26
36
21
24
28
9
33
25
30
38
30
22
29
22
16
26
21
25
16
19
24
43
37
33
41
44
40
37
32
32
18
18
35
14
14
14
10
12
2
10
13
25
14
16
22
21
26
27
27
36
33
21
37
40
54
60
66
70
61
49
40
52
49
47
37
25
34
33
29
28
21
22
30
16
17
13
29
12
14
6
-3
4
2
16
17
