36
18
18
18
26
37
40
38
42
31
32
28
14
21
33
26
15
26
13
23
37
38
33
21
29
24
44
37
40
47
20
35
29
33
54
45
52
46
47
45
33
51
45
57
60
37
30
44
40
27
24
45
54
30
39
40
32
33
20
36
44
36
36
31
33
21
35
37
34
29
31
18
14
29
25
32
28
31
25
39
38
28
39
6
23
31
20
35
31
16
23
17
24
15
14
21
23
37
18
18
26
28
30
41
31
33
36
26
48
40
32
51
34
31
42
42
39
44
51
51
55
53
26
30
54
43
44
50
45
42
34
45
49
36
39
51
34
22
27
25
38
33
29
42
31
40
36
40
32
39
47
31
44
31
36
35
31
42
53
26
30
31
27
16
25
29
12
37
34
18
42
22
16
41
13
24
31
33
45
41
27
42
37
37
17
24
32
22
28
33
30
31
32
23
29
23
18
15
42
40
38
41
38
45
49
50
33
30
32
28
28
31
24
34
47
18
28
24
35
40
25
29
28
40
19
32
36
37
50
21
31
46
36
32
53
42
44
34
39
33
45
32
38
47
41
53
37
29
43
51
30
43
41
38
42
27
38
36
33
23
22
28
34
26
28
19
23
18
14
36
36
23
22
29
17
26
27
17
20
17
6
15
23
19
16
16
40
29
31
29
24
34
13
9
24
18
25
24
34
19
22
22
17
21
26
23
40
47
42
47
49
52
37
50
32
28
42
47
48
51
44
38
32
36
39
43
36
41
42
56
70
62
55
51
60
65
53
68
43
54
45
39
55
38
35
26
44
41
44
39
51
49
45
59
38
54
59
50
45
66
58
64
50
44
49
42
39
32
36
25
28
32
16
31
34
32
35
34
41
34
30
41
30
30
28
37
37
30
26
23
22
21
27
40
20
10
16
13
20
15
18
14
20
29
29
23
27
27
24
25
14
29
24
22
32
21
37
27
31
16
13
27
26
33
24
41
45
49
41
17
28
28
46
21
29
45
32
22
29
28
30
19
17
36
17
29
22
29
35
26
20
21
25
41
32
14
24
24
15
17
16
0
11
8
24
27
25
15
4
21
16
15
6
15
11
16
7
13
22
23
25
26
23
21
19
13
35
14
26
22
29
37
1
24
25
16
7
4
14
11
10
19
13
20
13
9
17
14
7
8
36
20
17
34
17
14
16
35
32
33
30
15
19
11
20
31
12
14
20
29
34
41
7
22
14
9
22
17
16
16
20
14
37
30
15
17
12
21
28
17
24
14
22
17
28
27
14
20
13
17
19
29
12
12
16
3
11
10
22
29
26
30
27
26
28
33
7
5
16
8
9
9
-10
1
0
8
9
1
9
6
23
27
12
4
33
13
7
11
12
19
-1
11
3
3
14
23
13
9
27
34
20
-8
6
19
3
5
2
-1
2
2
-13
-16
-10
-18
-30
-10
-11
-17
-5
-14
-8
-8
-12
-17
2
7
9
1
-4
3
-6
7
-12
-20
-5
-8
-8
-27
-12
-4
-7
-7
-4
6
3
-14
-5
-8
7
5
-1
3
14
14
3
12
4
8
0
-1
1
-3
-10
-1
-9
-13
1
-1
-8
-4
-5
-11
-15
-24
-8
5
-11
-2
-8
-5
-1
-10
-19
-14
-13
-19
-12
-14
-14
-4
-11
1
-15
-31
-2
-20
-13
-23
-28
-23
-36
-31
-34
-36
-25
-41
-13
-4
-20
-10
5
-2
-24
-17
-20
-3
5
6
-17
-7
-11
-10
4
-10
-11
-21
-10
-16
-25
-13
-20
-19
-26
-24
-23
-36
-18
-32
-32
-25
-29
-27
-28
-28
-33
-32
-43
-50
-46
-36
-39
-41
-49
-47
-40
-57
-58
-46
-44
-46
-42
-41
-36
-42
-36
-37
-44
-41
-48
-53
-36
-29
-32
-29
-30
-43
-27
-32
-26
-41
-45
-34
-42
-40
-43
-43
-33
-34
-45
-37
-37
-33
-44
-29
-30
-30
-18
-26
-21
-27
-24
-26
-30
-28
-30
-23
-30
-28
-30
-17
-14
-26
-20
-17
-17
-23
-35
-30
-30
-29
-26
-26
-26
-43
-56
-37
-33
-44
-24
-29
-34
-32
-23
-6
-18
-20
-22
-16
-19
-33
-15
-24
-20
-23
-19
-20
-19
-5
-25
-30
-19
-41
-36
-23
-16
-27
-30
-37
-38
-36
-51
-40
-34
-23
-34
-28
-32
-16
-15
-28
-21
-29
-18
-30
-17
-26
-37
-10
-19
-34
-27
-21
-24
-20
-25
-28
-42
-37
-32
-31
-41
-36
-32
-23
-24
-26
-24
-30
-23
-38
-35
-21
-17
-19
-26
-28
-28
-21
-29
-14
-26
-34
-25
-21
-30
-39
-36
-30
-27
-35
-44
-45
-27
-38
-38
-31
-44
-42
-32
-46
-49
-48
-45
-58
-46
-58
-57
-56
-57
-52
-62
-57
-58
-63
-59
-38
-49
-47
-40
-52
-53
-50
-41
-49
-40
-61
-64
-54
-55
-39
-53
-31
-42
-47
-53
-44
-45
-59
-41
-62
-51
-58
-54
-55
-66
-67
-67
-76
-67
-49
-61
-63
-52
-60
-54
-43
-56
-44
-38
-46
-53
-58
-43
-48
-45
-53
-44
-44
-49
-43
-52
-50
-54
-50
-60
-55
-49
-52
-42
-49
-57
-53
-44
-54
-50
-65
-58
-53
-56
-66
-49
-66
-60
-49
-58
-51
-70
-62
-56
-61
-56
-53
-50
-44
-55
-65
-49
-52
-46
-55
-48
-54
-60
-45
-46
-48
-47
-45
-67
-64
-65
-47
-52
-47
-52
-59
-46
-54
-43
-53
-47
-52
-63
-48
-60
-49
-51
-47
-44
-58
-45
-58
-55
-69
-68
-69
-70
-74
-65
-67
-56
-55
-50
-55
-70
-60
-66
-46
-66
-52
-40
-38
-39
-44
-44
-50
-43
-27
-34
-27
-30
-34
-17
-23
-26
-27
-33
-32
-29
-16
-20
-15
-17
-18
-17
-22
-33
-28
-30
-36
-33
-41
-30
-36
-31
-35
-16
-26
-35
-23
-33
-29
-23
-27
-24
-26
-34
-23
-24
-16
-23
-30
-36
-41
-47
-30
-19
-21
-43
-41
-46
-52
-38
-46
-45
-37
-55
-62
-41
-62
-51
-56
-66
-52
-45
-49
-57
-54
-50
-54
-50
-50
-61
-35
-49
-64
-48
-53
-54
-62
-49
-49
-52
-44
-41
-40
-61
-50
-49
-45
-44
-51
-58
-50
-56
-56
-57
-65
-68
-55
-65
-62
-48
-58
-54
-45
-63
-56
-46
-64
-50
-65
-72
-71
-47
-64
-59
-57
-64
-62
-62
-66
-64
-60
-56
-56
-63
-57
-65
-55
-65
-68
-77
-73
-67
-62
-66
-69
-55
-59
-65
-66
-59
-48
-55
-61
-63
-61
-57
-47
-38
-54
-54
-55
-56
-38
-50
-41
-37
-44
-56
-47
-47
-58
-41
-64
-61
-60
-58
-49
-59
-60
-51
-61
-75
-61
-62
-63
-71
-89
-88
-70
-69
-63
-78
-65
-77
-78
-80
-84
-68
-85
-79
-59
-63
-69
-74
-67
-71
-76
-66
-72
-65
-79
-73
-83
-77
-69
-78
-55
-80
-66
-74
-73
-68
-73
-53
-67
-60
-51
-58
-68
-63
-61
-61
-67
-65
-62
-81
-74
-81
-64
-67
-69
-62
-76
-68
-70
-58
-59
-54
-61
-51
-63
-67
-62
-51
-44
-49
-54
-57
-68
-61
-66
-69
-61
-55
-55
-60
-55
-65
-54
-38
-40
-51
-30
-53
-38
-41
-44
-28
-29
-29
-11
-25
-18
-16
-22
-30
-26
-18
-25
-27
-14
-6
-26
-33
-31
-8
-10
-22
-24
-18
-31
-26
-15
-19
-23
-39
-39
-32
-12
-17
-34
-23
-22
-22
-27
-22
-16
-18
1
-8
-10
-23
-27
-21
-24
-30
-20
-14
-30
-13
-12
-16
-5
-11
-10
-6
-16
-11
-12
-16
-12
-11
-4
-3
-8
-9
1
6
-2
0
-9
-14
-12
-10
-23
-14
-4
-4
-15
-19
-15
-22
-7
-22
-28
-5
-23
-27
-27
-35
-19
-21
-30
-15
-19
-14
-8
-24
-18
-17
-23
-39
-21
-30
-20
-4
-14
-10
-21
-31
-30
-28
-26
-32
-32
-25
-26
-24
-7
-11
-5
0
-8
-20
-23
-30
-20
-9
-28
-20
-2
-6
3
-12
-1
6
-4
-11
-8
-4
-10
-17
-9
-9
-17
-5
-9
-9
-10
-13
-19
-15
-3
-12
-25
-7
-21
-13
-10
-12
-5
-9
-15
-19
-15
-3
-9
-17
-9
-2
2
-9
-18
-15
1
-12
-5
-21
-14
-12
-12
-6
-16
-13
-20
-32
-31
-10
-22
-27
-24
-24
-8
-21
-19
-19
-30
-19
-18
-16
-34
-42
-20
-22
-34
-36
-22
-12
-31
-15
-22
-14
-14
-29
-21
-23
-14
-25
-28
-18
-24
-22
10
-16
-16
1
9
-6
-11
3
-4
-5
-2
4
7
0
5
2
-11
4
-13
0
-1
-9
0
12
-8
-8
11
-14
-17
-8
-8
-4
-4
8
9
14
8
15
12
-3
1
1
13
26
13
14
11
10
19
15
5
-6
6
21
0
-1
-8
0
12
-3
7
13
6
-1
15
8
9
-7
-6
8
-2
1
-1
-3
-8
0
7
-3
-9
5
-3
1
14
6
-1
3
-2
-16
-4
-10
-11
-17
-7
-17
-29
-10
-30
-32
-9
-10
-21
-15
-18
-3
-9
-4
-6
-14
-17
-8
-11
-14
-5
-13
15
5
3
8
-4
-1
-3
-5
4
-9
-17
3
-15
-15
-11
-3
11
1
-2
1
5
-5
-5
9
10
8
5
15
19
16
11
10
-6
-4
-14
-5
-9
-27
-12
9
-8
-13
-8
-2
-8
-16
-25
-18
7
-18
-3
-12
-15
10
-10
-18
-14
-8
4
-12
-2
-7
3
7
6
12
-27
0
1
-1
-2
3
15
-9
20
-1
3
-13
-10
3
-9
-20
-7
-4
-25
-14
-18
4
-3
-9
-15
-4
-3
4
-11
-16
2
-3
-1
0
0
-16
-8
-17
-19
-4
-12
-19
-16
-23
-15
-8
-4
-13
-16
-19
-23
-9
-12
-8
-12
-8
-8
-19
-12
-15
-4
-19
-21
-6
-5
5
-13
-3
-1
-2
-5
-22
-15
-16
3
-17
-5
-6
-20
-27
-25
-8
-27
-18
-25
-11
-18
-34
-19
-35
-26
-24
-43
-38
-21
-20
-19
-27
-41
-39
-37
-28
-27
-17
-25
-30
-11
-31
-34
-7
-20
-8
-15
-9
4
-11
-16
-24
-11
-2
-16
-6
-15
-33
-28
-16
-20
-22
-24
-32
-27
-29
-33
-9
-23
-24
-29
-23
-22
-11
-1
-11
-16
-9
-4
-17
-1
-3
-16
-13
-3
-7
-13
-24
-5
-12
-1
-5
-9
-15
-26
-9
1
-12
-24
-18
-10
-8
-3
-6
3
-20
-11
-1
-15
-17
-5
-16
-23
-9
-11
5
-16
-7
-5
-2
-14
-13
-10
-3
17
-6
-14
-16
-10
7
2
7
-10
-10
0
8
1
-5
-2
11
16
-2
0
15
8
-14
1
7
-3
3
19
19
5
-2
7
9
19
10
9
8
-2
19
14
0
15
19
21
19
9
25
18
20
31
17
24
26
36
22
14
25
30
39
27
29
22
34
35
46
36
20
24
23
42
32
20
12
31
27
24
35
24
26
27
34
33
28
21
23
29
35
28
8
7
16
19
24
27
25
27
44
35
28
35
30
32
36
35
27
33
22
20
38
39
31
34
27
29
13
26
29
23
7
17
15
0
19
4
18
23
16
23
20
13
18
29
21
31
15
19
17
36
26
30
30
14
40
20
16
34
49
45
40
38
36
49
47
49
43
42
44
51
41
47
54
46
45
27
35
52
57
66
51
37
33
15
28
35
29
36
22
19
23
17
26
30
32
38
45
37
36
15
28
37
25
20
23
25
24
33
19
28
23
18
29
26
27
44
24
17
42
42
42
37
36
47
56
71
55
39
39
35
26
29
38
45
16
24
31
19
43
33
23
10
18
33
27
40
46
31
41
28
24
42
47
45
32
52
39
51
58
43
57
53
52
50
59
55
51
62
64
54
42
55
31
48
55
41
53
50
39
42
55
46
49
38
55
43
30
45
33
53
36
21
23
19
28
30
30
40
27
26
25
36
47
33
18
33
23
28
18
28
21
17
41
13
26
37
36
39
33
34
51
35
36
35
52
38
40
41
38
39
36
34
29
28
27
42
32
39
47
44
45
49
37
42
40
60
57
51
51
40
45
63
65
58
53
52
50
45
54
51
48
29
39
41
35
54
40
41
32
11
33
36
31
30
41
49
41
49
35
27
32
29
28
39
25
27
25
20
12
32
28
21
39
26
46
41
34
39
20
27
25
39
38
33
51
24
36
33
38
35
49
57
56
48
46
60
47
42
36
43
39
51
52
40
41
34
22
27
25
38
46
47
50
39
43
41
36
36
36
38
37
38
41
34
32
31
29
32
29
35
32
24
28
23
17
19
19
35
24
15
20
33
45
36
31
28
33
32
37
31
31
29
43
24
32
46
48
50
44
51
39
41
39
43
38
39
38
45
52
36
46
45
50
50
45
32
43
39
29
40
43
41
39
36
44
44
46
47
51
71
34
42
37
45
45
32
41
38
41
34
46
57
44
58
44
41
42
49
57
58
70
63
69
78
59
55
53
56
53
39
46
46
39
42
42
39
50
53
55
67
48
54
65
64
57
61
61
45
55
49
70
66
55
59
58
67
64
71
68
66
63
76
70
76
63
65
76
72
76
76
81
69
73
78
74
68
88
79
84
80
80
79
78
70
86
102
88
87
89
58
69
76
81
93
86
80
92
69
72
91
61
64
73
74
71
63
72
80
76
67
73
70
66
81
80
63
75
71
63
57
60
68
58
67
58
62
73
66
66
62
61
70
75
67
84
67
86
88
93
87
77
86
97
94
84
72
59
65
75
79
61
81
70
70
59
72
68
49
65
70
55
55
45
70
71
61
76
56
73
70
67
64
65
57
37
43
50
55
54
54
55
43
51
49
50
32
31
47
34
32
40
44
50
43
54
56
34
50
31
45
49
40
46
45
40
46
41
47
44
32
34
34
41
43
55
58
66
51
59
61
60
56
61
55
55
49
60
60
76
79
72
59
50
67
80
51
44
45
63
57
41
37
43
43
46
50
45
46
30
39
57
52
45
45
46
59
49
40
37
37
40
52
47
52
40
42
49
44
47
55
48
31
45
34
35
35
32
39
40
36
25
16
32
38
20
19
23
18
22
20
24
19
22
34
18
22
28
31
37
39
48
45
44
34
22
22
23
38
29
28
34
36
43
42
47
37
37
27
19
34
24
18
42
30
36
33
23
27
27
13
3
8
36
18
19
29
36
23
10
21
17
21
14
22
19
10
29
22
20
29
29
24
30
19
19
23
14
9
16
25
9
24
23
14
10
5
2
11
4
12
33
22
20
32
25
36
35
26
18
27
34
32
41
32
41
31
39
27
37
36
21
23
42
47
34
43
29
35
29
27
42
37
30
46
39
31
27
30
31
42
59
37
35
39
25
30
17
27
33
13
29
32
39
35
38
52
40
29
50
30
35
25
23
18
30
32
9
19
23
11
-2
26
27
20
20
9
19
20
18
12
-11
2
14
7
-14
2
3
-8
1
4
4
3
0
11
1
-11
14
-1
-8
-11
-4
-8
7
2
-18
1
6
-11
-3
-17
-18
-8
-14
7
1
-7
-1
2
12
18
19
17
2
-12
-1
8
16
-1
-9
6
13
9
0
-13
-18
-11
3
-8
-19
-13
5
3
-11
-11
-5
-22
-11
7
-19
-23
-19
-15
-22
-23
-30
-23
-20
-32
-27
-41
-26
-30
-19
-18
-29
-33
-27
-31
-35
-30
-27
-20
-35
-23
-27
-27
-21
-24
-35
-28
-26
-19
-28
-40
-38
-39
-33
-38
-11
-23
-24
-28
-30
-19
-21
-27
-28
-25
-24
-25
-23
-26
-25
-30
-25
-20
-24
-2
-17
-21
-19
-20
-18
-2
-24
-20
-19
-11
-17
-15
-5
-25
-5
-6
-19
-24
-21
-9
-14
-27
-36
-35
-29
-16
-23
-44
-23
-15
-5
-20
-6
-13
-17
-18
-24
-24
-14
-3
-12
-17
-22
-14
-14
-12
-23
-14
-12
-2
-12
-8
-9
-22
-19
-22
-6
-20
-16
-31
-22
-17
-8
-14
-26
-14
-10
-16
-19
-11
-16
-26
-32
-30
-23
-31
-30
-33
-37
-39
-36
-29
-24
-21
-35
-32
-34
-20
-26
-36
-33
-19
-30
-27
-37
-38
-22
-21
-27
-32
-22
-37
-5
1
-13
-25
-22
-15
-18
-16
-20
-12
-19
-13
-1
-7
2
2
-7
-7
-2
-5
7
14
-2
-10
-10
-7
-8
-8
-12
-1
2
-12
-2
8
-4
-3
-7
-4
-8
-9
7
11
11
2
9
-2
3
15
12
0
11
12
-3
-1
-2
14
1
0
8
-4
2
-5
6
-4
-21
-6
-12
5
4
-10
-4
-4
-17
0
-7
-3
6
-2
10
-15
7
2
-8
2
1
2
-22
-28
-20
-16
-31
-17
-17
-29
-26
-23
-20
-16
-10
-17
-18
-13
-24
-16
-28
-21
-15
-30
-32
-32
-48
-45
-19
-32
-31
-39
-40
-39
-29
-19
-15
-16
-40
-32
-24
-39
-39
-21
-28
-35
-27
-22
-16
-32
-33
-38
-40
-33
-39
-34
-26
-19
-36
-38
-34
-27
-28
-36
-45
-42
-39
-55
-38
-43
-31
-41
-40
-39
-41
-25
-11
-30
-29
-14
-21
-21
-23
-21
-42
-38
-35
-15
-28
-28
-31
-33
-33
-29
-21
-32
-20
-32
-21
-22
-21
-14
-10
-13
-20
-15
-14
-15
-15
-8
-11
-12
-15
-19
-22
-21
-28
-25
-28
-31
-33
-44
-25
-25
-28
-22
-26
-31
-17
-25
-26
-20
-8
-13
-30
-22
-33
-37
-45
-25
-41
-34
-25
-42
-23
-25
-34
-23
-6
-18
-19
-23
-23
-21
-15
-16
-17
-27
-30
-22
-27
-18
-36
-45
-35
-18
-37
-29
-29
-25
-18
-20
1
-18
-19
-19
-17
-10
-18
-15
-20
-12
-26
-32
-23
-35
-27
-26
-21
-31
-33
-28
-40
-29
-8
-28
-26
-34
-23
-14
-28
-17
-16
-19
-13
-11
-14
-16
-15
-16
-16
-26
-25
-15
-12
-14
2
3
-9
-13
-9
-7
-18
-12
9
-8
-14
-5
-11
-9
-22
-19
-26
-19
-11
-7
0
-13
-19
-11
-3
2
-4
-4
-2
4
-13
-6
4
-12
-11
2
-12
12
13
-1
14
-5
-7
-9
3
2
3
2
6
-2
1
10
4
6
-17
14
17
7
12
8
17
4
21
25
31
17
10
19
10
28
19
17
22
10
28
24
11
43
28
18
27
17
17
13
20
10
20
17
16
29
9
12
0
9
14
8
11
3
14
22
32
10
14
25
10
12
11
10
1
8
5
-5
2
0
-8
-10
-3
-9
-5
3
1
10
4
9
2
4
9
18
16
17
17
7
30
6
15
17
17
11
13
19
12
18
18
13
13
-4
8
-3
-5
12
5
8
7
9
3
18
24
17
8
9
17
13
2
14
19
20
18
33
18
17
18
27
7
20
11
3
27
6
29
31
20
21
5
-7
20
12
10
12
17
18
10
17
19
14
15
14
4
14
11
12
18
-2
2
24
-3
-2
-2
6
18
9
14
26
22
20
31
18
10
7
16
13
27
25
24
27
22
29
30
27
23
30
15
18
25
40
32
23
48
36
40
28
25
30
30
36
36
28
21
25
37
32
32
30
29
33
12
31
35
37
53
35
43
34
23
50
39
24
29
37
38
31
31
38
24
21
32
19
15
35
36
20
18
17
31
41
33
36
51
46
49
36
40
37
51
48
38
50
58
51
36
39
46
40
42
49
46
44
53
56
44
47
37
56
48
24
44
51
33
45
47
50
48
50
43
31
44
46
50
41
47
43
45
27
28
29
19
35
25
44
44
33
41
42
32
34
46
33
37
35
29
24
7
25
20
17
36
26
26
20
28
29
22
22
-3
20
23
22
32
30
17
19
28
24
42
23
20
26
18
31
33
38
33
28
27
22
36
30
31
19
28
37
27
32
26
21
28
34
33
34
26
33
32
53
39
30
51
43
37
41
28
35
44
46
44
31
44
38
43
38
41
43
46
31
35
23
13
19
23
28
41
39
29
28
34
30
23
27
45
37
31
45
31
25
22
22
29
10
22
19
3
15
12
16
10
19
3
28
15
11
26
28
37
26
22
6
34
34
7
11
29
41
26
25
22
21
31
34
44
28
41
35
51
45
41
53
30
43
40
38
32
39
46
36
40
44
47
41
34
51
46
46
50
62
66
61
71
62
71
62
80
85
75
76
84
74
74
81
86
81
60
85
67
66
60
75
74
64
58
74
75
61
72
57
45
59
55
58
53
39
55
65
51
64
61
56
47
54
61
55
71
58
57
67
55
57
43
38
53
38
39
31
22
19
28
23
24
13
10
16
12
30
15
11
9
17
23
18
20
18
19
28
14
18
21
26
24
10
20
17
19
22
28
14
23
9
12
33
23
33
34
44
39
30
27
34
22
21
30
21
30
31
25
18
24
21
14
4
17
6
2
20
4
12
12
10
10
15
9
22
32
20
31
25
28
39
38
17
19
32
12
41
37
28
28
40
38
37
40
31
31
35
28
34
29
25
35
29
42
46
24
20
21
25
31
32
23
10
22
42
30
42
40
48
36
35
19
15
15
4
27
15
9
9
14
15
0
11
10
-3
10
22
16
19
6
13
4
15
28
6
13
6
6
16
12
11
22
23
19
18
21
15
27
27
25
15
14
16
1
5
18
5
7
5
12
9
12
-1
4
16
7
-5
7
-5
5
4
0
9
-4
1
-2
-30
-54
-26
-11
10
8
23
3
8
6
17
29
24
24
15
13
13
12
-5
11
-3
-17
-13
-14
-4
-2
-5
8
3
-3
8
0
-7
-22
-19
-7
-15
-13
-8
5
13
8
5
23
2
9
19
25
26
24
17
6
21
24
36
27
32
35
25
18
14
5
5
19
9
14
5
0
14
9
5
0
5
16
13
9
13
16
-3
-14
4
2
-15
-14
-14
-7
-9
1
-9
-19
-4
-6
0
-11
-19
1
-3
-6
-8
-14
-12
-7
-16
-6
-7
-20
-11
-22
-28
-23
-20
-23
-13
-23
-21
-60
-178
-220
-237
-340
-380
-302
-216
-129
-108
-97
-66
-36
74
182
240
237
258
231
109
-12
-72
-55
-45
-11
12
-56
-99
-102
-90
-40
-12
26
43
47
24
-1
-50
-66
-29
-20
12
54
80
49
-54
-242
-448
-462
-435
-439
-455
-525
-578
-633
-643
-514
-354
-191
-47
12
41
32
0
-6
46
182
302
344
303
230
120
8
-1
-30
-63
-97
-199
-140
-106
-164
-208
-323
-353
-309
-236
-178
-204
-227
-326
-387
-351
-296
-190
-129
-153
-149
-175
-225
-226
-147
9
120
202
205
104
-59
-107
-117
-48
144
201
149
144
102
-68
-125
-88
-88
-71
-19
-35
-162
-241
-231
-233
-151
-58
-19
12
68
32
-152
-273
-214
-96
-5
71
2
-166
-246
-302
-277
-167
-92
-2
113
156
67
39
30
64
160
276
262
197
79
-36
-143
-153
-68
-39
41
22
-85
-216
-284
-291
-239
-118
-49
-25
-86
-168
-200
-220
-215
-142
-62
-26
6
-8
-50
-67
-53
-7
51
87
58
-7
-94
-149
-143
-64
-2
57
69
46
21
-32
-10
9
62
109
177
129
69
40
-27
-44
-58
-28
-21
-27
-63
-106
-107
-56
-10
29
36
7
-82
-75
-38
-12
47
68
69
82
58
-33
-85
-87
-51
10
66
96
60
-3
-16
-41
-83
-48
18
52
44
44
26
14
42
13
-2
7
-10
-14
-12
-11
3
-50
-29
24
14
-18
-23
-23
-24
10
36
39
45
21
-17
-72
-90
-74
-46
16
26
-32
-84
-90
-113
-122
-101
-45
-11
-18
-4
-31
-89
-117
-115
-65
-48
-24
-28
-66
-71
-83
-90
-42
-47
-77
-83
-87
-79
-100
-73
-41
-30
-71
-58
-82
-150
-156
-121
-100
-99
-108
-131
-134
-156
-181
-195
-178
-124
-77
-62
-24
-59
-112
-128
-86
-42
-27
-9
-36
-58
-102
-140
-122
-89
-94
-100
-90
-105
-127
-150
-153
-112
-122
-106
-108
-120
-136
-181
-200
-169
-137
-127
-132
-123
-145
-183
-189
-154
-117
-96
-57
-74
-74
-103
-96
-83
-48
-18
-18
-19
-39
-47
-115
-166
-187
-135
-105
-94
-98
-162
-187
-196
-157
-158
-169
-170
-195
-189
-157
-142
-192
-210
-162
-127
-111
-93
-105
-145
-132
-114
-111
-117
-131
-141
-143
-130
-129
-129
-158
-147
-105
-99
-90
-100
-120
-114
-80
-46
-31
-56
-72
-53
-44
-59
-80
-82
-93
-93
-86
-107
-83
-67
-43
-47
-39
-20
-51
-42
-50
-13
0
-32
-35
-46
-22
4
-11
1
-24
-96
-82
-31
-19
-13
-46
-34
-32
-40
-47
-52
-49
-63
-40
-27
-23
-62
-71
-51
-30
-27
6
22
30
19
-7
11
43
60
57
56
77
56
48
61
87
56
44
46
52
47
44
17
20
29
-6
-2
17
28
-3
-16
-15
-16
-23
-23
-24
-12
-2
-27
-55
-36
-44
-55
-24
1
11
-3
-53
-22
0
-17
-10
-28
-8
-16
-77
-97
-96
-96
-120
-109
-86
-74
-83
-100
-93
-80
-71
-70
-62
-32
-13
-2
-18
-10
23
12
-1
51
92
103
88
81
94
79
100
94
99
111
140
118
72
85
123
141
141
145
177
201
218
229
231
231
245
222
230
265
263
271
272
280
319
321
290
304
333
352
399
435
435
440
493
529
509
503
492
520
568
597
588
576
561
543
528
519
537
544
539
528
492
464
429
379
326
273
230
180
119
45
-18
-71
-103
-156
-217
-283
-347
-377
-380
-357
-351
-375
-422
-465
-480
-470
-422
-374
-338
-319
-294
-288
-284
-269
-252
-225
-154
-96
-37
0
-62
-71
-61
-29
52
43
56
100
107
94
89
79
110
150
178
207
197
224
176
149
235
334
369
338
368
406
467
493
482
551
610
635
679
687
721
731
713
716
772
791
779
751
712
745
743
759
754
747
780
754
739
734
784
820
778
688
638
611
610
602
572
534
460
392
347
314
258
182
105
76
81
69
18
-5
-56
-89
-109
-97
-42
-26
-24
-31
-31
-9
-15
-5
-2
4
23
28
66
34
14
-13
-62
-68
-92
-79
-57
-64
-98
-132
-140
-149
-153
-177
-197
-195
-184
-177
-181
-204
-194
-201
-200
-195
-196
-185
-153
-113
-97
-75
-48
-38
-38
-20
0
30
54
82
106
115
129
130
145
161
180
194
200
210
223
223
205
189
191
215
218
223
251
265
281
288
253
244
281
291
308
352
351
356
372
389
423
423
457
523
547
571
622
663
659
627
621
597
584
607
623
595
554
498
429
382
321
273
209
167
149
84
30
-44
-90
-154
-198
-201
-231
-238
-246
-259
-277
-282
-272
-239
-214
-207
-217
-198
-138
-103
-120
-119
-139
-165
-176
-174
-161
-193
-181
-183
-206
-199
-223
-227
-255
-256
-242
-248
-253
-233
-209
-254
-266
-260
-232
-213
-222
-198
-152
-147
-118
-149
-116
-53
-56
-36
-11
20
51
59
48
100
113
129
106
143
178
193
195
235
269
234
257
281
295
294
289
279
351
403
394
377
397
430
463
483
524
552
613
684
723
763
777
715
609
602
680
744
720
625
531
426
325
257
218
180
94
-17
-88
-143
-213
-337
-449
-491
-479
-478
-480
-458
-514
-556
-560
-499
-411
-340
-296
-271
-269
-234
-160
-106
-64
-74
-97
-67
-9
-44
-63
-57
-69
-106
-152
-159
-225
-299
-391
-423
-396
-370
-400
-472
-509
-530
-514
-494
-449
-424
-392
-317
-290
-301
-301
-269
-171
-134
-111
-70
-43
-30
-38
5
51
130
107
147
160
121
149
159
216
202
252
243
212
238
266
238
232
311
346
371
400
370
374
467
519
538
547
622
737
767
845
965
1034
1050
995
853
759
799
933
974
834
630
467
342
289
247
170
95
-52
-205
-301
-360
-436
-554
-641
-654
-632
-614
-586
-616
-657
-676
-622
-474
-353
-279
-298
-301
-257
-159
-61
-5
11
-11
3
36
65
85
54
31
-1
-32
-83
-133
-195
-296
-349
-426
-456
-469
-460
-500
-614
-665
-649
-629
-619
-590
-590
-597
-569
-509
-549
-538
-447
-422
-389
-376
-321
-259
-193
-218
-184
-76
11
50
-8
18
91
131
123
145
148
218
224
220
210
236
287
239
254
276
377
405
437
455
451
500
593
686
717
834
989
1095
1035
886
764
745
834
951
964
833
615
383
225
184
212
144
-30
-214
-350
-411
-459
-564
-682
-742
-783
-797
-777
-735
-761
-810
-815
-714
-556
-454
-406
-438
-448
-363
-245
-126
-46
-63
-96
-115
-92
-23
52
71
15
-38
-54
-65
-87
-122
-205
-310
-391
-439
-473
-527
-609
-716
-812
-820
-803
-811
-822
-833
-825
-821
-798
-728
-655
-635
-623
-603
-527
-423
-362
-327
-314
-209
-145
-144
-92
-27
52
86
93
181
246
233
187
213
284
332
355
359
384
434
453
468
500
557
634
676
774
901
1022
1112
1197
1225
1071
869
811
969
1214
1217
980
635
395
298
273
282
252
78
-221
-451
-525
-535
-611
-743
-844
-881
-893
-917
-909
-926
-968
-989
-867
-669
-538
-529
-593
-574
-462
-284
-105
3
-11
-99
-143
-75
60
180
222
165
93
49
50
67
52
-7
-92
-177
-216
-294
-434
-585
-745
-773
-736
-732
-808
-941
-1058
-1085
-1028
-930
-841
-842
-865
-869
-818
-745
-639
-542
-446
-386
-334
-255
-182
-96
-19
89
179
211
279
354
359
332
363
529
631
580
491
519
576
638
689
761
875
918
938
994
1180
1378
1440
1332
1090
910
961
1222
1405
1217
813
404
219
205
264
264
88
-277
-670
-830
-788
-749
-892
-1057
-1152
-1213
-1230
-1209
-1196
-1203
-1245
-1179
-1004
-817
-752
-833
-869
-772
-587
-364
-195
-206
-311
-387
-289
-78
126
193
139
25
-45
21
100
162
144
25
-90
-168
-225
-281
-400
-593
-765
-876
-943
-999
-1103
-1275
-1423
-1510
-1495
-1437
-1440
-1476
-1522
-1520
-1425
-1298
-1171
-1096
-1052
-980
-859
-694
-563
-442
-341
-252
-144
-16
106
156
178
208
244
286
326
324
324
335
354
364
397
467
528
592
653
747
883
1023
1041
805
482
375
597
890
839
409
-97
-422
-481
-414
-325
-400
-805
-1374
-1706
-1634
-1429
-1402
-1611
-1814
-1967
-2036
-2031
-1895
-1757
-1778
-1807
-1708
-1497
-1352
-1363
-1396
-1281
-1048
-829
-683
-647
-741
-827
-756
-506
-231
-94
-170
-333
-413
-368
-186
-15
39
-96
-312
-443
-454
-397
-435
-580
-796
-992
-1102
-1212
-1324
-1445
-1555
-1638
-1697
-1741
-1804
-1876
-1908
-1852
-1716
-1588
-1544
-1551
-1532
-1403
-1181
-959
-781
-679
-632
-543
-386
-163
43
182
236
281
317
388
478
577
659
691
720
719
726
785
910
1025
1143
1262
1356
1458
1520
1402
1127
944
1085
1426
1515
1116
555
164
69
162
299
275
-104
-715
-1213
-1186
-861
-720
-894
-1221
-1433
-1550
-1543
-1309
-1044
-973
-1104
-1160
-997
-777
-670
-627
-497
-305
-154
-52
9
7
-6
58
276
535
612
476
317
293
392
594
710
676
498
269
137
207
342
379
202
-89
-336
-455
-449
-420
-455
-599
-758
-898
-938
-932
-898
-870
-849
-782
-713
-695
-672
-588
-447
-247
-56
78
129
200
324
539
792
982
1073
1084
1102
1195
1388
1547
1638
1647
1624
1609
1641
1738
1849
1950
2031
2078
2149
2218
2322
2333
2161
1893
1795
1949
2140
2015
1513
1010
729
710
757
767
549
-10
-612
-855
-641
-374
-444
-814
-1185
-1377
-1412
-1224
-952
-799
-920
-1149
-1139
-871
-618
-494
-382
-260
-176
-109
10
149
225
255
354
536
655
611
527
514
607
712
762
751
647
484
342
359
443
471
311
32
-212
-329
-349
-336
-404
-610
-838
-1012
-1040
-975
-932
-962
-1034
-1119
-1095
-1012
-910
-793
-710
-627
-519
-418
-280
-157
-20
138
284
449
567
644
718
820
962
1087
1177
1217
1239
1297
1391
1480
1515
1563
1624
1696
1809
1936
2039
2090
2001
1763
1582
1647
1875
1965
1678
1184
767
622
693
759
718
352
-224
-684
-720
-459
-350
-544
-900
-1180
-1297
-1232
-1030
-830
-840
-1017
-1124
-968
-695
-526
-434
-342
-255
-190
-99
106
261
341
386
528
676
708
697
733
884
982
1007
1012
981
898
825
823
883
874
731
535
337
211
181
139
66
-128
-363
-504
-577
-549
-556
-608
-698
-779
-801
-735
-614
-541
-500
-452
-377
-278
-150
5
165
280
380
507
651
801
943
1045
1149
1226
1317
1400
1468
1556
1641
1708
1728
1760
1825
1897
1986
2078
2162
2193
2211
2118
1942
1819
1865
2056
2057
1748
1300
994
947
1030
1039
863
477
-51
-419
-380
-154
-132
-434
-818
-1048
-1091
-1005
-836
-730
-827
-1049
-1135
-947
-663
-520
-480
-431
-398
-337
-213
-1
167
238
266
350
475
527
557
667
809
901
881
849
844
852
862
891
900
818
678
527
443
382
316
225
70
-140
-308
-394
-430
-474
-574
-682
-787
-840
-827
-760
-715
-740
-754
-700
-573
-452
-341
-245
-165
-64
58
224
397
538
629
726
821
926
1020
1137
1220
1304
1365
1396
1439
1471
1546
1619
1668
1729
1791
1833
1876
1864
1782
1651
1571
1671
1747
1629
1285
936
780
796
831
717
445
32
-371
-496
-363
-259
-434
-805
-1083
-1157
-1151
-1027
-920
-945
-1087
-1242
-1180
-947
-757
-723
-736
-679
-606
-512
-398
-214
-116
-84
-29
57
150
213
280
410
532
543
536
538
575
612
682
708
668
574
471
434
411
358
227
75
-74
-205
-291
-340
-438
-552
-706
-825
-852
-877
-904
-897
-920
-977
-964
-921
-827
-746
-669
-625
-539
-452
-339
-176
-26
102
196
304
390
509
610
714
821
887
936
967
1008
1067
1128
1168
1241
1305
1333
1354
1366
1389
1389
1300
1193
1150
1200
1195
1066
824
599
485
461
432
290
64
-246
-487
-560
-495
-506
-702
-968
-1116
-1136
-1114
-1057
-1024
-1079
-1182
-1242
-1140
-956
-859
-844
-814
-726
-692
-640
-509
-334
-242
-219
-189
-124
-69
-17
106
271
335
284
248
315
436
486
519
529
476
384
337
391
441
353
188
46
-27
-80
-147
-198
-288
-435
-576
-622
-630
-659
-721
-769
-799
-815
-784
-738
-665
-625
-575
-549
-473
-338
-219
-101
25
112
191
291
430
570
702
795
795
829
906
994
1097
1173
1199
1179
1177
1229
1307
1382
1409
1420
1410
1364
1264
1190
1183
1231
1216
1048
812
626
527
507
459
367
159
-117
-327
-383
-347
-352
-484
-663
-805
-886
-866
-812
-747
-777
-859
-914
-852
-743
-635
-569
-545
-534
-530
-474
-357
-222
-133
-130
-109
-85
0
114
196
288
316
269
275
342
460
555
536
509
448
412
423
440
437
373
243
115
35
11
1
-77
-184
-311
-417
-467
-463
-480
-542
-613
-665
-648
-607
-594
-576
-564
-540
-481
-399
-320
-252
-191
-110
-12
116
225
308
387
475
551
613
693
769
818
849
858
899
937
977
1014
1051
1094
1096
1086
1094
1123
1129
1090
985
938
934
897
802
655
520
422
343
281
187
51
-122
-246
-272
-304
-363
-467
-597
-664
-673
-694
-681
-663
-735
-774
-770
-715
-628
-613
-599
-581
-535
-518
-482
-405
-341
-292
-262
-227
-175
-105
-61
-1
67
113
138
168
207
257
292
309
325
313
278
265
266
241
214
160
73
8
-43
-70
-120
-210
-335
-427
-458
-454
-463
-505
-566
-620
-644
-599
-538
-514
-536
-531
-510
-447
-342
-280
-222
-186
-115
-25
105
215
289
339
384
447
510
590
665
702
720
720
732
776
806
821
847
886
886
878
883
927
914
857
792
757
771
731
666
568
440
364
312
270
209
70
-76
-203
-245
-270
-287
-372
-479
-563
-598
-622
-593
-555
-607
-656
-672
-644
-594
-536
-502
-501
-488
-466
-449
-372
-303
-266
-245
-230
-197
-154
-89
-18
17
59
72
81
135
155
173
181
216
207
172
155
123
124
91
40
11
-54
-121
-196
-229
-270
-328
-382
-448
-492
-525
-542
-556
-585
-618
-625
-630
-601
-586
-567
-548
-518
-437
-377
-302
-252
-199
-110
-40
57
122
177
223
295
353
402
440
479
527
532
542
561
582
597
604
618
632
622
638
687
702
665
623
576
579
592
579
526
440
361
299
241
219
200
66
-69
-181
-224
-249
-303
-362
-439
-523
-571
-587
-564
-547
-608
-653
-668
-634
-593
-559
-517
-512
-539
-548
-513
-453
-408
-376
-367
-357
-354
-334
-282
-217
-183
-183
-162
-133
-98
-92
-74
-46
-39
-38
-57
-82
-79
-74
-94
-120
-171
-224
-273
-305
-341
-392
-450
-523
-550
-567
-583
-613
-646
-687
-697
-671
-648
-628
-617
-627
-609
-548
-473
-404
-353
-342
-297
-226
-144
-58
-4
47
101
152
184
237
277
315
349
367
384
372
403
443
435
450
459
494
510
506
549
578
573
531
528
532
557
543
507
437
341
295
269
238
184
88
-40
-113
-163
-184
-224
-297
-367
-449
-499
-499
-483
-482
-528
-564
-589
-588
-544
-516
-505
-517
-525
-554
-537
-486
-453
-425
-456
-442
-434
-434
-398
-357
-312
-257
-269
-262
-233
-209
-191
-162
-137
-134
-135
-151
-144
-114
-136
-179
-224
-256
-287
-282
-316
-345
-391
-481
-505
-516
-505
-514
-555
-590
-610
-610
-573
-544
-527
-542
-537
-518
-447
-406
-370
-316
-279
-231
-177
-125
-57
-23
-7
49
99
145
136
142
167
200
214
211
232
242
239
253
311
345
335
352
372
436
489
500
489
470
460
474
493
470
430
354
289
259
238
194
119
28
-41
-98
-135
-194
-244
-276
-324
-376
-415
-417
-454
-485
-503
-507
-535
-549
-556
-561
-556
-575
-596
-599
-592
-606
-598
-586
-589
-588
-561
-540
-508
-482
-471
-457
-416
-373
-332
-290
-275
-254
-237
-210
-188
-168
-153
-151
-146
-179
-217
-222
-226
-233
-252
-299
-369
-401
-410
-419
-421
-433
-477
-520
-513
-490
-447
-436
-474
-482
-445
-399
-340
-339
-315
-282
-239
-195
-154
-111
-83
-45
-4
17
50
63
78
129
159
169
174
191
207
246
292
323
331
341
379
415
494
534
520
509
514
533
559
577
527
512
467
413
369
337
301
226
154
76
36
-20
-96
-167
-215
-252
-337
-398
-440
-476
-523
-570
-596
-616
-658
-692
-709
-726
-721
-749
-735
-735
-737
-763
-744
-726
-693
-650
-637
-576
-542
-499
-451
-408
-348
-314
-272
-224
-152
-104
-79
-52
-34
-4
14
24
16
-3
-29
-38
-63
-64
-110
-167
-231
-266
-271
-301
-312
-380
-434
-488
-474
-456
-450
-454
-502
-539
-520
-471
-423
-422
-406
-398
-383
-303
-243
-198
-178
-162
-115
-65
-41
0
42
42
54
100
128
171
180
208
246
274
316
326
361
421
477
502
514
540
570
584
596
622
620
582
538
496
464
415
367
298
197
97
-1
-49
-111
-197
-274
-349
-434
-510
-567
-612
-651
-711
-771
-795
-833
-847
-849
-856
-852
-858
-881
-865
-815
-805
-780
-738
-700
-664
-622
-560
-485
-431
-363
-304
-249
-196
-127
-76
-9
57
78
110
122
153
157
163
150
140
124
71
24
-18
-62
-114
-166
-246
-294
-332
-370
-416
-476
-524
-573
-579
-553
-554
-569
-597
-586
-551
-501
-457
-436
-420
-389
-330
-282
-222
-178
-142
-95
-54
-9
8
54
97
133
155
196
223
243
253
273
306
344
365
395
451
483
509
527
574
612
625
654
644
651
635
599
569
532
492
433
369
290
190
112
49
-29
-126
-235
-311
-374
-415
-480
-529
-565
-628
-669
-702
-732
-721
-728
-740
-727
-723
-722
-691
-675
-629
-597
-562
-537
-494
-437
-395
-317
-252
-175
-127
-86
-43
23
81
108
121
147
165
177
191
170
156
143
111
75
43
-14
-73
-98
-139
-198
-258
-313
-377
-404
-414
-445
-455
-508
-525
-538
-512
-496
-480
-457
-458
-437
-418
-363
-310
-302
-255
-213
-182
-132
-84
-33
3
60
96
132
161
191
224
253
286
299
314
333
353
368
384
390
409
447
465
489
511
534
556
579
592
611
629
629
606
550
519
478
455
405
323
259
171
85
27
-28
-88
-181
-282
-344
-375
-404
-460
-491
-508
-542
-574
-563
-550
-539
-534
-539
-514
-481
-449
-438
-391
-337
-327
-306
-270
-251
-219
-184
-152
-122
-89
-67
-46
-6
11
12
8
30
47
45
43
41
21
-7
-24
-13
-16
-47
-112
-162
-189
-226
-233
-254
-290
-340
-386
-388
-383
-406
-401
-422
-429
-416
-418
-386
-376
-341
-327
-301
-274
-238
-186
-158
-104
-59
-29
22
54
90
133
156
193
212
244
255
283
296
307
332
317
324
319
330
358
386
388
393
388
407
410
443
465
458
472
461
464
474
441
411
402
365
315
265
256
207
138
77
45
1
-48
-98
-149
-154
-189
-235
-262
-311
-322
-359
-372
-349
-357
-373
-402
-378
-372
-374
-352
-338
-318
-306
-332
-301
-266
-253
-264
-240
-209
-198
-164
-166
-119
-80
-82
-69
-69
-29
-19
-4
19
11
-15
-16
-17
-5
-5
-35
-96
-143
-155
-156
-160
-199
-228
-290
-297
-302
-305
-316
-349
-360
-362
-335
-330
-317
-305
-281
-258
-233
-189
-137
-102
-68
-29
7
61
115
151
174
198
222
245
280
268
281
292
277
278
273
254
260
251
234
229
227
237
245
256
270
282
303
330
361
381
400
411
431
431
435
450
433
408
353
328
325
292
235
153
112
58
46
-44
-103
-127
-186
-225
-248
-266
-304
-348
-371
-332
-354
-389
-417
-392
-371
-350
-335
-332
-328
-325
-312
-287
-252
-231
-232
-221
-184
-179
-154
-123
-100
-87
-75
-54
-23
-14
16
14
27
38
6
-12
-6
4
-17
-48
-89
-127
-139
-157
-185
-207
-238
-267
-293
-278
-288
-273
-297
-316
-291
-289
-255
-228
-215
-195
-170
-131
-79
-57
-32
8
31
70
72
92
114
151
147
154
163
141
138
136
149
124
140
150
133
132
112
123
146
161
194
192
216
226
245
287
329
364
383
383
396
420
415
408
397
396
385
342
310
291
250
211
168
111
88
39
-8
-41
-60
-92
-138
-165
-198
-211
-210
-254
-264
-257
-261
-292
-304
-279
-303
-301
-291
-293
-282
-306
-313
-286
-267
-245
-239
-220
-204
-196
-168
-131
-121
-105
-88
-73
-42
-36
-26
-10
3
5
-6
-6
-3
-5
-58
-91
-85
-111
-121
-145
-166
-209
-218
-223
-225
-237
-247
-253
-256
-227
-199
-192
-168
-167
-142
-107
-88
-34
-20
0
4
68
82
77
92
87
107
98
100
117
108
115
96
77
69
94
87
88
97
92
93
91
108
146
151
154
181
198
210
243
278
313
323
320
350
369
406
418
407
406
382
370
350
361
356
316
253
204
206
166
132
68
7
-26
-87
-119
-142
-188
-227
-260
-281
-297
-305
-316
-350
-339
-352
-352
-329
-306
-291
-309
-284
-260
-205
-200
-167
-145
-119
-115
-98
-60
-48
-37
-32
-5
1
8
12
2
-13
-33
-56
-73
-92
-133
-150
-160
-167
-174
-196
-228
-236
-214
-216
-204
-195
-208
-196
-168
-138
-121
-117
-106
-88
-62
-12
5
11
24
30
34
55
75
83
50
19
8
19
34
21
-15
-36
-36
-66
-59
-45
-39
-47
-69
-57
-44
-29
-11
24
65
92
113
156
197
255
328
375
403
434
465
494
549
596
617
585
575
555
546
534
491
452
395
362
307
251
195
138
83
29
-31
-81
-133
-175
-213
-232
-257
-309
-303
-328
-359
-357
-331
-339
-347
-355
-318
-285
-297
-285
-283
-255
-231
-211
-179
-139
-125
-130
-111
-99
-56
-41
-57
-62
-60
-67
-69
-68
-70
-78
-101
-145
-175
-173
-159
-154
-167
-206
-211
-212
-202
-184
-178
-178
-195
-172
-141
-88
-79
-75
-79
-67
-20
7
28
21
4
3
28
49
72
39
-2
-12
-11
-3
-9
-14
-30
-57
-76
-59
-56
-42
-47
-57
-42
-13
8
26
62
99
104
137
181
223
268
299
341
379
413
442
475
524
553
568
576
590
597
572
565
550
529
487
453
412
364
311
272
197
150
65
11
-30
-98
-144
-198
-236
-279
-321
-354
-362
-374
-398
-426
-424
-419
-387
-376
-373
-354
-336
-323
-294
-247
-193
-187
-193
-165
-143
-115
-103
-86
-79
-75
-77
-67
-60
-46
-70
-86
-95
-110
-128
-142
-151
-169
-191
-197
-198
-201
-203
-190
-188
-200
-182
-182
-152
-143
-137
-111
-88
-80
-62
-25
-32
-2
15
15
34
63
74
61
63
38
38
44
42
40
20
12
-4
-4
-6
-29
-15
5
17
14
29
27
40
74
104
117
148
176
185
217
270
309
357
387
402
450
473
501
507
527
545
547
529
518
489
460
431
389
356
300
243
191
143
91
19
-27
-77
-127
-150
-200
-248
-313
-320
-332
-341
-356
-382
-373
-387
-390
-356
-329
-302
-301
-283
-245
-220
-202
-173
-146
-140
-135
-106
-80
-48
-38
-40
-29
-33
-42
-62
-76
-86
-104
-105
-140
-165
-190
-214
-197
-202
-198
-219
-232
-232
-223
-181
-178
-163
-150
-152
-116
-93
-62
-36
-38
-32
-7
25
37
35
47
47
56
56
51
62
59
27
13
34
28
20
3
-1
16
18
25
32
36
51
58
59
79
85
84
118
140
154
184
193
208
240
259
289
320
312
337
345
376
393
399
435
438
424
440
412
391
374
349
331
289
230
183
152
96
72
2
-59
-104
-151
-185
-217
-237
-263
-318
-348
-339
-349
-330
-333
-333
-316
-290
-277
-245
-217
-199
-172
-176
-132
-87
-86
-84
-88
-72
-85
-90
-74
-77
-86
-123
-150
-165
-151
-167
-174
-198
-222
-228
-242
-216
-210
-217
-217
-227
-215
-189
-169
-166
-178
-180
-141
-126
-106
-98
-107
-71
-52
-26
-7
12
13
0
24
20
44
59
56
60
64
67
70
91
72
68
68
72
76
58
53
50
50
60
55
56
69
59
82
94
116
127
130
145
162
195
213
230
250
254
274
293
302
317
320
310
295
305
292
254
256
245
210
171
146
103
83
59
10
-11
-52
-75
-109
-124
-142
-152
-193
-215
-221
-216
-226
-234
-257
-268
-238
-237
-222
-241
-241
-243
-210
-210
-214
-196
-199
-200
-191
-199
-185
-180
-180
-180
-189
-170
-186
-175
-181
-182
-165
-178
-179
-160
-188
-184
-190
-186
-171
-167
-161
-167
-145
-123
-110
-96
-71
-64
-41
-17
6
24
41
60
74
92
90
113
136
140
150
148
144
141
150
149
131
129
148
140
144
152
138
154
162
156
125
153
154
147
156
147
144
156
166
163
163
165
177
173
183
163
166
173
163
160
150
147
138
130
124
128
105
90
73
54
44
41
32
9
-6
-33
-60
-65
-55
-74
-91
-116
-144
-150
-148
-146
-162
-171
-185
-173
-177
-177
-164
-166
-167
-159
-159
-159
-151
-161
-147
-156
-175
-154
-160
-156
-156
-159
-153
-166
-181
-184
-175
-175
-159
-158
-169
-164
-147
-122
-120
-84
-60
-64
-50
-30
-13
9
26
41
50
63
63
74
86
91
93
104
111
103
105
104
115
98
106
109
113
119
114
113
119
114
120
124
118
112
117
110
112
110
100
108
98
106
116
119
87
91
117
98
112
113
104
118
112
109
118
122
138
126
125
124
114
123
114
127
114
101
99
76
71
68
59
48
18
25
8
2
0
-15
-9
-30
-37
-24
-46
-36
-20
-38
-35
-18
-36
-40
-40
-64
-71
-62
-67
-78
-92
-86
-116
-105
-105
-119
-102
-107
-119
-110
-90
-91
-80
-100
-81
-68
-59
-52
-34
-22
-24
-13
18
27
44
55
48
62
69
86
90
87
77
72
95
75
88
112
88
70
76
70
83
87
65
77
74
42
30
22
24
31
27
4
11
18
-6
6
14
5
18
22
51
40
43
52
61
67
71
91
87
103
103
88
99
110
117
117
117
124
130
140
145
145
147
133
128
137
127
103
105
103
92
87
74
67
51
48
25
16
1
-8
-13
-19
-43
-35
-40
-60
-55
-80
-71
-61
-71
-72
-50
-62
-72
-53
-44
-60
-45
-54
-39
-39
-45
-38
-39
-43
-47
-38
-29
-11
-9
-1
-5
3
23
16
26
51
33
40
46
41
62
73
67
70
59
64
75
74
63
63
49
31
39
35
33
28
19
10
3
-10
-24
-36
-20
-30
-34
-19
-36
-26
-21
-24
-22
6
12
1
10
17
24
32
42
36
36
59
59
60
68
76
82
74
82
113
130
116
127
127
138
146
145
161
169
158
166
161
147
142
144
129
106
99
95
96
80
79
64
37
42
20
13
23
-3
23
22
12
13
9
5
1
10
9
-8
4
20
19
24
38
47
30
32
34
24
27
31
31
18
15
16
18
18
25
23
28
42
48
55
60
76
71
69
63
63
67
76
54
61
68
58
65
53
48
22
27
34
29
31
16
17
13
2
-2
1
12
18
4
0
-5
9
-3
6
9
-7
14
11
0
0
6
2
-8
-19
-6
-9
7
-2
5
8
21
30
40
59
68
85
75
103
107
112
107
106
122
129
125
125
133
139
137
122
125
125
111
111
113
117
118
103
93
88
80
76
63
57
46
48
52
46
39
24
13
13
9
-6
13
-9
-1
3
3
-3
-8
-8
-18
-9
-18
-2
-9
-25
-4
-18
-24
4
11
14
25
28
22
11
42
41
44
45
29
44
47
50
44
53
54
48
48
52
48
55
44
41
47
51
43
51
54
50
50
40
52
40
31
30
31
22
17
13
8
8
12
-20
-19
-11
-25
-15
-19
-30
-27
-20
-19
-8
-3
-6
-2
5
10
25
23
16
34
44
59
67
85
76
85
110
111
120
139
124
134
139
131
134
150
154
142
150
137
139
120
116
100
83
93
91
83
59
48
51
41
24
9
6
-8
-18
-18
-36
-22
-35
-43
-56
-54
-51
-62
-54
-51
-54
-65
-50
-51
-28
-17
-32
-25
-26
-34
-16
1
-1
10
9
37
45
43
50
51
48
66
72
86
77
70
82
78
91
78
73
58
62
70
55
38
43
29
16
-5
6
0
-15
-4
-20
-36
-36
-40
-53
-48
-65
-54
-60
-61
-67
-58
-39
-63
-53
-40
-38
-28
-22
-4
-20
-21
-12
7
13
24
33
29
38
61
71
85
84
81
110
109
104
79
99
100
96
102
101
102
90
87
79
74
60
53
55
48
41
35
33
22
8
2
-14
-6
-25
-15
-16
-18
-14
-46
-31
-38
-51
-40
-37
-37
-33
-46
-62
-35
-30
-31
-24
-41
-27
-9
-3
-3
-4
0
9
28
27
20
49
28
35
55
39
38
39
41
44
45
44
50
22
25
42
29
18
32
25
20
-1
5
2
-6
-11
-10
-8
-21
-35
-32
-24
-21
-30
-37
-41
-40
-25
-36
-41
-31
-27
-30
-17
-28
-17
-6
-9
-1
-12
-1
-17
-19
-11
-13
-12
-17
-13
-13
-23
-3
-17
-5
8
-6
-1
4
19
16
18
17
4
18
11
21
14
9
1
-5
-9
-3
-5
-18
-19
-10
-21
-23
-20
-15
-19
-36
-24
-29
-18
-14
-19
-28
-24
-27
-25
-27
-13
-12
-16
-7
-14
-11
-20
-8
-1
-6
7
7
-6
-16
-13
0
-7
-6
2
-18
-20
-41
-23
-28
-45
-35
-32
-15
-39
-29
-15
-33
-27
-34
-34
-36
-26
-27
-19
-39
-25
-18
-40
-18
-12
-8
0
1
-18
-7
-5
1
-6
-6
2
-27
-19
-11
-42
-31
-34
-47
-66
-71
-59
-56
-74
-77
-83
-79
-66
-70
-89
-89
-88
-86
-72
-64
-56
-55
-42
-41
-26
-15
-22
-19
-20
-7
-1
3
14
9
15
12
25
37
21
22
27
23
26
23
30
32
14
25
30
29
39
37
35
30
31
29
29
29
38
29
33
30
11
30
18
23
35
22
11
9
4
-9
-18
-8
-13
-4
-8
-29
-21
-20
-9
-17
-28
-31
-25
-29
-20
-19
-28
-30
-7
-22
-12
-12
-24
-21
-26
-17
-17
-14
-9
13
8
-12
-10
-7
1
10
-7
-3
-2
2
-2
0
-26
-19
-31
-48
-44
-42
-54
-74
-68
-63
-53
-69
-84
-88
-100
-82
-85
-95
-79
-80
-80
-71
-71
-85
-69
-59
-75
-49
-45
-30
-32
-31
-16
-17
1
0
36
36
37
35
53
59
54
63
46
36
34
29
37
45
36
32
15
15
24
11
12
-9
-5
-7
-10
-20
-27
-33
-31
-38
-34
-43
-43
-39
-53
-45
-36
-38
-47
-39
-38
-39
-32
-16
-7
-16
-9
-3
-4
-4
12
16
2
1
2
15
-3
16
17
12
-4
-12
-3
-11
-11
-15
-9
-10
-1
-3
-22
-13
-21
-21
-32
-22
-24
-35
-31
-55
-31
-45
-54
-39
-56
-63
-64
-58
-69
-82
-89
-91
-90
-92
-78
-99
-96
-94
-92
-86
-68
-59
-60
-58
-59
-26
-27
-17
-14
-16
-10
-1
0
18
28
36
36
38
52
50
46
62
51
45
56
65
68
52
52
40
27
32
19
4
9
-10
-3
-25
-47
-52
-47
-66
-62
-62
-69
-57
-60
-43
-71
-44
-52
-41
-25
-11
-19
-30
-23
-20
5
-2
-8
-7
-2
16
24
9
8
12
17
19
19
27
9
12
13
2
3
19
3
-5
-1
1
7
10
29
-2
18
-3
-10
-6
9
13
-5
-9
6
1
-4
-7
-11
-20
-29
-18
-45
-30
-45
-60
-52
-52
-55
-58
-45
-63
-57
-43
-50
-51
-56
-45
-36
-36
-16
-20
-25
-11
-1
10
11
9
7
27
27
30
19
17
23
32
28
12
24
19
22
13
8
2
17
19
2
18
6
-9
-20
-29
-32
-32
-21
-37
-46
-48
-50
-51
-52
-46
-36
-48
-41
-43
-47
-44
-24
-25
-29
-20
-30
-21
-12
-5
3
10
27
24
26
23
27
40
37
46
42
55
42
50
49
43
47
36
34
39
34
39
35
36
45
37
32
42
31
18
27
6
8
14
-4
1
4
-6
-8
-5
-9
2
-20
-29
-31
-38
-38
-63
-52
-64
-65
-55
-70
-65
-70
-87
-73
-57
-63
-69
-60
-69
-60
-46
-37
-19
-26
-29
-12
-12
-9
-4
4
6
9
10
6
15
10
16
17
7
23
11
14
10
9
-5
-14
-5
-12
-21
-28
-32
-15
-37
-46
-42
-51
-52
-56
-57
-55
-77
-70
-63
-68
-68
-52
-59
-64
-44
-44
-38
-31
-20
-3
1
-1
16
12
12
32
34
44
36
44
50
57
54
61
59
55
60
43
46
33
30
36
45
40
30
45
26
21
23
24
32
29
35
26
9
25
15
18
5
-4
-10
-1
5
-1
-19
-19
-10
-16
-35
-42
-38
-42
-32
-31
-38
-54
-41
-47
-49
-51
-54
-34
-42
-32
-38
-37
-26
-17
-16
-27
-4
-4
-7
10
9
6
14
14
27
21
31
41
38
45
34
33
35
29
29
32
19
22
4
7
12
-14
-1
10
-2
-4
-5
-3
-14
-9
-1
-19
-30
-23
-4
-9
-21
-26
-20
-6
-13
-1
1
4
-5
1
20
19
40
24
28
34
36
45
29
36
36
34
38
54
52
40
33
32
48
36
41
34
28
18
7
20
13
17
1
-2
11
21
13
-4
6
2
6
-7
0
-10
-24
-7
-3
0
-13
-11
-15
-21
-19
-13
-2
-13
-14
3
4
-9
-6
-16
-12
3
-12
-7
-5
0
1
1
8
18
5
27
28
16
23
27
42
34
45
44
37
38
39
53
45
57
55
61
63
62
62
63
72
68
50
51
55
54
47
40
53
38
47
41
24
46
38
41
25
6
21
18
25
19
24
37
19
22
22
29
21
22
23
20
31
39
55
51
67
50
57
75
78
68
60
54
51
50
47
56
38
48
43
41
30
29
6
5
20
18
6
9
9
10
10
-7
2
6
7
3
-7
11
15
-1
15
6
13
28
34
24
14
41
27
34
47
40
41
37
42
37
44
36
49
53
58
51
50
50
41
38
39
43
47
35
39
38
33
37
24
39
40
43
53
52
56
47
53
65
62
44
55
60
65
72
60
61
70
46
39
56
47
46
47
28
35
26
32
23
23
22
6
25
8
5
6
3
9
31
12
18
14
30
25
22
44
39
38
38
38
28
52
57
46
51
46
39
35
32
36
24
11
19
6
18
23
11
22
24
14
-7
11
18
20
20
10
30
24
42
24
8
26
35
35
30
37
39
44
44
41
47
34
43
55
53
64
65
56
56
45
45
52
44
52
44
34
38
26
28
22
14
18
16
8
21
24
7
5
18
22
8
21
24
20
30
39
20
23
57
51
51
43
39
42
53
57
60
46
40
43
38
41
47
43
30
34
22
17
28
14
17
15
30
15
7
-1
-12
21
12
7
1
-14
-15
-10
6
1
4
5
-6
-3
-16
-5
-1
-2
-2
-6
-18
-2
-3
10
5
-15
9
-1
7
3
2
6
9
16
8
28
15
7
28
23
31
29
9
21
38
27
22
20
25
22
14
16
19
31
21
27
36
27
24
22
33
14
19
31
15
17
8
-11
-6
12
-10
-10
-4
-15
-15
-22
-19
-25
-25
-27
-33
-24
-17
-12
-24
-20
-13
-8
16
31
11
21
36
43
63
53
64
64
40
46
66
67
62
50
67
63
46
47
49
49
44
56
21
28
30
14
18
18
26
13
1
13
14
18
19
13
28
7
15
8
7
12
26
24
8
13
34
26
19
35
19
37
50
35
59
52
56
54
53
54
60
54
47
53
51
55
48
42
57
59
61
58
66
55
47
54
35
64
45
27
39
33
25
13
14
18
7
3
-4
5
6
4
-5
-5
-2
-18
-7
-1
-18
-10
0
-21
-18
-16
-26
-23
-26
-31
-30
-14
-21
-19
-8
-6
-2
1
13
15
21
30
39
43
33
42
37
34
52
59
65
53
62
69
63
68
67
76
66
52
54
57
54
52
54
40
38
34
29
29
37
14
19
42
31
7
17
24
15
18
26
1
8
31
29
30
27
21
13
42
48
43
50
35
52
65
49
36
50
51
41
55
44
52
47
50
51
39
33
34
40
27
33
27
9
6
7
13
10
2
6
11
6
8
-14
-14
-11
-3
-8
-8
-13
-19
-5
-6
4
-3
5
-7
7
-1
5
3
1
-5
-4
8
-3
9
-15
-3
21
7
4
3
11
13
21
27
16
25
39
45
29
42
46
52
61
58
69
72
65
58
61
48
56
66
61
67
51
45
30
35
20
26
32
23
32
12
19
13
6
-1
-12
-16
-17
-7
-8
-9
-20
-25
-11
-18
-5
-13
-22
-6
-8
0
16
-9
15
24
7
20
12
20
20
24
25
10
22
31
17
35
20
21
17
14
17
10
11
