-27
-28
-35
-31
-19
-25
-27
-21
-33
-38
-33
-33
-23
-26
-32
-31
-36
-19
-25
-27
-19
-5
-32
-24
-16
-37
-34
-47
-32
-25
-26
-32
-31
-37
-41
-49
-44
-38
-38
-35
-49
-43
-41
-39
-31
-23
-35
-19
-20
-32
-34
-24
-28
-25
-35
-37
-39
-36
-27
-29
-23
-28
-31
-34
-33
-33
-22
-16
-20
-23
-15
-23
-22
-23
-29
-30
-15
-20
-22
-20
-30
-29
-22
-27
-23
-26
-9
-20
2
-4
-31
-28
-31
-21
-37
-28
-39
-26
-27
-39
-30
-42
-23
-27
-26
-32
-34
-39
-25
-14
-30
-29
-29
-26
-45
-23
-29
-52
-39
-37
-37
-14
-13
-20
-31
-12
-23
-15
-20
-31
-22
-17
-35
-31
-23
-41
-32
-35
-29
-37
-36
-25
-33
-41
-34
-40
-31
-39
-42
-48
-49
-48
-43
-55
-36
-28
-49
-34
-35
-26
-37
-38
-35
-32
-43
-54
-31
-48
-42
-55
-45
-30
-38
-45
-44
-34
-46
-49
-52
-41
-49
-55
-29
-39
-34
-41
-61
-47
-45
-52
-52
-47
-32
-46
-53
-45
-55
-41
-56
-45
-36
-36
-37
-56
-49
-63
-56
-53
-56
-44
-58
-62
-57
-42
-48
-49
-49
-55
-58
-52
-44
-39
-54
-64
-58
-49
-51
-57
-48
-54
-39
-55
-50
-44
-52
-38
-53
-56
-61
-47
-34
-65
-64
-48
-57
-50
-53
-62
-56
-61
-53
-46
-36
-28
-57
-40
-35
-34
-36
-38
-39
-57
-57
-59
-50
-55
-58
-64
-52
-36
-45
-47
-46
-46
-51
-38
-28
-36
-33
-32
-41
-19
-33
-40
-26
-40
-36
-31
-19
-20
-36
-34
-20
-23
-31
-17
-37
-29
-25
-20
-31
-30
-21
-14
-15
-29
-6
-18
-27
-27
-27
-25
-18
-13
-15
-9
-14
-32
-30
-15
-28
-33
-26
-19
-5
-35
-32
-15
-17
-15
-19
-4
3
-17
-17
-15
-21
-9
6
-2
5
-2
-8
13
2
-11
2
-10
4
14
1
0
5
7
-12
-9
-11
-7
-4
-21
-17
-9
-13
-8
-10
-12
-27
-13
-9
-13
1
-7
-7
-1
-2
1
-3
-7
-10
1
3
-7
-15
-11
-9
-33
-17
-23
-21
-14
-19
-7
-17
-31
-8
-24
-20
-18
-26
-18
-29
-23
-31
-29
-18
-11
-22
-17
-17
-24
-23
-10
-11
-8
-8
-8
-3
-4
-13
-13
-9
-5
-11
-11
-6
-12
-22
-18
-19
-15
-5
-13
-8
-18
-21
-21
-8
-16
-13
-12
-18
-22
-26
-11
-21
-14
-2
-22
-29
-46
-40
-43
-52
-35
-22
-34
-50
-33
-37
-22
-28
-38
-48
-46
-37
-50
-54
-42
-44
-54
-52
-54
-60
-57
-62
-59
-62
-47
-55
-60
-48
-62
-60
-56
-45
-38
-52
-40
-45
-45
-35
-37
-52
-59
-52
-45
-54
-53
-45
-54
-44
-54
-52
-57
-50
-57
-61
-39
-43
-54
-67
-45
-37
-44
-47
-42
-36
-41
-43
-53
-52
-35
-45
-44
-46
-47
-58
-47
-45
-57
-39
-50
-36
-38
-19
-32
-26
-16
-17
-9
-10
-25
-28
-26
-42
-26
-29
-29
-26
-22
-17
-20
-35
-30
-8
-22
-30
-39
-32
-22
-33
-29
-35
-23
-34
-33
-34
-50
-35
-26
-38
-33
-27
-36
-33
-22
-26
-38
-42
-24
-30
-48
-56
-36
-20
-36
-37
-44
-30
-38
-37
-21
-32
-45
-34
-32
-31
-31
-26
-21
-36
-15
-13
-17
-7
-23
-16
-18
-9
2
6
-15
3
4
0
11
2
-2
-5
3
0
10
12
-14
-2
-2
4
4
-4
6
-1
10
-7
5
10
-3
7
4
-19
-12
-7
-16
-17
-20
-21
-3
-2
0
-4
7
12
-1
-6
4
7
-9
-5
0
1
-15
-23
-8
4
3
-4
-1
-8
0
-7
-1
5
-1
5
-11
-16
-6
-6
3
-4
-11
-1
1
-2
3
-9
-9
-14
-12
-16
-23
-21
-18
-10
-6
0
5
14
17
13
3
20
29
5
-17
-1
17
14
3
-1
4
8
7
16
12
13
17
10
12
14
14
5
19
23
22
11
-4
8
10
13
13
17
16
13
9
18
13
13
15
26
25
11
29
11
19
26
2
3
3
16
14
21
9
0
19
7
14
3
-2
8
11
-5
4
2
21
15
-10
-6
1
-1
-9
-5
-3
-17
-3
13
4
10
-10
13
2
-4
-6
-3
0
-12
-7
-8
-2
-14
-5
-8
-14
-18
-13
-11
-15
-15
-24
-4
-1
-4
-4
3
-2
-14
5
6
2
6
12
3
11
-1
0
-10
-10
-15
-15
26
3
-8
0
-5
-1
3
6
10
13
13
-1
0
-15
0
0
-3
-1
7
7
-3
-15
-9
-1
-22
-6
-10
-13
-11
-13
-16
-12
-24
3
0
-11
-7
-8
-18
-19
-7
-22
-21
-30
-28
-28
-38
-33
-35
-38
-36
-14
-17
-12
-12
-34
-30
-27
-16
-14
-19
-7
-10
-9
-7
-11
-26
-15
-14
-25
1
-9
-12
-5
2
-18
-10
11
-13
-22
-29
-15
-19
-16
-13
-13
-16
-16
-16
-13
-6
-7
18
-1
-11
15
3
18
5
5
14
-1
-2
0
-2
-1
-9
-17
-5
-3
-5
-14
-10
-4
-3
-9
-21
-15
-14
-7
-2
5
7
-12
4
-1
-5
6
-5
-8
-11
-12
-9
-25
-12
-12
-10
-16
-19
-7
-21
-6
7
13
-7
-5
13
11
-6
-9
14
8
-1
10
1
3
18
9
13
8
5
-4
-1
1
8
-18
-21
-6
-21
-11
1
-3
-8
-5
4
2
-3
6
-5
2
-8
-2
-4
0
-6
0
-5
-2
-3
2
-1
22
6
3
-6
-12
-6
-11
9
-10
-7
-22
-19
-6
-5
-13
-5
-1
-7
0
-5
-14
-17
-13
-17
4
8
-11
1
-12
-13
-9
-17
-16
0
-7
0
-5
2
11
4
-5
1
7
12
8
4
6
7
20
27
33
10
15
26
26
13
23
16
-3
4
-5
12
11
18
12
10
5
8
-8
-4
12
13
18
11
9
18
22
17
20
26
20
9
17
16
13
13
20
10
28
32
12
33
33
3
9
23
17
13
15
19
8
17
15
1
16
23
15
16
19
1
12
19
6
15
20
24
22
32
8
16
23
6
1
14
14
21
18
22
21
9
21
0
-3
24
12
24
29
22
17
20
24
6
13
21
22
23
11
6
8
12
8
10
0
9
3
9
11
15
19
12
30
16
12
25
26
21
26
28
36
36
23
38
37
52
51
39
46
40
28
31
48
33
33
16
24
41
37
42
21
20
23
23
17
22
29
43
38
33
32
21
32
36
22
31
46
20
34
16
1
5
14
14
12
16
10
12
29
22
14
20
18
27
18
21
11
32
35
22
9
13
16
14
12
21
12
19
14
4
24
16
0
22
31
22
22
23
16
12
28
9
20
35
25
7
-1
0
22
19
5
10
11
8
14
22
27
30
14
22
27
18
5
11
18
14
7
7
-4
15
18
20
36
30
33
28
41
39
38
51
53
38
22
42
18
32
41
28
37
9
13
25
26
30
13
31
25
13
27
25
26
24
36
46
44
30
18
23
33
47
46
23
44
45
28
51
52
41
54
35
52
46
38
38
50
37
27
52
51
43
41
43
47
47
47
46
30
40
47
37
34
34
25
34
52
54
39
34
41
22
28
33
42
31
40
29
21
33
28
38
52
45
42
39
27
40
33
40
45
35
56
59
57
59
45
33
43
45
49
66
68
45
33
41
47
48
33
37
52
29
42
49
50
56
57
51
47
45
39
42
43
42
35
46
40
42
52
39
45
58
46
57
49
40
43
44
43
46
30
45
62
48
48
50
55
50
48
59
64
50
58
52
48
52
42
47
47
46
45
49
42
40
42
54
51
48
67
67
52
50
46
48
54
46
49
40
48
45
40
46
29
49
39
32
43
38
23
32
35
26
46
30
27
27
18
13
20
35
30
29
30
22
15
20
17
19
15
11
12
12
2
26
14
13
12
11
7
2
3
-13
12
-7
-22
-1
11
-6
5
8
-5
-11
6
13
10
12
6
21
16
23
27
38
22
31
29
20
30
26
23
10
15
-4
-6
4
-16
-8
-11
-2
-5
-13
7
-7
-16
-18
-35
-32
-18
-14
-14
-11
-9
3
-24
-10
-27
-33
-13
-12
-13
-27
-24
-25
-19
-13
-10
-32
-23
-19
-36
-24
-8
-27
-51
-32
-27
-18
-21
-33
-25
-27
-35
-27
-22
-21
-26
-8
-17
-22
-8
-13
-17
-14
-18
-11
-13
-2
-9
-14
2
10
-1
-8
1
-7
0
-14
-5
1
0
3
-9
0
4
-3
-1
-7
-16
-15
-13
0
2
-9
-9
1
-2
-13
-7
-19
-22
-14
-23
-21
-19
-29
-26
-26
-27
-31
-40
-22
-14
-40
-24
-14
-11
-6
-13
-17
-8
-8
-5
-5
-12
-6
-3
-4
3
-18
-3
-2
-15
-4
-2
-13
-3
-13
-9
-3
-3
3
-7
-11
-22
-19
0
-2
-13
-9
-8
-8
-21
-19
-12
-31
-28
-38
-28
-26
-24
-25
-20
-5
-7
-19
-22
-22
-21
-23
-29
-18
-22
-21
-30
-29
-39
-20
-31
-31
-8
-19
-20
-13
-14
-15
-10
-23
-12
8
-3
-25
-19
-20
-21
-20
-16
-9
-7
-2
0
4
-4
1
-6
-13
-5
-5
-7
-19
-26
2
-9
-6
-12
-25
-14
-10
-3
-16
-17
-33
-18
-9
-13
-14
-10
-21
-33
-25
-45
-39
-40
-33
-33
-38
-43
-41
-41
-47
-41
-36
-43
-46
-44
-47
-50
-50
-63
-56
-47
-42
-36
-40
-31
-31
-22
-37
-31
-35
-41
-40
-27
-39
-39
-26
-34
-30
-36
-32
-38
-35
-28
-38
-43
-27
-44
-39
-36
-35
-28
-29
-32
-37
-28
-31
-25
-21
-27
-37
-49
-44
-25
-22
-17
-19
-17
-10
-24
-13
-21
-19
-28
-29
-40
-48
-32
-41
-39
-38
-35
-35
-40
-37
-28
-31
-41
-35
-37
-41
-36
-30
-49
-45
-32
-33
-45
-37
-26
-35
-27
-34
-29
-30
-22
-39
-17
-31
-37
-25
-21
-23
-32
-23
-33
-15
-24
-30
-30
-26
-28
-30
-29
-32
-21
-24
-30
-36
-32
-31
-23
-16
-30
-37
-32
-23
-24
-42
-25
-12
-28
-15
-18
-14
-24
-23
-18
-20
-11
-27
-36
-24
-30
-38
-34
-39
-28
-36
-26
-16
-37
-16
-28
-34
-17
-28
-36
-29
-35
-36
-45
-39
-24
-27
-33
-27
-32
-51
-30
-40
-35
-22
-17
-26
-25
-18
-29
-19
-16
-28
-23
-11
-13
-18
-4
-19
-22
0
-22
-25
-20
-30
-25
-18
-27
-23
-18
-27
-17
-27
-18
-24
-21
-11
-13
-15
-8
-1
-6
-19
-31
-21
-23
-25
-33
-33
-29
-34
-30
-25
-30
-19
-18
-36
-44
-19
-25
-19
-16
-25
-20
-36
-18
-5
-5
-12
11
12
-8
4
2
-3
-15
-12
-20
-29
-16
-8
-18
-17
-18
-8
-22
-18
-21
-32
-16
-28
-19
-17
-17
-24
-24
-17
4
1
7
-7
-20
-13
-12
4
-13
-16
-11
-17
-12
-10
-18
-12
-2
-18
-20
-14
-15
-15
-6
-19
-28
-27
-33
-24
-28
-16
-10
-16
-26
-19
-11
-36
-12
-6
-10
-7
-1
9
10
-12
6
8
6
10
1
-3
-10
0
7
1
0
-16
-7
18
9
5
-5
32
19
7
20
18
18
31
16
4
34
24
13
-7
13
16
3
17
6
24
22
10
12
-1
0
17
18
24
18
14
28
35
29
27
27
26
31
22
20
9
21
5
13
16
-1
0
12
6
11
21
29
28
35
23
10
17
20
12
8
6
-9
-3
10
4
11
9
-3
5
-7
-10
-3
7
-8
-8
-3
-1
-8
3
6
-10
3
0
8
3
1
-4
-6
-8
6
19
7
8
5
12
36
32
27
32
26
28
18
22
26
40
31
39
36
18
23
28
23
11
15
25
27
16
18
17
11
19
16
27
32
32
19
9
19
7
26
23
11
28
11
13
7
1
9
10
11
10
12
0
10
15
8
3
11
12
7
18
6
6
15
-4
0
-2
5
-1
-11
1
0
9
25
15
14
22
17
20
13
2
16
13
2
6
18
8
6
13
-5
-4
-7
2
-3
1
-12
-8
-6
-2
-7
-2
12
2
19
9
4
7
17
11
8
18
14
14
8
14
26
25
33
26
20
30
10
12
14
15
13
5
21
22
31
13
29
20
27
33
42
44
20
34
21
30
36
31
31
36
32
28
21
21
24
14
11
18
4
4
9
11
25
24
13
13
13
-3
-5
-15
-4
12
-5
-4
0
5
14
14
9
15
25
25
36
16
18
25
18
9
18
19
22
24
20
28
16
22
19
18
7
16
34
37
32
26
18
27
20
29
41
32
38
25
28
7
32
26
10
32
21
14
26
27
17
24
11
43
27
22
24
14
34
11
16
10
3
10
4
10
1
7
10
-2
5
2
0
4
14
9
13
-7
-10
9
-5
-8
17
11
-3
11
10
9
-7
9
8
3
18
8
0
3
0
2
-16
-1
-9
7
-1
2
-5
-7
-5
-9
7
-6
-5
0
-3
-17
-6
2
-13
-15
-9
-9
-16
-21
2
-6
-7
-2
-19
12
-8
-10
-15
-13
-2
-10
-20
-13
-10
-25
-13
0
-6
-12
2
-13
-16
0
-3
-6
-3
1
-14
-6
-8
-10
-1
-5
-6
4
1
-1
-16
-17
-3
-13
-14
-15
-13
-5
-3
-5
-6
1
-5
-4
-5
-12
-6
6
-9
-15
-4
-10
-11
-9
6
-2
-16
-6
-8
-2
-12
-18
-20
-22
-24
-19
-21
-24
-27
-27
-21
-27
-12
-8
-23
-26
-11
-8
-15
-8
-10
-7
-12
-20
-7
-6
-4
-3
6
15
8
-5
9
13
10
5
2
8
12
4
19
34
26
7
0
20
3
1
13
6
11
18
15
13
19
23
13
11
18
-3
0
10
-2
10
-2
7
4
3
2
-1
4
13
15
9
18
20
-1
5
1
-2
7
5
-3
-5
1
-7
-1
-4
-9
-6
2
6
-2
-10
-1
-9
-16
-5
-14
17
0
-2
8
-14
19
0
1
7
6
17
21
11
-2
-7
4
7
19
18
18
17
18
26
6
5
17
21
14
8
14
7
6
15
2
2
18
2
2
8
17
21
21
20
23
19
15
16
31
43
22
35
37
22
22
14
20
10
18
29
8
25
17
14
30
12
-3
13
13
18
7
15
19
-3
8
22
2
0
13
4
0
-4
-5
3
13
2
7
13
13
17
15
-11
-6
13
13
14
5
20
15
0
6
2
-1
17
8
-1
6
-1
9
2
-2
20
12
-2
-5
11
18
21
11
28
21
18
19
11
9
10
15
10
14
15
23
24
16
21
10
10
16
17
13
21
28
0
23
12
14
20
2
18
12
14
23
31
26
23
40
36
40
34
27
31
43
34
31
24
37
26
26
30
15
31
21
25
23
30
26
32
27
42
31
30
34
33
42
38
38
36
39
35
32
45
42
21
35
37
33
32
27
16
21
18
19
20
11
28
24
21
24
27
34
22
22
24
41
33
35
24
29
33
27
38
18
28
36
39
16
33
34
15
17
17
23
23
25
12
24
22
30
22
39
45
47
53
35
43
43
42
37
54
48
55
63
44
51
42
44
37
42
59
47
31
41
34
25
31
12
21
31
23
31
43
36
43
34
26
35
26
30
32
30
31
19
17
7
14
10
8
17
14
29
30
32
40
29
29
25
30
24
21
29
39
40
25
30
45
45
30
36
29
26
30
24
28
20
9
11
22
20
32
29
17
38
39
36
24
21
19
25
27
7
15
29
18
22
21
22
11
1
12
22
28
10
7
20
15
11
5
1
22
10
15
20
11
14
11
8
23
21
11
23
30
34
17
14
16
7
2
13
22
2
22
2
12
23
7
24
30
15
17
34
30
24
31
21
26
18
25
24
-9
16
-2
6
3
-2
1
-12
7
11
15
-1
1
1
-1
-4
2
16
5
15
11
8
14
8
6
7
3
-6
-5
-11
-4
0
3
7
-10
-2
-7
-27
-7
-8
-11
-7
1
9
9
9
17
28
24
9
22
29
25
35
35
33
45
60
40
31
23
23
31
32
47
38
23
21
18
28
32
27
26
30
36
33
35
49
59
22
29
25
11
17
25
24
22
19
10
18
34
39
40
44
30
32
28
29
31
24
24
21
24
33
30
36
34
40
27
19
32
12
35
9
10
30
3
20
17
31
23
16
19
21
22
26
38
26
-8
7
18
14
18
13
27
31
30
31
34
37
23
29
12
18
30
16
18
21
23
28
24
14
16
15
-5
-1
1
1
17
-90
-208
-151
-143
-138
-38
7
-16
-2
-3
37
45
34
73
58
71
47
41
44
24
10
11
26
43
41
16
6
-3
-4
-19
-24
-24
-15
12
-2
8
1
-1
1
-17
-3
-3
-10
4
6
6
21
20
28
19
10
29
9
35
32
6
14
14
32
11
17
32
32
-3
-1
4
-27
-12
-21
-31
-51
-78
-142
-278
-265
-188
-135
-81
-87
-86
-83
-31
-12
24
60
62
47
40
95
40
15
69
6
24
49
30
33
-3
7
3
-17
-39
-39
-57
-49
-67
-68
-180
-456
-684
-745
-539
-377
-207
-80
-212
-287
-98
-30
81
109
144
22
-273
-266
-287
-337
-386
-426
-286
-245
-217
-62
-120
24
227
214
336
-69
-128
54
1
243
263
-68
-211
-318
-415
-278
-160
-148
-164
-142
-176
-502
-652
-639
-540
-216
-276
-255
-439
-650
-513
-467
-400
-231
-131
-28
-65
43
111
-81
-178
-352
-252
-8
44
157
-18
-197
-134
-260
-154
136
124
151
12
-4
-113
-347
-183
-5
-226
-173
-166
-256
-332
-516
-597
-642
-670
-485
-268
-196
-150
-274
-192
-159
-121
53
80
133
112
155
252
143
92
87
223
314
360
229
6
-79
-207
-247
63
46
-32
-146
-221
-236
-328
-362
-375
-378
-317
-362
-254
-210
-314
-287
-232
-136
-166
-95
-2
-26
-88
-16
-14
53
-10
-105
-43
-69
-80
5
73
48
-9
-13
-158
-154
-142
-123
118
153
31
-129
-152
-101
-180
-118
11
-43
-4
-48
-30
-14
-149
-149
-102
-11
-3
74
63
-21
-9
-95
-34
9
-31
-48
24
38
66
59
75
24
2
-38
-15
112
47
54
64
27
-47
-77
-88
-34
-36
7
44
64
-26
-201
-159
-113
-65
-47
81
-11
-201
-241
-243
-123
-1
107
60
-73
-140
-257
-284
-112
-88
-49
4
8
-195
-266
-256
-292
-154
-45
-9
-48
-148
-219
-261
-228
-203
-302
-143
-51
-189
-127
-199
-309
-261
-184
-67
-80
-157
-151
-222
-214
-206
-110
-93
-105
-91
-77
33
39
-27
-77
-63
-90
-112
-63
-56
-105
-61
-18
-36
-119
-218
-228
-213
-191
-100
-36
-36
-32
-93
-163
-174
-230
-211
-105
-51
35
3
-72
-55
-132
-110
-52
-15
-12
-34
-29
-83
-117
-134
-159
-143
-167
-169
-166
-204
-239
-291
-249
-266
-262
-236
-230
-270
-321
-302
-271
-223
-248
-290
-282
-277
-271
-241
-229
-249
-292
-279
-236
-279
-278
-294
-344
-310
-313
-277
-281
-371
-409
-396
-373
-335
-300
-252
-251
-257
-265
-239
-202
-201
-164
-115
-44
-21
-60
-56
-68
-81
-20
89
146
167
195
204
244
247
307
351
352
361
361
367
409
435
446
482
509
527
547
548
574
581
621
632
645
648
661
640
578
528
471
422
346
250
180
53
-67
-133
-234
-370
-492
-641
-785
-878
-980
-1054
-1123
-1178
-1243
-1318
-1394
-1411
-1430
-1450
-1418
-1380
-1331
-1301
-1290
-1241
-1218
-1155
-1050
-973
-914
-862
-824
-794
-738
-704
-674
-633
-590
-586
-558
-557
-526
-500
-509
-463
-432
-377
-324
-251
-295
-264
-192
-138
-77
58
195
238
371
434
532
579
611
699
838
979
1063
1162
1261
1391
1446
1592
1725
1928
2021
1958
1684
1356
1179
1101
1070
1025
839
523
181
-182
-403
-625
-791
-947
-1109
-1221
-1281
-1389
-1529
-1731
-1855
-1872
-1765
-1537
-1390
-1364
-1378
-1396
-1356
-1200
-1066
-925
-849
-773
-645
-564
-541
-577
-709
-850
-938
-980
-998
-1031
-1134
-1222
-1328
-1416
-1469
-1564
-1594
-1642
-1633
-1502
-1376
-1324
-1294
-1282
-1213
-1123
-984
-820
-752
-656
-520
-343
-149
-50
64
150
137
116
218
368
424
508
552
551
697
699
618
623
623
730
923
1058
1058
1068
1003
985
1121
1190
1327
1288
1118
964
783
630
567
520
494
340
116
-76
-291
-458
-590
-724
-818
-865
-881
-874
-934
-1083
-1221
-1211
-1076
-861
-679
-582
-572
-570
-507
-404
-289
-254
-211
-138
-90
-38
-49
-187
-322
-407
-396
-363
-368
-426
-498
-611
-629
-592
-669
-675
-703
-723
-649
-575
-471
-436
-488
-445
-379
-320
-174
-45
-102
-27
111
61
205
226
228
391
396
458
527
547
583
561
570
616
619
647
765
762
731
747
771
834
900
940
1005
1069
1129
1141
1152
1186
1261
1331
1404
1482
1538
1599
1621
1659
1712
1772
1862
1943
2033
2087
2099
2061
2033
2053
2109
2168
2190
2205
2155
2100
2057
1999
1932
1876
1841
1856
1874
1870
1820
1777
1731
1681
1704
1731
1795
1812
1806
1761
1687
1607
1537
1486
1464
1459
1436
1432
1418
1368
1274
1199
1095
1065
1040
1024
1001
929
847
753
669
583
545
474
467
430
401
400
393
386
402
431
441
505
585
623
624
613
622
643
680
712
702
666
657
596
520
527
510
517
527
568
595
568
566
567
639
699
745
811
848
898
900
929
985
1044
1059
1151
1204
1278
1357
1377
1432
1476
1539
1612
1724
1794
1884
1878
1814
1726
1595
1567
1621
1640
1672
1586
1417
1284
1099
993
913
840
807
730
646
576
430
255
135
61
120
225
293
346
332
264
291
357
469
624
770
878
979
1035
1033
1003
955
971
1023
1085
1014
998
919
837
786
650
653
580
532
444
359
333
224
131
27
-29
32
67
-34
7
21
-9
32
-11
97
114
78
238
260
217
247
220
266
420
359
399
404
367
453
430
503
535
486
497
481
450
487
558
489
551
644
646
631
515
596
639
685
865
920
1012
1043
1097
1143
1130
1170
1044
863
784
842
906
839
608
312
67
-73
-163
-245
-403
-606
-791
-931
-1059
-1208
-1398
-1568
-1638
-1626
-1497
-1408
-1460
-1546
-1611
-1591
-1416
-1215
-1047
-973
-964
-936
-898
-812
-761
-778
-798
-807
-789
-772
-876
-1090
-1304
-1392
-1439
-1457
-1471
-1642
-1831
-2009
-2107
-2145
-2187
-2255
-2358
-2442
-2432
-2371
-2399
-2417
-2509
-2499
-2378
-2226
-2141
-2009
-2024
-2042
-1977
-1920
-1808
-1833
-1773
-1695
-1596
-1520
-1611
-1753
-1783
-1731
-1615
-1506
-1422
-1418
-1530
-1580
-1544
-1576
-1547
-1403
-1232
-1172
-1081
-920
-964
-1036
-977
-820
-574
-372
-155
-24
-51
-23
-38
-223
-287
-270
-300
-199
-202
-286
-578
-1004
-1255
-1401
-1419
-1406
-1529
-1753
-1998
-2232
-2437
-2558
-2649
-2657
-2639
-2605
-2551
-2554
-2611
-2682
-2689
-2543
-2278
-2047
-1861
-1810
-1821
-1825
-1736
-1557
-1431
-1346
-1307
-1296
-1329
-1391
-1512
-1676
-1769
-1735
-1661
-1625
-1789
-2004
-2178
-2312
-2286
-2240
-2204
-2228
-2330
-2399
-2392
-2340
-2309
-2301
-2293
-2166
-2005
-1845
-1766
-1795
-1759
-1612
-1474
-1300
-1243
-1186
-1097
-1076
-913
-909
-870
-846
-810
-834
-864
-593
-457
-436
-528
-513
-338
-311
-203
-29
61
176
316
460
646
621
629
715
998
1345
1499
1481
1272
974
765
811
1018
1148
1063
772
334
-12
-168
-241
-315
-472
-684
-850
-1040
-1220
-1419
-1645
-1774
-1738
-1607
-1463
-1417
-1559
-1649
-1669
-1486
-1186
-925
-738
-691
-654
-559
-422
-263
-134
-86
-35
-60
-81
-127
-192
-227
-245
-269
-339
-468
-624
-722
-775
-799
-836
-869
-958
-1071
-1159
-1161
-1133
-1099
-1063
-1071
-1051
-1010
-931
-823
-725
-678
-551
-453
-367
-290
-230
-75
-48
43
182
335
308
231
280
382
537
604
722
750
765
846
840
893
1001
1175
1314
1348
1466
1549
1618
1712
1880
2143
2248
2170
1882
1603
1540
1653
1855
1884
1611
1166
676
423
409
452
391
154
-204
-518
-734
-871
-958
-1081
-1150
-1138
-1089
-1055
-1131
-1241
-1268
-1130
-820
-467
-246
-216
-236
-160
77
391
649
821
769
677
651
670
768
764
667
564
403
285
165
-34
-200
-328
-402
-474
-599
-765
-940
-1068
-1076
-999
-917
-881
-907
-916
-828
-663
-435
-242
-157
-73
20
180
377
553
727
905
922
974
1078
1178
1275
1309
1403
1560
1611
1618
1652
1685
1733
1854
2011
2140
2220
2277
2395
2534
2765
3004
3199
3298
3183
2863
2634
2681
2906
3149
3064
2611
2008
1472
1285
1325
1351
1215
818
334
-69
-304
-420
-501
-639
-742
-770
-812
-838
-942
-1061
-1028
-815
-496
-225
-144
-161
-152
29
369
740
938
983
874
862
970
1072
1126
1016
893
760
702
613
424
185
-50
-178
-233
-339
-543
-828
-1069
-1246
-1283
-1271
-1327
-1474
-1562
-1600
-1522
-1341
-1217
-1123
-1066
-966
-785
-563
-366
-189
-28
173
378
559
724
859
967
1112
1286
1419
1528
1604
1649
1728
1775
1919
2048
2115
2232
2282
2410
2582
2817
3041
3180
3289
3165
2810
2525
2538
2865
3091
2921
2397
1695
1158
1005
1118
1222
970
394
-224
-622
-723
-708
-747
-915
-1162
-1331
-1343
-1303
-1260
-1250
-1224
-1073
-815
-580
-444
-384
-270
-35
312
653
832
827
801
841
990
1156
1169
1097
918
771
735
636
509
283
-7
-161
-258
-357
-538
-782
-997
-1100
-1116
-1115
-1171
-1307
-1379
-1351
-1225
-1022
-902
-815
-734
-610
-377
-122
136
364
539
753
981
1192
1362
1517
1660
1814
1983
2149
2274
2331
2406
2491
2670
2818
2935
3043
3110
3275
3474
3706
3917
4039
3862
3397
3027
2971
3353
3626
3400
2750
1918
1354
1249
1423
1557
1246
503
-197
-544
-527
-373
-437
-687
-999
-1232
-1178
-1037
-914
-835
-822
-675
-443
-244
-66
23
170
458
764
1016
1125
1061
1052
1124
1286
1462
1408
1263
1062
918
898
829
715
499
167
-59
-171
-273
-379
-639
-905
-1077
-1169
-1135
-1131
-1245
-1372
-1440
-1371
-1200
-1042
-969
-952
-916
-764
-517
-261
-73
53
198
384
623
828
987
1135
1269
1417
1577
1730
1804
1845
1906
2011
2140
2261
2329
2369
2375
2465
2628
2821
2984
3082
2870
2263
1787
1769
2229
2499
2152
1376
508
-54
-1
283
409
-94
-979
-1676
-1876
-1666
-1457
-1578
-1975
-2411
-2634
-2457
-2220
-2069
-2071
-2138
-2057
-1805
-1586
-1391
-1253
-1090
-831
-542
-292
-158
-183
-154
12
225
400
356
207
-7
-86
-32
17
-97
-346
-668
-911
-966
-960
-1032
-1240
-1538
-1725
-1766
-1733
-1702
-1759
-1864
-1981
-1970
-1818
-1628
-1496
-1442
-1402
-1276
-1087
-838
-601
-411
-213
-12
205
445
656
873
1066
1273
1486
1675
1850
1943
2089
2288
2511
2669
2780
2863
2975
3153
3413
3684
3936
3951
3293
2750
2649
3166
3713
3528
2778
1829
1080
1042
1398
1669
1375
404
-532
-895
-729
-416
-378
-795
-1266
-1668
-1666
-1353
-1118
-1084
-1225
-1300
-1178
-1027
-823
-589
-427
-216
-26
102
184
222
307
563
760
879
777
598
514
548
678
769
651
351
18
-192
-129
-85
-150
-417
-767
-954
-1005
-950
-920
-1030
-1207
-1384
-1438
-1329
-1177
-1085
-1055
-1061
-1011
-892
-734
-508
-316
-124
32
173
328
491
745
1011
1271
1442
1549
1645
1751
1951
2212
2451
2577
2642
2683
2772
2991
3229
3482
3660
3796
3888
3380
2816
2697
3192
3763
3620
2864
2000
1320
1239
1635
1935
1691
697
-350
-718
-464
-73
-7
-485
-1030
-1512
-1586
-1186
-838
-796
-998
-1189
-1115
-915
-712
-418
-241
-119
16
83
191
292
426
711
878
936
812
625
613
745
928
1000
786
451
149
34
166
245
115
-235
-612
-830
-765
-694
-669
-866
-1136
-1320
-1400
-1262
-1107
-1009
-1025
-1126
-1151
-1071
-919
-676
-420
-238
-147
-77
67
277
557
896
1142
1251
1315
1391
1590
1862
2128
2360
2420
2403
2453
2624
2875
3120
3279
3397
3472
3595
3146
2598
2482
2904
3457
3311
2495
1646
1056
993
1393
1660
1366
361
-709
-1047
-639
-262
-248
-816
-1452
-1939
-1978
-1505
-1118
-1137
-1470
-1772
-1718
-1450
-1229
-934
-781
-744
-725
-663
-513
-324
-200
91
228
206
38
-38
100
330
470
447
207
-131
-256
-235
-50
-13
-237
-612
-929
-1047
-941
-865
-906
-1151
-1461
-1624
-1669
-1559
-1388
-1379
-1490
-1638
-1703
-1556
-1355
-1147
-957
-892
-876
-800
-619
-346
-47
230
400
506
573
777
1029
1289
1508
1660
1748
1785
1892
2098
2302
2493
2595
2689
2804
3026
3039
2443
2033
2114
2679
3006
2507
1631
964
628
844
1220
1233
579
-509
-1248
-1067
-596
-408
-753
-1449
-1935
-2198
-1952
-1507
-1361
-1644
-2041
-2199
-1946
-1712
-1560
-1355
-1294
-1303
-1306
-1226
-1013
-866
-708
-475
-464
-565
-672
-580
-348
-198
-167
-216
-456
-655
-657
-534
-400
-479
-747
-1003
-1171
-1149
-1031
-1020
-1141
-1390
-1588
-1695
-1658
-1498
-1396
-1456
-1597
-1737
-1705
-1516
-1302
-1116
-1035
-1050
-999
-872
-607
-281
-22
148
219
315
525
811
1106
1318
1422
1521
1621
1731
1963
2174
2333
2442
2510
2652
2825
2971
2449
1962
1985
2501
2938
2545
1679
995
668
860
1220
1294
743
-285
-1078
-991
-461
-248
-559
-1264
-1722
-1956
-1823
-1392
-1177
-1411
-1858
-2095
-1909
-1645
-1528
-1337
-1215
-1283
-1364
-1374
-1192
-929
-813
-576
-546
-692
-841
-777
-430
-133
-113
-239
-479
-687
-590
-365
-160
-210
-568
-904
-1030
-907
-730
-693
-880
-1204
-1468
-1524
-1381
-1270
-1210
-1333
-1525
-1650
-1618
-1427
-1246
-1108
-1059
-1062
-1067
-964
-734
-411
-144
2
39
95
243
542
865
1101
1186
1186
1225
1383
1624
1883
2026
2081
2114
2189
2366
2611
2846
2417
1875
1795
2300
2795
2572
1785
1164
912
1004
1311
1387
956
95
-630
-600
-153
-31
-359
-971
-1360
-1543
-1520
-1255
-1108
-1347
-1722
-1920
-1800
-1600
-1571
-1497
-1358
-1362
-1450
-1476
-1318
-1084
-943
-788
-763
-815
-886
-778
-472
-231
-234
-356
-517
-580
-462
-287
-163
-201
-460
-710
-792
-686
-514
-513
-660
-937
-1141
-1193
-1130
-1027
-979
-1116
-1334
-1449
-1435
-1260
-1102
-1004
-1002
-1061
-1065
-939
-698
-415
-238
-171
-169
-106
96
388
644
811
869
894
977
1123
1386
1598
1704
1710
1722
1819
2015
2254
2476
2551
2188
1747
1693
2151
2618
2501
1854
1228
914
1018
1312
1434
1134
410
-253
-408
-139
23
-138
-650
-1088
-1325
-1340
-1200
-1115
-1248
-1507
-1753
-1791
-1675
-1613
-1528
-1411
-1351
-1439
-1554
-1540
-1332
-1073
-849
-763
-845
-985
-959
-691
-365
-248
-359
-552
-635
-531
-336
-197
-199
-399
-677
-783
-680
-496
-462
-594
-821
-1026
-1108
-1041
-897
-842
-967
-1155
-1269
-1271
-1119
-949
-874
-909
-962
-954
-813
-606
-398
-259
-187
-159
-68
139
383
578
714
793
847
952
1112
1324
1513
1632
1679
1780
1898
2082
2254
2350
2240
1916
1778
2025
2378
2370
1933
1365
1089
1104
1242
1318
1107
550
-24
-257
-110
11
-171
-570
-953
-1157
-1197
-1154
-1130
-1227
-1458
-1640
-1683
-1615
-1564
-1555
-1493
-1437
-1485
-1534
-1531
-1388
-1178
-1023
-953
-987
-1047
-1002
-792
-558
-437
-482
-579
-634
-572
-417
-291
-268
-377
-528
-594
-524
-420
-389
-463
-632
-753
-808
-793
-748
-737
-785
-905
-1013
-1045
-986
-914
-843
-850
-879
-878
-803
-666
-521
-398
-289
-201
-123
14
229
421
578
682
781
892
1042
1239
1416
1558
1651
1737
1852
2044
2224
2299
2191
1933
1833
2020
2310
2334
1960
1461
1173
1187
1339
1382
1153
661
142
-60
35
158
9
-377
-748
-952
-1020
-1012
-973
-1073
-1276
-1487
-1568
-1521
-1477
-1443
-1411
-1383
-1455
-1533
-1492
-1343
-1175
-1029
-985
-1028
-1070
-1020
-822
-579
-455
-523
-646
-684
-589
-433
-323
-327
-421
-566
-632
-572
-453
-414
-500
-619
-743
-800
-771
-715
-688
-732
-850
-916
-942
-890
-788
-728
-730
-736
-730
-660
-517
-362
-218
-130
-61
51
194
400
608
726
829
926
1055
1214
1399
1561
1664
1779
1905
2064
2221
2245
2123
1937
1919
2128
2300
2201
1783
1378
1228
1296
1389
1317
999
546
190
77
168
151
-73
-444
-725
-825
-828
-844
-914
-1073
-1265
-1406
-1442
-1373
-1350
-1360
-1354
-1361
-1437
-1473
-1417
-1273
-1120
-1062
-1045
-1096
-1110
-1008
-798
-607
-557
-654
-733
-702
-542
-381
-318
-376
-499
-566
-548
-414
-329
-342
-448
-568
-599
-585
-521
-505
-535
-596
-698
-737
-743
-691
-643
-619
-628
-675
-678
-590
-479
-376
-323
-266
-211
-128
25
202
386
483
527
596
749
919
1121
1276
1379
1448
1546
1721
1929
2062
2030
1903
1802
1856
2023
2126
2003
1674
1357
1225
1267
1315
1205
894
511
204
98
132
69
-155
-463
-713
-830
-872
-875
-934
-1056
-1240
-1376
-1391
-1370
-1295
-1266
-1291
-1330
-1355
-1357
-1281
-1125
-1011
-961
-971
-981
-924
-813
-648
-567
-573
-602
-644
-590
-500
-399
-361
-429
-530
-595
-542
-442
-376
-420
-503
-609
-667
-621
-566
-521
-562
-672
-730
-744
-708
-659
-642
-636
-663
-681
-643
-532
-434
-372
-329
-296
-200
-115
31
211
354
439
487
587
743
914
1074
1213
1344
1478
1594
1758
1878
1893
1794
1755
1831
1974
2013
1864
1634
1404
1268
1270
1291
1176
871
522
302
210
146
48
-151
-434
-643
-771
-834
-840
-940
-1090
-1249
-1368
-1391
-1355
-1293
-1275
-1316
-1381
-1409
-1367
-1259
-1146
-1066
-1035
-1034
-1006
-933
-785
-670
-613
-609
-608
-582
-530
-444
-388
-368
-404
-509
-546
-489
-419
-374
-416
-516
-621
-647
-611
-540
-536
-605
-691
-751
-715
-663
-618
-628
-683
-690
-664
-575
-506
-464
-414
-357
-297
-216
-113
2
108
224
325
408
507
619
785
915
1045
1152
1261
1403
1565
1697
1746
1703
1651
1720
1847
1931
1832
1643
1486
1357
1331
1302
1233
1037
752
496
361
316
186
8
-204
-409
-577
-689
-762
-799
-913
-1096
-1219
-1292
-1288
-1288
-1277
-1245
-1281
-1335
-1361
-1264
-1150
-1062
-1025
-1009
-988
-942
-844
-684
-573
-560
-591
-593
-512
-424
-369
-347
-365
-435
-477
-460
-380
-370
-405
-500
-570
-603
-605
-582
-567
-615
-712
-743
-740
-703
-685
-683
-695
-694
-685
-624
-547
-478
-415
-378
-329
-218
-120
-22
98
221
316
402
510
608
712
820
947
1046
1123
1217
1381
1510
1560
1579
1566
1579
1660
1743
1718
1587
1444
1364
1310
1262
1201
1062
877
695
538
430
336
176
2
-192
-343
-438
-552
-636
-747
-866
-982
-1086
-1127
-1136
-1172
-1189
-1215
-1245
-1271
-1245
-1157
-1081
-1057
-1039
-1010
-931
-869
-790
-713
-642
-645
-650
-581
-510
-435
-404
-388
-420
-449
-468
-422
-394
-405
-448
-506
-530
-576
-572
-550
-551
-603
-715
-721
-701
-667
-634
-620
-631
-669
-647
-566
-447
-383
-337
-321
-265
-168
-54
62
141
202
254
367
506
618
704
779
847
933
1052
1174
1258
1356
1421
1451
1483
1446
1512
1592
1584
1492
1373
1281
1242
1189
1093
984
822
653
535
461
375
228
1
-173
-287
-361
-430
-559
-682
-814
-937
-986
-979
-982
-1024
-1090
-1129
-1129
-1105
-1054
-1001
-960
-935
-956
-913
-836
-744
-683
-655
-640
-655
-654
-569
-460
-425
-423
-488
-492
-470
-485
-440
-412
-446
-517
-564
-571
-564
-558
-563
-606
-659
-711
-726
-694
-634
-644
-694
-705
-699
-624
-546
-465
-406
-389
-349
-276
-151
-21
77
148
201
299
437
548
637
699
755
847
950
1086
1176
1230
1289
1354
1435
1465
1457
1489
1508
1513
1483
1364
1263
1214
1166
1103
981
854
656
499
387
312
216
18
-154
-301
-351
-448
-553
-662
-780
-884
-936
-905
-888
-939
-1028
-1033
-1011
-984
-934
-872
-851
-839
-817
-760
-644
-581
-532
-496
-481
-482
-472
-407
-350
-343
-395
-459
-474
-465
-485
-480
-491
-565
-612
-684
-713
-732
-740
-750
-802
-851
-887
-895
-846
-791
-766
-774
-779
-724
-622
-508
-401
-331
-300
-236
-134
13
156
240
295
347
385
504
626
716
764
770
791
812
925
1028
1090
1104
1099
1127
1208
1310
1349
1325
1267
1273
1312
1323
1245
1137
1048
989
919
845
754
591
416
257
216
148
12
-178
-345
-419
-476
-545
-611
-690
-769
-852
-857
-821
-794
-832
-870
-811
-766
-717
-674
-635
-597
-561
-521
-454
-422
-440
-442
-409
-378
-386
-448
-478
-461
-489
-504
-566
-602
-673
-739
-780
-769
-780
-842
-903
-962
-979
-969
-946
-968
-966
-973
-957
-883
-804
-742
-699
-651
-537
-434
-321
-203
-114
-28
54
184
283
383
444
494
571
655
734
759
773
776
791
847
889
945
930
907
909
961
1029
1076
1140
1144
1104
1063
1103
1201
1271
1197
1050
926
913
928
875
820
669
458
288
236
249
181
0
-219
-349
-408
-445
-467
-510
-620
-740
-815
-770
-709
-705
-750
-778
-766
-764
-710
-646
-595
-610
-645
-641
-588
-572
-578
-589
-616
-654
-683
-686
-680
-711
-799
-841
-872
-863
-868
-903
-921
-964
-993
-1004
-957
-923
-939
-954
-932
-884
-803
-731
-657
-601
-560
-466
-365
-261
-167
-84
-5
60
161
255
344
411
453
503
542
594
623
662
689
713
712
720
730
730
765
814
836
835
837
869
927
997
1045
1101
1087
1050
1024
1090
1175
1130
1045
923
856
774
728
700
610
416
234
106
67
26
-103
-251
-390
-471
-543
-569
-592
-656
-764
-830
-810
-762
-753
-777
-781
-788
-789
-761
-702
-676
-696
-725
-710
-664
-677
-696
-713
-720
-744
-778
-788
-787
-811
-858
-857
-857
-892
-923
-930
-909
-902
-902
-909
-901
-863
-804
-750
-699
-661
-645
-582
-476
-379
-290
-206
-154
-91
-23
89
208
293
324
359
416
488
557
605
639
614
627
639
669
708
720
723
694
689
693
733
771
805
796
794
830
855
921
975
1018
1006
984
960
951
980
983
947
861
754
636
609
587
545
399
241
96
20
-14
-82
-171
-341
-469
-563
-558
-555
-603
-704
-799
-842
-819
-785
-784
-798
-858
-868
-833
-778
-748
-751
-802
-823
-810
-747
-730
-745
-805
-845
-838
-807
-794
-816
-824
-840
-844
-826
-818
-801
-803
-795
-748
-727
-691
-643
-606
-543
-464
-393
-349
-291
-208
-129
-32
55
124
187
235
305
384
444
511
538
550
580
627
649
650
690
681
675
697
704
714
726
729
742
731
719
731
752
782
769
773
769
777
814
852
870
921
913
855
823
805
827
847
792
680
548
466
428
411
368
233
86
-73
-131
-167
-225
-336
-470
-580
-652
-669
-696
-742
-843
-930
-962
-936
-905
-924
-966
-999
-1001
-952
-881
-860
-914
-915
-891
-846
-807
-797
-805
-824
-834
-803
-741
-730
-728
-744
-738
-690
-628
-597
-588
-569
-524
-456
-384
-322
-267
-236
-183
-110
-34
31
80
136
188
251
319
382
416
429
489
518
535
569
587
599
613
626
623
640
629
637
636
638
646
626
635
597
599
575
565
564
552
564
557
555
536
549
552
555
559
581
583
579
574
590
602
574
521
488
463
426
372
285
204
128
56
19
-56
-151
-276
-394
-430
-479
-549
-648
-736
-818
-848
-848
-832
-862
-943
-993
-983
-910
-874
-873
-911
-912
-882
-821
-735
-705
-703
-700
-686
-608
-540
-503
-496
-486
-468
-433
-357
-294
-277
-295
-284
-241
-184
-134
-104
-91
-61
-45
3
54
81
106
138
164
193
227
255
286
305
340
360
383
403
410
420
449
462
485
502
490
475
474
505
496
486
455
458
466
432
402
408
397
376
386
393
348
303
318
307
297
274
255
239
209
203
211
206
172
152
129
96
60
54
34
-6
-50
-84
-114
-136
-170
-203
-218
-262
-275
-313
-356
-384
-383
-401
-440
-446
-460
-468
-490
-504
-493
-494
-482
-497
-470
-455
-447
-430
-422
-404
-371
-363
-327
-300
-287
-283
-278
-237
-208
-176
-169
-147
-136
-125
-84
-46
-40
-16
9
25
45
62
111
125
136
139
148
160
180
198
204
214
205
200
197
200
213
208
183
182
186
173
159
166
159
143
137
160
163
145
160
153
160
145
134
138
146
156
146
148
118
102
97
106
120
105
93
54
50
53
55
54
17
13
9
-4
-5
-7
-29
-35
-49
-55
-68
-77
-84
-97
-119
-134
-150
-182
-192
-194
-169
-167
-201
-200
-190
-185
-180
-177
-173
-175
-159
-157
-145
-138
-135
-124
-126
-106
-88
-81
-93
-102
-83
-59
-16
-28
-20
-26
-17
4
14
43
9
30
42
72
76
93
93
70
85
64
70
64
61
53
39
25
20
-10
-28
-18
-46
-44
-56
-78
-96
-95
-108
-97
-68
-78
-93
-102
-112
-86
-66
-68
-91
-100
-82
-65
-32
-36
-38
-37
-37
-25
-3
18
28
25
37
29
30
33
38
45
36
38
26
27
-4
1
0
1
-8
-41
-62
-77
-77
-95
-72
-57
-83
-111
-83
-43
-8
-6
-25
-8
-9
1
39
79
91
74
70
69
76
113
128
112
112
106
107
127
122
114
104
96
102
78
82
82
89
96
76
76
53
45
51
57
29
26
9
-7
12
-9
-19
-41
-58
-60
-64
-66
-90
-113
-126
-124
-124
-122
-145
-146
-151
-160
-146
-159
-157
-168
-167
-162
-157
-152
-153
-141
-114
-123
-125
-105
-97
-94
-97
-82
-42
-31
-16
-2
6
20
24
15
35
41
39
50
25
35
20
0
-3
-23
-6
-15
-36
-51
-41
-45
-49
-28
-21
-32
-31
-8
22
35
46
67
65
73
85
120
148
166
154
159
171
170
199
195
203
217
196
186
188
167
175
166
165
148
130
112
107
85
63
62
62
48
28
3
-14
-36
-47
-50
-65
-66
-102
-131
-147
-133
-132
-140
-152
-162
-184
-185
-169
-164
-182
-198
-186
-175
-166
-185
-162
-158
-152
-166
-163
-145
-133
-116
-116
-95
-73
-64
-53
-44
-16
-2
5
14
31
31
48
69
78
63
41
68
73
75
49
44
26
20
31
41
36
42
40
21
29
21
46
60
32
63
52
59
61
51
90
114
122
125
133
137
138
158
186
190
178
181
172
179
184
177
191
178
152
155
145
132
118
105
109
86
53
42
18
7
-8
-26
-34
-43
-56
-92
-91
-108
-103
-103
-118
-111
-128
-131
-118
-123
-107
-107
-98
-97
-92
-82
-79
-67
-70
-62
-62
-69
-47
-24
-28
5
12
3
29
26
33
63
56
56
52
53
74
84
88
64
73
83
99
85
70
78
57
75
65
68
59
52
62
51
43
62
65
63
60
67
70
71
85
88
105
96
116
131
133
132
138
162
178
172
181
190
186
194
170
181
179
179
190
149
146
132
148
119
119
103
82
71
44
46
43
24
8
9
-10
-33
-37
-37
-33
-52
-72
-73
-66
-69
-70
-63
-51
-67
-65
-59
-61
-47
-28
-30
-43
-32
-45
-27
-4
3
-2
-1
1
13
35
42
32
53
53
52
64
58
75
73
90
89
82
82
88
78
75
59
63
65
53
39
47
53
38
39
36
34
38
32
49
46
45
45
35
48
44
90
102
93
91
98
113
128
136
151
161
151
149
141
153
159
148
138
121
119
88
89
74
55
56
33
42
30
10
-3
10
-18
-21
-35
-34
-37
-46
-29
-49
-53
-46
-36
-43
-50
-45
-42
-30
-36
-44
-30
-32
-37
-21
-11
-6
2
-6
0
10
32
24
20
15
33
33
39
32
37
44
36
32
41
52
42
34
45
52
43
41
40
54
44
47
58
64
70
61
69
74
61
62
68
79
70
75
77
70
83
87
98
82
83
86
91
95
98
132
101
103
115
105
108
122
128
118
136
130
147
143
133
138
129
129
121
130
105
91
73
47
60
39
44
24
18
6
1
-24
-25
-42
-64
-59
-71
-72
-76
-73
-96
-88
-83
-75
-67
-60
-64
-51
-21
-9
19
31
19
32
50
69
102
92
108
111
119
110
110
132
144
129
122
125
97
92
108
93
88
88
76
79
80
67
70
76
70
77
81
85
95
97
93
111
90
101
115
92
108
97
90
116
105
101
105
112
104
115
122
108
123
116
133
129
125
116
117
118
118
110
106
102
100
100
102
116
98
89
74
61
68
77
76
43
39
28
14
10
1
-21
-20
-40
-53
-48
-62
-59
-69
-81
-81
-73
-93
-77
-79
-80
-60
-63
-36
-25
-16
-14
7
11
31
59
83
93
82
91
90
108
108
107
124
110
115
118
106
99
97
111
105
87
80
71
70
68
59
60
48
47
49
46
52
50
47
52
60
50
57
60
70
81
73
85
102
94
85
89
108
101
108
110
117
117
116
121
122
126
134
137
140
127
125
135
114
136
103
98
107
95
94
84
79
67
67
49
44
25
26
38
31
9
-6
-3
-22
-16
-11
-33
-33
-50
-49
-30
-39
-34
-36
-28
-28
-16
-4
12
4
18
43
55
70
63
70
61
101
94
103
119
122
135
128
147
142
143
146
137
153
139
139
125
124
116
118
115
113
105
91
108
106
96
105
110
103
97
81
85
84
82
74
49
44
59
55
62
50
33
29
42
45
47
48
61
51
48
62
56
60
53
65
49
69
83
89
72
59
68
74
72
73
71
56
46
44
27
27
19
16
9
-9
-30
-25
-24
-12
-19
-51
-26
-50
-49
-47
-40
-24
-24
3
-2
-2
12
21
59
62
64
74
85
108
117
106
125
133
141
155
153
145
133
138
143
150
137
133
126
122
113
88
94
88
95
71
83
75
83
93
95
93
82
86
84
83
74
94
100
84
73
57
57
70
53
38
36
17
18
20
24
7
11
9
5
7
13
26
26
29
36
48
37
51
48
59
52
67
69
79
99
81
92
76
74
65
58
59
39
19
-1
-2
-3
-26
-29
-40
-42
-38
-59
-52
-40
-50
-55
-64
-49
-23
-40
-46
-38
-30
-12
0
16
39
44
55
65
79
92
96
106
106
118
137
139
137
136
139
137
130
123
131
117
96
94
103
87
72
56
47
61
56
47
51
44
43
36
42
33
43
45
26
33
39
49
37
40
29
32
30
23
20
17
11
9
-9
-13
-7
-7
-2
-9
2
5
-12
-4
-8
0
8
26
29
15
27
25
24
35
47
27
14
15
-4
-5
-10
-30
-40
-43
-33
-44
-55
-59
-65
-67
-79
-91
-67
-66
-84
-73
-67
-64
-58
-64
-53
-32
-17
-14
13
21
21
30
45
69
72
102
95
85
94
98
110
109
92
96
98
92
91
78
77
65
57
54
56
48
35
38
22
8
3
17
5
17
5
0
-5
-15
-12
-7
-16
-14
-11
-33
-18
-32
-48
-58
-38
-41
-53
-61
-66
-67
-70
-65
-64
-73
-76
-75
-75
-80
-72
-74
-53
-44
-51
-49
-44
-42
-43
-21
-35
-47
-41
-45
-48
-52
-62
-68
-81
-85
-86
-80
-68
-85
-89
-79
-74
-89
-98
-71
-82
-59
-63
-54
-44
-46
-21
-16
-7
1
23
48
31
44
62
56
69
89
72
61
94
98
76
71
69
60
55
53
55
39
31
12
13
15
9
12
-6
-19
-24
-37
-29
-6
-26
-21
-31
-34
-18
-21
-20
-10
-25
-22
-18
-15
-14
-9
-23
-30
-34
-32
-24
-38
-29
-43
-47
-61
-61
-71
-82
-76
-73
-67
-71
-60
-65
-40
-38
-39
-20
-24
-23
-11
-8
9
-2
7
7
-10
6
-17
-9
-15
-13
-22
-33
-7
-11
-25
-29
-40
-59
-49
-46
-33
-27
-25
-18
-26
-9
-1
19
4
-1
19
25
32
45
46
52
64
74
76
72
73
63
57
61
54
66
56
36
48
31
18
16
8
13
-5
-7
-10
-30
-32
-21
-23
-49
-42
-38
-39
-27
-29
-47
-34
-48
-29
-16
-2
-12
-5
-5
-10
-2
7
10
-5
10
-4
-11
-10
-17
-20
-23
-16
-20
-27
-25
-34
-34
-25
-23
-44
-31
-26
-32
-24
-19
-10
0
12
-2
3
18
4
16
7
5
10
4
-3
-15
-13
-5
-16
-30
-10
-25
-22
-11
-17
-18
-11
-19
-39
-40
-21
-19
-9
-11
8
3
5
18
22
20
9
25
15
16
3
19
16
22
34
24
13
1
-6
-18
-13
-16
-13
-13
-30
-35
-51
-60
-71
-66
-73
-66
-55
-66
-75
-77
-79
-91
-84
-80
-82
-75
-51
-59
-53
-33
-22
-22
-24
-36
-38
-37
-37
-39
-40
-28
-51
-53
-46
-61
-59
-50
-59
-55
-63
-60
-58
-77
-66
-74
-69
-59
-66
-55
-50
-44
-51
-52
-39
-30
-18
-40
-23
-24
-18
-7
4
-12
-3
-2
-18
-5
-6
-1
-17
-1
-12
-18
-3
-21
-25
-17
-22
-22
-25
-32
-10
-34
-36
-26
-40
-32
-13
-7
-20
-23
-25
-20
-18
-23
-26
-15
-22
-1
-9
-9
-18
-44
-33
-33
-38
-34
-34
-49
-60
-67
-65
-60
-49
-71
-85
-55
-58
-63
-60
-45
-57
-56
-57
-71
-52
-53
-68
-77
-72
-75
-77
-64
-69
-81
-58
-61
-73
-86
-81
-94
-70
-94
-84
-80
-68
-53
-75
-67
-70
-61
-76
-57
-60
-71
-77
-63
-49
-40
-51
-62
-59
-60
-61
-72
-58
-64
-66
-55
-44
-64
-64
-68
-87
-60
-67
-72
-68
-73
-85
-83
-87
-81
-85
-95
-74
-71
-66
-62
-61
-60
-55
-44
-51
-37
-38
-49
-39
-46
-38
-31
-47
-52
-56
-57
-48
-43
-68
-83
-68
-85
-68
-76
-87
-85
-90
-82
-68
-77
-72
-68
-54
-67
-81
-75
-73
-75
-94
-73
-86
-83
-76
-91
-93
-89
-93
-94
-94
-111
-98
-99
-84
-99
-111
-107
-113
-113
-110
-96
-107
-100
-109
-111
-106
-105
-99
-108
-103
-108
-108
-102
-121
-100
-101
-118
-113
-113
-113
-108
-106
-123
-115
-109
-114
-111
-117
-130
-112
-120
-125
-127
-126
-129
-132
-119
-126
-119
-134
-134
-118
-131
-117
-105
-113
-107
-102
-116
-101
-88
-108
-98
-84
-96
-89
-67
-76
-79
-77
-83
-78
-72
-73
-95
-72
-68
-87
-83
-103
-103
-92
-103
-103
-96
-90
-82
-100
-104
-89
-91
-101
-96
-92
-109
-98
-107
-121
-104
-116
-124
-124
-115
-124
-125
-137
-120
-114
-114
-103
-109
-109
-106
-115
-120
-98
-106
-100
-91
-83
-89
-94
-92
-91
-90
-87
-78
-98
-97
-107
-97
-88
-77
-71
-97
-87
-88
-87
-79
-91
-84
-97
-94
-121
-109
-106
-103
-101
-109
-83
-107
-97
-105
-110
-97
-100
-102
-102
-97
-84
-92
-91
-91
-99
-87
-88
-69
-70
-87
-85
-72
-78
-85
-62
-80
-65
-85
-93
-72
-79
-83
-99
-85
-89
-84
-81
-88
-95
-90
-93
-97
-110
-99
-98
-108
-115
-121
-101
-105
-113
-118
-110
-102
-112
-92
-121
-112
-91
-107
-104
-104
-102
-104
-99
-91
-102
-102
-96
-98
-98
-97
-72
-69
-70
-78
-91
-76
-105
-87
-89
-91
-86
-81
-87
-91
-83
-99
-107
-91
-87
-98
-89
-84
-96
-106
-106
-97
-100
-100
-98
-95
-102
-93
-87
-116
-105
-97
-110
-96
-85
-91
-87
-81
-80
-86
-84
-86
-85
-82
-59
-78
-65
-77
-79
-58
-73
-71
-72
-55
-79
-68
-46
-72
-80
-61
-67
-60
-70
-63
-59
-73
-74
-68
-68
-77
-64
-69
-84
-99
-100
-98
-84
-100
-87
-96
-108
-110
-119
-117
-123
-107
-99
-108
-109
-101
-101
-91
-94
-97
-81
-68
-88
-87
-102
-107
-77
-81
-84
-86
-83
-88
-84
-82
-74
-80
-81
-68
-87
-77
-84
-79
-75
-81
-59
-65
-65
-65
-48
-50
-51
-39
-42
-32
-28
-22
-37
-26
-26
-28
-10
-28
-24
-24
-23
-29
-27
-37
-23
-20
-28
-20
-22
-33
-28
-19
-42
-32
-18
-22
-14
-25
-28
-16
-20
-29
-30
-21
-28
-41
-43
-34
-42
-49
-44
-36
-59
-60
-49
-54
-59
-69
-63
-53
-65
-68
-53
-45
-49
-62
-42
-53
-46
-47
-35
-30
-36
-43
-33
-39
-28
-24
-36
-18
-20
-17
-6
-4
-8
3
-12
-8
0
-5
-20
-8
-2
-14
-4
-2
-3
-16
4
-7
11
12
4
15
11
27
21
16
24
12
6
18
27
43
26
35
22
15
32
33
25
15
15
17
20
25
24
27
25
22
23
17
11
15
7
5
15
18
18
0
0
-15
-4
-8
-14
10
-14
-23
-21
-30
-38
-42
-31
-28
-28
-22
-26
-41
-10
-16
-26
-25
-30
-21
-16
-20
-20
-20
-42
-28
-26
-31
-24
-16
-9
-17
-16
-3
-25
-6
-14
-18
-2
20
22
14
34
28
29
23
27
35
26
20
17
30
34
30
21
34
27
24
41
32
41
50
54
56
38
49
52
56
45
56
48
27
33
28
37
26
29
27
24
9
31
30
25
37
10
22
8
-15
-6
2
-2
-17
-17
-5
-10
-14
-13
-14
-5
-17
-44
-44
-47
-41
-55
-45
-71
-68
-60
-60
-71
-68
-59
-63
-56
-49
-57
-52
-51
-50
-40
-40
-45
-57
-51
-60
-30
-42
-35
-35
-43
-26
-4
1
-14
-17
-14
-4
1
-4
-5
-7
-16
3
-6
-7
2
1
1
-9
23
10
-1
16
-3
16
21
8
21
29
40
21
45
39
39
36
46
40
38
45
40
45
37
33
15
33
36
33
24
24
23
37
15
19
35
36
36
27
31
31
15
4
6
-7
1
12
-8
-18
-9
-11
-7
-15
-14
-23
-30
-38
-23
-37
-37
-32
-35
-48
-54
-37
-35
-25
-35
-51
-57
-38
-43
-53
-49
-40
-40
-48
-17
-22
-30
-20
-19
-10
-32
-7
-12
3
-1
-10
8
0
9
0
18
17
13
3
7
18
17
15
9
17
23
11
20
27
20
20
27
23
13
13
11
18
2
3
12
25
0
9
16
21
20
21
31
11
11
-1
11
7
23
5
5
3
-21
-9
-15
-9
-20
-18
-20
-26
-25
-22
-14
-19
-32
-49
-32
-35
-37
-40
-48
-49
-46
-59
-57
-41
-45
-41
-51
-76
-55
-34
-50
-41
-45
-60
-49
-51
-36
-48
-44
-48
-41
-44
-59
-47
-45
-35
-40
-47
-14
-21
-27
-22
-24
-21
-10
-1
-19
-13
1
13
12
14
3
20
25
32
30
18
-4
8
17
18
14
19
26
15
29
22
15
7
21
10
-2
-3
-11
-23
-21
-7
-15
-18
-35
-27
-34
-38
-40
-32
-29
-43
-40
-36
-43
-40
-50
-37
-27
-40
-27
-46
-35
-27
-35
-54
-69
-54
-56
-64
-64
-57
-75
-56
-67
-69
-71
-68
-66
-81
-73
-75
-85
-84
-74
-89
-88
-70
-79
-74
-69
-73
-63
-66
-59
-56
-59
-62
-58
-50
-52
-38
-55
-38
-22
-39
-33
-26
-27
-32
1
-17
-10
-11
-11
4
14
16
9
1
6
29
26
39
19
30
18
20
23
22
30
9
15
18
25
6
22
16
-10
-5
-3
-2
-3
-8
-22
-23
-22
-22
-34
-26
-41
-35
-28
-32
-36
-35
-34
-55
-52
-55
-61
-55
-58
-61
-68
-60
-64
-66
-60
-66
-55
-67
-55
-68
-64
-46
-72
-76
-80
-64
-71
-63
-61
-82
-65
-54
-70
-66
-71
-72
-66
-62
-70
-63
-59
-69
-57
-74
-50
-51
-46
-38
-33
-35
-35
-23
-24
-20
-26
-21
-8
11
0
-1
12
21
20
28
34
30
39
38
26
37
42
36
32
41
49
46
24
26
24
10
-1
-2
-2
5
-3
5
1
-3
-1
-5
-17
-17
-13
-29
-25
-29
-43
-43
-40
-37
-47
-49
-38
-45
-45
-48
-56
-52
-59
-58
-62
-73
-72
-62
-80
-86
-60
-85
-72
-76
-89
-91
-83
-87
-97
-85
-82
-78
-86
-86
-86
-79
-65
-74
-61
-56
-71
-45
-47
-56
-54
-52
-56
-50
-63
-60
-56
-46
-43
-68
-31
-44
-41
-35
-36
-25
-17
-16
-13
-10
-23
-1
-2
7
18
27
15
16
15
21
36
31
32
35
50
38
50
31
32
37
19
31
17
14
-13
-11
-5
-8
-26
-27
-30
-36
-37
-41
-44
-61
-55
-81
-67
-55
-55
-57
-57
-63
-74
-57
-53
-64
-62
-62
-80
-71
-68
-63
-77
-73
-76
-76
-67
-77
-60
-66
-68
-68
-66
-66
-61
-80
-63
-64
-63
-69
-63
-55
-53
-64
-68
-45
-47
-47
-45
-45
-47
-33
-47
-27
-33
-29
-12
-10
-8
3
-2
1
0
-18
1
-3
12
26
8
12
24
18
20
30
14
17
34
28
51
41
31
31
35
33
42
54
28
27
33
22
33
25
17
18
5
-4
-12
-10
-24
-33
-32
-39
-57
-60
-73
-65
-67
-59
-77
-85
-92
-80
-78
-85
-73
-87
-87
-92
-83
-72
-55
-74
-74
-80
-67
-49
-69
-54
-60
-54
-59
-71
-66
-62
-65
-58
-61
-55
-60
-63
-61
-59
-61
-63
-52
-45
-57
-54
-42
-38
-36
-34
-28
-16
-13
-3
-6
-3
1
-3
7
2
17
25
15
5
19
17
32
24
29
23
27
48
36
40
12
39
12
26
25
33
58
11
17
17
22
14
23
26
25
28
34
19
19
9
6
8
-13
-24
-33
-38
-23
-36
-46
-60
-59
-58
-66
-70
-72
-84
-92
-78
-84
-77
-76
-72
-74
-68
-97
-81
-71
-84
-64
-61
-55
-59
-52
-56
-41
-38
-58
-31
-31
-36
-28
-53
-21
-34
-32
-34
-23
-27
-40
-34
-28
-13
-22
-10
-5
-7
-17
2
7
7
21
20
21
31
29
33
47
46
46
51
42
46
28
54
61
52
45
51
45
32
29
29
36
38
43
37
40
31
25
36
46
43
29
20
32
36
26
14
12
13
0
-1
-14
-11
-17
-16
-19
-32
-31
-33
-39
-50
-45
-66
-67
-59
-74
-64
-75
-75
-68
-75
-54
-59
-60
-63
-55
-46
-58
-43
-37
-39
-36
-30
-37
-31
-28
-23
-26
-24
-13
-24
-26
-28
-39
-26
-22
-22
-17
-21
-23
-19
-13
4
0
-7
-9
4
-7
-13
-3
21
26
28
43
32
42
46
47
41
45
60
52
40
48
60
53
47
46
44
39
48
36
34
42
12
6
23
18
3
3
12
-1
-6
12
-19
-14
-7
-4
-13
-8
-8
-24
-22
-12
-39
-24
-40
-62
-32
-57
-68
-72
-63
-76
-86
-80
-87
-85
-80
-85
-81
-92
-82
-73
-81
-68
-69
-71
-79
-71
-67
-77
-55
-61
-70
-62
-67
-61
-70
-62
-55
-47
-44
-43
-49
-39
-29
-41
-29
-37
-46
-23
-25
-18
-19
-4
3
6
8
-14
3
6
17
17
18
26
23
21
15
25
15
21
30
18
32
18
31
26
11
12
6
5
7
-7
-5
-9
-32
-10
-13
-14
-24
-31
-22
-50
-58
-38
-43
-50
-57
-48
-53
-74
-54
-65
-65
-63
-72
-67
-70
-66
-76
-77
-73
-80
-79
-67
-81
-92
-84
-84
-77
-82
-95
-98
-100
-89
-89
-101
-92
-90
-90
-80
-93
-72
-79
-67
-69
-70
-63
-66
-56
-57
-40
-37
-47
-45
-39
-37
-35
-35
-38
-38
-33
-14
-11
-19
-11
-6
-1
-13
-7
15
14
15
5
18
30
21
12
9
33
23
17
30
20
18
19
20
19
35
20
30
18
-1
15
7
-4
2
4
0
-7
-18
-16
-31
-34
-43
-57
-58
-57
-57
-70
-75
-79
-77
-85
-99
-84
-94
-93
-88
-92
-88
-106
-83
-99
-104
-98
-97
-95
-107
-94
-111
-112
-97
-98
-101
-83
-89
-95
-110
-96
-80
-67
-70
-78
-55
-73
-76
-73
-56
-55
-50
-30
-43
-33
-37
-36
-16
-7
-11
-13
-11
