-14
-8
-25
-27
-26
-15
-16
-13
-21
-22
-15
-20
-21
-23
-18
-27
-38
-32
-27
-26
-27
-35
-25
-36
-33
-37
-33
-34
-20
-34
-51
-48
-57
-39
-40
-38
-35
-40
-22
-10
-20
-17
-10
-15
-8
-1
-7
-24
-16
-4
-27
-7
-11
-18
-27
-25
-17
-18
-13
-14
-4
-20
-6
-8
-3
-2
1
-7
-19
-3
6
8
-7
2
3
-1
0
8
-1
-3
11
-11
7
11
-13
-5
-9
-9
-1
-2
2
-3
-7
-1
-5
4
-7
-10
-16
-17
-20
-31
-21
-28
-43
-40
-33
-41
-60
-40
-34
-27
-28
-24
-25
-19
-20
-35
-29
-36
-20
-22
-23
-27
-31
-25
-18
-25
-14
-21
-26
-30
-27
-29
-30
-39
-44
-24
-30
-37
-39
-25
-36
-33
-26
-29
-35
-39
-39
-27
-23
-30
-39
-43
-24
-33
-12
-6
-9
-22
-14
-20
-21
-14
-9
-16
-8
-8
-6
-15
-13
-4
-12
-9
-5
-8
-14
-18
-28
-19
-7
-19
-10
-13
1
-4
-9
-3
-5
0
-20
-20
-21
-24
-28
-12
-21
-20
-6
-12
-5
-12
-23
-18
-15
-16
-23
-20
-25
-13
-19
-9
-17
-17
-20
-37
-8
-17
-8
-14
-26
-15
-27
-26
-32
-25
-21
-27
-34
-25
-19
-29
-29
-7
-8
-9
-12
-9
-12
-14
-21
-17
-18
-25
-37
-19
-20
-17
-26
-37
-42
-49
-34
-27
-33
-27
-24
-34
-20
-9
-22
-9
-1
-9
-6
-14
3
7
3
-5
-1
13
5
5
-13
-10
5
-5
-4
9
0
0
6
4
6
11
6
3
4
4
18
-3
-9
7
5
4
5
11
-1
1
-5
6
6
5
12
6
-1
12
6
-4
1
-4
-6
-2
-7
-1
9
-9
-6
5
26
-6
-23
-8
-13
-19
-4
-1
-8
-18
-14
-12
-25
-21
-21
-4
-7
-9
0
-2
-17
-7
-16
-10
-14
-18
-19
-38
-31
-24
-17
-26
-19
-29
-34
-27
-27
-32
-25
-22
-23
-30
-25
-22
-28
-20
-5
-9
-22
-6
-20
-11
-14
0
-7
-14
-7
-10
-3
-15
-16
-16
-19
-21
-15
-25
-23
-20
-33
-28
-20
-34
-29
-20
-4
-8
-10
0
-9
-7
-11
-22
-12
-13
-20
-24
-19
-6
-19
-27
-28
-30
-25
-33
-14
-24
-33
-31
-25
-16
-11
-11
-23
-7
-11
-21
-20
-25
-23
-20
-29
-28
-35
-21
-16
-9
-17
-14
-9
-16
-7
-20
-16
-26
-27
-13
-25
-22
-7
-13
-15
-14
-7
-16
6
24
-5
-6
-3
1
10
-8
-5
-8
-7
-5
-10
-20
-25
-18
-11
-29
-33
-11
-24
-18
-10
-6
-12
-18
-4
-9
-7
-12
3
14
-1
-13
-7
12
3
6
15
9
5
4
3
-2
-5
3
1
-6
-6
-13
-5
-8
-2
-11
-3
2
-14
-13
-13
-9
-28
-21
-26
-11
-22
-24
-8
-21
-14
-20
-2
-23
-12
-19
-8
-18
-27
-7
-10
-14
-10
-13
-10
-3
-15
-10
-11
-9
-18
-7
-14
-14
5
-5
-6
-3
-10
-10
3
-3
-8
-11
-12
-5
7
-5
-15
-4
-8
6
13
4
-7
2
11
-10
1
-4
5
5
2
-3
-6
-7
-5
19
3
6
6
-3
14
12
9
16
7
13
-8
13
1
4
16
6
3
5
15
-4
9
8
15
7
0
-7
1
4
-10
-2
9
22
2
12
11
-2
-5
6
5
-3
-11
-17
-9
-12
3
-12
-1
-1
-4
15
3
-3
1
-11
1
1
-2
-7
-12
12
12
-16
-4
-6
-12
-5
-4
-8
12
25
-4
1
-3
-1
10
9
5
0
16
8
8
-2
-8
-3
5
12
23
31
25
12
5
5
11
6
7
-6
-4
4
7
4
1
-3
-2
-10
-9
-3
7
-8
-3
16
1
5
-5
2
1
5
15
20
13
21
26
18
28
24
23
40
28
25
15
11
13
3
8
-4
2
1
5
-1
7
25
3
13
10
4
28
26
8
-3
12
9
1
-2
-4
10
18
27
36
31
28
29
32
25
6
15
11
22
6
-3
3
-6
4
6
1
7
13
-4
19
13
14
15
6
8
2
17
8
18
16
6
-1
24
31
20
20
21
31
32
12
15
0
-4
10
15
13
16
11
9
8
6
4
-2
8
6
8
10
0
13
19
24
6
1
8
23
32
13
10
8
19
16
8
9
30
17
17
20
4
13
4
17
13
12
-7
-11
-10
0
-3
-24
-9
-10
-20
-2
-7
-5
3
-9
1
-17
11
-6
-8
1
-5
10
2
9
1
13
16
-4
1
16
13
8
3
-1
-5
1
3
7
9
17
2
-2
-1
-4
-10
-8
7
3
-1
-3
3
3
2
13
20
11
3
-6
-11
14
7
13
3
3
14
23
18
19
-4
7
4
11
11
13
4
0
25
12
1
8
27
11
25
23
16
8
4
20
21
18
28
31
11
15
9
13
29
24
30
20
15
18
10
10
16
8
11
35
23
9
2
6
10
-2
6
-2
12
-6
0
11
3
12
28
19
13
17
15
14
-7
12
-1
-2
30
9
3
11
7
10
-4
-2
18
5
10
14
6
17
21
28
20
10
-1
11
3
2
-4
-6
-1
-1
7
22
7
19
20
16
21
29
28
12
17
34
15
7
12
-3
17
15
15
-1
11
9
1
5
-7
-6
-1
8
5
9
17
14
13
16
2
3
-1
-9
20
1
4
7
-3
-6
-3
2
-8
-3
-3
0
4
9
-4
2
-1
5
4
-6
-8
3
12
4
4
13
23
16
15
23
33
30
35
16
21
34
29
20
10
23
27
27
44
33
47
41
45
37
28
27
19
31
32
22
20
14
14
18
26
44
38
24
41
39
44
40
29
38
28
33
19
26
26
26
26
17
19
24
29
24
16
30
20
6
14
2
1
22
12
12
18
-12
12
23
14
18
14
13
22
26
25
25
16
19
9
5
6
9
19
12
-3
6
10
9
6
-5
11
1
2
6
5
9
18
23
12
3
10
30
36
34
26
29
34
44
29
37
37
26
39
42
29
26
24
29
37
35
35
27
17
33
29
13
30
20
51
31
21
21
40
38
19
25
-7
8
13
14
20
21
17
2
12
3
7
19
26
14
10
3
-1
21
14
17
11
18
22
18
35
23
21
20
9
10
-5
-4
11
0
11
6
-1
20
38
11
15
18
3
9
22
18
-1
10
22
5
1
12
15
24
22
11
13
25
22
39
24
17
32
25
19
30
30
9
15
22
18
1
4
23
4
2
19
15
17
4
14
17
26
23
15
15
17
28
14
23
23
16
32
28
23
20
11
12
10
12
3
4
-3
-11
-4
-3
4
0
22
5
11
9
-5
13
-6
19
7
1
14
27
24
16
34
34
28
20
14
17
21
18
18
24
17
14
36
37
18
31
14
22
15
9
20
25
39
17
32
34
28
21
19
25
27
29
14
11
14
33
13
18
32
14
2
9
25
24
35
34
37
18
38
37
42
28
9
21
-2
24
10
15
26
25
21
18
25
22
15
7
22
11
16
20
10
-1
6
14
25
12
15
8
13
26
16
17
8
10
-3
7
17
15
-2
10
14
19
13
17
22
29
35
13
15
20
30
3
30
26
13
27
17
11
10
41
13
20
4
12
8
0
8
-15
11
8
17
-8
0
1
-16
-16
-2
9
-10
-5
-7
-12
-15
-4
-8
-7
-1
-5
-8
-6
1
-4
6
4
2
6
10
-2
-2
-3
-7
-24
-19
-16
-40
-25
-17
-44
-25
-22
-33
-17
-22
-20
-7
-3
-9
4
-1
-9
-4
-17
-5
-10
-5
-20
-16
-15
-27
-17
-24
-5
-1
-27
-25
-11
-25
-10
-27
-16
-10
-13
0
-21
-23
-15
-24
-29
-19
-24
-31
-25
-37
-44
-25
-22
-33
-32
-19
-27
-34
-35
-22
-30
-23
-24
-28
-15
-26
-39
-18
-29
-22
-12
-30
-22
-13
-12
-25
-21
-23
-24
-41
-43
-41
-38
-66
-54
-29
-46
-38
-42
-45
-48
-27
-35
-38
-32
-35
-26
-42
-40
-40
-48
-51
-50
-54
-54
-44
-53
-54
-51
-46
-38
-42
-34
-38
-24
-34
-41
-11
-21
-20
-11
-15
-23
-25
-32
-9
-31
-27
-35
-39
-6
-20
-23
-31
-21
-23
-21
-15
-14
-30
-32
-23
-20
-20
-41
-24
-32
-36
-33
-32
-41
-33
-34
-43
-38
-44
-48
-58
-64
-49
-63
-59
-59
-52
-50
-49
-35
-50
-27
-41
-45
-39
-52
-33
-13
-26
-24
-26
-35
-43
-29
-32
-35
-42
-50
-39
-47
-45
-46
-40
-39
-48
-37
-45
-50
-35
-43
-42
-46
-48
-45
-65
-45
-49
-44
-47
-51
-40
-38
-28
-36
-42
-40
-53
-58
-52
-56
-56
-60
-53
-61
-61
-57
-57
-60
-54
-45
-50
-27
-50
-45
-34
-45
-39
-36
-48
-44
-40
-50
-35
-35
-31
-43
-32
-25
-23
-28
-28
-26
-20
-28
-37
-38
-38
-30
-43
-42
-44
-42
-46
-59
-43
-46
-58
-44
-52
-48
-44
-34
-45
-57
-54
-65
-46
-49
-54
-53
-79
-66
-68
-65
-78
-67
-59
-68
-62
-66
-64
-63
-60
-53
-45
-54
-66
-52
-55
-67
-63
-63
-64
-43
-49
-58
-56
-63
-67
-55
-61
-71
-87
-73
-73
-66
-81
-86
-74
-73
-71
-76
-66
-66
-79
-65
-59
-54
-60
-70
-63
-65
-44
-50
-35
-46
-38
-34
-43
-34
-26
-17
-29
-51
-42
-46
-60
-56
-56
-44
-40
-49
-48
-43
-57
-70
-58
-48
-54
-58
-58
-75
-78
-80
-70
-75
-80
-71
-64
-66
-77
-67
-65
-50
-75
-57
-56
-48
-53
-55
-55
-65
-58
-61
-50
-72
-58
-61
-45
-50
-64
-56
-82
-62
-68
-57
-61
-69
-62
-61
-57
-55
-66
-65
-59
-71
-37
-34
-38
-39
-39
-28
-36
-30
-30
-28
-30
-35
-39
-28
-25
-31
-23
-30
-22
-16
-24
-18
-29
-36
-33
-49
-49
-59
-44
-35
-44
-41
-53
-53
-37
-38
-37
-32
-37
-29
-21
-33
-35
-22
-26
-19
-12
-16
-11
-29
-31
-29
-38
-16
-14
-22
-36
-21
-26
-36
-44
-41
-44
-32
-39
-32
-42
-60
-38
-54
-39
-50
-44
-48
-56
-44
-49
-50
-39
-50
-51
-49
-44
-39
-65
-37
-48
-48
-42
-54
-53
-54
-56
-67
-46
-54
-55
-60
-66
-58
-76
-53
-44
-27
-52
-56
-42
-54
-48
-27
-33
-44
-27
-26
-39
-37
-23
-32
-27
-21
-22
-35
-25
-19
-35
-20
-19
-13
-15
-14
-16
-28
-23
-24
-49
-37
-50
-52
-45
-41
-57
-84
-63
-76
-72
-60
-57
-78
-52
-54
-44
-46
-42
-31
-51
-47
-52
-44
-41
-51
-65
-52
-49
-46
-47
-62
-73
-72
-70
-61
-58
-67
-58
-67
-75
-72
-57
-49
-54
-42
-30
-23
-33
-33
-12
-19
-30
-26
-37
-39
-34
-31
-27
-32
-45
-46
-50
-55
-49
-33
-54
-58
-52
-71
-55
-54
-62
-73
-68
-63
-53
-47
-43
-34
-36
-38
-25
-35
-35
-29
-45
-53
-39
-40
-51
-55
-70
-69
-77
-66
-49
-55
-38
-31
-34
-36
-37
-53
-42
-34
-37
-48
-45
-39
-34
-33
-52
-38
-59
-65
-66
-52
-52
-47
-58
-76
-56
-43
-56
-43
-47
-58
-54
-65
-42
-50
-51
-35
-30
-32
-39
-39
-52
-58
-70
-68
-68
-87
-98
-87
-75
-73
-69
-54
-68
-63
-62
-64
-37
-67
-62
-71
-81
-93
-96
-84
-82
-86
-69
-66
-69
-73
-49
-46
-56
-62
-66
-58
-59
-52
-75
-67
-60
-75
-76
-87
-78
-71
-84
-79
-83
-80
-76
-70
-60
-61
-78
-58
-60
-80
-74
-71
-66
-60
-59
-62
-56
-47
-35
-51
-45
-40
-33
-50
-64
-53
-53
-59
-62
-72
-64
-68
-64
-58
-63
-65
-58
-39
-61
-61
-63
-72
-61
-80
-86
-63
-64
-64
-76
-74
-76
-64
-62
-61
-47
-47
-56
-52
-58
-57
-48
-32
-41
-37
-40
-53
-66
-71
-72
-65
-52
-72
-68
-64
-52
-38
-40
-44
-57
-58
-54
-59
-66
-59
-48
-45
-43
-38
-45
-52
-51
-66
-64
-65
-49
-63
-65
-67
-58
-57
-82
-77
-77
-70
-71
-72
-66
-54
-56
-56
-55
-69
-71
-79
-73
-61
-52
-68
-74
-62
-72
-89
-80
-68
-62
-68
-79
-73
-71
-64
-79
-64
-68
-70
-64
-61
-43
-60
-54
-52
-36
-60
-45
-36
-72
-71
-56
-69
-83
-72
-75
-80
-81
-92
-90
-87
-76
-81
-92
-68
-78
-76
-88
-92
-81
-93
-87
-80
-93
-90
-88
-80
-74
-87
-81
-79
-60
-66
-70
-60
-76
-64
-82
-96
-90
-77
-79
-84
-75
-97
-91
-97
-91
-90
-92
-79
-85
-78
-94
-99
-95
-88
-91
-95
-62
-60
-57
-63
-55
-62
-61
-74
-65
-53
-66
-73
-71
-63
-61
-64
-72
-67
-78
-59
-47
-56
-55
-54
-72
-71
-68
-62
-64
-76
-71
-76
-59
-76
-70
-71
-74
-70
-82
-85
-83
-77
-85
-69
-62
-59
-62
-57
-47
-50
-43
-65
-44
-53
-60
-43
-46
-47
-59
-55
-61
-59
-68
-67
-55
-78
-66
-40
-56
-48
-49
-50
-45
-62
-65
-54
-60
-58
-58
-60
-61
-58
-66
-72
-76
-72
-52
-67
-69
-61
-62
-44
-51
-61
-45
-64
-61
-73
-73
-83
-89
-83
-90
-72
-97
-91
-102
-80
-96
-91
-77
-84
-69
-66
-79
-70
-64
-92
-80
-74
-71
-103
-96
-96
-92
-79
-88
-81
-90
-96
-101
-112
-96
-96
-101
-92
-109
-109
-123
-103
-98
-109
-88
-71
-91
-82
-88
-90
-94
-109
-96
-104
-111
-107
-102
-125
-109
-108
-121
-126
-120
-122
-117
-129
-121
-109
-104
-95
-98
-99
-108
-110
-100
-114
-117
-105
-118
-100
-104
-99
-111
-131
-111
-126
-125
-122
-125
-118
-117
-113
-119
-108
-109
-121
-119
-126
-127
-136
-129
-125
-124
-102
-117
-116
-127
-136
-134
-120
-122
-139
-122
-124
-117
-122
-119
-121
-110
-110
-115
-102
-105
-119
-122
-124
-126
-120
-141
-138
-133
-138
-144
-134
-133
-124
-133
-121
-116
-122
-107
-130
-126
-122
-124
-137
-131
-120
-131
-129
-125
-116
-142
-140
-144
-129
-127
-123
-126
-139
-130
-134
-119
-118
-124
-118
-127
-136
-138
-132
-120
-141
-128
-118
-122
-117
-138
-128
-129
-129
-102
-116
-134
-129
-116
-114
-117
-113
-114
-116
-128
-128
-135
-127
-124
-119
-110
-104
-99
-105
-112
-114
-98
-112
-97
-89
-113
-118
-104
-114
-119
-126
-110
-115
-134
-135
-140
-130
-123
-109
-129
-116
-121
-117
-111
-131
-139
-117
-113
-109
-115
-104
-95
-120
-97
-101
-93
-106
-105
-96
-81
-84
-95
-97
-110
-97
-105
-99
-119
-102
-94
-119
-113
-119
-100
-110
-103
-108
-105
-96
-89
-84
-90
-62
-94
-102
-82
-94
-79
-80
-84
-76
-91
-85
-90
-77
-73
-77
-95
-93
-73
-72
-63
-68
-64
-69
-61
-68
-55
-53
-68
-70
-92
-99
-81
-109
-93
-110
-95
-89
-92
-84
-107
-93
-85
-87
-110
-105
-113
-88
-90
-64
-71
-64
-68
-80
-76
-77
-81
-89
-72
-69
-74
-85
-80
-84
-82
-85
-94
-97
-74
-90
-87
-86
-76
-85
-77
-82
-101
-80
-95
-108
-84
-96
-90
-70
-81
-68
-82
-78
-93
-98
-76
-98
-77
-80
-88
-73
-67
-67
-65
-65
-74
-77
-73
-75
-67
-94
-68
-82
-79
-85
-98
-76
-65
-88
-96
-105
-79
-63
-112
-80
-72
-91
-110
-112
-105
-105
-111
-100
-89
-107
-114
-109
-102
-92
-77
-86
-73
-69
-76
-83
-76
-76
-87
-96
-98
-113
-101
-101
-103
-91
-91
-91
-75
-61
-88
-73
-85
-83
-71
-86
-48
-56
-72
-80
-77
-65
-82
-49
-61
-84
-74
-86
-75
-82
-80
-82
-95
-94
-103
-84
-69
-83
-83
-88
-91
-90
-91
-96
-82
-76
-87
-83
-76
-72
-73
-82
-82
-70
-76
-71
-67
-65
-47
-58
-50
-56
-55
-53
-76
-60
-78
-74
-60
-71
-66
-68
-62
-49
-42
-46
-41
-55
-27
-43
-60
-47
-56
-57
-61
-72
-74
-49
-57
-63
-45
-55
-68
-54
-54
-62
-52
-39
-57
-56
-80
-51
-57
-60
-29
-59
-9
-45
-36
-31
-57
-29
-60
-42
-31
-38
-12
-28
-8
-18
-33
-39
-23
-37
-45
-49
-70
-46
-52
-56
-76
-58
-61
-51
-48
-66
-76
-57
-31
-34
-37
-33
-32
-23
-18
-23
-19
-15
17
1
-10
-28
-9
-9
-18
-17
-13
-9
-11
-26
-17
-14
-21
-20
-28
-38
-51
-29
-29
-34
-42
-61
-43
-31
-12
-33
-56
-25
-22
19
-5
-8
-18
-13
21
-8
18
-4
-4
-1
-31
-10
-3
-10
-1
-18
-9
2
-18
13
12
13
11
7
14
-7
34
-7
26
19
27
14
14
31
26
23
11
23
-13
5
25
13
36
37
26
56
36
10
16
42
38
29
37
15
28
54
39
39
38
15
18
-5
-9
13
20
14
10
11
-11
9
2
0
16
25
31
16
29
19
18
39
24
21
39
41
29
31
1
22
13
0
16
-10
5
-23
-7
-2
11
10
-9
26
5
35
40
37
29
26
21
16
47
35
27
-3
2
18
19
5
40
25
15
40
5
27
19
-7
28
11
37
34
-1
-7
-24
-25
-9
9
26
5
11
17
-1
12
-8
11
7
-21
-13
0
11
13
-1
19
16
24
13
15
1
3
-5
-15
28
-8
27
32
32
37
-1
33
8
-1
22
7
43
47
38
43
18
24
28
17
16
34
33
23
15
50
46
30
39
15
22
22
20
28
-9
18
9
9
29
21
47
45
32
34
16
21
4
-1
26
20
-4
-22
-21
-3
8
18
27
25
20
23
23
30
27
15
26
23
40
3
28
25
25
33
25
35
27
27
22
56
47
60
36
38
57
43
42
23
45
36
49
72
67
52
38
40
14
37
9
20
49
21
41
28
39
39
28
73
61
61
71
71
74
89
73
67
68
42
49
47
30
19
29
35
54
47
77
94
75
88
71
55
66
81
84
56
47
55
48
48
18
31
38
54
57
71
92
84
94
86
95
80
85
81
76
55
86
72
78
89
96
110
71
101
80
62
48
23
28
27
46
51
70
83
84
84
82
82
70
76
52
28
20
6
42
57
63
80
69
74
62
53
52
25
41
48
59
61
59
85
70
75
94
57
58
40
52
41
14
8
-13
6
-7
-19
1
5
37
64
73
102
75
70
30
26
45
34
25
25
-7
27
4
3
43
35
38
67
88
91
65
68
56
63
77
33
66
38
71
84
69
70
66
76
79
80
88
91
93
99
58
57
59
42
29
40
3
13
22
44
73
55
70
83
62
77
76
79
77
29
55
49
82
83
95
82
64
42
21
14
12
-47
-103
-128
-129
-78
-53
-82
-146
-151
-144
-92
-68
-54
-20
18
69
125
133
152
171
165
173
118
114
97
99
139
147
147
140
127
140
100
72
45
27
32
14
17
-5
-24
-33
23
53
100
108
61
59
92
100
133
126
90
108
83
138
90
119
122
101
107
71
82
59
56
37
53
58
99
97
95
114
112
141
162
106
106
67
21
40
-33
19
48
21
46
52
93
99
102
112
119
132
72
101
112
54
21
0
-2
-21
-12
13
2
30
53
67
99
111
106
127
140
112
69
53
66
71
80
89
65
76
62
61
84
62
81
91
109
119
74
74
92
89
72
62
57
77
70
60
57
39
40
35
25
26
22
29
22
40
24
17
24
24
22
38
47
26
4
30
12
22
34
35
54
55
65
61
80
79
61
51
20
-6
-6
-16
-2
4
19
26
30
39
36
36
36
23
13
32
34
41
19
17
10
6
18
29
40
43
50
63
49
51
70
51
42
25
22
34
24
10
-6
25
25
3
5
-11
-29
-8
-8
-6
-15
-38
-17
21
67
56
64
66
73
77
73
80
55
47
39
40
20
4
17
7
28
19
14
13
-4
-3
0
-1
5
15
28
44
18
41
62
94
107
101
119
133
121
96
67
63
42
8
25
32
25
5
21
43
58
62
51
51
33
33
29
28
42
13
28
23
32
50
39
85
70
73
65
71
108
61
46
48
33
46
1
-2
16
-20
-15
-9
-2
12
8
17
10
19
23
15
14
3
29
18
1
15
18
15
2
1
32
15
17
54
59
62
26
44
28
22
35
13
9
24
30
32
56
55
62
53
64
81
83
91
85
92
77
56
49
28
32
32
23
32
44
35
56
85
84
105
81
81
88
107
92
91
88
74
64
74
90
79
85
69
69
94
83
87
80
81
110
87
103
103
82
81
75
94
104
98
92
100
108
134
113
102
94
66
80
78
72
61
46
40
55
37
35
45
29
37
48
56
57
66
93
85
69
64
41
50
26
48
43
54
61
68
67
64
63
57
64
63
75
46
48
31
39
51
38
56
39
26
27
26
22
40
50
48
47
38
57
46
36
46
42
38
53
64
67
88
108
119
135
168
176
154
136
122
109
100
99
99
110
107
96
121
130
136
157
183
196
212
218
215
211
186
169
158
162
163
150
136
142
143
159
161
160
161
165
159
139
130
112
93
77
82
65
42
54
64
59
82
85
82
76
72
58
42
29
12
-13
-28
-32
-56
-62
-74
-99
-109
-121
-128
-141
-134
-148
-170
-158
-160
-149
-160
-150
-165
-154
-142
-160
-156
-160
-168
-158
-149
-125
-116
-98
-86
-70
-46
-55
-33
-25
-12
13
19
51
100
115
141
159
176
206
233
259
260
289
326
317
333
367
406
412
407
431
434
462
494
515
548
561
609
664
713
748
796
863
897
943
939
925
885
808
706
571
395
207
37
-162
-355
-520
-667
-763
-846
-859
-866
-830
-752
-665
-566
-473
-396
-330
-269
-228
-183
-154
-109
-86
-43
-19
18
37
72
79
74
28
-31
-119
-258
-400
-570
-715
-879
-993
-1072
-1126
-1111
-1069
-1011
-885
-778
-640
-498
-390
-249
-171
-91
-34
7
37
96
129
150
182
230
280
328
385
423
496
520
542
546
539
530
513
516
529
561
601
678
783
941
1079
1278
1484
1666
1851
1971
2006
1952
1819
1606
1354
996
579
143
-314
-723
-1120
-1419
-1629
-1763
-1798
-1733
-1589
-1362
-1117
-869
-621
-404
-184
-35
102
230
305
371
465
536
669
771
880
1006
1078
1122
1103
1046
897
659
358
46
-306
-647
-959
-1261
-1463
-1624
-1688
-1637
-1548
-1383
-1220
-1005
-795
-596
-431
-305
-186
-131
-95
-83
-68
-60
-42
-39
-12
22
63
101
115
98
53
11
-54
-154
-255
-341
-417
-471
-504
-477
-416
-325
-200
-61
99
259
416
573
711
847
945
1049
1123
1217
1303
1403
1540
1696
1886
2065
2274
2375
2329
2255
2078
1843
1491
959
429
-138
-695
-1227
-1687
-1994
-2224
-2376
-2322
-2102
-1775
-1411
-1053
-649
-261
65
329
560
722
790
799
861
949
999
1044
1134
1241
1310
1345
1392
1378
1221
982
642
274
-137
-627
-1092
-1519
-1890
-2174
-2333
-2338
-2222
-2058
-1773
-1446
-1082
-708
-377
-80
131
259
334
396
393
376
323
299
279
253
245
252
241
174
102
-10
-151
-339
-544
-739
-919
-1077
-1166
-1195
-1146
-1062
-897
-672
-435
-157
94
351
550
695
867
964
1049
1112
1139
1191
1233
1287
1364
1481
1617
1781
1959
2165
2351
2492
2478
2363
2160
1883
1512
987
416
-171
-745
-1299
-1763
-2117
-2332
-2478
-2462
-2259
-1939
-1565
-1193
-784
-383
-39
242
474
662
778
793
827
917
1003
1074
1155
1249
1324
1368
1357
1321
1156
862
501
84
-363
-868
-1343
-1768
-2153
-2395
-2513
-2473
-2318
-2070
-1754
-1393
-988
-596
-252
45
263
371
441
447
437
379
334
284
242
233
219
212
168
103
-2
-126
-283
-481
-685
-899
-1072
-1219
-1305
-1297
-1240
-1090
-911
-636
-330
-26
268
522
732
900
1010
1111
1158
1171
1172
1183
1217
1222
1277
1333
1399
1547
1698
1858
2057
2259
2382
2345
2235
2010
1752
1403
883
306
-306
-894
-1466
-1949
-2265
-2496
-2648
-2640
-2416
-2041
-1648
-1248
-797
-357
14
327
594
792
880
876
881
931
1017
1046
1098
1171
1236
1227
1251
1217
1048
784
401
6
-447
-911
-1387
-1838
-2210
-2456
-2588
-2578
-2396
-2144
-1804
-1400
-970
-530
-133
193
421
555
648
669
659
590
512
459
377
337
310
312
264
195
117
-11
-165
-362
-584
-818
-1041
-1225
-1355
-1399
-1370
-1268
-1086
-842
-531
-210
112
412
677
881
1051
1178
1244
1303
1313
1303
1276
1277
1276
1286
1339
1397
1502
1638
1801
1991
2173
2294
2266
2106
1877
1604
1192
646
41
-593
-1203
-1747
-2232
-2555
-2746
-2805
-2720
-2454
-2018
-1540
-1062
-554
-83
323
670
900
1080
1157
1141
1110
1101
1114
1130
1131
1149
1162
1141
1116
1018
841
551
175
-248
-707
-1186
-1644
-2069
-2396
-2581
-2639
-2533
-2294
-1960
-1555
-1089
-593
-118
294
631
874
995
1042
1005
920
810
664
530
400
303
247
181
121
43
-47
-151
-308
-467
-669
-889
-1101
-1276
-1403
-1442
-1409
-1309
-1127
-869
-553
-230
107
441
730
984
1159
1298
1365
1369
1321
1240
1165
1074
1000
949
912
911
966
1054
1200
1392
1579
1763
1926
2004
1939
1777
1548
1230
805
270
-294
-839
-1366
-1826
-2171
-2364
-2445
-2394
-2249
-1930
-1484
-1076
-661
-252
126
404
599
767
863
877
840
835
884
934
972
1014
1054
1100
1063
984
878
638
291
-132
-530
-950
-1370
-1720
-1972
-2138
-2177
-2071
-1831
-1471
-1101
-683
-279
106
430
665
796
819
767
635
512
355
229
99
12
-31
-17
32
81
103
80
21
-73
-213
-414
-635
-871
-1110
-1280
-1385
-1399
-1316
-1183
-949
-652
-311
47
365
675
872
1014
1114
1089
1019
891
720
558
400
268
158
108
126
165
260
379
527
695
862
1053
1232
1410
1614
1760
1858
1873
1783
1640
1395
1137
732
267
-231
-716
-1152
-1565
-1894
-2127
-2233
-2269
-2136
-1891
-1592
-1267
-911
-539
-175
155
421
665
847
983
1051
1169
1258
1299
1329
1320
1303
1249
1116
945
748
451
102
-267
-618
-938
-1254
-1520
-1707
-1806
-1779
-1689
-1491
-1246
-976
-710
-451
-189
11
149
226
277
313
298
286
312
314
350
377
437
494
490
476
421
304
152
-38
-271
-492
-701
-904
-1043
-1115
-1138
-1096
-983
-806
-602
-366
-137
72
267
385
483
513
524
477
403
338
262
199
143
124
111
150
193
269
368
475
580
703
829
935
1084
1244
1393
1589
1745
1866
1917
1868
1759
1538
1295
932
484
1
-491
-980
-1418
-1766
-2015
-2185
-2229
-2135
-1905
-1590
-1255
-880
-486
-99
238
532
767
929
1012
1082
1124
1162
1177
1146
1104
1077
1028
940
842
696
542
295
42
-218
-484
-759
-1021
-1234
-1420
-1509
-1522
-1463
-1352
-1161
-949
-692
-421
-179
58
233
388
492
550
582
608
583
540
553
534
546
517
484
437
363
275
159
21
-154
-330
-506
-682
-817
-906
-958
-954
-913
-826
-698
-535
-386
-212
-94
0
68
86
89
31
-27
-96
-168
-221
-237
-227
-198
-124
-18
101
229
380
504
616
736
852
978
1100
1230
1380
1544
1741
1917
2070
2174
2175
2081
1846
1590
1200
675
115
-506
-1048
-1563
-2006
-2292
-2467
-2497
-2394
-2145
-1754
-1306
-868
-434
-23
336
645
839
995
1084
1087
1099
1109
1136
1185
1193
1221
1250
1246
1203
1085
889
625
267
-100
-485
-907
-1295
-1630
-1889
-2015
-2054
-1978
-1768
-1512
-1213
-882
-520
-193
89
314
468
561
607
618
597
591
580
567
566
601
644
656
655
641
538
409
231
5
-256
-559
-839
-1093
-1285
-1415
-1462
-1442
-1348
-1166
-959
-705
-467
-247
-67
47
112
138
131
62
-13
-75
-121
-154
-171
-130
-70
17
104
197
287
382
414
454
499
491
499
523
551
634
755
899
1094
1341
1608
1832
2017
2146
2174
2078
1824
1465
1055
525
-65
-665
-1189
-1640
-2033
-2251
-2341
-2281
-2114
-1835
-1453
-1043
-649
-304
37
317
501
602
689
761
772
793
891
981
1105
1200
1277
1362
1385
1337
1160
928
585
157
-331
-814
-1251
-1658
-1980
-2204
-2277
-2222
-2061
-1778
-1420
-1037
-639
-265
69
351
531
634
681
698
685
628
598
607
601
617
643
677
699
653
557
430
246
-11
-298
-610
-902
-1188
-1420
-1555
-1624
-1597
-1473
-1272
-1020
-714
-410
-116
166
380
539
614
636
615
530
412
275
147
44
-60
-147
-186
-195
-180
-154
-103
-45
35
102
146
228
287
375
469
555
667
807
952
1123
1294
1484
1663
1792
1916
1978
1964
1848
1602
1309
976
541
88
-406
-888
-1292
-1659
-1919
-2054
-2074
-2017
-1879
-1624
-1298
-959
-620
-322
-16
216
393
543
681
775
826
890
953
1046
1105
1143
1147
1112
1032
898
669
417
112
-242
-622
-977
-1269
-1520
-1702
-1786
-1763
-1652
-1443
-1178
-878
-563
-279
-13
247
397
491
540
540
533
484
432
401
376
370
366
385
396
364
308
216
74
-106
-290
-493
-679
-822
-940
-988
-969
-893
-765
-587
-395
-210
-28
126
242
321
336
311
261
196
136
39
-27
-98
-127
-158
-205
-216
-253
-288
-345
-407
-443
-481
-485
-490
-434
-331
-193
-6
211
458
670
902
1117
1300
1433
1544
1616
1660
1672
1670
1644
1594
1514
1392
1213
967
698
372
20
-354
-776
-1125
-1484
-1781
-1979
-2091
-2077
-1994
-1843
-1566
-1221
-872
-509
-170
172
450
664
874
1043
1148
1227
1270
1315
1360
1365
1338
1284
1188
1050
828
550
246
-120
-495
-889
-1232
-1521
-1748
-1876
-1914
-1864
-1717
-1502
-1251
-944
-659
-401
-159
55
221
352
442
530
611
705
779
890
988
1050
1105
1117
1081
987
816
576
312
7
-312
-633
-897
-1113
-1249
-1349
-1354
-1279
-1174
-1019
-864
-672
-509
-367
-241
-145
-78
-28
9
29
51
48
53
46
30
-2
-35
-86
-151
-204
-267
-314
-356
-370
-395
-390
-346
-282
-213
-123
-2
117
236
371
492
626
790
936
1074
1245
1394
1557
1691
1827
1949
1995
1975
1872
1683
1373
985
557
69
-419
-918
-1354
-1700
-1982
-2134
-2186
-2121
-1947
-1721
-1451
-1111
-768
-456
-167
96
332
549
750
942
1143
1316
1448
1573
1674
1709
1660
1524
1318
1006
606
161
-320
-771
-1203
-1584
-1867
-2008
-2024
-1951
-1768
-1496
-1170
-843
-501
-187
100
316
464
601
689
771
828
888
957
1012
1054
1069
1068
1028
911
712
479
203
-128
-493
-808
-1093
-1316
-1497
-1582
-1528
-1434
-1263
-1040
-775
-511
-283
-61
108
230
306
340
356
340
327
284
235
177
125
80
-9
-108
-210
-339
-485
-627
-741
-813
-879
-895
-863
-793
-665
-510
-333
-130
49
222
411
553
690
788
866
953
1031
1081
1132
1183
1215
1263
1290
1291
1309
1310
1274
1243
1157
1096
966
816
618
326
25
-274
-578
-872
-1164
-1393
-1529
-1631
-1634
-1557
-1376
-1152
-913
-636
-301
-7
257
495
683
858
991
1087
1198
1291
1352
1397
1371
1366
1334
1200
1022
786
481
124
-282
-649
-1001
-1340
-1598
-1790
-1879
-1867
-1806
-1655
-1431
-1210
-937
-678
-419
-174
33
199
401
556
713
861
957
1070
1127
1148
1144
1081
952
819
609
357
84
-183
-452
-684
-891
-1050
-1138
-1163
-1136
-1088
-970
-849
-694
-551
-405
-271
-154
-53
15
72
142
158
182
185
170
143
78
17
-67
-127
-218
-315
-404
-479
-545
-594
-630
-648
-652
-619
-569
-499
-423
-328
-231
-102
35
182
322
463
591
704
816
906
961
994
1007
1007
977
957
946
932
924
935
947
968
971
931
889
781
600
355
94
-181
-458
-751
-978
-1116
-1206
-1210
-1146
-993
-803
-594
-403
-190
13
135
243
289
338
353
376
405
434
498
564
604
620
621
567
443
265
67
-175
-429
-677
-881
-1042
-1155
-1179
-1136
-1039
-893
-735
-554
-376
-208
-75
57
174
272
364
430
491
565
633
655
677
682
626
550
438
300
116
-66
-232
-414
-554
-675
-780
-825
-848
-825
-780
-699
-591
-491
-379
-254
-144
-64
17
89
133
140
125
125
72
11
-85
-190
-303
-421
-527
-635
-718
-789
-845
-859
-885
-853
-808
-770
-659
-557
-423
-298
-147
-23
124
256
333
433
483
520
563
565
578
560
532
518
480
455
409
363
335
310
291
292
321
364
438
536
675
798
914
1002
1054
1104
1066
936
766
557
331
85
-176
-412
-575
-715
-821
-874
-857
-826
-799
-783
-704
-659
-594
-544
-486
-354
-259
-132
18
205
375
538
657
772
859
860
819
754
648
514
362
216
95
-23
-154
-281
-372
-465
-548
-631
-686
-722
-717
-706
-691
-593
-487
-371
-265
-141
-6
76
132
179
213
206
179
150
126
79
44
16
-24
-61
-112
-177
-232
-274
-332
-379
-434
-502
-550
-582
-589
-584
-586
-588
-554
-502
-485
-437
-390
-355
-301
-254
-218
-197
-197
-207
-215
-249
-256
-300
-327
-322
-335
-317
-268
-229
-181
-137
-79
-51
-23
-4
-3
2
42
44
36
105
151
210
265
317
368
412
440
480
503
514
545
563
605
663
725
773
833
921
989
1030
1029
1003
925
828
699
506
254
14
-216
-416
-615
-773
-877
-970
-966
-937
-883
-832
-746
-648
-520
-397
-268
-86
84
284
458
636
819
962
1070
1138
1151
1118
1039
894
714
494
280
45
-181
-366
-573
-733
-855
-958
-1042
-1099
-1138
-1129
-1116
-1074
-1004
-914
-774
-624
-479
-320
-144
19
183
342
480
604
693
723
737
707
654
584
451
293
129
-34
-194
-349
-483
-594
-677
-740
-780
-801
-804
-775
-756
-708
-662
-592
-513
-418
-319
-237
-145
-42
38
81
124
137
116
71
10
-71
-163
-241
-329
-404
-449
-489
-530
-549
-546
-535
-506
-493
-473
-432
-383
-312
-202
-110
-20
96
223
334
447
554
630
673
710
734
732
702
665
623
567
513
440
405
381
364
374
391
441
488
545
560
598
612
597
536
419
300
151
45
-48
-131
-200
-237
-244
-212
-179
-168
-157
-144
-152
-150
-171
-198
-212
-230
-187
-146
-74
-19
50
131
210
281
328
387
413
404
377
332
260
190
112
11
-98
-216
-318
-402
-450
-512
-575
-591
-596
-583
-564
-559
-557
-544
-520
-503
-438
-378
-292
-191
-91
22
118
224
297
369
412
408
376
323
245
169
85
-24
-118
-219
-309
-393
-458
-533
-604
-663
-703
-731
-772
-791
-791
-787
-790
-743
-717
-665
-592
-526
-433
-372
-289
-181
-87
15
110
210
274
339
391
385
395
382
346
307
237
178
125
62
42
-10
-31
-22
-23
-14
-10
18
29
54
85
122
163
203
269
345
405
467
553
645
698
755
816
874
926
934
956
941
901
883
838
786
743
667
581
496
382
255
145
34
-95
-184
-276
-340
-410
-457
-487
-524
-560
-555
-536
-485
-428
-379
-297
-228
-143
-71
1
37
72
108
133
156
175
167
165
155
143
125
94
59
11
-23
-72
-124
-153
-199
-237
-233
-247
-227
-203
-176
-148
-114
-86
-69
-67
-66
-70
-82
-88
-107
-104
-112
-111
-119
-113
-99
-86
-69
-50
-48
-57
-85
-107
-147
-187
-221
-236
-263
-272
-269
-242
-195
-146
-117
-85
-46
-46
-57
-87
-116
-145
-177
-209
-216
-222
-224
-202
-193
-175
-165
-141
-127
-101
-84
-67
-49
-26
-18
-1
17
20
19
17
13
-20
-30
-81
-83
-103
-113
-128
-127
-113
-99
-90
-63
-34
-38
-5
21
36
43
53
80
103
111
131
150
167
205
204
221
238
221
213
197
167
136
123
87
80
53
42
39
27
43
59
55
65
85
107
136
145
163
169
200
206
204
198
206
187
195
182
147
113
79
68
26
-14
-52
-75
-120
-137
-156
-182
-206
-195
-195
-185
-176
-176
-150
-123
-114
-117
-94
-84
-94
-89
-99
-106
-105
-131
-134
-149
-164
-165
-177
-179
-132
-138
-137
-129
-116
-98
-103
-90
-97
-89
-110
-109
-94
-96
-101
-98
-81
-65
-47
-44
-35
-19
-5
-4
-30
-40
-44
-52
-69
-64
-57
-67
-27
6
10
30
65
81
86
104
100
91
60
45
11
-22
-33
-51
-54
-54
-47
-16
-7
14
35
43
74
111
134
148
177
224
237
274
279
293
307
325
335
320
327
292
265
237
202
147
91
59
12
-17
-18
-47
-55
-60
-77
-46
-32
-6
22
40
74
86
107
144
172
173
167
148
160
153
142
124
99
54
0
-50
-117
-168
-221
-258
-323
-373
-385
-409
-426
-405
-402
-355
-326
-273
-204
-119
-34
44
129
197
259
285
311
313
301
271
211
158
79
-1
-88
-186
-246
-317
-368
-397
-408
-395
-349
-309
-232
-187
-108
-50
-25
13
48
76
86
103
88
95
115
117
100
75
56
25
-17
-64
-108
-135
-182
-209
-226
-239
-219
-187
-155
-110
-61
-6
46
102
131
148
140
124
143
120
95
80
61
24
19
1
-22
-23
-21
-4
-16
-32
-28
-20
-32
-14
3
-9
21
68
106
152
194
230
270
280
296
281
259
263
252
228
201
163
126
89
45
4
-41
-37
-52
-83
-87
-112
-99
-85
-65
-46
-37
-22
9
16
66
92
115
157
184
210
193
178
150
102
55
13
-45
-69
-93
-123
-146
-130
-124
-107
-95
-85
-70
-73
-69
-55
-57
-57
-51
-45
-25
-20
-14
-9
4
8
-17
-31
-28
-50
-75
-113
-119
-131
-151
-172
-197
-210
-223
-231
-218
-207
-173
-161
-142
-94
-103
-82
-67
-83
-71
-86
-108
-118
-128
-142
-135
-130
-130
-105
-94
-100
-90
-78
-67
-69
-52
-36
-45
-46
-48
-45
-49
-39
-31
-11
13
30
65
108
150
185
203
203
203
198
174
173
144
128
119
127
134
142
151
174
184
176
201
183
183
150
141
110
73
66
47
54
39
46
75
103
114
154
162
191
203
212
226
212
185
164
148
117
116
94
85
67
43
13
-3
-13
-61
-104
-153
-194
-247
-271
-309
-319
-334
-328
-292
-270
-243
-206
-144
-117
-72
-17
33
60
98
107
116
113
97
90
54
12
-28
-64
-83
-118
-132
-141
-149
-151
-124
-141
-132
-112
-117
-85
-81
-63
-56
-49
-40
-20
-25
-20
-3
20
23
37
37
19
23
14
17
-32
-72
-112
-157
-170
-211
-237
-258
-273
-284
-294
-280
-279
-265
-251
-224
-213
-169
-114
-72
-18
49
89
151
197
231
262
269
292
282
276
272
271
247
213
189
164
135
99
78
79
40
21
-2
-4
-4
-8
-7
-3
19
29
39
48
58
56
55
68
89
66
86
110
106
96
90
90
68
48
19
15
1
-20
-24
-31
-48
-67
-67
-59
-57
-51
-35
-26
-9
5
14
34
67
74
92
104
111
127
116
123
91
78
52
18
-2
-31
-60
-90
-105
-130
-132
-139
-135
-119
-105
-58
-43
-12
22
57
85
140
171
198
223
222
238
211
201
174
122
79
24
-36
-100
-175
-230
-292
-356
-388
-424
-469
-481
-482
-481
-447
-405
-359
-303
-249
-199
-176
-116
-60
-51
-10
10
-1
29
53
61
79
88
101
98
87
59
46
2
-34
-90
-113
-147
-169
-191
-209
-206
-209
-174
-156
-130
-122
-123
-86
-58
-28
29
23
50
68
72
81
101
125
105
120
124
126
135
118
96
73
50
31
17
2
-16
-7
-4
1
14
21
8
9
4
-11
-28
-36
-50
-45
-50
-41
-31
-31
-26
-17
-18
-3
16
-15
17
16
24
39
35
52
70
70
70
81
74
75
74
86
80
78
91
101
79
60
65
65
55
46
46
58
52
53
27
8
-15
-57
-107
-150
-180
-243
-267
-298
-311
-321
-304
-290
-281
-250
-238
-226
-201
-178
-148
-125
-78
-47
-18
17
51
60
71
88
78
67
26
-4
-49
-104
-158
-204
-237
-289
-314
-330
-360
-339
-347
-325
-291
-284
-258
-213
-168
-148
-115
-76
-35
6
46
69
94
139
144
176
172
153
155
125
105
58
1
-42
-69
-125
-164
-187
-244
-267
-286
-293
-301
-296
-269
-247
-199
-147
-106
-59
-15
17
68
95
124
124
151
161
155
139
124
115
96
77
43
11
-7
-26
-34
-49
-63
-73
-51
-68
-52
-32
-27
-1
4
32
38
33
51
63
76
71
47
42
7
-8
-28
-48
-68
-90
-89
-91
-70
-48
-43
-37
-13
20
33
51
64
76
65
71
83
67
68
51
49
38
27
2
-24
-41
-69
-113
-126
-151
-186
-215
-226
-224
-224
-202
-185
-149
-126
-96
-53
-13
17
45
51
46
47
45
31
24
11
-8
-3
-27
-43
-57
-76
-97
-124
-148
-167
-192
-200
-216
-197
-170
-167
-125
-95
-59
-23
-20
2
31
34
27
34
24
15
14
-9
-28
-54
-85
-102
-111
-126
-134
-141
-144
-140
-139
-120
-107
-90
-65
-47
-23
5
16
35
78
101
110
130
134
138
149
145
153
147
138
122
116
93
68
43
11
0
-40
-67
-66
-57
-78
-80
-65
-41
-10
22
65
98
148
198
236
257
285
294
315
314
295
286
255
227
192
149
125
113
83
61
59
18
4
-8
-45
-73
-81
-109
-139
-139
-157
-170
-161
-153
-147
-133
-105
-88
-75
-57
-46
-17
-22
6
3
23
32
21
19
-3
3
-5
-7
-17
-25
-35
-46
-64
-78
-69
-73
-98
-122
-128
-152
-154
-167
-157
-148
-149
-127
-115
-99
-72
-63
-56
-34
-26
3
-19
-1
-1
-24
-22
-32
-34
-51
-59
-61
-61
-82
-81
-86
-115
-105
-134
-155
-158
-174
-168
-169
-168
-146
-130
-126
-97
-91
-70
-53
-38
-26
-34
-26
-6
4
12
39
42
64
83
90
102
112
128
109
102
108
79
81
68
60
57
41
39
25
38
35
41
40
45
57
64
73
89
96
110
124
138
150
141
152
154
142
143
144
153
140
132
107
74
58
37
1
-11
-6
-42
-28
-40
-28
-30
-17
-26
-67
-59
-69
-71
-76
-72
-85
-81
-63
-69
-39
-2
27
48
61
75
78
94
93
80
69
56
63
49
36
37
47
46
57
65
62
57
42
35
7
-12
-31
-45
-73
-96
-97
-111
-113
-124
-132
-113
-112
-109
-97
-102
-82
-87
-89
-92
-97
-90
-80
-97
-97
-103
-114
-118
-131
-110
-110
-124
-123
-110
-109
-114
-112
-100
-98
-85
-59
-59
-31
-4
3
32
51
73
100
110
114
141
141
142
151
136
140
123
114
109
79
69
60
47
25
-12
4
-15
-16
-23
-24
-14
-34
-22
-14
-7
14
19
19
25
41
57
60
74
66
83
87
88
95
89
93
79
80
80
61
49
50
31
16
16
-3
-12
-7
-33
-16
-28
-43
-51
-72
-70
-72
-73
-77
-92
-73
-44
-54
-40
-14
1
18
24
35
43
40
31
14
4
-28
-39
-59
-69
-81
-109
-118
-134
-135
-126
-136
-152
-168
-184
-189
-201
-210
-217
-207
-217
-200
-168
-170
-145
-128
-113
-100
-88
-81
-67
-80
-88
-83
-92
-93
-107
-107
-106
-111
-115
-120
-106
-110
-107
-92
-99
-95
-97
-84
-91
-67
-49
-29
1
8
49
52
80
101
106
98
100
116
83
78
54
37
-4
-20
-22
-40
-64
-79
-78
-88
-78
-82
-78
-76
-66
-69
-46
-47
-33
-18
-12
-8
-1
7
1
-1
-21
-19
-25
-28
-45
-58
-58
-79
-104
-108
-128
-135
-126
-151
-141
-146
-152
-154
-137
-155
-155
-124
-151
-137
-124
-132
-131
-130
-128
-111
-135
-143
-147
-153
-149
-158
-164
-158
-164
-165
-146
-141
-141
-116
-100
-78
-60
-59
-57
-28
-39
-55
-67
-104
-121
-153
-168
-191
-205
-228
-259
-269
-284
-293
-311
-315
-327
-327
-333
-335
-316
-308
-287
-272
-246
-226
-203
-180
-160
-139
-118
-101
-101
-91
-70
-84
-80
-92
-120
-125
-168
-178
-203
-241
-259
-265
-282
-288
-275
-294
-262
-238
-212
-148
-116
-89
-28
10
62
88
119
152
154
164
156
165
155
129
115
95
86
54
37
22
-33
-64
-81
-108
-134
-164
-195
-206
-215
-206
-212
-205
-173
-181
-139
-120
-102
-64
-42
4
24
36
45
50
51
37
38
23
10
-16
-33
-59
-77
-89
-105
-120
-135
-141
-152
-130
-157
-149
-144
-146
-122
-111
-97
-87
-65
-53
-28
-14
-9
-6
1
14
11
12
-16
-21
-15
-31
-34
-38
-50
-76
-77
-83
-101
-118
-136
-140
-138
-154
-150
-137
-136
-138
-154
-156
-155
-164
-166
-178
-184
-187
-208
-212
-226
-220
-225
-225
-231
-238
-236
-238
-230
-231
-201
-183
-167
-133
-116
-80
-59
-44
-11
12
8
30
50
39
37
31
35
15
12
13
-10
-23
-43
-36
-31
-44
-47
-40
-39
-28
-29
-36
-15
-2
6
26
47
58
80
99
104
117
118
119
114
97
97
81
51
40
13
-14
-40
-67
-80
-99
-116
-122
-132
-151
-155
-144
-127
-129
-104
-85
-62
-52
-27
-16
-15
-13
-16
-6
-7
-11
0
-13
-20
-13
-16
-9
-7
-21
-23
-18
-15
-6
-4
13
-10
-7
-2
-7
1
7
14
15
44
45
38
49
37
22
27
1
3
-29
-50
-66
-91
-93
-123
-129
-120
-126
-118
-125
-121
-115
-135
-132
-140
-151
-161
-152
-170
-194
-208
-194
-184
-198
-164
-155
-144
-144
-124
-128
-106
-95
-93
-85
-91
-90
-87
-76
-87
-81
-65
-47
-44
-28
-10
-7
11
17
15
18
-3
-6
-10
-9
-42
-45
-56
-71
-52
-59
-49
-6
0
11
34
51
98
93
115
113
130
123
99
93
77
61
41
25
18
-12
-40
-50
-62
-56
-97
-95
-86
-103
-118
-108
-116
-113
-119
-111
-98
-86
-78
-54
-44
-28
-20
-18
13
7
9
19
7
-11
-14
-44
-34
-50
-67
-58
-70
-55
-72
-74
-56
-68
-77
-72
-89
-87
-95
-101
-96
-119
-113
-138
-143
-140
-161
-167
-156
-165
-162
-177
-171
-149
-145
-128
-130
-126
-101
-85
-93
-92
-92
-91
-77
-83
-77
-92
-93
-87
-88
-97
-106
-134
-139
-130
-150
-163
-168
-172
-193
-193
-199
-192
-178
-142
-122
-116
-89
-82
-58
-44
-24
-23
-7
-8
-18
-10
-16
-16
-30
-30
-42
-71
-46
-63
-77
-75
-89
-94
-108
-112
-144
-137
-129
-133
-121
-127
-122
-127
-97
-90
-74
-48
-44
-31
-28
-4
10
10
13
-10
-20
-11
-10
-4
-13
-23
-32
-40
-30
-36
-42
-43
-39
-43
-34
-43
-37
-38
-42
-35
-45
-17
-15
-24
-6
-16
-6
-19
-15
-6
-21
-31
-44
-47
-69
-72
-82
-70
-77
-78
-77
-82
-84
-79
-62
-41
-33
-29
-19
-18
5
10
11
-6
-31
-23
-14
-28
-36
-48
-43
-40
-24
-18
-12
-15
15
3
-5
-7
-25
-23
-38
-44
-42
-58
-67
-58
-67
-64
-86
-78
-84
-69
-59
-68
-54
-46
-37
-16
-20
-19
-1
11
10
0
13
13
12
10
4
-11
-40
-48
-45
-70
-65
-60
-82
-85
-80
-67
-67
-52
-42
-32
-18
-12
0
18
25
37
61
85
74
79
84
105
117
114
128
131
126
115
116
96
102
71
47
41
49
13
-1
-2
-13
-11
-18
-16
-15
-8
-13
-29
-37
-25
-29
-11
-5
-14
4
16
20
34
33
20
17
4
7
-12
-38
-43
-56
-47
-54
-60
-39
-49
-54
-48
-50
-41
-42
-41
-38
-38
-45
-31
-43
-42
-23
-28
-28
-25
-12
-15
-20
-30
-34
-47
-58
-61
-69
-87
-84
-93
-105
-93
-86
-95
-79
-73
-80
-74
-60
-76
-70
-67
-90
-85
-77
-73
-69
-66
-49
-46
-43
-34
-37
-49
-54
-52
-55
-56
-54
-53
-63
-53
-39
-25
-34
-15
-16
-7
-7
11
35
36
23
40
49
42
45
45
55
46
50
45
30
49
36
36
50
33
37
23
13
6
4
6
-14
-20
-17
-22
-20
-47
-53
-48
-60
-49
-53
-45
-50
-36
-42
-46
-45
-54
-55
-57
-45
-36
-54
-60
-48
-52
-35
-29
-17
4
-7
-4
-1
7
-2
12
10
2
-10
-9
-1
-11
-9
-23
-5
-22
-19
-21
-34
-23
-30
-21
-28
-50
-57
-62
-69
-63
-72
-55
-50
-43
-32
-27
-8
-17
-3
2
3
-3
5
-17
-29
-14
-48
-48
-55
-62
-67
-68
-70
-84
-65
-81
-76
-70
-78
-63
-55
-54
-60
-31
-37
-26
-25
-38
-26
-38
-36
-48
-67
-56
-69
-64
-73
-86
-90
-87
-70
-76
-67
-51
-55
-41
-28
-9
0
6
24
42
38
34
47
50
46
61
76
68
54
52
58
40
31
25
-5
-3
-14
-29
-27
-23
-31
-54
-21
-12
-5
6
16
45
61
59
90
100
105
114
98
101
110
105
97
83
59
51
32
12
2
-2
2
-17
-27
-18
-23
-10
-6
20
19
41
60
54
78
76
88
97
115
123
135
127
133
134
125
115
87
87
63
58
46
25
26
9
17
2
-12
-4
-3
1
14
15
10
21
42
51
48
63
37
54
48
31
46
27
29
26
14
12
12
-9
-2
6
13
11
7
13
6
-5
-1
8
14
21
29
27
33
30
34
29
37
34
24
51
38
40
40
38
36
26
33
32
38
42
46
49
50
58
66
55
66
90
97
86
111
117
105
122
138
125
110
122
109
95
93
84
63
30
31
0
-1
-8
-17
-20
-12
-27
-26
4
-18
2
27
12
25
25
15
9
11
17
16
22
-1
14
18
12
26
35
21
27
32
30
30
34
32
20
32
32
31
29
31
13
7
9
6
2
3
0
-7
-9
-14
-15
-25
-31
-32
-35
-35
-29
-17
-3
5
20
39
35
33
55
65
66
69
78
66
68
70
67
66
56
48
35
35
25
25
20
13
0
3
5
-12
2
-10
-13
-8
-30
-18
-19
-35
-50
-30
-22
-40
-19
-7
12
9
19
30
30
30
32
27
19
13
12
18
4
12
12
7
7
-19
-4
-10
-24
-5
-15
-36
-31
-27
-38
-15
-21
-14
6
14
14
24
17
21
30
38
40
27
15
25
23
23
17
13
24
28
21
8
7
7
4
6
-1
4
-10
-22
-4
-13
-4
-2
7
12
11
30
36
56
71
73
85
90
92
99
86
74
80
52
68
50
53
57
33
29
7
3
-15
-33
-32
-46
-48
-49
-44
-44
-50
-39
-15
-18
-13
18
19
34
47
35
33
35
35
22
26
13
6
-20
-17
-12
-22
-23
-45
-50
-62
-70
-59
-62
-55
-72
-87
-72
-67
-55
-66
-41
-33
-30
-28
-14
-16
-19
-11
-18
-17
-24
-31
-33
-39
-47
-29
-53
-22
-31
-34
-34
-43
-24
-16
-17
-13
-18
-21
-10
-2
14
15
21
45
50
68
72
77
64
56
52
42
37
8
6
-3
-19
-33
-24
-25
-39
-49
-31
-22
-28
-24
-21
-7
-1
10
2
12
11
14
28
40
49
52
63
60
62
57
76
56
50
45
26
33
8
11
-9
-22
-20
-3
-28
-13
7
-13
-8
-21
-19
-20
-16
-29
-25
-8
-23
-20
-9
-12
-14
4
9
31
35
37
38
47
46
47
55
66
70
52
49
51
54
47
37
35
39
30
18
28
5
4
-5
-14
-19
0
-11
-11
-13
-25
-13
-11
4
-3
-12
-1
22
23
36
59
63
50
88
72
51
55
49
43
37
45
41
9
8
10
0
2
-19
-28
-35
-35
-35
-48
-56
-63
-55
-50
-43
-31
-38
-13
-6
-4
3
1
12
17
30
17
11
6
20
15
15
23
17
24
24
22
25
25
32
38
13
27
8
-4
2
1
-11
-9
-1
-15
11
-4
9
25
7
12
23
26
29
31
38
40
38
47
26
48
46
45
50
38
55
49
59
36
26
60
56
53
49
42
40
35
39
41
24
28
29
42
37
30
34
40
53
51
54
59
49
49
55
42
54
45
59
64
60
61
39
36
13
8
8
-10
-20
-46
-64
-84
-92
-101
-92
-83
-65
-81
-89
-70
-67
-39
-49
-46
-31
-41
-39
-11
-6
12
13
8
26
28
25
0
5
-1
3
-8
-13
-15
-27
-19
-41
-41
-32
-22
3
2
2
3
15
27
33
41
46
57
53
66
71
53
73
81
69
66
67
69
66
60
57
46
40
40
35
41
55
38
37
44
46
30
42
45
44
44
59
58
51
67
57
86
77
71
83
85
78
83
80
74
56
53
68
76
82
77
81
79
78
107
96
109
116
109
112
112
101
102
97
92
106
87
90
84
90
84
79
85
87
67
53
51
46
57
39
27
18
29
44
21
25
28
22
30
47
40
53
52
51
56
41
58
38
32
29
26
28
31
30
37
44
53
54
59
70
59
77
90
93
101
116
117
128
138
133
123
123
148
128
143
138
119
132
100
88
87
70
57
43
35
47
20
16
31
26
48
38
44
67
72
72
78
70
62
75
74
62
61
63
58
52
57
39
46
46
47
45
45
48
41
50
49
47
44
53
49
65
79
84
76
96
99
99
128
135
141
134
137
139
149
161
166
148
154
148
142
118
109
113
114
117
96
84
72
77
61
60
73
77
80
90
95
106
107
114
129
126
124
138
139
143
120
133
106
102
98
77
85
69
57
49
51
31
26
23
16
11
3
2
22
20
20
25
45
32
41
46
40
64
60
73
66
71
65
53
49
63
59
42
69
47
52
56
54
70
57
63
42
29
31
24
33
41
42
35
37
17
29
35
49
43
29
59
46
39
45
33
37
44
41
39
53
70
55
70
71
59
55
49
47
60
37
48
34
31
46
26
44
46
38
48
62
73
88
86
98
92
107
115
119
122
130
138
115
134
145
140
137
149
150
149
152
149
148
148
130
140
144
139
131
123
136
126
121
131
125
129
134
118
112
103
113
94
82
75
71
57
45
41
34
40
36
39
36
32
37
39
36
41
54
65
55
69
59
53
57
47
63
57
66
63
70
63
55
48
54
54
49
43
41
43
46
58
41
43
45
66
56
65
70
75
91
72
117
92
100
101
104
94
74
103
61
62
57
51
44
38
44
36
36
18
17
17
22
33
44
23
15
18
36
39
56
52
58
65
57
73
53
67
54
74
76
53
58
51
54
61
51
42
52
60
60
58
71
75
89
91
111
103
103
110
116
116
125
129
127
126
134
138
120
126
125
115
105
111
88
86
83
61
73
66
56
57
59
53
66
69
90
81
94
102
106
110
101
107
113
119
127
111
123
111
108
116
100
98
97
106
102
81
61
69
78
73
52
49
55
47
56
51
62
66
86
81
72
85
80
88
93
94
88
80
87
88
90
82
76
79
70
63
77
47
43
41
41
48
22
24
17
12
11
0
-14
1
-17
-8
-8
-4
9
2
13
30
34
46
40
43
57
37
46
55
52
54
55
56
71
48
48
61
54
64
43
56
44
38
43
33
47
30
37
47
51
50
41
54
66
65
82
91
97
98
109
109
113
113
97
106
104
102
110
98
104
110
96
106
101
94
112
102
87
87
79
96
101
93
100
88
95
88
76
87
72
69
80
64
71
69
65
68
70
45
38
27
31
34
23
35
28
50
48
38
44
50
48
54
48
51
64
53
56
54
46
62
45
42
31
34
29
35
27
5
14
1
1
12
6
-1
0
14
11
-6
3
11
23
26
35
56
43
45
49
43
48
51
53
51
43
45
48
50
67
47
34
50
48
44
48
36
29
31
28
40
41
36
46
66
62
70
66
67
55
66
53
66
90
72
76
67
67
54
62
51
54
58
70
60
58
56
61
69
58
61
56
60
52
58
76
65
60
67
58
59
64
76
60
66
59
61
63
62
69
50
64
44
32
26
18
19
17
11
-3
14
-4
6
5
7
11
14
1
21
11
0
28
28
29
39
47
52
