-52
-48
-36
-52
-59
-40
-35
-37
-32
-55
-41
-29
-23
-51
-45
-39
-46
-52
-55
-32
-63
-50
-47
-49
-53
-59
-52
-48
-35
-36
-38
-65
-54
-52
-43
-39
-50
-60
-54
-56
-51
-52
-58
-52
-56
-46
-56
-69
-74
-57
-57
-65
-69
-48
-52
-61
-60
-58
-50
-45
-52
-47
-42
-57
-42
-42
-58
-49
-53
-61
-59
-77
-59
-66
-66
-65
-75
-74
-87
-61
-62
-58
-58
-74
-80
-75
-72
-82
-86
-66
-73
-70
-75
-69
-84
-78
-77
-103
-78
-82
-65
-81
-82
-72
-82
-81
-73
-76
-79
-68
-67
-74
-65
-63
-66
-80
-63
-62
-68
-68
-63
-69
-57
-55
-62
-50
-64
-53
-60
-67
-55
-65
-64
-61
-65
-52
-57
-70
-47
-54
-62
-57
-49
-63
-60
-38
-64
-58
-42
-31
-31
-34
-40
-51
-52
-52
-61
-54
-52
-61
-62
-48
-52
-62
-62
-57
-51
-76
-51
-61
-46
-47
-52
-57
-53
-53
-70
-46
-58
-45
-63
-45
-35
-56
-51
-62
-54
-65
-66
-58
-55
-60
-50
-49
-51
-33
-46
-50
-30
-39
-48
-39
-41
-60
-51
-46
-36
-31
-39
-42
-53
-38
-36
-40
-44
-38
-45
-56
-47
-45
-31
-44
-46
-37
-45
-38
-49
-35
-38
-45
-34
-33
-33
-47
-48
-48
-31
-30
-48
-43
-38
-44
-36
-50
-41
-29
-43
-30
-39
-34
-33
-39
-33
-44
-39
-37
-25
-34
-34
-31
-29
-36
-35
-51
-40
-39
-43
-34
-31
-38
-40
-33
-53
-37
-55
-34
-41
-46
-39
-47
-48
-54
-45
-59
-51
-53
-72
-56
-44
-35
-41
-43
-50
-42
-46
-44
-37
-34
-35
-45
-46
-47
-36
-31
-30
-31
-34
-27
-24
-17
-26
-32
-28
-16
-29
-34
3
-34
-14
-21
-16
-15
-30
-36
-29
-20
-27
-28
-40
-49
-43
-34
-36
-44
-50
-35
-48
-40
-33
-42
-41
-48
-43
-49
-43
-59
-45
-42
-46
-48
-46
-43
-57
-50
-44
-52
-60
-46
-53
-55
-53
-65
-57
-68
-56
-61
-44
-56
-63
-68
-64
-59
-65
-53
-47
-50
-46
-46
-46
-29
-27
-22
-21
-23
-22
-8
-17
-30
-29
-28
-39
-18
-21
-21
-16
-25
-22
-33
-20
-18
-7
-3
-24
-16
-30
-20
-19
-16
-14
-15
-16
-14
-16
-21
-8
-21
-26
-27
-21
-25
-10
-23
-11
-8
-17
-19
-24
-8
-10
-20
-23
-13
-14
-17
-10
-29
-21
-25
-34
-34
-40
-33
-41
-42
-34
-29
-34
-21
-39
-22
-20
-30
-27
-29
-33
-14
11
-9
-19
-18
-12
-24
-24
-23
-29
-41
-29
-37
-36
-33
-40
-42
-39
-32
-50
-38
-34
-44
-29
-44
-41
-21
-30
-41
-29
-42
-47
-49
-46
-38
-41
-42
-26
-36
-27
-32
-31
-23
-22
-20
-27
-35
-28
-31
-19
-48
-41
-20
-26
-19
-36
-17
-25
-14
-18
-17
-6
-25
-28
-13
-13
-16
5
-19
-12
9
2
-11
-24
-7
-15
6
-10
-27
-21
-20
-11
-9
-19
-26
-29
-24
-34
-27
-19
-36
-15
-11
-10
-12
-13
-20
-29
-28
-25
-27
-22
-12
-22
-31
-25
-17
-23
-37
-36
-31
-34
-37
-35
-28
-21
-36
-21
-15
-35
-18
-19
-20
-5
-24
-15
-27
-22
-7
-23
-14
-13
-7
-6
-29
2
1
-23
-5
-19
-15
-22
-16
-19
-15
-13
-7
-7
-25
-4
-12
-3
1
-19
-22
-9
-23
-8
-18
-24
-14
-18
-16
-7
5
-1
0
-7
-9
-14
-13
2
-2
6
-10
-4
-8
-9
-16
-23
-12
-17
-20
-30
-17
-30
-33
-24
-32
-24
-6
-19
-18
-27
-33
-26
-20
-22
-15
-17
-27
-28
-37
-20
-24
-29
-30
-16
-24
-9
-17
-6
-7
-21
-8
-19
-14
-8
-8
-2
-8
-4
-4
-27
-21
-19
-22
-13
-10
-25
-8
-14
-10
-21
-7
-2
-13
8
-15
-6
-7
-9
-4
-6
-3
-2
-17
3
5
-9
-14
7
0
-9
-14
-15
8
-11
-9
-7
-18
-38
-21
-38
-22
-3
-20
-22
-19
-12
-20
-19
-12
-14
-12
-10
-17
-23
-27
-33
-24
-34
-32
-40
-39
-27
-31
-18
-29
-25
-31
-22
-29
-12
-34
-29
-22
-31
-47
-33
-33
-30
-14
-23
-14
-25
-26
-13
-24
-24
-21
-34
-19
-21
-23
-10
-22
-18
-8
-20
-14
-16
-6
-5
-10
-16
2
-7
-9
-2
-22
-13
-11
-19
-21
-4
-5
-25
-18
-14
-20
-12
-6
1
-18
-20
-22
-9
-2
-19
-19
-16
-33
-13
-21
-26
-32
-46
-25
-36
-34
-45
-41
-47
-44
-38
-51
-45
-31
-37
-47
-24
-35
-48
-32
-29
-36
-43
-41
-59
-42
-50
-47
-41
-46
-50
-54
-46
-54
-64
-59
-60
-69
-59
-51
-39
-45
-35
-32
-34
-37
-51
-40
-26
-30
-14
-13
-21
-28
-42
-34
-23
-26
-20
-23
-14
-38
-34
-30
-40
-21
-28
-33
-44
-22
-33
-33
-36
-35
-20
-22
-29
-25
-22
-34
-33
-27
-32
-26
-21
-32
-19
-34
-26
-31
-32
-27
-27
-30
-25
-13
-32
-29
-26
-31
-16
-24
-29
-9
-32
-33
-33
-32
-37
-25
-26
-31
-30
-32
-32
-29
-29
-31
-15
-25
-27
-39
-19
-33
-46
-39
-38
-27
-41
-40
-44
-30
-32
-22
-27
-43
-22
-29
-39
-29
-31
-41
-29
-25
-33
-35
-26
-33
-31
-31
-32
-40
-43
-40
-41
-49
-38
-41
-48
-27
-32
-30
-39
-35
-32
-40
-28
-29
-29
-49
-28
-35
-30
-17
-23
-21
-8
0
-17
-3
-11
-5
-2
5
2
-16
-20
-1
-10
-4
-6
-7
-12
-19
-8
-18
-10
-9
-24
-27
-23
-36
-34
-25
-37
-20
-9
-22
-19
-20
-15
-11
-6
-29
-33
-36
-28
-37
-30
-20
-34
-14
-11
-27
-19
-14
-5
-7
-7
-13
-20
-5
-1
-6
-21
-23
-24
-20
-8
-17
-10
-24
-18
-22
-29
-13
-6
-8
-3
-3
-12
-9
0
-14
-9
-5
-12
-11
-10
-13
-16
-15
-6
-9
0
-5
-11
-12
1
3
1
-6
2
0
-11
-5
3
1
-13
-9
-15
-8
2
-3
-1
-17
-15
-23
-14
-6
-7
-19
1
-1
-12
-5
-14
-3
7
0
-5
9
-7
-6
2
-11
-27
-30
-14
-8
-10
-25
-33
-27
-15
-38
-29
-10
-11
-8
-22
-21
-24
-10
-7
-8
-7
-14
-3
-5
-9
-12
10
-5
-11
14
-1
-5
-10
7
7
3
-1
-7
12
2
0
9
9
3
6
-13
-9
7
1
-3
-9
-4
4
5
2
-5
-2
10
-8
4
21
13
1
-9
-3
-7
6
-1
-7
-12
-10
-15
0
6
4
-1
11
18
15
16
-4
5
-10
3
22
6
5
20
5
2
8
15
7
-5
-11
-19
1
-4
1
5
-19
-12
-8
0
-8
-2
5
-16
-23
-32
-33
-31
-11
0
-14
-17
-12
-12
-3
-6
-15
-14
-13
-6
3
3
-21
-8
-6
-15
-15
-22
-11
-22
-36
-11
-2
-16
-15
-30
-16
-12
-17
-6
-5
-3
-1
-2
-4
-8
-11
8
2
-8
-2
0
1
5
13
4
6
22
9
-1
1
4
19
11
1
-8
4
18
5
-6
11
24
7
-1
3
12
9
7
7
-20
-7
-12
-14
-18
-15
2
-25
-16
-6
-13
-5
-28
-19
-16
-19
-18
-20
-15
-15
-3
-5
-14
-15
-24
-24
-37
-29
-26
-27
-5
-21
-15
-14
-18
-20
-13
-17
-10
2
-5
9
2
0
12
11
17
22
32
30
28
26
38
40
27
21
20
28
29
16
19
13
38
24
14
10
30
15
19
12
10
12
14
27
22
28
23
25
10
21
9
29
19
19
26
21
18
21
21
20
40
20
18
4
10
12
-7
-5
0
10
13
15
35
13
11
15
1
18
3
14
17
3
25
22
9
16
8
8
6
7
14
13
21
14
22
8
-4
7
12
13
7
5
8
22
5
2
8
18
13
1
-2
12
17
4
11
9
19
21
4
7
12
11
0
15
12
20
20
7
4
-9
18
4
-22
-13
-26
-19
-24
-25
-30
-6
6
-28
-3
-14
-23
-30
-4
-5
-21
-32
-21
-7
-20
-16
-20
-7
-15
-8
-18
-8
-16
-17
-13
-11
2
-14
-12
-19
-7
5
-9
-13
-4
6
-14
-4
0
12
-2
-3
-4
-13
-2
6
3
-16
-10
-6
-18
-10
-6
-7
0
-22
-8
-1
-7
-17
-10
1
-8
-22
-18
-2
-3
2
-22
-20
-26
5
6
4
1
-14
-4
-6
-11
-11
-10
-4
-11
-15
-10
-12
-11
-22
5
-4
-3
3
-16
-21
-23
-14
7
9
8
7
-3
-13
-10
-2
-1
9
19
-2
3
6
-3
-2
4
5
5
1
-6
4
10
-10
2
10
6
-6
-2
-1
-1
7
5
2
-2
1
-6
6
7
-17
8
3
-3
-15
3
-2
-6
5
-5
-14
-5
0
-12
-5
-21
-13
-6
-3
-7
-9
13
-2
-19
11
5
2
-5
10
1
20
4
17
16
3
2
-18
-6
-3
-12
3
11
-5
-7
2
4
12
16
27
19
20
20
18
26
20
16
23
21
-5
31
26
27
31
32
32
27
24
23
34
19
18
8
-8
-9
-10
6
-7
-4
1
10
9
-6
-8
-2
7
-3
-16
-1
8
-9
-6
-7
-7
-13
-19
-17
-18
-14
-17
-18
-3
-7
-9
-16
-15
-7
-13
-15
-7
1
0
5
-15
-31
-28
-24
-31
-28
-17
-19
-14
-22
-16
-24
-24
-15
-22
-26
-42
-19
-23
-25
-23
-14
-29
-26
-11
-28
-29
-34
-30
-38
-36
-24
-2
-23
-25
-24
-8
-18
-6
-3
-13
-8
-23
-5
-12
-18
-4
-15
-19
-24
-24
-19
-23
-22
-22
-23
-17
-10
-35
-21
-17
-15
-24
-10
0
-25
-8
-12
-2
-2
-7
-17
-3
-3
6
-10
-3
3
-28
-19
-15
-7
-16
-15
-12
-22
-9
-3
-15
-5
-10
-11
-8
-2
-14
-7
-4
-11
-11
-16
-19
11
13
-5
14
-5
19
7
-5
-2
1
11
-7
6
2
-2
-11
-6
1
-10
-10
3
12
10
14
-21
-15
0
-2
6
-15
-11
-10
-8
-7
2
19
4
-4
-7
6
16
10
7
2
-2
-5
1
2
-1
5
13
13
23
29
4
6
5
3
6
11
11
-7
0
-9
3
13
-7
8
0
9
-3
-1
-8
-1
7
-1
9
-3
7
-15
9
12
6
-6
0
-3
4
2
15
16
1
17
-5
8
2
8
12
8
17
19
-4
10
16
23
17
22
24
17
15
15
19
0
5
8
-1
13
13
0
11
14
7
13
23
19
5
11
20
17
16
23
14
16
11
22
13
5
2
10
16
9
8
15
5
8
20
15
23
17
17
24
11
7
3
5
13
21
-2
-2
3
-9
-6
-14
-5
5
6
4
-6
-5
0
-2
-10
-5
-20
-7
-21
-42
-22
-13
-17
-24
-10
-14
-8
-17
-20
-30
-16
-20
-25
-17
-7
4
-8
-13
-15
-7
-12
-9
-5
1
-18
1
2
8
-6
-7
-9
-17
-4
-13
-19
-13
-4
-22
-12
-9
-19
-26
-21
-21
-17
-10
-6
-3
4
-5
-24
-14
0
-10
-13
-3
-6
-11
-1
-7
-5
12
17
-5
4
11
16
8
1
-1
0
-6
1
7
9
3
2
-8
-11
-8
-12
-17
-25
-11
-15
-13
-11
-11
-2
-9
-13
-9
-12
-4
-10
-3
-1
-16
-12
-3
-11
-16
-7
-3
5
-12
4
-5
2
-6
-4
1
3
0
13
1
-6
7
2
22
5
8
3
7
12
15
2
-7
9
-3
3
8
-12
8
0
6
10
-6
5
-5
3
-1
-10
-2
1
-2
0
-6
0
-10
-15
-12
-20
-2
-12
-3
-3
-22
-11
1
14
1
-6
9
21
30
21
-4
4
21
19
10
-12
0
-12
-8
-11
-9
-13
-12
-3
-11
-15
-8
-17
-4
24
4
-1
6
-2
-3
0
13
0
0
4
3
-5
-12
-10
1
20
3
4
16
3
1
0
3
-6
-1
-13
-8
7
2
2
-7
5
-8
-8
6
2
1
8
7
1
7
5
13
18
10
16
22
18
26
41
24
27
28
15
24
35
23
27
24
6
7
-7
11
6
1
8
9
8
4
5
15
11
15
24
23
23
14
13
17
13
6
15
19
13
6
13
13
-1
-2
6
7
10
-5
0
1
-2
5
2
-9
-5
4
0
-2
-1
4
7
15
23
7
13
39
15
22
27
20
23
7
24
24
20
22
36
42
39
33
21
29
21
23
41
39
35
43
21
25
47
39
31
33
38
34
17
20
27
30
33
34
19
32
19
31
30
8
29
16
15
3
-3
-6
7
13
22
14
16
26
18
7
8
-3
14
6
3
14
-3
6
-5
13
-7
-6
11
9
7
-12
7
-9
-10
-4
-11
-2
-8
-8
-2
8
11
-8
-2
10
0
19
13
-2
11
-4
-4
-13
-15
9
-2
-6
2
16
-16
2
11
0
-6
-2
-4
-9
-2
-10
12
8
18
18
8
10
31
25
20
12
7
22
25
18
24
20
23
21
18
6
15
24
20
11
21
29
9
18
21
33
32
30
20
34
19
17
25
35
30
17
35
38
26
24
25
15
24
13
11
20
21
17
0
8
3
2
-2
-2
-3
3
0
11
-1
-3
15
-8
7
9
20
8
13
17
-1
25
23
12
14
26
9
16
21
15
20
17
23
14
27
27
29
31
30
18
20
17
16
25
23
16
32
28
28
30
20
32
33
32
17
43
58
59
48
32
36
37
31
30
19
35
35
18
29
47
38
21
39
27
34
26
5
15
9
2
9
-5
7
16
4
-5
-8
-1
-5
-3
-8
6
-5
-13
-12
-13
-5
-1
-19
-11
0
-10
-12
-16
-5
4
10
-16
-17
-16
-20
-13
-22
-10
-14
-8
-7
-15
-14
-8
-8
-7
-1
-5
3
-18
1
14
0
7
-11
7
19
13
19
7
-13
-1
-6
0
-7
-12
-10
0
10
-15
-9
-7
6
8
4
0
-14
0
17
18
12
3
-2
5
4
5
11
11
9
11
19
20
9
15
9
21
32
25
20
8
28
24
16
22
10
13
27
27
18
22
21
19
20
24
27
23
16
24
19
2
17
15
20
21
16
13
16
17
18
28
4
-2
11
14
-5
-1
-3
1
6
13
17
11
5
12
8
0
12
2
5
11
22
7
-2
12
0
-7
2
13
-14
0
6
-4
1
5
12
-4
20
6
9
5
5
1
9
30
23
32
22
29
35
23
16
9
20
25
34
35
38
33
33
39
37
28
31
34
27
28
29
18
22
29
24
24
14
30
12
12
20
30
15
6
16
30
33
15
16
22
15
20
14
13
29
21
11
10
14
12
4
3
-14
2
-1
-6
17
11
5
16
33
18
24
34
36
27
16
34
18
35
38
41
30
35
38
41
27
5
36
25
20
21
18
24
15
26
30
16
13
19
22
13
17
3
23
26
14
24
30
21
18
16
27
20
10
16
16
22
22
19
29
23
14
14
9
18
10
15
20
15
-6
4
15
14
8
7
19
8
5
3
10
11
6
4
-2
14
1
-4
13
3
5
13
24
0
4
23
18
17
25
13
34
25
15
51
32
30
32
29
21
26
30
14
31
12
14
41
19
26
30
26
29
28
17
28
22
16
24
15
18
23
7
19
24
20
26
20
24
14
10
11
27
11
3
10
6
0
-1
1
0
2
5
14
-9
7
23
26
22
27
9
28
13
10
16
5
5
7
21
4
6
11
6
7
22
37
22
18
6
7
11
14
13
11
4
14
28
5
19
15
4
23
12
18
18
21
13
20
8
-1
6
7
21
23
13
15
9
9
27
17
20
28
31
7
24
19
34
26
14
27
21
29
26
26
25
32
36
26
24
20
9
12
12
13
18
10
5
4
22
8
19
14
3
26
4
-7
-3
-15
5
10
-3
21
9
-5
-2
-10
-2
-7
9
0
-1
10
14
-2
-17
1
-10
-18
-6
-23
10
-8
-3
3
-21
-5
-13
-7
-15
3
-6
-9
-25
-11
-12
-14
-2
-2
-7
-5
13
7
0
-1
0
17
12
-2
11
0
20
16
13
18
17
28
16
19
16
13
15
10
13
-15
4
19
19
16
8
16
11
33
34
27
26
7
18
26
27
40
37
41
40
39
40
31
22
17
35
23
35
31
24
29
39
17
21
30
19
18
23
20
5
41
29
16
24
21
17
24
29
21
19
12
16
5
21
24
23
17
23
18
24
30
23
36
41
29
42
18
19
31
24
26
25
24
12
22
29
26
27
41
20
31
42
32
32
34
33
19
28
38
25
16
33
28
24
9
17
26
23
25
22
20
13
22
26
25
14
11
23
18
10
28
10
23
15
16
36
7
14
16
10
17
9
20
22
16
14
24
8
13
19
20
21
25
27
27
22
21
29
21
38
20
34
38
38
20
37
36
26
27
13
12
25
17
22
35
32
29
28
29
27
28
15
23
19
14
26
38
22
24
32
14
26
30
32
37
24
24
34
38
20
33
21
10
21
21
16
13
23
32
41
26
24
23
26
39
23
26
34
23
43
28
24
43
39
43
29
42
44
31
25
23
24
32
32
21
46
43
39
35
21
30
31
19
32
33
46
43
28
17
21
22
16
18
11
11
25
20
23
33
38
32
33
47
50
50
36
49
35
26
23
28
30
36
22
8
25
27
32
29
21
18
28
21
5
31
19
24
32
14
19
17
44
33
19
26
23
27
39
42
40
27
25
32
32
36
12
24
34
37
33
26
28
16
11
28
19
8
13
7
27
19
40
27
17
19
22
19
22
27
14
-1
-20
-14
-1
-16
-2
4
-2
7
-14
-15
-27
-11
0
12
-7
-7
-5
-5
-18
-5
1
21
19
4
28
15
6
-10
-11
-12
-12
0
-10
-7
-20
-17
-5
-5
15
-5
0
14
9
0
12
11
7
4
15
8
-12
-11
7
-1
-3
-17
-10
-10
-26
-27
-33
-32
-29
-16
-28
-8
-24
-27
-1
-1
-3
7
27
5
2
19
5
14
15
13
-6
7
1
-11
-11
-9
6
1
14
17
6
7
7
5
23
15
14
21
5
11
14
10
18
9
6
25
9
0
6
14
28
26
39
42
12
17
6
7
26
23
3
24
19
21
39
30
34
27
19
29
33
28
31
56
71
58
71
51
53
65
39
34
41
32
56
35
36
47
13
13
30
9
10
27
51
34
60
47
40
49
44
52
40
66
73
88
83
46
47
53
36
44
26
33
41
28
28
21
24
20
7
9
25
18
40
45
43
47
53
42
47
53
53
48
69
62
59
79
53
41
52
34
-5
23
32
23
9
28
23
-7
8
-1
6
9
6
17
18
20
28
38
59
44
72
65
64
77
67
79
82
85
57
49
51
38
45
39
40
31
22
21
7
12
12
10
28
21
55
45
22
45
49
53
63
59
70
76
70
100
85
79
70
61
58
63
49
48
28
43
59
27
18
-3
13
28
40
33
48
50
48
45
55
64
65
65
73
72
58
33
53
12
11
36
15
11
-7
-9
-4
-11
-8
21
14
2
4
17
35
49
23
18
36
30
73
48
52
63
22
42
63
44
10
22
17
17
-15
0
-10
-37
-24
-33
-21
-6
-5
9
42
29
44
38
32
73
33
37
65
60
39
55
81
39
21
22
10
-10
9
18
7
28
22
22
37
6
27
60
51
62
55
68
40
38
44
62
73
26
66
51
35
42
-13
17
33
-12
22
-11
-48
-34
-34
-28
4
38
25
41
48
45
59
89
45
65
116
57
59
76
45
57
34
12
31
-13
-40
-14
-27
-46
-12
-1
-6
-25
1
27
25
53
53
68
61
56
83
62
63
56
62
47
51
43
50
35
31
-5
-16
-11
-46
-3
-6
-6
37
40
69
80
41
43
78
61
69
115
47
60
44
72
45
73
55
42
43
-50
-47
-40
-23
-7
2
13
35
11
56
59
84
73
81
117
54
60
50
65
60
20
33
6
9
-42
-24
-21
-8
-13
-20
-4
-2
22
-25
-26
14
-6
37
88
40
48
71
13
42
76
75
79
77
32
26
27
-22
14
-3
-19
14
29
12
-8
-22
-46
29
4
-29
25
52
26
60
63
66
102
79
87
69
91
77
35
58
68
30
78
47
46
21
10
-11
-42
-39
-21
0
48
48
82
127
88
111
85
98
139
120
111
102
95
75
69
70
44
51
78
27
36
56
27
65
72
56
83
90
51
121
77
85
78
48
72
42
94
30
70
41
-34
20
31
-13
-5
-1
-32
-3
-7
13
45
43
60
39
43
96
17
41
82
10
46
67
62
30
47
3
43
69
17
34
64
16
-9
9
-48
32
-6
-15
16
-58
-40
-10
-66
-27
31
-26
34
38
47
4
56
-40
18
48
-30
23
40
-7
-42
15
-51
-67
13
-28
-30
38
-32
-41
-14
-63
-62
-27
-5
-48
-42
-14
-37
-66
1
1
-24
-18
-80
-47
-63
-8
-2
16
20
-4
11
38
1
41
69
71
30
39
47
3
19
-26
-10
-15
-39
20
-13
-39
-11
-66
-37
12
-27
-3
87
54
39
41
47
-84
6
-5
1
77
7
7
6
16
-89
-30
-55
-115
-117
-36
-15
-43
4
-67
-64
-38
-89
-42
-21
-37
-16
-43
-56
-58
-53
-28
-74
-58
-34
-22
27
-38
-7
31
21
24
-1
67
-53
-36
1
-40
-51
-61
-122
-152
-159
-198
-95
-95
-92
-95
-51
-72
-88
-37
-6
-36
5
2
12
38
-54
-34
-28
-83
-5
39
33
4
54
1
-30
-52
-42
-68
18
-97
-68
-14
-121
-69
-53
-50
-51
9
-57
28
3
-83
24
62
19
76
145
28
55
-21
-50
30
22
-36
91
-13
16
-18
23
47
-56
60
10
-38
-5
-77
-31
-15
-47
36
46
2
0
-12
-42
40
-66
61
81
-133
4
-26
-115
-23
-40
-2
38
-77
-55
-49
-74
-38
41
45
123
-21
55
109
6
82
74
93
71
87
131
49
90
70
-57
64
-56
-60
-13
-91
-10
-32
-50
-13
-54
-20
-1
20
-36
10
34
-3
76
21
99
156
79
147
89
90
100
19
89
118
66
87
90
-47
-48
-51
-22
39
51
20
56
-68
-27
-3
-98
27
-31
-58
73
39
34
63
-51
-52
5
79
91
196
100
72
83
87
97
106
138
43
80
105
38
8
125
-49
34
79
40
76
31
3
55
-3
70
31
-5
62
-107
-56
48
-88
90
42
16
50
72
106
115
77
68
59
133
218
179
291
-21
84
22
-76
58
113
-31
-39
6
-59
81
91
-15
51
59
52
144
152
107
134
31
94
162
43
84
19
40
70
59
100
20
-20
-15
34
55
121
12
-1
121
-24
22
162
96
11
134
62
95
186
100
78
155
2
71
68
51
124
14
73
66
-23
80
97
-31
0
104
-33
129
96
32
87
73
-39
52
72
-3
180
10
108
88
60
61
105
32
23
78
26
98
17
41
66
0
90
-44
171
0
-118
98
9
6
56
-1
-58
37
-40
20
-68
6
-46
51
22
115
59
53
70
-29
133
116
17
-13
64
-97
69
80
-155
130
-102
-73
66
-151
-18
-106
-79
-57
-26
-46
32
-119
-36
-4
-113
38
-1
-43
-94
-38
-26
-19
57
-41
46
-26
8
-1
-101
-62
-109
1
2
38
-51
50
-124
-80
-14
-103
-61
23
-144
15
-72
-112
7
-110
-55
-40
-57
-57
-84
-38
-74
-15
86
12
1
35
-58
-32
68
6
-21
59
61
-44
43
35
-64
-12
-47
72
-56
74
-12
7
30
-36
0
-28
76
-100
12
-16
-71
128
-130
-21
15
-107
-59
121
-120
32
58
-228
13
-139
-70
8
61
-89
146
-3
114
28
-56
96
-57
121
-72
-26
6
6
-59
79
-29
-51
63
-120
-90
76
-64
18
69
-126
154
-38
-131
99
-184
-127
98
-96
76
-7
-91
44
48
-40
178
22
-17
4
-17
71
-32
11
-83
43
-12
81
64
-12
-57
-99
-84
25
-28
29
71
-47
13
-77
-3
-32
-27
-49
-19
-87
77
-94
27
30
-114
72
-106
43
35
-149
-50
-28
-32
79
-1
77
127
-124
40
-19
-216
130
-6
-8
31
-32
-59
23
-51
161
-18
154
51
-23
131
-77
27
-122
35
-155
47
-32
98
-52
110
48
-84
79
-8
-72
112
-19
-111
220
-55
-54
257
-189
-1
19
-82
-7
11
64
-112
57
82
26
-49
144
-23
-37
137
31
-22
64
48
-143
196
-94
-31
139
-285
5
-25
-25
-54
34
-93
-50
-30
-78
56
-82
32
78
9
117
-14
-64
76
-141
37
16
-40
97
-121
35
-7
-149
97
-57
-76
98
-18
-92
-22
-94
-102
37
-180
-41
-150
-151
57
-188
130
-21
-100
162
-92
18
241
-50
97
51
-102
-35
-85
16
-1
-14
92
-6
78
-48
-98
43
-56
-85
148
-57
-44
55
-33
-8
-31
-48
26
14
-166
31
-60
20
112
34
-7
96
3
59
170
-24
-6
106
-46
-7
84
-39
124
59
49
94
183
-74
7
-2
-125
75
9
-1
-34
-35
-105
21
15
100
29
29
103
-135
91
46
-11
96
34
-47
53
-20
8
58
-42
55
-22
-71
71
-100
-32
34
-140
77
147
14
50
9
-161
-54
35
52
-12
100
-8
-17
166
85
46
-41
-100
-104
35
13
-7
70
-114
-215
15
-120
-134
147
-247
75
-11
-101
111
-15
-25
-15
35
-101
104
-57
87
-107
-42
1
-67
32
-171
-99
-86
-66
-89
131
-94
25
24
-146
161
-84
64
-61
14
17
-3
136
-3
-5
41
-109
108
-102
-27
25
-155
-101
-11
-155
-109
12
-231
0
-69
-79
99
-124
-61
42
-56
-59
46
-151
-9
-29
-88
191
-75
171
26
-49
109
-73
21
35
21
-70
-46
-76
-81
58
-186
4
-109
-177
45
-123
28
-47
-114
-55
-10
-111
-37
-64
16
80
-1
36
-71
-47
29
-142
136
20
50
98
-43
56
61
-29
93
18
41
17
-2
2
-44
-23
-50
12
-36
-10
-118
38
-126
34
-9
108
35
56
83
51
154
-29
105
-44
20
46
-25
-111
-37
-34
-91
-55
-43
-135
59
-172
91
-32
-32
107
-56
20
-14
6
32
79
17
-25
-67
77
-7
9
61
-162
-50
5
-179
29
6
-161
-49
-18
-69
31
72
-51
-31
55
20
131
-64
-25
-39
-24
132
67
70
4
-64
30
38
26
85
33
0
121
3
27
84
-26
50
-16
-51
88
-95
119
-105
-15
25
-78
84
-12
151
-44
129
-15
-112
-11
-51
-13
95
75
21
67
54
-80
110
6
84
62
103
14
-27
-60
-116
-2
-83
158
-24
76
-2
-162
136
-94
7
67
-15
-35
-30
33
-83
3
-17
-78
53
-35
-16
77
-83
65
-47
-60
38
-23
3
53
-74
8
43
-14
-15
-48
-13
47
-12
84
-66
-27
-59
-128
20
-112
-25
21
-102
4
-107
-45
-10
-41
102
53
-33
6
-77
-124
108
-172
25
45
-87
122
-84
86
-109
29
-81
38
13
20
43
-96
-68
-40
-76
16
50
54
-80
104
-71
-70
68
-122
84
-5
-46
7
-10
-25
15
23
-17
-12
-35
-24
-70
-1
19
-136
26
42
-128
83
-11
-99
-6
-120
34
-135
-65
-23
-126
-8
63
-98
84
-98
-74
30
-16
28
17
-84
-61
-24
-59
73
-116
-29
-136
-69
-80
-44
-44
-30
-41
-28
94
-170
67
-85
-16
1
-34
3
-49
38
-105
-51
50
-94
-53
-54
-161
-140
-72
-161
-9
-32
-84
59
-100
-119
68
-109
15
-40
-37
9
-13
61
-54
67
-115
-75
-27
-134
-8
-126
-54
-152
-85
-2
-204
-22
-60
-155
6
0
-96
16
-1
-94
41
-95
0
-26
-74
-121
35
-91
-54
54
-81
-77
-84
-10
-26
-26
68
-90
66
-79
-83
185
-147
-8
-67
-52
-49
35
-70
-88
-152
-81
-138
47
-62
-101
7
-101
-42
2
-24
35
-34
-80
118
40
-19
-77
93
-266
25
-79
-39
118
-193
32
-70
-67
-117
-31
-197
-6
-14
-89
62
-77
-82
-87
-22
-7
36
48
45
-100
-32
131
-110
14
-135
48
-29
23
122
-39
74
-74
-15
-1
1
-58
71
-39
60
-89
-83
-88
-198
-92
-8
-46
-116
54
-276
-46
-81
-29
16
-127
-129
-16
-32
-22
32
-98
-18
-35
-111
37
-135
-4
-93
-41
0
-73
-1
-20
-97
-114
10
-163
45
-206
30
-44
-95
-37
-150
-6
-104
-118
36
-181
11
-49
-158
5
-19
17
7
122
-127
-3
-29
-87
120
-105
37
-22
-130
9
-75
-179
-42
-11
-70
82
-145
-81
45
-130
-7
25
-1
-101
133
35
-20
144
-173
-6
-33
-2
90
2
-144
-24
-118
-192
-85
-123
-71
-88
-69
-84
-11
-93
-17
-128
-18
-23
54
59
87
-53
-122
-17
-99
56
-70
10
41
-186
-101
-28
-134
-72
-47
-52
0
-19
-53
-103
-56
-127
-44
72
-73
12
-28
-121
75
-26
-102
-38
-124
20
-52
18
-169
-22
-210
-59
-65
-15
-13
-176
-71
-185
13
-152
-23
-198
-105
-123
-46
-76
-97
-239
-169
-170
-126
-62
-298
-126
-85
-147
101
-49
-73
18
-210
78
137
-34
101
-49
-95
-9
-72
-59
-8
15
-65
114
-88
112
35
-67
23
75
-85
-140
-93
-77
-118
-93
-135
-178
-131
-165
-70
-110
-30
-201
-36
-63
-8
-70
-48
-139
-76
-94
-113
53
-114
1
-158
-44
-74
-17
-46
-14
-150
-10
19
101
-53
-103
-233
-339
-210
-362
-320
-381
-310
-283
-279
-178
-186
-175
-40
-148
41
117
-7
213
6
90
-16
34
60
-136
-110
-100
-290
-224
-190
-330
-266
-306
-184
-151
-227
-115
-183
-181
-108
-72
-59
-42
-28
-31
7
-87
-18
-87
-34
-14
-15
-29
6
-101
-115
-126
-97
-62
-96
-110
-171
-162
-167
-124
-152
-94
-107
-81
-13
24
-26
-92
-181
-120
-138
-94
-3
-32
-67
-83
-147
-170
-157
-87
-129
-139
-78
-75
-74
-70
-130
-127
-189
-182
-85
-73
-51
-61
-90
-72
-69
-64
-69
-26
-88
-73
15
-18
-24
-138
-151
-158
-121
-44
-45
-61
-85
-168
-102
-106
-44
-65
-37
-92
-127
-117
-98
-50
-119
-141
-136
-128
-94
-72
-165
-174
-157
-124
-68
-39
-75
-140
-164
-105
-88
-52
-38
-27
-90
-7
-27
-43
-22
-112
-76
-52
-72
10
-37
-58
-65
-130
-68
-31
-111
-57
-64
-132
-114
-61
-94
-111
-76
-174
-153
-163
-147
-100
-120
-93
-134
-149
-132
-162
-124
-156
-178
-154
-124
-100
-103
-159
-196
-236
-217
-221
-216
-193
-246
-291
-232
-265
-271
-225
-261
-258
-255
-229
-214
-226
-238
-239
-268
-265
-270
-249
-205
-197
-201
-211
-181
-158
-160
-131
-126
-152
-160
-96
-94
-89
-85
-99
-21
-27
-10
46
13
28
-3
8
19
37
44
48
71
78
94
103
99
97
148
199
198
234
247
260
291
312
389
429
460
507
579
591
659
716
744
809
813
840
870
808
725
668
637
582
494
435
356
175
49
-86
-239
-385
-532
-676
-830
-935
-1021
-1074
-1151
-1221
-1246
-1250
-1254
-1235
-1207
-1150
-1097
-987
-937
-845
-768
-718
-614
-581
-497
-429
-370
-325
-340
-331
-284
-273
-306
-291
-325
-328
-358
-367
-340
-372
-375
-377
-281
-225
-181
-77
37
187
284
404
536
666
796
957
1163
1311
1460
1627
1819
2004
2189
2421
2600
2576
2480
2225
1860
1547
1229
1083
913
629
355
6
-360
-774
-1142
-1426
-1646
-1787
-1772
-1629
-1555
-1515
-1517
-1457
-1357
-1185
-865
-503
-205
100
417
665
859
1003
1120
1222
1305
1386
1485
1473
1300
1061
765
465
156
-103
-390
-749
-1081
-1401
-1708
-2012
-2276
-2482
-2610
-2690
-2593
-2445
-2243
-2097
-1953
-1731
-1501
-1232
-940
-634
-415
-227
-43
151
256
292
319
344
340
319
344
295
171
77
-3
-13
-9
-9
23
30
59
168
330
534
763
1055
1406
1765
2143
2525
2904
3263
3646
3548
3000
2461
1953
1779
1590
1250
1156
614
-93
-613
-1087
-1450
-2095
-2568
-2592
-2557
-2391
-2032
-1816
-1851
-1978
-1793
-1233
-778
-342
309
772
1109
1523
1929
2216
2175
2067
2193
2253
2236
2238
1982
1513
896
351
11
-394
-868
-1256
-1567
-1857
-2057
-2203
-2338
-2504
-2605
-2525
-2371
-2123
-1829
-1584
-1280
-1020
-721
-348
-118
62
167
258
398
488
509
467
337
180
24
-130
-303
-534
-775
-957
-1074
-1065
-1082
-1112
-1091
-1071
-993
-823
-598
-292
10
314
736
1121
1506
1850
2185
2525
2901
3304
3708
4171
4531
4934
4768
3815
2855
1927
1429
1003
440
310
-190
-1059
-1683
-2168
-2619
-3363
-3881
-3650
-3222
-2729
-1939
-1367
-1252
-1288
-1004
-276
373
931
1709
2359
2756
3150
3403
3333
2826
2283
2134
2045
1910
1737
1249
450
-482
-1250
-1771
-2256
-2725
-2956
-3048
-2991
-2780
-2625
-2530
-2533
-2393
-1920
-1311
-741
-307
-33
204
488
811
1068
1164
1013
752
613
532
442
192
-138
-506
-836
-1074
-1257
-1531
-1869
-2136
-2214
-2037
-1746
-1509
-1341
-1239
-1107
-840
-489
-69
317
712
1191
1675
2093
2337
2398
2481
2641
2903
3274
3685
3983
4219
4313
4538
4358
3018
1507
320
-178
-182
-458
-398
-610
-1623
-2353
-2713
-2829
-3201
-3621
-3133
-2215
-1387
-435
298
350
58
29
762
1576
2084
2653
3114
3137
3022
2830
2394
1624
720
405
404
331
188
-343
-1208
-2108
-2778
-2979
-3035
-3032
-2814
-2491
-2089
-1560
-1237
-1138
-1048
-843
-310
321
889
1337
1382
1252
1208
1105
988
667
252
-103
-471
-690
-876
-1191
-1597
-2021
-2256
-2371
-2412
-2407
-2340
-2225
-1949
-1549
-1100
-701
-512
-374
-138
205
580
915
1182
1392
1481
1599
1682
1714
1654
1598
1658
1815
2063
2274
2567
2707
2856
3098
3447
3788
3168
1987
904
276
267
121
-2
-64
-630
-1247
-1569
-1669
-1918
-2525
-2720
-2124
-1338
-524
210
435
251
26
294
962
1356
1642
1969
2163
2284
2210
1862
1237
391
-106
-97
25
68
-214
-827
-1511
-2062
-2318
-2383
-2404
-2273
-1983
-1526
-957
-516
-419
-502
-497
-178
321
823
1255
1382
1258
1064
914
696
267
-262
-674
-921
-1059
-1103
-1261
-1663
-2135
-2458
-2500
-2374
-2215
-2009
-1770
-1478
-1102
-733
-438
-277
-226
-48
326
729
1022
1115
1122
1041
909
836
800
679
553
554
695
893
1012
1120
1201
1299
1547
1988
2533
3074
3626
4013
3778
2998
2134
1468
1027
572
351
309
-84
-610
-1115
-1603
-2197
-2862
-3070
-2728
-2191
-1508
-803
-389
-307
-343
-153
241
608
1134
1708
2126
2390
2414
2158
1599
952
527
342
258
234
68
-414
-1065
-1681
-2139
-2479
-2632
-2440
-2073
-1636
-1160
-767
-593
-560
-467
-164
288
735
1066
1279
1340
1274
1099
733
301
-79
-457
-727
-885
-1050
-1302
-1686
-2019
-2199
-2256
-2188
-2006
-1743
-1441
-1119
-757
-445
-289
-146
-14
162
398
577
694
738
689
634
541
390
275
137
69
66
77
170
284
408
623
901
1304
1753
2204
2643
3154
3660
4210
4564
4083
3043
1927
1147
813
417
159
-84
-750
-1494
-2125
-2620
-3167
-3789
-3942
-3368
-2555
-1592
-778
-406
-333
-338
7
683
1382
2035
2594
2888
2989
2812
2272
1529
720
260
83
51
19
-392
-1138
-2002
-2699
-3065
-3156
-2999
-2600
-2095
-1575
-1052
-667
-515
-438
-246
297
965
1604
2117
2199
1971
1635
1296
1039
603
176
-102
-423
-684
-1122
-1661
-2158
-2646
-2756
-2550
-2238
-1888
-1677
-1479
-1299
-1153
-865
-564
-301
-30
290
641
835
737
577
427
282
298
378
509
504
362
250
160
73
44
93
301
644
1007
1466
1875
2208
2524
2824
3270
3725
4206
4291
3496
2346
1260
482
-61
-595
-890
-1215
-1880
-2506
-2932
-3320
-3812
-4143
-3819
-2945
-1929
-834
57
436
530
641
1055
1650
2196
2728
3069
3114
2957
2483
1728
839
51
-388
-582
-688
-840
-1297
-2059
-2757
-3189
-3282
-3106
-2679
-2042
-1390
-793
-195
265
519
715
1067
1606
2134
2534
2739
2575
2138
1631
1097
631
111
-450
-1180
-1837
-2189
-2516
-2810
-3124
-3298
-3247
-3144
-2690
-2100
-1618
-1192
-790
-292
234
657
953
1148
1181
1293
1440
1467
1388
1067
751
446
178
60
-157
-413
-628
-811
-858
-827
-827
-752
-613
-325
206
838
1503
2067
2507
2992
3502
3958
4448
4780
4385
3326
2143
1202
528
-252
-838
-1114
-1677
-2348
-2915
-3338
-3734
-4239
-4277
-3580
-2581
-1456
-403
259
509
585
859
1411
2007
2641
3148
3346
3294
2939
2222
1287
377
-224
-563
-775
-902
-1189
-1835
-2597
-3135
-3301
-3178
-2828
-2185
-1458
-820
-223
301
648
868
1061
1466
1920
2285
2472
2407
2069
1528
932
374
-104
-622
-1143
-1726
-2283
-2478
-2497
-2573
-2662
-2738
-2568
-2219
-1720
-1084
-524
-143
138
467
858
1109
1152
1106
993
871
828
768
601
273
-182
-550
-766
-860
-953
-1043
-1116
-1143
-1094
-931
-747
-576
-355
-17
492
1102
1718
2214
2610
2948
3275
3606
3917
4131
4241
3948
2923
1686
557
-312
-1066
-1796
-2068
-2288
-2759
-3227
-3488
-3664
-3863
-3835
-3151
-2038
-955
128
979
1440
1639
1802
2163
2599
2997
3303
3348
3070
2623
1892
903
-40
-798
-1280
-1615
-1847
-1946
-2286
-2791
-3139
-3205
-2980
-2573
-1920
-1112
-348
283
873
1309
1565
1717
1895
2122
2303
2382
2277
1956
1432
814
114
-587
-1206
-1741
-2114
-2385
-2483
-2476
-2565
-2632
-2581
-2394
-2040
-1549
-924
-289
185
529
752
878
917
890
865
904
914
868
682
376
32
-435
-802
-994
-1083
-1101
-1131
-1162
-1199
-1224
-1249
-1166
-943
-631
-209
248
727
1156
1550
1899
2249
2627
2998
3368
3577
3763
3824
3844
3410
2432
1322
286
-442
-1133
-1582
-1669
-1899
-2319
-2742
-2951
-3096
-3258
-3143
-2543
-1594
-639
390
1115
1489
1581
1603
1827
2118
2512
2804
2829
2593
2143
1473
620
-202
-814
-1215
-1509
-1587
-1602
-1814
-2166
-2470
-2508
-2333
-1988
-1382
-693
-75
476
931
1296
1499
1558
1617
1694
1735
1765
1662
1413
1033
476
-97
-649
-1143
-1554
-1794
-1939
-2008
-2121
-2338
-2354
-2273
-2092
-1696
-1253
-716
-245
66
327
422
510
576
564
636
739
749
614
325
-7
-315
-673
-875
-912
-940
-941
-1002
-1005
-1000
-1049
-1010
-863
-647
-362
-9
377
805
1151
1491
1814
2145
2530
2865
3167
3432
3563
3706
3774
3318
2354
1168
138
-545
-1142
-1534
-1544
-1701
-2059
-2490
-2802
-2933
-3057
-2935
-2313
-1368
-319
623
1215
1519
1549
1569
1750
2054
2506
2840
2805
2555
2108
1443
624
-171
-723
-1104
-1384
-1497
-1487
-1631
-1931
-2240
-2315
-2226
-1982
-1455
-852
-242
345
823
1163
1393
1428
1403
1367
1341
1371
1358
1217
931
451
-146
-735
-1267
-1736
-2145
-2285
-2183
-1967
-1807
-1710
-1590
-1538
-1437
-1145
-715
-234
237
562
767
867
793
644
435
295
231
168
146
33
-183
-510
-858
-1105
-1243
-1280
-1252
-1151
-1019
-860
-723
-565
-354
-153
115
417
805
1281
1696
2043
2301
2532
2746
2907
3019
3125
3173
3180
3190
2804
2004
999
62
-632
-1275
-1650
-1659
-1659
-1803
-2056
-2235
-2321
-2400
-2299
-1831
-1079
-187
664
1281
1682
1824
1835
1890
2005
2217
2373
2285
2062
1715
1216
569
-109
-672
-1129
-1563
-1817
-1870
-1902
-1949
-2038
-2028
-1916
-1755
-1437
-1002
-520
-16
458
850
1187
1379
1448
1387
1272
1199
1072
910
674
363
-45
-494
-864
-1177
-1464
-1717
-1868
-1891
-1847
-1772
-1630
-1474
-1305
-1098
-804
-473
-155
87
269
450
563
642
677
630
564
424
278
146
-64
-274
-465
-635
-780
-886
-941
-975
-979
-909
-804
-620
-417
-196
41
273
558
859
1212
1542
1852
2143
2388
2596
2735
2846
2944
2983
3064
2925
2410
1659
808
67
-599
-1144
-1429
-1535
-1692
-1915
-2083
-2187
-2316
-2382
-2207
-1778
-1165
-428
250
823
1273
1556
1745
1808
1883
1937
1864
1744
1637
1471
1191
746
221
-338
-949
-1490
-1817
-1962
-1953
-1928
-1828
-1701
-1623
-1528
-1419
-1203
-907
-521
-54
436
868
1202
1350
1326
1251
1124
973
781
589
387
149
-81
-357
-663
-978
-1299
-1583
-1749
-1767
-1663
-1482
-1300
-1091
-899
-718
-532
-365
-196
-21
148
307
456
546
527
439
290
159
38
-102
-229
-337
-419
-503
-553
-576
-570
-554
-515
-468
-374
-250
-107
75
280
520
767
1055
1397
1636
1903
2130
2304
2449
2548
2677
2811
2874
2667
2200
1550
857
171
-516
-975
-1284
-1461
-1584
-1752
-1829
-1935
-2070
-2144
-2065
-1815
-1372
-882
-378
185
653
1036
1307
1480
1597
1602
1516
1428
1388
1299
1181
972
706
385
-45
-479
-889
-1225
-1501
-1694
-1786
-1810
-1739
-1611
-1480
-1302
-1085
-856
-655
-387
-95
195
458
703
947
1097
1153
1077
954
767
534
299
80
-132
-337
-545
-741
-895
-1080
-1235
-1354
-1436
-1440
-1377
-1231
-1038
-827
-623
-469
-327
-212
-101
2
105
188
257
334
337
344
283
214
144
87
61
32
-4
-79
-131
-169
-218
-242
-234
-194
-140
-36
138
352
557
779
991
1210
1471
1691
1895
2097
2309
2474
2509
2366
2072
1695
1239
751
289
-76
-365
-639
-889
-1096
-1273
-1430
-1615
-1767
-1861
-1855
-1723
-1538
-1254
-881
-488
-121
248
562
802
962
1055
1132
1212
1309
1376
1398
1364
1247
1070
850
562
269
-74
-428
-738
-1032
-1239
-1419
-1522
-1555
-1543
-1482
-1386
-1244
-1090
-946
-800
-613
-404
-190
47
283
512
706
804
836
768
645
480
287
108
-54
-204
-368
-549
-706
-861
-1009
-1121
-1215
-1249
-1213
-1136
-1032
-873
-681
-488
-266
-44
180
349
503
624
716
797
826
862
825
749
637
500
329
145
-66
-259
-435
-584
-654
-669
-636
-528
-367
-166
88
376
668
943
1239
1532
1824
2090
2300
2366
2335
2197
1946
1639
1262
911
545
190
-141
-444
-713
-986
-1223
-1422
-1582
-1681
-1697
-1671
-1540
-1335
-1098
-787
-452
-114
230
522
792
1057
1237
1328
1336
1293
1216
1123
1049
961
852
647
380
53
-292
-634
-920
-1149
-1252
-1243
-1189
-1128
-1055
-975
-931
-860
-751
-628
-476
-312
-173
-53
23
72
98
117
97
103
115
68
-5
-114
-241
-355
-469
-539
-536
-485
-411
-329
-290
-261
-258
-251
-210
-152
-30
90
229
326
371
384
356
296
232
207
151
91
5
-125
-254
-387
-508
-623
-694
-721
-693
-620
-488
-334
-205
-41
162
404
660
950
1219
1467
1645
1778
1874
1940
1951
1902
1810
1666
1504
1259
937
630
301
10
-237
-415
-505
-577
-630
-674
-696
-729
-736
-743
-677
-532
-376
-183
13
177
291
355
381
389
383
382
354
302
249
194
121
90
50
31
-6
-51
-80
-144
-175
-232
-275
-277
-286
-302
-271
-236
-197
-177
-193
-226
-291
-380
-447
-514
-574
-612
-624
-613
-607
-603
-573
-566
-561
-514
-476
-418
-336
-287
-202
-124
-52
54
116
195
262
299
359
382
405
398
366
337
298
235
154
69
-61
-166
-291
-385
-492
-597
-669
-729
-733
-708
-642
-567
-455
-322
-166
39
256
465
694
871
1050
1225
1363
1487
1565
1627
1664
1669
1678
1638
1525
1360
1155
920
665
420
223
47
-114
-228
-310
-351
-374
-396
-409
-389
-378
-359
-351
-332
-270
-202
-118
-13
93
163
189
208
208
194
160
108
68
9
-11
-3
13
27
25
-1
-34
-56
-115
-151
-221
-288
-324
-342
-369
-398
-424
-446
-459
-469
-465
-490
-517
-531
-561
-577
-590
-566
-520
-455
-402
-375
-340
-338
-346
-379
-371
-352
-308
-244
-172
-118
-55
-25
-39
-28
-50
-34
-28
-4
11
17
-3
-42
-79
-146
-185
-222
-262
-282
-274
-293
-294
-311
-320
-290
-262
-203
-120
-19
71
169
251
328
393
451
510
606
680
749
813
874
951
1017
1115
1218
1269
1279
1217
1143
1025
856
706
562
456
360
266
200
104
-22
-126
-238
-352
-455
-559
-620
-634
-630
-592
-548
-508
-433
-364
-278
-179
-97
-17
25
68
79
100
110
141
167
189
192
142
64
-59
-213
-342
-475
-579
-651
-691
-690
-686
-652
-610
-609
-619
-616
-624
-594
-551
-492
-433
-399
-363
-342
-319
-266
-261
-265
-231
-230
-212
-231
-227
-197
-171
-123
-49
-17
36
65
49
70
85
87
109
109
99
64
30
-41
-85
-138
-213
-262
-353
-410
-453
-498
-524
-532
-535
-475
-389
-304
-191
-89
21
161
280
420
532
644
771
901
1045
1165
1288
1436
1545
1631
1655
1600
1484
1310
1079
827
589
353
132
-52
-238
-372
-451
-557
-637
-689
-751
-767
-772
-780
-730
-602
-467
-307
-108
56
207
302
415
491
523
508
447
391
317
269
202
138
50
-67
-193
-326
-466
-602
-721
-817
-853
-867
-856
-809
-736
-663
-579
-499
-428
-339
-268
-200
-162
-108
-45
-3
37
49
29
32
-18
-98
-149
-227
-306
-367
-403
-426
-413
-408
-373
-352
-326
-283
-253
-214
-196
-170
-153
-143
-124
-117
-122
-126
-145
-166
-202
-258
-293
-347
-379
-395
-395
-379
-373
-370
-350
-310
-277
-210
-103
7
159
312
482
620
774
911
1055
1191
1338
1490
1649
1774
1790
1727
1529
1278
998
670
388
172
-26
-209
-386
-494
-585
-644
-698
-723
-679
-625
-570
-484
-392
-275
-115
66
234
426
584
669
729
705
657
542
399
251
93
-15
-93
-187
-271
-342
-476
-594
-706
-810
-892
-930
-909
-821
-704
-563
-406
-242
-96
-3
26
39
41
8
-68
-141
-213
-286
-352
-412
-474
-570
-645
-725
-809
-894
-921
-891
-839
-773
-641
-518
-388
-264
-168
-87
-37
20
45
74
91
106
103
77
13
-70
-143
-228
-286
-382
-468
-553
-614
-660
-724
-720
-663
-587
-471
-356
-205
-48
125
306
508
712
893
1127
1326
1512
1680
1792
1916
2007
2077
2071
1946
1705
1414
1086
664
320
45
-199
-372
-517
-628
-659
-689
-719
-732
-740
-726
-661
-570
-431
-228
-13
195
383
560
648
657
640
570
490
406
290
189
88
-33
-117
-186
-255
-351
-482
-605
-707
-785
-820
-831
-803
-716
-600
-481
-360
-260
-205
-190
-237
-307
-362
-386
-393
-387
-354
-342
-362
-396
-456
-574
-693
-805
-851
-820
-771
-658
-507
-399
-285
-181
-105
-47
-17
-3
-24
-20
-13
-9
-42
-59
-108
-200
-270
-369
-459
-543
-627
-685
-699
-682
-648
-604
-526
-424
-348
-256
-128
-14
114
285
500
712
950
1172
1342
1480
1610
1686
1778
1863
1943
2020
2078
2051
1900
1639
1236
820
371
-6
-303
-541
-656
-747
-756
-737
-723
-656
-636
-579
-492
-366
-233
-74
126
297
481
614
696
730
670
536
363
148
-51
-238
-377
-448
-493
-493
-525
-533
-609
-715
-802
-875
-861
-797
-671
-518
-365
-225
-113
-84
-57
-53
-65
-91
-145
-206
-261
-299
-352
-421
-455
-509
-568
-618
-661
-684
-695
-660
-611
-521
-410
-286
-177
-68
0
26
41
21
18
-24
-38
-43
-38
-46
-101
-169
-256
-362
-440
-490
-523
-524
-504
-476
-436
-391
-350
-340
-331
-260
-206
-139
-20
103
245
407
583
735
865
986
1093
1199
1301
1427
1537
1648
1770
1910
1984
1922
1692
1325
899
457
-3
-312
-529
-664
-708
-730
-654
-622
-601
-599
-597
-532
-450
-308
-131
77
297
502
621
673
673
543
337
167
-39
-145
-223
-265
-276
-299
-325
-401
-451
-541
-607
-706
-727
-693
-611
-503
-403
-315
-244
-185
-163
-169
-170
-183
-209
-247
-274
-268
-259
-245
-254
-262
-323
-408
-491
-581
-632
-611
-546
-464
-363
-272
-234
-212
-222
-241
-229
-177
-123
-68
-15
37
53
36
11
-47
-114
-185
-259
-286
-315
-353
-365
-424
-474
-524
-574
-613
-608
-609
-569
-516
-429
-303
-159
28
205
414
614
812
973
1145
1290
1427
1574
1695
1812
1899
1956
2002
1943
1703
1330
864
414
-77
-478
-699
-803
-795
-748
-665
-541
-475
-445
-423
-337
-193
-22
237
490
733
881
932
898
777
610
365
153
-19
-176
-265
-324
-376
-435
-512
-592
-653
-696
-721
-695
-640
-564
-433
-312
-218
-143
-84
-77
-79
-105
-103
-101
-119
-119
-153
-173
-208
-266
-372
-458
-510
-572
-585
-594
-579
-541
-514
-467
-414
-371
-356
-349
-296
-244
-154
-60
27
80
120
127
86
76
32
-3
-56
-95
-137
-203
-272
-365
-448
-535
-608
-653
-671
-678
-653
-620
-565
-500
-409
-306
-174
-13
180
398
655
873
1060
1182
1300
1394
1450
1530
1595
1660
1706
1782
1825
1805
1623
1289
851
419
15
-309
-454
-531
-518
-472
-393
-289
-245
-238
-220
-141
21
201
417
600
714
782
719
629
511
345
150
-54
-165
-250
-325
-370
-402
-432
-465
-500
-498
-496
-482
-430
-371
-284
-195
-146
-146
-180
-198
-231
-252
-241
-232
-227
-253
-271
-309
-360
-380
-420
-500
-562
-580
-559
-532
-514
-502
-458
-417
-378
-337
-303
-272
-227
-168
-144
-92
-27
-9
-17
-10
0
-30
-44
-63
-93
-112
-138
-169
-199
-239
-297
-368
-404
-435
-457
-468
-470
-435
-412
-376
-340
-303
-255
-156
-39
126
324
514
702
854
943
1026
1095
1151
1226
1321
1436
1526
1607
1670
1734
1620
1372
1036
664
355
58
-123
-197
-202
-206
-190
-164
-143
-172
-177
-160
-57
118
261
418
477
528
504
386
270
142
22
-94
-158
-185
-209
-245
-299
-336
-388
-434
-415
-402
-358
-314
-282
-243
-235
-247
-264
-314
-359
-359
-357
-364
-361
-357
-368
-400
-434
-439
-432
-430
-454
-434
-427
-430
-427
-424
-423
-400
-385
-352
-302
-247
-179
-134
-94
-30
30
80
141
182
213
235
238
213
204
158
111
31
-53
-137
-210
-313
-411
-487
-557
-573
-590
-618
-602
-585
-543
-462
-384
-251
-113
37
224
435
622
789
898
993
1059
1079
1129
1157
1168
1198
1225
1255
1287
1317
1323
1165
966
681
438
244
41
-74
-115
-49
-12
-9
54
64
27
31
65
186
302
410
466
452
404
300
139
-4
-128
-217
-267
-279
-304
-352
-388
-440
-460
-452
-392
-313
-226
-145
-85
-53
-66
-89
-150
-202
-246
-296
-297
-282
-309
-345
-392
-450
-518
-593
-603
-578
-556
-546
-500
-474
-459
-419
-421
-387
-314
-231
-143
-70
11
75
132
145
152
164
166
168
155
144
114
71
13
-63
-147
-211
-289
-358
-395
-432
-457
-481
-482
-492
-486
-436
-393
-332
-265
-194
-103
-35
29
121
225
348
468
579
648
676
697
716
762
817
904
987
1065
1140
1210
1300
1357
1315
1193
1006
813
635
436
307
199
145
116
52
18
-29
-89
-162
-167
-109
-24
47
75
107
110
78
31
-46
-83
-87
-101
-100
-99
-124
-146
-187
-224
-228
-208
-191
-164
-138
-139
-158
-212
-266
-328
-371
-384
-389
-380
-371
-377
-373
-386
-412
-416
-420
-399
-366
-330
-299
-307
-294
-295
-303
-308
-302
-264
-232
-213
-170
-151
-117
-94
-93
-72
-50
-5
7
35
36
24
46
34
8
-40
-64
-101
-135
-186
-239
-256
-287
-312
-347
-355
-357
-359
-367
-347
-310
-276
-205
-138
-16
87
202
334
457
561
622
686
734
776
844
904
981
1052
1109
1155
1213
1261
1200
1107
934
755
604
434
299
209
163
138
93
73
55
6
4
-2
26
96
149
214
243
233
212
149
78
-16
-83
-107
-148
-181
-213
-262
-311
-352
-366
-359
-322
-273
-209
-157
-141
-136
-129
-150
-177
-173
-159
-151
-150
-151
-170
-198
-248
-318
-378
-408
-435
-501
-539
-558
-560
-561
-564
-530
-516
-482
-424
-359
-277
-189
-115
-14
71
110
157
189
221
240
241
243
212
182
130
74
10
-63
-149
-227
-296
-341
-382
-429
-460
-476
-472
-466
-444
-414
-363
-273
-193
-105
-19
67
182
263
381
474
552
595
632
651
679
728
771
823
856
918
980
1050
1056
1029
953
861
771
667
570
513
463
434
388
319
281
214
140
109
72
50
77
98
83
61
11
-53
-101
-152
-190
-193
-195
-201
-210
-206
-219
-230
-247
-241
-185
-163
-126
-83
-63
-76
-86
-112
-168
-188
-202
-210
-221
-241
-267
-303
-337
-393
-434
-459
-489
-499
-502
-503
-489
-476
-458
-429
-383
-337
-278
-214
-154
-80
6
60
128
164
192
194
198
224
215
220
188
176
145
121
89
44
-7
-53
-107
-155
-158
-193
-208
-242
-275
-269
-286
-289
-283
-260
-227
-193
-147
-120
-47
30
110
205
263
351
409
439
473
519
556
615
699
763
833
883
921
943
953
932
883
837
792
729
681
630
581
526
448
380
288
220
162
101
58
47
13
-22
-44
-81
-107
-126
-110
-114
-123
-120
-136
-156
-179
-196
-185
-172
-164
-129
-114
-100
-99
-122
-130
-141
-153
-144
-157
-157
-171
-191
-211
-256
-260
-294
-346
-371
-394
-434
-445
-451
-436
-420
-408
-390
-375
-333
-287
-258
-217
-165
-91
-34
14
61
74
94
109
106
111
136
116
122
100
77
92
55
20
-3
-38
-61
-69
-88
-105
-154
-165
-175
-188
-186
-185
-169
-159
-147
-136
-97
-78
-44
-16
12
53
74
130
156
169
213
254
314
373
430
490
583
676
764
851
885
923
922
914
912
902
908
878
826
777
713
624
502
412
294
197
94
19
-12
-73
-117
-181
-224
-256
-253
-284
-306
-288
-259
-228
-200
-170
-129
-135
-115
-80
-69
-47
-50
-51
-61
-90
-117
-130
-182
-212
-251
-269
-309
-318
-335
-373
-393
-404
-396
-411
-407
-400
-380
-348
-318
-294
-248
-211
-216
-169
-126
-103
-60
-39
-31
-14
7
11
24
17
16
13
16
46
69
61
46
50
48
29
20
25
6
-28
-31
-61
-86
-131
-169
-198
-230
-244
-236
-239
-232
-216
-176
-144
-103
-59
-6
32
89
171
242
340
421
514
582
668
745
822
914
944
948
959
926
920
894
865
807
728
641
567
477
384
309
203
148
84
29
15
-39
-51
-60
-72
-62
-71
-45
-44
-40
-40
-62
-73
-73
-91
-99
-88
-93
-113
-148
-188
-246
-271
-285
-304
-322
-344
-359
-361
-354
-376
-398
-391
-388
-363
-341
-330
-305
-282
-304
-292
-270
-252
-221
-206
-200
-165
-138
-115
-117
-107
-89
-87
-77
-53
-35
-15
2
6
24
15
24
24
57
64
67
72
65
60
31
24
9
6
-16
-54
-99
-135
-168
-216
-240
-255
-258
-217
-186
-156
-118
-93
-51
-22
-11
61
95
181
258
344
406
465
564
608
677
735
821
853
871
885
881
869
850
820
781
722
666
621
531
449
352
284
213
141
104
79
37
2
-54
-86
-115
-144
-175
-193
-187
-211
-175
-185
-199
-196
-210
-203
-208
-195
-196
-213
-212
-229
-244
-248
-277
-290
-293
-325
-333
-341
-352
-355
-359
-373
-394
-388
-385
-373
-360
-334
-322
-314
-314
-292
-258
-238
-204
-174
-162
-119
-95
-76
-66
-59
-69
-40
-11
20
45
69
91
95
102
82
74
50
47
47
30
38
-1
-34
-73
-120
-159
-193
-204
-231
-215
-185
-173
-151
-120
-111
-76
-30
-7
52
104
156
226
312
364
430
496
539
611
676
730
780
806
805
796
777
766
728
729
704
654
586
499
440
376
308
210
158
106
62
31
17
-12
-60
-95
-136
-156
-176
-207
-212
-190
-189
-164
-167
-160
-177
-186
-184
-183
-173
-189
-186
-207
-208
-223
-232
-273
-303
-335
-342
-351
-360
-360
-380
-373
-373
-341
-338
-324
-306
-305
-295
-274
-235
-217
-175
-156
-149
-136
-138
-100
-77
-56
-53
-71
-69
-56
-39
-34
-13
-2
-15
-7
6
9
22
-16
-13
-7
-13
-20
-25
-41
-56
-59
-77
-103
-152
-175
-174
-142
-134
-120
-111
-103
-71
-53
-32
-3
30
81
112
153
194
226
284
334
402
455
513
573
618
661
644
643
657
641
645
635
621
602
564
509
454
391
332
288
246
217
174
150
127
91
26
-24
-50
-92
-127
-137
-153
-180
-197
-224
-208
-225
-239
-244
-239
-237
-231
-225
-234
-220
-221
-214
-209
-206
-234
-236
-260
-266
-258
-271
-264
-260
-263
-264
-281
-292
-304
-315
-316
-302
-293
-281
-273
-273
-255
-243
-242
-238
-220
-211
-197
-168
-140
-94
-58
-16
18
47
74
86
108
140
151
150
148
114
95
74
67
47
19
-14
-51
-90
-128
-149
-193
-208
-207
-178
-162
-151
-128
-88
-30
-8
52
97
151
227
256
309
371
409
441
493
523
556
590
621
641
622
617
589
569
573
554
530
511
465
420
366
316
287
233
184
174
149
105
82
27
-41
-73
-116
-139
-138
-150
-166
-186
-197
-217
-225
-216
-231
-231
-213
-193
-202
-178
-167
-170
-168
-185
-191
-207
-218
-221
-229
-246
-249
-255
-276
-288
-329
-357
-364
-381
-395
-396
-386
-388
-388
-352
-338
-324
-282
-261
-244
-193
-149
-126
-74
-46
-23
26
57
82
121
138
157
156
142
155
135
128
98
101
87
66
48
10
-16
-62
-79
-112
-140
-136
-138
-113
-99
-63
-32
-12
34
54
97
135
184
209
235
278
303
298
327
353
372
382
396
395
414
447
444
448
462
471
477
481
468
469
461
439
413
375
355
320
289
250
208
165
121
92
22
-29
-72
-124
-142
-181
-212
-233
-237
-257
-266
-256
-284
-271
-268
-286
-259
-250
-235
-221
-204
-193
-194
-204
-217
-244
-252
-263
-283
-284
-296
-298
-312
-339
-385
-394
-401
-398
-399
-396
-384
-378
-351
-318
-322
-297
-260
-243
-207
-165
-128
-99
-57
-19
30
61
99
123
136
150
158
159
143
124
113
108
97
68
49
39
4
-19
-37
-53
-82
-91
-99
-102
-73
-52
-29
-11
28
55
57
73
94
119
161
166
186
215
217
207
228
265
264
290
317
322
357
385
411
420
428
428
413
419
403
396
368
350
314
273
255
213
165
134
90
67
34
-17
-50
-69
-109
-143
-177
-188
-198
-216
-212
-218
-245
-242
-228
-238
-211
-202
-190
-181
-171
-186
-191
-210
-233
-249
-254
-261
-274
-271
-266
-294
-329
-340
-373
-365
-362
-364
-341
-327
-329
-304
-269
-271
-256
-223
-196
-151
-118
-81
-55
-28
14
58
77
83
121
151
179
157
155
158
145
138
124
117
109
104
94
80
65
42
38
21
2
7
3
34
48
46
70
72
86
98
93
125
141
143
162
175
189
200
205
206
211
225
237
263
278
284
314
333
342
357
362
385
391
378
378
370
356
335
313
278
259
239
214
190
165
113
75
41
13
-26
-44
-62
-93
-131
-129
-151
-184
-184
-192
-175
-179
-174
-175
-167
-189
-198
-202
-226
-245
-257
-265
-277
-272
-279
-301
-327
-341
-360
-357
-352
-346
-327
-309
-302
-292
-276
-266
-265
-250
-233
-204
-188
-172
-144
-121
-105
-88
-58
-58
-23
-8
21
68
83
103
111
122
139
160
164
152
174
172
167
180
163
153
142
125
113
98
68
62
51
34
29
29
45
39
35
45
51
62
79
90
108
114
139
159
192
222
248
275
279
303
315
311
313
329
317
316
311
293
283
264
243
229
211
190
173
160
129
121
126
89
83
66
40
11
-20
-43
-62
-68
-112
-131
-167
-184
-210
-229
-251
-278
-297
-322
-335
-368
-382
-390
-389
-393
-387
-402
-394
-395
-386
-366
-369
-370
-356
-322
-333
-304
-287
-279
-265
-254
-249
-257
-234
-235
-216
-190
-191
-197
-163
-150
-124
-93
-82
-41
-22
19
46
67
107
127
142
175
189
207
191
189
208
203
194
177
179
154
152
131
115
102
65
74
58
72
76
67
73
72
72
73
75
78
94
109
103
123
138
125
127
139
159
169
163
158
186
178
177
183
192
169
174
194
171
174
147
149
118
100
102
84
75
51
49
11
-5
-23
-52
-97
-111
-130
-165
-180
-216
-223
-246
-261
-264
-271
-264
-272
-293
-291
-295
-297
-274
-285
-283
-307
-320
-306
-309
-304
-312
-314
-298
-285
-300
-280
-264
-256
-217
-210
-176
-157
-161
-133
-111
-109
-65
-48
-42
-35
-15
8
21
22
63
75
77
111
128
139
163
172
161
147
147
151
120
118
129
103
84
98
100
70
78
54
41
40
38
42
32
48
50
42
46
24
32
12
-3
16
11
7
4
21
12
23
15
12
20
28
40
51
65
66
73
77
85
95
107
111
111
123
99
97
97
79
63
67
50
5
13
-15
-38
-58
-80
-88
-114
-129
-142
-156
-161
-178
-174
-172
-171
-169
-158
-160
-148
-149
-145
-155
-160
-154
-155
-155
-147
-157
-179
-172
-206
-209
-215
-202
-194
-202
-199
-188
-176
-170
-164
-133
-107
-85
-56
-48
-25
-5
0
1
12
20
37
39
40
56
66
64
66
63
55
56
69
52
55
53
44
44
48
46
32
33
25
15
24
25
7
7
-6
3
15
5
-4
-7
-34
-55
-48
-48
-61
-48
-69
-62
-47
-45
-38
-48
-30
-27
-29
-17
-15
-17
16
10
29
36
38
26
27
42
38
39
39
35
22
20
20
19
14
18
27
24
9
-1
-19
-25
-26
-43
-38
-51
-52
-67
-71
-71
-81
-67
-85
-81
-95
-92
-98
-86
-93
-106
-112
-113
-131
-145
-139
-145
-143
-159
-152
-134
-128
-146
-131
-132
-112
-102
-98
-91
-87
-79
-88
-66
-64
-49
-63
-64
-36
-33
-35
-37
-35
-33
-35
-12
-12
-11
-2
3
9
2
-8
-18
-17
-2
-3
4
-1
-19
-14
-24
-38
-39
-54
-58
-57
-62
-70
-63
-76
-78
-67
-86
-73
-63
-45
-32
-26
-24
-17
-20
-5
-14
-16
12
4
15
24
25
37
38
27
31
33
40
28
50
48
53
56
62
66
63
63
64
83
76
84
77
74
69
83
71
53
44
35
19
5
10
-27
-34
-26
-53
-53
-47
-58
-66
-81
-67
-77
-83
-75
-82
-83
-82
-85
-82
-63
-76
-78
-79
-75
-73
-68
-62
-75
-52
-59
-64
-49
-48
-44
-34
-33
-38
-15
-1
-7
-16
11
5
3
12
21
39
38
31
23
41
17
27
27
27
29
12
33
28
10
9
8
-2
2
-1
-17
-29
-22
-16
-15
-23
-11
-19
-19
-30
-25
-13
-10
-17
-17
-28
-20
-3
-4
-16
-8
-9
4
-7
-7
-2
-6
8
-17
-4
3
5
11
18
20
32
38
41
46
59
51
40
63
62
53
36
37
23
20
19
0
-23
-32
-19
-41
-42
-51
-52
-63
-71
-62
-70
-76
-72
-64
-59
-61
-72
-41
-61
-51
-47
-55
-52
-35
-38
-55
-39
-48
-53
-66
-66
-67
-52
-56
-53
-57
-53
-43
-23
-31
-36
-19
-4
-3
-12
-6
3
19
15
17
54
46
46
65
56
42
32
32
32
39
26
21
24
8
18
-4
-17
-21
-19
-10
-29
-32
-27
-20
-29
-12
-10
-17
-40
-32
-50
-51
-56
-39
-41
-59
-61
-68
-55
-65
-71
-78
-87
-83
-81
-74
-68
-83
-71
-70
-66
-34
-42
-26
-11
-3
-3
3
3
12
33
21
35
29
26
17
-9
-10
9
7
-7
-15
-16
-30
-48
-53
-50
-48
-49
-41
-37
-31
-36
-30
-32
-26
-22
-13
-11
-26
-24
-17
-16
-32
-22
-24
-27
-38
-36
-45
-51
-41
-41
-49
-37
-39
-36
-27
-9
-18
-17
-14
-14
12
5
15
15
20
14
26
30
19
15
25
23
10
9
1
5
-3
-10
13
10
4
29
23
1
15
9
4
-9
1
-14
-23
-27
-36
-48
-62
-71
-101
-107
-101
-111
-134
-133
-150
-139
-144
-137
-153
-135
-133
-129
-88
-84
-65
-48
-29
-19
-7
-1
3
25
27
40
35
28
31
35
38
27
37
25
35
22
6
13
-5
3
1
-13
0
-7
-2
5
5
0
23
28
30
54
41
69
53
46
52
31
29
33
17
2
2
-14
-20
-33
-31
-24
-41
-19
-33
-22
-22
-33
-19
-29
-31
-19
-14
-35
-22
-3
-13
-11
-13
-22
-7
-15
-15
7
0
0
17
28
13
9
20
17
9
10
18
21
15
24
19
10
7
14
10
-14
2
-21
-40
-24
-25
-50
-56
-68
-77
-67
-80
-91
-97
-90
-98
-106
-88
-90
-80
-83
-87
-66
-47
-37
-36
-17
10
20
29
35
52
58
60
64
66
69
82
59
63
83
76
86
84
81
67
63
62
47
49
50
54
55
44
66
41
29
51
62
65
42
46
49
48
59
43
56
38
35
47
37
34
9
7
1
-4
-1
-4
-4
-8
-8
2
-8
-13
-2
-4
-4
-16
1
13
6
-8
-4
2
15
21
0
-2
-3
-14
-7
1
22
31
32
22
10
16
18
4
-3
14
20
25
21
34
35
37
31
19
26
19
38
19
17
23
-4
1
-29
-12
-36
-51
-48
-68
-49
-71
-77
-81
-63
-70
-57
-60
-47
-16
-22
-1
13
21
29
52
55
73
61
64
83
85
88
81
94
93
106
90
101
101
75
84
72
66
70
45
43
47
55
32
15
6
-7
10
13
8
0
1
-1
7
2
2
7
-2
12
14
25
13
10
9
-8
6
6
0
10
13
-4
14
3
5
-4
-6
-7
-8
14
4
0
-5
1
15
8
19
27
27
46
48
64
77
82
99
106
117
116
98
86
90
95
92
91
99
92
64
64
66
55
51
63
36
60
63
43
68
50
62
52
49
33
33
18
13
9
-3
-2
-18
-16
-15
-15
-16
-13
-6
2
18
35
23
40
48
72
66
79
88
97
100
108
122
118
117
124
131
131
142
130
127
141
115
102
96
89
70
56
50
49
51
37
22
22
25
25
29
25
37
50
53
55
64
67
76
59
50
71
71
74
68
73
62
57
63
70
68
61
78
66
58
58
78
75
65
85
92
103
106
107
99
98
110
107
122
133
130
123
126
136
123
137
133
100
92
103
83
58
77
58
53
68
58
55
62
56
34
29
35
43
30
55
44
23
14
0
-7
-23
-23
-49
-36
-52
-57
-77
-82
-75
-84
-80
-87
-68
-50
-44
-40
-33
-20
-3
14
17
29
55
61
65
81
62
48
27
10
39
41
28
31
36
22
15
8
4
9
-11
-14
-7
-34
-9
-22
-39
-39
-38
-32
-32
-27
7
18
11
18
0
16
19
8
8
36
19
13
16
24
13
9
3
2
-8
-11
12
1
-2
-13
-3
-14
-22
-35
-30
-19
-35
-24
-20
-28
-17
-7
-5
-7
-16
0
1
-1
-1
5
14
-7
-3
-7
-27
-22
-22
-36
-45
-34
-42
-58
-60
-63
-76
-101
-97
-93
-97
-92
-89
-96
-91
-105
-125
-123
-114
-117
-129
-102
-104
-100
-106
-104
-111
-99
-84
-83
-68
-68
-52
-64
-44
-40
-32
-38
-40
-27
-19
-13
-5
4
8
-1
0
4
2
-4
4
3
10
15
4
12
-10
-13
-5
-20
-30
-42
-58
-65
-67
-70
-69
-61
-63
-69
-65
-76
-79
-75
-69
-54
-61
-66
-64
-68
-54
-71
-58
-49
-61
-71
-81
-84
-92
-73
-87
-91
-90
-94
-89
-110
-96
-99
-115
-107
-112
-107
-108
-101
-104
-109
-97
-108
-109
-118
-106
-101
-101
-101
-90
-107
-97
-93
-93
-85
-96
-69
-89
-98
-92
-94
-81
-98
-98
-110
-102
-120
-112
-131
-122
-120
-139
-127
-147
-124
-125
-130
-157
-141
-143
-135
-128
-134
-114
-113
-94
-77
-65
-53
-48
-51
-51
-40
-41
-30
-30
-28
-30
-27
-25
-24
-18
-21
-33
-44
-42
-42
-51
-57
-57
-62
-67
-67
-63
-82
-97
-106
-112
-110
-124
-122
-114
-120
-134
-124
-120
-132
-131
-134
-126
-137
-120
-136
-110
-110
-114
-122
-110
-91
-118
-106
-94
-91
-96
-83
-87
-87
-95
-84
-88
-91
-103
-105
-97
-114
-117
-127
-118
-110
-125
-100
-103
-108
-93
-96
-80
-66
-63
-76
-47
-24
-42
-36
-32
-31
-36
-44
-47
-50
-45
-47
-70
-92
-88
-103
-108
-107
-131
-130
-133
-131
-141
-150
-137
-143
-150
-142
-136
-128
-130
-130
-118
-132
-133
-120
-123
-104
-109
-109
-93
-90
-91
-107
-122
-111
-102
-122
-99
-115
-97
-89
-91
-86
-90
-85
-83
-71
-76
-66
-45
-59
-74
-61
-90
-90
-79
-103
-95
-126
-132
-136
-143
-132
-140
-142
-153
-159
-167
-141
-145
-149
-143
-132
-132
-129
-114
-101
-95
-84
-89
-92
-79
-87
-80
-90
-91
-89
-89
-92
-107
-115
-115
-127
-128
-136
-146
-132
-129
-128
-125
-115
-118
-122
-110
-117
-106
-93
-93
-106
-85
-89
-92
-91
-111
-99
-103
-100
-123
-113
-112
-128
-142
-144
-148
-157
-148
-158
-163
-169
-179
-175
-175
-186
-179
-179
-175
-182
-167
-201
-199
-198
-192
-172
-174
-183
-183
-178
-191
-163
-178
-155
-157
-147
-142
-140
-119
-125
-133
-127
-102
-100
-98
-100
-85
-103
-88
-74
-80
-68
-64
-83
-97
-79
-93
-101
-109
-107
-120
-117
-133
-136
-144
-153
-153
-148
-133
-150
-140
-131
-135
-122
-115
-118
-115
-106
-91
-96
-100
-80
-73
-66
-80
-87
-75
-77
-82
-97
-93
-118
-120
-121
-113
-117
-148
-135
-120
-134
-145
-129
-139
-141
-128
-131
-128
-128
-114
-117
-102
-102
-108
-107
-104
-90
-93
-100
-103
-97
-101
-104
-102
-119
-118
-128
-133
-134
-128
-151
-152
-146
-166
-171
-175
-185
-196
-195
-188
-188
-204
-192
-205
-194
-182
-205
-192
-164
-168
-173
-155
-155
-144
-143
-151
-133
-116
-117
-119
-105
-81
-86
-89
-84
-72
-62
-59
-66
-70
-84
-89
-69
-79
-71
-79
-90
-92
-100
-94
-93
-102
-109
-108
-112
-106
-119
-108
-99
-106
-104
-111
-127
-103
-116
-95
-106
-98
-100
-100
-88
-87
-70
-70
-71
-62
-59
-83
-69
-58
-72
-70
-74
-69
-80
-88
-96
-102
-88
-85
-96
-91
-95
-97
-112
-107
-93
-93
-94
-79
-63
-72
-69
-70
-82
-69
-64
-71
-74
-82
-65
-71
-73
-84
-82
-82
-102
-110
-96
-103
-111
-110
-108
-106
-120
-117
-119
-117
-118
-127
-135
-135
-143
-135
-142
-140
-126
-127
-125
-121
-120
-112
-99
-90
-112
-98
-85
-86
-74
-72
-59
-66
-49
-43
-34
-31
-37
-16
-27
-22
-10
-20
-8
-18
-28
-35
-42
-45
-49
-48
-68
-80
-73
-62
-74
-75
-74
-77
-86
-80
-76
-94
-78
-79
-50
-59
-57
-52
-57
-49
-57
-35
-34
-21
-20
-19
-25
-27
-27
-38
-26
-42
-36
-41
-55
-46
-54
-57
-55
-39
-43
-45
-50
-32
-37
-39
-33
-33
-23
-17
-14
-23
-28
-20
-21
-40
-27
-34
-28
-28
-31
-36
-49
-47
-48
-43
-49
-58
-54
-75
-77
-67
-69
-77
-76
-77
-74
-85
-73
-87
-100
-76
-90
-83
-85
-85
-87
-77
-81
-69
-72
-71
-72
-83
-56
-62
-54
-44
-45
-38
-19
-7
-8
1
-8
-15
-14
7
9
-2
-7
-2
6
-7
2
-27
-22
-18
-20
-28
-31
-37
-58
-42
-57
-41
-53
-51
-58
-66
-47
-57
-49
-40
-52
-35
-40
-40
-34
-41
-13
-23
-28
-14
-7
8
1
-4
7
-3
12
-6
-3
-19
4
-19
-16
-6
-13
-6
-14
-4
-21
-12
-23
-11
-4
7
4
6
27
12
-3
5
5
0
-9
-20
-11
-6
-7
-35
-26
-19
-41
-30
-46
-28
-29
-37
-11
-31
-26
-42
-45
-28
-35
-39
-52
-48
-40
-48
-58
-43
-59
-62
-54
-62
-59
-62
-73
-51
-49
-37
-32
-29
-34
-14
5
-4
9
11
8
20
35
23
29
37
43
48
42
47
40
36
45
45
41
44
36
28
32
33
35
36
20
30
18
32
19
22
25
24
8
3
30
17
25
21
29
36
40
32
23
47
39
41
46
43
25
16
40
37
29
42
33
26
39
27
25
18
18
29
30
38
24
24
35
23
20
12
-3
16
14
15
10
-3
13
1
21
25
-2
3
8
9
17
20
14
8
18
5
4
7
3
6
11
-3
-15
-3
-13
-15
-23
-18
-16
-8
-26
-27
-26
-15
-22
-29
-19
-16
-13
-6
-8
-13
4
-8
3
10
3
11
18
9
5
20
18
23
12
12
26
24
38
42
43
21
28
27
14
40
22
35
33
26
10
18
21
-1
4
8
10
8
13
13
-10
9
14
10
4
1
5
15
7
21
18
7
17
24
31
23
22
10
27
32
30
23
18
11
-7
13
12
5
5
-4
-1
7
10
5
4
21
-5
2
16
10
18
35
21
28
33
36
41
25
32
34
32
24
35
48
34
25
31
19
17
17
8
20
10
19
11
13
5
-1
-2
2
20
22
21
23
17
20
29
21
39
26
22
39
44
52
37
41
53
50
52
35
52
51
61
60
46
53
58
53
54
67
62
56
51
51
44
39
38
33
38
39
21
7
14
7
5
13
5
11
6
13
2
-10
13
12
19
13
21
8
9
22
22
17
29
36
18
29
25
34
40
20
33
22
17
28
18
39
17
8
31
15
24
20
21
18
19
34
45
50
40
47
49
33
28
36
34
24
45
27
28
22
20
12
12
6
-2
16
7
20
14
21
2
-2
8
19
-1
-3
4
-17
-10
-16
-3
-6
-6
-19
-28
-38
-19
-38
-29
-24
-35
-30
-30
-16
-36
-34
-11
-20
-13
-15
-6
-1
-3
-1
-8
4
16
15
4
23
26
20
7
26
2
4
8
-5
-15
-14
-22
-7
0
-3
-6
-17
-18
-11
-12
-28
-13
-17
-30
-27
-17
-6
-13
-7
0
-20
-11
-17
-3
7
8
-6
-6
6
-6
0
11
19
-3
6
-19
-22
-12
6
8
-2
2
-6
-4
-11
-10
-11
-11
-18
-8
-10
-6
-15
0
8
-5
8
-14
0
8
0
25
12
22
16
8
18
7
8
8
3
1
-7
5
0
-13
-13
-9
-11
-7
-11
-29
-22
-21
-10
-1
-17
0
9
6
8
1
-3
-9
14
18
12
36
37
44
59
60
48
56
55
60
49
50
38
40
48
38
48
35
37
25
48
28
39
42
49
50
30
46
37
42
32
39
36
25
30
37
19
29
34
31
15
32
34
25
24
18
31
25
34
18
19
25
25
38
31
36
28
20
32
40
29
36
30
9
25
19
17
30
19
19
21
17
31
26
32
23
21
21
22
39
29
11
28
31
23
34
34
30
24
34
43
31
35
29
27
15
22
24
20
22
17
10
9
18
6
10
7
14
11
23
27
0
12
18
22
21
30
27
34
27
45
48
50
51
61
65
46
67
68
85
77
72
73
65
74
64
77
52
65
68
63
74
67
55
54
46
55
52
48
44
46
44
29
42
33
21
23
16
14
20
19
20
24
31
38
41
29
36
46
34
44
41
40
25
40
54
61
56
58
67
59
78
64
61
57
61
58
60
60
56
54
57
58
52
64
57
60
54
46
57
55
61
55
46
44
51
56
51
43
39
42
33
23
20
27
45
41
35
27
26
19
23
13
5
6
-1
6
8
6
0
7
5
4
-2
4
-14
13
9
4
11
29
27
24
35
38
54
48
53
70
66
45
56
54
59
53
45
58
58
43
46
51
51
33
37
41
44
38
35
35
12
3
12
18
19
25
19
-12
9
21
1
13
11
6
17
31
20
18
36
29
16
24
18
29
11
16
20
1
10
18
28
30
34
19
37
21
31
55
37
38
37
46
40
45
30
36
42
36
65
61
53
44
54
38
46
28
25
38
30
42
27
21
25
39
20
35
29
20
32
26
17
30
25
22
16
28
30
33
24
11
13
8
12
12
10
9
8
3
3
14
18
11
32
13
22
32
39
38
49
62
68
75
62
70
62
69
71
54
56
59
54
44
52
53
43
46
50
40
25
41
43
31
25
30
44
38
33
36
43
59
55
45
41
37
40
37
34
52
53
58
65
66
66
75
63
54
61
68
68
65
66
48
60
63
82
64
70
67
69
66
50
51
51
39
43
38
34
39
43
48
55
56
48
53
54
47
34
32
32
61
35
23
31
49
38
47
44
36
42
40
38
26
14
27
31
23
30
11
26
9
19
22
14
20
13
28
35
37
27
32
48
38
49
46
37
49
51
53
50
56
51
52
33
34
58
49
39
30
39
43
37
29
26
38
33
35
30
21
23
29
23
33
24
29
41
40
29
43
21
32
38
26
27
28
35
24
35
19
25
29
10
25
12
24
12
4
5
7
12
16
25
25
20
28
26
25
28
12
8
14
20
16
25
11
15
10
12
10
11
15
12
18
1
5
-9
-1
11
5
5
8
9
3
2
9
12
-1
9
13
-9
1
-13
-15
-7
4
-11
-17
-1
-17
-18
-19
-26
-9
-5
-9
-14
-21
-21
-4
-12
-27
-16
-20
-17
-22
-8
7
-5
-22
-4
0
-5
-10
-16
-16
-21
-10
-12
-19
-12
-22
-11
-12
-9
-13
-18
-15
0
2
-15
-9
-10
-4
-11
2
-21
-3
11
-20
3
2
0
9
19
4
-9
-5
3
-6
-8
-1
-6
-2
-12
2
3
5
3
-7
7
-19
-11
-3
-9
0
-4
13
4
-8
-6
-8
-19
-11
-13
-21
-10
-28
-12
1
-16
-4
-6
-4
-7
1
-3
-24
-8
-4
-5
-4
-20
-13
2
-18
-7
-15
-21
-29
-33
-26
-36
-40
-23
-32
-27
-31
-29
-30
-43
-30
-31
-16
-12
-11
-20
-10
-5
12
14
-3
-15
-9
-2
15
4
-6
3
-7
-13
-20
-11
-13
-6
-2
-7
-7
-4
-13
-13
-9
-20
-12
-17
-30
-26
-15
-25
-12
-5
-17
-31
-30
-7
-26
-15
-2
-13
-8
-17
-12
-13
-35
-25
-26
-35
-28
-30
-20
-12
-13
-12
-13
-12
-24
-7
-8
-16
16
10
8
22
4
4
11
18
14
2
29
38
45
31
12
19
24
20
22
20
24
26
18
13
21
33
15
24
26
18
18
16
24
29
16
11
10
9
4
11
6
0
5
-8
1
2
-8
-15
-1
0
-5
-15
-16
-18
-14
-10
-15
-6
-8
-5
-8
-2
-3
-1
3
7
0
-10
4
4
-4
-7
-10
-1
11
3
2
-17
7
7
-2
2
-12
11
-4
-12
-21
0
-35
-32
-11
-24
-16
-12
-17
-16
-1
-22
-22
-11
-18
-15
-10
5
-4
-13
1
-4
-17
-17
-24
-25
-29
-14
-40
-29
-24
-19
-23
-30
-31
-52
-25
-36
-37
-25
-21
-26
-28
-35
-41
-32
-35
-36
-43
-32
-26
-35
-34
-35
-43
-33
-34
-20
-28
-28
-25
-27
-14
-34
-37
-49
-22
-42
-41
-36
-46
-48
-53
-53
-65
-48
-48
-57
-68
-69
-58
-59
-57
-51
-53
-59
-61
-42
-42
-44
-58
-60
-56
-43
-57
-65
-42
-53
-47
-44
-45
-43
-41
-36
-31
-24
-29
-33
-39
-41
-22
-26
-26
-27
-40
-34
-29
-27
-32
-21
2
-8
-24
-14
-6
-14
-28
-19
-12
5
0
-14
-6
-2
5
0
-9
-15
5
4
-14
-27
-17
-15
-32
-24
-23
-6
-9
-18
-20
-12
-29
-19
-1
-24
-18
-13
-5
-15
-11
-14
-13
-15
-6
5
-8
-8
5
-4
-9
17
-5
-14
2
0
-3
-13
-3
4
-11
-14
5
2
3
0
19
11
-3
-3
-9
11
17
22
9
-2
13
-4
-5
-5
0
-15
-12
-3
-14
-8
-3
-15
-6
9
-6
-10
-6
8
-20
3
21
5
11
6
10
6
4
3
10
23
12
5
7
6
20
28
31
14
16
19
14
34
40
48
31
40
43
42
28
44
51
31
19
21
30
29
44
31
24
30
27
19
11
24
11
12
27
7
27
21
4
7
-1
13
23
14
23
11
12
27
16
30
9
30
43
27
25
15
22
26
27
39
44
33
36
46
45
48
34
33
51
34
40
28
40
48
34
32
37
40
30
38
36
22
26
26
30
26
23
7
31
13
8
11
25
18
6
29
21
39
43
22
16
26
27
35
22
22
33
47
22
47
35
36
31
19
24
27
31
25
19
22
23
22
40
33
19
27
35
20
22
22
15
4
12
8
5
18
17
-1
6
3
-14
-11
-9
-13
-3
-10
-12
-6
-22
-9
-3
-26
-6
-8
-17
-24
-26
-20
-30
-21
-23
-1
-11
-20
-19
-18
-1
-16
-17
-25
-23
-5
-13
-23
-13
-12
-1
-7
-17
-16
-6
-6
-9
9
-1
6
3
3
-2
-4
5
2
0
-3
-23
-34
-29
-21
-31
-16
-30
-36
-20
-32
-37
-43
-36
-37
-42
-35
-21
-34
-26
-13
-25
-37
-30
-38
-18
-34
-26
-23
-36
-31
-26
-36
-25
-24
-28
-19
-34
-31
-36
-48
-30
-14
-28
-32
-11
-18
-14
-13
-20
-27
-19
-19
-30
-20
-20
-30
-30
-13
-24
-19
-36
-30
-18
-29
-34
-41
-40
-48
-33
-15
-18
-34
-33
-23
-32
-31
-25
-21
-23
-32
-29
-26
-26
-24
-17
-23
-37
-32
-12
-29
-19
-22
-32
-26
-32
-32
-29
-31
-34
-30
-36
-38
-35
-29
-16
1
3
-14
-18
2
12
9
12
-14
-16
2
4
-7
-2
-12
-9
-13
-21
16
-8
-6
-12
-14
-18
-15
-18
-15
-13
-11
1
-21
-20
-25
-34
-25
-33
-29
-31
-24
-18
-37
-18
-15
-13
-19
-9
3
0
-12
0
-4
-2
13
-1
-2
0
10
5
-1
19
-2
1
8
-7
6
-1
-8
-6
2
7
-4
3
4
1
6
0
12
-2
15
8
3
2
-12
3
3
-12
-17
6
-4
7
0
5
7
5
12
6
8
12
28
6
10
18
11
11
15
19
21
16
-4
0
-13
-3
17
-6
0
14
16
14
10
11
6
-1
-3
3
-10
-4
-4
-11
-3
1
5
7
10
0
-3
13
14
11
-3
17
1
-4
-3
-11
-7
-7
0
11
10
-20
10
7
2
2
-1
-13
1
3
0
1
-2
5
-2
5
-4
-14
-3
2
-3
1
17
20
7
21
10
15
26
19
37
28
18
32
38
47
33
35
39
30
34
26
19
14
16
22
26
14
7
24
20
27
26
22
22
24
29
16
17
18
18
11
31
14
10
2
3
8
11
19
-1
3
-2
-17
-20
-20
-19
-14
-11
-11
-21
-14
-26
-25
-20
-17
-29
-21
-18
-13
-14
-9
-4
-7
-3
-23
1
-3
-10
-10
-11
4
-6
-11
-13
-4
1
0
13
-7
7
-9
2
3
-6
3
6
3
-11
-9
-2
4
-10
-13
-19
-15
-19
-21
-23
-19
5
-9
-27
-15
-8
-15
-17
-16
-14
-25
-20
-28
-19
-32
-42
-37
-42
-29
-32
-34
-31
-14
-31
-30
-27
-12
-21
-32
-16
-25
-15
-8
-23
-17
-8
-21
-30
-26
-13
-6
-15
-14
-11
-2
-13
-22
-12
-6
-1
-13
-23
-27
-10
-19
-12
-17
-31
-13
-18
-10
-21
-15
-10
-29
-30
-25
-18
-28
-42
-34
-45
-54
-33
-27
-28
-40
-31
-31
-21
-10
-29
-25
-17
-13
-31
-37
-14
-38
-38
-24
-19
-15
-19
-20
-19
-20
-3
-13
-11
-20
-31
-20
-25
-14
-23
-26
-29
-24
-7
-32
-33
-21
-29
-17
-22
-28
-40
-43
-29
-17
-24
-29
-26
-22
-32
-17
-15
-28
-39
-21
-16
-26
-20
-27
-26
-48
-31
-43
-40
-30
-41
-31
-23
-28
-21
-15
-7
-13
-4
-2
-10
-25
-18
7
2
5
7
10
-2
15
21
-4
6
18
18
9
24
41
23
11
25
16
23
31
38
29
11
33
40
24
30
15
20
28
16
24
19
25
29
27
40
26
27
45
41
38
27
33
43
44
35
50
57
48
29
25
17
23
23
24
37
25
22
45
17
26
20
29
32
7
6
4
19
9
26
21
36
18
2
10
6
9
4
10
-10
0
4
-14
-9
-6
-12
11
-5
-6
-2
0
2
2
-2
-10
3
1
-4
6
-8
-4
9
5
7
4
10
6
13
8
5
5
2
16
6
-1
-2
0
2
-4
-12
-7
-1
3
-9
-12
-9
-6
2
2
2
3
1
-11
3
9
3
2
3
12
6
3
2
-15
-10
-15
-10
-3
-14
-35
-36
-30
-37
-34
-31
-30
-24
-16
-11
-4
-19
-9
-9
-13
-23
-33
-12
-35
-44
-33
-23
-22
-25
-24
-23
-29
-35
-40
-44
-29
-27
-31
-32
-38
-40
-37
-26
-38
-29
-29
-35
-34
-36
-37
-39
-17
-19
-40
-38
-41
-29
-26
-47
-37
-45
-49
-43
-30
-38
-29
-24
-45
-30
-33
-29
-28
-40
-35
-18
-30
-31
-26
-32
-44
-26
-29
-28
-29
-42
-26
-33
-27
-33
-35
-47
-29
-32
-41
-42
-38
-45
-39
-24
-42
-26
-51
-41
-52
-53
-45
-57
-51
-56
-42
-37
-21
-45
-43
-34
-37
-45
-54
-42
-40
-45
-45
-40
-30
-29
-51
-44
-39
-27
-25
-35
-35
-25
-37
-24
-25
-27
-22
-28
-16
-23
-13
-21
-11
-9
-15
-16
-27
-13
-19
-19
-20
-11
-2
-8
2
7
4
14
-6
1
5
-4
19
9
8
5
27
18
5
13
16
16
21
15
24
27
14
8
10
18
29
31
29
38
27
31
43
31
36
31
34
27
28
18
20
26
20
26
34
39
30
19
35
31
6
26
29
28
27
35
45
23
25
29
22
13
20
12
12
8
7
13
4
23
19
6
0
16
4
7
10
11
14
6
12
9
16
14
8
5
20
27
25
29
27
17
26
45
32
35
28
22
21
21
19
27
33
24
33
34
23
24
39
21
33
27
19
28
33
38
30
36
37
41
47
50
54
44
50
52
48
56
49
31
31
42
47
50
8
23
42
20
19
37
44
35
53
36
39
48
49
35
30
28
33
32
29
35
32
51
42
33
36
36
26
16
23
23
13
15
29
18
18
32
16
32
21
23
54
29
45
51
36
36
40
36
46
57
42
48
47
46
46
42
32
36
32
23
25
31
26
24
27
39
30
23
35
32
28
29
34
33
47
32
23
40
54
60
45
46
41
51
62
48
59
44
54
34
50
41
27
49
37
37
29
33
29
45
36
51
50
27
45
33
32
23
31
28
15
14
26
25
9
3
-12
-6
-3
3
-7
-2
-3
-5
-1
11
16
16
14
28
32
15
24
16
15
16
8
21
2
9
10
14
11
18
12
11
1
12
15
1
11
14
18
10
17
22
25
23
20
24
15
19
19
22
36
36
49
29
35
30
23
21
25
30
15
25
27
26
32
30
22
28
38
44
18
24
32
16
31
20
39
25
22
38
28
17
14
6
5
16
17
19
12
-1
-5
4
9
4
7
18
-5
8
2
1
2
6
9
8
19
19
14
24
24
15
9
14
10
10
5
4
12
13
15
-7
2
-8
-6
-15
0
2
-7
-8
-8
1
-6
4
-6
9
3
15
13
7
9
13
29
22
21
23
17
23
20
21
29
34
37
20
49
48
44
50
50
51
48
56
51
47
43
57
66
63
74
74
82
79
74
78
62
70
70
68
67
80
78
76
66
64
70
62
56
59
70
62
70
51
56
61
54
38
48
57
54
55
44
50
53
50
55
39
40
49
51
45
53
47
51
46
55
45
50
68
47
37
35
48
30
46
41
36
53
47
26
29
41
42
55
56
48
29
46
46
44
66
58
49
54
54
38
47
39
41
40
47
32
46
53
51
63
61
56
52
62
46
64
73
47
51
60
64
72
57
55
60
65
58
59
58
55
65
57
67
63
74
64
62
61
44
74
73
75
63
54
62
52
61
52
53
31
47
49
54
51
54
40
47
49
33
39
37
37
27
35
29
40
40
44
49
28
43
41
36
34
56
54
45
55
58
60
49
59
49
50
38
50
47
32
40
59
42
25
28
30
39
19
36
30
21
18
10
15
30
11
20
30
27
15
27
28
20
29
17
1
0
-7
21
18
7
20
12
4
-6
5
9
-13
-10
9
0
-27
-21
-11
-20
-4
-19
-19
-2
-11
-20
-6
-21
-23
-12
-22
-9
-19
-27
-10
-23
-27
-16
-21
-35
-18
-14
-21
-25
-20
-15
-24
-14
-34
-20
5
-26
-15
-35
-36
-20
-20
-24
-13
-14
-26
-20
-15
-22
-19
-20
-22
-16
-37
-20
-21
-19
-21
-23
-15
-30
-29
-14
-18
-13
-15
-8
-7
-12
-18
-29
-15
-11
-17
-24
-13
-21
-16
-12
-11
-30
-37
-33
-32
-9
-11
-22
-14
-24
-36
-11
-12
-18
-16
-21
-20
-8
8
-1
-12
-13
-12
-11
-4
-17
-15
-11
-4
-8
-25
-21
-18
-13
-21
-8
-33
-13
-23
-11
-3
-2
8
-16
-10
-23
-16
-29
-22
-15
-5
-15
-22
-10
-11
-10
-18
-2
1
-2
-16
5
-1
-9
11
-6
7
13
1
21
10
5
19
7
13
11
27
35
20
29
32
28
17
24
24
26
32
41
20
20
25
15
10
20
33
29
29
40
30
29
56
37
26
32
32
28
28
26
36
40
35
50
47
33
35
36
41
19
23
39
30
36
31
26
23
35
36
29
36
25
31
36
50
35
34
31
27
30
18
38
42
36
30
22
37
28
23
8
28
27
23
27
18
16
10
20
5
14
15
2
2
24
16
20
20
6
3
18
23
11
18
38
25
30
41
25
34
43
32
30
23
21
26
18
27
21
27
25
17
3
9
6
4
14
23
15
8
12
5
10
12
-1
-3
1
5
12
14
17
9
0
-4
9
9
0
5
0
-6
-3
-12
-6
-12
-22
-4
-13
-20
-5
-18
-4
-22
-38
-22
-23
-25
-17
-24
-23
-19
-14
-26
-28
-18
0
-9
-28
-22
-16
-30
-35
-16
-31
-19
-22
-17
-27
-22
-23
-22
-12
-9
-17
-21
-6
-14
-19
-4
-3
1
-9
-13
-16
-14
-11
-28
-21
-35
-26
-22
-26
-20
-32
-16
-10
-16
-11
-19
-11
-13
-3
-14
-21
-18
-19
2
4
5
1
10
-4
3
11
6
6
5
6
6
-6
3
-1
-10
-3
11
12
3
8
4
19
13
-10
-4
0
2
-12
-6
-19
6
-6
-11
0
-12
-5
-2
-2
0
-8
-22
13
7
15
20
6
9
12
14
7
6
1
19
15
20
40
17
16
7
11
16
17
18
15
3
-2
15
15
16
14
20
18
11
36
29
23
36
37
39
30
29
50
34
39
43
30
46
37
47
39
34
51
38
42
43
33
47
47
43
26
37
41
30
30
23
33
15
12
31
27
27
17
13
18
23
32
24
17
24
15
7
24
41
37
17
23
22
36
56
45
34
38
51
41
37
47
34
42
38
46
48
40
37
41
54
56
50
54
66
39
43
48
54
48
50
61
47
68
51
49
53
59
45
39
37
36
31
45
45
48
61
33
51
36
24
21
36
34
22
36
33
20
28
45
37
31
12
22
17
21
29
28
20
30
20
7
18
12
19
9
30
17
18
18
27
24
2
20
31
19
6
29
22
20
25
25
39
17
6
10
8
18
27
14
26
25
8
19
23
4
12
28
18
35
48
40
30
37
47
24
32
32
24
31
40
42
