-32
-29
-33
-41
-28
-41
-38
-44
-39
-38
-37
-24
-31
-24
-24
-39
-39
-32
-33
-7
-25
-40
-23
-32
-24
-29
-13
-23
-29
-5
-26
-22
-36
-40
-35
-15
-24
-23
-28
-24
-20
-38
-31
-37
-27
-25
-17
-33
-29
-18
-30
-31
-28
-35
-24
-30
-35
-14
-26
-10
-25
-27
-12
-28
-23
-29
-28
-36
-32
-30
-23
-26
-12
-16
-25
-36
-44
-27
-28
-30
-27
-34
-29
-15
-25
-31
-39
-38
-35
-40
-34
-35
-37
-31
-19
-26
-41
-37
-31
-28
-29
-20
-21
-35
-31
-47
-29
-35
-39
-43
-41
-57
-52
-31
-36
-43
-63
-62
-44
-19
-20
-36
-31
-41
-48
-44
-41
-30
-24
-16
-28
-32
-43
-38
-48
-42
-20
-20
-18
-21
-35
-40
-39
-32
-34
-24
-18
-28
-24
-32
-24
-19
-30
-35
-27
-23
-30
-27
-34
-39
-41
-31
-30
-25
-30
-16
-8
-30
-22
-28
-34
-34
-20
-31
-43
-43
-31
-39
-55
-46
-39
-40
-39
-33
-29
-33
-32
-37
-33
-42
-41
-31
-49
-38
-48
-26
-31
-37
-33
-46
-31
-30
-31
-30
-45
-37
-30
-36
-20
-12
-9
-24
-16
-13
-7
-17
-18
-15
-14
-6
-14
1
1
-3
-4
4
-4
0
9
-6
10
11
16
11
22
2
4
11
4
4
4
6
-3
-4
-2
7
-1
8
2
-10
-7
5
16
16
0
3
4
7
1
0
5
7
23
13
14
19
25
14
24
21
6
14
29
25
27
10
21
1
10
11
7
27
6
22
24
11
15
24
11
9
8
27
30
20
27
28
38
33
37
21
19
35
18
9
22
42
38
28
18
29
34
43
51
32
35
33
27
21
31
40
32
37
31
15
20
29
25
38
47
42
46
41
39
50
27
32
33
23
38
33
37
24
37
59
31
28
17
22
32
24
38
22
25
28
16
23
25
24
21
27
29
37
35
42
35
36
32
19
17
12
12
10
21
7
20
22
-1
26
15
16
19
3
14
24
10
29
8
5
14
7
13
18
18
7
13
10
6
6
28
12
16
12
2
17
9
-3
-2
-11
-1
13
8
9
-9
15
17
-2
4
12
16
15
10
5
1
5
4
17
21
14
11
24
10
-1
22
14
17
9
1
10
10
13
28
17
19
9
12
12
2
13
9
16
14
-2
13
15
21
25
27
30
28
16
13
38
37
26
30
19
30
26
33
23
12
37
19
19
16
6
29
16
15
25
18
26
16
14
15
17
22
31
30
19
13
18
19
15
6
14
29
10
14
9
13
10
18
29
14
16
8
11
8
13
27
34
25
23
11
15
26
20
36
30
35
24
13
21
23
20
27
30
31
41
14
31
34
23
37
18
39
24
26
28
31
36
32
30
47
54
33
56
40
41
44
50
50
49
56
79
65
66
86
81
68
64
60
66
65
63
69
60
47
73
65
62
70
51
64
57
53
57
45
56
63
52
56
32
43
51
52
71
53
49
54
51
40
30
49
42
53
46
38
34
33
29
28
48
29
29
36
36
46
44
38
35
28
37
46
19
32
25
31
22
6
26
28
34
29
28
33
18
15
22
31
27
32
19
17
34
24
17
10
19
16
6
10
-4
1
2
12
23
3
1
5
4
1
16
20
-2
2
9
8
-5
7
4
4
26
26
18
11
18
10
13
18
14
15
3
17
4
11
5
6
4
22
37
25
25
12
29
21
15
14
30
29
8
14
10
14
-10
-10
-9
-2
11
-13
6
-4
-7
-6
-13
-24
-15
-7
-8
-5
-12
-3
-19
-22
-7
-7
-12
-8
-8
-13
0
-3
-7
0
1
2
-5
-5
2
-14
-7
8
-15
-8
-4
7
9
7
10
14
-7
-2
12
4
7
-7
-3
6
-4
-1
5
10
18
10
5
13
6
14
16
16
33
14
17
11
6
28
24
11
37
30
16
13
7
30
15
21
25
37
34
24
32
36
29
29
32
43
55
50
54
42
46
40
36
42
42
46
57
45
55
54
60
59
49
64
62
56
54
45
44
62
48
47
56
60
52
63
55
44
55
63
48
48
57
70
63
67
70
64
66
57
68
65
68
62
59
50
54
58
61
47
62
53
65
64
60
75
65
74
67
80
69
65
78
81
70
76
84
71
75
73
83
80
71
70
66
86
84
83
91
82
60
76
83
75
85
84
99
79
93
76
76
97
92
83
97
103
94
103
90
93
84
89
105
89
91
103
85
91
99
84
95
86
83
89
93
91
98
93
91
96
82
89
87
91
97
84
80
96
83
76
96
90
92
82
91
82
86
93
95
103
95
93
83
92
83
84
83
68
73
72
78
75
80
72
71
75
74
84
69
98
90
64
72
66
68
63
64
77
71
95
92
70
77
63
77
64
66
62
64
77
60
53
68
65
54
56
53
60
67
61
67
71
59
64
38
41
59
54
49
48
47
53
46
35
39
39
40
48
41
47
42
55
49
30
29
26
22
25
30
20
15
8
17
13
8
3
5
12
20
8
-3
13
2
-1
13
0
4
10
5
15
15
6
-2
-8
-1
2
10
4
-3
2
9
9
13
9
7
19
0
9
21
21
18
12
9
-12
7
11
4
2
-20
1
3
-2
-16
-2
-6
-14
5
-2
-13
7
13
-10
20
12
5
10
3
11
12
12
4
-4
0
10
15
21
20
15
26
28
16
20
21
15
22
6
9
11
12
14
-4
-14
6
6
19
13
13
4
-4
17
11
-8
6
5
17
29
19
28
6
12
11
10
12
20
29
20
8
14
24
15
27
23
25
18
15
36
29
22
29
43
41
30
29
33
26
22
30
22
17
16
30
36
34
26
20
35
35
55
48
37
49
53
40
25
32
31
39
32
29
32
40
33
34
29
36
36
32
23
29
38
37
43
47
23
34
39
35
40
24
23
14
31
37
26
37
33
27
30
29
49
68
60
50
50
60
70
60
38
47
50
55
54
46
54
68
69
57
48
53
64
66
63
71
69
63
80
81
58
66
57
56
70
57
61
54
53
67
52
51
69
58
81
60
68
75
66
67
47
69
64
74
70
60
52
49
55
58
46
51
64
52
57
47
47
59
56
44
50
44
52
51
39
51
61
61
51
54
47
48
56
47
51
46
51
46
56
55
53
55
35
25
33
40
34
41
40
38
29
29
43
36
57
52
47
30
46
60
62
54
35
38
46
52
29
29
28
31
36
31
41
38
32
34
48
47
49
46
49
47
44
43
38
46
46
49
44
37
52
62
58
61
58
61
56
61
68
60
52
57
73
61
65
65
82
80
56
48
51
59
53
65
62
58
50
54
63
53
58
43
32
64
56
46
34
36
22
31
52
30
26
21
34
33
30
27
19
41
39
47
40
32
32
22
31
32
24
23
33
29
37
48
43
30
49
44
34
26
29
43
40
47
57
38
44
45
44
51
34
40
34
45
30
51
39
45
39
28
47
38
40
42
42
37
39
44
42
41
50
47
55
49
44
52
51
46
42
35
65
59
51
60
58
63
49
59
58
50
56
66
67
65
68
62
68
53
53
67
62
78
72
65
71
72
65
78
64
69
73
80
56
71
71
52
70
64
72
74
69
65
78
83
58
58
65
62
70
65
63
73
75
64
57
63
72
69
80
76
69
65
78
73
59
71
64
63
56
52
59
59
58
76
74
68
67
61
47
52
60
47
60
69
57
53
58
63
70
71
71
58
72
70
63
70
75
64
63
65
54
67
57
41
58
67
71
68
65
64
63
54
66
77
74
66
77
72
61
74
70
72
64
70
79
74
70
65
63
57
68
76
67
62
60
67
57
56
70
51
55
66
58
53
52
53
61
52
44
61
61
60
58
59
66
53
61
65
58
51
70
86
70
65
64
69
67
64
66
69
64
66
64
60
64
70
74
62
82
82
72
76
78
71
72
85
78
77
85
94
76
93
100
92
91
90
85
84
78
82
84
73
75
77
74
74
77
84
97
72
71
74
72
95
93
80
94
78
71
73
80
73
76
72
68
78
59
59
54
71
72
84
73
72
77
61
81
85
76
67
77
70
73
73
57
46
51
47
58
84
69
62
70
73
61
66
70
67
70
72
72
68
48
71
62
61
66
58
61
58
76
46
55
61
58
49
48
56
39
49
50
37
38
44
30
28
41
25
38
28
23
22
20
23
21
16
11
15
13
20
7
30
29
16
24
15
17
24
21
0
17
11
12
21
12
14
13
17
7
6
12
28
23
34
38
28
30
20
22
26
31
20
22
39
33
23
21
30
34
39
30
16
37
29
11
28
42
39
23
33
29
33
13
19
16
20
20
7
24
20
14
10
6
1
2
13
-5
-2
-2
5
18
-2
-5
3
7
1
-1
10
12
12
3
2
20
9
3
3
-2
18
9
9
19
-2
4
5
5
8
1
1
14
8
10
6
-1
7
3
-6
2
8
1
-8
10
2
-1
8
8
4
1
15
11
17
20
24
14
11
29
17
19
23
1
0
18
14
12
15
23
21
38
14
30
29
26
34
25
24
22
33
31
46
28
36
30
46
30
24
32
28
30
26
27
36
42
43
28
35
45
35
49
39
53
48
56
64
56
41
39
51
44
54
49
54
54
44
53
49
43
49
50
62
46
51
58
50
52
39
42
54
54
41
59
51
44
63
70
57
42
69
73
54
53
59
64
68
66
50
45
58
49
66
66
62
64
71
74
57
68
56
63
67
75
70
63
69
72
70
74
80
65
71
74
81
68
76
65
58
50
56
60
57
52
41
65
64
67
57
57
62
52
39
35
43
38
44
39
37
43
36
34
34
35
36
44
37
53
37
40
43
30
33
34
51
48
46
31
32
43
33
37
42
41
30
28
33
32
18
38
32
18
37
25
21
28
15
16
19
18
16
12
32
35
-4
6
22
27
18
20
20
10
0
7
6
0
-1
-3
7
14
8
7
5
15
6
0
10
12
9
11
18
11
16
11
19
6
-3
11
14
12
2
-18
7
-23
-24
-14
-10
-5
-23
-18
-24
-30
-34
-24
-19
-14
-15
-30
-12
-23
-20
-16
-24
-31
-25
-18
-24
-18
-28
-35
-45
-24
-38
-45
-22
-22
-42
-44
-26
-37
-43
-36
-39
-51
-36
-41
-50
-55
-42
-40
-47
-43
-49
-47
-52
-38
-34
-24
-29
-26
-15
-19
-22
-11
-28
-24
-26
-11
-21
-36
-16
-36
-32
-18
-24
-19
-35
-41
-38
-25
-37
-43
-37
-38
-32
-42
-35
-50
-50
-27
-41
-24
-25
-39
-17
-22
-18
-17
-31
-39
-31
-22
-28
-19
-31
-44
-27
-27
-32
-31
-22
-27
-32
-31
-34
-33
-26
-25
-18
-9
-26
-7
-12
-20
-12
-26
-5
7
0
-1
7
-12
-7
-11
13
-5
-2
0
-12
8
1
5
4
4
2
-5
-4
4
8
-6
-10
9
-2
0
2
0
2
8
5
8
22
20
17
9
16
28
13
22
3
15
20
17
12
6
10
25
28
10
20
11
35
21
25
27
7
21
17
16
14
9
10
13
20
16
22
16
0
19
8
-16
-7
-10
-14
-8
-3
7
1
7
-8
-3
-8
9
12
8
12
0
-2
-8
-3
-14
8
0
2
13
-8
-14
-22
-6
-18
-23
-18
-24
-27
-16
-10
-13
-14
-22
-12
-7
-10
-26
-24
-18
-17
-10
-1
-11
2
-18
-23
0
1
-10
-28
-18
-21
-26
-8
-17
-24
-22
-26
-27
-24
-19
-20
-42
-41
-43
-40
-41
-51
-28
-41
-44
-50
-35
-46
-43
-38
-40
-31
-47
-43
-42
-36
-29
-48
-43
-42
-52
-50
-43
-33
-38
-48
-44
-37
-51
-63
-51
-61
-83
-60
-58
-52
-62
-70
-51
-50
-65
-62
-70
-63
-75
-61
-56
-62
-54
-74
-75
-76
-81
-71
-66
-64
-69
-64
-66
-61
-62
-72
-65
-67
-84
-84
-67
-77
-76
-81
-78
-82
-91
-89
-75
-81
-79
-84
-83
-64
-65
-76
-71
-68
-63
-61
-86
-80
-87
-69
-75
-84
-79
-78
-76
-83
-76
-72
-55
-65
-68
-71
-71
-77
-82
-78
-85
-86
-78
-96
-74
-80
-81
-70
-85
-82
-84
-85
-80
-76
-75
-67
-73
-74
-61
-70
-58
-62
-70
-57
-72
-61
-55
-61
-62
-68
-74
-80
-64
-70
-62
-63
-71
-56
-64
-54
-59
-55
-58
-63
-54
-76
-59
-60
-62
-64
-52
-49
-75
-53
-62
-48
-44
-60
-58
-67
-59
-61
-56
-53
-61
-46
-49
-48
-48
-46
-41
-56
-54
-45
-50
-71
-62
-57
-46
-40
-43
-36
-48
-49
-47
-47
-55
-55
-56
-64
-47
-51
-55
-51
-49
-51
-38
-31
-48
-50
-52
-48
-47
-35
-34
-43
-19
-37
-49
-43
-20
-20
-43
-33
-38
-28
-23
-21
-18
-19
-26
-5
-31
-27
-5
-9
12
3
0
-4
-9
-2
-1
-12
-12
-1
-13
-9
-6
-8
-16
-2
2
-10
-10
-6
-7
-21
-20
-17
-8
-27
-37
-32
-32
-29
-33
-32
-35
-30
-26
-21
-16
-15
-13
-32
-39
-26
-19
-32
-18
-15
-24
-26
-25
-24
-21
-32
-37
-45
-39
-34
-39
-27
-34
-38
-40
-36
-33
-45
-41
-46
-55
-33
-49
-40
-41
-57
-49
-56
-57
-63
-47
-48
-45
-62
-60
-60
-62
-62
-66
-53
-66
-64
-50
-47
-39
-44
-55
-43
-60
-67
-70
-64
-48
-57
-43
-35
-31
-33
-37
-52
-51
-51
-52
-63
-42
-51
-58
-44
-41
-45
-71
-50
-54
-69
-60
-69
-62
-52
-48
-48
-56
-66
-67
-64
-57
-63
-67
-67
-69
-62
-69
-61
-77
-76
-71
-90
-84
-83
-84
-71
-93
-95
-90
-100
-99
-91
-83
-74
-88
-83
-82
-83
-81
-67
-70
-86
-84
-97
-80
-79
-77
-74
-85
-79
-83
-86
-98
-79
-78
-82
-66
-67
-74
-77
-85
-71
-72
-86
-69
-70
-69
-70
-72
-76
-73
-63
-51
-57
-56
-56
-73
-70
-66
-76
-80
-65
-64
-62
-65
-60
-87
-84
-72
-78
-83
-78
-76
-88
-64
-80
-72
-90
-81
-74
-68
-62
-56
-65
-79
-67
-76
-53
-57
-74
-73
-68
-76
-80
-72
-66
-75
-64
-64
-64
-74
-74
-59
-62
-67
-70
-71
-71
-60
-61
-60
-55
-47
-54
-50
-58
-58
-46
-58
-61
-53
-65
-66
-57
-70
-46
-47
-47
-51
-44
-30
-43
-61
-30
-37
-61
-38
-54
-44
-37
-47
-58
-45
-44
-45
-46
-56
-40
-52
-53
-60
-72
-77
-63
-54
-70
-82
-70
-63
-68
-76
-83
-81
-83
-83
-74
-64
-77
-77
-69
-70
-68
-63
-78
-62
-81
-72
-70
-83
-65
-74
-52
-72
-72
-68
-64
-45
-45
-57
-72
-55
-53
-56
-48
-43
-55
-63
-63
-49
-62
-60
-52
-59
-48
-55
-48
-58
-57
-66
-72
-37
-48
-53
-55
-57
-56
-56
-56
-46
-42
-51
-53
-58
-54
-52
-59
-45
-52
-63
-47
-53
-41
-57
-51
-47
-44
-55
-68
-46
-58
-51
-62
-57
-68
-63
-44
-53
-65
-58
-36
-68
-66
-56
-54
-44
-43
-36
-50
-45
-33
-32
-41
-51
-45
-46
-42
-54
-55
-47
-38
-44
-51
-53
-43
-35
-49
-37
-40
-28
-21
-30
-23
-30
-37
-34
-32
-30
-33
-38
-37
-30
-30
-32
-26
-36
-29
-25
-24
-22
-35
-30
-44
-36
-23
-36
-43
-34
-19
-35
-38
-38
-39
-42
-43
-39
-33
-41
-42
-44
-48
-41
-47
-42
-45
-43
-56
-37
-31
-47
-46
-43
-44
-41
-36
-34
-46
-46
-44
-54
-54
-49
-34
-31
-44
-36
-24
-42
-39
-54
-43
-36
-42
-33
-52
-47
-46
-52
-71
-61
-52
-43
-56
-65
-60
-88
-56
-67
-68
-62
-54
-52
-77
-74
-81
-63
-78
-82
-76
-93
-88
-72
-62
-65
-75
-79
-77
-86
-77
-74
-93
-82
-81
-82
-80
-82
-87
-73
-69
-76
-68
-75
-76
-78
-90
-81
-68
-82
-76
-69
-76
-75
-85
-83
-65
-69
-73
-79
-88
-79
-80
-82
-80
-90
-97
-82
-112
-113
-101
-107
-97
-102
-79
-100
-91
-90
-99
-83
-90
-86
-85
-71
-103
-113
-94
-85
-97
-94
-93
-100
-92
-89
-93
-86
-83
-97
-95
-90
-86
-105
-90
-91
-91
-83
-77
-82
-85
-80
-70
-76
-65
-62
-75
-79
-65
-70
-75
-69
-65
-61
-69
-76
-65
-68
-60
-61
-69
-57
-79
-77
-70
-68
-72
-75
-74
-71
-70
-64
-66
-64
-65
-55
-71
-72
-60
-76
-58
-68
-74
-69
-79
-82
-78
-75
-66
-58
-52
-62
-72
-71
-61
-68
-51
-60
-65
-68
-67
-60
-67
-58
-59
-69
-61
-44
-56
-75
-55
-44
-75
-50
-46
-53
-40
-50
-42
-45
-35
-38
-37
-28
-44
-49
-43
-30
-29
-37
-46
-38
-43
-35
-23
-37
-44
-33
-41
-40
-41
-45
-14
-27
-25
-23
-28
-22
-20
-3
-8
-17
-20
-12
-8
-13
-19
-9
-20
-27
-7
-14
-22
-17
-10
-17
-12
-18
-27
-8
-17
-2
7
-17
-7
1
-10
-11
-13
-15
5
-8
-14
-16
-21
-22
-10
-13
-18
-25
-22
-13
-8
-22
-27
-16
-3
-3
-5
-5
-23
-5
-12
-7
-22
-26
-27
-37
-9
-42
-21
-20
-23
-20
-28
-19
-41
-25
-44
-39
-40
-34
-24
-15
-16
-18
-16
-16
-21
-31
-27
-21
-3
-28
-23
-34
-45
-37
-43
-30
-19
-21
-28
-25
-26
-27
-33
-26
-41
-34
-33
-38
-21
-27
-26
-32
-26
-21
-26
-38
-35
-33
-33
-25
-30
-37
-45
-32
-41
-34
-23
-28
-31
-34
-24
-33
-30
-22
-32
-47
-38
-43
-34
-35
-33
-18
-35
-36
-49
-36
-32
-47
-38
-45
-45
-45
-47
-37
-49
-49
-49
-51
-66
-61
-58
-77
-66
-63
-67
-51
-61
-58
-64
-53
-60
-72
-55
-73
-78
-87
-85
-83
-90
-82
-84
-73
-60
-81
-82
-78
-84
-83
-69
-72
-65
-68
-85
-76
-82
-68
-64
-69
-51
-58
-76
-63
-84
-73
-77
-77
-72
-73
-68
-80
-63
-66
-68
-67
-70
-68
-63
-54
-60
-70
-68
-73
-71
-72
-78
-80
-71
-82
-70
-74
-85
-72
-84
-85
-105
-93
-84
-95
-88
-97
-97
-89
-100
-84
-90
-101
-89
-97
-104
-91
-98
-104
-98
-103
-94
-89
-85
-102
-108
-100
-108
-114
-102
-122
-96
-75
-89
-77
-90
-87
-88
-78
-79
-93
-69
-82
-85
-79
-86
-107
-95
-92
-101
-95
-114
-88
-89
-94
-98
-88
-88
-74
-88
-71
-67
-77
-83
-73
-53
-54
-62
-61
-58
-54
-34
-46
-64
-57
-57
-55
-62
-49
-40
-62
-47
-47
-54
-50
-45
-46
-44
-44
-50
-45
-57
-59
-44
-38
-50
-50
-41
-46
-38
-37
-44
-37
-31
-35
-38
-38
-19
-41
-38
-38
-40
-49
-56
-45
-44
-39
-45
-39
-32
-29
-46
-28
-33
-33
-25
-20
-34
-30
-18
-37
-40
-22
-17
-27
-22
-36
-16
-21
-28
-40
-35
-20
-24
-37
-43
-23
-23
-24
-34
-38
-36
-42
-46
-37
-37
-49
-31
-23
-38
-45
-41
-7
-18
-21
-17
-8
8
-1
-12
6
2
-23
7
7
2
-1
-1
-9
-9
-3
-16
-11
-1
-10
-8
1
-6
3
9
7
-4
-7
-10
-2
-3
-13
-7
1
12
-6
-9
-3
-2
10
2
-15
-14
-13
-18
-10
-8
-8
-11
3
-17
-23
-20
-26
-17
-27
-34
-20
-23
-42
-43
-44
-36
-46
-57
-51
-56
-42
-60
-67
-63
-67
-66
-74
-95
-96
-98
-89
-88
-101
-107
-103
-101
-119
-105
-114
-111
-111
-114
-99
-107
-96
-112
-117
-125
-108
-105
-106
-91
-98
-96
-105
-93
-88
-96
-79
-94
-87
-88
-82
-76
-77
-63
-55
-54
-66
-66
-64
-57
-47
-50
-42
-39
-57
-56
-40
-32
-46
-21
-15
-16
-24
-24
-4
-16
-36
-38
-33
-42
-24
-39
-37
-35
-63
-45
-60
-57
-64
-84
-79
-68
-70
-95
-100
-95
-122
-117
-132
-147
-143
-157
-165
-167
-168
-176
-176
-209
-197
-203
-200
-207
-227
-234
-232
-239
-245
-231
-229
-238
-269
-257
-240
-259
-261
-257
-249
-256
-257
-214
-235
-234
-224
-225
-220
-211
-200
-195
-187
-182
-172
-163
-150
-141
-121
-113
-105
-81
-75
-62
-37
-34
-23
6
13
32
53
64
79
96
116
120
127
144
151
173
188
208
215
214
248
262
261
260
271
266
265
257
241
222
198
164
143
113
82
48
-8
-50
-96
-141
-184
-232
-272
-300
-342
-365
-392
-401
-394
-407
-426
-436
-453
-472
-480
-473
-493
-492
-480
-489
-490
-498
-501
-497
-517
-500
-508
-493
-462
-467
-443
-430
-419
-404
-388
-376
-366
-342
-303
-285
-257
-240
-205
-162
-133
-102
-80
-41
-28
1
21
45
70
115
141
172
215
225
269
285
321
362
393
448
490
514
558
588
618
662
697
728
747
742
733
706
664
634
569
502
445
391
326
275
211
148
85
20
-47
-109
-170
-216
-263
-317
-348
-398
-418
-403
-408
-380
-369
-358
-362
-361
-349
-342
-325
-335
-319
-311
-313
-317
-309
-303
-312
-313
-312
-292
-280
-262
-245
-236
-232
-226
-215
-202
-207
-208
-208
-199
-196
-185
-191
-189
-190
-165
-135
-152
-130
-134
-109
-103
-123
-116
-105
-92
-84
-71
-73
-65
-63
-35
-39
-25
-24
-21
-10
-13
7
5
-6
-7
-9
-32
-33
-39
-39
-66
-71
-72
-68
-85
-83
-85
-83
-76
-83
-75
-66
-44
-34
5
19
54
87
113
142
178
237
284
344
402
459
514
534
579
596
609
614
609
569
527
483
439
391
334
301
217
170
126
49
-5
-70
-144
-187
-218
-244
-274
-280
-278
-268
-245
-233
-210
-191
-196
-183
-169
-164
-160
-187
-169
-177
-169
-178
-213
-211
-213
-216
-248
-256
-270
-268
-275
-283
-299
-316
-327
-332
-347
-360
-354
-389
-392
-407
-401
-398
-407
-406
-393
-383
-400
-371
-363
-349
-344
-325
-313
-297
-273
-264
-248
-214
-192
-178
-133
-119
-94
-77
-61
-28
-15
5
14
7
16
12
10
9
7
28
36
23
29
40
39
53
75
89
99
133
156
180
220
265
310
357
421
494
559
610
674
712
722
710
663
603
529
476
377
297
240
161
81
2
-61
-128
-208
-272
-317
-396
-441
-479
-495
-497
-488
-446
-421
-358
-308
-250
-215
-194
-171
-163
-138
-134
-120
-125
-93
-111
-100
-109
-127
-141
-170
-189
-204
-220
-227
-223
-220
-220
-193
-196
-196
-184
-197
-191
-209
-204
-206
-209
-208
-211
-211
-194
-167
-181
-179
-180
-181
-187
-190
-178
-167
-167
-148
-125
-117
-90
-70
-82
-70
-60
-66
-48
-43
-43
-40
-28
-46
-52
-40
-40
-71
-74
-87
-115
-116
-149
-150
-153
-154
-157
-165
-149
-122
-98
-59
-24
12
75
107
143
196
258
321
373
469
554
648
750
839
892
968
1004
993
961
886
808
704
586
449
342
252
148
46
-52
-125
-186
-262
-326
-391
-450
-470
-489
-477
-459
-396
-329
-253
-168
-75
6
72
119
170
199
211
231
230
222
219
193
165
147
94
63
-22
-88
-148
-207
-222
-291
-316
-327
-351
-333
-328
-306
-296
-290
-285
-270
-265
-264
-238
-228
-190
-164
-157
-144
-156
-148
-146
-148
-160
-162
-164
-160
-130
-96
-78
-63
-45
-30
-26
-27
-37
-59
-47
-65
-40
-25
-34
-44
-45
-28
-43
-59
-87
-117
-152
-150
-178
-182
-150
-138
-101
-80
-26
27
110
189
252
315
381
468
540
637
727
831
936
1083
1231
1370
1463
1478
1445
1340
1210
1014
800
577
379
195
21
-118
-215
-326
-425
-486
-577
-606
-663
-704
-694
-671
-584
-464
-312
-152
2
132
263
380
477
536
555
568
559
539
504
474
422
348
233
125
-5
-150
-297
-430
-553
-632
-677
-727
-708
-674
-620
-560
-501
-438
-370
-314
-264
-211
-146
-78
-40
22
79
109
114
90
38
-38
-143
-236
-305
-357
-386
-388
-375
-356
-334
-292
-263
-250
-232
-226
-184
-146
-111
-70
-25
23
62
88
93
94
68
31
-6
-24
-63
-88
-114
-112
-99
-78
-58
-14
62
140
207
308
426
548
687
824
992
1143
1295
1467
1636
1789
1931
2093
2160
2061
1828
1552
1230
853
502
144
-176
-474
-671
-804
-892
-945
-1030
-1054
-1048
-987
-908
-827
-676
-467
-201
89
379
650
839
941
1014
1099
1099
1061
973
879
753
635
510
348
181
-81
-336
-603
-817
-1007
-1124
-1192
-1210
-1141
-1025
-882
-694
-511
-357
-216
-107
26
162
280
382
507
607
687
687
633
540
399
216
-13
-208
-421
-610
-781
-904
-944
-932
-892
-828
-734
-649
-537
-420
-293
-150
-31
97
195
277
321
339
330
298
237
148
75
-27
-90
-159
-197
-214
-244
-288
-304
-317
-261
-203
-87
69
233
460
681
922
1159
1385
1588
1813
1992
2185
2357
2526
2658
2849
2869
2592
2101
1498
965
431
-116
-614
-977
-1281
-1465
-1540
-1514
-1451
-1451
-1396
-1248
-1007
-703
-437
-106
282
694
1099
1409
1691
1785
1730
1610
1497
1407
1229
978
679
427
163
-116
-372
-678
-1029
-1371
-1642
-1772
-1758
-1678
-1498
-1249
-953
-593
-292
22
288
460
617
730
866
1008
1080
1103
1098
1052
952
722
404
61
-307
-602
-873
-1093
-1215
-1280
-1303
-1245
-1120
-983
-802
-649
-433
-223
-26
190
374
575
693
730
730
679
546
397
237
59
-48
-187
-279
-357
-418
-426
-476
-492
-518
-502
-468
-399
-249
-31
213
498
784
1067
1329
1542
1753
1913
2067
2215
2337
2472
2582
2705
2776
2877
2753
2224
1513
705
87
-425
-926
-1315
-1536
-1636
-1621
-1505
-1395
-1217
-1167
-1042
-737
-341
134
500
836
1234
1585
1855
1983
1950
1781
1445
1068
846
672
420
149
-167
-427
-723
-998
-1228
-1465
-1691
-1819
-1810
-1633
-1302
-949
-608
-267
71
402
622
776
857
915
969
989
1021
1021
918
710
498
269
22
-277
-614
-875
-1083
-1195
-1228
-1188
-1090
-983
-851
-724
-532
-339
-158
-5
175
382
527
619
660
646
565
413
234
63
-131
-315
-457
-542
-591
-626
-654
-699
-692
-673
-649
-571
-465
-352
-196
-33
180
392
607
832
1043
1199
1336
1468
1566
1649
1731
1816
1876
1960
2016
2099
2184
2285
2343
1983
1325
531
-101
-465
-881
-1201
-1328
-1345
-1324
-1174
-1013
-864
-767
-696
-423
-28
466
888
1120
1347
1570
1725
1743
1597
1354
985
565
270
175
52
-163
-416
-684
-877
-1100
-1267
-1368
-1461
-1437
-1291
-1041
-693
-337
-95
122
339
547
712
745
783
776
745
692
615
529
346
81
-175
-356
-491
-604
-771
-846
-847
-823
-762
-689
-596
-517
-435
-357
-200
-39
83
191
295
399
452
420
366
299
175
66
-54
-149
-259
-408
-532
-606
-629
-617
-628
-620
-569
-519
-445
-365
-263
-153
-50
37
152
279
414
572
751
908
1043
1177
1261
1302
1349
1415
1501
1586
1713
1810
1909
2004
2122
2273
2392
2198
1499
684
-23
-354
-581
-860
-958
-988
-996
-932
-782
-695
-650
-636
-399
107
599
1093
1302
1345
1437
1495
1471
1282
1010
684
329
103
64
79
-109
-393
-688
-893
-1055
-1206
-1189
-1167
-1060
-818
-502
-156
92
219
314
432
560
709
761
727
720
665
602
487
312
62
-229
-448
-556
-573
-592
-629
-689
-678
-593
-487
-388
-325
-280
-205
-125
-8
124
176
204
241
314
371
356
289
155
10
-95
-206
-290
-419
-554
-675
-741
-729
-701
-672
-644
-598
-516
-397
-275
-156
-58
54
162
306
436
573
681
788
921
1024
1110
1164
1174
1226
1262
1379
1487
1612
1734
1797
1904
1971
2071
2208
2368
2014
1299
541
-37
-194
-442
-676
-779
-841
-807
-709
-571
-547
-486
-401
-69
448
848
1173
1164
1092
1075
1032
987
754
513
248
-51
-168
-186
-278
-511
-768
-938
-1020
-1029
-992
-849
-741
-583
-298
-39
175
243
278
300
342
466
521
497
390
302
194
64
-93
-298
-504
-679
-711
-636
-536
-465
-429
-380
-309
-184
-37
93
217
264
334
372
395
356
209
106
21
-17
-58
-109
-196
-337
-473
-583
-638
-698
-743
-773
-781
-706
-623
-521
-476
-416
-341
-268
-163
-36
58
114
175
234
322
337
328
306
323
318
347
414
462
535
584
668
768
866
984
1110
1261
1451
1608
1827
2007
2200
2394
2532
2265
1610
880
294
86
-151
-433
-592
-725
-701
-665
-606
-685
-793
-722
-491
-48
309
629
699
630
711
781
850
699
477
317
140
66
30
-19
-195
-411
-526
-579
-580
-606
-615
-581
-511
-305
-148
-68
-91
-149
-129
-83
25
125
146
108
59
72
45
-49
-143
-239
-264
-224
-109
-14
33
50
49
85
116
142
117
121
88
68
46
-61
-201
-359
-496
-574
-570
-541
-503
-509
-555
-545
-517
-479
-432
-413
-351
-274
-212
-131
-63
-52
-61
-69
-49
-19
-9
-50
-99
-112
-107
-122
-156
-189
-205
-186
-138
-62
62
169
273
462
666
891
1073
1217
1405
1534
1707
1839
1960
2092
2217
2335
2449
2501
2096
1422
677
148
-45
-271
-561
-766
-888
-910
-864
-873
-930
-930
-810
-470
0
420
762
829
775
806
846
842
686
486
371
246
167
108
-60
-276
-510
-689
-741
-758
-775
-780
-769
-707
-542
-423
-399
-414
-423
-322
-153
45
225
320
358
387
404
356
248
112
16
-5
-15
22
23
-75
-185
-289
-320
-289
-283
-327
-384
-417
-426
-413
-421
-497
-574
-598
-508
-354
-216
-120
-113
-109
-61
-39
-27
-89
-126
-135
-121
-118
-153
-228
-368
-482
-547
-569
-571
-593
-616
-612
-572
-491
-455
-421
-398
-312
-172
-15
168
371
527
675
817
952
1098
1138
1173
1239
1317
1408
1471
1502
1529
1549
1626
1727
1862
1906
1581
1005
441
104
-33
-217
-414
-557
-566
-451
-383
-426
-565
-590
-449
-182
160
405
533
514
438
438
408
366
196
38
12
8
54
-16
-177
-373
-522
-571
-612
-636
-679
-645
-576
-475
-326
-234
-240
-263
-237
-140
-17
82
121
139
155
147
93
-46
-206
-314
-374
-357
-298
-276
-281
-341
-383
-412
-400
-377
-358
-294
-168
-97
-64
-82
-173
-210
-191
-152
-88
-38
-12
11
-30
-108
-195
-287
-368
-408
-411
-383
-382
-430
-495
-561
-631
-659
-671
-638
-582
-539
-466
-428
-349
-301
-254
-191
-97
20
99
163
222
290
342
388
408
425
476
538
593
637
690
762
853
954
1063
1163
1291
1426
1617
1785
1986
1974
1695
1291
854
694
540
339
146
-57
-134
-223
-346
-575
-847
-923
-842
-603
-366
-192
-29
-6
63
122
170
196
110
132
206
262
309
236
112
-43
-156
-177
-232
-266
-369
-410
-431
-447
-456
-535
-601
-676
-662
-615
-515
-420
-359
-288
-239
-194
-195
-254
-269
-280
-234
-152
-77
1
8
-1
-56
-72
-88
-78
-79
-59
-19
-37
-86
-164
-236
-252
-278
-270
-216
-193
-173
-174
-207
-256
-294
-323
-346
-342
-345
-337
-348
-381
-432
-500
-549
-584
-588
-551
-486
-424
-370
-347
-331
-304
-292
-269
-254
-222
-160
-119
-79
-11
33
77
100
129
209
284
388
494
609
715
852
963
1091
1217
1349
1503
1638
1798
1948
2046
1958
1674
1260
884
675
473
261
43
-156
-245
-338
-464
-635
-817
-821
-708
-512
-307
-177
-57
20
82
139
157
190
176
218
292
332
344
275
173
-8
-122
-224
-370
-479
-610
-673
-718
-756
-799
-834
-859
-890
-831
-729
-627
-486
-372
-226
-130
-62
-43
-65
-51
-1
80
152
175
205
183
109
66
-22
-54
-80
-72
-24
4
18
-14
-50
-103
-140
-163
-163
-159
-130
-97
-86
-89
-144
-199
-261
-285
-311
-335
-379
-420
-454
-507
-569
-654
-704
-725
-726
-691
-685
-663
-627
-585
-535
-455
-421
-371
-353
-297
-257
-225
-202
-189
-146
-94
-9
90
170
226
281
323
388
460
503
576
624
695
786
832
902
964
1054
1176
1260
1390
1457
1417
1322
1162
1050
968
847
737
581
447
351
185
9
-164
-304
-370
-380
-397
-383
-381
-375
-357
-351
-374
-380
-374
-375
-349
-346
-333
-327
-334
-346
-350
-347
-377
-401
-443
-458
-457
-450
-421
-423
-376
-387
-435
-483
-536
-536
-523
-470
-408
-367
-325
-304
-296
-274
-253
-223
-175
-105
-13
68
143
180
205
233
256
276
262
222
188
142
96
35
-44
-120
-189
-269
-347
-423
-472
-519
-559
-583
-560
-527
-521
-501
-492
-489
-449
-427
-421
-405
-388
-393
-406
-434
-485
-529
-600
-642
-671
-692
-697
-736
-759
-761
-763
-720
-675
-597
-529
-458
-364
-269
-174
-81
6
86
212
336
455
515
580
607
638
672
679
681
690
680
651
687
714
721
736
765
756
758
736
698
694
682
691
705
705
678
631
570
528
481
409
331
244
149
42
-36
-122
-241
-342
-395
-442
-480
-528
-592
-637
-648
-648
-629
-625
-637
-624
-607
-587
-560
-535
-534
-490
-436
-371
-311
-285
-260
-254
-211
-185
-152
-128
-106
-111
-103
-100
-113
-106
-143
-146
-141
-125
-149
-167
-203
-218
-231
-224
-174
-173
-152
-120
-85
-45
-24
-9
10
-1
1
1
-10
-20
-26
-46
-74
-94
-144
-231
-310
-390
-474
-528
-564
-610
-621
-608
-619
-633
-619
-624
-599
-534
-481
-408
-337
-273
-251
-214
-194
-189
-198
-180
-174
-170
-159
-160
-165
-197
-205
-232
-250
-267
-265
-232
-194
-135
-95
-28
61
152
249
363
477
553
662
743
834
932
991
1052
1055
1045
1023
1001
976
921
886
784
683
553
442
347
246
160
78
-13
-58
-117
-174
-219
-291
-315
-329
-332
-333
-348
-377
-387
-392
-384
-368
-396
-387
-361
-322
-302
-287
-274
-260
-250
-240
-218
-212
-249
-286
-306
-342
-355
-398
-397
-400
-411
-386
-390
-385
-363
-341
-302
-274
-247
-240
-225
-220
-171
-147
-152
-135
-130
-146
-166
-193
-218
-245
-238
-210
-205
-188
-201
-210
-238
-264
-280
-298
-292
-300
-276
-264
-264
-253
-280
-304
-341
-366
-388
-404
-417
-422
-438
-462
-473
-527
-555
-569
-581
-563
-558
-550
-572
-569
-553
-564
-570
-570
-550
-538
-477
-427
-377
-330
-301
-259
-213
-160
-132
-78
-33
5
64
129
176
220
279
323
396
472
547
616
677
738
782
819
837
850
857
857
838
819
809
790
730
659
571
480
420
342
275
195
123
88
43
2
-61
-106
-156
-185
-201
-238
-262
-295
-298
-267
-267
-289
-292
-291
-317
-311
-345
-375
-395
-422
-435
-441
-442
-476
-470
-480
-484
-490
-487
-496
-524
-529
-516
-502
-520
-500
-470
-436
-408
-378
-343
-314
-287
-225
-167
-128
-117
-99
-81
-50
-39
-30
-11
5
26
21
-1
-41
-68
-92
-120
-136
-144
-158
-165
-173
-192
-212
-233
-253
-275
-288
-311
-325
-376
-402
-431
-446
-442
-475
-481
-529
-519
-533
-563
-590
-608
-624
-643
-642
-630
-627
-634
-623
-580
-503
-468
-414
-338
-259
-175
-93
18
73
126
179
213
232
238
257
230
201
206
213
222
227
250
269
290
333
375
441
478
521
594
661
744
803
839
854
897
908
923
927
897
851
784
705
639
560
457
367
248
171
101
44
-30
-81
-131
-183
-199
-249
-282
-335
-361
-360
-355
-343
-384
-392
-403
-396
-395
-426
-460
-493
-482
-480
-475
-469
-484
-498
-496
-490
-473
-474
-475
-451
-421
-369
-357
-335
-338
-340
-303
-278
-248
-210
-186
-129
-112
-91
-83
-100
-112
-118
-123
-118
-124
-152
-165
-188
-204
-233
-252
-281
-300
-315
-342
-345
-368
-383
-418
-441
-463
-486
-501
-525
-533
-528
-530
-525
-497
-476
-417
-380
-360
-328
-335
-321
-327
-347
-363
-411
-413
-468
-504
-541
-572
-576
-575
-576
-555
-531
-477
-423
-364
-273
-213
-126
-38
59
152
208
266
313
355
375
404
420
401
386
354
327
297
270
244
233
239
252
286
335
385
438
497
569
617
693
731
741
746
772
767
743
709
641
555
450
362
241
130
26
-78
-162
-211
-260
-318
-349
-375
-391
-405
-399
-416
-393
-402
-393
-390
-407
-403
-423
-415
-421
-420
-449
-487
-502
-512
-528
-549
-577
-587
-589
-583
-564
-567
-528
-483
-468
-452
-422
-393
-364
-343
-307
-253
-238
-229
-212
-214
-219
-250
-270
-270
-304
-296
-287
-287
-277
-285
-297
-276
-274
-266
-256
-254
-245
-233
-218
-260
-291
-291
-331
-358
-377
-401
-408
-403
-395
-403
-380
-383
-359
-318
-302
-262
-231
-201
-173
-165
-158
-168
-206
-225
-235
-254
-295
-332
-353
-368
-383
-418
-428
-429
-409
-364
-339
-260
-189
-124
-44
33
107
163
213
242
272
317
346
355
375
360
355
341
313
297
259
248
255
257
251
274
285
297
319
337
350
374
389
396
427
435
420
400
389
368
336
325
290
253
238
201
158
110
64
6
-43
-75
-115
-153
-190
-213
-238
-274
-315
-326
-345
-360
-381
-389
-413
-430
-463
-486
-505
-522
-515
-541
-543
-546
-560
-549
-550
-549
-529
-486
-468
-461
-425
-405
-378
-345
-327
-319
-305
-316
-328
-345
-365
-375
-404
-404
-396
-374
-362
-371
-353
-332
-314
-269
-230
-179
-148
-123
-94
-93
-97
-120
-145
-176
-217
-252
-284
-323
-350
-364
-386
-404
-411
-423
-432
-411
-402
-373
-332
-287
-280
-255
-225
-211
-198
-204
-201
-198
-202
-213
-227
-247
-266
-304
-323
-324
-329
-336
-341
-321
-305
-308
-290
-267
-237
-208
-173
-115
-79
-62
-25
5
48
83
101
143
174
207
229
248
288
303
311
322
338
322
324
321
301
302
288
289
272
250
244
249
243
238
229
222
197
196
201
165
145
105
70
37
2
-41
-95
-152
-199
-236
-288
-323
-363
-382
-405
-432
-447
-464
-478
-497
-503
-534
-542
-515
-526
-502
-483
-494
-478
-457
-444
-428
-403
-374
-360
-346
-323
-326
-310
-305
-317
-309
-314
-309
-298
-306
-325
-331
-350
-359
-368
-379
-359
-358
-340
-336
-322
-291
-268
-256
-257
-243
-237
-228
-225
-207
-212
-199
-217
-229
-225
-222
-229
-259
-286
-310
-324
-347
-351
-384
-399
-404
-440
-458
-492
-521
-518
-516
-523
-506
-472
-428
-392
-388
-346
-318
-293
-260
-234
-176
-158
-122
-58
-69
-48
-43
-59
-72
-81
-75
-86
-96
-91
-116
-130
-136
-151
-135
-127
-90
-82
-60
-38
-4
13
18
66
79
88
105
124
128
116
120
127
96
64
75
56
33
42
22
18
10
0
-7
-27
-33
-46
-51
-38
-11
6
30
32
39
56
41
52
78
72
73
72
66
40
-10
-40
-88
-123
-156
-190
-210
-249
-253
-270
-307
-318
-332
-328
-323
-322
-292
-269
-254
-238
-217
-203
-190
-171
-183
-189
-183
-197
-230
-246
-281
-298
-320
-356
-380
-420
-461
-514
-537
-558
-591
-603
-616
-626
-620
-601
-580
-564
-527
-496
-485
-442
-415
-380
-342
-306
-265
-222
-192
-157
-138
-130
-123
-133
-123
-130
-138
-151
-163
-175
-185
-194
-218
-230
-241
-253
-272
-276
-287
-268
-268
-246
-221
-221
-202
-201
-201
-214
-210
-196
-183
-159
-142
-140
-150
-152
-181
-195
-200
-208
-214
-241
-244
-243
-232
-221
-228
-218
-201
-193
-164
-127
-94
-59
-24
0
23
18
27
35
58
64
60
77
79
63
53
63
61
55
52
56
60
67
72
86
85
90
97
102
113
112
126
135
138
151
169
188
181
161
142
144
118
77
39
8
-48
-103
-176
-224
-279
-355
-422
-464
-502
-557
-601
-614
-640
-635
-637
-646
-618
-604
-563
-543
-506
-480
-453
-456
-461
-447
-450
-470
-492
-508
-510
-529
-535
-529
-519
-530
-529
-510
-500
-487
-469
-419
-370
-327
-267
-199
-165
-145
-125
-100
-102
-81
-58
-38
-31
-28
-20
-35
-35
-48
-54
-73
-72
-78
-82
-73
-81
-87
-96
-103
-101
-117
-121
-129
-127
-111
-84
-95
-85
-100
-106
-105
-120
-106
-117
-118
-139
-160
-193
-199
-226
-221
-222
-226
-209
-189
-184
-182
-168
-168
-141
-111
-88
-77
-41
-43
-25
-4
0
10
0
-4
1
14
22
39
58
73
84
91
112
142
140
135
170
173
182
159
134
102
72
35
2
7
-16
-46
-68
-71
-77
-90
-105
-127
-141
-135
-124
-120
-106
-137
-165
-186
-212
-251
-280
-311
-359
-389
-430
-478
-508
-515
-546
-555
-546
-544
-522
-503
-496
-478
-471
-453
-425
-429
-410
-405
-399
-385
-370
-371
-385
-373
-383
-383
-383
-378
-375
-380
-363
-340
-324
-309
-273
-253
-245
-223
-192
-171
-136
-102
-74
-55
-19
-10
-4
1
1
-4
-40
-52
-73
-100
-130
-144
-154
-164
-186
-194
-183
-220
-203
-186
-176
-163
-157
-127
-114
-107
-85
-98
-101
-110
-127
-147
-167
-185
-184
-177
-185
-185
-198
-221
-222
-213
-188
-169
-147
-94
-68
-33
-6
8
17
52
53
67
74
82
77
73
83
63
73
67
82
65
72
86
86
84
83
72
83
80
93
102
83
88
73
56
28
8
15
-10
-29
-45
-73
-84
-103
-122
-148
-166
-209
-223
-239
-262
-288
-319
-326
-332
-357
-358
-362
-373
-361
-365
-361
-367
-347
-370
-374
-365
-360
-351
-370
-355
-335
-345
-364
-357
-370
-370
-360
-347
-327
-338
-337
-317
-310
-297
-291
-286
-284
-282
-282
-273
-245
-252
-251
-257
-247
-237
-249
-241
-250
-254
-241
-225
-219
-203
-196
-198
-214
-202
-198
-199
-187
-190
-203
-204
-198
-213
-203
-206
-215
-211
-192
-168
-149
-139
-135
-124
-118
-92
-94
-102
-80
-94
-81
-95
-117
-116
-106
-119
-116
-104
-97
-84
-92
-80
-57
-58
-36
-28
-9
15
14
28
48
50
60
66
71
66
68
63
54
60
44
40
43
43
25
6
-17
-57
-98
-115
-133
-149
-164
-174
-186
-207
-215
-225
-224
-231
-214
-198
-172
-145
-134
-109
-113
-106
-105
-104
-101
-105
-117
-122
-128
-143
-171
-199
-210
-248
-247
-261
-265
-280
-314
-290
-304
-305
-293
-300
-284
-274
-243
-231
-220
-201
-214
-203
-205
-222
-218
-226
-242
-248
-276
-297
-322
-359
-375
-394
-393
-402
-398
-409
-408
-399
-400
-401
-386
-371
-360
-330
-312
-265
-241
-219
-204
-178
-176
-177
-169
-188
-180
-190
-168
-176
-175
-170
-161
-141
-145
-121
-106
-82
-55
-31
14
41
70
73
100
146
118
153
160
152
143
125
130
97
95
80
62
52
32
24
8
-5
-1
6
4
5
6
-6
14
13
10
25
30
18
11
11
12
16
14
-4
5
0
-6
-8
-25
-29
-22
-39
-46
-44
-63
-64
-74
-68
-74
-78
-88
-85
-96
-117
-118
-110
-84
-78
-86
-59
-61
-71
-61
-46
-42
-37
-44
-47
-29
-41
-36
-44
-50
-71
-87
-128
-152
-172
-190
-189
-224
-220
-249
-258
-271
-267
-258
-270
-239
-243
-239
-222
-212
-211
-202
-224
-204
-201
-228
-227
-239
-270
-290
-298
-331
-331
-335
-353
-344
-341
-347
-323
-306
-278
-250
-225
-183
-140
-115
-78
-43
3
27
43
54
62
78
80
71
64
48
39
18
19
1
-18
-24
-44
-57
-63
-63
-39
-21
-3
16
56
72
75
107
115
125
139
142
162
151
156
159
135
124
95
84
73
45
12
17
0
-24
-25
-23
-31
-36
-41
-25
-9
-17
-7
6
14
-7
-16
-5
1
-8
-12
-26
-35
-38
-50
-60
-75
-76
-89
-95
-70
-77
-77
-85
-71
-49
-54
-46
-65
-51
-53
-71
-79
-72
-77
-111
-112
-106
-121
-120
-110
-133
-145
-161
-156
-172
-187
-175
-206
-205
-198
-198
-211
-202
-207
-213
-203
-221
-223
-220
-216
-221
-224
-223
-213
-198
-198
-194
-196
-188
-175
-155
-137
-152
-140
-113
-112
-117
-111
-101
-105
-109
-114
-127
-127
-118
-113
-116
-120
-105
-104
-90
-75
-59
-27
-12
7
35
35
59
80
87
109
123
133
148
122
129
124
99
111
82
76
90
64
58
58
53
60
61
49
39
45
42
52
60
60
68
87
84
91
111
100
79
57
72
59
27
23
13
2
-5
-40
-31
-33
-43
-39
-57
-41
-37
-22
-21
-4
-13
-21
-14
-5
0
0
11
-2
-11
-3
3
-14
-23
-26
-46
-55
-63
-73
-85
-72
-83
-76
-97
-98
-113
-112
-84
-100
-85
-83
-86
-94
-91
-88
-105
-94
-102
-109
-112
-122
-124
-141
-149
-141
-154
-156
-152
-156
-160
-154
-156
-146
-134
-145
-147
-144
-138
-121
-120
-124
-97
-103
-116
-116
-100
-98
-98
-66
-62
-28
-9
16
34
56
87
102
132
143
156
175
202
199
206
194
187
199
186
179
175
167
164
143
118
106
112
107
107
116
124
115
94
108
95
91
78
63
67
76
69
56
58
45
34
28
25
33
34
58
52
47
61
55
57
45
14
12
19
8
7
-3
-3
-14
-12
-8
-2
-12
-4
10
0
31
29
39
44
69
72
87
93
97
112
103
113
107
113
101
102
79
91
99
63
52
42
20
15
6
-16
-31
-38
-37
-54
-60
-63
-77
-105
-103
-122
-142
-160
-175
-169
-187
-193
-190
-201
-229
-205
-212
-222
-215
-228
-233
-216
-201
-180
-147
-152
-155
-126
-110
-89
-68
-39
-12
1
5
20
49
74
75
90
97
104
114
102
118
113
124
126
121
140
125
122
137
129
129
133
145
152
140
152
158
145
146
158
136
153
129
127
121
110
109
74
80
39
49
42
20
17
2
-24
-47
-60
-61
-81
-76
-85
-89
-79
-69
-62
-74
-57
-55
-55
-55
-48
-39
-29
-26
-4
2
-7
1
-7
4
12
26
35
55
66
72
81
78
84
92
92
101
111
117
125
123
126
120
107
96
94
88
69
54
35
28
16
0
-30
-60
-78
-99
-100
-107
-105
-115
-127
-109
-110
-113
-103
-101
-106
-105
-103
-96
-89
-105
-114
-82
-99
-107
-117
-106
-114
-116
-86
-100
-89
-85
-62
-67
-57
-30
-13
12
24
45
45
66
95
112
128
126
142
161
171
165
171
178
192
191
187
200
203
217
216
230
207
216
223
195
192
203
191
168
155
144
143
138
117
114
88
74
80
52
52
40
46
43
59
49
42
61
57
54
62
63
48
53
55
50
42
35
21
28
4
2
-4
-16
-26
-9
-8
-21
7
17
25
36
44
49
64
73
74
75
92
86
88
98
81
91
86
82
66
52
49
40
46
37
40
46
43
45
44
57
57
58
78
84
90
89
87
66
50
46
45
17
17
9
3
-20
-31
-37
-65
-52
-62
-62
-67
-69
-63
-63
-73
-68
-58
-55
-25
-13
-22
-14
2
-1
25
5
23
44
42
57
70
64
57
70
71
62
60
55
62
60
65
73
81
70
77
87
89
103
112
152
151
168
170
172
161
159
183
183
172
161
176
155
163
168
159
154
158
156
148
147
142
167
128
127
136
140
118
109
116
107
103
104
97
92
82
97
91
77
67
58
42
47
50
45
41
38
33
29
47
41
49
52
53
57
51
51
64
75
68
69
78
85
73
90
92
92
86
74
84
76
68
82
61
65
73
64
62
63
72
56
78
89
86
98
101
112
115
98
100
106
123
113
107
101
87
99
79
84
88
98
97
94
96
84
75
76
80
76
79
69
76
56
73
86
71
75
71
83
58
80
74
64
89
97
101
117
113
105
139
142
137
127
140
134
134
135
131
143
143
140
148
145
158
171
170
196
205
205
224
228
233
234
234
244
241
215
223
209
203
196
166
176
158
161
147
135
140
145
143
145
137
144
156
165
192
169
170
193
207
213
189
193
207
166
163
168
149
160
140
135
123
122
108
100
117
110
85
88
113
102
113
108
122
126
139
146
164
155
177
191
198
203
201
209
210
207
173
173
171
168
162
164
155
146
159
163
153
149
164
167
170
182
182
192
183
190
207
203
191
185
197
190
184
178
187
199
186
186
201
190
182
177
175
164
162
171
163
175
152
158
162
151
159
163
157
186
180
185
203
204
211
184
205
216
215
218
228
232
226
224
220
209
180
185
181
174
168
171
167
169
168
178
179
173
181
200
207
231
228
242
255
248
249
271
280
272
275
266
246
238
242
211
219
196
185
173
179
176
173
172
160
166
157
164
166
178
173
179
182
196
185
181
179
173
183
183
183
169
170
158
138
132
117
104
108
101
103
102
96
87
86
94
92
114
103
123
137
128
137
141
150
149
141
132
121
131
129
127
111
106
110
102
109
118
114
132
122
123
136
132
142
136
144
153
151
150
126
135
161
146
159
145
147
163
151
165
175
171
185
180
176
177
181
195
197
191
224
225
221
220
196
202
207
202
209
218
223
222
223
214
221
210
205
216
213
213
203
208
217
201
192
185
188
182
180
182
169
152
157
162
163
161
159
149
153
172
174
177
183
158
166
170
178
182
176
183
207
201
209
205
192
195
180
209
207
188
190
206
189
183
177
176
192
187
192
208
211
213
206
200
200
224
228
231
237
223
221
231
239
240
239
225
227
213
206
200
188
204
187
192
173
150
158
156
162
147
179
169
166
173
165
182
177
180
177
188
181
181
179
189
184
179
186
177
172
167
173
159
168
160
161
172
180
178
174
175
168
190
190
190
185
215
229
225
239
247
267
263
252
256
253
236
248
237
244
252
243
236
226
203
225
224
204
211
198
202
180
183
190
191
195
179
188
180
180
169
165
168
154
149
162
152
142
140
137
135
123
129
133
130
129
127
131
146
130
146
156
159
180
174
187
192
175
196
191
197
190
186
207
210
220
220
217
220
231
214
198
213
194
194
200
196
195
189
177
170
164
163
164
156
163
149
146
158
167
159
156
164
159
157
138
146
145
140
143
139
132
137
134
124
109
114
112
106
97
106
108
128
112
112
121
123
128
121
123
123
122
137
146
138
157
154
153
179
184
172
165
155
166
142
143
159
160
163
170
156
159
166
162
162
153
172
184
197
189
175
184
183
181
179
192
200
201
187
196
197
184
180
181
155
155
150
146
152
135
131
127
130
119
116
125
124
122
115
107
114
98
91
102
108
102
112
115
115
127
142
150
140
153
156
155
173
166
153
144
134
137
140
134
108
102
111
93
102
110
98
100
104
104
109
123
135
139
141
148
148
161
141
166
166
157
164
157
153
165
175
149
144
142
142
156
142
149
139
134
142
130
141
152
156
147
130
149
135
138
155
143
143
139
146
152
135
117
131
115
109
106
101
92
75
94
74
64
51
55
63
53
54
60
67
64
82
95
94
100
91
95
103
106
115
107
105
97
105
110
101
102
105
87
99
91
93
89
89
95
79
85
85
100
100
100
117
115
115
114
136
136
127
122
125
136
133
138
139
130
141
135
127
121
122
109
93
96
94
83
87
85
87
88
86
80
80
88
62
82
74
91
108
88
91
93
95
112
98
104
96
79
97
87
95
95
99
125
114
117
115
122
137
134
151
147
166
168
152
158
162
176
154
166
151
164
157
126
141
143
132
107
115
109
86
120
97
80
87
66
75
77
77
62
70
61
69
81
54
52
56
55
69
52
78
68
64
58
51
58
45
66
58
42
45
44
32
43
43
53
53
39
52
56
60
71
71
84
99
104
106
118
121
131
140
130
145
141
137
133
135
134
149
139
137
118
112
95
100
116
105
116
103
112
116
91
98
107
90
88
94
91
82
102
86
95
88
73
76
72
59
57
54
46
44
37
30
32
30
34
36
46
42
38
46
49
74
73
75
80
83
81
95
87
116
112
96
116
113
126
125
119
122
115
104
108
114
119
105
85
96
101
86
90
104
89
75
81
77
70
61
67
57
51
60
61
52
46
41
43
35
64
53
19
37
38
41
38
21
18
13
13
11
-10
-12
0
5
4
23
15
11
20
19
22
29
43
45
43
46
47
49
50
37
43
53
51
43
38
23
32
22
36
42
40
36
24
38
31
50
40
37
58
57
65
56
55
54
62
47
32
50
39
45
36
23
14
28
15
18
17
20
22
22
26
29
42
55
52
34
43
41
47
45
50
54
55
54
64
59
60
48
56
67
62
78
62
85
89
79
87
88
97
86
84
76
88
81
67
81
84
81
72
81
84
87
88
82
83
71
74
81
75
63
66
43
57
48
29
31
29
33
11
12
8
-8
-2
-10
-29
-24
-23
-13
-5
7
13
8
8
18
31
47
46
48
47
44
61
54
41
58
44
40
49
46
45
33
23
23
13
24
33
19
23
31
42
45
46
50
47
43
55
49
60
67
57
71
58
57
52
38
41
44
44
14
31
30
28
36
28
32
31
51
67
57
57
62
72
76
75
86
84
77
92
110
106
109
93
109
120
115
140
136
151
160
154
152
154
173
166
168
162
153
158
160
149
151
154
173
172
168
166
165
155
175
174
157
147
160
161
180
173
149
162
148
150
126
102
106
97
94
105
77
70
70
54
52
68
61
48
36
50
58
41
58
55
52
58
62
56
43
44
59
50
58
63
60
53
63
55
62
61
63
73
66
64
56
94
86
88
101
101
94
102
110
96
92
95
84
82
90
82
82
77
67
67
49
53
56
60
56
57
62
57
55
50
41
32
57
44
32
46
35
25
18
25
34
29
23
15
40
23
40
48
37
50
49
49
61
64
72
79
78
84
90
100
106
101
128
116
116
121
114
111
108
133
129
137
122
134
132
113
126
119
111
129
143
129
126
132
124
128
127
120
125
118
92
106
95
88
83
78
60
61
51
51
41
47
41
27
44
34
35
39
29
45
26
24
34
30
30
19
19
20
18
3
24
11
17
-9
14
26
23
15
29
48
48
52
35
44
46
56
54
61
63
60
59
57
56
50
61
63
58
51
58
51
43
37
31
50
38
32
33
37
40
34
42
31
26
24
18
38
34
33
43
25
29
29
41
37
18
21
27
38
22
23
30
50
36
42
33
23
33
37
52
48
47
54
73
67
74
93
88
105
112
110
132
128
117
128
130
165
163
167
167
162
162
174
176
165
184
165
151
143
141
150
125
125
126
106
96
107
111
95
110
111
110
100
95
114
104
105
122
106
102
112
95
92
77
101
86
75
78
56
60
60
61
57
72
58
35
39
62
56
76
59
42
51
61
70
64
79
79
76
83
74
76
76
93
74
70
81
57
67
53
62
50
44
61
57
53
47
60
55
51
50
53
73
62
62
64
67
69
57
53
50
44
62
56
57
46
45
59
48
43
54
58
55
53
70
64
58
57
80
76
74
86
76
92
82
91
81
97
114
108
100
103
113
101
108
120
115
130
126
127
117
123
132
127
131
120
121
114
110
122
123
107
95
104
114
109
115
117
110
116
113
107
115
109
103
100
113
95
73
94
78
62
73
72
71
53
49
42
44
34
32
43
32
30
31
36
21
33
41
30
32
40
45
32
46
39
55
53
51
40
29
40
34
32
35
24
24
15
13
18
6
19
16
18
13
3
11
16
-1
3
-8
-7
-19
-29
-16
-6
-4
-5
-15
-9
-2
-4
-7
-6
3
4
0
6
9
21
10
16
9
14
20
19
24
23
21
28
37
37
27
15
28
26
29
28
22
28
24
24
41
38
38
38
33
41
46
56
55
59
63
55
54
62
43
60
70
64
64
63
64
83
81
71
96
78
80
88
78
86
76
81
90
73
93
83
75
68
80
68
67
74
50
66
63
51
58
54
63
60
65
67
41
47
39
52
56
60
54
56
69
70
64
62
55
68
66
63
74
59
61
57
64
52
67
55
43
38
32
33
28
33
26
20
26
29
24
31
26
9
8
17
22
21
13
16
25
33
23
14
16
13
1
26
22
9
16
18
24
9
7
4
-4
-3
-4
15
12
12
18
21
26
22
29
42
31
42
47
40
46
70
63
55
50
62
68
55
72
65
77
89
85
79
80
86
96
94
99
98
84
94
108
90
86
105
91
91
85
99
112
93
102
88
89
86
94
65
99
88
82
91
64
69
51
63
54
59
74
46
52
58
55
38
27
39
33
39
49
41
53
63
58
53
54
55
58
67
57
61
64
42
61
52
39
39
49
32
42
38
28
38
31
29
36
28
29
23
27
27
38
44
24
34
40
38
40
30
13
6
7
10
15
16
1
-9
0
14
-13
5
5
7
9
-8
-16
-11
-4
-2
1
-20
-7
-13
-21
-25
-31
-26
-12
-19
-24
3
-13
-21
-6
-11
-19
-10
1
17
15
4
16
10
15
11
17
26
22
32
14
22
28
30
36
40
39
35
39
36
44
50
43
46
46
44
53
61
44
53
49
51
47
54
50
45
36
28
24
41
43
29
43
18
37
33
25
26
19
-1
19
7
11
2
12
12
-2
19
9
8
15
7
10
27
15
25
12
4
17
18
19
12
13
13
1
12
14
13
20
2
16
-11
-11
3
-20
-8
-24
-16
-21
-9
-4
-25
-33
-35
-18
-13
-17
-15
-32
-26
-19
-31
-33
-23
-24
-20
-24
-41
-52
-40
-39
-50
-43
-40
-49
-43
-33
-46
-32
-30
-23
-24
-30
-27
-25
-17
-35
-18
-13
-30
-17
-39
