46
24
31
37
23
37
24
36
34
26
31
44
36
17
24
38
29
19
36
33
19
33
55
49
33
34
47
35
45
40
34
44
36
44
43
47
47
38
53
54
58
66
67
66
47
55
62
58
51
63
68
64
52
67
84
65
86
76
81
82
81
93
75
78
99
98
92
107
73
78
72
91
84
85
87
76
87
84
95
88
80
82
81
81
76
61
84
82
83
78
70
71
68
83
74
82
69
59
52
54
62
69
70
60
52
66
50
59
53
58
64
51
49
42
55
54
57
47
45
72
69
61
61
65
59
65
78
82
77
71
74
68
84
85
82
85
81
81
73
67
83
70
93
93
82
69
79
96
87
88
85
84
84
85
95
85
83
80
75
92
88
87
76
76
79
81
73
72
73
83
76
69
79
74
81
65
77
75
70
68
67
60
75
77
70
77
56
73
55
59
64
52
52
52
49
51
56
61
62
40
44
49
56
49
40
39
40
45
28
42
45
32
29
36
42
50
42
45
34
30
37
41
39
50
48
32
44
35
43
33
46
40
48
55
46
44
45
30
33
54
53
55
50
49
59
63
49
45
64
46
39
58
43
54
43
58
55
54
54
52
50
49
56
54
65
60
45
49
53
54
55
46
55
54
62
63
54
59
60
43
50
63
49
57
57
62
68
44
43
46
62
45
53
52
48
59
45
63
42
50
54
33
44
29
39
44
31
34
33
27
35
39
34
48
35
39
46
43
50
58
58
65
64
57
77
78
65
67
84
83
85
81
74
78
69
82
74
71
73
79
75
88
74
72
75
64
79
72
79
70
67
67
70
69
75
66
73
82
77
68
64
64
75
72
54
84
84
76
69
76
80
74
85
75
69
73
49
61
70
67
67
58
47
49
51
35
35
41
42
48
50
55
57
52
41
44
45
53
41
33
50
47
42
31
35
48
52
46
40
31
41
38
38
42
40
40
32
38
31
32
22
19
31
17
27
36
46
34
25
23
22
38
30
23
30
39
22
32
20
32
30
30
34
35
29
33
50
34
48
26
32
18
5
23
30
15
8
13
3
-7
1
9
1
-3
-8
-4
-14
-18
-14
-27
-25
-18
-31
-38
-35
-35
-18
-24
-43
-43
-32
-36
-35
-24
-35
-28
-39
-42
-42
-38
-46
-38
-45
-36
-21
-37
-46
-40
-47
-47
-30
-47
-39
-37
-44
-28
-49
-54
-51
-61
-38
-49
-43
-34
-28
-14
-36
-22
-32
-51
-36
-40
-32
-41
-24
-23
-27
-30
-45
-21
-16
-17
-29
-24
-25
-30
-15
-34
-18
-19
-9
-28
-19
-21
-39
-9
-23
-11
-13
-25
-14
-39
-31
-31
-43
-25
-41
-47
-37
-37
-49
-33
-36
-41
-42
-53
-30
-35
-31
-41
-57
-58
-61
-58
-59
-58
-40
-57
-64
-56
-59
-61
-56
-51
-53
-51
-38
-46
-45
-49
-59
-51
-32
-48
-56
-47
-40
-47
-48
-42
-49
-30
-34
-37
-42
-43
-48
-44
-54
-40
-42
-46
-36
-33
-27
-41
-32
-37
-24
-26
-36
-34
-39
-34
-41
-34
-32
-28
-35
-38
-34
-37
-37
-47
-41
-41
-44
-32
-30
-44
-41
-41
-46
-51
-47
-45
-44
-38
-41
-32
-47
-51
-47
-38
-50
-50
-44
-45
-46
-56
-57
-55
-44
-51
-48
-47
-49
-39
-52
-49
-45
-54
-29
-35
-41
-42
-34
-32
-42
-38
-32
-29
-33
-28
-26
-40
-34
-26
-37
-38
-36
-38
-29
-22
-34
-43
-18
-35
-44
-16
-37
-26
-18
-26
-17
-37
-31
-34
-26
-36
-42
-22
-40
-19
-23
-25
-26
-23
-21
-26
-27
-21
-14
-31
-30
-19
-22
-26
-25
-38
-37
-39
-45
-30
-18
-35
-39
-34
-41
-27
-28
-33
-33
-44
-42
-45
-49
-36
-41
-40
-32
-41
-34
-27
-39
-27
-35
-27
-40
-47
-46
-41
-24
-36
-42
-30
-38
-41
-24
-16
-25
-24
-23
-36
-39
-31
-30
-29
-34
-24
-29
-59
-27
-29
-21
-15
-24
-31
-25
-17
-33
-21
-28
-24
-9
-6
-26
-25
-9
-20
-10
-13
-15
-23
-6
-6
-9
-14
-7
12
2
-7
-2
-13
3
-3
-1
-1
-18
-8
0
-8
-18
-3
-11
-5
3
-10
-5
-5
-10
-8
-10
-15
-23
-19
-21
-13
-18
-41
-34
-29
-26
-29
-37
-35
-28
-20
-33
-26
-17
-20
-27
-29
-14
-12
-36
-35
-33
-19
-21
-44
-35
-33
-38
-44
-27
-31
-45
-41
-43
-26
-23
-44
-36
-23
-43
-33
-28
-30
-40
-36
-34
-45
-37
-39
-35
-40
-53
-53
-44
-41
-47
-43
-36
-47
-32
-24
-29
-10
-14
-22
-35
-24
-24
-29
-22
-31
-30
-31
-35
-46
-31
-38
-34
-30
-43
-40
-50
-39
-24
-35
-35
-24
-31
-38
-36
-16
-20
-41
-24
-24
-12
-18
-16
-10
-16
-22
-29
-14
-19
-29
-31
-29
-15
-25
-24
-18
-26
-21
-14
-25
-30
-24
-28
-38
-47
-36
-42
-48
-30
-12
-27
-37
-19
-41
-39
-25
-35
-13
-3
-12
-13
-6
-21
-29
-17
-12
-25
-25
-26
-19
-16
-9
-8
-16
3
-5
-12
-9
-5
-26
-24
-19
-16
-17
-6
-12
-15
-15
-19
-17
-26
-34
-25
-20
-24
-25
-27
-33
-45
-25
-12
-32
-32
-23
-43
-30
-26
-23
-23
-31
-26
-20
-35
-36
-33
-36
-35
-28
-27
-37
-41
-42
-43
-45
-41
-47
-30
-40
-49
-46
-39
-47
-39
-36
-43
-42
-53
-29
-36
-23
-18
-25
-26
-21
-19
-32
-5
-16
-19
-9
-16
-26
-24
-1
-18
-5
15
7
-3
-2
-16
-12
-2
12
-5
-13
-23
-14
-6
-25
-17
-8
-14
-7
-20
-17
1
-3
-9
-16
2
1
-1
-1
1
4
18
17
18
10
13
12
10
11
6
20
13
1
11
12
16
15
6
-7
-17
-6
-5
-4
-5
-12
-4
8
-5
-13
3
8
-3
-4
0
-8
-8
7
4
-10
-4
-6
-14
-7
-7
5
-2
-15
6
-6
-5
-11
-19
9
4
-6
-8
-1
-3
-10
6
14
8
-2
-12
-27
-16
-24
-6
5
-27
-15
-15
-11
-18
-25
-18
3
11
-1
-5
2
-12
-10
-4
-9
1
-3
-5
-2
-1
-3
-3
-12
-12
-14
-8
-16
-1
-2
-15
-3
-2
-19
-1
12
1
-1
-10
-1
-2
7
-1
-17
-16
-15
-12
-7
13
-3
-9
-16
-14
-12
-17
-24
-24
-5
-11
-17
-18
-27
-38
-18
-25
-22
-26
-18
-24
-37
-23
-29
-4
-10
-18
-23
-21
-25
-15
1
-11
-25
-19
-4
-18
-29
-21
-21
-26
-19
-17
3
-11
-19
-4
-8
-12
-3
-1
-10
-13
-33
-23
-28
-28
-28
-18
-7
-22
-15
-23
-11
-9
-7
-15
-10
-8
-4
-3
-4
1
-7
1
-4
-1
-3
-6
-19
-9
-25
-9
-1
-5
-4
-19
-14
-24
-15
-19
-13
-31
-20
-24
-12
-23
-28
-20
-27
-29
-12
-12
-33
-6
-20
-9
-2
-17
-8
-19
-13
-16
-18
-6
-17
-5
-11
-5
-5
-17
-12
-3
-17
-12
-7
-14
-12
-23
9
11
-5
-5
8
12
-3
-1
-3
9
5
7
19
15
18
30
14
16
32
19
22
7
13
11
3
18
9
2
-2
14
9
7
8
18
16
9
19
19
14
13
13
36
21
21
22
11
25
14
19
36
33
17
15
31
27
33
30
28
47
41
45
35
48
52
45
40
40
40
31
37
23
36
23
17
43
32
32
20
22
19
15
20
32
27
33
20
26
34
30
28
27
31
21
16
15
20
16
16
12
0
9
-11
9
-4
1
3
10
6
10
17
20
48
31
24
20
26
13
20
24
32
26
14
24
14
14
18
25
27
23
24
7
3
11
11
24
23
25
32
40
24
18
10
19
23
3
21
8
2
-11
-1
-5
-18
-22
-25
-36
-7
-7
-11
-15
-15
-17
-18
-7
-9
-5
9
11
3
-21
-3
-3
-12
-8
-14
-7
3
1
-2
-6
-18
-8
-20
-20
-10
-22
-21
-11
-3
2
-3
-6
3
-8
-11
-6
5
-9
-17
-6
-12
-15
-6
1
-21
-10
-10
-17
-3
-19
-7
1
-11
0
-25
1
-11
-20
0
-2
-10
-8
-7
5
5
-3
3
0
-13
-25
-15
-9
-7
-19
-22
-31
-40
-32
-26
-19
-14
-18
-5
-24
-11
-9
-20
-17
-29
-32
-38
-28
-24
-21
-12
-10
-25
-27
-31
-24
-28
-23
-20
-22
-26
-30
-22
-22
-25
-26
-14
-25
-43
-51
-36
-42
-40
-49
-48
-55
-31
-41
-40
-27
-25
-16
-33
-28
-32
-22
-34
-28
-40
-33
-40
-32
-27
-25
-14
-24
-23
-17
-25
-14
-19
-26
-13
-8
-12
-31
-16
-8
-12
-23
-15
-9
-12
-2
-14
-21
-13
-14
-21
-3
-7
-13
2
2
-3
-27
-6
-24
-28
-25
-35
-26
-28
-26
-24
-22
-23
-30
-40
-26
-22
-41
-34
-40
-33
-40
-32
-37
-49
-36
-47
-47
-54
-45
-19
-34
-36
-42
-35
-37
-23
-4
-22
-7
-16
-6
-4
-17
-22
-17
-7
-7
-16
-16
-7
3
-27
-19
-8
-14
-5
-7
-20
-23
-14
-3
-9
7
14
-15
-16
-13
-17
-12
-20
-18
9
6
2
2
-11
-4
9
4
6
3
11
8
2
15
9
0
-6
8
14
-6
19
5
13
21
-9
16
-3
10
4
6
-3
-5
-5
-10
11
4
-10
-16
-10
-8
6
5
-1
11
8
12
4
4
7
9
3
-7
23
7
4
-8
-13
-14
-10
-7
-18
6
-4
5
19
24
26
15
7
17
15
23
18
28
18
16
17
-6
7
5
1
3
0
2
-11
5
-6
-6
-2
-9
2
15
12
5
4
28
25
17
23
12
17
10
3
7
-3
13
6
0
-2
4
-4
-11
11
3
21
13
-2
7
12
1
18
6
10
4
11
-2
-7
-6
4
5
-12
7
0
1
-5
-5
-20
-14
-12
-25
-12
-6
-16
-9
4
9
18
6
11
-3
1
-5
-14
-8
-20
0
-19
-25
-23
-4
-15
-21
-19
-14
-7
-20
-27
-27
13
-15
-19
-11
-21
4
5
-18
-25
-17
-1
-14
-11
-18
-20
-13
-8
12
10
-7
-8
-11
-11
5
4
-3
-7
12
0
-17
-2
1
-4
-20
-26
-12
-13
-4
-6
3
-10
-20
-23
-22
-7
2
-17
-14
4
-18
-9
-3
5
0
-3
2
-10
0
-6
2
27
-4
-18
-3
-3
-6
16
4
17
-2
-9
5
8
2
-2
20
13
20
13
30
12
12
10
19
23
19
29
30
41
7
10
13
-2
-4
-2
5
13
12
24
20
6
18
8
8
18
14
29
17
28
38
42
48
29
31
22
12
13
1
5
17
23
26
26
21
30
23
19
17
25
43
25
28
29
49
46
37
39
28
33
12
12
35
24
29
10
20
22
5
18
22
19
25
43
19
25
29
27
25
26
22
29
35
40
39
15
22
33
35
26
35
25
26
28
15
21
23
18
11
37
30
28
43
31
38
47
28
31
35
27
34
41
33
28
25
33
26
26
32
24
28
38
31
34
18
19
29
41
49
23
43
37
43
45
36
48
60
31
55
61
45
59
52
51
45
49
53
58
54
57
54
57
30
27
38
19
36
20
33
31
13
19
15
4
20
13
12
26
28
28
19
22
19
19
24
12
-1
12
-3
11
10
18
2
-11
9
5
3
14
13
-3
0
13
14
7
1
8
5
1
-3
-7
-8
5
14
-11
20
19
11
15
14
31
28
19
15
7
7
10
15
24
36
36
23
17
27
20
13
23
35
19
42
45
34
32
40
30
24
45
48
42
21
27
23
24
18
34
24
11
19
19
38
27
43
30
40
36
27
30
29
21
16
26
27
36
36
39
49
56
41
47
33
35
48
43
32
19
24
33
29
40
44
35
40
16
32
27
22
35
18
29
40
26
23
19
26
24
19
34
39
51
36
23
25
36
28
40
31
23
22
30
29
25
22
22
31
31
28
37
53
37
39
36
29
44
25
48
49
42
45
40
50
57
48
36
28
26
39
38
42
29
39
37
39
28
35
40
26
15
34
28
29
37
21
33
37
27
27
-2
12
20
20
29
27
31
24
47
41
28
25
30
43
19
32
38
33
23
48
51
28
40
42
43
37
33
35
27
47
57
39
31
19
37
35
46
39
35
45
39
38
44
50
34
32
22
25
20
8
15
8
11
13
9
26
18
27
18
33
24
11
26
25
24
16
17
10
24
20
5
24
28
16
18
18
33
24
18
18
20
25
29
25
-1
9
31
14
26
19
18
19
16
17
6
-5
16
19
14
30
20
17
15
21
27
29
23
31
37
45
47
38
45
34
39
50
46
40
42
25
26
34
20
26
8
16
43
45
46
47
45
35
43
35
53
33
30
37
20
22
32
57
59
68
32
27
42
49
55
38
40
18
12
25
45
59
45
41
26
35
34
17
24
26
42
28
43
25
23
36
17
20
16
23
38
63
68
55
59
49
42
44
47
45
47
62
50
57
71
44
31
28
47
59
38
50
43
36
34
12
24
23
32
15
40
58
46
53
56
66
50
49
44
38
41
36
34
42
26
23
23
24
38
32
29
53
59
46
31
41
51
37
42
41
26
34
38
33
20
26
17
9
15
34
28
15
40
33
43
40
27
34
33
27
32
43
18
46
33
38
43
33
60
42
44
28
22
27
30
30
28
51
33
28
8
2
12
18
31
23
4
10
12
4
3
14
19
17
22
11
22
18
7
-4
-1
0
-20
20
10
3
-9
-7
6
-28
1
12
25
23
10
14
-3
-3
-18
-17
-15
-7
4
-16
-1
0
0
-1
6
0
-16
-7
-7
21
14
10
24
11
27
12
27
27
14
22
23
29
21
33
15
15
10
-11
22
20
20
17
39
39
13
18
3
-5
13
14
26
43
32
23
-7
-7
-6
-6
-10
40
34
20
25
21
18
1
3
4
0
10
7
9
28
26
28
4
17
16
8
34
27
35
27
4
27
5
13
8
27
29
14
-3
7
11
-17
17
22
4
0
17
-6
20
23
3
9
16
15
0
19
13
9
17
20
25
12
13
20
24
15
12
16
19
19
31
20
24
26
18
31
4
2
14
21
21
27
19
7
26
36
34
29
38
7
8
8
1
11
13
6
16
26
11
15
7
6
6
7
12
12
22
30
11
12
31
18
32
16
21
-7
-5
4
1
2
9
22
25
36
-3
7
-9
-17
-5
6
-5
7
-6
17
-4
-11
17
3
-4
-8
-7
-19
2
8
9
-1
-6
-4
14
-4
4
-23
-9
-14
9
28
13
34
7
15
6
4
-7
-22
-8
-13
-15
-14
19
26
2
-8
-27
-23
8
10
7
18
-9
-3
3
12
-2
-18
-1
-1
2
7
-29
-24
-14
-15
-12
-6
17
-6
-9
-5
-9
3
18
10
-10
15
-1
4
11
11
33
3
12
-1
9
24
34
22
13
16
36
40
13
20
-8
-1
-8
-9
0
19
26
21
13
-16
-3
17
18
14
20
32
31
11
0
5
16
-4
9
-11
7
-7
-6
-7
-2
0
-9
8
8
1
-21
11
11
-11
-14
-9
8
1
-11
-5
-4
-13
-24
-15
13
-13
8
-18
-11
-1
-8
-1
-19
-20
-5
-14
-10
-18
-36
-8
-30
-16
-16
-9
-15
-8
8
-31
-12
-11
-23
-17
10
-9
7
-1
-7
17
5
-6
12
7
20
18
16
22
22
55
26
6
3
18
6
4
4
8
12
15
20
-2
-16
-14
9
13
-22
-5
19
2
8
12
15
-13
6
10
-10
15
-2
4
2
-6
-9
-18
-1
12
6
1
-1
-19
2
28
0
19
10
8
9
13
47
18
25
9
35
19
17
32
29
56
44
61
40
31
37
37
38
63
46
43
48
30
44
51
54
47
34
45
16
21
31
33
39
28
32
14
32
9
10
-11
19
14
-4
0
3
-11
-28
-23
-28
-25
-40
-22
-32
-34
-33
-15
-26
-28
-22
-16
-16
-29
-13
-19
-10
-42
15
-5
18
5
-6
19
15
44
24
16
15
17
17
28
38
48
55
43
54
38
26
15
29
38
44
52
47
84
70
69
83
49
42
52
84
72
78
81
58
63
47
40
32
19
26
-6
-12
-26
-32
-9
-23
-34
-33
-36
-26
-35
-25
-23
-36
-35
-33
-22
-34
-38
-45
-28
4
-7
-2
-16
19
0
10
-3
-6
16
16
43
32
51
21
19
29
35
19
34
58
53
80
70
72
58
60
65
72
71
86
52
88
69
81
85
70
72
37
108
61
89
75
53
31
34
38
20
28
8
-1
-5
-15
-58
-32
-59
-31
-56
-71
-56
-96
-64
-73
-74
-69
-70
-82
-82
-58
-51
-60
-24
-22
-28
11
1
-8
-7
2
6
14
-2
20
24
36
14
29
28
51
23
37
15
12
36
25
54
32
30
3
57
46
44
51
30
12
10
23
-23
-16
0
21
-10
10
0
-8
-27
-26
-32
-70
-21
-51
-85
-91
-85
-78
-98
-68
-80
-90
-100
-95
-87
-100
-86
-104
-71
-64
-77
-74
-66
-57
-86
-78
-54
-56
-52
-24
-14
-2
-18
-13
10
18
9
18
20
7
-6
16
23
38
45
19
56
24
30
15
25
45
16
1
16
13
11
17
10
3
-1
-1
-15
-22
-11
-3
-25
-35
-63
-16
-30
-25
-55
-43
-70
-84
-37
-44
-37
-64
-56
-56
-50
-46
-46
-59
-43
-45
-58
-30
-37
-40
-40
-24
-18
-27
-12
-21
-25
0
7
4
-2
-2
14
12
-3
43
25
11
29
35
49
40
56
29
29
33
31
46
9
26
0
-8
10
-5
12
1
-8
-18
-29
-5
-35
-32
-18
-51
-30
-51
-15
-47
-50
-29
-17
-15
-52
-26
-49
-36
-30
-21
6
-25
-13
8
25
8
8
-17
-60
-14
-11
-14
-3
-28
-16
-25
-39
-25
-9
-4
-24
-19
-3
-47
-45
-32
-2
17
-5
14
19
13
26
-13
-9
5
14
10
13
13
-10
-20
-3
-26
-40
-13
-10
-33
-15
-10
-5
-8
17
-34
-12
-33
-23
-25
-18
19
-7
-17
3
18
29
0
-18
47
-17
-25
-20
-2
-2
-10
-3
-48
-22
-17
-19
-28
-9
-16
-22
-8
20
26
27
12
15
18
-39
19
4
44
15
-8
-47
-61
-36
-4
-21
-23
-19
-28
-18
-10
4
-32
-24
-32
-12
-5
23
38
31
34
34
44
0
-32
52
-19
-23
-4
2
-6
-19
3
-20
-28
-31
-12
-34
-12
1
18
37
3
-16
2
-15
-32
-61
-58
-23
-19
-23
-63
-64
-86
-97
-96
-58
-100
-55
-41
-20
-44
-66
-64
-66
-69
-69
-35
-21
-6
-23
-36
-66
-30
-37
-52
-32
-42
-20
-9
-29
-24
-27
-55
-54
-50
-106
-84
-104
-101
-79
-62
-25
-45
-58
-92
-71
-63
-74
-58
-65
-60
-109
-116
-60
-48
-30
-76
-77
-52
-35
-41
-64
-54
-79
-83
-38
-3
-28
-18
-92
-107
-88
-61
-63
-67
-105
-57
-62
-24
-24
-86
-68
-57
-11
-59
-30
-68
-2
-56
-57
-27
-47
-33
-56
-87
-118
-111
-37
-27
-40
-12
-54
-57
-43
-31
-27
-57
-42
-44
-57
-28
-6
-9
7
1
11
49
0
-12
-29
-36
-26
-40
-38
-36
-35
-91
-88
-153
-71
-51
-19
9
-42
-105
-52
-11
-24
-38
-72
-30
-59
-64
22
-63
-82
-53
-54
-14
-26
-20
-58
-36
-57
-8
6
-8
26
25
-55
-57
-23
-74
-12
-76
-35
-26
54
45
21
2
-40
-7
-17
22
8
-27
-62
-4
5
-14
29
-24
-64
-19
7
60
78
-69
-206
-153
-37
18
60
57
5
-19
25
76
105
51
10
48
28
86
76
56
-20
-43
-106
-26
-50
-88
-26
7
48
-66
-23
-8
37
27
-3
-32
-41
34
64
48
13
5
6
-35
1
-1
-9
9
18
26
33
-3
-54
-68
-37
-3
-25
-27
-34
-54
-54
-13
-18
-11
13
-1
-11
-9
7
-19
47
-6
1
28
-2
12
4
-24
-50
-69
-33
5
-1
-5
-47
-60
-2
19
24
-7
-37
-99
-80
-25
-1
19
-9
-16
-50
-77
-86
-59
-84
-101
-75
-106
-94
-48
-19
-29
-73
-39
-56
-8
14
83
69
-21
-11
-46
-54
-4
19
-8
-62
3
3
-20
-26
-1
-4
-1
6
44
54
23
14
-15
8
11
44
18
-7
3
65
3
-39
-30
-13
7
3
3
-12
-22
-24
-4
-20
-61
-51
-97
-170
-272
-226
-133
-42
30
41
64
60
38
15
26
48
54
77
149
143
85
43
-22
-107
-137
-139
-87
-99
-133
-100
-39
11
40
73
69
98
115
145
140
115
113
135
126
147
107
118
146
37
20
-39
-24
-22
-19
-33
-83
-47
-54
-37
-10
-2
31
40
81
68
98
67
58
136
115
163
146
133
66
22
-12
-15
-9
-30
-10
-3
14
7
-4
-15
-20
-38
-29
-2
59
45
14
34
42
50
46
7
25
10
2
45
69
73
33
50
48
43
41
35
20
30
51
61
48
45
77
30
-25
-150
-236
-179
-133
-63
53
92
63
41
53
37
16
18
22
29
86
116
99
86
80
70
77
63
38
-3
-9
-14
-36
20
43
21
33
61
37
15
20
-13
-47
-41
-34
5
20
-9
20
32
-10
-23
-3
25
22
32
33
30
45
28
18
52
64
48
21
8
17
-3
-16
-6
-31
-3
23
43
67
54
15
-23
-38
-72
-48
-36
-38
-65
-67
-84
-80
-69
-66
-52
-40
-5
5
29
28
22
15
-6
-34
-52
-38
-27
-73
-102
-64
-69
-57
-58
-64
-47
-44
-40
-67
-35
-12
-21
-17
-13
-15
-18
-30
-50
-57
-56
-38
-28
-11
-10
3
9
-2
-1
-20
-44
-43
-46
-39
-41
-25
-19
-41
-63
-75
-45
-50
-48
-53
-36
-21
-25
-19
-38
-41
-58
-46
-21
-37
-67
-63
-36
-16
0
20
28
30
46
33
16
14
13
6
-15
9
-1
22
23
27
50
40
40
20
13
-1
-28
-51
-36
-64
-89
-81
-65
-56
-65
-81
-91
-78
-49
-32
-9
-16
-18
-22
-19
-26
-55
-90
-66
-44
-34
-37
-53
-51
-55
-28
-54
-47
-36
-52
-59
-83
-111
-108
-115
-86
-70
-60
-31
-27
-12
20
44
54
81
115
119
151
163
153
168
167
192
218
262
276
306
339
357
401
451
488
498
548
581
606
606
639
661
628
669
669
626
580
486
357
214
62
-76
-203
-281
-369
-405
-403
-412
-415
-408
-422
-481
-536
-611
-666
-731
-798
-824
-837
-833
-788
-738
-680
-598
-567
-545
-545
-540
-546
-561
-574
-564
-563
-558
-561
-533
-536
-556
-550
-539
-510
-476
-413
-322
-181
-13
115
209
327
387
422
453
476
526
599
682
797
923
1040
1151
1279
1369
1479
1570
1633
1669
1700
1787
1806
1649
1316
881
415
3
-476
-906
-1229
-1515
-1693
-1806
-1678
-1388
-1157
-912
-660
-414
-194
-9
136
298
384
419
459
506
629
684
671
628
519
368
104
-137
-362
-631
-908
-1181
-1354
-1434
-1487
-1508
-1465
-1394
-1380
-1404
-1355
-1243
-1134
-1032
-904
-785
-655
-568
-504
-405
-372
-404
-496
-550
-564
-600
-663
-696
-707
-703
-661
-615
-475
-352
-269
-170
-60
103
272
445
617
853
1084
1337
1593
1860
2145
2369
2554
2666
2775
2901
2933
2844
2457
1775
946
68
-758
-1524
-2202
-2753
-3108
-3305
-3218
-2810
-2235
-1622
-1069
-567
-75
372
760
1043
1280
1436
1471
1517
1630
1788
1887
1843
1626
1272
771
141
-507
-1108
-1701
-2233
-2621
-2757
-2686
-2417
-2036
-1598
-1159
-798
-496
-229
34
219
320
353
359
335
297
252
110
-106
-420
-799
-1123
-1399
-1579
-1706
-1752
-1720
-1618
-1409
-1139
-850
-628
-492
-437
-413
-381
-262
-118
46
293
550
818
1128
1421
1645
1728
1721
1673
1589
1554
1526
1612
1757
1974
2248
2492
2620
2371
1660
768
-211
-1178
-2064
-2857
-3312
-3526
-3480
-3128
-2462
-1525
-683
4
572
1015
1362
1509
1544
1578
1599
1535
1507
1590
1748
1825
1627
1257
732
51
-743
-1524
-2146
-2630
-2959
-3038
-2814
-2277
-1643
-973
-323
226
618
854
918
882
739
510
294
85
-28
-110
-228
-350
-595
-959
-1340
-1721
-1952
-2027
-1986
-1841
-1594
-1268
-905
-570
-295
-126
-94
-171
-333
-450
-499
-461
-352
-137
125
457
813
1123
1325
1381
1315
1176
1073
1017
1069
1210
1471
1853
2266
2758
3153
3254
2941
2044
913
-374
-1598
-2615
-3447
-3862
-3947
-3700
-3092
-2178
-1098
-155
568
1050
1368
1556
1628
1694
1730
1798
1794
1861
1991
2056
2020
1621
1022
210
-742
-1663
-2479
-2998
-3237
-3218
-2910
-2301
-1476
-623
147
742
1144
1299
1280
1117
879
623
329
81
-128
-257
-386
-561
-905
-1355
-1779
-2200
-2394
-2424
-2240
-1846
-1386
-843
-357
97
370
408
291
46
-284
-578
-768
-841
-755
-577
-311
19
412
766
968
1069
1080
1012
902
857
906
1067
1356
1711
2181
2758
3278
3507
3417
2835
1757
412
-1048
-2293
-3246
-3888
-4078
-3951
-3392
-2571
-1608
-542
335
977
1325
1517
1647
1756
1857
1962
2096
2198
2258
2192
2040
1675
1004
55
-1038
-2069
-2924
-3466
-3598
-3335
-2754
-1985
-1082
-122
734
1366
1706
1767
1617
1338
1018
747
484
226
-46
-350
-620
-955
-1394
-1900
-2417
-2825
-2994
-2861
-2444
-1790
-1031
-294
286
717
932
885
621
183
-326
-841
-1207
-1353
-1297
-1043
-721
-374
-22
271
460
590
623
566
491
430
492
700
1029
1505
2012
2575
3153
3666
3975
3806
3195
2023
545
-1000
-2462
-3411
-4042
-4235
-4069
-3577
-2717
-1775
-729
177
851
1282
1518
1692
1895
2190
2440
2657
2754
2715
2558
2156
1574
698
-348
-1516
-2643
-3398
-3718
-3563
-3022
-2214
-1245
-309
555
1286
1779
1978
1880
1587
1219
906
710
630
521
283
-148
-721
-1347
-1993
-2650
-3245
-3593
-3602
-3208
-2418
-1363
-261
640
1215
1453
1391
1116
681
155
-375
-814
-1161
-1301
-1247
-1092
-858
-661
-529
-445
-359
-254
-132
24
199
376
621
940
1333
1706
2103
2444
2793
3128
3423
3672
3468
2965
1975
655
-735
-2113
-3083
-3714
-4003
-3981
-3603
-2872
-1959
-959
13
845
1413
1791
2066
2350
2653
2861
2985
2949
2761
2415
1818
1082
176
-883
-1994
-3021
-3641
-3793
-3502
-2820
-1897
-853
106
898
1516
1953
2085
1934
1618
1268
971
722
582
458
208
-241
-893
-1597
-2341
-3026
-3523
-3677
-3408
-2775
-1831
-735
339
1147
1561
1620
1383
918
352
-188
-609
-924
-1115
-1161
-1121
-1047
-985
-988
-1025
-1023
-996
-882
-672
-335
65
433
802
1155
1471
1742
1936
2113
2265
2378
2528
2747
3030
3155
2920
2335
1258
4
-1340
-2530
-3312
-3843
-3894
-3627
-2976
-2026
-983
96
999
1647
2090
2335
2488
2615
2750
2872
2849
2660
2341
1828
1099
189
-889
-1982
-2981
-3712
-4009
-3828
-3146
-2202
-1143
-104
767
1445
1858
2037
2026
1859
1587
1343
1152
1039
920
676
220
-474
-1308
-2196
-2976
-3555
-3827
-3699
-3170
-2272
-1206
-149
717
1214
1334
1144
767
332
-52
-364
-537
-601
-598
-549
-519
-498
-628
-900
-1200
-1439
-1465
-1315
-955
-475
-22
398
686
923
1104
1236
1315
1367
1484
1654
1929
2312
2781
3313
3663
3508
2842
1654
152
-1249
-2401
-2940
-3062
-2847
-2398
-1839
-1081
-349
278
750
1007
1105
1162
1308
1655
2112
2542
2738
2641
2217
1492
512
-530
-1589
-2514
-3189
-3512
-3276
-2666
-1750
-746
124
797
1199
1394
1443
1433
1392
1338
1330
1309
1292
1194
888
379
-378
-1383
-2406
-3330
-3952
-4121
-3850
-3131
-2157
-1149
-189
549
1003
1148
1056
831
571
356
257
223
198
100
-133
-451
-842
-1174
-1443
-1566
-1508
-1326
-1057
-693
-306
24
276
371
345
267
191
230
441
805
1274
1821
2341
2846
3227
3556
3774
3828
3700
3006
1845
382
-1055
-2200
-2925
-3103
-2913
-2560
-2253
-1954
-1566
-1100
-658
-204
295
865
1480
2115
2763
3306
3555
3368
2741
1817
768
-388
-1391
-2123
-2533
-2658
-2558
-2185
-1641
-1110
-629
-237
46
254
413
628
948
1299
1602
1785
1768
1536
1101
481
-220
-1079
-1988
-2639
-3112
-3123
-2852
-2323
-1599
-1053
-496
-159
152
408
504
599
599
572
484
325
79
-240
-612
-1013
-1340
-1468
-1401
-1213
-870
-470
-126
192
364
471
430
241
52
-136
-158
-24
239
579
948
1352
1643
1913
2180
2378
2645
2879
3093
3346
3535
3300
2189
690
-937
-2286
-3267
-3831
-3569
-3006
-2302
-1783
-1209
-477
49
518
885
1412
1948
2372
2773
3080
3313
3102
2435
1565
634
-374
-1404
-2074
-2401
-2401
-2260
-2016
-1555
-1177
-876
-638
-415
-110
128
463
846
1282
1681
1831
1812
1500
1035
403
-295
-946
-1435
-1795
-2066
-2109
-2037
-1814
-1571
-1383
-1126
-853
-518
-228
3
225
348
391
300
148
-13
-231
-431
-601
-679
-713
-720
-650
-545
-416
-283
-174
-68
42
139
209
266
308
347
384
471
629
833
1072
1356
1624
1877
2124
2376
2567
2687
2737
2791
2906
2547
1530
197
-1044
-1897
-2454
-2624
-2256
-1709
-1238
-1011
-835
-590
-494
-338
42
702
1480
2054
2474
2762
2837
2577
1962
1195
420
-349
-986
-1273
-1283
-1209
-1240
-1321
-1401
-1534
-1612
-1628
-1478
-1128
-621
-25
548
1040
1424
1571
1518
1335
1126
925
652
374
112
-213
-660
-1226
-1826
-2266
-2519
-2580
-2366
-1984
-1503
-1069
-799
-592
-488
-396
-307
-182
49
263
415
467
433
368
224
100
79
112
233
333
452
493
468
310
65
-247
-550
-742
-825
-757
-628
-345
-2
356
806
1243
1677
2148
2563
3024
3379
3637
3865
3926
3505
2298
864
-427
-1407
-2134
-2541
-2361
-2062
-1860
-1861
-1869
-1770
-1805
-1659
-1135
-135
1050
1941
2606
2988
3065
2741
2171
1661
1190
710
210
-95
-286
-590
-1002
-1492
-1934
-2229
-2307
-2139
-1775
-1187
-618
-177
152
375
549
549
572
782
1054
1299
1427
1395
1177
691
-11
-806
-1500
-1951
-2172
-2183
-2011
-1823
-1676
-1564
-1570
-1527
-1391
-1152
-728
-214
357
819
1071
1164
1132
1089
1033
976
986
939
768
500
107
-282
-693
-1035
-1219
-1272
-1193
-1087
-976
-848
-712
-527
-227
166
639
1167
1775
2421
2943
3298
3537
3649
3667
3627
3533
3225
2403
1203
-21
-893
-1502
-1931
-2059
-2028
-1971
-2087
-2270
-2258
-2203
-2085
-1698
-959
76
995
1615
1987
2149
2190
2138
2141
2237
2233
2110
1839
1487
1024
385
-333
-1054
-1647
-2081
-2288
-2411
-2443
-2411
-2378
-2313
-2153
-1796
-1289
-700
14
795
1488
1941
2095
2115
1942
1682
1310
867
477
54
-377
-802
-1231
-1580
-1937
-2232
-2373
-2366
-2170
-1933
-1617
-1222
-855
-520
-201
85
395
695
953
1210
1352
1408
1294
1048
773
431
87
-236
-465
-630
-761
-827
-814
-749
-642
-470
-244
26
290
562
814
1115
1435
1752
2070
2387
2582
2781
2921
3113
3195
2687
1949
1050
492
186
-172
-342
-514
-797
-1251
-1732
-2027
-2200
-2348
-2265
-1825
-1173
-516
-126
133
377
549
912
1328
1847
2205
2233
2084
1739
1345
893
447
62
-182
-281
-404
-614
-989
-1416
-1871
-2264
-2453
-2374
-2074
-1788
-1451
-1044
-658
-349
-83
194
492
792
1022
1172
1205
1100
928
696
516
337
166
-31
-335
-645
-976
-1296
-1531
-1657
-1676
-1588
-1411
-1215
-994
-799
-617
-408
-178
63
246
466
680
885
1072
1174
1218
1171
1058
890
688
471
247
79
-32
-128
-205
-242
-236
-136
15
200
474
748
1117
1544
2011
2518
2930
3185
3055
2676
2203
1796
1459
1040
623
187
-290
-860
-1473
-1957
-2341
-2610
-2695
-2559
-2220
-1849
-1567
-1339
-1054
-648
-202
284
793
1243
1525
1671
1733
1695
1614
1425
1261
1127
967
773
455
86
-322
-699
-1039
-1315
-1489
-1635
-1783
-1872
-1851
-1732
-1548
-1350
-1132
-874
-600
-351
-238
-150
-13
154
368
572
750
841
810
732
591
482
338
126
-77
-226
-384
-564
-786
-990
-1143
-1210
-1163
-1044
-851
-690
-548
-415
-285
-99
83
263
476
691
890
1004
1036
1012
956
900
815
728
662
599
546
496
435
435
445
442
484
598
742
944
1182
1438
1689
1667
1467
1222
1102
1133
1038
837
581
281
-101
-581
-976
-1221
-1445
-1634
-1712
-1650
-1565
-1573
-1598
-1510
-1266
-905
-525
-152
206
441
631
821
1067
1302
1458
1501
1468
1352
1139
826
418
51
-257
-539
-799
-1012
-1087
-1113
-1106
-1020
-896
-800
-807
-816
-769
-689
-584
-603
-624
-527
-379
-248
-219
-213
-247
-314
-340
-364
-347
-326
-299
-179
16
245
399
434
411
378
305
262
238
207
170
150
118
65
-20
-147
-316
-459
-581
-623
-608
-584
-512
-427
-290
-134
59
280
515
748
1005
1189
1372
1537
1592
1644
1651
1646
1689
1719
1784
1743
1474
1123
734
459
317
117
-91
-391
-667
-792
-910
-967
-1026
-1058
-1029
-955
-802
-704
-679
-717
-710
-666
-580
-505
-496
-489
-443
-275
-20
233
501
702
838
969
1068
1146
1205
1226
1232
1225
1130
948
651
315
-6
-348
-623
-898
-1184
-1442
-1691
-1808
-1807
-1723
-1623
-1535
-1366
-1125
-819
-564
-359
-131
65
253
409
506
545
511
491
498
522
481
388
259
139
35
-56
-139
-239
-262
-229
-111
-2
82
116
130
120
76
29
-47
-134
-197
-147
-56
53
111
115
52
1
9
26
102
209
349
589
850
1116
1333
1490
1731
1965
2063
2025
1879
1788
1782
1727
1565
1215
756
327
-31
-348
-599
-853
-1096
-1350
-1564
-1706
-1863
-1934
-1899
-1681
-1371
-1073
-830
-695
-578
-429
-217
4
242
465
633
769
933
1062
1142
1200
1240
1268
1249
1202
1083
928
787
651
477
232
-85
-382
-633
-858
-950
-1047
-1139
-1304
-1520
-1661
-1695
-1633
-1574
-1502
-1403
-1224
-980
-695
-363
-102
121
327
470
578
628
621
591
581
614
584
485
316
163
58
-23
-82
-79
-91
-108
-100
-120
-129
-137
-129
-121
-107
-95
-85
-60
1
95
206
315
374
464
546
693
862
999
1112
1191
1261
1392
1449
1327
1091
1039
1311
1646
1741
1549
1296
1113
963
841
738
495
101
-374
-750
-989
-1238
-1531
-1777
-1902
-1897
-1873
-1892
-1857
-1722
-1475
-1086
-712
-429
-254
-84
120
385
736
1020
1180
1237
1299
1314
1291
1253
1219
1221
1177
1110
963
785
579
391
268
107
-31
-204
-451
-711
-919
-969
-1015
-1089
-1261
-1496
-1662
-1748
-1717
-1598
-1429
-1290
-1203
-1070
-839
-594
-337
-108
89
268
381
474
586
728
886
1020
1081
1082
1022
914
798
711
634
540
388
190
-24
-215
-404
-532
-575
-613
-598
-535
-436
-309
-190
-24
188
443
680
908
1157
1391
1698
1865
1826
1646
1512
1613
1744
1723
1505
1208
1017
862
703
541
361
97
-226
-402
-455
-492
-641
-791
-866
-875
-876
-960
-1052
-1086
-1021
-899
-828
-774
-772
-800
-775
-612
-361
-125
26
141
339
516
694
841
969
1097
1209
1242
1228
1161
1022
871
729
611
462
258
21
-197
-378
-486
-602
-765
-996
-1221
-1384
-1476
-1461
-1410
-1357
-1304
-1257
-1152
-970
-819
-653
-480
-297
-138
-10
154
277
415
525
579
579
532
470
399
383
381
373
362
364
369
385
398
410
401
366
347
364
365
341
313
305
283
245
218
136
87
78
108
182
269
416
558
608
587
571
772
1086
1291
1364
1336
1365
1424
1453
1485
1428
1237
910
566
277
71
-193
-473
-702
-948
-1121
-1365
-1549
-1627
-1623
-1521
-1449
-1356
-1281
-1198
-1047
-835
-517
-187
73
248
408
596
786
929
1031
1097
1111
1059
1004
947
938
859
728
581
382
128
-85
-190
-258
-273
-357
-475
-607
-729
-789
-838
-839
-841
-903
-984
-1075
-1112
-1097
-1030
-942
-826
-712
-611
-490
-343
-184
-46
57
131
202
266
337
364
393
419
405
395
365
335
294
254
211
180
164
166
190
200
236
271
312
315
322
337
349
333
317
336
407
514
612
771
868
846
789
739
772
895
969
995
947
888
890
908
915
843
707
545
415
346
321
293
193
36
-141
-341
-563
-779
-973
-1100
-1166
-1232
-1278
-1322
-1343
-1326
-1238
-1105
-913
-716
-520
-290
-36
248
525
784
994
1146
1215
1243
1211
1133
1033
859
658
421
204
53
-45
-166
-381
-647
-899
-1081
-1181
-1193
-1155
-1092
-1015
-911
-760
-617
-494
-438
-435
-442
-433
-445
-460
-459
-424
-395
-343
-262
-207
-169
-140
-87
-7
64
121
177
264
397
540
643
699
710
639
547
461
411
350
272
196
145
119
82
53
21
-5
5
75
171
311
519
710
875
1010
1085
1179
1331
1513
1656
1662
1538
1376
1239
1137
1043
875
639
336
52
-155
-289
-366
-530
-740
-922
-1040
-1081
-1077
-1047
-1018
-962
-897
-806
-718
-631
-527
-383
-228
-74
73
159
210
226
255
258
220
122
10
-51
-67
-44
13
48
37
-6
-70
-102
-121
-173
-238
-348
-419
-487
-515
-510
-511
-530
-610
-676
-738
-764
-760
-780
-789
-773
-688
-587
-460
-316
-183
-93
-22
64
139
208
257
296
344
391
450
474
506
509
472
447
408
402
348
310
297
280
281
241
197
166
88
43
30
46
62
107
200
325
509
728
947
1092
1190
1245
1315
1468
1645
1738
1691
1530
1358
1189
1056
917
723
459
150
-102
-289
-392
-499
-657
-841
-1019
-1142
-1221
-1267
-1266
-1258
-1236
-1179
-1062
-897
-730
-570
-421
-294
-225
-181
-161
-147
-122
-83
15
112
198
263
287
308
304
254
184
80
-68
-154
-197
-251
-294
-339
-417
-454
-469
-427
-383
-368
-400
-467
-491
-516
-496
-459
-450
-431
-423
-406
-380
-327
-316
-315
-309
-272
-184
-53
83
209
321
421
500
542
564
508
458
405
371
354
342
319
303
258
237
207
182
159
113
130
112
138
207
263
321
387
480
632
769
885
932
932
942
999
1058
1065
1033
916
802
715
676
684
644
527
311
76
-108
-249
-370
-515
-683
-879
-1048
-1143
-1146
-1124
-1090
-1076
-1063
-1035
-993
-901
-809
-711
-634
-518
-370
-235
-90
48
112
168
256
303
359
392
403
424
425
398
343
260
159
93
65
9
-63
-179
-272
-351
-422
-454
-501
-549
-604
-642
-630
-606
-617
-649
-680
-685
-622
-481
-305
-132
11
76
126
180
232
289
335
360
378
373
352
332
325
308
263
243
231
223
220
198
173
140
78
15
-25
-36
-22
-9
41
88
129
154
204
260
365
495
636
729
791
860
931
994
1043
1054
1006
913
809
770
718
684
568
410
218
41
-85
-198
-298
-447
-612
-785
-890
-921
-923
-925
-906
-905
-856
-753
-619
-467
-348
-231
-160
-113
-34
74
162
209
285
356
416
440
464
476
451
406
308
215
135
1
-68
-130
-188
-262
-316
-367
-391
-407
-417
-423
-470
-480
-485
-458
-414
-375
-367
-357
-349
-334
-305
-297
-272
-271
-246
-223
-209
-170
-103
-37
6
98
156
207
262
314
363
385
383
370
356
358
351
326
275
203
112
17
-80
-161
-183
-173
-132
-77
30
111
201
352
500
666
811
926
1035
1138
1210
1258
1233
1180
1076
955
873
760
655
516
347
195
44
-87
-242
-362
-481
-574
-625
-651
-629
-631
-587
-531
-472
-396
-322
-243
-189
-114
-45
11
56
110
171
183
205
202
166
124
80
53
53
32
-2
-29
-52
-56
-65
-58
-50
-105
-141
-195
-257
-309
-371
-431
-502
-588
-659
-697
-726
-743
-774
-790
-797
-785
-747
-676
-561
-438
-329
-186
-52
88
182
255
282
294
321
334
356
336
268
205
150
97
59
19
-25
-83
-78
-43
20
78
131
194
239
315
404
510
605
715
788
863
932
944
911
868
839
841
842
854
869
848
798
696
621
538
470
382
290
190
117
70
25
8
-45
-93
-187
-262
-337
-398
-458
-520
-563
-606
-631
-629
-619
-613
-558
-503
-469
-404
-302
-208
-156
-83
-24
44
133
168
185
163
124
91
39
-35
-126
-253
-376
-507
-580
-568
-572
-583
-629
-671
-713
-732
-710
-701
-674
-649
-605
-529
-421
-306
-224
-182
-152
-148
-166
-132
-110
-84
-13
30
91
170
233
305
315
358
377
379
391
378
393
381
391
400
393
364
342
349
371
399
379
403
407
442
486
554
643
723
785
818
847
874
921
913
917
909
880
856
809
767
705
614
510
389
204
78
-52
-150
-238
-317
-394
-489
-564
-649
-664
-704
-689
-684
-660
-601
-548
-471
-399
-319
-247
-203
-179
-155
-160
-138
-124
-96
-82
-99
-147
-192
-249
-275
-314
-335
-364
-397
-396
-411
-389
-364
-337
-342
-321
-349
-352
-337
-325
-302
-307
-287
-282
-277
-251
-205
-150
-121
-78
-39
-15
10
36
62
91
136
176
221
291
331
352
392
426
447
450
479
516
535
552
569
593
618
617
602
591
561
545
551
547
539
548
585
608
637
651
655
679
690
713
741
753
732
726
710
733
702
655
576
447
325
210
98
18
-56
-132
-223
-340
-446
-532
-584
-642
-649
-687
-686
-675
-655
-615
-595
-561
-533
-516
-491
-440
-408
-371
-341
-299
-244
-202
-181
-180
-185
-187
-206
-247
-268
-280
-265
-251
-220
-202
-216
-213
-266
-292
-328
-356
-343
-323
-330
-293
-253
-245
-196
-171
-131
-95
-42
6
34
86
153
199
244
324
370
382
395
386
374
372
387
402
436
434
436
447
432
426
419
432
453
461
463
498
542
583
613
653
699
718
741
753
729
718
708
687
656
608
547
466
393
335
285
222
158
106
8
-97
-161
-196
-235
-256
-243
-245
-243
-250
-273
-293
-298
-314
-325
-309
-296
-303
-327
-346
-359
-398
-443
-474
-497
-514
-556
-558
-548
-557
-531
-480
-404
-346
-324
-302
-294
-290
-260
-214
-187
-160
-141
-130
-122
-116
-149
-179
-205
-229
-247
-254
-242
-224
-195
-155
-96
-25
10
34
67
74
97
127
179
232
274
332
353
369
404
424
419
440
442
437
438
435
415
407
400
380
390
403
442
435
450
487
546
628
711
806
874
920
925
899
875
827
714
610
467
302
138
-15
-127
-232
-302
-380
-428
-462
-487
-470
-424
-340
-260
-163
-62
7
50
64
85
88
84
83
58
0
-60
-104
-166
-221
-272
-332
-388
-448
-497
-557
-618
-647
-636
-616
-591
-540
-531
-494
-482
-475
-453
-430
-396
-373
-323
-287
-239
-210
-174
-142
-106
-80
-63
-27
-32
-40
-28
-26
-30
2
41
83
109
154
200
209
274
301
320
353
354
383
369
342
314
259
219
168
135
121
114
146
197
278
381
503
633
764
860
952
1035
1080
1108
1054
997
945
848
722
601
439
276
123
4
-88
-165
-248
-343
-409
-455
-468
-495
-505
-493
-455
-414
-371
-332
-315
-310
-303
-296
-281
-250
-213
-179
-146
-93
-55
-26
16
18
15
4
-49
-96
-171
-232
-318
-407
-480
-556
-621
-681
-721
-751
-755
-748
-746
-683
-633
-587
-527
-476
-426
-371
-334
-268
-214
-178
-134
-107
-67
-30
31
101
197
263
337
373
383
375
351
337
309
282
262
228
168
127
86
79
82
100
106
123
148
174
237
298
362
421
474
546
621
682
723
752
739
720
682
643
622
573
546
495
423
360
297
248
196
140
77
-20
-94
-184
-276
-347
-424
-496
-553
-579
-614
-641
-659
-679
-664
-606
-565
-459
-369
-312
-250
-203
-151
-121
-105
-78
-79
-77
-100
-132
-160
-193
-201
-244
-255
-259
-314
-347
-419
-455
-485
-539
-535
-545
-552
-549
-564
-554
-541
-516
-492
-444
-409
-368
-297
-264
-182
-136
-65
7
95
172
231
272
270
299
326
352
359
370
374
359
365
354
335
348
361
365
379
402
419
439
450
438
446
439
441
473
490
537
534
512
465
416
401
365
366
357
363
364
329
291
266
233
178
150
81
-5
-75
-145
-208
-249
-298
-324
-355
-409
-457
-495
-539
-573
-568
-546
-533
-512
-478
-440
-418
-388
-359
-342
-338
-326
-324
-313
-318
-328
-321
-312
-316
-308
-314
-318
-326
-318
-313
-302
-270
-262
-258
-271
-287
-296
-289
-297
-285
-293
-279
-251
-261
-201
-176
-159
-132
-94
-57
-39
4
38
78
93
134
169
184
203
243
266
283
315
330
379
413
453
499
542
563
600
617
624
630
634
628
632
640
636
604
553
485
397
353
297
262
255
246
234
191
183
140
102
61
26
2
-58
-109
-190
-254
-311
-342
-376
-413
-427
-446
-471
-457
-448
-414
-392
-368
-342
-323
-307
-312
-335
-341
-342
-365
-398
-411
-415
-404
-417
-420
-413
-433
-427
-420
-406
-404
-387
-381
-357
-350
-357
-362
-360
-360
-315
-271
-237
-196
-168
-115
-64
-28
4
22
28
61
61
79
77
79
86
77
70
59
48
31
19
7
3
34
61
95
141
195
253
311
347
385
430
489
496
549
600
631
665
664
682
663
635
594
560
540
492
445
406
358
283
231
157
79
20
-23
-81
-134
-200
-238
-267
-288
-303
-335
-320
-334
-349
-339
-340
-329
-322
-325
-302
-322
-319
-338
-353
-353
-396
-399
-412
-424
-424
-394
-373
-344
-312
-303
-319
-325
-327
-331
-351
-383
-374
-398
-407
-421
-433
-462
-464
-485
-476
-424
-399
-354
-310
-232
-159
-68
28
96
158
219
269
293
329
365
372
396
372
377
370
350
327
278
244
191
154
149
148
132
145
143
161
201
231
272
349
406
460
500
548
579
621
651
630
608
559
511
466
400
358
294
214
145
88
38
10
-10
-41
-60
-78
-85
-96
-95
-114
-109
-112
-138
-139
-159
-175
-204
-261
-305
-363
-409
-463
-502
-539
-579
-606
-589
-599
-581
-567
-536
-487
-491
-475
-450
-412
-372
-307
-259
-229
-221
-237
-237
-247
-273
-315
-325
-351
-358
-373
-370
-337
-314
-280
-257
-239
-225
-197
-159
-98
-50
36
123
198
266
316
369
404
427
429
452
451
462
453
471
472
447
429
393
366
338
327
309
297
281
282
295
301
332
358
360
360
357
347
341
324
307
270
272
240
225
237
177
136
83
37
-7
-43
-81
-106
-154
-173
-200
-231
-244
-273
-271
-287
-274
-268
-278
-275
-262
-261
-270
-298
-335
-366
-394
-407
-434
-443
-489
-530
-557
-583
-588
-625
-635
-634
-632
-619
-590
-583
-554
-515
-487
-435
-393
-341
-299
-239
-200
-147
-106
-67
-32
-3
29
54
106
113
118
104
96
93
99
97
94
113
120
165
199
230
261
265
289
316
328
345
378
409
425
432
441
442
439
437
430
428
415
412
426
425
424
416
391
387
364
324
277
235
194
173
131
74
41
-28
-63
-122
-177
-227
-270
-333
-356
-359
-377
-368
-371
-376
-367
-361
-343
-330
-321
-306
-303
-287
-296
-304
-322
-344
-365
-388
-417
-434
-449
-477
-472
-494
-499
-502
-492
-480
-487
-481
-456
-429
-417
-394
-393
-371
-334
-313
-290
-244
-224
-206
-157
-136
-119
-91
-64
-38
-4
48
57
110
168
193
227
237
271
299
326
347
385
375
389
388
373
375
340
350
355
355
363
378
380
364
378
377
355
342
332
337
328
302
305
299
267
246
224
205
192
171
159
144
129
103
56
46
2
-39
-42
-59
-61
-99
-131
-146
-195
-240
-321
-374
-430
-480
-531
-559
-583
-622
-634
-648
-659
-671
-650
-607
-587
-532
-498
-436
-401
-360
-311
-287
-268
-253
-231
-214
-206
-189
-182
-192
-206
-228
-221
-213
-235
-220
-201
-201
-180
-166
-141
-129
-94
-71
-24
-5
10
46
86
109
131
166
186
221
209
243
266
282
299
313
320
338
358
355
371
398
410
394
382
380
382
373
352
344
325
324
331
315
309
275
228
193
159
104
74
51
26
12
-10
-24
-24
-26
-16
-27
-15
-10
0
-7
-14
-23
-55
-73
-110
-130
-170
-203
-234
-267
-305
-337
-384
-388
-423
-449
-463
-469
-465
-474
-450
-447
-421
-393
-395
-368
-360
-354
-319
-307
-274
-263
-218
-209
-213
-182
-177
-175
-146
-140
-146
-118
-125
-92
-66
-42
0
12
45
95
124
132
135
164
178
178
216
227
235
261
269
258
248
234
225
223
211
186
170
171
170
180
186
199
220
249
259
280
301
292
302
303
294
304
314
285
252
243
213
185
126
83
57
22
-12
-46
-68
-97
-98
-104
-129
-140
-166
-172
-180
-195
-185
-185
-208
-201
-200
-209
-209
-210
-221
-237
-242
-267
-301
-301
-305
-309
-275
-275
-269
-241
-244
-230
-221
-225
-220
-210
-194
-171
-153
-164
-158
-149
-144
-149
-159
-161
-148
-114
-90
-67
-42
-34
-9
-6
8
18
38
67
89
114
138
154
182
198
197
204
213
239
240
248
257
260
264
267
270
271
267
252
265
241
219
230
233
213
207
207
202
189
158
133
94
74
42
17
3
-9
-5
6
0
-6
-11
-28
-47
-65
-61
-59
-76
-71
-70
-68
-66
-80
-96
-138
-140
-160
-174
-185
-208
-210
-214
-226
-248
-256
-276
-282
-284
-282
-265
-252
-222
-201
-205
-190
-175
-164
-144
-127
-98
-83
-78
-56
-58
-52
-50
-27
-1
1
5
35
43
46
81
80
58
53
33
10
3
-7
-16
-21
-30
-17
3
-11
12
32
36
74
83
115
143
164
196
206
239
237
249
262
252
258
231
219
215
180
152
109
103
78
70
59
57
48
54
56
57
45
20
4
-33
-41
-43
-51
-79
-62
-86
-96
-97
-132
-125
-141
-127
-148
-173
-161
-157
-152
-150
-141
-137
-139
-128
-135
-132
-136
-148
-142
-145
-140
-115
-111
-113
-104
-93
-107
-107
-125
-121
-121
-133
-114
-128
-104
-91
-88
-89
-81
-75
-57
-50
-47
-35
-30
-22
-5
8
22
46
52
61
79
108
98
107
121
123
122
117
107
93
86
74
60
73
63
47
34
18
1
-5
-27
-36
-33
-30
-27
-18
13
34
60
70
86
122
127
125
113
102
112
107
78
68
48
23
8
-27
-49
-103
-131
-150
-173
-208
-224
-216
-209
-219
-217
-149
-144
-134
-102
-90
-90
-83
-68
-62
-46
-34
-35
-28
-38
-51
-66
-75
-60
-82
-87
-75
-86
-92
-73
-62
-47
-35
-6
-6
-16
3
7
23
23
25
6
18
17
30
26
12
-12
-27
-33
-66
-68
-62
-60
-64
-49
-44
-5
7
13
40
33
67
83
111
128
125
109
99
104
100
89
95
86
72
70
57
34
21
10
-5
-34
-36
-36
-48
-49
-51
-34
-37
-21
-27
-21
-3
-13
-22
-12
-14
-26
-8
-15
-5
-15
-24
-6
-22
-36
-34
-57
-67
-88
-85
-84
-90
-87
-85
-72
-67
-67
-72
-69
-75
-68
-65
-44
-41
-25
-30
-21
5
15
21
20
29
31
48
63
79
103
125
131
142
153
155
162
157
141
125
117
110
112
98
80
72
58
51
27
29
13
-22
-17
-43
-47
-41
-57
-45
-42
-37
-36
-11
7
12
34
58
66
95
130
145
145
147
158
135
135
136
119
97
65
66
46
17
-26
-52
-68
-92
-98
-101
-111
-116
-100
-82
-63
-63
-55
-46
-32
2
22
28
34
67
59
75
90
89
91
71
43
32
21
3
8
15
3
9
18
16
19
14
8
20
4
-5
5
13
31
33
44
39
35
34
36
38
33
49
52
73
83
101
111
119
132
149
161
154
156
158
156
168
167
167
179
155
141
140
122
102
65
42
29
6
-26
-48
-65
-56
-53
-48
-43
-46
-29
-14
-13
-2
20
27
32
55
57
56
53
68
85
89
117
124
120
123
121
133
120
111
106
91
56
42
29
13
6
-5
-27
-43
-40
-59
-34
-38
-17
-10
18
18
33
42
68
95
102
114
126
148
145
155
166
164
148
143
106
103
79
64
51
21
-4
-33
-35
-31
-31
-34
-14
-16
-17
-16
11
30
34
44
63
89
81
100
111
126
133
153
172
179
183
168
164
149
128
114
128
119
107
98
91
88
79
93
61
42
44
19
38
15
-2
1
0
14
-10
-14
-18
4
9
25
59
62
78
81
119
129
116
121
102
101
83
84
85
77
74
61
54
26
39
29
28
26
30
55
46
58
76
77
90
91
82
85
88
78
68
62
72
70
62
64
71
51
59
54
32
57
45
61
61
69
77
69
50
50
41
37
45
44
21
15
13
3
13
18
19
29
36
52
59
63
61
70
58
62
74
83
87
67
71
62
65
50
38
47
21
28
17
6
19
20
10
13
8
31
54
34
59
57
39
50
40
44
63
58
55
60
60
37
38
17
19
30
7
12
-12
-15
-22
-14
2
8
26
21
26
32
57
57
69
78
64
90
78
60
65
56
38
59
45
20
12
17
23
22
22
21
28
41
46
48
41
45
42
36
17
9
9
-3
-7
-9
-5
-9
0
-27
-23
-17
-23
-27
-2
-12
-6
-1
-2
9
4
5
24
32
26
24
45
43
27
25
20
24
21
7
-4
-7
-27
-12
-9
0
-1
10
28
17
55
69
69
90
94
106
102
113
119
95
88
67
78
77
51
49
50
40
32
43
53
42
55
45
53
51
40
58
42
47
33
35
1
9
17
3
8
-14
-10
-21
-22
-12
-15
-1
6
22
31
42
58
68
75
75
71
70
76
56
40
34
23
10
-14
-27
-31
-59
-72
-64
-53
-62
-55
-45
-39
-34
-23
5
5
3
32
65
52
76
61
61
67
45
42
36
32
21
17
4
3
-9
-11
2
-14
-8
1
5
5
13
15
31
37
44
55
56
51
54
49
61
67
47
35
43
45
57
52
54
35
44
54
57
74
70
76
72
85
80
77
84
74
79
50
24
27
-1
-22
-24
-28
-60
-53
-75
-86
-81
-94
-86
-80
-73
-70
-58
-53
-29
-20
-13
19
33
29
31
35
46
22
45
30
11
2
-18
-16
-40
-26
-48
-49
-50
-63
-67
-45
-47
-56
-34
-47
-24
-15
-12
3
11
4
14
17
11
26
29
35
38
36
41
43
45
40
41
40
56
45
25
42
37
32
35
23
25
25
23
15
17
10
8
-3
-2
11
7
0
2
-3
6
15
30
54
47
64
81
89
77
90
68
61
36
24
18
-13
5
-27
-19
-36
-54
-50
-76
-74
-92
-80
-80
-91
-65
-63
-46
-55
-64
-71
-54
-72
-68
-47
-48
-49
-49
-50
-52
-50
-49
-44
-52
-50
-52
-51
-49
-45
-25
-14
-33
-14
-16
-23
-10
-3
-2
-14
-10
-8
7
-8
-12
-2
2
-3
-17
-18
-10
0
3
-2
5
-10
5
5
-8
4
1
6
-2
15
21
28
35
31
31
12
-8
-16
-10
-20
-19
-29
-39
-39
-40
-36
-18
5
7
1
18
40
35
34
40
42
35
18
25
25
21
-5
-18
-24
-39
-48
-52
-71
-82
-70
-79
-64
-72
-77
-78
-62
-55
-65
-64
-73
-55
-49
-29
-29
-37
-21
-48
-43
-56
-54
-65
-68
-72
-74
-76
-90
-74
-84
-64
-55
-59
-37
-30
-39
-14
-12
5
-1
9
28
32
37
37
46
28
42
47
44
55
50
45
36
47
38
37
32
29
39
26
21
16
9
-1
-3
9
5
-3
-13
-9
-4
-17
-21
-27
-37
-15
-14
-17
-17
-44
-38
-36
-44
-51
-43
-47
-37
-40
-43
-28
-35
-27
-38
-24
-21
-7
-10
-7
-11
-6
-4
-20
-9
-19
-29
-11
-22
-33
-29
-44
-47
-34
-32
-20
-18
-17
-4
-7
-2
-3
3
2
2
-12
-8
-10
-8
-10
-31
-32
-31
-29
-29
-20
-12
-19
-31
5
-11
-3
4
8
12
8
20
3
14
13
26
21
28
23
22
31
62
54
42
46
47
56
38
56
44
37
25
21
41
8
19
8
15
20
-3
1
12
24
-1
14
9
0
12
8
7
15
-7
-39
-36
-38
-36
-56
-61
-58
-52
-67
-57
-58
-77
-55
-59
-55
-59
-57
-52
-45
-40
-46
-38
-37
-34
-26
-31
-21
-15
-4
1
-3
3
-11
-20
-16
-8
9
-3
0
4
-2
0
-20
-30
-1
5
8
21
24
19
18
16
33
13
26
28
10
23
4
18
10
0
8
5
2
-1
-7
-7
11
18
21
36
34
46
47
47
43
39
53
37
34
31
31
34
20
3
-3
-2
-14
-1
-4
-10
5
6
-5
-7
-13
-20
-35
-50
-53
-39
-46
-47
-41
-58
-69
-62
-61
-74
-70
-73
-77
-78
-65
-67
-66
-64
-65
-65
-75
-79
-97
-103
-93
-95
-96
-109
-118
-90
-82
-101
-82
-74
-69
-70
-51
-49
-47
-32
-13
-22
-12
2
4
12
15
25
25
31
38
41
28
45
49
39
38
39
45
21
44
26
21
34
26
26
21
40
45
51
42
38
29
37
32
40
26
28
13
23
18
12
-7
4
-3
-11
-4
8
21
8
21
14
25
27
30
37
27
21
4
-5
-16
-3
-12
-18
-16
-25
-50
-51
-48
-65
-44
-47
-50
-37
-24
-34
-16
-19
-7
-17
-24
-9
-5
-1
-20
-32
-35
-30
-38
-45
-39
-45
-42
-41
-38
-25
-23
-14
-5
6
0
24
13
-4
21
20
33
15
25
31
33
51
31
38
45
49
46
66
58
75
94
82
88
81
91
105
98
109
113
133
127
126
137
126
122
94
93
95
67
62
58
45
33
18
13
-8
-4
-28
-20
-26
-42
-15
-42
-32
-26
-15
-14
-9
-7
5
5
1
17
13
22
24
18
23
22
15
14
5
9
3
10
-4
-7
-5
-30
-26
-27
-35
-38
-60
-51
-57
-56
-64
-47
-47
-25
-8
-23
10
8
28
43
44
56
49
60
66
85
78
70
59
59
55
55
60
49
54
43
44
54
50
41
37
43
52
48
66
65
58
64
39
44
66
58
53
70
67
58
62
61
81
68
64
68
64
64
66
55
49
59
52
42
40
31
42
18
12
19
-7
-11
-18
-28
-59
-58
-68
-70
-79
-89
-83
-82
-88
-104
-88
-94
-88
-65
-50
-54
-37
-40
-30
-18
-29
-12
4
-10
-4
6
16
26
6
0
-4
-1
2
0
-5
-7
-14
-18
2
6
-3
-4
-10
-1
5
8
7
6
1
12
23
31
38
51
60
63
75
68
93
88
84
82
72
85
87
89
69
82
84
64
53
59
70
49
31
36
29
24
13
16
28
8
7
2
-1
9
8
7
20
19
9
26
31
37
32
47
51
38
51
48
34
35
27
19
6
2
-13
-29
-32
-41
-56
-55
-82
-79
-79
-86
-74
-89
-79
-86
-92
-83
-78
-62
-56
-47
-49
-33
-23
-15
-10
3
25
11
31
38
39
44
50
35
49
55
57
59
48
63
64
71
74
76
86
88
79
75
89
92
109
116
96
114
107
99
106
102
96
110
115
120
99
113
110
105
119
110
97
92
92
90
84
75
74
68
57
33
37
39
24
26
19
0
0
-24
-30
-16
-20
-26
-33
-35
-46
-39
-51
-35
-21
-39
-28
-27
-23
-31
-30
-30
-28
-31
-35
-24
-41
-26
0
-1
-24
-25
-7
-16
-20
-10
-33
-28
-29
-35
-18
-24
-18
-25
-19
-18
-3
-4
-7
-16
-25
-10
1
-1
12
24
27
43
56
60
54
83
84
91
109
113
118
115
124
135
124
122
104
109
113
105
102
75
67
75
48
53
54
49
47
37
46
29
24
35
40
41
20
21
18
22
13
12
14
9
10
-5
0
-1
7
-26
-37
-23
-58
-52
-46
-49
-62
-48
-39
-48
-41
-41
-48
-54
-39
-47
-21
-21
-24
-15
-21
1
-23
-26
-3
-20
-17
-16
-10
-22
-6
-9
9
7
1
33
20
27
15
24
26
25
39
27
25
40
36
41
37
31
55
51
53
31
30
45
49
30
44
55
40
53
49
67
56
73
78
98
84
74
88
95
112
105
125
121
113
109
100
111
94
76
70
59
26
19
2
-11
-16
-30
-39
-52
-43
-55
-56
-56
-65
-66
-57
-50
-38
-41
-25
-30
-51
-42
-40
-32
-41
-39
-45
-46
-37
-36
-51
-38
-23
-38
-33
-30
-33
-21
-34
-29
-16
-25
-29
-22
-11
-6
1
-9
23
11
3
18
15
2
6
28
40
45
55
53
57
76
62
72
76
83
81
97
84
85
85
77
73
68
66
47
49
36
21
30
14
-4
0
-1
-1
-2
-2
-18
-5
-9
-10
-14
10
22
9
12
11
13
14
10
12
1
-2
9
-15
-4
-23
-21
-17
-18
-29
-28
-40
-47
-42
-49
-48
-46
-34
-51
-45
-44
-39
-53
-49
-52
-46
-57
-53
-53
-44
-55
-70
-51
-52
-55
-40
-26
-33
-46
-17
-4
-9
1
9
9
3
18
13
22
43
24
26
18
26
32
27
37
26
25
22
29
52
61
58
68
76
75
86
90
92
102
108
99
84
81
95
82
72
98
89
75
61
53
48
57
41
34
17
18
15
14
7
-2
0
-2
-12
3
-2
-16
2
-10
-14
-6
-5
0
-5
5
6
2
-3
6
0
7
13
3
0
-4
-1
-3
16
10
-1
7
20
32
2
13
15
1
-1
3
23
11
18
17
22
15
34
41
40
47
47
56
70
69
82
84
80
67
67
82
75
87
79
77
89
75
78
67
94
80
78
80
57
87
70
72
67
74
95
97
83
84
108
110
100
97
94
77
74
74
64
66
55
58
56
53
60
48
39
26
35
16
14
24
5
-9
8
15
4
3
6
-5
-14
-8
-2
3
1
-8
2
-3
-5
-9
-8
1
-5
-11
-15
-6
6
9
-1
-3
1
-19
-21
-5
-14
8
15
16
22
18
20
27
42
67
62
53
74
71
80
69
78
80
60
67
61
69
59
74
53
59
64
45
60
42
55
43
41
46
55
39
53
43
20
40
29
29
23
33
14
17
33
35
30
21
11
10
7
-1
4
-12
0
-2
-21
-5
-18
-18
-20
-21
-7
-23
-15
-40
-18
-17
-34
-28
-31
-39
-49
-45
-59
-58
-47
-68
-64
-54
-62
-61
-45
-31
-46
-43
-28
-45
-35
-41
-49
-24
-22
-27
-35
-36
-37
-31
-26
-12
-22
-20
-23
-20
-26
-31
-28
-12
-5
-11
17
7
8
16
33
35
50
52
43
62
74
65
65
73
66
69
62
73
61
63
67
60
60
70
58
48
44
45
39
26
34
19
25
9
10
11
9
10
-10
9
-2
2
-2
-7
1
-17
-19
-11
-17
-14
-15
-20
-22
-23
-31
-34
-27
-18
-20
-21
-6
-18
-21
-18
-29
-37
-26
-33
-31
-43
-22
-30
-27
-30
-38
-24
-25
-23
-10
-8
-5
2
-2
24
12
25
33
18
15
15
21
23
27
34
30
39
26
11
17
2
9
17
16
19
23
34
38
53
47
38
40
59
69
62
76
80
58
84
87
99
103
94
119
103
104
106
101
106
110
99
91
87
87
72
64
55
54
44
43
34
22
42
21
10
12
13
-5
5
11
3
4
-3
29
8
-8
6
-12
-9
-12
-12
-17
-20
-11
6
-10
-4
-16
-9
6
-2
0
8
15
15
5
6
1
8
18
18
9
16
20
28
34
33
42
32
40
37
41
38
50
53
46
42
31
29
34
34
29
37
40
49
46
24
20
38
40
36
24
29
33
33
26
30
35
27
35
14
10
27
28
16
30
17
21
14
1
12
11
16
10
4
-10
-11
-4
-8
6
1
3
12
-8
-2
-18
-19
-26
-22
-35
-20
-29
-34
-37
-50
-60
-48
-48
-59
-41
-71
-72
-75
-86
-87
-82
-81
-84
-78
-72
-69
-65
-66
-59
-49
-54
-55
-59
-63
-52
-48
-38
-44
-37
-29
-40
-44
-40
-26
-16
-13
-6
-4
-2
1
-1
10
8
2
-2
-6
-5
-10
-9
3
-22
-11
0
-23
-12
-22
-23
-20
-7
-16
-18
-14
-16
-15
-24
-27
-27
-16
-13
-22
-23
-30
-30
-7
-19
-35
-32
-34
-33
-34
-33
-52
-45
-32
-47
-47
-57
-63
-50
-48
-53
-37
-50
-65
-50
-49
-63
-60
-55
-61
-70
-70
-65
-71
-73
-65
-60
-65
-71
-77
-64
-41
-52
-52
-47
-40
-62
-54
-56
-48
-57
-72
-84
-93
-74
-86
-81
-83
-64
-75
-59
-69
-68
-52
-59
-41
-51
-39
-39
-30
-31
-27
-21
-3
15
-10
-16
-10
3
-10
-2
-4
-19
-12
9
5
-31
6
-13
-2
-16
-16
-9
-29
-13
-21
-15
-20
-14
-17
-22
-26
-23
-21
-20
-24
-12
-6
-13
-10
5
-2
-19
-24
-20
-20
-30
-29
-26
-14
-16
-15
-1
-29
-36
-28
-37
-38
-44
-39
-42
-52
-46
-49
-48
-49
-48
-48
-59
-55
-44
-37
-33
-50
-53
-46
-56
-58
-65
-56
-38
-52
-46
-37
-47
-57
-59
-55
-47
-46
-57
-42
-51
-54
-49
-44
-42
-46
-42
-33
-32
-31
-13
-25
-8
-21
-34
-32
-22
-18
-23
-23
-39
-13
-7
-2
-3
-19
-6
-2
6
-4
-2
-3
1
-8
-10
0
-16
-11
-39
-27
-26
-20
-24
-32
-21
-7
-20
-32
-29
-31
-32
-41
-42
-47
-36
-60
-59
-55
-55
-55
-52
-31
-53
-57
-53
-45
-56
-50
-44
-49
-44
-37
-37
-50
-50
-50
-25
-42
-44
-48
-46
-37
-46
-30
-34
-19
-7
-13
-19
-2
7
-1
9
-3
-1
-3
-17
3
3
-11
-11
-24
-24
-14
-19
-14
-14
-3
0
-3
-11
19
27
23
17
13
23
14
29
33
5
1
21
12
-3
-4
5
-10
-13
-11
-29
-8
-24
-19
-24
-24
-11
-22
1
0
1
-2
-10
-3
-3
-16
-6
-13
-11
-5
-16
-14
-29
-24
-28
-16
-20
-24
-14
-30
-38
-23
-30
-35
-21
-11
-31
-13
-4
-11
-9
-15
-7
-20
-17
-22
-22
-1
-5
-4
-10
-9
10
-6
7
-3
-4
11
12
22
19
20
31
39
25
28
16
43
24
26
30
12
28
10
24
28
20
8
15
22
12
22
22
31
27
41
30
23
21
32
43
13
19
12
14
10
7
7
13
2
-19
-9
-16
-28
-19
-14
-20
-40
-36
-36
-36
-46
-49
-58
-51
-28
-43
-33
-30
-29
-29
-38
-20
-18
-13
-11
-13
-12
2
-8
-5
-11
-17
-14
-19
11
8
5
1
2
12
5
-7
8
6
13
11
24
30
14
16
23
18
7
14
30
1
8
10
3
-1
11
21
-1
1
6
-3
0
8
6
4
9
13
13
33
36
35
35
29
23
35
41
31
42
29
35
29
24
31
16
-1
3
8
-7
-11
-13
1
-8
-15
3
-4
-3
-14
-10
-5
-17
-18
-14
-23
-19
-13
-34
-43
-51
-30
-49
-33
-38
-48
-40
-35
-31
-40
-26
-29
-35
-40
-18
-24
-23
-8
-3
-16
-1
-1
-1
0
-13
8
-7
3
18
4
13
12
11
-3
-3
1
9
13
4
-3
1
15
12
1
9
9
-4
3
-5
3
1
-6
-3
-26
-16
-9
-20
-19
-14
-15
-14
-8
-12
-15
-23
-23
-6
-15
-14
-13
-26
-15
-19
-21
-30
-35
-20
-22
-35
-34
-35
-47
-24
-28
-30
-22
-46
-48
-48
-32
-49
-41
-36
-37
-34
-49
-50
-43
-43
-55
-51
-51
-44
-54
-57
-61
-56
-57
-43
-50
-43
-63
-49
-51
-53
-55
-60
-50
-47
-47
-50
-30
-45
-35
-43
-41
-35
-26
-26
-14
-23
-28
-17
-14
-20
-12
-20
-16
-10
6
-7
-6
-12
-1
5
-2
-9
-11
-5
-17
-13
-14
-5
-2
20
1
4
5
-2
11
-9
9
12
1
9
-1
2
-14
-33
-22
-28
-35
-28
-33
-28
-31
-28
-31
-37
-38
-20
-36
-33
-18
-36
-19
-34
-40
-32
-38
-34
-20
-40
-47
-43
-30
-29
-29
-30
-37
-40
-23
-50
-36
-40
-40
-24
-47
-28
-37
-39
-27
-30
-31
-22
-33
-31
-33
-28
-29
-31
-30
-23
-25
-29
-25
-24
-15
-14
-13
6
-8
-7
-14
-21
-16
-29
-22
-34
-43
-37
-42
-42
-38
-50
-26
-24
-38
-28
-23
-30
-33
-33
-24
-29
-24
-30
-34
-38
-29
-27
-27
-29
-30
-26
-38
-39
-37
-44
-43
-44
-48
-44
-71
-58
-69
-81
-82
-72
-73
-79
-61
-67
-73
-66
-71
-82
-77
-82
-99
-89
-87
-82
-95
-85
-75
-85
-78
-78
-67
-79
-71
-53
-57
-55
-57
-56
-83
-61
-54
-62
-57
-67
-73
-69
-65
-78
-86
-82
-84
-85
-74
-79
-78
-75
-54
-80
-70
-52
-49
-28
-56
-46
-38
-56
-48
-56
-55
-52
-47
-52
-64
-52
-46
-52
-48
-57
-53
-53
-57
-49
-51
-60
-42
-45
-58
-54
-63
-54
-59
-59
-36
-58
-46
-49
-50
-48
-64
-70
-57
-34
-38
-49
-49
-41
-47
-33
-41
-37
-45
-61
-52
