-1
-3
6
7
-11
16
-12
6
16
6
-14
-4
8
-2
-2
8
7
-10
-18
-3
-2
-9
10
-17
-2
-10
-11
-15
-17
3
-8
5
-7
12
-16
-2
-4
-6
-10
-7
-16
-20
-20
-25
-2
-34
-12
-5
-5
-14
-25
2
-2
-20
-8
-5
-7
-11
-27
-24
-31
-40
-20
-30
-37
-40
-43
-39
-42
-40
-31
-18
-27
-28
-35
-35
-37
-33
-37
-25
-17
-32
-41
-32
-35
-17
-15
-26
-16
-20
-15
-19
-24
-27
-12
-29
-36
-25
-21
-32
-24
-14
-16
-18
-27
-17
-13
-19
-11
-2
11
-2
14
5
8
-9
-9
-1
-10
5
2
6
1
10
6
18
5
-3
5
-7
2
-4
-8
4
13
1
10
7
7
-6
8
20
-13
-12
0
2
7
8
6
3
10
20
12
8
11
13
15
15
9
11
24
28
6
3
18
27
30
33
9
24
12
14
8
-20
1
-1
2
-1
-2
-15
-1
10
-4
-1
-10
-7
-7
4
4
6
4
-8
9
-14
5
-10
-1
11
-1
-10
-6
1
-4
10
2
7
-2
-4
-9
-7
-1
-3
-17
-16
0
-17
-15
-2
-4
-9
-13
-10
-38
-26
-25
-25
-13
-16
-6
-8
2
-21
-9
5
-6
-8
-14
-3
-9
-13
-11
-15
-22
-24
-12
-18
-11
-2
-15
-20
-19
-26
-21
-22
-28
-28
-27
-28
-32
-27
-29
-39
-20
-36
-25
-14
-39
-37
-42
-17
-28
-23
-18
-14
-6
-10
-12
-34
-32
-26
-23
-26
-8
-7
-12
-16
-11
-6
-14
-20
-30
-5
-1
6
9
-3
-4
5
11
3
6
-4
-10
-2
-11
-3
-25
-7
-16
-15
-10
-6
-10
-1
1
-18
-12
-2
-13
-5
8
1
0
-10
-5
-2
-9
-19
-6
-9
-12
-3
-1
-7
-14
-11
2
-12
-10
8
-8
1
-7
-5
-4
-19
-10
0
5
3
11
0
-10
5
1
-3
-7
14
15
-3
3
4
10
5
10
11
4
3
7
1
7
7
3
-11
-17
5
-12
0
2
-14
-2
-2
-1
-10
-11
-14
-17
-13
-9
-7
-22
-16
-17
-14
-21
-24
-22
-19
-28
-35
-35
-30
-28
-28
-29
-14
-20
-42
-18
-42
-32
-20
-32
-5
-11
-17
1
-7
-8
-12
-10
-5
-19
-14
-27
-24
-16
-19
-15
-19
-22
-12
-35
-48
-29
-30
-36
-32
-30
-26
-19
-28
-29
-27
-41
-33
-21
-34
-16
-17
-17
-5
0
-25
-17
-9
-23
-15
-19
-33
-19
-15
-10
-9
-21
-22
-27
-15
-11
-18
-20
-17
-3
-14
-25
-1
-13
-14
-14
2
-9
-20
-7
-11
-13
-23
-5
-23
-8
-7
-4
-1
1
-6
-8
-2
-19
-22
-13
-15
-18
-8
-4
-2
-3
4
-6
-11
1
11
-10
0
4
-8
9
-6
-6
-8
-2
-10
-3
-9
-9
-1
-8
-1
-13
-10
-26
-5
-13
-2
-7
-12
-19
-7
-4
-12
-8
-14
-16
-20
-10
-1
0
-8
-12
-2
-11
-21
-9
-22
-17
-5
-19
-7
-18
-10
-6
-17
-16
-10
-1
6
13
4
10
3
22
19
12
29
11
18
3
-1
14
22
11
16
28
16
30
30
27
20
35
25
31
10
23
17
10
17
6
22
18
33
21
19
36
25
20
21
14
22
17
19
29
17
15
18
12
11
3
0
-3
8
4
0
-2
3
12
-2
6
3
5
16
5
-4
3
10
-6
0
-1
-9
-2
-6
5
2
8
-7
-18
-10
-18
5
0
-18
0
-5
-4
4
2
-7
-6
-11
-16
-1
-8
-17
-24
-13
-15
-19
-15
-29
-30
-29
-33
-14
-32
-40
-36
-27
-30
-29
-33
-17
-24
-16
-17
-26
-13
-27
-11
-19
-15
-9
-20
-13
-13
-34
-27
-31
-10
-26
-16
-26
-16
-25
-24
-13
-45
-17
-26
-10
-18
-18
-26
-14
-14
-26
-19
-20
-31
-38
-38
-35
-34
-26
-29
-30
-13
-31
-36
-33
-34
-15
-41
-37
-35
-36
-35
-19
-31
-36
-26
-30
-26
-39
-24
-5
-12
-22
-17
-24
-29
-28
-22
-14
-12
-14
-25
-10
-8
-13
-8
0
-1
-13
-3
-9
14
2
-1
0
-16
-12
3
7
-16
-7
-7
-8
-19
-18
-11
-17
-10
5
2
-9
-4
-1
1
-17
-13
4
10
9
8
-4
-7
-8
-17
-9
-5
1
-3
-18
-24
-28
-27
-20
-10
4
-16
-19
-5
-6
-21
-20
-5
-11
-5
-9
-26
-22
-10
-7
-22
-15
-7
-11
-2
-9
-18
-23
-20
-17
-17
-17
-9
-12
-8
7
6
-7
-6
-14
-5
3
7
-1
-13
-8
-29
-29
-4
-7
-18
-14
-18
1
-18
-4
-7
-9
-9
-12
-12
-12
-11
-17
-7
-29
-14
-2
-15
-10
-9
-3
-14
-29
-23
-15
-5
-10
-7
-17
-18
-21
-12
-11
-10
-8
-15
-3
-16
-7
5
-7
-15
-32
-9
-11
-6
-1
-16
-9
-5
-11
0
-8
-13
-10
-9
-4
-9
-11
-6
-3
-14
-5
-16
0
0
-3
-7
-14
-8
-19
-26
-14
-15
-18
-22
-17
-11
-18
6
-22
-10
-11
-16
-4
-7
2
2
4
0
6
-11
11
1
-1
9
18
13
5
14
9
17
-7
8
18
14
22
21
10
20
20
9
17
6
21
22
6
27
27
25
19
25
26
14
9
-9
-6
16
8
-9
14
16
28
10
20
27
27
21
25
31
28
36
15
27
10
12
8
16
4
5
22
28
21
21
31
21
18
6
4
24
19
24
21
16
22
4
29
14
22
30
23
17
16
12
11
28
13
10
24
21
19
27
29
10
2
22
21
19
8
11
12
15
15
14
6
15
12
9
7
16
25
17
28
18
17
4
8
20
1
17
15
15
20
12
4
7
18
16
24
20
19
25
11
22
19
15
26
13
17
14
10
35
24
15
22
4
-9
9
1
6
11
-2
4
-1
-8
4
8
-6
-4
-9
-18
7
10
-15
6
3
-11
-5
-3
-17
-5
-17
-16
-21
-20
-7
-13
-9
-17
-20
-26
-29
-24
-5
-15
-25
-15
-19
-14
-22
-27
-29
-34
-23
-28
-8
-10
-42
-21
-23
-22
-10
-26
-23
-22
-20
-10
-9
-31
-24
-15
-36
-20
-19
-15
-13
-18
-18
-21
-29
-33
-10
-16
-26
-27
-34
-39
-26
-27
-38
-36
-34
-45
-37
-39
-37
-34
-40
-49
-40
-36
-55
-24
-28
-37
-36
-39
-28
-18
0
-16
-20
-15
-20
-23
-20
-31
-27
-28
-16
-6
-18
-12
-14
-18
-23
-23
-23
-32
-11
-22
-20
-23
-19
-12
-15
-14
-22
-7
-31
-5
-6
-22
-7
-3
-19
-15
-12
-13
-5
-14
-4
-9
-13
-18
-24
-3
2
-10
-2
-1
-13
-5
-15
-15
-11
-8
4
-7
-2
-14
-5
-16
-36
-18
-18
0
-11
-20
-6
-8
-13
-14
-12
-8
-9
-6
-11
-10
-8
-7
10
6
-9
-1
5
13
8
15
10
23
23
7
14
11
-3
9
12
4
8
4
12
7
3
17
-6
-4
17
6
2
19
0
4
2
-3
12
-4
-5
-8
2
-5
-10
1
0
-6
9
4
4
10
-6
-2
-2
-2
-5
-2
-6
-1
8
8
-3
-13
-12
-17
-11
-15
-7
-12
-1
2
6
1
-12
-3
2
6
8
1
-6
3
11
3
11
8
11
11
13
21
17
7
14
27
26
11
14
15
17
31
21
35
23
21
11
8
19
18
24
19
25
19
14
15
18
25
24
12
14
6
24
8
7
21
18
24
0
14
4
6
13
-1
-8
-14
-12
-5
-3
-4
-4
-3
11
14
22
14
25
22
33
33
26
18
22
51
22
34
30
10
16
18
24
7
12
21
14
11
4
20
18
13
27
19
15
12
7
14
25
21
17
20
25
29
13
19
26
12
13
6
15
14
9
17
4
18
23
8
0
3
5
6
7
10
12
20
21
8
3
20
14
23
17
23
31
22
33
27
23
22
26
29
14
25
25
1
14
19
9
16
3
25
22
8
29
5
39
25
7
13
10
17
15
15
19
-7
-4
4
2
5
5
15
1
-3
-14
7
-2
-5
14
0
4
-3
6
3
3
12
8
12
6
5
5
14
12
2
8
13
3
15
13
5
19
28
18
5
2
-2
5
-2
1
14
8
-4
-4
-3
-8
-2
1
-1
7
10
-2
-16
-8
-4
0
4
16
2
-9
4
3
10
18
12
23
11
17
9
6
14
8
19
15
17
23
33
21
28
19
17
17
13
25
25
14
20
10
2
32
34
25
17
38
30
21
35
28
23
34
23
13
21
27
21
20
23
27
37
23
26
27
26
20
30
20
17
25
25
23
9
20
6
12
2
14
12
4
15
12
25
13
3
3
22
18
22
33
11
11
26
22
8
19
7
-2
7
6
28
20
14
35
22
17
31
27
25
15
22
30
26
21
13
33
23
37
27
25
33
34
31
16
26
12
14
23
17
15
36
26
31
19
21
49
24
12
16
16
10
16
22
32
36
18
10
6
24
12
23
33
28
30
37
31
24
41
33
32
43
28
24
41
36
29
30
44
31
27
29
25
26
34
28
33
38
31
24
27
34
25
32
35
29
15
23
45
28
25
22
38
31
27
28
15
31
15
21
21
16
34
33
27
29
5
10
20
9
12
32
22
4
24
16
16
1
13
16
-3
15
33
30
30
20
14
24
10
19
27
21
19
9
10
20
25
20
21
12
14
25
30
31
16
12
24
16
8
23
13
2
37
26
17
21
20
25
36
47
28
47
53
38
37
42
35
30
33
23
25
23
18
20
10
-1
20
23
24
20
18
25
22
29
26
21
25
39
32
17
22
27
36
30
20
34
28
26
22
14
28
23
19
20
45
27
29
12
14
39
37
32
21
21
23
21
17
19
29
20
27
18
22
24
7
16
14
20
22
42
19
18
20
7
12
23
22
12
22
37
22
28
36
20
28
15
21
30
33
29
22
43
29
20
18
22
40
20
21
28
28
32
23
25
23
29
26
19
27
15
16
16
13
23
20
33
22
29
27
27
19
26
23
37
33
27
25
33
45
34
27
31
27
20
29
22
27
23
28
34
21
17
19
19
11
28
20
27
19
18
31
23
24
26
27
22
20
8
18
23
10
22
15
20
19
11
2
13
17
-1
18
10
1
0
-2
18
10
8
9
14
15
4
2
4
3
0
3
-8
-7
-3
7
1
9
-6
-4
5
14
16
10
16
12
11
21
18
21
16
9
14
16
24
27
29
25
16
19
16
20
35
19
32
17
6
22
25
29
27
25
18
15
21
8
7
21
15
29
24
24
29
38
45
34
30
34
29
37
47
28
28
30
24
38
33
20
14
16
29
29
23
28
32
29
29
25
24
18
11
10
14
11
19
15
24
24
16
27
9
35
31
11
23
19
15
20
14
6
15
19
11
10
22
19
21
9
10
19
15
24
19
24
25
31
27
12
7
19
12
22
40
20
18
25
20
23
28
24
25
21
11
5
27
16
-1
23
12
7
18
-2
15
11
11
16
10
16
20
15
20
5
12
15
8
-2
7
6
8
16
10
8
-12
-5
-16
-9
-3
-11
-14
-18
1
1
-16
-8
-16
-2
4
-8
-7
-8
-6
-10
-1
-7
-9
-13
-10
-9
1
7
-4
9
-7
-13
8
11
-4
4
14
15
15
8
4
-2
-16
-12
-17
-18
-9
-3
-14
-30
-14
-14
-31
-24
-21
-31
-25
-22
-31
-19
-19
-31
-21
-17
-24
-21
-29
-31
-33
-26
-23
-28
-19
-21
-34
-13
-15
-21
4
-26
-17
-13
-34
-32
-33
-34
-22
-12
-33
-18
-26
-26
-22
-18
-20
-30
-22
-24
-17
-2
-23
-11
-20
-27
-21
-11
-22
-19
-10
-20
-26
-30
-24
-34
-16
-28
-27
-20
-21
-28
-9
-7
-24
-9
-22
-34
-32
-29
-19
-21
-26
-40
-12
-13
-20
-13
-12
-12
2
-4
-25
-5
-12
-7
-8
-2
-16
3
-4
-6
-11
3
8
-4
0
-13
-12
-16
-9
-27
-4
-22
-15
-15
-35
-16
-14
-24
-28
-24
-13
-15
-28
-12
-19
-15
-5
-11
-11
-27
-19
-33
-10
-15
-31
-9
-25
-7
-19
-33
-19
-23
-14
-6
-13
-15
-7
-31
-11
-26
-37
-21
-24
-19
-17
-22
-29
-9
-8
-13
-16
-5
-10
-20
-15
-14
-5
-2
-5
-22
-11
-2
2
-3
2
-5
-11
0
-11
-13
-16
1
5
-6
-10
-7
-12
-19
-12
-11
-9
7
-3
1
-14
-14
-14
-5
0
3
2
4
-7
-4
-8
4
5
-12
2
-13
-13
-5
4
-7
-12
-21
-9
-16
-15
-20
-8
-8
-8
-9
-16
-3
-19
-12
-8
-19
-20
-15
-17
-20
-21
-12
-9
-13
-17
-18
-17
-13
-3
-14
-27
-28
-27
-22
-5
-14
-28
-21
-25
-14
-6
-24
-10
-30
-20
-15
-25
-33
-16
-10
-26
-27
-28
-23
-28
-25
-39
-32
-32
-33
-22
-10
-21
-28
-17
-17
-17
-20
-19
-31
-13
-17
-25
-9
-11
1
-2
-12
15
0
0
4
-9
-1
-6
-4
1
14
7
-3
-1
0
0
-10
2
-7
-1
-12
-15
1
0
-6
-6
-4
8
15
2
4
-1
6
10
4
7
7
6
9
-7
-11
3
-8
5
-9
-25
-5
-15
-12
-9
-2
0
-14
-14
-12
-13
-10
-10
-9
-4
-10
9
15
5
1
10
-1
-18
-6
-8
-11
-12
-19
-3
-6
-15
-4
-2
1
-9
-16
-10
-5
-19
-24
-20
-30
-26
-21
-34
-15
-14
-16
-24
-31
-22
-24
-13
-2
-10
-16
-9
-27
-22
-9
-13
-27
-21
-28
-26
1
-14
-28
-15
-16
-23
-10
-24
-17
-5
-26
-19
-28
-28
-20
-38
-16
-38
-30
-43
-36
-37
-35
-51
-40
-26
-55
-29
-40
-49
-44
-49
-58
-62
-52
-41
-24
-24
-37
-36
-53
-45
-44
-43
-44
-38
-31
-32
-41
-47
-41
-48
-46
-58
-51
-48
-41
-47
-44
-41
-54
-56
-49
-48
-53
-48
-50
-52
-50
-46
-35
-36
-19
-31
-46
-36
-33
-43
-52
-49
-40
-46
-24
-28
-45
-27
-31
-14
-21
-13
-17
-13
-21
-23
-6
-15
-15
-37
-26
-19
-27
-25
-23
-13
-18
-27
-27
-35
-41
-21
-39
-45
-41
-18
-31
-38
-38
-31
-28
-49
-30
-39
-48
-38
-42
-43
-36
-34
-28
-20
-35
-37
-20
-41
-35
-25
-19
-22
-10
-10
-14
-15
-16
-13
-21
-33
-26
-15
-14
-2
-2
6
-3
16
-1
-4
2
7
15
2
-7
8
15
12
20
2
14
12
7
13
15
18
14
10
20
19
6
14
12
9
9
-5
11
8
-6
3
-1
13
15
-8
-6
5
5
0
2
5
-15
-2
7
-2
1
-1
13
14
9
13
22
32
27
17
18
30
9
21
5
-4
14
31
5
9
12
11
15
0
5
3
11
6
13
-4
14
10
17
14
12
26
11
24
27
34
21
19
26
23
15
14
16
24
25
30
28
14
2
-3
12
-2
11
14
0
16
0
10
10
22
5
7
17
-1
11
4
7
7
0
9
9
6
9
-3
6
12
1
9
12
18
15
18
16
21
26
29
30
43
34
32
33
19
16
18
20
13
29
15
9
8
12
15
30
32
15
17
14
1
17
2
4
11
10
10
5
3
0
-1
0
5
18
16
4
-3
-22
-10
-3
-16
-14
-12
-9
15
-8
0
-2
-11
9
16
1
4
14
5
33
18
4
12
23
22
17
19
9
13
14
15
18
3
9
25
26
16
7
-2
0
7
-2
2
5
4
3
5
6
13
8
-10
7
0
-10
5
-6
-8
-9
-3
-6
-7
-16
6
-4
-21
-14
-2
-13
-24
-14
-31
-4
-9
-17
-3
-12
-4
-3
4
3
-14
-9
7
1
9
7
4
-11
2
9
12
10
-9
-1
0
8
6
10
0
0
19
18
4
6
5
18
6
14
17
32
35
36
31
32
22
26
12
11
20
24
16
5
0
22
25
6
25
11
20
22
15
17
17
7
33
22
4
11
15
27
17
5
0
12
24
33
10
11
22
16
27
10
19
4
-6
21
9
19
9
18
32
25
21
4
25
18
14
23
23
23
24
23
9
6
11
23
9
16
18
26
21
22
32
25
30
26
18
25
41
28
42
47
43
32
28
42
31
50
49
34
26
29
40
37
41
43
53
41
29
43
35
41
33
35
34
40
31
29
21
17
30
25
34
37
37
23
40
36
37
38
25
39
46
56
25
43
38
34
48
23
33
22
26
29
29
38
30
32
28
37
23
33
41
25
29
29
27
30
16
26
41
24
23
23
9
19
15
11
17
0
-9
8
10
1
13
-3
13
8
8
21
3
-2
20
30
22
17
14
17
23
33
21
23
33
23
44
22
35
47
39
23
15
26
33
25
25
38
30
31
16
34
20
23
15
17
31
26
20
29
28
14
12
20
21
3
1
14
6
2
3
9
1
21
-6
-2
7
2
-2
-18
-5
-11
-4
-37
-29
-26
-27
-15
-26
-8
-15
-24
-13
-14
-24
-17
-17
-20
-7
-18
-22
-6
-17
3
-6
-13
-9
-3
-15
-1
0
-15
0
-10
-16
-25
-25
-20
-18
-17
-30
-22
-11
-8
-10
-15
-15
-12
-35
-15
-22
-24
-9
-21
-29
-23
-19
-26
-19
-20
-13
-6
-3
4
-12
-16
-19
-8
-13
-11
-3
-11
-27
-16
-7
-24
-17
-11
-9
-17
-10
-14
-5
-6
4
2
-25
4
5
3
11
-4
-4
-4
-27
-23
-16
-14
-5
-25
-24
-14
-18
-17
-28
-15
-17
-19
-16
-3
-18
-22
-7
-22
-24
-25
4
-5
-5
-13
4
7
1
22
13
9
11
19
11
24
21
30
37
30
27
12
28
42
45
20
37
42
31
37
27
44
32
30
23
29
47
30
23
38
25
26
7
14
30
24
28
15
22
21
24
15
17
7
5
22
21
17
22
24
23
22
16
10
26
24
-5
8
9
18
21
5
-3
0
2
0
-1
-4
9
2
11
1
3
2
11
12
7
6
8
27
27
14
17
9
15
16
23
16
26
36
14
29
14
5
13
12
20
21
2
4
15
7
18
25
15
8
13
1
4
27
25
23
26
38
35
25
20
25
8
34
12
2
8
14
20
13
14
5
7
-1
-4
2
10
16
4
4
15
1
1
1
-10
-3
-6
-11
-1
-6
-9
-15
-4
-15
-22
-21
-8
-5
-16
-18
-13
-4
-14
-8
-9
-11
-16
-8
-21
-11
-7
-26
-11
-17
-23
-3
-14
-15
-17
-16
-24
-26
-13
-29
-17
-21
-7
5
-13
-10
-22
-13
1
9
13
-10
-7
4
-9
7
3
-8
-9
-17
1
-6
8
-11
-14
-16
-21
-7
-24
-26
-14
5
-18
6
-5
-8
2
-15
-18
-19
-14
-24
-33
-37
-16
-21
-11
-15
-26
-30
-31
-26
-17
-17
-20
-13
-24
-32
-23
-22
-37
-40
-37
-32
-30
-15
-35
-21
-34
-30
-23
-33
-25
-28
-29
-24
-30
-29
-41
-34
-24
-33
-27
-32
-31
-19
-29
-35
-40
-33
-48
-40
-24
-23
-19
-19
-19
-26
-23
-12
-3
-15
-5
-16
-15
-15
-18
-23
-17
-26
-31
-23
-35
-19
-13
-11
-23
-5
-17
-5
-6
-29
-14
-33
-19
-15
-24
2
-10
-20
-16
-14
-7
-17
-4
-10
-12
-2
-22
-26
-9
-13
-17
-18
-22
-21
-17
-17
-29
-13
-25
-34
-36
-44
-35
-38
-34
-37
-41
-22
-26
-22
-18
-28
-23
-21
-24
-27
-17
-28
-32
-11
-21
-20
-14
-28
-18
-19
-20
-14
-18
-32
-17
-8
-24
-16
-10
-7
-16
-7
-3
-12
-7
-6
-16
-26
-33
-21
-4
-14
-21
-17
-13
-8
1
3
-1
-5
-3
2
-1
3
-15
11
9
-4
-1
0
18
8
2
-15
-18
-5
3
-14
-13
0
-7
4
-1
0
-11
-22
-5
5
-8
-14
0
0
-4
-7
-4
-8
-9
-15
-8
12
-17
-2
9
9
-11
-8
-7
-22
-11
-3
4
-15
-8
-4
-8
-16
-9
-9
-13
3
-6
-21
-24
-31
-6
-8
-18
-10
-6
-7
0
5
-4
-5
-8
-16
-12
-8
-22
-32
-28
-32
-14
-18
-20
-8
-16
-32
-22
-43
-32
-25
-26
-10
-11
-19
-24
-22
-13
-24
-30
-22
-10
-20
-24
-26
-30
-19
-43
-31
-17
-34
-25
-10
-16
-20
-18
-32
-34
-30
-20
-19
-23
-30
-31
-34
-31
-25
-30
-18
-37
-22
-17
-41
-33
-22
-32
-19
-20
-15
-32
-24
-15
-23
-14
-17
-6
-3
-17
6
-1
-8
-7
-21
-28
-7
0
-2
-7
-16
-14
-15
-20
-25
-27
-24
-10
-4
-19
-20
-14
-9
-13
-24
-10
-1
-2
-10
-11
3
-13
-24
-12
-6
-7
-7
-25
-1
-2
-9
-7
-7
-5
-3
-6
-14
-5
-16
-13
-16
8
-16
-32
-9
-12
-4
-11
-12
-20
-14
-8
-9
-4
-2
-19
-17
-4
-6
10
-3
-3
-4
-11
-13
-19
-20
-11
-32
-19
-9
-10
-2
-20
-2
-11
-25
-21
-12
-10
-10
-10
-20
1
-10
-7
-4
-1
-12
-18
-11
-4
-5
-6
2
-6
25
12
10
9
6
-2
13
11
-1
8
-2
7
13
12
9
8
35
21
15
2
5
14
4
9
-1
3
-7
-5
-9
5
2
3
0
5
11
-8
1
-5
-2
0
-2
-15
-19
-13
-16
-15
-3
-2
-15
-8
-7
-3
-11
-7
24
3
-6
-8
-6
14
5
11
4
-3
2
6
5
12
23
12
12
20
20
-5
9
6
-12
24
3
22
12
9
23
7
25
1
18
11
7
16
2
10
26
14
0
19
15
17
13
18
19
22
9
14
14
9
21
11
13
7
17
6
16
17
15
17
12
17
-5
13
11
7
15
32
28
18
26
22
11
25
16
14
19
33
39
13
19
26
22
28
35
26
37
17
1
12
12
13
17
9
24
15
18
12
5
15
32
35
25
39
31
17
34
33
18
20
10
24
35
31
23
21
23
31
34
22
28
25
13
18
18
27
25
8
24
16
18
14
17
9
15
18
0
20
4
9
7
9
-10
16
14
0
5
5
27
26
13
27
24
30
33
20
36
30
36
36
34
33
43
43
32
29
29
25
25
29
37
29
20
25
14
28
31
9
17
16
15
9
11
11
-3
4
-2
0
9
19
12
1
3
11
12
0
-7
-2
10
5
4
10
6
-2
-6
-18
-16
-13
-27
-23
-14
-16
-32
-17
-16
-12
-3
-3
-10
13
10
6
11
-7
13
16
6
-1
7
2
0
-5
-10
-9
-23
-23
-22
-8
-7
1
-4
-9
-8
-7
-4
-3
-8
-4
2
-8
-17
-13
-9
-24
-17
-34
-21
-21
-25
-16
-20
-37
-39
-34
-43
-32
-44
-43
-39
-26
-38
-27
-39
-38
-28
-31
-27
-32
-20
-21
-29
-34
-19
-30
-25
-20
-19
-18
-31
-20
-36
-33
-17
-46
-32
-26
-26
-29
-38
-37
-34
-23
-6
-22
-37
-25
-29
-26
-18
-23
-22
-26
-4
-22
-12
-12
-21
-2
-16
-4
-13
-22
-6
2
-6
-11
-9
-8
-4
-4
-9
-14
-2
-11
-15
-13
-4
8
-14
-6
-4
-9
-19
-6
-2
-4
-16
-18
-8
-7
-18
-13
-5
-10
-12
-16
-15
-24
-33
-29
-6
-22
-15
0
-15
-1
-15
5
-2
-1
10
15
10
4
14
10
15
13
1
12
22
4
4
5
15
-10
8
1
-17
3
-3
3
7
14
3
8
9
4
-4
-14
-3
-12
-1
-6
-11
-9
-17
-4
4
4
-6
-16
-18
-10
-8
-5
1
-19
-15
3
-2
-8
-3
1
-19
-14
-14
3
2
-1
4
3
-8
2
-7
-5
10
-5
-21
-13
-22
-20
-8
-36
-16
-22
-8
-11
1
-10
-27
-11
-11
-2
-12
-8
-2
-13
-5
-3
-9
-5
-6
-16
-10
-11
-19
-15
-29
-9
-24
-22
-13
-17
-3
2
-11
-9
-8
-21
-16
-21
-20
-14
-27
-29
-18
-15
-25
-33
-17
-15
-31
-17
-19
-25
-27
-20
-11
-31
-30
-21
-34
-28
-22
-14
-17
-14
-27
-31
-28
-22
-19
-25
-25
-28
-36
-41
-37
-40
-22
-30
-41
-43
-44
-53
-40
-35
-50
-45
-38
-39
-28
-36
-38
-49
-35
-35
-44
-31
-31
-32
-23
-25
-29
-23
-30
-23
-23
-21
-27
-15
-27
-29
-12
-9
-16
-26
-7
-11
-11
-17
-14
1
-3
-9
2
-4
-6
2
7
13
3
-3
4
25
18
3
1
17
10
14
25
16
3
10
26
36
32
15
18
20
7
7
12
2
9
21
9
4
-4
2
6
3
11
6
5
-15
-21
-23
-24
-33
-43
-23
-35
-29
-30
-38
-38
-48
-50
-54
-62
-66
-57
-57
-70
-81
-81
-77
-91
-84
-106
-101
-90
-93
-84
-71
-72
-104
-87
-109
-104
-100
-103
-97
-104
-103
-84
-92
-83
-76
-101
-84
-84
-68
-65
-59
-67
-47
-51
-54
-43
-46
-30
-35
-29
-22
-37
-16
-5
-13
9
8
21
24
35
51
33
48
61
65
73
69
73
100
88
86
109
117
126
124
123
130
132
136
138
146
147
139
157
149
153
165
161
178
167
154
158
147
146
153
137
116
121
111
96
91
84
79
50
43
10
-1
-9
-29
-28
-50
-66
-91
-118
-107
-133
-150
-150
-162
-181
-176
-194
-206
-226
-234
-242
-232
-241
-239
-236
-248
-245
-254
-258
-258
-259
-259
-250
-248
-247
-255
-242
-233
-224
-216
-211
-217
-185
-170
-175
-152
-144
-122
-103
-98
-69
-47
-41
-12
-13
13
17
48
80
91
122
121
137
160
189
198
215
241
269
294
301
341
349
373
407
410
436
451
477
488
515
528
558
575
599
627
647
670
681
664
636
605
559
507
446
363
276
193
109
16
-54
-118
-189
-229
-273
-329
-371
-385
-401
-397
-384
-380
-371
-360
-332
-325
-289
-274
-277
-251
-239
-225
-224
-208
-213
-216
-224
-234
-247
-263
-293
-350
-357
-380
-412
-444
-461
-479
-475
-470
-460
-448
-462
-438
-414
-402
-351
-335
-320
-275
-270
-246
-217
-205
-184
-175
-162
-147
-145
-123
-100
-78
-67
-53
-28
-15
4
33
38
52
61
83
112
121
129
134
157
169
188
212
202
196
213
222
240
261
282
305
327
359
394
451
509
566
625
686
751
791
817
816
820
780
721
681
590
505
398
295
184
89
-1
-77
-152
-246
-285
-325
-375
-373
-384
-399
-400
-396
-390
-384
-358
-340
-304
-292
-254
-227
-219
-174
-157
-134
-122
-99
-87
-105
-115
-137
-139
-170
-201
-223
-256
-296
-321
-346
-347
-355
-343
-348
-362
-340
-372
-357
-356
-363
-365
-357
-343
-355
-326
-328
-329
-294
-278
-262
-265
-236
-223
-202
-180
-184
-166
-166
-148
-117
-109
-118
-114
-110
-94
-80
-75
-58
-51
-62
-61
-66
-64
-76
-85
-74
-88
-73
-78
-61
-54
-42
-25
7
22
42
92
112
158
199
241
287
336
389
445
494
562
622
686
761
846
882
919
945
922
895
855
795
703
615
485
363
243
129
28
-73
-162
-249
-296
-358
-400
-417
-425
-435
-429
-417
-414
-381
-371
-347
-325
-303
-272
-243
-199
-160
-129
-112
-78
-57
-45
-30
-26
-47
-61
-89
-121
-155
-205
-237
-272
-310
-320
-326
-344
-330
-331
-311
-306
-304
-291
-302
-294
-298
-304
-291
-290
-265
-265
-268
-245
-223
-201
-175
-142
-122
-88
-81
-63
-49
-19
-26
-18
8
1
16
8
26
16
13
7
5
-12
-16
-32
-48
-49
-83
-92
-112
-119
-137
-130
-127
-126
-107
-69
-58
-45
-4
4
57
97
135
170
213
271
328
402
447
540
598
681
770
825
869
903
911
890
869
806
716
611
489
377
241
121
-5
-112
-196
-277
-346
-404
-418
-444
-438
-422
-427
-406
-378
-356
-324
-275
-261
-215
-176
-137
-110
-65
-11
16
39
68
82
82
89
74
53
25
-14
-62
-107
-167
-211
-250
-297
-312
-326
-333
-335
-305
-277
-269
-254
-238
-240
-243
-250
-268
-261
-263
-275
-278
-249
-244
-248
-204
-189
-166
-130
-122
-118
-93
-88
-79
-76
-88
-74
-87
-97
-95
-77
-69
-72
-75
-102
-95
-104
-105
-116
-125
-126
-150
-161
-194
-197
-184
-169
-154
-133
-102
-77
-41
-17
12
40
86
124
189
211
258
325
380
458
545
622
702
785
866
924
952
967
964
935
897
830
712
594
464
335
188
48
-74
-168
-263
-336
-390
-433
-447
-439
-436
-445
-397
-387
-345
-310
-284
-231
-201
-163
-132
-104
-92
-52
-11
13
46
81
118
133
135
108
76
35
-24
-80
-139
-207
-259
-296
-355
-371
-392
-370
-368
-348
-314
-296
-266
-271
-254
-250
-281
-297
-330
-339
-343
-360
-356
-337
-303
-272
-243
-203
-146
-115
-100
-68
-57
-48
-60
-69
-88
-95
-115
-107
-101
-94
-91
-81
-59
-58
-44
-60
-85
-101
-100
-113
-138
-164
-166
-157
-144
-144
-155
-113
-64
-18
10
43
91
125
191
236
308
354
408
484
561
641
720
804
918
1017
1075
1136
1144
1133
1086
987
872
730
566
393
198
2
-175
-315
-444
-560
-625
-672
-698
-693
-668
-618
-577
-519
-466
-414
-388
-325
-284
-231
-179
-120
-64
-24
58
127
186
240
268
291
298
279
227
145
85
-22
-134
-230
-329
-403
-470
-518
-538
-530
-512
-471
-431
-390
-337
-291
-295
-302
-316
-332
-354
-383
-392
-390
-385
-374
-335
-289
-228
-162
-94
-42
-6
10
27
16
2
-22
-67
-77
-111
-134
-149
-146
-131
-120
-100
-80
-60
-53
-46
-74
-104
-112
-134
-146
-168
-176
-184
-170
-135
-97
-55
0
73
133
189
256
325
380
445
490
545
638
704
792
891
990
1111
1249
1343
1425
1434
1397
1327
1188
1018
790
550
252
-38
-304
-551
-752
-920
-1015
-1073
-1051
-1005
-939
-824
-716
-607
-491
-397
-313
-222
-165
-112
-42
20
103
193
290
386
485
571
608
632
610
557
449
305
145
-58
-241
-448
-623
-758
-848
-900
-903
-863
-785
-674
-561
-458
-335
-245
-192
-150
-146
-181
-230
-301
-356
-391
-413
-411
-391
-359
-305
-264
-208
-168
-145
-140
-150
-148
-183
-193
-218
-250
-287
-296
-291
-274
-233
-200
-155
-100
-72
-39
-30
-31
-50
-68
-96
-131
-152
-200
-232
-236
-225
-186
-133
-53
34
120
230
356
472
587
705
815
934
1048
1147
1279
1419
1544
1698
1855
2005
2045
1969
1829
1617
1344
971
541
79
-375
-832
-1236
-1523
-1744
-1818
-1814
-1728
-1569
-1321
-1016
-728
-468
-247
-50
111
234
308
398
471
520
603
667
769
890
972
1008
999
935
806
590
320
5
-361
-729
-1061
-1351
-1551
-1656
-1677
-1594
-1443
-1216
-942
-633
-370
-114
82
225
329
355
375
323
250
155
45
-51
-121
-195
-285
-353
-417
-484
-542
-592
-644
-684
-749
-771
-755
-732
-673
-617
-533
-434
-331
-197
-88
11
96
165
207
212
214
174
139
60
-13
-113
-197
-289
-353
-395
-449
-442
-400
-318
-210
-64
118
289
493
713
909
1119
1329
1503
1689
1858
2016
2176
2338
2525
2684
2709
2508
2147
1684
1195
605
-70
-746
-1407
-1993
-2447
-2706
-2796
-2695
-2446
-2094
-1668
-1188
-674
-187
221
520
752
891
981
1048
1087
1120
1135
1181
1203
1229
1261
1238
1091
817
500
93
-367
-863
-1366
-1807
-2180
-2415
-2493
-2406
-2146
-1787
-1354
-884
-396
79
471
757
941
1037
1016
962
850
732
620
486
340
146
-68
-277
-492
-732
-985
-1227
-1458
-1621
-1675
-1649
-1545
-1386
-1171
-892
-617
-308
-5
220
377
468
523
510
479
438
332
236
119
6
-113
-206
-310
-428
-535
-624
-695
-723
-703
-641
-559
-431
-227
23
300
618
938
1212
1494
1729
1964
2193
2392
2543
2655
2774
2894
3037
3091
2812
2264
1602
891
145
-691
-1524
-2269
-2898
-3321
-3472
-3348
-3019
-2473
-1858
-1232
-590
32
635
1057
1328
1476
1524
1492
1451
1428
1423
1412
1367
1266
1136
970
775
438
-34
-609
-1201
-1730
-2202
-2546
-2749
-2749
-2668
-2373
-1897
-1336
-705
-136
345
739
1061
1273
1363
1327
1243
1106
929
744
563
398
227
-20
-330
-685
-1058
-1421
-1747
-2002
-2175
-2220
-2145
-1951
-1612
-1196
-769
-366
-12
281
532
713
816
785
692
572
412
257
72
-103
-299
-519
-728
-902
-1027
-1111
-1165
-1166
-1117
-1004
-835
-603
-359
-106
155
376
627
891
1156
1410
1625
1825
2006
2140
2273
2414
2488
2574
2655
2694
2772
2810
2476
1748
858
-21
-774
-1595
-2362
-2911
-3270
-3359
-3166
-2727
-2082
-1318
-598
39
549
958
1342
1556
1614
1622
1579
1511
1454
1419
1370
1300
1088
778
361
-160
-598
-1099
-1598
-2081
-2434
-2546
-2510
-2319
-1983
-1561
-1141
-696
-267
123
506
772
930
1054
1098
1175
1212
1163
1049
880
643
328
-76
-509
-925
-1351
-1739
-2057
-2222
-2218
-2077
-1833
-1509
-1163
-832
-489
-174
99
315
410
480
532
559
588
578
519
391
172
-64
-284
-534
-748
-973
-1126
-1215
-1215
-1109
-962
-766
-600
-472
-337
-239
-135
-38
71
240
424
670
962
1298
1605
1843
1999
2051
2047
2001
1956
1938
1958
1997
2106
2290
2524
2598
2092
1283
395
-429
-1188
-1997
-2586
-2957
-3106
-2963
-2494
-1809
-1071
-302
302
748
1020
1230
1407
1412
1448
1469
1458
1419
1391
1378
1241
957
510
-73
-758
-1376
-1820
-2157
-2345
-2412
-2304
-1983
-1572
-1103
-662
-309
-86
89
265
434
648
803
937
1056
1154
1246
1182
991
645
195
-328
-864
-1325
-1677
-1863
-1967
-1912
-1715
-1400
-1037
-752
-505
-339
-272
-208
-161
-69
18
135
213
294
341
331
294
148
-39
-305
-567
-799
-919
-946
-936
-850
-791
-710
-641
-583
-546
-558
-589
-620
-587
-471
-292
-51
202
430
660
874
1081
1226
1311
1329
1337
1358
1383
1484
1663
1835
2055
2303
2515
2686
2892
2941
2375
1308
184
-765
-1507
-2188
-2682
-2833
-2839
-2623
-2162
-1539
-870
-276
188
554
842
1077
1367
1583
1810
2005
2065
1968
1729
1426
985
355
-373
-1069
-1741
-2291
-2478
-2417
-2218
-1985
-1725
-1363
-1043
-760
-481
-223
-38
155
387
699
1093
1440
1640
1660
1510
1246
819
239
-364
-967
-1464
-1811
-1940
-1864
-1664
-1446
-1230
-1004
-790
-609
-475
-368
-272
-168
-2
176
359
481
525
495
371
181
-76
-288
-483
-607
-658
-679
-647
-592
-528
-503
-531
-625
-715
-814
-906
-927
-872
-716
-552
-388
-214
-22
156
272
365
431
489
566
724
905
1065
1231
1372
1461
1567
1672
1788
1901
2008
2137
2286
2477
2690
2819
2407
1358
161
-899
-1671
-2312
-2808
-2910
-2756
-2433
-1895
-1148
-380
230
662
1007
1244
1401
1599
1746
1872
2010
2010
1812
1439
945
339
-436
-1226
-1857
-2351
-2710
-2737
-2459
-2003
-1531
-1144
-739
-422
-161
108
390
659
909
1132
1357
1580
1710
1657
1366
880
268
-391
-1043
-1562
-1917
-2079
-2096
-1941
-1618
-1243
-931
-701
-510
-323
-122
73
239
424
552
625
633
554
423
190
-92
-382
-618
-752
-787
-736
-618
-508
-435
-436
-507
-622
-767
-921
-1017
-1071
-1062
-983
-843
-617
-361
-156
-35
61
92
105
136
186
239
311
395
515
641
735
862
957
1027
1065
1162
1302
1466
1651
1856
2066
2205
2325
2398
2469
2184
1324
227
-816
-1499
-1926
-2195
-2125
-1852
-1499
-1065
-558
-40
381
663
857
1049
1198
1369
1543
1644
1709
1602
1309
835
232
-466
-1197
-1820
-2171
-2260
-2239
-2059
-1680
-1201
-747
-378
-53
170
319
490
733
1009
1244
1380
1415
1328
1086
729
217
-365
-929
-1459
-1848
-2042
-2024
-1839
-1552
-1225
-849
-476
-176
46
213
371
565
791
968
1098
1051
814
476
70
-325
-694
-983
-1165
-1221
-1160
-1012
-817
-645
-546
-511
-529
-633
-664
-672
-675
-658
-598
-501
-408
-290
-177
-78
-16
47
97
171
193
192
208
206
197
148
79
11
-63
-53
39
190
425
666
935
1255
1516
1728
1915
2001
2082
2138
2190
2285
2383
2097
1388
521
-267
-772
-1191
-1460
-1488
-1350
-1139
-863
-519
-192
62
226
429
574
676
810
928
1041
1102
995
766
401
-8
-473
-943
-1301
-1473
-1411
-1251
-969
-634
-329
-93
58
215
295
281
328
410
543
613
599
503
286
-34
-402
-756
-1070
-1299
-1431
-1403
-1269
-1018
-696
-395
-86
175
376
515
603
703
815
891
918
827
584
221
-200
-624
-1015
-1305
-1458
-1456
-1334
-1145
-922
-684
-507
-376
-318
-285
-286
-298
-253
-178
-90
-48
7
19
30
14
-32
-39
-68
-91
-101
-116
-151
-183
-217
-273
-347
-404
-432
-419
-376
-275
-131
50
273
552
856
1136
1363
1557
1709
1866
1998
2135
2305
2419
2497
2540
2288
1620
819
2
-650
-1169
-1558
-1675
-1612
-1438
-1141
-870
-656
-456
-289
-75
174
383
648
934
1156
1365
1392
1260
975
560
137
-303
-693
-943
-1023
-1018
-921
-764
-655
-600
-554
-464
-342
-250
-171
-51
49
156
211
197
122
-16
-119
-239
-319
-324
-306
-266
-232
-180
-146
-100
-84
-88
-65
-35
-29
1
40
62
14
-82
-207
-419
-655
-852
-979
-1028
-1001
-927
-773
-618
-493
-393
-313
-205
-77
31
109
163
189
187
133
46
-53
-166
-277
-397
-465
-506
-553
-562
-540
-494
-458
-452
-438
-396
-346
-323
-271
-195
-167
-70
66
243
433
630
846
1014
1140
1202
1238
1253
1282
1320
1344
1413
1442
1490
1595
1698
1670
1310
801
254
-160
-453
-776
-880
-904
-910
-811
-717
-555
-471
-341
-105
149
408
568
803
933
995
1012
834
623
315
74
-147
-416
-556
-667
-702
-717
-676
-687
-775
-814
-791
-656
-470
-287
-38
158
314
452
535
596
515
441
355
215
99
-12
-105
-254
-406
-539
-668
-772
-819
-770
-657
-547
-425
-279
-177
-138
-163
-240
-335
-415
-439
-381
-318
-233
-157
-100
-64
-47
-12
-32
-40
-30
-54
-89
-140
-190
-238
-279
-311
-336
-355
-378
-414
-444
-477
-504
-486
-453
-399
-322
-267
-165
-79
-18
104
198
291
334
357
403
442
483
501
558
590
608
629
657
707
770
855
968
1083
1169
1300
1483
1703
1722
1470
1092
701
440
216
13
-67
-179
-237
-301
-346
-408
-525
-477
-390
-235
-73
82
276
385
480
508
438
339
186
122
77
-39
-93
-166
-248
-324
-369
-380
-433
-440
-381
-293
-175
-56
64
153
153
139
96
3
-94
-165
-203
-241
-258
-277
-344
-442
-538
-603
-683
-724
-724
-629
-521
-398
-292
-198
-137
-132
-86
-64
-52
-44
-40
-20
-34
-72
-98
-136
-165
-162
-142
-127
-120
-138
-166
-216
-275
-336
-377
-372
-361
-304
-247
-209
-172
-143
-121
-140
-144
-135
-104
-60
9
52
111
142
167
195
193
187
170
162
139
119
116
150
170
219
297
423
548
708
921
1132
1358
1541
1738
1921
2068
1984
1716
1343
966
703
423
192
41
-129
-299
-485
-686
-854
-990
-1001
-878
-701
-509
-283
-32
183
350
478
539
542
529
537
534
494
456
387
288
160
6
-127
-279
-404
-481
-548
-583
-614
-619
-600
-574
-565
-547
-531
-495
-431
-337
-214
-124
-38
3
14
-3
-15
-14
-12
-12
22
43
-4
-57
-152
-254
-316
-345
-354
-349
-346
-320
-275
-237
-238
-215
-151
-64
7
69
91
122
120
108
106
77
71
34
13
-19
-65
-139
-219
-308
-347
-353
-361
-345
-296
-252
-202
-156
-139
-109
-115
-129
-100
-41
6
62
125
186
230
280
315
328
341
366
417
489
563
665
775
865
976
1038
1143
1237
1263
1217
1066
885
716
532
376
276
202
134
68
-3
-40
-69
-71
-46
-18
-6
24
66
78
73
48
11
-17
-53
-88
-84
-89
-69
-55
-53
-39
-70
-124
-156
-184
-204
-257
-303
-325
-348
-343
-302
-289
-295
-301
-291
-250
-245
-187
-164
-150
-104
-63
-63
-81
-101
-160
-184
-212
-222
-219
-233
-269
-278
-277
-277
-230
-218
-186
-147
-91
-26
69
152
211
275
307
304
267
194
109
15
-75
-136
-211
-244
-272
-317
-368
-419
-442
-482
-521
-499
-497
-461
-393
-335
-275
-203
-146
-90
-28
29
65
93
87
68
34
-16
-74
-131
-135
-145
-121
-95
-60
-18
63
152
230
355
477
583
696
833
987
1116
1209
1254
1302
1307
1352
1385
1360
1305
1186
1073
950
801
629
464
267
108
-25
-174
-293
-374
-441
-447
-427
-430
-420
-410
-358
-293
-245
-199
-203
-186
-167
-139
-141
-154
-201
-254
-324
-379
-382
-420
-475
-543
-550
-550
-531
-488
-452
-392
-340
-308
-250
-238
-278
-292
-315
-303
-282
-271
-235
-194
-151
-102
-66
-28
-19
-39
-25
8
66
137
172
215
255
276
264
227
167
88
23
-10
-56
-102
-151
-188
-236
-260
-274
-286
-281
-260
-194
-120
-34
35
88
124
133
118
67
17
-28
-62
-110
-161
-211
-247
-291
-344
-370
-381
-381
-346
-264
-153
-12
136
303
449
636
773
918
1060
1173
1249
1289
1332
1379
1423
1441
1386
1298
1135
937
779
579
401
223
47
-77
-173
-245
-312
-377
-427
-433
-441
-429
-413
-392
-326
-253
-165
-77
-63
-62
-42
-55
-98
-158
-225
-279
-323
-357
-357
-370
-397
-412
-425
-423
-445
-469
-492
-500
-476
-454
-393
-358
-315
-264
-198
-147
-125
-108
-100
-79
-72
-48
-32
-13
-28
-21
9
25
62
112
141
187
200
199
173
129
101
69
39
-5
-51
-100
-120
-138
-146
-139
-133
-120
-96
-23
56
100
157
204
204
169
126
56
-30
-111
-180
-249
-320
-343
-359
-367
-363
-364
-378
-346
-330
-286
-206
-118
0
114
256
389
523
651
776
885
980
1096
1142
1170
1159
1127
1113
1089
1054
996
905
758
634
530
398
283
162
64
15
-66
-102
-157
-211
-219
-215
-224
-226
-228
-248
-231
-230
-229
-232
-253
-267
-259
-237
-228
-243
-260
-275
-281
-295
-298
-354
-398
-430
-429
-406
-375
-356
-331
-280
-236
-222
-216
-204
-193
-164
-134
-108
-93
-85
-87
-85
-73
-72
-70
-57
-69
-76
-53
-47
-18
8
37
58
72
83
78
67
43
35
25
20
57
101
146
174
206
221
202
188
132
70
8
-84
-126
-160
-200
-229
-278
-309
-342
-396
-429
-454
-461
-436
-395
-339
-252
-175
-93
-10
59
105
134
187
205
269
331
388
457
532
599
672
738
780
821
843
835
813
796
818
842
835
842
820
775
720
677
587
519
432
329
253
160
72
-10
-78
-184
-233
-284
-332
-370
-417
-380
-357
-333
-313
-314
-330
-342
-332
-328
-318
-307
-268
-254
-193
-154
-121
-102
-72
-49
-59
-86
-131
-152
-187
-224
-251
-301
-357
-396
-402
-403
-390
-371
-353
-321
-275
-218
-170
-114
-62
-27
-12
7
43
71
113
143
185
208
219
248
231
228
179
138
111
67
28
-4
-36
-47
-57
-75
-72
-73
-72
-57
-71
-120
-119
-128
-133
-132
-138
-144
-167
-189
-194
-204
-223
-227
-198
-184
-135
-95
-73
-37
-12
22
51
105
166
220
316
390
485
540
597
648
729
810
842
864
871
906
945
976
954
900
830
722
626
510
390
258
160
98
51
15
-66
-110
-111
-149
-192
-233
-280
-321
-331
-335
-332
-324
-320
-333
-317
-278
-226
-203
-191
-158
-114
-85
-76
-80
-89
-110
-130
-173
-227
-263
-311
-363
-409
-442
-467
-500
-493
-459
-432
-391
-338
-280
-226
-139
-72
-3
39
103
138
142
162
148
148
148
137
111
82
74
56
31
-33
-98
-127
-170
-175
-149
-119
-73
3
71
153
197
234
233
209
180
136
102
27
-16
-68
-129
-176
-222
-290
-335
-368
-389
-381
-369
-323
-270
-195
-126
-42
30
96
163
224
304
363
409
454
501
542
585
632
677
711
723
704
682
651
649
655
672
672
630
588
560
541
544
497
431
393
350
281
221
146
59
7
-54
-104
-151
-196
-236
-256
-285
-325
-365
-414
-419
-401
-354
-304
-253
-189
-125
-76
-50
-50
-77
-109
-179
-217
-283
-343
-372
-385
-391
-379
-376
-372
-358
-332
-305
-261
-216
-175
-102
-35
44
106
158
197
226
212
173
117
71
32
-41
-99
-159
-203
-207
-212
-218
-214
-163
-131
-73
2
105
203
242
327
375
380
373
331
283
222
153
70
-17
-94
-164
-225
-299
-349
-386
-411
-399
-388
-353
-301
-244
-177
-106
-43
-10
27
38
70
91
104
129
149
181
201
233
264
305
328
361
428
513
558
597
650
689
745
773
783
777
716
688
659
597
543
470
390
318
261
168
74
-20
-95
-148
-199
-258
-321
-364
-381
-366
-327
-318
-312
-295
-282
-259
-243
-247
-236
-225
-219
-205
-198
-185
-198
-211
-230
-285
-300
-318
-324
-336
-325
-296
-281
-239
-193
-164
-115
-79
-32
-6
-24
-1
11
-14
-43
-75
-129
-184
-230
-273
-292
-285
-261
-235
-191
-142
-115
-65
-8
73
161
217
266
317
339
358
352
336
306
244
175
106
27
-48
-109
-157
-203
-239
-236
-265
-288
-291
-291
-262
-235
-235
-226
-213
-185
-177
-167
-150
-157
-141
-139
-92
-47
4
56
122
176
237
325
402
480
582
662
715
766
773
780
769
756
763
716
664
611
534
499
429
360
287
213
145
90
45
-16
-60
-91
-134
-175
-193
-254
-278
-287
-296
-306
-301
-319
-321
-294
-268
-252
-241
-209
-199
-168
-163
-189
-208
-236
-235
-268
-283
-284
-274
-262
-254
-227
-248
-252
-255
-232
-238
-235
-236
-245
-241
-223
-201
-219
-230
-256
-263
-269
-280
-289
-288
-259
-214
-166
-137
-81
-25
32
96
147
193
229
226
237
244
217
177
163
137
94
68
43
11
-28
-56
-116
-158
-187
-209
-221
-265
-283
-305
-336
-339
-332
-354
-364
-376
-372
-345
-343
-277
-213
-116
-21
56
153
223
303
362
452
498
548
591
622
641
671
674
632
596
542
495
446
413
384
350
319
285
284
273
244
226
217
196
188
139
107
55
-7
-35
-119
-177
-237
-279
-326
-330
-332
-356
-334
-336
-333
-314
-308
-291
-297
-268
-270
-248
-238
-246
-225
-222
-213
-225
-232
-246
-242
-259
-244
-228
-217
-205
-205
-210
-222
-227
-240
-252
-276
-259
-264
-261
-263
-251
-236
-216
-166
-145
-93
-45
7
51
106
156
199
239
265
286
294
290
262
255
226
190
165
118
90
60
6
-38
-89
-125
-137
-174
-217
-241
-283
-306
-326
-367
-363
-350
-331
-307
-265
-201
-154
-98
-34
38
92
152
207
256
300
341
397
444
472
475
471
465
428
424
388
368
357
339
336
348
386
402
443
434
423
396
385
346
322
299
267
245
193
146
77
38
-47
-87
-145
-217
-268
-319
-343
-349
-373
-371
-369
-360
-353
-330
-312
-297
-277
-247
-214
-191
-159
-136
-112
-93
-94
-99
-116
-140
-156
-180
-195
-219
-268
-306
-349
-371
-379
-397
-392
-372
-367
-354
-319
-278
-242
-214
-156
-117
-58
-16
30
67
121
175
200
223
231
253
247
242
220
204
174
151
123
68
45
-12
-45
-103
-155
-182
-223
-261
-259
-272
-276
-266
-256
-229
-202
-171
-130
-106
-65
-29
-12
42
62
91
87
78
68
32
22
15
13
33
48
83
119
145
199
261
305
372
445
487
495
521
538
541
544
531
498
446
388
333
268
211
149
71
32
-21
-58
-81
-106
-138
-131
-136
-150
-150
-183
-201
-221
-218
-220
-242
-236
-210
-195
-171
-146
-152
-145
-134
-152
-156
-158
-182
-202
-217
-249
-277
-310
-337
-347
-352
-362
-359
-362
-343
-324
-301
-270
-253
-244
-216
-200
-172
-161
-149
-121
-128
-115
-124
-123
-109
-73
-43
-9
30
70
102
119
140
154
144
139
143
112
98
73
57
3
-29
-56
-96
-126
-154
-149
-163
-151
-139
-130
-96
-79
-53
-23
0
10
25
29
22
-9
-19
-34
-73
-97
-113
-122
-108
-71
-49
-4
28
85
145
211
277
318
389
462
506
523
511
505
478
432
363
292
238
172
147
113
78
68
54
43
33
20
14
21
19
-7
-9
-29
-5
-12
-31
-51
-81
-100
-119
-130
-181
-194
-214
-242
-229
-251
-261
-286
-305
-309
-319
-342
-352
-353
-343
-353
-345
-316
-294
-258
-245
-234
-208
-201
-192
-169
-176
-198
-213
-215
-250
-265
-285
-299
-304
-297
-289
-296
-261
-242
-188
-137
-73
-18
39
87
125
157
196
214
213
203
187
166
110
87
31
-17
-53
-74
-82
-92
-112
-106
-84
-69
-63
-57
-34
-36
-32
-28
-19
-17
-36
-40
-43
-51
-74
-93
-94
-96
-100
-63
-20
24
90
111
142
165
191
197
197
198
184
178
170
195
186
196
232
226
222
230
241
255
257
276
285
279
284
292
278
251
209
188
163
111
94
53
-1
-31
-76
-121
-130
-163
-185
-179
-200
-208
-212
-229
-241
-248
-267
-258
-234
-240
-223
-217
-213
-219
-236
-222
-222
-205
-198
-213
-223
-252
-226
-241
-274
-292
-325
-348
-372
-381
-392
-379
-376
-345
-319
-282
-240
-207
-155
-112
-55
-5
56
116
149
176
184
206
181
161
125
77
58
26
26
14
15
38
63
87
103
120
140
129
136
125
110
117
123
125
131
117
107
89
48
40
33
5
8
7
5
28
28
29
36
19
8
-14
-6
-14
-21
-11
-3
14
52
81
122
163
201
241
258
287
323
339
362
362
357
348
308
268
224
171
118
78
37
-29
-70
-108
-139
-144
-160
-151
-151
-147
-155
-157
-140
-139
-131
-124
-128
-156
-170
-193
-203
-228
-256
-263
-302
-320
-343
-347
-359
-377
-375
-370
-368
-368
-377
-361
-350
-326
-302
-306
-267
-249
-231
-216
-212
-176
-142
-98
-60
-32
-2
24
43
36
28
16
31
21
14
17
1
17
32
70
103
126
169
202
235
281
291
317
315
311
324
319
312
286
272
243
193
172
131
93
74
23
32
22
22
8
11
1
-9
-6
-29
-25
-38
-35
-63
-45
-49
-44
-23
-28
-12
-6
15
20
55
75
100
142
161
180
186
186
189
185
155
129
99
65
28
-7
-32
-58
-89
-98
-115
-119
-126
-131
-138
-138
-131
-133
-131
-134
-139
-139
-134
-150
-157
-169
-181
-172
-208
-234
-224
-244
-253
-296
-308
-318
-330
-327
-322
-303
-294
-285
-267
-229
-213
-197
-189
-156
-124
-111
-78
-56
-43
-38
-21
-9
-22
-29
-50
-58
-87
-88
-93
-109
-102
-72
-54
-11
26
70
145
181
220
264
312
343
355
386
397
391
383
353
313
283
247
216
167
111
84
29
-2
-12
-29
-53
-51
-54
-48
-31
-29
-4
6
49
55
37
65
68
72
62
56
51
30
23
13
19
2
14
36
38
50
36
26
20
25
27
18
17
26
38
43
41
47
44
34
34
14
-29
-21
-27
-56
-56
-48
-66
-53
-44
-82
-97
-125
-141
-154
-164
-156
-152
-157
-128
-129
-132
-122
-142
-134
-153
-169
-161
-160
-163
-146
-146
-149
-154
-150
-139
-139
-137
-143
-116
-101
-103
-89
-81
-84
-80
-89
-81
-77
-90
-101
-83
-88
-61
-32
-20
24
34
61
93
121
159
182
210
226
231
241
273
271
280
280
265
263
233
206
192
177
133
119
102
78
61
39
33
31
15
3
4
4
6
5
3
1
14
24
8
36
26
34
38
36
38
30
36
22
27
12
13
-6
1
16
7
16
13
19
35
40
32
40
31
49
78
73
66
61
70
52
36
4
-11
-36
-52
-72
-101
-98
-109
-110
-110
-129
-124
-114
-97
-89
-86
-66
-53
-32
-30
-27
-37
-32
-51
-70
-70
-94
-119
-132
-125
-141
-152
-154
-141
-138
-140
-124
-110
-93
-89
-74
-68
-36
-26
-10
3
11
24
53
73
91
93
97
118
117
106
116
117
119
149
158
173
177
189
193
187
190
186
193
191
209
205
232
238
222
225
213
196
180
169
137
106
89
73
50
29
-3
-19
-13
-25
-32
-21
-22
-6
14
38
63
88
103
115
109
95
86
86
72
68
62
29
32
23
15
30
15
22
43
44
23
40
42
47
53
70
84
75
74
64
62
39
25
8
-11
-11
-17
-8
-8
-13
-7
10
-7
-9
-13
-32
-15
-3
8
-17
-28
-33
-42
-61
-74
-55
-78
-77
-52
-63
-55
-43
-41
-38
-36
-30
-18
-10
28
31
34
69
92
86
89
104
101
103
82
84
100
97
95
93
72
77
90
93
86
76
87
80
100
117
135
130
147
174
152
161
168
168
155
161
156
146
117
133
109
91
72
55
54
22
16
3
-8
-18
-17
-29
-17
8
17
52
74
67
86
102
95
85
84
72
73
63
48
31
29
40
21
13
-2
-10
-15
-3
14
16
39
27
47
55
67
65
66
67
59
72
54
58
75
61
49
66
61
53
46
48
25
11
-9
-14
-24
-13
-28
-41
-30
-35
-55
-59
-60
-88
-87
-72
-78
-69
-30
-20
-10
2
27
40
46
62
59
88
84
76
90
83
63
67
70
69
62
62
73
57
71
72
80
103
91
104
103
110
122
128
129
144
148
146
148
152
165
135
133
118
103
94
84
86
87
71
83
88
64
72
77
63
56
59
57
40
51
59
70
60
79
79
84
71
66
65
54
77
59
77
61
51
55
44
29
39
38
30
25
40
31
43
63
47
63
67
70
46
49
59
73
67
73
68
75
65
74
69
57
67
47
37
46
36
26
12
-13
-22
-34
-45
-51
-76
-113
-89
-110
-115
-105
-122
-108
-103
-83
-39
-37
-8
10
9
30
30
30
30
38
54
45
34
35
11
7
2
13
8
-19
-6
11
7
21
42
43
64
85
118
110
129
135
152
152
131
147
127
123
101
82
43
50
48
2
6
2
5
-5
-6
7
13
31
46
51
80
94
95
102
120
129
107
111
103
100
62
45
27
15
12
-17
-26
-49
-43
-36
-31
-19
-3
-1
-10
-7
30
32
16
43
43
57
63
61
76
81
81
87
85
55
62
69
59
74
79
69
67
70
50
67
53
47
40
29
15
-12
-20
-33
-45
-29
-33
-55
-41
-34
-30
-29
-21
-8
1
-10
13
16
5
5
-5
11
13
34
20
15
34
36
36
38
44
34
40
38
63
39
38
37
33
49
51
55
66
75
84
92
101
107
81
72
64
48
60
65
66
60
45
56
59
58
36
49
43
50
69
57
68
69
77
96
97
103
111
117
104
98
91
92
77
71
61
39
31
6
16
-5
-17
-30
-27
-22
-18
-18
-11
6
25
48
40
37
58
52
61
62
61
69
49
71
57
56
63
52
69
62
55
54
64
58
72
65
55
52
38
40
17
-6
6
5
3
1
-1
9
6
9
4
15
5
14
16
22
34
9
6
16
4
6
-5
-7
-11
-13
-5
-11
-20
-16
-2
0
-3
19
30
32
67
75
67
62
61
57
64
59
41
13
3
-5
-7
-1
-5
-8
-14
-14
-18
5
10
15
24
39
64
66
82
91
92
90
83
116
113
115
124
101
95
77
71
70
69
61
39
35
50
48
43
38
47
48
41
35
30
30
47
62
54
54
59
60
60
64
76
76
61
66
67
43
47
38
17
26
20
18
11
23
27
45
48
48
80
77
62
63
39
32
25
38
48
49
34
8
17
1
12
-7
-10
-18
-26
-27
-35
-9
3
2
3
21
5
-6
5
-9
-23
-3
-30
-44
-30
-29
-17
-31
-23
-4
-1
8
5
21
23
20
27
22
30
26
26
16
-3
-22
-30
-27
-39
-37
-45
-58
-40
-43
-34
-31
-21
-2
10
25
16
42
58
60
67
71
61
74
67
66
62
58
36
20
20
12
10
8
7
14
8
5
15
18
3
18
22
15
35
34
44
21
36
27
43
27
25
35
16
40
42
28
16
4
-11
-17
-12
-31
-47
-40
-30
-14
-19
-5
-14
-11
-5
5
4
-20
5
8
25
35
40
42
34
35
22
22
14
-10
-8
-10
-14
1
16
29
37
31
25
45
35
22
35
20
11
6
5
-4
-8
-7
-34
-1
-26
-14
-6
-10
15
12
21
35
31
27
34
33
27
41
45
28
28
9
11
4
-12
-21
-4
7
5
1
10
6
9
29
23
44
58
40
41
60
74
56
70
77
59
74
52
52
50
23
31
22
35
26
33
58
43
47
51
52
52
72
81
76
71
65
72
55
77
62
36
51
46
44
52
33
18
41
30
37
28
36
31
15
21
8
15
2
22
32
42
46
60
78
85
88
90
86
86
79
67
61
64
59
56
42
40
33
27
42
34
23
30
39
32
28
39
33
9
22
27
28
25
23
17
-13
-8
-8
-19
-10
-21
-17
-20
-19
-3
-24
-25
-15
-17
-15
-23
-23
-17
-19
-9
-13
-4
-15
-13
-16
-23
1
-15
-4
6
18
11
16
16
13
2
-4
23
2
-4
-8
-12
9
10
20
13
1
17
1
7
35
12
13
16
26
23
22
1
12
3
0
8
2
14
20
21
-1
5
1
-3
0
0
-5
-13
5
-4
0
2
9
3
2
18
4
1
-4
5
15
18
27
12
31
20
11
31
22
29
27
37
34
38
47
58
70
73
73
74
92
72
77
67
58
50
45
61
61
42
33
40
27
40
24
4
26
19
9
13
12
11
24
14
11
15
9
13
5
28
22
20
20
3
-1
19
26
14
18
28
22
20
30
24
13
16
31
32
42
29
31
32
47
56
61
69
80
63
54
61
70
68
56
71
73
78
77
77
63
65
70
69
65
62
75
68
68
69
66
68
55
59
46
30
42
30
30
42
35
40
42
35
48
47
49
46
16
24
19
10
31
5
30
30
28
31
26
23
12
23
7
15
9
23
20
27
45
67
74
75
78
83
88
96
74
78
75
49
65
44
41
38
27
28
25
15
-2
-4
-5
-4
0
5
15
11
18
27
25
16
25
12
16
22
-1
17
12
-7
1
5
5
-15
-16
-8
-4
-5
-17
-12
-16
17
12
19
22
15
19
26
31
30
38
46
64
44
46
54
54
66
59
58
49
52
51
34
48
50
40
44
39
41
45
34
41
26
28
51
33
46
37
42
52
46
41
22
40
43
42
43
46
37
41
46
19
25
36
28
27
22
7
2
5
11
-6
15
11
6
-2
16
34
41
46
52
49
53
82
77
78
76
76
100
85
91
84
80
77
68
81
76
69
43
41
53
30
32
19
34
31
37
62
59
69
66
59
47
52
64
50
38
47
44
30
21
2
-2
0
-16
5
-12
-6
0
9
36
26
18
28
34
41
55
54
65
67
42
43
33
23
9
22
14
-6
10
12
19
30
39
30
25
26
20
22
25
23
19
16
2
1
-9
-2
-9
-6
-17
-18
1
-11
7
6
-4
10
0
11
30
14
9
8
16
13
0
-7
-2
-31
-42
-45
-57
-43
-43
-39
-43
-23
-34
-34
-14
-6
-13
-2
20
19
24
30
44
43
41
53
41
50
42
44
52
33
49
48
35
42
46
31
23
32
34
33
34
36
43
13
32
34
17
27
18
4
6
14
-14
-24
-25
-40
-45
-57
-66
-57
-69
-69
-65
-50
-69
-65
-65
-52
-51
-58
-42
-39
-31
-21
-21
-17
-10
-21
-31
-38
-38
-22
-32
-27
-27
-27
-10
-28
-22
-15
-7
2
-8
-6
9
1
2
3
1
-14
-7
-25
-43
-38
-29
-42
-41
-38
-36
-23
-20
-6
13
-1
18
16
-7
-2
-7
-7
-13
-13
-25
-42
-36
-43
-61
-74
-68
-69
-69
-75
-63
-56
-61
-46
-24
-12
-19
-3
7
12
19
23
39
31
29
25
21
21
17
-1
7
-11
-1
-4
-20
-1
-13
-4
10
12
23
43
41
43
42
53
51
59
69
50
52
41
19
6
4
8
1
-32
-34
-45
-36
-30
-29
-40
-29
-27
-25
-14
-31
-13
-17
-18
-5
-11
-13
-19
-24
-16
-25
-38
-28
-17
-24
-20
-5
4
21
5
10
23
27
26
37
26
17
21
21
8
16
6
6
1
-3
-23
-28
-6
-20
-21
-7
2
0
0
-6
-7
-3
-6
-1
1
0
-11
-27
-14
-32
-41
-48
-62
-69
-74
-91
-80
-80
-96
-83
-60
-53
-42
-53
-40
-28
-30
-18
-23
-10
-10
-6
-13
-21
-10
-22
-29
-36
-40
-45
-59
-48
-35
-48
-43
-30
-23
-10
-1
16
31
23
31
40
38
47
51
48
45
42
36
26
14
5
-2
-3
-7
-12
-30
-43
-34
-49
-37
-29
-41
-41
-19
-20
-17
-32
-15
-8
-29
-19
-21
-11
-26
-20
-37
-47
-42
-38
-37
-30
-23
-21
-14
-25
-5
-3
-1
5
15
0
4
12
7
7
-7
10
-8
-19
-24
-43
-40
-29
-14
-18
-33
-13
-15
-15
-20
-18
-9
-37
-23
-44
-49
-40
-44
-43
-73
-67
-78
-86
-70
-86
-102
-103
-102
-104
-109
-113
-101
-118
-94
-98
-104
-94
-98
-94
-91
-78
-91
-92
-77
-83
-89
-94
-115
-108
-95
-94
-100
-87
-77
-87
-72
-67
-50
-47
-52
-43
-24
-10
-7
1
-15
1
8
-12
5
9
3
-23
-22
-8
-21
-38
-69
-58
-65
-66
-50
-49
-63
-72
-60
-48
-49
-51
-58
-72
-69
-90
-90
-94
-76
-94
-100
-103
-110
-121
-114
-91
-95
-83
-77
-90
-87
-77
-77
-65
-69
-53
-50
-53
-42
-33
-30
-39
-42
-51
-58
-57
-61
-60
-56
-69
-58
-51
-39
-43
-51
-34
-42
-44
-34
-29
-51
-54
-50
-50
-36
-47
-50
-56
-54
-58
-78
-76
-82
-79
-98
-95
-97
-107
-107
-117
-106
-128
-106
-99
-116
-92
-101
-90
-78
-75
-84
-86
-90
-109
-106
-93
-85
-83
-98
-83
-76
-64
-70
-52
-53
-56
-38
-36
-36
-18
-12
2
12
14
17
9
14
11
43
25
18
7
7
-2
-21
-9
-1
-28
-26
-23
-32
-33
-30
-23
-42
-43
-39
-40
-48
-44
-44
-44
-55
-37
-51
-71
-69
-78
-57
-74
-72
-62
-74
-54
-47
-59
-57
-52
-47
-36
-50
-53
-29
-24
-35
-30
-38
-16
-18
-26
-4
-12
-10
-8
-10
-15
-15
3
7
0
3
5
4
15
5
10
1
9
8
16
7
6
6
3
-3
-10
4
-25
-26
-46
-48
-68
-74
-67
-84
-74
-88
-103
-96
-94
-90
-85
-93
-81
-82
-84
-72
-73
-67
-82
-91
-73
-80
-95
-78
-66
-67
-95
-94
-86
-85
-77
-64
-82
-67
-45
-72
-60
-47
-47
-53
-48
-38
-31
-13
-11
-9
-22
-29
-16
-19
-11
-15
-23
-23
-15
-45
-47
-50
-62
-57
-47
-50
-50
-58
-60
-55
-60
-71
-63
-62
-83
-76
-78
-82
-70
-72
-89
-86
-93
-92
-97
-112
-104
-93
-105
-99
-78
-90
-79
-92
-105
-87
-79
-71
-66
-62
-58
-55
-37
-44
-46
-29
-35
-35
-35
-33
-45
-34
-32
-35
-29
-47
-27
-34
-22
-21
-26
-23
-45
-37
-54
-43
-56
-65
-65
-68
-100
-97
-85
-95
-96
-97
-93
-91
-79
-79
-81
-92
-65
-70
-64
-62
-72
-70
-54
-53
-69
-72
-83
-68
-75
-75
-97
-83
-77
-80
-70
-66
-54
-73
-42
-46
-36
-28
-38
-15
-24
-14
-11
-12
-14
-14
-3
2
-7
-2
18
8
-5
-12
-23
-21
-23
-17
-16
-23
-26
-38
-41
-34
-45
-54
-45
-50
-49
-57
-59
-58
-69
-84
-68
-73
-62
-66
-90
-72
-92
-102
-101
-113
-88
-92
-86
-86
-76
-65
-53
-47
-47
-8
-20
-11
-20
-23
-26
-38
-19
-22
-27
-36
-29
-34
-26
-27
-21
-9
-28
-13
-10
-4
-13
-12
-23
-35
-22
-19
-23
-34
-34
-31
-53
-52
-53
-74
-57
-73
-80
-72
-67
-66
-67
-57
-52
-50
-73
-57
-56
-59
-71
-77
-54
-70
-85
-81
-84
-85
-79
-82
-78
-65
-78
-65
-58
-70
-54
-65
-54
-42
-53
-51
-50
-50
-36
-39
-29
-30
-27
-18
-27
-15
-28
-8
-27
-30
1
-20
-11
-13
-13
-18
-6
-11
-7
2
-17
-11
-21
-24
-23
-33
-54
-49
-31
-41
-61
-71
-45
-66
-79
-74
-78
-62
-66
-62
-68
-57
-61
-63
-53
-52
-39
-53
-47
-44
-49
-39
-29
-30
-26
-26
-31
-26
-30
-18
-8
-8
-6
1
-1
0
4
4
14
25
21
11
3
14
7
17
6
-3
-7
-27
-22
-27
-26
-23
-18
-31
-20
-21
-27
-17
-29
-31
-19
-29
-38
-52
-47
-49
-46
-42
-55
-63
-55
-67
-66
-68
-70
-78
-80
-53
-62
-76
-70
-65
-75
-83
-66
-69
-68
-79
-77
-74
-71
-69
-76
-68
-55
-48
-48
-37
-43
-43
-23
-23
-10
-29
-7
8
-8
3
17
13
11
7
-12
2
-6
-3
-29
-27
-11
-25
-30
-35
-23
-43
-37
-48
-28
-27
-45
-42
-44
-36
-48
-47
-52
-39
-42
-49
-40
-35
-47
-68
-50
-54
-55
-51
-42
-51
-55
-45
-45
-50
-44
-39
-27
-25
-22
-4
-10
3
2
6
5
-2
-13
-16
-29
-30
-26
-34
-35
-33
-49
-33
-19
-35
-31
-17
-12
0
-5
-11
-4
0
-3
-7
-13
-17
-26
-23
-28
-34
-24
-34
-42
-74
-54
-34
-41
-45
-52
-48
-32
-36
-52
-53
-56
-59
-51
-49
-42
-48
-48
-33
-37
-40
-34
-32
-39
-29
-36
-8
-29
-24
4
-9
4
-9
-3
8
10
2
-10
5
8
15
15
3
5
22
0
5
1
-6
-2
-3
-5
-8
12
-1
-5
-18
-22
-23
-25
-30
-30
-28
-40
-24
-35
-34
-37
-57
-49
-52
-48
-48
-63
-53
-48
-45
-48
-37
-39
-28
-26
-39
-30
-37
-13
-18
-36
-23
-22
-28
-20
-28
-35
-22
-37
-39
-34
-37
-33
-22
-5
-24
-11
-15
-10
-7
-1
9
-10
-6
-5
6
-10
-13
-22
-18
-23
-31
-29
-42
-43
-50
-52
-34
-49
-38
-47
-57
-58
-61
-39
-50
-27
-27
-52
-46
-55
-45
-55
-48
-61
-57
-38
-54
-42
-60
-72
-51
-61
-65
-59
-64
-58
-46
-51
-46
-37
-37
-39
-36
-29
-50
-40
-35
-44
-33
-30
-39
-41
-21
-23
-23
-3
-9
-10
0
-2
-4
-7
-2
-21
-20
-3
-12
-14
-6
-18
-19
-29
-40
-32
-38
-42
-62
-50
-42
-56
-51
-50
-45
-45
-40
-38
-41
-37
-34
-25
-38
-36
-21
-27
-42
-32
-29
-31
-26
-17
-18
-25
-21
-19
-14
-10
-15
5
4
-3
22
31
25
21
14
11
15
21
10
6
10
9
12
-1
10
-5
-10
-8
-8
-3
-4
2
4
-2
-11
-10
-11
-24
-26
-21
-33
-25
-22
-23
-28
-31
-31
-23
-27
-31
-26
-44
-19
-11
-24
-25
-33
-23
-20
-39
-30
-18
-34
-37
-26
-42
-31
-27
-24
-23
-14
1
4
-5
-6
16
26
26
16
26
31
4
17
24
9
23
7
6
9
-8
5
2
-2
2
-16
-23
-30
-52
-41
-43
-35
-36
-47
-42
-53
-53
-48
-45
-43
-40
-45
-61
-52
-35
-43
-44
-32
-43
-51
-31
-39
-47
-56
-56
-55
-38
-36
-44
-29
-49
-43
-24
-14
-21
-10
-15
-16
-8
-4
-5
-12
-6
-16
-10
-15
-3
-1
-11
0
3
3
-6
4
-16
4
-1
-7
-3
-20
-16
-27
-25
-31
-39
-45
-45
-52
-60
-54
-44
-51
-35
-53
-36
-35
-37
-40
-41
-34
-45
-24
-27
-40
-60
-46
-56
-45
-55
-65
-35
-28
-31
-22
-21
-22
-23
-24
-23
-5
-5
9
8
23
28
34
43
27
26
35
54
23
38
23
24
21
3
7
1
7
7
5
-5
5
-16
-9
-14
-31
-16
-24
-21
-19
-24
-14
-32
-31
-31
-40
-21
-35
-39
-13
-17
-20
-22
-32
-19
-21
-18
-5
4
8
2
-6
7
17
12
29
28
9
15
22
36
20
21
26
19
20
16
8
19
22
17
30
28
32
22
19
27
19
38
8
19
24
-1
19
7
12
15
12
4
10
8
-14
-7
-6
-5
-22
-22
-27
-36
-11
-23
-19
-22
-20
-20
-23
-25
-19
-8
-16
-15
-7
-14
-8
-20
-9
-13
-5
5
1
22
10
16
24
39
49
29
38
43
56
42
38
41
51
49
38
33
50
59
51
55
48
61
24
29
26
19
10
5
12
3
2
1
-6
-23
-4
-2
-9
-7
-20
-11
-17
-21
-21
-18
-14
-8
-2
-9
-1
-8
-1
0
0
4
1
0
3
0
4
-11
-10
-8
-1
2
12
11
12
28
18
20
6
12
11
23
11
36
39
27
44
39
26
24
25
6
14
8
17
8
10
-12
-8
3
-3
-14
-18
-3
-20
-22
-22
-13
-7
-16
-20
-15
-10
-9
-6
-16
-20
-25
0
-1
-9
-12
-11
-9
-10
-19
-25
-13
-8
-1
7
-5
12
19
22
22
14
22
19
37
37
35
36
43
45
42
40
32
39
30
36
26
20
34
14
-4
20
23
16
27
27
27
25
15
24
3
12
-8
-7
11
-10
1
-2
9
-6
14
-8
-3
-2
-12
9
2
-1
1
19
7
4
15
7
8
-1
10
16
8
6
20
20
28
28
28
37
19
46
36
51
55
52
49
32
34
35
27
33
21
8
13
17
8
28
26
-4
5
14
13
7
5
19
11
-8
-24
-10
-8
-26
-21
-18
-2
-13
-18
-16
-19
-21
-23
-31
-30
-16
-11
-16
-26
-23
-18
-29
-15
-15
-4
-15
-13
-2
-12
-11
0
8
0
13
7
4
-12
12
0
-12
8
-20
6
-5
-11
4
-6
-10
15
5
2
5
7
6
1
-7
-15
3
10
-10
-24
-26
-25
-19
-34
-24
-32
-30
-33
-46
-38
-54
-30
-23
-51
-35
-37
-29
-26
-20
-25
-20
-23
-37
-41
-45
-42
-36
-38
-23
-38
-38
-18
-21
-24
-8
-4
-18
-4
-1
0
-15
-2
-16
-16
-19
-10
5
-11
-8
-14
-17
-16
-24
-17
-24
-20
-19
-19
-9
-20
-19
-18
-7
-23
-11
-8
-2
-4
-22
-27
-22
-12
-3
-29
-28
-25
-30
-33
-34
-22
-27
-17
-12
-9
-17
-1
-14
-23
-18
-18
-18
0
-23
-19
1
-11
2
1
-11
-5
-15
-13
3
-6
20
-1
-1
14
17
10
9
1
-12
7
16
6
6
12
-11
-1
5
6
-9
-5
1
-3
2
-11
-24
-14
-14
-14
-31
-19
-14
-19
-24
-17
1
-4
-10
-23
-12
-19
-13
-18
-24
-16
-18
-22
-29
-18
-15
-25
-4
-1
-11
-3
-2
-1
2
-3
5
8
6
10
13
-1
0
-2
12
18
9
12
8
4
9
11
1
13
14
8
29
15
4
24
33
16
21
23
8
16
2
-5
7
-2
4
4
0
1
-10
-8
-27
-6
-23
-32
-16
-36
-20
-28
-27
-25
-42
-34
-32
-22
-28
-32
-15
-20
-16
-22
-27
-16
-16
-16
-10
-9
-5
3
11
8
4
-1
-6
2
9
9
15
10
2
16
17
2
9
5
4
4
4
-3
-1
-4
-16
4
20
9
9
12
19
15
19
2
16
23
12
8
-4
11
0
12
-3
2
-2
-4
-9
-6
-6
2
16
0
0
14
8
8
1
-3
-1
10
4
15
-1
17
13
2
7
0
8
12
3
11
36
14
13
10
15
22
26
18
26
15
14
26
10
24
25
19
11
12
8
-4
10
1
10
19
7
10
10
11
7
4
11
11
24
8
17
15
-9
1
4
14
-2
-2
11
-1
12
-6
-3
3
2
12
10
11
