75
60
53
38
51
53
56
51
44
48
37
42
34
37
44
25
41
45
28
49
49
28
32
32
27
31
18
28
34
15
12
28
44
44
35
47
31
23
39
31
27
26
30
37
37
31
34
25
33
31
40
36
38
29
25
19
38
34
34
45
33
32
32
36
42
31
30
41
31
40
31
42
21
13
22
37
41
25
42
12
17
12
11
19
29
23
2
14
14
4
3
13
4
17
9
8
10
-1
3
6
-2
4
2
-6
4
-11
-16
3
-3
7
-1
0
8
0
8
1
5
0
-2
-11
0
3
-14
-5
8
18
-2
7
-4
-3
4
-4
-13
-2
5
-9
0
-5
8
1
-4
1
5
8
13
9
7
2
7
8
14
11
-1
10
16
15
14
13
24
21
9
8
9
16
14
20
32
17
21
31
31
25
24
24
20
17
29
46
31
40
26
33
41
35
45
42
56
48
41
36
40
52
39
56
50
53
47
39
56
47
51
53
56
60
53
48
50
48
62
41
50
66
66
48
50
61
52
65
58
50
39
50
36
46
44
39
41
36
37
39
44
48
47
43
48
38
34
38
54
46
51
44
40
47
45
52
55
41
41
52
42
54
65
49
59
61
68
65
63
66
62
58
54
58
57
56
52
54
57
57
52
49
48
51
50
54
55
57
58
52
53
45
52
55
64
69
68
64
54
55
66
44
45
51
35
47
53
55
59
43
67
61
53
58
38
62
69
66
56
30
49
57
43
50
49
33
38
64
58
45
54
46
29
48
49
35
47
53
36
36
26
18
39
23
37
41
34
46
27
36
47
49
38
49
37
42
53
40
47
47
51
56
66
56
65
57
45
48
39
39
41
31
43
48
35
48
58
47
51
47
48
50
34
45
55
48
35
53
60
52
64
51
60
67
58
60
45
51
36
43
46
32
45
47
46
50
49
35
46
51
39
39
35
38
23
30
25
27
25
24
18
22
21
7
20
20
28
14
21
14
16
27
13
1
-5
8
14
4
9
-4
12
24
18
18
27
15
15
11
24
27
27
30
19
29
10
14
22
34
31
24
29
29
42
33
30
31
39
31
36
34
29
17
13
33
47
31
31
46
31
42
38
39
35
29
34
35
13
28
41
27
36
13
32
34
37
18
16
26
14
35
39
19
26
23
10
27
14
25
48
25
23
18
14
14
7
24
22
15
25
29
17
30
18
7
37
35
26
11
18
22
18
19
20
17
27
25
13
16
31
46
36
33
31
30
26
26
40
32
39
37
21
43
39
32
39
35
38
42
22
18
41
28
18
19
25
30
26
22
16
14
21
27
23
28
32
15
23
38
42
23
24
22
26
21
25
37
40
32
44
53
25
27
25
21
35
41
42
50
41
31
51
42
38
40
42
49
32
45
46
31
30
28
16
29
35
27
21
19
25
31
28
26
50
38
31
52
48
49
45
36
31
48
32
19
20
20
20
10
16
21
10
11
28
9
17
6
16
28
11
19
25
17
3
27
35
29
16
23
32
25
29
40
46
45
38
34
43
43
43
41
51
38
40
52
36
34
59
43
47
39
49
54
35
38
41
38
32
35
31
41
27
34
29
30
48
23
48
19
21
34
20
36
38
15
17
40
26
19
13
28
24
23
31
25
10
31
28
26
15
17
31
17
24
6
14
10
9
16
17
29
42
40
45
30
33
36
29
34
28
30
33
49
42
38
28
36
32
47
61
43
30
29
43
27
30
49
51
50
38
30
51
50
45
46
49
39
29
49
29
32
33
33
31
26
25
21
36
34
38
37
14
27
25
31
25
16
37
37
17
10
26
43
23
24
25
31
27
28
24
34
37
24
14
18
28
14
18
8
12
-8
12
25
29
27
22
7
3
22
22
15
6
9
9
4
9
7
2
12
27
0
10
2
19
21
12
10
8
7
11
22
17
4
11
10
1
3
-8
19
15
22
20
16
12
13
10
13
6
11
4
29
10
12
18
12
13
8
11
-12
9
-1
5
21
9
10
18
7
10
11
4
8
6
2
12
9
24
24
9
13
23
23
15
27
27
25
22
24
29
29
25
30
26
15
24
19
18
21
11
15
25
20
12
12
6
20
34
21
27
24
13
18
13
2
8
24
11
8
6
13
26
24
15
13
10
14
4
9
2
4
24
19
23
15
25
22
32
21
28
29
24
40
35
38
32
38
32
25
26
37
19
31
38
15
18
7
10
13
29
45
47
36
38
30
23
27
12
20
32
28
21
35
29
20
28
25
26
13
21
10
16
30
25
28
35
38
42
51
43
39
26
27
45
40
31
46
39
36
23
21
32
32
11
18
17
20
16
23
24
13
21
28
10
21
20
2
20
26
26
25
14
14
-1
4
9
5
5
10
-2
5
17
-12
0
8
14
7
14
27
20
8
21
17
14
18
9
14
22
18
16
14
3
6
-2
18
10
24
37
11
25
13
11
-1
3
-1
-2
-2
-3
7
3
0
-5
10
15
8
13
-1
3
10
-7
-3
7
5
-11
-11
-18
1
-6
-7
-22
-23
-17
-15
-18
-22
-16
-6
-16
-20
-12
-25
-29
-26
-7
-18
-14
-12
-10
7
-15
-18
-12
-3
-1
-5
11
-8
-12
-22
-9
-2
-8
7
-1
-6
2
14
9
15
3
10
16
-3
-5
-3
-4
1
-8
-12
-1
9
17
21
6
8
8
-6
2
-6
-6
2
1
5
3
0
13
-11
4
-3
-16
7
-7
-16
-4
-13
-11
18
8
-9
-31
-1
-6
0
4
-20
-13
-8
-14
-2
-3
12
-18
-14
-9
-12
-8
-22
-15
-19
-15
-17
-14
-9
-8
-7
-16
-12
-1
11
-2
-9
-2
-8
-2
10
1
-3
7
2
4
-2
5
-4
-3
2
-6
12
-1
7
-2
16
17
3
25
16
9
6
25
24
5
1
21
-1
-11
-3
18
22
14
10
18
35
5
24
19
33
24
6
11
26
44
20
25
25
32
26
32
22
17
30
19
7
19
19
14
24
27
15
19
16
9
8
18
14
17
15
7
16
28
14
9
16
7
28
14
26
23
24
26
25
33
14
34
30
25
23
23
35
24
22
35
40
32
31
44
46
45
39
54
60
32
45
46
50
50
36
41
59
39
36
41
34
51
42
45
32
34
48
41
50
38
14
32
37
41
41
32
39
38
42
32
23
29
37
27
31
26
31
34
15
20
37
2
-3
15
25
25
28
22
3
3
1
8
-6
-2
5
8
6
-4
-8
0
-10
9
21
5
2
-1
19
26
18
23
6
-6
-2
11
13
0
-5
6
8
-2
-6
-2
-2
-12
-3
-9
-8
-9
-21
-24
-6
-16
-6
0
-22
7
1
-6
3
0
-9
-8
-2
4
12
11
30
24
15
10
10
17
5
3
20
14
7
10
20
21
17
12
4
14
10
4
16
24
20
18
17
1
13
16
0
0
-5
-7
8
13
6
1
1
6
13
6
10
11
3
18
15
7
6
6
14
4
2
9
-6
5
5
12
-4
-12
-10
-19
-9
-15
5
4
-2
2
-13
0
-12
-19
8
9
18
-11
-3
9
-7
-3
-16
-16
-16
-20
11
-11
-11
-16
-4
7
-12
-3
-4
-4
2
2
9
6
5
-2
12
7
13
13
7
3
0
15
14
19
9
24
9
17
25
19
20
39
34
35
49
26
27
33
25
22
42
38
29
31
23
21
29
25
21
19
27
8
23
18
20
15
19
2
8
36
28
25
6
19
0
12
19
22
29
11
29
2
16
9
11
-8
4
1
8
26
26
24
10
18
3
28
16
14
4
18
23
17
10
6
26
23
15
14
15
16
19
27
19
18
19
22
33
22
18
24
21
25
37
36
23
36
36
24
29
26
28
44
41
36
31
19
36
32
32
30
28
31
31
32
21
15
17
13
25
24
13
15
1
1
-5
-2
15
22
22
20
33
36
29
41
30
32
35
26
27
34
27
39
28
19
16
13
8
8
11
7
17
11
26
14
3
12
12
16
16
-7
7
15
-4
13
10
4
-5
11
17
8
16
15
-5
19
8
-14
7
15
3
17
20
-7
6
-10
6
-13
-8
-9
-5
4
-12
-7
6
3
-1
-4
-15
11
15
7
4
11
10
-12
4
10
8
14
-6
-6
-7
-1
-1
-12
7
15
-3
2
5
11
12
2
-3
7
9
-8
3
6
-1
-12
3
-5
-2
2
-13
-15
-11
8
-7
-7
1
-20
-33
-22
-27
-35
-16
-33
-36
-29
-38
-34
-35
-37
-22
-29
-22
-20
-29
-28
-36
-37
-20
-39
-28
-44
-37
-28
-39
-39
-42
-30
-38
-38
-37
-15
-31
-35
-18
-21
-28
-28
-20
-15
-14
-24
-16
-19
-25
-39
-23
-10
-24
-30
-30
-27
-21
-32
-40
-31
-28
-23
-30
-32
-26
-8
-23
-22
-24
-14
-26
-27
-22
-20
-15
-34
-31
-16
-23
-29
-12
-27
-27
-16
-20
-23
-15
-30
-25
-32
-26
-23
-37
-30
-16
-1
-17
-22
-22
-17
-21
-16
-27
-26
-11
-23
-20
-27
-37
-24
-26
-38
-30
-26
-19
-35
-6
-8
-31
-21
-25
-28
-27
-28
-17
-15
-16
-16
-19
-17
-15
-23
-4
-7
-18
-32
-15
-9
-14
-8
-16
-18
-19
-19
-17
-6
-14
-17
-17
-9
-13
-23
-18
-21
-12
-9
-37
-9
-18
-27
-27
-21
-11
-27
-22
-27
-8
-2
-18
-15
-23
-1
-6
-10
-15
-2
-15
-14
-6
-10
-1
-13
-8
-25
-15
-12
-4
-7
-9
-4
-13
-21
-5
5
-5
-1
-17
-26
-14
-8
-9
-10
-8
-10
-16
-23
-19
-2
-12
-25
-16
-25
-17
-14
-22
-9
-10
-8
-2
-14
-16
3
5
-7
10
2
3
-6
-16
0
-17
-6
-1
6
-22
-17
-2
-19
-7
-2
-8
-6
-28
-13
-12
-17
-13
-16
-3
-6
-5
-6
-5
-23
-11
-6
-22
-18
-3
-24
-19
-9
-28
-23
-44
-45
-32
-35
-50
-34
-24
-31
-29
-32
-20
-15
-15
-40
-36
-42
-43
-44
-43
-36
-49
-32
-45
-27
-41
-33
-40
-26
-25
-41
-32
-41
-37
-50
-40
-54
-35
-28
-42
-40
-38
-34
-35
-44
-55
-23
-18
-43
-37
-32
-35
-31
-38
-40
-35
-36
-28
-23
-22
-21
-23
-29
-25
-9
-22
-16
-27
-19
-13
-14
-18
-21
-20
-17
0
-9
9
5
14
3
0
-6
3
-1
-8
6
1
-7
-10
-1
-10
-14
-8
-11
-16
-25
-32
-14
-22
3
-10
-12
2
-2
6
2
-13
-2
11
3
0
-3
2
-15
0
-9
-3
-5
-16
4
-4
-1
-21
-13
-10
-13
-4
-14
-11
-12
-12
-15
-3
-12
-6
-15
1
4
-4
-4
-6
2
-9
19
12
5
3
12
20
-1
-2
4
1
10
0
19
15
7
16
3
2
16
23
24
8
13
11
-3
11
17
8
17
-2
2
16
19
20
15
15
28
29
23
27
13
15
18
0
24
23
25
30
6
8
18
34
23
26
21
14
25
27
27
30
9
3
8
5
12
13
13
5
7
1
3
11
16
3
3
-6
1
9
12
14
8
12
-1
-6
1
0
8
11
9
2
-9
6
1
3
7
11
5
17
11
14
11
12
23
17
14
20
15
22
22
20
34
15
17
24
19
19
30
24
27
13
17
33
26
38
24
14
22
12
14
13
11
4
-8
1
-1
12
15
10
28
13
9
5
14
-3
0
0
-4
23
4
19
25
26
16
14
14
2
18
0
6
-7
12
5
-21
12
3
4
11
3
5
-5
-1
-2
23
6
9
22
11
5
2
14
10
18
13
13
12
18
21
12
4
7
3
11
5
10
27
28
10
18
14
8
16
5
9
18
-2
6
11
0
2
5
10
9
0
-3
4
-4
-3
3
-4
1
7
-7
5
6
-6
-10
-11
2
-16
0
-6
1
0
2
-6
-13
-8
-13
-15
-2
5
-6
6
1
1
1
8
-2
12
7
4
6
13
5
8
9
-9
10
-2
-2
-1
16
7
3
22
5
9
4
12
-9
8
25
23
26
16
3
9
4
-7
8
-12
13
13
11
-1
3
2
-17
-13
-11
-9
-17
-18
-11
-4
-5
-7
-18
-18
-24
-22
-22
-32
-27
-32
-24
-20
-14
-26
-7
-14
-5
-24
-18
-20
-10
10
-1
-1
-10
-15
-22
-22
-31
-9
-3
-13
-9
-3
-11
-6
5
-3
-9
-20
-5
2
2
4
3
-1
-10
-6
-1
-9
-16
-7
-20
-1
-6
-3
-9
-7
10
15
14
10
9
2
-10
-11
-8
-26
-8
-9
-12
-3
2
4
-9
1
-8
-3
6
-12
-3
-9
5
2
-1
-9
-9
-10
-11
-1
-4
6
-8
-10
0
-11
-2
6
4
8
-7
-9
-1
11
21
14
-5
-1
-5
-1
-14
-5
3
-3
-7
-8
-8
-10
-5
-3
12
8
-5
11
7
13
14
13
22
24
24
6
4
22
22
15
33
20
22
29
32
30
17
15
24
8
7
11
18
17
11
6
7
12
14
19
15
30
16
0
8
-7
0
17
-5
11
9
0
3
-19
0
-2
-10
-8
-24
-15
-5
-4
4
-2
-11
-13
-3
2
-20
-24
-12
-12
6
-19
-14
-8
-17
0
-10
-6
0
-12
-1
3
4
-4
-23
-12
-13
-18
1
-11
-12
-7
-25
-11
-10
-7
-5
-10
-8
-13
-1
2
-3
-11
-5
-4
-15
-1
-28
-24
-19
-12
-3
-11
-3
6
1
-11
-9
4
-22
-21
-9
-19
-25
-35
-7
-16
-21
-29
-44
-37
-40
-32
-16
-31
-13
-9
-28
-34
-30
-40
-21
-41
-31
-28
-26
-7
-24
-31
-29
-32
-38
-34
-52
-54
-49
-49
-57
-60
-51
-42
-37
-50
-51
-37
-39
-27
-28
-19
-34
-40
-19
-27
-42
-33
-40
-39
-42
-39
-45
-38
-36
-49
-48
-56
-43
-38
-30
-28
-51
-50
-40
-27
-29
-39
-23
-39
-45
-43
-21
-31
-44
-17
-27
-26
-41
-34
-39
-18
-32
-44
-18
-33
-26
-24
-13
-20
-26
-34
-17
2
-18
-12
-15
-16
-33
-27
-11
-28
-19
-12
-21
-9
-27
-14
-10
-11
-12
-10
-12
-17
-22
-18
-23
-1
-14
-29
-8
-10
-5
-17
-14
-11
-8
-27
-25
-15
-30
-20
-23
-34
-27
-31
-35
-18
-23
-24
-26
-33
-18
-22
-25
-22
-23
-31
-23
-18
-26
-21
-15
-18
-17
-10
-14
-14
-23
-23
-16
-19
-22
-19
-15
-9
-20
-5
-5
-11
-13
-16
-24
-8
-4
5
-1
-10
-4
-5
-12
-24
-18
-24
-31
-26
-27
-21
-21
-16
-19
-22
-21
-18
-25
-11
-5
-24
-19
-17
6
-13
-1
-5
-19
-20
-23
-27
-15
-11
-18
-19
-23
3
-13
-30
-26
-21
-18
-30
-26
-33
-27
-23
-52
-51
-36
-34
-29
-42
-30
-41
-30
-17
-27
-31
-39
-27
-19
-19
-33
-43
-42
-47
-42
-48
-38
-46
-34
-34
-40
-43
-40
-43
-43
-50
-52
-43
-53
-44
-37
-28
-46
-52
-53
-51
-51
-52
-47
-38
-41
-43
-51
-43
-42
-53
-48
-41
-45
-41
-34
-49
-43
-45
-31
-24
-21
-7
-32
-37
-26
-42
-44
-39
-54
-55
-54
-47
-53
-37
-54
-56
-67
-61
-65
-62
-66
-61
-57
-46
-54
-70
-58
-52
-61
-57
-61
-70
-74
-74
-58
-64
-74
-69
-60
-58
-61
-62
-69
-50
-69
-76
-63
-71
-73
-72
-61
-72
-79
-57
-57
-68
-54
-65
-50
-60
-60
-53
-64
-67
-71
-40
-52
-46
-37
-50
-44
-54
-60
-69
-63
-51
-60
-42
-43
-49
-49
-69
-55
-61
-60
-52
-40
-51
-59
-53
-52
-44
-41
-47
-37
-34
-45
-46
-27
-40
-33
-18
-23
-26
-36
-30
-30
-37
-42
-27
-35
-41
-23
-30
-38
-38
-30
-26
-32
-35
-21
-26
-32
-25
-38
-41
-25
-27
-35
-29
-25
-29
-28
-29
-8
-3
-27
-12
-7
-13
-9
-20
-18
10
4
-18
-13
-8
-6
-10
-10
-7
1
1
-14
-11
2
-14
-14
-20
-8
-14
-18
-10
-6
-6
8
12
0
28
8
18
10
4
18
-1
8
7
4
3
3
24
-1
11
25
2
14
26
16
8
16
1
-14
-12
-11
-14
-2
-7
17
-3
-11
-9
-6
1
0
2
-11
-4
-6
-11
-8
-14
-6
-3
11
10
-13
0
-18
-27
-22
-5
-20
-24
-8
-17
-8
-11
-7
-22
-10
-15
-6
7
-3
-6
-3
4
-2
5
5
9
-8
-10
5
-1
12
5
3
13
-2
-7
11
-6
13
11
-8
5
-17
-2
-3
6
-8
-23
2
21
-1
7
2
-20
-2
1
-5
-15
-11
-16
-8
5
-5
-11
-8
-24
-15
-9
7
-11
-12
-5
-5
0
-22
-18
-6
-8
-10
2
-7
7
-1
-1
9
2
-5
-4
-10
6
-20
-18
-12
-16
-21
-37
-11
-12
-27
-29
-23
-24
-17
-25
-24
-36
-28
-23
-35
-26
-37
-33
-27
-48
-26
-30
-39
-24
-33
-19
-32
-31
-26
-13
-23
-16
-14
-17
-6
-26
-10
-20
-20
-21
-29
-28
-19
-13
-31
-43
-22
-17
-25
-30
-22
-15
-24
-19
-13
-7
0
1
4
-12
-3
-7
-15
-14
-14
-9
-9
-2
0
7
19
9
6
11
14
9
9
33
23
12
16
14
26
11
9
21
8
19
12
0
24
4
25
29
11
15
20
19
9
25
17
34
16
33
13
4
31
26
23
6
9
12
7
17
21
17
13
-2
0
2
-2
-6
-2
2
8
-1
8
11
4
19
8
20
9
7
21
6
24
41
24
22
12
28
29
38
30
15
30
21
20
27
18
24
21
28
15
18
14
32
36
30
30
27
41
34
45
26
39
35
31
49
25
45
50
51
53
36
51
38
43
45
44
33
33
29
29
38
29
21
14
30
10
20
14
25
20
10
32
10
19
34
25
20
27
23
27
24
17
16
17
7
10
28
33
21
17
24
20
19
10
16
18
27
31
26
25
23
24
15
17
7
36
24
30
26
14
11
25
20
37
22
19
39
25
21
16
31
35
28
32
21
16
25
4
14
8
24
41
17
22
23
14
22
12
15
13
18
11
3
0
-7
16
30
13
11
30
18
9
-4
-3
4
-7
1
4
5
1
7
3
-24
-6
-7
-11
1
5
7
-7
-11
-5
-1
-25
-3
9
-18
-28
-11
-7
-12
9
-1
1
-19
-23
2
-9
-10
-7
-10
-19
-1
15
7
4
-15
5
-10
-10
3
-12
-1
-9
-20
-12
4
-8
-8
-10
-22
-11
-10
-14
-19
-26
-31
-19
-5
4
-4
-5
-14
0
-11
-13
-1
-33
-6
-4
-15
-16
-22
-13
-10
5
-6
-7
-3
0
3
-15
0
-9
6
6
5
10
0
-11
-13
4
-19
-13
-15
-37
-21
-23
-28
-22
-18
-29
-25
-16
-30
-27
-24
-15
-26
-23
-22
-11
3
-6
-24
-15
-7
-3
-33
-33
-15
-13
-26
-22
-25
-34
-17
-14
-19
-13
-24
-22
-23
-28
-15
-27
-23
-25
-11
-33
-26
-17
-31
-29
-28
-19
-17
-14
-11
-26
-12
-13
-8
-9
-12
-17
-25
-6
-20
-18
-33
-20
-16
-23
-34
-23
-15
-39
-25
-19
-13
-19
-11
-16
-18
-35
-31
-13
-3
1
-20
-32
-23
-16
-27
-9
-19
-15
-16
-24
-32
-40
-33
-35
-30
-18
-27
-15
-24
-34
-24
-25
-29
-17
-5
-23
-26
-38
-37
-22
-30
-19
-39
-31
-32
-32
-24
-24
-17
-30
-24
-32
-31
-21
-33
-41
-26
-27
-33
-26
-38
-31
-16
-26
-29
-27
-26
-15
-23
-41
-19
-11
-21
1
-13
-4
-13
-15
-20
-32
-20
-21
-1
-16
-16
-9
-24
-24
-35
-29
-34
-44
-30
-32
-23
-18
-26
-13
-20
-30
-23
-9
-18
-26
-24
-28
-29
-21
-31
-47
-28
-35
-43
-42
-26
-31
-36
-34
-42
-45
-37
-39
-36
-46
-39
-32
-36
-31
-47
-36
-37
-40
-48
-40
-36
-44
-35
-30
-35
-44
-28
-31
-31
-42
-42
-30
-33
-31
-45
-37
-34
-27
-20
-36
-26
-26
-31
-38
-13
-21
-34
-26
-21
-32
-29
-22
-21
-22
-16
-13
-37
-25
-21
-13
-20
-20
-27
-20
-14
-23
-29
-29
-20
-14
-14
-26
-10
-11
-25
-13
-27
-34
-24
-31
-24
-18
-21
-32
-40
-40
-23
-29
-48
-41
-42
-33
-26
-25
-34
0
-9
-12
-10
-13
-30
-24
-22
-19
-15
-18
-15
-20
-14
-21
-24
-26
-12
-10
-11
-6
-34
-14
-22
-8
-9
-21
-19
-21
-35
-26
0
-25
-4
-17
-1
-8
-23
-8
-19
-21
-20
-12
-8
-16
-2
-27
-28
-15
-21
-31
-9
4
-22
-9
-26
-1
0
-11
-18
-26
-19
-24
-16
-13
-25
-8
-14
-35
-7
-3
-25
-32
-31
-31
-11
-16
-27
7
-8
-14
-13
-6
4
-12
-10
-19
-12
-11
-16
-14
-20
-31
-21
-37
-38
-27
-22
-35
-30
-38
-38
-40
-53
-24
-32
-40
-29
-9
-24
-9
-26
-28
-27
-28
-14
-14
-15
-11
-12
-25
-6
-8
3
-3
0
-1
-23
-6
-4
0
-9
-15
-8
-7
-7
-14
-17
-21
-9
-16
-15
-8
3
-6
-9
1
-10
-13
-2
10
13
14
-2
-6
11
8
6
23
10
-5
16
7
-2
15
8
15
10
15
-3
7
20
-3
20
32
17
21
29
17
18
14
10
21
16
6
12
18
16
29
38
34
28
32
23
30
29
18
30
27
17
38
32
22
26
25
39
22
36
43
30
16
23
24
24
34
35
39
32
32
43
44
38
41
34
33
41
35
31
34
30
33
29
23
22
38
39
49
47
39
44
45
42
38
21
27
34
21
30
29
31
34
28
41
47
25
36
34
34
39
34
42
32
36
33
36
25
17
28
30
15
20
30
51
24
15
26
9
27
19
25
22
15
18
-5
20
22
13
15
3
-11
3
6
13
4
4
9
-7
1
2
6
-7
4
8
24
3
3
19
-4
-1
1
-6
-11
0
4
1
-18
-4
4
-8
2
-18
-29
-17
5
1
0
-1
0
6
6
2
8
-11
4
4
-3
19
-14
-13
-4
-17
-10
-12
-12
-11
-2
2
-7
-10
-19
-2
-17
-16
-7
-15
-9
-4
-7
3
-7
3
2
-1
4
4
3
4
8
-4
16
13
-4
13
-5
-14
5
-3
-6
4
7
-8
-4
-18
-17
6
2
2
-18
-6
-13
-14
-20
-23
-27
-8
-16
-8
3
-9
-17
-19
-10
-22
-21
-10
-3
-13
-17
-23
-17
-13
-8
-15
-16
2
-22
-18
-12
-22
-25
-30
-19
-15
-33
-16
-2
-16
-19
-19
-20
-10
-13
-10
-1
-7
1
2
-3
1
5
-5
8
6
10
15
23
3
4
22
16
23
28
39
29
24
31
29
39
27
20
32
26
28
26
20
39
39
39
49
45
48
19
40
26
28
35
21
36
27
30
24
21
28
24
19
27
29
37
29
28
16
15
17
11
35
17
5
12
17
3
7
12
5
16
14
27
18
21
22
21
38
31
33
36
30
29
37
38
34
44
30
55
57
54
74
50
59
60
68
71
59
71
59
77
69
65
87
71
73
85
97
85
89
86
91
95
101
95
99
88
101
96
90
104
102
102
97
110
107
111
106
91
93
87
71
69
65
71
70
66
49
50
36
39
39
24
13
6
18
-4
-10
-5
-6
-10
-27
-41
-42
-48
-49
-45
-58
-55
-73
-62
-60
-72
-57
-82
-79
-91
-78
-66
-63
-76
-88
-44
-54
-58
-60
-49
-30
-18
-15
-24
-16
6
13
21
27
28
31
29
53
57
51
59
67
87
100
112
99
93
111
125
128
127
146
146
153
151
162
161
152
154
158
154
138
153
150
161
158
166
146
136
134
117
131
116
105
95
74
69
70
45
38
21
-1
-14
-35
-46
-75
-83
-94
-101
-131
-160
-161
-181
-198
-222
-210
-221
-244
-248
-244
-248
-257
-259
-264
-269
-273
-264
-259
-265
-235
-257
-267
-238
-237
-234
-214
-193
-192
-193
-172
-173
-155
-124
-114
-98
-81
-63
-50
-32
-10
18
26
44
57
68
97
114
129
147
171
174
195
206
224
232
243
270
288
304
305
339
352
345
342
360
369
366
373
363
368
351
351
333
307
305
277
257
237
205
185
148
106
75
37
16
-27
-51
-95
-138
-173
-203
-231
-273
-297
-328
-354
-359
-408
-419
-436
-447
-458
-484
-468
-487
-490
-494
-487
-467
-463
-456
-433
-444
-427
-398
-375
-356
-348
-326
-322
-293
-262
-238
-236
-203
-181
-160
-135
-125
-74
-51
-51
-27
9
16
32
53
86
96
116
120
146
185
189
195
220
237
243
271
269
268
285
310
318
338
332
346
368
360
375
380
377
382
398
400
395
393
389
381
365
347
336
318
312
283
268
232
216
184
143
103
62
32
3
-28
-61
-75
-108
-138
-163
-192
-217
-239
-239
-265
-294
-297
-316
-332
-351
-351
-369
-368
-373
-392
-387
-393
-388
-394
-384
-386
-388
-377
-380
-377
-352
-344
-343
-328
-322
-308
-291
-275
-275
-259
-231
-226
-213
-203
-176
-178
-153
-149
-139
-120
-113
-98
-93
-84
-75
-41
-38
-29
-32
-35
-11
-9
-8
4
31
26
12
18
47
42
48
53
63
79
87
87
92
110
104
98
101
104
118
127
128
139
150
151
168
158
170
185
192
193
200
205
206
214
213
217
213
204
215
228
208
218
211
211
217
177
168
163
150
123
97
87
61
53
39
12
-13
-34
-41
-65
-85
-100
-108
-135
-153
-157
-189
-206
-222
-218
-232
-260
-252
-268
-270
-283
-297
-309
-309
-320
-324
-329
-339
-348
-371
-378
-408
-435
-610
-666
-477
-363
-380
-411
-337
-281
-300
-316
-274
-398
-602
-475
-288
-250
-280
-190
-83
-125
-172
-159
-112
-137
-196
-169
-114
-127
-127
-84
-54
-45
-43
-34
-23
-13
-32
-46
-6
33
5
-6
43
74
41
42
41
94
163
158
176
137
203
246
251
342
354
395
391
429
468
493
488
497
516
510
523
537
531
513
500
475
448
400
371
325
290
231
187
131
68
31
-41
-85
-137
-189
-229
-263
-273
-316
-352
-374
-376
-389
-410
-405
-378
-395
-401
-381
-355
-353
-346
-325
-281
-264
-289
-258
-229
-241
-272
-207
-167
-186
-224
-181
-132
-183
-248
-60
-86
-193
-139
-49
-65
-212
-162
-100
-155
-223
-146
-153
-210
-187
-188
-366
-252
-164
-369
-307
-251
-270
-330
-341
-185
-348
-383
-192
-320
-322
-118
-286
-255
-246
-127
-160
-328
-133
-15
-249
-92
-1
-137
-147
-75
76
-125
-24
59
5
-94
24
169
38
6
107
204
119
219
222
282
270
320
359
460
507
515
531
583
649
516
562
683
663
600
604
665
597
514
463
461
408
347
281
298
233
95
31
1
-62
-173
-178
-146
-190
-293
-343
-350
-359
-373
-360
-338
-301
-328
-333
-281
-283
-311
-268
-216
-176
-119
-103
-184
-179
-142
-116
-203
-152
9
-32
-265
-160
57
-134
-194
-182
-2
-42
-205
-137
-69
-170
-224
-284
-302
-277
-232
-310
-364
-265
-336
-431
-437
-417
-372
-468
-450
-283
-409
-504
-513
-352
-311
-487
-507
-151
-188
-594
-300
-150
-270
-302
-308
-62
-205
-326
-142
-280
-315
-236
-216
-268
-278
-119
-137
-36
115
142
51
177
372
310
241
446
629
450
380
663
737
654
688
856
912
876
917
985
983
847
862
1028
1018
969
931
905
836
690
640
608
528
417
373
324
209
68
-40
-162
-259
-281
-299
-356
-428
-506
-565
-631
-617
-578
-614
-602
-584
-526
-504
-492
-454
-436
-416
-344
-253
-172
-152
-199
-140
-98
-112
-77
46
0
-3
31
63
38
-14
-6
21
4
-17
-17
-4
-77
-163
-169
-232
-307
-338
-301
-327
-393
-470
-512
-583
-594
-632
-634
-557
-596
-602
-617
-557
-598
-640
-586
-379
-402
-484
-198
-235
-374
-252
-100
-45
-25
20
37
34
156
181
137
264
250
201
300
310
369
317
387
425
263
466
619
438
464
629
668
572
608
764
819
771
992
1220
1152
1164
1222
1079
956
1085
1327
1293
1216
1141
983
825
780
763
632
505
454
399
262
83
-41
-259
-462
-453
-402
-424
-516
-640
-749
-893
-897
-785
-757
-787
-735
-686
-647
-605
-580
-529
-516
-459
-276
-132
-118
-127
-141
-88
-6
106
192
174
147
201
231
218
261
227
129
71
114
216
133
17
-4
-78
-197
-214
-207
-330
-480
-568
-560
-579
-667
-768
-859
-874
-855
-817
-799
-860
-893
-923
-791
-727
-737
-667
-649
-583
-421
-294
-300
-255
-76
-66
20
104
217
210
126
402
385
338
493
422
242
276
371
463
324
477
572
407
324
531
694
526
441
734
917
761
798
1035
1126
1231
1476
1661
1382
1252
1268
1276
1441
1570
1588
1380
1060
965
916
849
689
593
413
280
199
28
-153
-534
-729
-662
-662
-585
-657
-859
-1098
-1215
-1131
-1030
-933
-916
-894
-941
-878
-702
-678
-641
-603
-501
-296
-192
-110
-97
-197
-187
-18
207
342
345
282
269
260
320
451
424
350
275
257
240
175
117
-8
-130
-286
-351
-416
-548
-696
-864
-970
-1009
-1047
-1114
-1268
-1293
-1307
-1306
-1223
-1142
-1137
-1160
-1084
-1029
-912
-826
-686
-504
-412
-342
-172
-77
8
4
130
379
407
412
432
491
486
541
588
666
632
528
645
678
463
521
718
714
468
507
829
822
663
782
1088
1141
1086
1289
1637
1756
1366
1179
1361
1409
1609
1677
1647
1571
1175
895
951
1012
818
521
376
349
164
-175
-267
-402
-756
-862
-760
-615
-812
-1167
-1264
-1273
-1235
-1130
-951
-915
-1066
-1132
-960
-716
-696
-654
-557
-491
-355
-230
-57
-41
-139
-63
138
339
433
385
321
286
315
411
551
542
402
288
208
218
216
137
5
-165
-266
-361
-460
-616
-859
-1049
-1113
-1087
-1131
-1267
-1458
-1609
-1641
-1580
-1445
-1376
-1374
-1430
-1434
-1271
-1136
-1024
-914
-811
-643
-466
-292
-200
-117
-4
166
397
430
520
489
461
614
762
854
832
643
560
554
544
593
768
676
555
653
713
770
733
823
984
1187
1356
1546
1703
1893
1792
1431
1457
1634
1869
2038
1951
1822
1484
1108
968
1015
1055
866
603
386
206
-154
-416
-452
-703
-844
-812
-807
-913
-1205
-1421
-1451
-1375
-1197
-1022
-998
-1084
-1185
-1169
-930
-701
-588
-444
-405
-370
-267
-164
-34
6
76
242
378
456
414
380
361
429
498
583
651
503
339
217
182
169
105
5
-175
-374
-572
-750
-947
-1090
-1224
-1264
-1268
-1368
-1526
-1706
-1791
-1775
-1678
-1509
-1401
-1410
-1447
-1405
-1267
-1078
-942
-781
-556
-420
-298
-167
-76
20
172
392
573
688
725
678
649
718
805
917
963
926
875
794
808
845
891
906
914
909
1025
1088
1058
1170
1305
1499
1841
2131
2279
2063
1578
1481
1646
2031
2373
2240
1860
1314
915
862
998
1078
830
476
147
-112
-385
-594
-733
-959
-1011
-943
-939
-1067
-1462
-1756
-1751
-1498
-1161
-976
-1025
-1220
-1370
-1269
-868
-483
-322
-274
-328
-313
-185
13
189
239
292
399
503
558
491
363
361
415
539
673
637
378
59
-132
-138
-66
-46
-144
-458
-793
-1100
-1306
-1307
-1338
-1452
-1497
-1617
-1785
-1930
-1996
-1980
-1918
-1721
-1530
-1456
-1431
-1437
-1375
-1161
-888
-619
-416
-296
-275
-200
-67
154
295
444
611
665
651
673
698
750
884
907
927
901
878
798
742
903
957
953
993
1100
1103
1096
1285
1537
1757
1934
2186
2445
2485
1934
1641
1782
2114
2492
2459
2143
1646
1054
785
922
1164
1044
538
23
-256
-511
-763
-773
-921
-1213
-1337
-1355
-1330
-1560
-1872
-1925
-1795
-1502
-1238
-1173
-1268
-1468
-1432
-1024
-547
-257
-189
-263
-308
-200
74
393
502
452
458
522
608
678
671
600
541
538
600
615
398
68
-195
-290
-299
-334
-443
-713
-1096
-1371
-1531
-1490
-1511
-1632
-1749
-1867
-1915
-1982
-1983
-1937
-1887
-1795
-1587
-1404
-1351
-1294
-1205
-985
-693
-432
-218
-111
-43
59
231
427
590
686
707
717
743
760
786
821
821
824
886
898
849
840
849
918
1031
1155
1240
1329
1371
1456
1650
1867
2175
2440
2638
2309
1779
1792
2061
2450
2579
2293
1890
1306
884
849
1013
1015
594
55
-301
-539
-826
-973
-1122
-1393
-1501
-1541
-1548
-1673
-2001
-2148
-2068
-1757
-1384
-1254
-1305
-1454
-1479
-1153
-636
-253
-49
-59
-155
-89
143
462
692
723
713
710
762
841
829
772
719
645
635
669
485
164
-174
-386
-438
-488
-559
-779
-1165
-1568
-1781
-1784
-1748
-1797
-1894
-2034
-2158
-2189
-2113
-1973
-1904
-1838
-1699
-1515
-1354
-1237
-1093
-922
-678
-415
-173
25
111
188
292
463
689
803
829
841
813
784
807
882
919
896
868
852
862
895
976
1014
1122
1251
1349
1508
1623
1796
1966
2279
2652
2980
2701
2000
1866
2041
2533
2812
2579
2185
1403
820
779
994
1130
697
23
-417
-708
-976
-1035
-1149
-1536
-1756
-1833
-1733
-1713
-2019
-2245
-2303
-2034
-1582
-1324
-1229
-1393
-1562
-1316
-785
-282
18
59
-93
-113
112
547
845
841
801
766
797
944
1010
979
851
627
614
687
588
323
-79
-400
-574
-693
-676
-791
-1164
-1599
-1922
-1996
-1969
-2007
-2072
-2152
-2280
-2308
-2255
-2153
-2068
-2028
-1831
-1586
-1388
-1205
-1040
-907
-722
-466
-173
102
226
308
407
550
705
796
883
917
874
837
859
854
832
814
828
847
854
867
871
896
1020
1173
1320
1503
1678
1874
2187
2526
2885
2920
2212
1875
2040
2436
2908
2774
2357
1729
897
693
924
1148
942
222
-391
-719
-1031
-1157
-1170
-1471
-1784
-1944
-1952
-1796
-1973
-2228
-2307
-2189
-1768
-1429
-1269
-1276
-1446
-1368
-869
-349
39
176
61
-30
101
515
922
1025
963
839
794
935
1077
1118
1003
765
582
623
619
409
110
-296
-533
-698
-766
-783
-1081
-1497
-1790
-1948
-1940
-1982
-2059
-2132
-2272
-2315
-2245
-2109
-1996
-2000
-1920
-1680
-1435
-1210
-1030
-887
-712
-543
-270
25
206
316
390
485
603
713
767
813
807
759
752
741
751
709
654
705
728
743
765
784
854
995
1176
1420
1604
1807
2037
2382
2762
3157
2833
2125
2028
2233
2824
3089
2793
2344
1462
804
810
1112
1251
760
-4
-541
-905
-1163
-1149
-1272
-1648
-1926
-2067
-1900
-1825
-2080
-2252
-2323
-2081
-1630
-1303
-1118
-1214
-1378
-1146
-602
-90
266
341
198
152
371
810
1134
1134
1053
924
905
1052
1143
1134
937
624
536
561
466
248
-99
-447
-761
-954
-923
-987
-1324
-1703
-1991
-2085
-2075
-2111
-2078
-2110
-2258
-2289
-2171
-1995
-1924
-1877
-1700
-1464
-1234
-1016
-810
-672
-540
-374
-81
186
348
417
463
536
613
661
713
757
704
653
612
626
624
555
554
562
575
612
664
735
838
957
1122
1349
1576
1835
2144
2516
2955
3165
2507
2035
2067
2386
2978
3017
2722
2118
1194
738
824
1144
1120
484
-211
-628
-1044
-1262
-1243
-1453
-1779
-1980
-2008
-1823
-1890
-2135
-2266
-2225
-1842
-1423
-1106
-954
-1112
-1181
-842
-291
207
511
495
381
415
669
1063
1236
1210
1113
1002
1041
1160
1170
1049
733
475
447
429
292
21
-380
-721
-1045
-1175
-1113
-1300
-1610
-1933
-2147
-2201
-2207
-2185
-2130
-2191
-2282
-2199
-2029
-1844
-1763
-1665
-1426
-1196
-941
-706
-494
-354
-247
-70
195
435
538
585
582
604
646
699
708
684
584
502
469
476
441
352
316
326
360
440
542
605
699
852
1086
1339
1596
1832
2208
2623
3063
3270
2585
2115
2127
2477
3051
3083
2797
2184
1193
740
851
1116
987
342
-309
-755
-1179
-1387
-1396
-1671
-2000
-2196
-2121
-1866
-1939
-2203
-2344
-2313
-1931
-1446
-1044
-837
-981
-1003
-651
-113
414
709
726
669
717
942
1301
1464
1423
1320
1155
1204
1295
1242
1089
737
469
427
359
183
-134
-543
-940
-1265
-1364
-1373
-1572
-1893
-2160
-2321
-2346
-2360
-2294
-2237
-2309
-2313
-2149
-1928
-1789
-1699
-1535
-1273
-1026
-764
-501
-289
-134
-13
179
411
576
644
714
732
722
714
699
685
585
475
390
358
343
272
181
112
98
97
170
312
435
531
653
861
1111
1349
1673
2035
2454
2883
3319
3051
2330
2146
2280
2805
3119
2991
2610
1717
879
628
802
933
521
-126
-657
-1113
-1493
-1634
-1770
-2124
-2364
-2398
-2126
-1954
-2179
-2412
-2484
-2248
-1772
-1258
-811
-713
-835
-674
-225
322
797
1005
1021
1006
1123
1427
1650
1648
1532
1373
1315
1382
1399
1266
913
496
262
197
114
-127
-581
-1028
-1411
-1605
-1582
-1706
-1961
-2264
-2483
-2489
-2440
-2352
-2264
-2274
-2244
-2112
-1878
-1634
-1514
-1400
-1171
-908
-615
-333
-134
-6
79
223
454
626
703
732
700
700
684
643
600
502
353
262
215
207
146
10
-51
-74
-77
2
139
279
387
477
718
954
1195
1527
1887
2222
2644
3064
3526
3185
2454
2322
2456
2873
3111
2930
2540
1649
818
598
669
642
112
-486
-923
-1344
-1735
-1908
-2073
-2459
-2686
-2634
-2295
-2148
-2314
-2462
-2462
-2195
-1704
-1176
-678
-504
-506
-231
208
708
1111
1301
1404
1477
1608
1871
2018
1939
1803
1615
1513
1523
1466
1312
925
485
205
37
-136
-377
-784
-1252
-1600
-1824
-1857
-1927
-2196
-2462
-2609
-2632
-2510
-2378
-2237
-2173
-2161
-1951
-1664
-1391
-1206
-1063
-839
-581
-334
-70
110
224
286
381
559
685
707
683
608
573
536
456
380
260
95
-47
-83
-103
-174
-309
-360
-353
-311
-216
-59
107
229
372
624
905
1178
1507
1862
2271
2685
3110
3608
3922
3403
2770
2656
2820
3109
3154
2974
2518
1564
856
611
529
227
-410
-933
-1254
-1643
-2033
-2202
-2481
-2861
-3030
-2807
-2449
-2357
-2475
-2477
-2338
-1990
-1481
-907
-444
-285
-120
237
723
1168
1462
1655
1783
1838
2011
2184
2179
2030
1849
1720
1604
1496
1329
1037
585
162
-147
-392
-608
-884
-1279
-1700
-2074
-2253
-2291
-2386
-2546
-2705
-2752
-2703
-2597
-2394
-2196
-2046
-1885
-1614
-1310
-1032
-854
-664
-397
-199
76
322
516
594
613
674
744
795
768
706
630
526
383
265
154
2
-170
-309
-389
-473
-585
-635
-592
-532
-471
-369
-203
-13
189
431
751
1033
1350
1707
2100
2533
2947
3421
3940
4105
3465
2914
2808
2913
3106
3044
2849
2314
1363
716
403
190
-250
-871
-1329
-1652
-1988
-2348
-2570
-2799
-3107
-3149
-2880
-2545
-2432
-2502
-2403
-2160
-1740
-1127
-529
-135
66
304
661
1103
1521
1811
1977
2031
2107
2256
2281
2192
1990
1782
1588
1405
1285
1101
659
148
-267
-540
-735
-995
-1314
-1683
-2080
-2408
-2485
-2466
-2454
-2544
-2687
-2645
-2539
-2355
-2095
-1853
-1615
-1430
-1135
-789
-554
-348
-174
28
273
526
717
832
850
831
825
874
906
822
681
499
383
263
113
-7
-179
-386
-543
-608
-652
-670
-662
-655
-623
-501
-338
-115
146
406
659
951
1284
1675
2090
2470
2842
3304
3753
4164
3947
3310
2929
2722
2864
3058
2924
2478
1654
905
431
62
-237
-666
-1246
-1767
-2066
-2267
-2492
-2715
-3048
-3192
-3018
-2741
-2365
-2207
-2233
-2144
-1889
-1292
-624
-149
196
423
655
1002
1427
1769
1963
1997
2032
2156
2227
2223
2103
1826
1516
1273
1131
994
683
273
-138
-516
-781
-959
-1167
-1531
-1926
-2222
-2353
-2330
-2297
-2299
-2389
-2473
-2423
-2244
-1951
-1705
-1533
-1350
-1129
-860
-552
-303
-116
27
181
409
635
798
873
863
820
826
869
839
744
601
418
284
163
59
-80
-306
-504
-621
-672
-682
-691
-702
-701
-667
-569
-382
-147
96
312
557
865
1152
1476
1845
2195
2587
2956
3355
3733
3577
3103
2675
2324
2406
2639
2562
2225
1529
943
513
201
-86
-509
-1024
-1489
-1744
-1850
-1952
-2124
-2474
-2664
-2588
-2353
-1976
-1861
-1919
-1938
-1747
-1235
-726
-331
-52
108
343
663
1016
1256
1371
1388
1424
1586
1736
1812
1699
1423
1189
993
874
776
588
364
84
-174
-362
-550
-793
-1060
-1356
-1559
-1655
-1625
-1620
-1663
-1759
-1861
-1811
-1699
-1513
-1350
-1228
-1092
-912
-647
-389
-182
10
104
232
398
549
666
730
759
755
725
635
601
560
476
427
394
321
188
33
-64
-142
-233
-228
-247
-248
-263
-269
-228
-179
-108
-22
24
97
187
284
357
389
490
575
681
783
848
893
1035
1192
1296
1277
1117
919
817
840
901
995
966
845
701
602
560
484
317
101
-66
-126
-54
23
-13
-95
-283
-416
-406
-415
-392
-419
-457
-405
-319
-195
-120
-132
-185
-235
-190
-87
-37
-54
-109
-158
-178
-150
-136
-158
-245
-344
-346
-303
-240
-223
-248
-300
-326
-291
-200
-154
-183
-223
-207
-145
-64
15
32
30
-31
-77
-75
-52
-40
-16
-27
-19
-19
-24
-46
-114
-151
-177
-172
-151
-143
-153
-184
-212
-200
-187
-188
-206
-240
-263
-268
-217
-167
-165
-183
-237
-234
-254
-261
-241
-250
-244
-207
-177
-140
-139
-167
-192
-183
-157
-125
-99
-129
-131
-123
-89
-35
1
10
6
26
67
103
150
191
247
334
431
517
579
605
620
651
687
715
733
731
705
725
746
744
694
604
498
391
284
198
118
-8
-110
-217
-264
-328
-396
-452
-572
-667
-719
-705
-678
-646
-614
-597
-559
-493
-414
-372
-364
-330
-292
-213
-142
-94
-63
-73
-68
-35
33
66
92
122
122
114
93
104
109
119
51
-7
-72
-151
-201
-231
-276
-325
-342
-366
-377
-452
-548
-609
-654
-619
-580
-527
-492
-521
-544
-567
-586
-537
-441
-388
-425
-430
-338
-280
-287
-246
-204
-261
-195
-76
-109
-130
-4
13
-66
-104
-12
73
-25
-33
-61
-63
114
104
89
178
223
361
335
346
472
452
570
738
868
1131
1290
1388
1540
1487
1368
1321
1225
1128
1060
1007
938
846
772
615
379
119
-155
-382
-557
-659
-740
-836
-928
-998
-1042
-1078
-1094
-1131
-1127
-1095
-1001
-845
-681
-511
-357
-206
-57
89
223
346
412
485
566
643
697
744
749
722
694
605
525
393
250
122
26
-28
-75
-150
-263
-407
-573
-695
-817
-911
-996
-1051
-1093
-1117
-1119
-1112
-1091
-1090
-1042
-988
-914
-852
-776
-679
-625
-569
-502
-445
-349
-304
-278
-254
-255
-263
-292
-280
-262
-221
-170
-143
-161
-222
-258
-289
-287
-299
-309
-322
-274
-178
-99
12
75
122
183
304
477
676
898
1138
1413
1698
1982
2262
2532
2846
3125
3231
3138
2785
2381
2000
1715
1567
1362
1085
719
311
-78
-478
-900
-1313
-1721
-2031
-2220
-2285
-2246
-2149
-2051
-1941
-1797
-1650
-1410
-1189
-948
-650
-363
3
443
877
1292
1596
1784
1852
1887
1855
1800
1750
1654
1521
1343
1162
933
664
329
-63
-465
-845
-1162
-1368
-1536
-1675
-1778
-1859
-1926
-1976
-1999
-1990
-1956
-1851
-1673
-1433
-1145
-870
-565
-349
-159
-4
144
311
404
459
494
490
520
538
511
427
300
112
-90
-330
-570
-734
-885
-947
-1001
-1046
-1059
-1082
-1073
-1042
-991
-879
-731
-524
-265
35
349
623
917
1184
1458
1717
2007
2309
2638
3001
3388
3780
4205
4376
4210
3696
2885
2195
1588
1145
747
232
-232
-681
-1047
-1356
-1773
-2241
-2736
-3200
-3502
-3550
-3348
-2975
-2505
-2062
-1656
-1225
-800
-393
-52
246
558
950
1439
1953
2370
2730
2899
2928
2835
2597
2300
1879
1452
998
578
163
-205
-509
-887
-1295
-1728
-2155
-2498
-2789
-2944
-2982
-2928
-2786
-2568
-2302
-2001
-1669
-1367
-1084
-812
-514
-167
182
481
723
899
1057
1147
1137
1075
933
707
475
187
-64
-310
-508
-640
-801
-948
-1071
-1208
-1333
-1418
-1509
-1531
-1450
-1273
-1020
-729
-401
-53
289
595
839
1065
1321
1554
1808
2055
2339
2658
2981
3313
3644
3955
4269
4393
4106
3452
2502
1632
877
250
-261
-800
-1248
-1593
-1861
-2042
-2268
-2527
-2837
-3172
-3381
-3320
-2963
-2416
-1832
-1255
-679
-60
480
941
1278
1460
1655
1832
2077
2351
2568
2765
2811
2694
2430
2043
1569
964
265
-414
-1019
-1510
-1865
-2119
-2281
-2404
-2532
-2644
-2718
-2746
-2659
-2507
-2362
-2123
-1780
-1309
-770
-291
133
467
719
898
1005
1033
1035
977
872
767
659
592
447
216
-119
-534
-904
-1249
-1533
-1735
-1837
-1851
-1784
-1636
-1457
-1255
-1082
-950
-813
-643
-375
-56
297
684
1108
1480
1783
2093
2294
2428
2498
2550
2596
2683
2848
3063
3349
3668
3987
4002
3602
2787
1740
760
-180
-990
-1647
-2180
-2508
-2659
-2655
-2507
-2336
-2311
-2455
-2667
-2768
-2570
-2195
-1679
-1094
-472
268
972
1616
2164
2522
2632
2554
2423
2341
2310
2267
2138
1983
1776
1532
1216
756
194
-527
-1292
-1993
-2569
-2954
-3117
-3159
-3081
-2894
-2624
-2281
-1979
-1749
-1576
-1376
-1155
-876
-538
-154
275
629
974
1243
1392
1440
1305
1052
718
359
38
-275
-573
-802
-985
-1136
-1294
-1448
-1590
-1709
-1814
-1874
-1822
-1687
-1461
-1175
-832
-452
-60
311
661
982
1261
1505
1732
1909
2103
2288
2477
2647
2794
2944
3093
3209
3370
3545
3780
3741
3332
2641
1664
709
-311
-1230
-1923
-2545
-2919
-3119
-3113
-2854
-2581
-2329
-2167
-1986
-1791
-1553
-1248
-877
-411
85
673
1288
1909
2425
2717
2781
2687
2480
2190
1797
1272
790
342
-38
-331
-621
-912
-1284
-1689
-2071
-2387
-2619
-2740
-2788
-2747
-2488
-2059
-1531
-926
-411
27
374
602
779
892
922
885
797
739
715
681
612
414
137
-182
-512
-885
-1247
-1588
-1899
-2093
-2209
-2153
-1992
-1801
-1568
-1367
-1151
-907
-665
-435
-231
-25
179
412
672
932
1166
1338
1512
1644
1748
1814
1825
1824
1858
1887
1947
2131
2355
2645
2982
3291
3386
3170
2667
1851
950
6
-837
-1478
-2016
-2321
-2371
-2200
-1870
-1466
-1119
-844
-686
-635
-593
-541
-439
-275
-13
339
766
1221
1679
1998
2157
2198
1995
1628
1082
466
-110
-614
-966
-1192
-1292
-1387
-1435
-1460
-1491
-1522
-1617
-1703
-1828
-1878
-1778
-1592
-1257
-829
-367
79
460
740
911
911
774
551
262
27
-179
-329
-426
-487
-510
-549
-578
-667
-752
-916
-1114
-1277
-1436
-1489
-1472
-1337
-1125
-845
-515
-203
78
293
418
514
550
563
599
651
757
895
1075
1303
1513
1710
1870
2035
2171
2277
2431
2600
2845
3059
3070
2884
2502
1858
1045
203
-595
-1269
-1867
-2290
-2435
-2390
-2159
-1825
-1419
-943
-562
-257
-7
127
269
415
575
787
1024
1299
1556
1804
1997
2121
2050
1755
1314
742
173
-450
-1033
-1483
-1829
-2078
-2144
-2065
-1912
-1718
-1553
-1378
-1234
-1144
-1048
-954
-858
-699
-546
-340
-117
46
193
280
338
316
214
41
-171
-354
-559
-700
-835
-897
-905
-903
-832
-785
-716
-671
-687
-679
-659
-639
-585
-502
-351
-147
64
284
501
656
739
774
798
830
845
897
983
1102
1284
1505
1806
2121
2470
2800
3069
3226
3188
2965
2537
1800
881
-6
-839
-1546
-2134
-2458
-2488
-2359
-2074
-1681
-1180
-664
-292
-50
156
298
341
378
409
513
659
833
1071
1267
1428
1506
1399
1130
781
332
-182
-713
-1162
-1465
-1676
-1740
-1626
-1378
-1054
-737
-482
-258
-70
-12
-39
-122
-179
-271
-395
-466
-517
-556
-559
-607
-672
-740
-871
-1046
-1190
-1320
-1396
-1427
-1422
-1347
-1218
-1060
-918
-775
-623
-484
-371
-260
-165
-67
15
113
247
440
601
725
813
849
904
914
888
913
939
1016
1165
1327
1583
1894
2220
2519
2690
2764
2734
2569
2099
1397
655
-91
-789
-1458
-1894
-2054
-2050
-1873
-1551
-1104
-546
-31
360
677
887
955
919
810
687
626
560
520
508
499
554
516
358
156
-114
-492
-985
-1429
-1802
-2051
-2216
-2222
-2019
-1693
-1285
-840
-373
51
369
562
602
511
371
165
-57
-241
-336
-345
-373
-342
-298
-233
-235
-263
-316
-433
-596
-777
-980
-1117
-1186
-1251
-1212
-1120
-962
-783
-580
-377
-180
-35
95
184
253
311
329
353
415
532
714
912
1109
1334
1563
1818
2038
2259
2358
2323
2204
1945
1644
1260
791
285
-196
-688
-1079
-1375
-1545
-1517
-1407
-1151
-819
-457
-61
293
577
822
974
1076
1121
1105
1063
964
875
795
734
653
571
427
203
-14
-286
-577
-896
-1167
-1363
-1535
-1656
-1649
-1518
-1327
-1080
-842
-600
-398
-316
-290
-342
-453
-566
-707
-838
-942
-981
-982
-948
-851
-721
-571
-442
-358
-293
-278
-282
-329
-349
-375
-391
-365
-321
-233
-100
25
152
278
376
459
534
623
720
796
898
1030
1122
1254
1384
1526
1706
1830
1934
1981
1916
1778
1541
1206
769
220
-308
-818
-1240
-1563
-1700
-1656
-1461
-1158
-762
-307
128
529
845
1105
1218
1264
1169
1013
828
631
450
291
154
41
-23
-109
-204
-307
-427
-577
-783
-983
-1113
-1221
-1289
-1319
-1275
-1147
-983
-776
-549
-326
-139
-25
40
52
-5
-93
-202
-345
-514
-595
-717
-812
-828
-832
-773
-748
-694
-687
-693
-663
-648
-597
-492
-367
-228
-93
39
184
286
378
440
525
617
678
802
980
1172
1368
1564
1755
1856
1940
1965
1910
1768
1551
1302
970
630
251
-124
-417
-682
-834
-894
-853
-748
-572
-341
-117
114
313
451
555
591
566
523
423
287
117
-4
-148
-249
-312
-383
-428
-450
-462
-475
-553
-627
-699
-761
-826
-868
-856
-839
-783
-722
-670
-612
-549
-518
-520
-553
-562
-620
-667
-739
-784
-809
-851
-852
-845
-760
-657
-515
-353
-167
35
206
369
472
545
625
650
644
643
642
648
686
741
818
943
1070
1205
1356
1491
1571
1545
1433
1266
1017
678
311
-45
-376
-674
-915
-1063
-1115
-1062
-960
-809
-577
-328
-91
107
287
441
508
516
502
445
344
208
41
-108
-229
-327
-412
-486
-534
-615
-655
-704
-740
-746
-744
-713
-664
-616
-540
-445
-373
-298
-213
-165
-110
-41
-18
20
16
4
-19
-38
-76
-141
-198
-242
-259
-237
-197
-149
-73
10
103
212
324
421
513
621
741
839
931
1024
1080
1140
1172
1178
1146
1067
956
775
574
368
135
-70
-298
-501
-636
-764
-824
-829
-774
-692
-567
-416
-273
-114
25
135
219
263
279
230
161
44
-122
-252
-430
-595
-718
-796
-874
-901
-899
-877
-844
-801
-719
-648
-578
-511
-455
-377
-311
-243
-173
-89
8
71
159
243
309
378
447
489
524
555
571
619
644
697
766
821
874
917
965
997
997
974
940
898
835
784
746
687
625
567
492
413
325
251
163
47
-41
-128
-204
-282
-343
-355
-359
-338
-289
-227
-174
-145
-133
-144
-195
-257
-349
-465
-584
-723
-850
-972
-1068
-1145
-1207
-1247
-1241
-1207
-1189
-1120
-1017
-901
-767
-624
-508
-408
-331
-249
-179
-107
-3
103
230
363
503
631
775
907
1034
1148
1225
1298
1361
1382
1393
1387
1350
1303
1254
1178
1080
970
856
737
605
475
342
219
76
-7
-86
-148
-172
-187
-189
-199
-194
-173
-166
-171
-171
-201
-232
-284
-336
-401
-479
-563
-665
-759
-836
-895
-953
-1016
-1022
-1013
-978
-911
-851
-758
-666
-553
-471
-382
-278
-214
-141
-45
33
131
220
285
345
410
468
526
558
592
611
633
645
655
662
670
689
683
704
694
665
641
579
526
487
422
351
289
224
159
92
37
5
-22
-42
-70
-86
-108
-172
-226
-325
-425
-519
-613
-710
-812
-901
-958
-983
-999
-987
-941
-851
-744
-649
-519
-403
-279
-171
-75
26
92
222
309
384
464
532
581
630
670
674
692
688
677
630
591
537
499
445
409
385
341
286
223
184
146
112
85
77
48
18
-5
-7
-25
-37
-40
-88
-114
-145
-194
-229
-269
-341
-378
-415
-450
-453
-462
-480
-494
-498
-503
-474
-470
-461
-429
-406
-386
-354
-307
-287
-219
-170
-99
-21
21
88
194
275
354
457
539
623
674
748
793
813
833
823
813
764
698
634
569
494
411
328
255
189
121
75
15
-23
-97
-123
-178
-208
-242
-285
-298
-334
-335
-358
-365
-386
-411
-422
-431
-451
-460
-457
-417
-411
-385
-334
-282
-222
-141
-85
-38
61
122
205
257
286
319
333
353
368
370
345
344
327
315
282
250
214
179
151
131
97
83
102
81
97
116
118
129
139
138
125
110
120
116
102
83
54
45
29
0
-40
-81
-108
-148
-153
-158
-168
-165
-190
-218
-226
-245
-257
-278
-284
-278
-281
-287
-279
-246
-214
-162
-112
-65
-14
36
75
120
177
189
211
259
272
324
335
372
379
412
414
408
406
370
357
324
293
255
232
184
136
73
27
-8
-23
-58
-82
-91
-129
-157
-130
-141
-131
-151
-175
-156
-176
-195
-208
-222
-248
-236
-251
-251
-272
-272
-254
-264
-243
-233
-200
-193
-190
-163
-153
-134
-111
-79
-60
-31
-19
16
48
86
121
167
179
202
208
230
252
248
250
225
207
174
152
116
87
60
22
-9
-28
-53
-61
-80
-86
-85
-74
-94
-91
-74
-72
-71
-62
-52
-53
-45
-39
-43
-14
-9
-1
-24
-46
-62
-88
-119
-145
-148
-153
-133
-134
-149
-138
-124
-111
-82
-53
-32
8
37
60
108
147
178
205
231
251
253
257
239
220
200
192
170
135
113
84
65
59
66
74
80
80
66
45
21
-7
-35
-83
-116
-128
-112
-83
-82
-90
-81
-63
-48
-60
-83
-101
-123
-149
-182
-172
-167
-177
-166
-148
-129
-90
-58
-47
-15
-3
-2
25
34
50
55
59
79
90
85
89
76
75
82
86
96
95
119
112
119
140
143
159
150
165
143
145
140
91
68
35
11
-20
-50
-70
-97
-96
-92
-100
-96
-90
-82
-78
-58
-54
-30
-11
-1
35
82
113
171
220
244
295
293
289
303
279
255
237
204
153
107
27
-10
-46
-74
-92
-94
-88
-79
-68
-54
-35
-16
1
10
17
39
51
74
78
92
116
113
123
104
85
73
35
-16
-45
-90
-112
-145
-180
-169
-207
-209
-206
-214
-185
-151
-134
-128
-114
-88
-90
-106
-114
-101
-95
-87
-73
-59
-5
24
66
111
181
229
265
289
322
331
329
315
274
252
202
159
111
85
59
-2
-17
-49
-80
-93
-116
-132
-160
-169
-159
-132
-113
-76
-19
40
108
170
232
298
329
351
341
321
319
275
225
167
100
13
-56
-115
-158
-197
-216
-206
-189
-165
-141
-105
-89
-61
-25
-15
6
14
13
16
-2
9
16
16
17
1
-2
-10
-11
-24
-34
-45
-73
-72
-76
-72
-31
-10
32
87
114
143
160
128
104
65
-1
-77
-120
-174
-214
-226
-250
-235
-223
-182
-169
-135
-92
-49
12
63
117
155
185
214
228
262
273
277
275
277
264
230
221
202
159
130
81
35
5
-55
-78
-110
-120
-147
-153
-141
-123
-107
-93
-61
-38
-23
-20
10
7
25
25
35
54
68
83
97
134
142
155
152
152
124
80
45
-2
-35
-84
-119
-151
-188
-202
-210
-188
-179
-170
-158
-161
-98
-70
-49
10
41
98
145
194
233
291
317
332
357
376
348
341
315
259
218
174
106
64
14
-65
-105
-151
-182
-216
-223
-224
-220
-202
-180
-132
-116
-81
-49
4
36
50
80
98
127
136
180
194
209
203
203
198
187
150
99
85
19
-9
-22
-68
-76
-94
-123
-130
-143
-150
-173
-176
-185
-183
-196
-189
-178
-166
-135
-100
-64
-12
53
117
191
254
310
358
386
415
408
384
355
332
304
241
183
147
83
18
-31
-85
-141
-200
-228
-265
-277
-295
-307
-299
-281
-264
-204
-178
-142
-75
-29
15
24
55
90
123
134
155
154
149
166
166
132
98
78
60
34
11
-8
-43
-71
-100
-107
-141
-152
-144
-144
-113
-101
-79
-37
-9
9
31
63
102
124
144
186
202
215
231
239
256
272
261
268
255
261
241
223
208
181
168
145
133
84
31
-17
-67
-99
-148
-177
-185
-232
-233
-232
-213
-202
-183
-141
-136
-102
-67
-46
-26
-15
16
33
40
81
98
121
121
121
142
120
98
73
65
41
22
2
-21
-28
-47
-62
-50
-63
-82
-78
-78
-78
-79
-39
-33
3
44
50
85
112
135
162
196
201
208
230
218
208
197
176
154
139
110
94
95
55
24
8
14
1
-14
-20
-51
-47
-49
-75
-63
-35
-34
-21
-1
22
32
58
90
99
106
102
111
125
111
126
125
136
139
125
131
100
89
40
-4
-51
-112
-157
-189
-214
-241
-240
-212
-170
-126
-91
-58
-13
27
48
73
124
158
156
181
188
184
191
166
129
99
72
25
-7
-55
-84
-106
-116
-140
-126
-98
-118
-106
-86
-56
-30
11
27
69
107
120
148
148
161
178
177
162
155
139
115
96
70
60
23
16
-15
-32
-20
2
3
2
13
2
-5
-45
-41
-78
-121
-130
-133
-147
-164
-118
-113
-91
-59
-31
7
40
56
75
78
99
120
150
167
162
188
190
183
175
161
133
102
40
-8
-58
-120
-154
-183
-208
-223
-212
-198
-175
-137
-93
-30
-3
42
101
147
198
250
267
284
276
268
255
217
183
135
103
75
63
50
12
-16
-45
-53
-72
-98
-102
-127
-112
-104
-101
-105
-90
-80
-102
-96
-85
-98
-90
-65
-63
-61
-35
-31
-10
17
40
48
56
76
91
96
91
100
101
96
82
73
74
76
76
86
69
62
58
45
21
16
15
24
27
42
76
98
123
126
151
172
171
190
183
170
175
158
143
134
145
120
89
71
26
2
-16
-53
-90
-97
-99
-83
-84
-72
-61
-34
-7
17
24
62
66
67
89
103
102
120
131
131
148
166
171
132
127
129
93
91
57
38
42
13
-9
-4
-14
-10
8
10
6
8
9
-2
-9
-17
-7
-21
-25
-28
-36
-45
-47
-27
-23
-8
20
28
27
48
34
45
55
47
66
63
74
73
87
121
121
113
125
125
123
108
97
86
71
48
36
23
21
25
16
14
12
33
48
60
105
136
163
200
213
248
256
280
300
283
289
277
247
222
188
176
131
82
62
29
1
-18
-36
-56
-64
-72
-73
-54
-71
-71
-68
-62
-68
-43
-36
-37
1
0
10
39
67
73
78
76
62
55
32
34
28
22
20
17
31
28
40
48
52
64
57
61
70
56
59
62
46
69
66
63
67
64
74
74
68
61
59
71
75
75
88
90
101
112
131
144
146
137
142
125
111
98
99
62
45
32
22
7
-26
-59
-72
-63
-63
-41
-33
-7
29
52
84
84
107
120
120
103
81
74
35
19
16
11
-7
9
-6
-6
9
-6
14
8
32
36
26
37
61
68
79
108
97
124
132
138
125
116
116
94
70
61
42
21
20
12
0
-3
-5
-10
-5
-12
-8
-8
-2
10
16
27
56
70
67
72
89
95
101
106
102
109
102
95
103
95
91
91
71
73
57
36
25
19
19
1
5
5
24
30
46
60
62
68
75
82
80
91
85
84
90
101
110
115
138
160
170
180
182
188
178
193
189
170
178
168
158
128
112
76
45
60
26
-3
-20
-27
-23
-36
-28
-24
-23
-36
-25
-30
-25
-28
-35
-24
-23
-15
-14
-7
-2
-17
-15
-14
-34
-47
-42
-32
-11
-7
10
28
42
68
60
53
57
49
47
44
31
40
28
34
25
36
35
29
23
24
19
4
26
20
41
42
48
62
73
85
100
124
136
146
186
215
220
201
211
201
185
172
148
135
120
99
82
59
37
9
-4
-21
-44
-50
-75
-75
-78
-80
-72
-66
-79
-43
-40
-19
-6
-2
2
14
23
27
36
25
32
33
3
-20
-27
-30
-34
-33
-39
-15
-9
-12
4
2
5
27
15
11
0
-19
-13
-14
-32
-29
-27
-16
-2
-5
7
12
-2
-12
-21
-24
-49
-67
-72
-83
-84
-77
-64
-53
-39
-34
-28
2
-1
27
44
57
65
57
54
71
72
52
50
43
38
9
18
6
-5
-12
-21
-10
-16
1
-3
-17
-13
6
14
15
51
57
64
63
64
79
82
65
59
51
48
46
55
33
47
57
61
86
94
101
88
75
53
46
37
18
-4
-12
-45
-76
-77
-106
-119
-132
-166
-159
-156
-171
-162
-156
-141
-125
-94
-71
-59
-28
-2
34
59
79
107
137
160
165
161
151
131
112
91
59
34
17
-10
-44
-64
-95
-120
-140
-154
-150
-143
-128
-102
-74
-53
-9
13
50
76
108
130
136
147
157
163
178
167
167
168
149
156
125
110
92
97
83
83
64
65
56
44
55
25
29
31
8
-13
-30
-12
-15
-43
-36
-45
-41
-45
-40
-40
-33
-8
16
34
52
78
100
111
133
132
141
151
141
122
105
83
65
14
-4
-34
-65
-71
-87
-91
-96
-75
-63
-63
-68
-67
-62
-58
-60
-73
-62
-58
-61
-43
-34
-28
-4
8
5
21
30
30
8
9
12
20
28
15
19
11
15
32
32
43
56
59
70
89
78
105
81
74
80
63
49
23
32
26
16
5
28
42
51
68
76
92
92
115
103
114
129
137
151
140
165
166
174
170
158
134
107
81
62
39
4
-51
-79
-113
-132
-129
-149
-157
-161
-157
-148
-133
-130
-118
-114
-100
-100
-86
-82
-90
-96
-99
-92
-96
-126
-128
-116
-116
-130
-134
-121
-130
-103
-92
-81
-65
-47
-21
-4
6
20
37
57
75
99
120
122
130
145
164
152
161
161
153
160
153
142
134
155
142
119
96
98
91
66
53
52
64
49
41
46
55
49
29
21
-2
2
-8
-17
-29
-18
1
-15
-6
10
9
2
-5
-1
-15
-22
-48
-60
-86
-114
-116
-130
-144
-169
-168
-169
-162
-164
-154
-146
-122
-107
-81
-39
-22
-18
-4
16
11
26
43
38
27
30
45
42
44
69
53
61
78
67
61
59
59
62
46
44
47
34
57
49
37
40
33
28
32
17
10
14
-4
-5
-9
-5
7
13
1
15
46
59
70
57
55
48
67
54
57
48
26
30
19
22
11
6
5
18
14
-5
-11
-18
-10
-20
-25
-24
-18
-11
-6
13
26
23
38
57
49
51
69
73
74
103
113
101
90
63
67
55
34
36
13
-4
-6
-22
-41
-49
-53
-59
-77
-89
-87
-97
-112
-121
-129
-123
-115
-99
-94
-86
-78
-56
-47
-63
-51
-31
-17
-20
12
17
27
45
64
78
76
96
88
81
96
75
79
71
58
40
37
28
5
8
-10
-8
-4
-9
2
7
9
19
15
9
-4
7
30
30
28
59
44
66
78
94
118
115
125
123
109
97
79
49
25
14
-11
-31
-56
-72
-68
-79
-100
-95
-96
-91
-91
-96
-96
-91
-93
-100
-89
-62
-64
-55
-65
-72
-60
-69
-49
-56
-46
-43
-46
-50
-64
-64
-65
-72
-76
-74
-75
-65
-82
-94
-94
-97
-79
-83
-76
-72
-66
-41
-28
-19
-1
17
33
39
25
38
40
37
54
68
48
50
37
49
37
24
30
7
11
32
13
-11
0
16
25
33
52
42
48
48
49
37
29
10
-14
-16
-32
-30
-68
-71
-79
-89
-91
-86
-90
-86
-78
-95
-68
-74
-88
-77
-78
-83
-72
-57
-80
-61
-60
-69
-59
-47
-50
-62
-45
-43
-33
-30
-12
-7
-5
7
9
1
-2
-3
-8
-2
-22
-23
-16
-34
-29
-35
-40
-48
-68
-55
-75
-71
-85
-92
-78
-86
-76
-66
-59
-63
-54
-52
-42
-42
-32
-24
-19
1
0
15
1
-1
5
-1
-5
-16
-38
-38
-41
-41
-15
-28
-20
-22
-25
-11
-11
-14
-3
2
17
37
44
58
55
70
68
75
70
71
71
52
50
43
34
27
14
15
1
-16
-16
-4
-46
-62
-71
-87
-84
-92
-107
-109
-119
-133
-135
-134
-129
-136
-129
-124
-126
-121
-110
-92
-83
-83
-81
-76
-55
-43
-31
-34
-15
-23
-23
3
2
14
29
27
34
42
15
29
8
6
4
-14
-13
-11
11
14
14
35
26
35
43
43
55
50
47
51
54
42
50
54
56
46
58
56
56
38
39
30
13
10
-3
-27
-43
-40
-41
-43
-47
-45
-43
-34
-40
-42
-57
-52
-77
-88
-77
-99
-98
-83
-73
-60
-46
-30
-25
-14
16
31
48
52
55
62
37
51
47
33
16
5
3
-27
-49
-60
-54
-59
-84
-75
-68
-63
-71
-64
-55
-40
-43
-23
3
-2
30
33
47
61
53
74
70
73
81
71
77
68
55
70
62
40
24
0
-27
-22
-38
-70
-80
-93
-92
-100
-94
-91
-81
-55
-31
-15
-11
6
16
41
51
47
54
61
63
59
70
71
60
43
61
66
43
37
23
24
20
21
12
13
6
9
-18
-40
-34
-47
-45
-56
-46
-48
-54
-61
-61
-53
-45
-41
-42
-48
-27
-30
-40
-28
-27
-21
-11
-5
0
-6
-7
-16
-15
-30
-36
-43
-53
-60
-86
-88
-108
-106
-105
-110
-100
-97
-80
-74
-49
-45
-44
-40
-16
1
-8
19
17
33
39
45
37
52
63
51
48
56
64
59
54
65
53
30
36
23
16
8
6
-7
-16
-26
-22
-28
-43
-48
-60
-78
-78
-85
-78
-75
-64
-61
-51
-31
-16
8
15
40
29
36
55
44
38
59
58
33
33
40
12
2
-8
-38
-44
-74
-72
-76
-76
-95
-105
-82
-94
-81
-82
-63
-46
-38
-18
-10
21
28
39
23
36
38
37
48
35
41
43
35
28
20
2
-6
-9
-19
-35
-25
-43
-40
-62
-69
-53
-46
-37
-37
-30
-9
-16
3
1
19
32
15
16
30
16
18
22
6
12
12
23
4
6
-1
-25
-26
-36
-35
-37
-53
-50
-62
-62
-67
-44
-54
-62
-32
-34
-38
-33
-20
-8
-14
3
6
-4
15
18
28
32
34
33
11
17
16
14
0
-14
7
-24
-41
-29
-30
-39
-32
-43
-58
-38
-24
-25
-38
-35
-22
-26
-9
-14
-13
3
-10
-6
-3
-7
4
9
2
6
8
-1
-3
-20
-28
-37
-53
-48
-76
-77
-102
-103
-104
-126
-116
-131
-135
-128
-124
-125
-108
-99
-91
-87
-75
-68
-47
-12
-11
4
9
14
1
-1
-11
-18
-30
-36
-64
-85
-81
-112
-109
-103
-100
-95
-89
-92
-87
-77
-97
-86
-63
-55
-48
-44
-41
-40
-35
-39
-27
-27
-25
-28
-32
-20
-39
-28
-21
-36
-45
-54
-46
-58
-69
-82
-89
-96
-103
-98
-114
-128
-131
-131
-133
-123
-137
-143
-155
-135
-135
-143
-127
-120
-117
-105
-90
-73
-53
-41
-18
-16
-10
-17
-23
-32
-15
-42
-34
-41
-56
-45
-63
-62
-78
-83
-102
-108
-108
-104
-108
-110
-99
-92
-96
-99
-71
-70
-69
-81
-59
-46
-58
-44
-38
-36
-36
-26
-41
-35
-60
-51
-51
-64
-75
-83
-82
-90
-87
-111
-105
-98
-120
-98
-107
-122
-126
-127
-135
-120
-113
-114
-91
-88
-71
-63
-57
-37
-3
-8
-16
-12
11
29
31
28
22
25
38
25
4
5
3
-19
-27
-26
-46
-64
-64
-73
-65
-70
-77
-64
-59
-39
-49
-41
-41
-29
-11
-7
2
-10
1
-7
-25
-22
-13
-4
-17
-15
-9
-26
-36
-44
-37
-32
-48
-45
-35
-45
-46
-38
-42
-33
-43
-53
-47
-42
-28
-35
-14
-2
-2
16
14
9
-7
9
12
0
7
6
-14
-4
-4
6
9
-1
-13
-17
-34
-44
-53
-77
-74
-69
-69
-77
-81
-86
-82
-70
-70
-60
-46
-45
-52
-36
-25
-17
-11
11
5
-2
2
8
-12
-5
9
-1
-4
-3
-10
-10
-26
-38
-33
-57
-36
-55
-48
-25
-24
-8
-6
11
5
15
11
1
17
2
-2
6
9
-10
-6
-17
-19
-35
-28
-16
-26
-18
-26
-11
-23
-37
-34
-38
-33
-40
-39
-58
-49
-49
-42
-35
-39
-40
-33
-41
-31
-47
-42
-26
-34
-25
-27
-10
1
5
4
8
13
9
13
33
29
34
27
34
29
33
38
28
13
-1
4
-4
-3
-2
-15
-14
-6
-41
-30
-30
-52
-46
-52
-60
-76
-79
-82
-76
-87
-95
-101
-83
-77
-77
-76
-83
-73
-82
-71
-67
-60
-59
-58
-52
-52
-58
-52
-53
-66
-53
-49
-53
-58
-50
-37
-24
-22
-36
-4
9
-2
18
18
21
32
38
40
19
34
41
39
37
45
23
31
36
20
10
-2
-19
-24
-20
-32
-37
-41
-35
-48
-44
-50
-41
-46
-33
-35
-48
-41
-25
-18
-40
-18
-13
-31
-20
-42
-36
-32
-43
-40
-29
-47
-37
-32
-40
-35
-53
-60
-57
-69
-86
-75
-76
-78
-83
-93
-66
-67
-67
-47
-26
-23
-24
-28
-1
0
-14
-7
-23
-7
-12
-9
-12
-23
-19
-11
-42
-45
-24
-43
-59
-61
-81
-83
-72
-63
-64
-90
-86
-77
-69
-67
-64
-58
-73
-65
-74
-55
-38
-30
-37
-36
-14
-11
-16
-13
-1
-7
-9
-21
-23
-4
9
16
14
5
15
24
13
28
26
26
9
20
25
17
14
5
4
12
-5
-6
-15
-8
0
-15
-18
-27
-6
4
8
6
-5
-19
-35
-32
-37
-45
-66
-61
-49
-55
-45
-55
-49
-64
-55
-71
-88
-65
-63
-89
-86
-67
-62
-56
-36
-39
-44
-17
-31
-24
-20
-23
-15
-7
-12
-14
-4
-7
5
-16
-11
-21
-21
-27
-27
-42
-44
-49
-33
-22
-44
-36
-32
-39
-41
-33
-26
-13
-12
-15
-5
-2
-16
-19
-18
-16
-17
3
-19
-16
-10
-7
-17
-23
-42
-37
-34
-69
-44
-39
-72
-70
-52
-63
-46
-53
-62
-50
-46
-42
-41
-39
-42
-50
-46
-52
-61
-66
-60
-48
-47
-52
-70
-65
-54
-66
-57
-40
-47
-47
-52
-47
-42
-61
-51
-43
-52
-40
-51
-37
-32
-18
-7
-19
-25
-25
-20
-52
-51
-61
-61
-65
-57
-65
-67
-66
-85
-63
-50
-52
-58
-43
-40
-46
-26
-17
-20
-16
-18
-12
-21
4
8
4
-8
-9
5
-24
-8
3
-3
-5
-6
-6
-12
-11
-14
-6
0
-2
3
8
-1
4
3
-4
-19
5
-7
-25
-18
-21
-31
-35
-46
-48
-51
-50
-49
-49
-41
-42
-45
-47
-41
-39
-52
-39
-50
-64
-78
-71
-46
-75
-60
-72
-55
-52
-46
-34
-41
-37
-41
-31
-20
-26
-18
-17
-29
-23
-25
-9
-26
-20
-18
-14
-6
3
10
6
3
-3
-1
4
16
-4
7
15
-1
0
8
5
2
13
23
10
13
5
9
17
13
15
10
1
-12
-21
-14
-9
-24
-32
-35
-32
-28
-42
-45
-37
-41
-39
-57
-43
-48
-47
-37
-30
-39
-22
-32
-27
-29
-37
-34
-54
-48
-49
-54
-61
-40
-43
-29
-18
-27
-23
-5
-2
0
-12
-15
0
-20
-12
-8
-10
-6
-12
1
-4
-3
3
-9
-1
6
-1
-5
-8
-10
-19
-18
-32
-28
-7
-10
-12
-1
-7
-13
-1
13
16
7
2
-3
5
-6
-14
-22
-2
6
1
8
-2
8
-6
-6
-11
-25
-25
-14
-33
-30
-30
-23
-21
-34
-29
-31
-36
-41
-46
-49
-48
-40
-46
-34
-36
-24
-17
-28
-5
-18
-10
-2
-24
-20
-16
-19
-28
-36
-33
-35
-32
-41
-25
-32
-34
-30
-54
-49
-51
-56
-83
-58
-45
-50
-48
-56
-44
-40
-30
-42
-16
-22
-25
-1
-11
-28
-28
-34
-23
-29
-37
-33
-44
-48
-42
-42
-55
-71
-58
-54
-63
-50
-79
-69
-57
-52
-54
-58
-50
-42
-41
-49
-21
-25
-24
-14
-13
-14
-8
-16
-21
-23
-35
-30
-45
-54
-53
-64
-50
-64
-66
-57
-61
-62
-45
-56
-58
-33
-36
-36
-56
-52
-44
-33
-26
-18
-6
-24
-20
-27
-15
-11
-14
-19
-33
-16
-6
-33
-44
-32
-36
-39
-56
-57
-51
-45
-49
-41
-32
-33
-44
-50
-58
-61
-47
-52
-77
-81
-70
-79
-81
-77
-83
-68
-59
-62
-43
-38
-39
-32
-28
-25
-26
-25
-31
-19
-15
-8
-3
-31
-13
-9
-21
-23
-17
-9
-9
-13
-11
-6
4
0
-9
-4
7
-3
-13
3
-6
-7
8
8
-13
-14
-14
-21
-13
-25
-26
-15
-21
-24
-37
-34
-31
-50
-36
-42
-42
-34
-43
-52
-53
-35
-40
-47
-45
-54
-51
-49
-39
-33
-31
-32
-27
-29
-12
-17
-27
-7
-10
-20
-4
-8
17
9
7
14
17
11
15
15
10
18
16
21
17
6
-4
6
18
5
7
2
-9
10
-5
9
27
8
21
22
24
31
10
17
17
22
20
15
21
25
17
25
13
12
18
8
13
-7
-12
-3
-10
-21
-13
-17
-31
-31
-18
-24
-22
-24
-27
-36
-25
-16
-9
-22
-34
-26
-40
-30
-30
-37
-26
-44
-40
-33
-39
-22
-35
-18
-27
-29
-32
-22
-33
-43
-49
-72
-40
-56
-53
-50
-37
-51
-39
-35
-39
-24
-19
-3
0
6
1
21
27
13
29
35
40
29
17
26
15
10
8
0
14
26
17
16
16
21
-1
-1
16
3
1
13
-6
-2
-2
6
-3
5
-16
-15
-12
-10
-7
-21
8
-7
3
11
6
17
25
24
30
46
29
28
32
37
46
35
45
22
38
15
-2
1
-11
0
-23
-15
-17
-19
-26
-29
-35
-44
-31
-38
-23
-26
-28
-21
-20
-23
-32
-14
-18
-11
-22
-27
-35
-36
-34
-42
-26
-29
-26
-40
-40
-47
-32
-27
-34
-37
-40
-40
-28
-30
-37
-48
-58
-47
-28
-37
-43
-26
-30
-16
-22
-22
-17
5
15
5
29
30
46
57
56
53
55
53
51
56
53
48
46
42
22
30
10
0
10
4
-4
9
1
7
19
1
1
13
2
17
0
-5
9
-20
-16
-2
-1
-15
-30
-41
-21
-22
-12
-24
-41
-24
-15
-33
-15
-22
-36
-20
-30
-23
-12
-9
-12
-2
2
-4
20
13
4
17
7
9
6
12
-7
-11
-1
-3
-4
-1
2
-14
8
6
10
24
38
24
7
29
5
19
11
20
21
14
16
4
15
1
20
30
15
10
10
2
-2
5
20
11
5
15
8
17
9
8
24
18
6
15
6
15
24
20
34
28
43
49
39
53
70
65
55
61
58
58
70
70
67
57
53
47
33
26
18
42
17
18
26
4
30
18
10
12
7
-1
8
-4
-10
13
-2
7
2
-14
-6
18
25
0
-3
15
22
12
25
5
7
21
-3
20
9
5
11
37
22
25
34
28
41
29
53
56
50
41
32
55
45
65
54
75
85
74
63
55
84
67
72
64
58
59
72
72
81
84
68
77
74
83
67
54
61
53
48
41
35
32
17
16
0
-6
-3
-1
-6
-5
-21
-25
-21
-42
-40
-41
-38
-31
-21
-34
-32
-22
-6
-12
-10
-7
-19
0
-5
4
12
13
16
20
26
19
30
17
12
12
20
-5
-8
0
-7
-5
0
-10
-9
-7
-17
-9
-14
9
4
-2
6
9
17
6
24
37
27
40
16
33
34
39
9
23
24
19
40
1
-11
-3
2
-12
0
-10
-19
1
-14
-14
-13
-18
-12
-18
-24
-16
12
0
-2
4
-10
7
-9
-18
-1
-10
-9
-16
-6
-11
-9
-3
-12
5
-1
0
-11
-10
4
-15
-19
-2
-7
-39
-40
-31
-25
-32
-31
-28
-24
-33
-27
-33
-32
-27
-7
-19
-20
-12
-34
-16
-19
-32
-15
-41
-33
-16
-19
-4
-17
-9
-16
-8
-5
-6
-16
-21
-7
-23
-18
-13
-7
-7
-10
-14
-11
0
2
4
22
33
33
37
33
41
30
22
33
30
22
28
33
18
31
28
27
37
38
36
34
46
48
56
50
57
68
50
51
49
45
46
44
18
20
32
28
35
34
35
28
26
20
14
5
8
-3
-9
4
1
10
-1
8
9
-12
-24
-17
-20
-40
-13
-36
-29
-15
-26
-21
-14
-11
-24
-18
-16
-4
-4
2
6
18
11
5
14
17
16
14
20
4
10
12
0
12
9
6
29
22
29
33
27
43
46
56
42
56
61
54
74
61
74
78
71
67
75
66
62
72
58
62
60
57
56
58
60
51
53
49
44
47
47
42
33
21
34
40
36
38
34
50
58
61
61
42
51
47
55
39
39
54
37
49
48
28
41
26
22
14
9
11
-12
6
-11
-18
-23
-28
-33
-31
-28
-42
-26
-48
-19
-14
-10
-2
-25
-23
-18
-16
-6
-6
6
31
29
29
35
49
40
36
50
47
30
29
28
31
23
29
16
34
38
6
17
11
-1
19
17
22
24
31
27
18
37
22
49
37
35
42
41
49
43
43
36
35
39
35
14
21
3
3
15
2
6
10
-13
-1
-10
-27
-11
-11
0
-9
-9
-23
-13
-22
-17
-19
-18
-4
-27
-10
-10
-10
5
-10
-7
0
-11
-4
-3
-10
-6
-9
-2
-18
-4
12
-4
-7
-3
10
-4
-5
14
23
14
8
13
0
-4
-3
2
3
-2
3
4
1
17
0
4
10
10
8
7
3
-16
-9
-13
1
-12
-3
-11
-8
12
7
6
-6
-1
3
2
-20
-19
-33
-19
-21
-21
-24
-17
-4
-20
-25
-29
-14
-10
-15
-6
-8
-13
-6
-9
-8
-23
-18
-11
-10
-8
-14
-7
-13
-11
-9
-26
-9
-19
-16
-33
-29
-2
-20
-13
-20
-20
-19
-18
-21
-30
-27
-19
-5
-25
-7
-17
-31
-21
-21
-26
-27
-36
-24
-14
-17
-12
-10
-22
-14
-18
-27
-29
-38
-16
2
-2
-12
-18
-10
-12
-8
-19
-2
6
11
18
9
3
13
14
2
-13
-1
17
16
2
17
13
24
20
26
35
19
30
21
10
15
18
22
27
11
25
21
25
41
11
22
33
31
17
32
23
-2
6
16
8
9
-20
-21
-17
-35
-21
-34
-31
-36
-29
-44
-49
-34
-33
-46
-49
-50
-42
-38
-70
-54
-37
-46
-45
-40
-35
-37
-48
-40
-16
-32
-28
-25
-24
-38
-44
-40
-36
-38
-31
-28
-32
-40
-57
-36
-41
-27
-24
-31
-27
-28
-31
-27
-25
-15
-7
-6
-6
0
-3
9
23
23
19
20
20
3
20
5
-5
-7
-7
-26
-24
-17
-43
-33
-41
-27
-41
-46
-44
-54
-57
-51
-62
-59
-56
-45
-33
-49
-47
-49
-47
-24
-51
-48
-31
-50
-30
-29
-33
-40
-39
-34
-32
-43
-48
-53
-49
-41
-52
-44
-62
-48
-56
-69
-66
-61
-55
-66
-60
-59
-64
-68
-64
-68
-60
-54
-68
-64
-61
-46
-48
-31
-40
-49
-46
-48
-55
-36
-36
-45
-37
-58
-41
-43
-44
-32
-60
-52
-39
-33
-36
-40
-39
-32
-16
-6
-24
-21
-29
-25
-14
-10
-17
-17
-8
-13
-5
-12
-10
-15
-11
-28
-22
-26
-22
-6
-20
-16
-20
-24
-8
-21
-26
-26
-18
-19
-16
2
-27
-31
-28
-29
-35
-55
-66
-37
-45
-46
-46
-52
-57
-48
-45
-36
-40
-39
-41
-49
-48
-42
-38
-46
-24
-21
-10
-11
-27
-7
-22
-24
-23
-30
-26
-28
-20
-26
-14
-23
-21
-12
-16
-23
-17
-12
-8
-7
-21
-13
-16
4
-2
-11
-11
0
-4
-11
-6
-10
-3
-12
-9
-6
-1
8
15
19
4
5
9
11
-3
-1
3
-10
-4
-1
12
10
17
20
17
19
13
-3
4
-4
-13
-17
-23
-9
-16
1
-1
-8
-12
-10
-6
-7
6
-16
-8
6
-11
0
-16
-12
0
8
-6
-7
9
16
-4
-1
2
6
8
-10
0
-20
-26
-21
-24
-30
-27
-17
-22
-33
-22
-18
-15
-19
-25
-23
-4
-8
-9
-7
-8
15
17
6
8
3
-9
5
20
11
20
5
3
16
26
15
8
10
10
20
24
30
16
16
4
7
16
5
24
4
13
15
5
15
15
4
18
25
21
24
37
31
24
17
24
28
23
10
17
16
2
17
14
21
20
28
3
9
13
11
21
16
23
19
-4
6
16
3
-8
-2
-1
-9
-11
-17
-19
-12
-12
-13
-13
-6
-12
-12
-16
-5
-20
-7
-5
-24
-8
-17
-23
-15
-12
-17
-3
-12
-30
-19
0
-17
-8
-19
-11
-8
3
-1
-5
-2
-2
3
-12
8
-11
-1
-8
5
-1
-7
3
-13
4
-4
5
-20
-20
0
-9
-8
-5
-4
-3
8
3
14
12
14
15
21
10
12
6
11
15
2
2
-4
-3
-27
-22
-20
-25
-12
-18
-29
-11
-8
-29
-19
-28
-8
-18
-19
-20
-13
-1
-17
0
1
9
4
0
-11
-9
-14
-21
-17
-13
-19
-30
-23
-23
-28
-30
-41
-30
-23
-29
-18
-13
-12
-34
-33
-17
-2
-8
-20
-13
-8
0
16
10
26
15
29
6
8
17
7
10
27
39
16
20
10
27
12
10
8
-7
9
-1
6
5
-1
-5
6
-13
-5
10
-10
5
13
13
9
11
24
20
18
28
20
20
18
29
23
19
31
27
26
27
35
1
0
3
-2
3
-13
3
-7
-3
-4
-8
6
-25
-11
8
-13
-2
3
13
15
11
12
17
22
10
-5
5
12
18
-3
8
4
-4
13
-1
-8
-6
6
-3
10
-10
-2
-13
-3
1
7
15
5
11
3
5
15
4
4
15
14
13
22
15
-1
15
16
30
22
13
9
12
33
29
37
35
35
39
51
59
58
46
60
51
43
63
63
55
55
58
61
49
45
53
63
67
49
63
55
42
54
74
56
48
48
48
34
28
36
45
39
25
30
23
22
19
14
12
-3
-7
21
8
1
19
9
3
1
-6
-11
-24
-3
-2
2
-14
-20
-21
-16
-24
-22
-8
-12
-20
-26
-31
-15
-16
-26
-31
-36
-38
-20
-14
-7
-3
-13
-16
-15
-19
-3
-10
-9
-3
1
2
-14
-13
-13
-12
-14
7
-1
-20
-24
-17
-10
2
-14
-23
0
-16
-5
-5
-5
4
-9
11
-3
-14
-3
-14
-24
-20
-14
-20
-12
-20
-32
-34
-22
-9
-13
-15
-23
-29
-18
-21
-26
-22
-21
-21
-19
-39
-55
-53
-50
-55
-36
-42
-40
-30
-34
-29
-39
-28
-34
-41
-48
-31
-27
-27
-35
-42
-35
-39
-31
-26
-22
-39
-16
-12
-19
-15
-28
-24
-20
-21
-31
-24
-29
-29
-20
-10
-19
-18
-17
-4
-8
-8
6
-2
-4
8
6
-8
1
-6
-2
1
-3
5
8
9
6
-2
1
-4
-10
-8
2
0
-1
2
-13
-27
-18
-34
-29
-22
-41
-40
-31
-32
-41
-43
-55
-56
-51
-51
-55
-64
-65
-63
-47
-52
-65
-54
-64
-65
-53
-48
-54
-52
-58
-58
-55
-68
-61
-52
-63
-50
-50
-42
-27
-40
-33
-55
-34
-41
-53
-47
-35
-32
-41
-29
-15
-19
-8
-7
-23
-20
0
10
-10
0
5
-17
-4
2
-13
6
-4
-2
-7
-9
-9
-14
-9
1
-6
18
4
-14
-5
-20
6
10
-2
10
20
8
9
15
6
10
14
5
4
-6
11
7
7
-8
-20
-11
-17
-11
-13
-12
-17
-4
-17
-11
-20
-25
-21
-29
-10
-24
-32
-36
-36
-25
-32
-40
-36
-50
-39
-39
-42
-51
-47
-42
-35
-40
-40
-36
-51
-37
-44
-59
-66
-58
-64
-64
-56
-69
-53
-44
-57
-44
-44
-43
-30
-24
-31
-40
-32
-26
-21
-34
-28
-5
-17
-2
-6
-15
0
-11
-6
-7
-19
-1
-5
-4
5
-1
14
-6
-4
-17
-4
7
0
1
-4
11
4
-2
-5
-2
1
4
-18
0
-9
-16
-1
-15
-9
-11
-25
-10
-14
-12
6
2
-6
2
-5
-23
-20
-18
-21
-20
-17
-44
-32
-24
-29
-32
-24
-27
-27
-31
-27
-26
-18
-30
-49
-45
-32
-24
-45
-44
-42
-36
-28
-31
-34
-37
-38
-26
-35
-27
-19
-29
-13
-23
-46
-32
-23
-27
-24
-29
-29
-20
-18
-14
-19
-18
-3
-22
-36
-3
-8
-6
-22
-5
-10
-10
-14
-21
-27
-27
-8
-21
-5
-9
-21
-21
-25
-29
-9
-9
-26
-14
-17
-25
-12
-28
-25
-20
-37
-23
-29
-22
-23
-37
-29
-35
-32
-55
-47
-34
-51
-66
-48
-53
-53
-58
-46
-50
-49
-49
-50
-44
-45
-39
-58
-46
-40
-43
-33
-53
-40
-48
-48
-26
-36
-27
-19
-25
-21
-19
-10
-11
-16
-15
3
-25
-30
-27
-27
-22
-20
-12
-23
-15
-5
-15
-10
-14
-18
-26
-28
-16
-21
-23
-22
-30
-24
-7
-17
-2
-19
-12
-11
-18
-19
-17
-19
-4
5
1
6
0
-9
-8
2
10
6
-2
19
16
-2
-13
-25
-4
7
-16
-9
3
5
10
-12
11
12
3
16
6
2
18
-1
-17
1
-7
0
-20
-5
-19
-30
-33
-36
-15
-22
-12
-37
-31
-28
-15
-32
-33
-41
-52
-37
-39
-29
-22
-28
-48
-40
-35
-38
-49
-44
-25
-24
-30
-28
-40
-18
-22
-32
-20
-25
-17
-18
-29
-13
-8
-24
-19
-14
0
-20
-11
-18
-18
-6
-7
-14
-3
-2
-11
-7
-13
1
14
-1
-32
-24
-6
1
-2
-20
-9
-14
-28
-26
-18
-24
-30
-31
-49
-38
-25
-35
-27
-33
-45
-45
-62
-55
-43
-56
-45
-53
-45
-36
-53
-50
-42
-50
-58
-52
-52
-46
-20
-24
-49
-42
-50
-49
-51
-62
-63
-52
-55
-55
-61
-50
-60
-62
-55
-69
-34
-42
-43
-36
-37
-21
-25
-29
-7
-18
-37
-22
-21
-22
-43
-37
-17
-24
-8
-17
-9
-11
-19
-11
5
-15
-25
-15
-18
-22
-14
-14
-22
4
-8
-10
1
-6
-20
-19
-1
-8
2
4
11
6
9
20
14
14
-1
11
3
9
25
23
21
11
6
8
-1
18
8
-1
-1
-21
-11
-11
4
-8
-15
-2
-9
-8
-9
-2
-11
-33
-7
6
-8
-9
-24
-16
-12
-14
-1
-1
-6
-15
-4
1
-4
-12
-19
-22
-22
-15
-3
-3
-12
-3
2
3
-12
0
8
2
11
5
2
-5
17
4
13
19
12
29
18
14
26
19
22
25
25
41
18
23
18
26
36
27
38
30
21
32
23
10
17
15
22
6
8
13
-6
-8
-4
4
1
0
0
-1
-1
11
-9
-10
-6
-27
-23
-32
-35
-19
-30
-33
-33
-22
-28
-29
-25
-44
-28
-58
-59
-42
-39
-31
-46
-42
-54
-41
-36
-31
-30
-41
-13
-22
-39
-40
-49
-64
-59
-53
-58
-60
-65
-68
-74
-63
-55
-68
-77
-80
-82
-74
-68
-55
-69
-70
-65
-67
-61
-53
-53
-67
-68
-55
-38
-43
-40
-36
-32
-35
-42
-30
-29
-31
-39
-29
-33
-47
-33
-37
-50
-42
-39
-35
-44
-32
-19
-15
-21
-25
-9
-11
-9
-17
-16
-13
-3
-1
-3
-13
-6
-12
-13
-9
-13
-7
-4
-19
-30
-20
-24
-28
-21
-14
-19
-25
-15
-27
-15
-26
-38
-47
-36
-36
-38
-32
-47
-38
-32
-35
-31
-24
-29
-35
-43
-47
-52
-47
-38
-28
-30
-34
-46
-39
-39
-25
-21
-16
-37
-35
-41
-55
-46
-23
-27
-29
-28
-38
-28
-23
-30
-36
-40
-52
-31
-32
-43
-41
-31
-44
-46
-42
-56
-38
-31
-31
-42
-36
-36
-37
-9
-30
-33
-26
-8
-10
-21
-34
-18
-28
-31
-31
-50
-27
-31
-33
-36
-35
-37
-31
-13
-23
-37
-19
-18
-14
-21
-11
0
-15
-18
-13
-7
-15
4
-1
-3
-13
3
2
-21
-21
-20
-5
-13
0
-1
12
-6
-11
5
-3
0
-14
-4
0
-7
-25
-14
-16
-17
-19
-22
-9
-7
-4
-11
-16
-24
-13
-3
-3
-5
5
-4
0
5
11
18
14
1
3
21
17
8
7
29
16
9
12
12
18
11
21
6
3
21
11
13
13
7
11
18
9
13
14
20
9
11
28
29
10
2
11
18
19
20
-1
