-26
-30
-33
-27
-26
-11
-24
-15
-23
-31
-18
-24
-23
-29
-34
-28
-25
-38
-50
-37
-53
-41
-37
-40
-32
-45
-38
-68
-52
-47
-49
-42
-44
-45
-48
-22
-30
-36
-28
-15
-28
-38
-50
-44
-30
-44
-34
-28
-27
-22
-24
-22
-25
-16
-14
-5
-2
-16
-37
-31
-26
-26
-20
-4
-18
-19
-4
-7
-9
-16
-5
3
2
-2
2
-6
10
-4
-4
3
-13
5
-6
-21
-17
-14
-11
-5
-11
-6
-8
-7
-8
-7
-8
-19
-21
-22
-24
-15
-9
-2
-9
-12
-15
-13
-6
-14
-21
-14
-8
-8
4
-7
-20
-13
-8
-15
-12
-5
-10
-13
-15
-20
-25
-17
-18
-33
-9
-10
-15
-12
-10
-2
-9
3
-4
-15
-8
5
1
-3
0
9
8
-10
1
-8
1
-2
-1
-21
-24
-16
-35
-12
-6
-8
-2
10
16
4
8
-3
3
11
4
13
13
14
28
16
28
37
25
35
32
39
34
30
27
32
20
11
30
8
4
16
28
0
6
7
5
5
8
20
5
2
8
16
9
9
6
2
-5
-2
-6
-13
8
-10
4
21
-4
0
2
4
-2
-16
-21
-15
-8
-4
-5
-7
-7
-9
-6
5
-4
10
-8
-15
0
-12
-26
-17
-9
-23
-4
-6
6
-3
6
4
-15
-10
-15
-7
-13
-15
-2
-4
-8
-5
13
1
19
16
6
5
-6
5
14
6
2
21
3
9
29
30
37
24
23
25
18
20
28
31
35
35
23
16
17
20
35
33
14
22
28
36
26
24
26
21
22
13
28
36
26
25
-6
9
25
8
14
5
6
25
34
17
22
9
5
14
28
19
27
25
23
15
3
13
6
6
4
-13
-7
5
-8
2
3
4
14
12
8
7
9
-1
-6
-10
-4
-1
-5
-3
-2
6
4
-9
-11
1
11
13
-3
1
2
11
-3
1
-2
0
1
-4
2
3
17
24
26
11
29
12
16
15
9
29
4
18
25
23
17
0
15
8
10
17
24
26
10
23
19
22
11
0
-7
14
14
13
17
21
25
22
18
16
19
25
15
23
30
15
23
22
37
34
33
23
22
15
18
26
8
24
31
24
18
28
28
27
27
28
33
34
29
31
35
10
16
20
26
29
31
19
-5
18
8
12
21
14
19
22
13
11
23
12
33
30
14
12
18
33
6
0
29
23
12
29
29
41
22
28
22
29
34
10
9
22
17
17
32
22
5
30
15
35
30
18
43
29
21
18
20
6
9
9
-11
9
8
-7
3
4
18
-2
2
6
-10
-7
-8
6
-3
-8
11
12
3
4
2
-1
3
-5
0
-7
-9
-3
-10
-1
2
-9
-10
-9
-9
-5
-3
-13
-15
-17
-13
-2
-9
11
4
6
0
-15
-13
-3
-5
-19
-18
-13
-7
-7
-16
-21
-18
-13
1
-13
1
5
-6
0
10
-4
-3
-8
-15
-7
4
2
-12
-6
-14
-20
-11
5
-9
-14
-3
-7
-10
-12
3
2
3
-7
-4
-5
-10
7
4
-1
9
-5
3
3
5
2
-17
-3
21
10
-4
9
-4
14
6
-13
11
-1
7
3
-21
-22
-21
-16
-16
-7
-13
-13
-13
-6
-22
-17
-6
-22
-19
-31
-18
-13
-10
-32
-21
-9
-16
-9
-16
-14
-33
-23
-24
-17
-24
-39
-33
-32
-28
-27
-31
-39
-43
-28
-26
-33
-31
-35
-39
-30
-17
-38
-33
-29
-28
-30
-40
-38
-24
-33
-39
-21
-25
-20
-11
-28
-23
-13
-23
-17
-4
-22
-15
-15
-25
-16
-18
-21
-19
-39
-16
-18
-26
-15
-20
-18
-18
-12
-19
-17
-26
-22
-20
-29
-17
-21
-23
-17
-27
-21
-12
-29
-19
-12
-18
-3
-19
-14
-21
-26
-3
-12
-13
-12
-23
-18
-19
-23
-16
-11
-21
-23
-32
-28
-4
-29
-35
-14
-10
-23
-43
-15
-21
-24
-36
-46
-14
-12
-25
-39
-26
-22
-10
-17
-33
-18
-27
-31
-25
-19
-15
-10
-2
-7
-15
-23
-9
-17
-17
-20
-20
-34
-19
-28
-37
-35
-41
-22
-17
-1
-19
-14
-29
-29
-7
-30
-27
-32
-18
-1
-26
-32
-16
-24
-32
-19
-28
-38
-45
-48
-39
-32
-52
-44
-22
-25
-53
-31
-41
-57
-60
-35
-39
-41
-40
-40
-27
-36
-26
-24
-29
-31
-39
-33
-24
-14
-28
-32
-20
-16
-19
-27
-18
-25
-29
-18
-26
-38
-32
-35
-35
-41
-33
-32
-32
-24
-26
-30
-24
-28
-28
-34
-28
-35
-37
-28
-22
-31
-32
-34
-30
-27
-35
-33
-43
-47
-31
-27
-42
-38
-23
-39
-45
-39
-38
-30
-23
-25
-16
-23
-23
-38
-45
-34
-44
-24
-13
-20
-22
-23
-33
-32
-33
-24
-8
-12
-19
-32
-31
-14
-19
-18
-20
-42
-22
-31
-31
-21
-20
-24
-20
-18
-26
-43
-36
-30
-34
-34
-43
-37
-29
-33
-34
-29
-45
-39
-49
-39
-39
-47
-48
-54
-51
-36
-32
-44
-42
-36
-44
-45
-43
-56
-39
-41
-23
-27
-47
-34
-28
-28
-37
-26
-27
-33
-14
-36
-33
-33
-41
-11
-35
-48
-38
-45
-26
-24
-26
-18
-21
-30
-30
-34
-31
-17
-16
-30
-35
-26
-36
-25
-33
-36
-40
-29
-18
-51
-47
-36
-31
-38
-33
-35
-39
-37
-38
-35
-31
-35
-39
-36
-54
-27
-22
-30
-32
-31
-27
-38
-35
-26
-18
-22
-15
-20
-28
-30
-18
-17
-16
-28
-2
-17
-27
-13
-21
-1
-23
-1
-12
-16
-19
-13
-30
-39
-37
-28
-26
-24
-16
-20
-21
-13
-11
-27
-11
-1
-6
-26
-19
-26
-29
-24
-18
-24
-17
-25
-19
-1
-11
-6
-5
-11
-6
-2
-10
-8
-4
5
-7
-5
5
7
5
-4
-14
-4
2
4
-2
3
2
-4
10
-1
9
10
-13
5
-9
1
-1
2
14
16
5
-1
-15
-6
11
-13
-12
-16
-5
-3
-15
-24
-16
-25
-31
-34
-20
-23
-30
-32
-39
-35
-32
-49
-30
-39
-46
-27
-29
-34
-46
-48
-54
-43
-44
-39
-35
-40
-32
-28
-31
-30
-34
-34
-33
-13
-18
-24
-27
-36
-30
-24
-24
-23
-17
-22
-6
-24
-28
-32
-31
-27
-33
-28
-20
-28
-36
-38
-17
-11
-18
-24
-24
-21
-36
-17
-28
-35
-26
-26
-17
-23
-14
-16
-22
-14
-25
-33
-29
-18
-30
-27
-20
-31
-38
-41
-37
-44
-42
-23
-17
-29
-28
-16
-33
-33
-24
-25
-18
-26
-26
-20
-24
-37
-19
-23
-19
-23
-30
-17
-14
-18
-32
-8
-22
-21
-11
-21
-1
-12
-11
-8
-5
0
-20
7
-10
-10
-9
-16
-10
-23
-23
-29
-24
-28
-26
-15
-27
-44
-30
-29
-27
-34
-18
-20
-30
-14
-19
-18
-15
-21
-21
-8
-22
-23
-14
-18
-26
-29
-11
-19
-15
-28
-39
-20
-27
-18
-28
-36
-21
-12
-25
-23
-19
-17
-26
-37
-25
-21
-19
-19
-22
-18
-20
-26
-9
-10
-6
-11
-3
8
-9
2
0
-1
6
4
-5
9
1
-3
-4
-7
1
-2
1
-15
-26
-22
-1
-5
3
2
-2
-2
3
-1
13
12
5
14
8
12
8
2
4
-3
19
0
-9
6
6
-5
-17
3
-1
5
7
13
7
6
-3
0
-4
-3
3
5
13
-2
3
3
-1
-3
0
-21
8
19
-20
6
9
7
-13
-19
1
-8
-2
13
11
-11
-4
-18
0
-4
-12
2
-2
2
-12
-12
-3
-11
-14
-14
-13
4
-10
11
24
19
22
15
11
9
3
3
9
7
-11
-13
-19
-3
8
-13
-2
-12
-1
-17
-12
-1
8
15
6
20
12
21
15
4
7
-5
10
11
-2
-14
-4
5
7
11
-8
2
11
2
-5
-6
-12
-11
-8
-10
-5
-9
-2
-17
-1
-17
-13
-18
-26
-14
-20
-22
-17
-25
-30
-35
-41
-16
-30
-20
-25
-19
-39
-37
-30
-17
-11
-34
-37
-33
-30
-27
-23
-24
-18
-18
-27
-39
-27
-5
-33
-29
-27
-39
-40
-44
-24
-34
-20
-36
-43
-42
-41
-46
-49
-44
-47
-44
-58
-57
-71
-64
-68
-66
-67
-70
-61
-58
-57
-67
-72
-81
-66
-65
-82
-75
-73
-67
-68
-75
-78
-77
-76
-76
-66
-65
-86
-83
-74
-80
-87
-89
-80
-62
-82
-69
-66
-69
-80
-74
-76
-75
-74
-77
-71
-74
-78
-88
-73
-79
-69
-75
-63
-67
-78
-81
-84
-80
-75
-84
-89
-86
-86
-86
-86
-77
-84
-73
-63
-69
-87
-59
-59
-84
-55
-76
-67
-63
-80
-58
-69
-68
-57
-64
-69
-63
-54
-65
-50
-51
-50
-48
-58
-63
-63
-54
-55
-50
-45
-49
-56
-47
-45
-56
-49
-42
-46
-36
-46
-58
-37
-47
-56
-49
-33
-48
-43
-38
-44
-44
-35
-48
-47
-33
-37
-35
-28
-18
-35
-30
-23
-34
-35
-44
-43
-47
-50
-48
-34
-24
-49
-34
-46
-54
-55
-50
-42
-38
-62
-48
-46
-56
-60
-47
-44
-57
-43
-37
-30
-49
-40
-34
-26
-36
-41
-29
-30
-30
-26
-24
-23
-27
-31
-32
-32
-35
-36
-22
-22
-28
-25
-27
-39
-24
-31
-34
-25
-19
-31
-38
-29
-13
-6
-17
-36
-29
-25
-36
-22
-35
-31
-26
-30
-47
-39
-35
-22
-29
-29
-23
-22
-27
-21
-26
-31
-22
-29
-21
-24
-29
-25
-28
-37
-32
-50
-26
-25
-26
-33
-39
-29
-27
-27
-26
-14
-30
-21
-27
-21
-23
-25
-21
-25
-31
-31
-31
-37
-36
-35
-26
-25
-26
-30
-37
-38
-19
-26
-17
-22
-26
-27
-35
-4
-18
-16
-3
-8
-19
-18
-12
-5
-13
-23
-2
-8
-7
-16
-17
-12
-15
-26
-9
-9
-37
-18
-10
-8
-14
-22
-15
-18
-38
-26
-20
-42
-20
-16
-42
-28
-16
-20
-15
-27
-28
7
-1
-13
-5
-11
-18
-12
-13
-15
-7
-11
0
-18
-36
-19
-24
-35
-37
-27
-29
-34
-34
-29
-14
-33
-21
-29
-33
-27
-27
-21
-35
-21
-2
-12
-21
-22
-35
-16
-8
-25
-26
-31
-33
-26
-35
-38
-17
-28
-25
-27
-42
-42
-42
-55
-51
-60
-67
-42
-27
-39
-59
-36
-47
-45
-41
-48
-41
-42
-29
-26
-47
-39
-34
-36
-41
-41
-24
-36
-31
-35
-30
-35
-37
-54
-25
-19
-41
-55
-46
-26
-48
-22
-32
-41
-38
-50
-25
-34
-43
-50
-40
-34
-39
-35
-38
-32
-16
-55
-42
-23
-37
-29
-33
-37
-40
-41
-24
-15
-18
-8
-19
-28
-29
-31
-45
-38
-43
-46
-27
-31
-17
-23
-44
-44
-47
-41
-43
-51
-46
-41
-47
-54
-47
-39
-56
-45
-54
-43
-42
-58
-42
-51
-38
-35
-30
-32
-37
-35
-30
-36
-40
-42
-39
-32
-40
-43
-34
-41
-45
-16
-27
-22
-29
-26
-22
-32
-47
-35
-31
-25
-15
-16
-30
-24
-19
-15
-21
-29
-23
-37
-33
-24
-20
-15
-31
-29
-25
-32
-33
-19
-32
-42
-31
-41
-42
-55
-53
-48
-41
-45
-61
-50
-44
-58
-58
-41
-47
-41
-51
-61
-45
-56
-72
-60
-63
-59
-44
-54
-54
-66
-51
-50
-51
-55
-43
-53
-56
-43
-43
-43
-35
-39
-44
-33
-31
-33
-45
-45
-43
-52
-46
-50
-47
-41
-35
-20
-50
-36
-36
-38
-51
-35
-48
-49
-44
-37
-29
-52
-22
-45
-25
-33
-46
-40
-47
-39
-46
-35
-39
-40
-18
-31
-48
-27
-31
-16
-24
-30
-26
-36
-27
-30
-26
-38
-40
-34
-30
-49
-37
-30
-36
-35
-53
-41
-42
-35
-30
-33
-36
-27
-27
-34
-45
-48
-44
-29
-35
-41
-26
-41
-43
-38
-44
-34
-36
-39
-34
-33
-20
-29
-26
-32
-23
-27
-38
-47
-47
-34
-29
-37
-29
-32
-27
-18
-29
-13
-47
-27
-16
-21
-22
-31
-20
-25
-14
-14
-19
-26
-31
-18
-32
-36
-36
-39
-36
-46
-33
-54
-39
-35
-40
-33
-33
-36
-38
-26
-42
-33
-37
-48
-23
-32
-44
-13
-16
-9
-16
-16
-19
-29
-14
-17
-7
-4
-18
-18
-24
-11
-5
-7
-9
-15
-7
-17
-28
-10
-20
-11
-9
-28
-12
-2
2
-4
-5
2
-9
-21
-7
-6
-13
-14
8
11
-4
-10
-16
2
-11
-4
-5
-1
-2
-9
0
-3
-1
-12
-11
-15
-6
-14
-30
-24
-27
-18
-11
-14
-3
3
-18
9
-4
-8
11
2
-2
8
-10
-14
-4
-4
-1
-19
-18
2
-10
-3
8
-13
-4
-16
-9
-5
-6
-4
5
-9
6
19
6
-1
1
9
-6
-12
-6
0
-22
-17
6
7
3
-5
-3
-15
-21
-19
-11
-9
-26
-19
-16
-23
-14
-5
-24
-6
-22
-27
-29
-18
-4
-25
-10
-19
-15
-19
-15
-20
-33
-24
-35
-16
-15
-9
-10
-20
-22
-18
-17
-16
-21
-11
-3
-14
-12
-5
-10
-16
-17
-2
-17
-21
-13
-10
-12
-5
-8
-22
-24
-18
-4
-33
-20
-19
-18
-10
-7
-13
-26
-20
-19
-8
-18
-19
-14
-12
-18
-15
-22
-17
-17
-18
-14
-10
-21
-37
-22
-24
-26
-17
-20
-14
-20
-21
-8
7
-10
-13
-11
-5
-7
-26
-7
-8
-6
-12
-13
-7
-4
-20
-17
-30
-17
-20
-16
-18
-15
-19
-16
-25
-34
-8
-11
-10
-8
10
-2
-10
-8
6
-1
-20
12
-5
-15
-12
-26
-17
-11
-14
-13
-14
-2
11
-5
8
4
-16
-9
-6
1
-4
-6
-6
-3
5
7
13
11
5
16
13
3
9
7
1
7
16
13
15
-8
-10
7
-3
18
6
9
1
3
-10
0
-2
9
12
-7
5
14
17
8
13
0
5
10
23
13
8
18
21
10
0
10
13
-15
-5
-1
1
16
4
20
4
8
10
5
2
-4
3
-8
-7
-11
-11
-4
-2
-1
-23
-19
-13
-10
4
-2
-6
-5
-15
1
4
1
-4
-19
-8
-4
0
15
22
2
-14
-2
-3
6
-3
-3
1
-9
5
-1
8
-3
-5
-3
0
7
3
3
-10
-7
-15
-16
-20
1
2
-4
-22
-19
-9
-26
-13
-25
-20
-22
-30
-28
-37
-28
-14
-11
-17
-34
-21
-10
-27
-22
-28
-30
-32
-6
-18
-10
-20
-15
-6
-37
-22
-28
-25
-31
-24
-26
-23
-22
-21
-36
-50
-34
-38
-44
-41
-36
-35
-34
-26
-22
-14
-14
-28
-27
-30
-38
-30
-9
-21
-33
-29
-16
-32
-41
-33
-26
-24
-33
-24
-21
-35
-53
-44
-48
-46
-51
-53
-20
-34
-37
-38
-54
-57
-50
-47
-41
-24
-45
-33
-23
-31
-33
-40
-36
-37
-43
-34
-39
-39
-24
-32
-37
-25
-14
-24
-35
-36
-37
-44
-41
-20
-48
-50
-31
-41
-23
-32
-34
-31
-29
-28
-27
-20
-19
-14
-42
-38
-29
-27
-23
-22
-17
-30
-23
-9
-15
-17
-15
-22
-27
-22
-18
-27
-30
-34
-32
-22
-6
-20
-24
-23
-30
-23
-15
-14
-29
-20
-16
-20
-19
-22
-16
-36
-35
-24
-26
-13
-22
-20
-21
-35
-22
-13
-6
0
-10
-9
1
2
-6
-1
2
-8
10
5
-6
-8
-16
-11
-9
-9
-10
-17
3
-4
-6
-18
-20
-6
-5
-3
-10
-8
-5
-22
-15
-14
-26
-10
-20
-13
-18
-16
-18
-23
0
6
-3
-22
2
-5
-11
-1
-7
6
-9
-11
7
6
-10
-9
-10
-4
7
7
9
1
-1
19
11
-12
-12
13
-8
-9
12
10
-3
-1
5
-15
-18
-17
-19
-26
-30
-19
-12
-15
-5
3
-14
-12
-5
-10
-18
-23
-19
-9
-6
1
-22
-4
-4
-7
10
7
-4
-14
-8
-21
-11
-5
-7
-2
6
7
7
8
2
15
-5
2
2
-3
3
-1
-13
-4
2
0
-1
5
-10
-3
-1
-18
5
-6
-10
10
3
-4
-4
6
-2
-6
-4
-4
4
-3
2
-8
-1
1
-8
-6
-17
-13
-16
-11
-7
-21
-33
-18
-11
-15
-22
-9
-10
-16
-10
-9
-8
-5
-1
-4
-16
-26
-17
-34
-9
-26
-9
-12
-14
-13
-33
-27
-28
-19
-11
-7
-22
-16
-18
-7
-4
7
1
-3
-12
-14
3
3
-9
-7
-6
0
-5
10
8
-16
6
-7
-2
-6
-1
4
-17
-8
-19
-15
-21
-13
-13
-14
-23
-4
7
1
15
11
6
-3
-6
-5
15
7
5
1
7
0
-6
-11
3
1
1
10
-3
-7
-10
6
-2
-8
-11
-10
-20
-24
-18
-16
-28
-29
-16
-7
-18
-12
-25
-12
-19
-23
-23
-9
-12
-13
-10
-19
1
-33
-18
-14
-14
-10
-14
-12
-9
-11
-15
-17
-1
-4
2
-10
-15
-11
-42
-24
-37
-28
-20
-25
-20
-24
-17
-27
-18
-11
-31
-20
-25
-33
-36
-22
-20
-32
-31
-28
-27
-25
-22
-23
-14
-18
-24
-29
-8
-16
-26
-16
-19
-9
-14
-2
2
3
2
-34
-17
-22
-17
-19
-28
-23
-31
-13
-21
-25
-22
-39
-16
-14
-26
-18
-24
-8
-32
-31
-45
-41
-28
-31
-32
-39
-29
-46
-37
-47
-55
-49
-42
-49
-45
-49
-41
-50
-47
-45
-45
-39
-34
-33
-60
-46
-29
-32
-34
-26
-34
-37
-32
-37
-24
-28
-31
-30
-17
-32
-36
-33
-25
-36
-34
-33
-33
-30
-45
-42
-39
-36
-43
-35
-41
-49
-49
-50
-51
-41
-48
-31
-35
-27
-27
-31
-29
-29
-26
-20
-52
-47
-34
-41
-18
-41
-30
-30
-29
-36
-33
-32
-36
-32
-29
-11
-29
-22
-31
-48
-39
-30
-30
-38
-33
-37
-17
-22
-26
-38
-20
-33
-34
-41
-24
-31
-34
-18
-43
-24
-32
-28
-26
-25
-32
-29
-35
-47
-39
-34
-34
-38
-41
-29
-19
-33
-34
-30
-21
-25
-52
-57
-30
-23
-16
-34
-33
-30
-34
-33
-21
-27
-43
-29
-39
-34
-31
-40
-45
-41
-44
-55
-29
-42
-46
-36
-28
-21
-25
-23
-37
-24
-33
-14
-31
-17
-15
-22
-15
-13
-15
-16
-1
-9
-9
1
-1
-11
-6
-4
-14
-15
-22
-11
-19
-21
-25
-26
-22
-21
-22
-23
-19
-32
-34
-25
-24
-26
-15
-20
-23
-24
-43
-24
-23
-12
-27
-35
-25
-7
-21
-32
-27
-34
-28
-17
-11
-18
-24
-36
-19
-31
-18
-22
-25
-21
-30
-17
-34
-30
-32
-33
-22
-29
-30
-34
-21
-21
-17
-8
-22
-12
-25
-17
-14
-28
-22
-20
-8
-37
-26
-38
-40
-40
-47
-40
-30
-28
-34
-41
-38
-37
-18
-22
-27
-18
-33
-17
-38
-34
-39
-31
-34
-30
-30
-32
-29
-35
-27
-24
-25
-21
-20
-18
-27
-23
-31
-41
-22
-29
-34
-49
-38
-37
-42
-36
-23
-39
-37
-26
-13
-32
-42
-22
-39
-51
-49
-22
-29
-27
-42
-33
-32
-50
-32
-37
-33
-42
-55
-40
-47
-42
-45
-45
-33
-41
-54
-49
-36
-49
-50
-54
-45
-56
-66
-58
-49
-33
-36
-31
-41
-58
-27
-29
-30
-33
-48
-44
-47
-65
-66
-39
-53
-44
-57
-45
-38
-52
-38
-52
-44
-43
-49
-57
-44
-45
-41
-33
-33
-32
-27
-25
-32
-30
-26
-24
-29
-36
-42
-33
-34
-31
-34
-22
-43
-64
-43
-30
-41
-51
-51
-39
-55
-48
-57
-56
-48
-70
-54
-58
-54
-63
-63
-49
-69
-66
-56
-56
-57
-66
-71
-51
-67
-63
-59
-52
-53
-59
-45
-57
-46
-49
-63
-69
-33
-60
-44
-41
-35
-40
-43
-29
-50
-42
-37
-24
-52
-52
-45
-53
-58
-37
-45
-50
-48
-54
-49
-59
-43
-48
-52
-47
-39
-41
-47
-48
-33
-41
-18
-26
-37
-34
-33
-33
-36
-28
-40
-58
-51
-51
-60
-55
-65
-57
-59
-50
-63
-66
-59
-58
-67
-67
-61
-51
-50
-44
-44
-53
-45
-26
-56
-52
-51
-46
-38
-54
-43
-53
-40
-33
-36
-34
-27
-34
-44
-32
-53
-51
-56
-55
-52
-63
-47
-59
-57
-65
-60
-51
-47
-48
-42
-42
-32
-45
-57
-41
-43
-38
-55
-56
-35
-56
-62
-60
-65
-63
-75
-77
-73
-75
-93
-66
-75
-70
-66
-65
-51
-58
-59
-54
-64
-56
-43
-54
-54
-70
-65
-56
-52
-60
-69
-65
-60
-59
-63
-71
-68
-74
-82
-70
-62
-66
-66
-48
-60
-79
-57
-60
-67
-56
-65
-58
-57
-54
-46
-47
-47
-61
-33
-40
-36
-45
-54
-55
-61
-46
-61
-53
-59
-55
-63
-63
-59
-52
-49
-61
-56
-60
-68
-66
-62
-56
-46
-47
-67
-62
-57
-56
-53
-54
-42
-52
-78
-59
-59
-62
-49
-56
-49
-46
-34
-32
-41
-45
-48
-60
-65
-47
-54
-56
-53
-56
-58
-60
-47
-59
-51
-56
-54
-44
-41
-61
-53
-50
-55
-42
-53
-67
-60
-54
-45
-51
-47
-49
-42
-37
-46
-33
-46
-38
-46
-48
-64
-46
-59
-47
-46
-35
-43
-48
-23
-39
-36
-38
-52
-29
-38
-40
-35
-47
-19
-39
-41
-25
-29
-18
-18
-30
-40
-23
-29
-14
-10
-15
-27
-24
-33
-35
-16
-22
1
-22
-28
-24
-27
-35
-30
-29
-34
-42
-22
-23
-27
-29
-43
-32
-33
-31
-32
-40
-40
-33
-38
-48
-36
-42
-38
-27
-38
-30
-63
-50
-42
-55
-41
-39
-40
-68
-67
-39
-53
-64
-51
-50
-61
-52
-50
-54
-57
-61
-43
-53
-64
-65
-42
-41
-63
-59
-47
-47
-67
-54
-54
-31
-53
-43
-60
-65
-50
-68
-63
-67
-73
-60
-61
-64
-58
-50
-62
-57
-44
-53
-57
-62
-46
-45
-56
-61
-57
-58
-54
-57
-62
-47
-39
-41
-39
-51
-50
-57
-56
-29
-56
-32
-33
-48
-26
-34
-32
-37
-48
-53
-46
-49
-42
-42
-31
-50
-42
-31
-48
-38
-43
-48
-57
-46
-51
-48
-67
-64
-51
-72
-71
-58
-61
-64
-52
-50
-48
-43
-48
-47
-40
-53
-46
-53
-55
-49
-41
-48
-52
-40
-37
-46
-37
-43
-46
-32
-40
-39
-46
-51
-44
-38
-41
-51
-36
-33
-27
-41
-30
-8
-10
-22
-27
-18
-32
-34
-23
-38
-38
-21
-11
-18
-21
-20
-18
-23
-27
-15
-21
-23
-39
-26
-35
-28
-13
-24
-29
-46
-18
-26
-24
-24
-44
-23
-27
-16
-29
-34
-21
-23
-18
-15
-14
-12
-15
-17
-15
-26
-13
-15
-22
-24
-20
-33
-29
-28
-14
-11
-9
-11
-32
-28
-31
-37
-36
-14
-13
-26
-12
-16
-19
-33
-38
-32
-43
-44
-47
-35
-33
-48
-48
-39
-44
-46
-61
-43
-62
-50
-51
-52
-47
-71
-43
-57
-51
-53
-62
-62
-50
-51
-65
-63
-65
-48
-40
-54
-52
-57
-61
-55
-49
-64
-65
-59
-56
-59
-55
-49
-43
-47
-56
-58
-70
-59
-65
-55
-60
-50
-68
-58
-51
-54
-56
-61
-47
-61
-69
-58
-59
-67
-56
-53
-70
-73
-73
-78
-72
-67
-65
-68
-59
-72
-80
-81
-69
-73
-77
-85
-78
-71
-75
-64
-71
-71
-77
-69
-76
-68
-78
-94
-82
-79
-77
-90
-70
-70
-78
-83
-62
-74
-73
-71
-72
-68
-77
-63
-59
-65
-74
-81
-68
-63
-66
-56
-72
-67
-66
-78
-73
-65
-60
-58
-60
-56
-72
-63
-67
-57
-49
-69
-76
-65
-74
-68
-56
-80
-75
-59
-56
-56
-70
-69
-56
-73
-64
-66
-63
-73
-78
-75
-76
-75
-86
-73
-63
-70
-73
-57
-68
-65
-53
-55
-72
-85
-75
-56
-71
-72
-75
-70
-49
-60
-63
-68
-59
-58
-58
-67
-60
-65
-53
-64
-65
-52
-57
-54
-53
-48
-71
-61
-61
-57
-52
-64
-66
-76
-66
-65
-63
-79
-67
-62
-71
-74
-73
-71
-69
-61
-55
-44
-48
-50
-50
-48
-40
-47
-54
-44
-44
-34
-55
-54
-52
-55
-59
-40
-38
-42
-34
-52
-63
-53
-47
-55
-37
-43
-48
-46
-42
-44
-54
-67
-55
-57
-68
-41
-48
-42
-44
-73
-72
-58
-73
-53
-56
-55
-58
-49
-65
-54
-53
-55
-38
-57
-46
-65
-52
-56
-49
-63
-53
-58
-60
-48
-54
-52
-50
-55
-49
-49
-39
-27
-44
-45
-46
-49
-47
-48
-36
-43
-48
-47
-31
-43
-53
-36
-31
-46
-55
-58
-49
-54
-59
-43
-40
-55
-42
-37
-52
-53
-40
-50
-49
-45
-43
-44
-54
-36
-48
-57
-62
-61
-54
-58
-55
-51
-52
-46
-45
-45
-57
-50
-44
-38
-45
-63
-58
-56
-69
-72
-65
-56
-42
-55
-55
-46
-53
-53
-57
-41
-62
-54
-47
-47
-58
-65
-64
-64
-53
-72
-62
-68
-75
-83
-73
-72
-57
-56
-72
-57
-74
-68
-65
-58
-65
-69
-74
-74
-79
-77
-52
-71
-59
-60
-79
-76
-73
-87
-78
-82
-84
-76
-66
-70
-72
-71
-71
-65
-60
-67
-67
-61
-64
-61
-78
-68
-62
-63
-67
-69
-75
-69
-71
-73
-66
-76
-51
-75
-67
-62
-73
-65
-67
-64
-65
-63
-74
-70
-87
-63
-75
-77
-77
-87
-70
-70
-79
-82
-78
-83
-65
-70
-74
-69
-80
-70
-80
-74
-61
-74
-59
-54
-62
-56
-50
-52
-63
-65
-73
-81
-80
-60
-61
-55
-70
-74
-61
-72
-61
-69
-72
-52
-59
-61
-60
-34
-48
-69
-44
-62
-58
-63
-52
-49
-46
-51
-44
-48
-57
-49
-43
-57
-53
-49
-57
-61
-54
-56
-63
-66
-58
-47
-50
-40
-56
-58
-41
-34
-45
-34
-54
-47
-52
-71
-57
-49
-48
-50
-48
-47
-41
-54
-51
-35
-52
-45
-55
-49
-46
-36
-42
-45
-28
-37
-38
-38
-34
-37
-33
-33
-46
-47
-42
-36
-27
-34
-33
-41
-42
-22
-32
-41
-17
-22
-32
-19
-15
-1
-5
-16
-14
-27
-23
-29
-24
-25
-30
-24
-15
-25
-18
-22
-3
-9
-30
-14
-23
-19
-28
-29
-20
-16
-23
-9
-10
-26
-20
-5
-11
-14
-13
-13
-14
-12
-9
-13
-12
-27
-41
-30
-25
-38
-23
-27
-38
-46
-30
-26
-52
-43
-39
-19
-22
-30
-27
-40
-23
-25
-21
-14
-26
-30
-23
-26
-19
-31
-34
-18
-34
-37
-29
-35
-32
-24
-21
-32
-34
-35
-30
-33
-25
-28
-31
-28
-29
-25
-33
-20
-21
-24
-41
-39
-19
-22
-28
-29
-36
-20
-26
-31
-22
-37
-12
-25
-28
-16
-28
-18
-31
-36
-31
-30
-42
-47
-56
-31
-35
-43
-36
-56
-48
-62
-46
-59
-42
-52
-59
-45
-52
-30
-47
-43
-63
-49
-37
-42
-35
-52
-41
-31
-42
-41
-44
-51
-33
-32
-29
-40
-34
-26
-21
-27
-27
-24
-36
-16
-19
-24
-16
-24
-15
-14
-28
-16
-14
-10
-26
-14
-20
-29
-27
-16
-23
-30
-14
-16
-21
-23
-19
-30
-33
-21
-18
-29
-23
-16
-25
-25
-24
-21
-16
-21
-16
-14
-23
-13
-4
2
-9
-11
10
7
-21
-3
-6
-7
-8
-6
-15
-16
-1
-2
6
-4
3
-12
-5
1
-1
-4
-3
15
9
-3
-12
-4
-6
-12
-5
-2
-7
-4
9
7
21
21
21
4
26
17
-4
22
5
4
23
9
2
0
-7
-6
-6
-13
-9
-9
-13
-6
-7
-1
5
1
-6
-13
2
11
-5
-5
-4
-6
-14
-6
5
-13
-1
-2
-5
-4
2
3
-5
-2
-1
-10
-9
-1
-14
-6
-22
-15
-7
-6
2
-19
-20
-15
-11
-13
-6
-12
-9
-8
-2
-5
-9
2
-11
-7
-2
-8
-11
-14
-17
-6
-18
-7
-14
-11
-29
-30
-7
-23
-12
-19
-12
-9
-16
-13
-28
-31
-8
-15
-17
-21
-4
-7
-10
-26
-18
-13
-27
-11
-8
-19
-22
-25
-17
-4
-16
-10
-16
-4
-14
-30
-11
-5
-10
-22
-12
-18
-33
-32
-24
-19
-9
-6
-1
2
-18
-9
-17
-14
-14
-19
-12
-14
-7
-6
-8
-3
-10
-18
-10
-13
-5
-1
0
2
10
4
3
8
1
1
-12
-13
-3
-23
-3
3
-11
-22
-9
0
-11
-7
-18
-8
-18
-10
-11
-18
-24
-20
-26
-25
-10
4
-8
-29
-25
-38
-10
-5
-14
-8
-19
-23
-22
-25
-8
-23
-12
-1
-6
-12
-7
-3
8
1
-17
-18
-9
-23
-12
-32
-38
-9
-19
-24
-36
-24
-29
-17
-23
-40
-16
-18
-17
-19
-33
-15
-17
-20
-10
-18
1
-10
-15
-6
-4
7
-9
-9
-8
-14
-14
-13
-11
-12
-9
-16
-12
-23
-21
-17
-26
-11
-33
-28
-22
-19
-34
-24
-13
-43
-35
-44
-40
-30
-34
-25
-27
-24
-28
-42
-34
-31
-32
-34
-30
-23
-32
-41
-22
-33
-35
-25
-33
-34
-22
-33
-40
-42
-40
-49
-47
-18
-29
-24
-19
-15
-16
-16
-13
3
4
-17
1
-12
-13
-13
-21
-12
-18
-21
-24
-13
-13
-27
-24
-3
-12
-13
-20
-21
-24
-17
-3
-3
-9
-12
-4
-8
-4
-6
-4
-17
-19
-5
-11
-9
-20
-15
-37
-27
-36
-32
-32
-43
-39
-44
-34
-39
-36
-56
-56
-49
-39
-51
-45
-37
-33
-15
-31
-24
-26
-35
-39
-33
-36
-45
-31
-31
-45
-46
-34
-42
-47
-34
-27
-26
-22
-12
-3
-13
-24
-13
-27
-29
-18
-16
-11
-23
-32
-16
-17
-15
-11
-12
-1
1
9
-11
-8
-8
-4
3
-7
18
3
-2
-1
17
18
13
4
7
28
9
-6
4
-3
22
25
16
18
-5
-6
-6
3
21
34
14
8
-5
-3
12
-1
4
14
22
12
8
4
-6
-9
-8
-6
24
14
-7
-5
1
8
-4
4
9
14
14
17
24
3
-9
1
-6
-3
4
-12
4
-1
-11
-21
-31
-9
-6
-7
-2
12
12
-1
-18
-10
-1
-10
-12
-8
-5
-14
-17
-11
-10
-2
-13
-1
16
14
12
1
-4
0
-14
-11
8
16
31
19
-3
-8
-16
-7
-2
12
14
13
1
-13
-13
-18
0
9
6
-1
-17
-13
-11
-17
-10
-7
6
5
1
-16
-20
-13
2
-19
9
16
10
28
-12
-10
0
4
1
5
13
21
4
-8
-4
-11
-7
4
19
-1
1
5
13
15
9
9
5
11
10
4
-3
-4
-6
-5
-7
2
4
4
1
3
7
13
-1
3
15
15
32
21
14
-8
2
6
-2
12
18
15
19
22
15
8
-7
-10
-24
-12
10
19
-4
12
24
14
9
17
37
30
41
45
48
29
26
21
29
17
33
31
-8
-4
-12
-23
-23
-8
2
13
15
10
16
-4
5
3
17
10
-8
15
-6
-18
-3
0
10
12
28
8
6
8
0
16
29
35
25
42
22
-16
-24
1
-11
-20
-10
-21
-12
-10
-1
-18
-33
-18
-17
-24
-18
15
10
0
1
-14
6
16
15
41
16
15
18
50
61
38
29
22
35
43
43
16
11
13
-5
-3
16
36
28
5
-11
0
26
24
25
12
39
31
11
17
35
16
0
27
43
49
53
44
34
40
43
7
0
3
8
36
45
33
31
24
13
-15
-13
10
26
44
22
19
20
-19
0
2
6
8
-2
0
11
23
-8
-8
18
12
6
46
49
31
-8
16
25
-1
21
41
30
-1
-8
-4
-14
10
10
-26
-4
31
47
47
16
-5
26
20
25
3
13
46
0
11
-7
-23
-23
-14
23
11
-13
1
15
1
-12
23
33
9
-5
-6
1
-20
-17
-6
-9
-7
15
-15
-22
-27
-8
-1
-23
-18
-32
-30
-7
-31
-70
-55
-11
11
-45
-20
-14
-23
-44
-58
-38
-22
-22
2
-26
-52
-51
-50
-41
-29
12
14
24
37
32
-18
24
49
-2
27
26
35
28
10
-12
-37
8
-15
-38
-34
-40
-60
-52
-43
-46
-64
-34
-5
-11
3
3
6
13
35
49
21
26
25
49
41
28
28
11
-16
-15
-2
-2
-29
-39
10
-11
-17
-12
9
7
-2
30
21
5
6
48
16
-17
26
32
37
23
30
5
22
35
36
28
14
27
20
40
37
31
20
45
39
20
25
34
15
35
54
26
35
57
18
-1
49
51
45
33
14
5
12
-28
4
7
9
11
-22
11
14
8
33
34
5
58
43
51
19
53
21
30
47
-27
10
0
18
24
3
8
25
-24
-41
22
14
-30
34
40
17
20
16
-8
2
30
27
14
12
20
-16
23
28
-12
17
45
28
-6
71
49
10
36
49
23
4
-7
22
-33
-4
15
-6
-5
8
52
-4
15
27
49
32
35
26
19
65
48
48
79
24
7
23
36
13
19
53
55
32
26
57
31
13
-21
-14
-46
-35
-30
10
35
11
35
32
47
15
-14
24
4
43
77
81
79
29
39
51
-13
21
3
-17
-8
-7
28
-22
-25
-32
-51
12
-33
-4
-4
-44
5
26
36
62
48
86
44
27
55
48
48
23
39
64
26
31
41
-3
25
14
20
0
11
11
-5
48
58
35
51
51
15
37
53
7
-8
28
31
33
-15
-10
-21
-47
-28
39
49
-15
39
35
8
3
41
6
-5
29
56
25
14
20
-45
-11
-3
-24
6
22
49
-20
7
3
-7
-26
-2
30
-26
-17
-36
-7
6
51
62
50
59
35
32
18
40
-6
22
36
51
38
7
11
-37
-24
-19
3
-12
-32
-47
0
-52
-65
-35
-16
-25
10
29
24
3
2
-11
9
33
41
84
16
21
59
20
-4
-4
-22
-8
4
8
-10
-33
-77
-1
13
-75
-17
13
35
1
13
31
-5
-12
8
33
19
16
76
27
17
59
32
1
22
46
29
6
21
46
57
36
28
33
53
45
28
43
50
-33
-8
41
50
28
44
38
-28
34
-12
5
20
-23
25
20
-3
13
13
-4
-22
-4
-23
-26
-7
-32
-17
-9
13
5
-21
8
-45
-12
35
29
-3
3
3
-2
-70
-12
-47
-11
-19
21
16
-70
39
-12
-11
-17
48
-11
-90
17
-6
-36
-6
-18
-22
17
37
41
9
24
43
51
85
-15
40
33
-27
-6
-30
-5
14
-58
-31
-75
-55
-29
-23
-15
-30
26
-28
-36
17
24
-8
6
42
34
28
58
50
9
38
-1
52
4
53
32
-28
43
-22
-50
-59
-43
-62
1
-10
30
-39
6
39
-65
29
30
50
33
52
57
-13
45
33
-11
-6
4
5
-15
25
5
-36
29
-5
-6
26
71
17
76
47
17
27
-46
-17
-12
-5
56
32
13
16
31
37
22
83
27
53
65
-41
45
-22
-18
12
-48
-4
-73
-30
-33
5
64
13
52
52
14
13
65
103
19
50
26
27
11
-2
31
23
125
30
12
61
20
27
87
-16
23
-11
60
-50
-80
24
-53
-5
-17
-2
-22
-10
40
-38
11
96
7
67
81
-12
26
-52
-11
-29
57
18
-80
36
-7
-82
24
26
-31
7
49
37
-125
-9
-28
-96
25
4
-7
-35
7
-5
36
-45
21
21
-11
7
37
-12
-28
60
-21
-58
34
29
-96
-7
31
-54
6
12
9
-44
-9
-52
-21
-7
-11
-5
-78
-61
-48
-68
-19
-16
-34
19
49
16
13
10
24
27
99
44
-2
28
-37
72
-67
10
-9
-102
-14
-48
3
-38
-121
-55
-97
-29
31
-1
13
-41
89
-74
33
-12
27
2
1
46
-47
-34
-26
29
-9
-14
8
-11
-68
18
-28
-29
24
-118
-15
27
-59
-97
-40
-20
-62
1
55
-67
13
0
-69
81
-41
-25
59
82
-62
-61
44
-82
-90
33
12
-86
-2
-47
-94
-38
44
-78
60
-9
11
-27
65
20
-130
89
-137
2
-6
-67
-53
-76
47
-22
-52
43
-88
-21
18
7
-47
-22
-69
-8
-13
13
17
12
-8
-69
6
-43
25
49
31
90
-57
11
-58
-59
44
16
107
-34
45
-20
-63
42
-38
-27
5
-2
-11
-21
-3
-48
-47
44
50
34
-9
-56
45
15
18
99
-3
1
92
45
-31
13
19
-45
-13
85
-37
21
-58
5
-78
21
9
-125
53
-15
33
21
23
-12
-52
68
9
-31
82
32
-38
-8
-32
-2
20
1
77
-40
15
-6
-131
-35
-15
-120
49
66
42
-54
-10
25
-112
37
30
53
27
-34
17
-10
-48
80
3
-4
94
8
7
60
101
-109
76
13
-25
37
60
-47
-72
50
-55
-78
53
-56
-39
18
-65
-27
-2
57
-35
-12
4
-16
34
42
-29
-30
-16
14
111
35
-10
93
-28
-78
91
44
-52
17
30
-5
-6
10
-96
-103
4
-72
-61
53
-39
37
89
-34
82
-5
-11
40
58
77
12
51
-5
-2
1
-43
-62
-15
-145
45
44
-25
-12
-85
0
-103
89
50
9
-14
1
16
49
-1
-8
43
-70
55
7
22
85
-44
5
1
15
-25
-58
-21
-81
-93
64
-49
12
48
-87
-34
-91
6
-6
45
48
-39
83
-80
16
17
-39
-16
-14
94
4
-24
-50
-30
-28
-34
89
-11
-24
-16
-59
19
-20
15
-56
101
-10
-32
3
-20
-103
17
69
-72
-77
-3
-53
-109
-22
3
-106
-47
13
25
-40
-60
-12
-43
-16
22
-9
29
-86
-24
-80
-95
-3
-86
-53
69
-99
-30
-8
-122
-91
15
-8
-88
-36
-15
-73
-57
8
-13
25
-38
42
-69
49
-92
-66
57
-135
-19
-23
19
-97
-131
47
-119
-72
-14
-74
17
-87
-9
3
-71
56
-91
-3
36
-53
-45
-65
-46
-12
-3
49
22
-102
148
-139
-76
58
-25
53
71
4
25
-48
-93
42
-58
23
-17
117
-89
-83
1
-112
-4
-14
36
27
-56
6
-31
-69
-64
-45
38
-21
102
-49
16
1
-75
6
-41
-23
-60
-60
6
-48
-78
-48
-49
-45
-106
-2
6
-50
6
-23
3
-28
-5
48
106
37
57
69
35
-92
-16
-46
-38
-51
-22
58
-109
-24
-35
-117
-48
-119
-48
-31
-74
51
-26
-107
-44
19
21
-10
92
44
-26
29
-4
-87
-8
62
-11
33
78
-38
-34
-12
-36
1
2
79
-38
67
27
-48
29
39
-74
81
-26
-113
-53
-106
-67
-19
23
11
53
-53
-19
21
-27
-66
32
-33
13
26
57
2
1
94
-111
28
-41
13
58
31
97
-69
-90
-22
79
53
-31
44
-24
-166
17
-44
-156
-75
30
-70
4
-49
-60
1
-105
-11
29
22
-23
-22
87
-76
-50
78
-31
53
53
79
-19
-103
-2
-73
100
23
-55
31
-22
-28
51
0
-126
-54
-77
-18
-88
42
-27
-45
22
-66
-64
-117
-27
-19
20
82
-41
-16
-64
-74
-31
31
-19
-73
-3
-54
33
-43
50
-33
-55
41
-113
-33
2
-170
-60
100
-62
-59
8
-75
-131
66
-23
-137
-46
11
-70
-64
98
-189
-9
1
26
39
-29
48
-5
1
5
-6
-41
-118
95
20
-49
40
-46
-118
-59
-7
-50
45
33
-37
-33
58
-118
21
50
-137
54
-17
-50
51
49
-54
-31
77
-40
-1
89
-13
99
14
-96
-20
65
-43
-24
48
-57
-61
6
-47
-95
-1
-32
54
17
-5
-73
40
-84
27
64
2
75
26
-17
-79
89
-21
9
86
-8
-102
35
32
-65
43
24
34
26
44
-4
-72
2
-57
-12
5
-16
71
-16
-21
41
-53
19
-119
3
-38
83
24
4
-4
-85
-28
2
12
48
8
-37
70
14
-79
-15
49
27
-44
108
-7
-44
3
25
26
57
110
23
72
-5
-53
5
-5
-103
24
2
9
-39
-36
-72
-12
81
-113
118
20
-65
42
40
-55
-54
15
73
-22
136
62
-36
141
-72
-41
27
40
101
67
55
-8
19
17
13
23
43
66
-59
-28
-71
-159
-158
-14
22
-24
-35
56
-62
-83
-79
13
47
0
55
20
41
11
38
44
67
-84
26
87
94
-21
-74
2
-64
-14
142
51
56
-28
37
-16
-107
-14
-65
37
43
-38
-7
-108
-126
-15
12
54
8
10
17
-49
-41
-20
15
-37
5
47
34
-18
-145
-170
-137
-51
111
137
111
-78
-17
-54
-121
71
70
83
107
92
66
-20
-104
21
-20
44
50
-33
-48
-54
-23
-125
-150
-74
-126
-125
-37
-20
-68
-124
-64
-40
-29
36
80
32
-65
2
-60
8
88
52
52
59
34
-4
-2
16
-132
-54
43
8
-24
-64
-75
-152
-100
-72
-62
-15
-45
-33
-17
-91
-108
-17
3
59
116
40
2
15
37
-1
3
98
28
-43
-63
-59
-33
-67
-34
-77
-106
-51
-88
-67
-44
-106
-120
-74
-54
-42
-43
-55
-42
-4
-24
24
-15
13
15
27
11
-33
-18
-30
18
-27
-1
32
-29
-81
-51
-84
-141
-83
-28
-22
-8
-6
-28
-45
-49
-47
-41
60
7
-60
-26
-27
-61
4
-31
-28
-41
-82
-28
-81
-42
-51
-101
-106
-106
-82
-29
-47
-21
-19
-15
-33
-29
25
22
29
77
63
-1
19
26
-38
11
67
34
23
-10
1
-72
-123
-96
-73
-57
-89
-26
-34
-51
-67
-133
-30
-4
0
24
-11
-1
-20
-8
59
31
107
79
72
62
15
-40
-51
32
61
73
41
9
5
-19
-7
-28
17
30
2
56
55
36
-8
-51
-18
-35
13
20
5
-3
-46
-48
-100
-51
-1
-12
-11
9
10
-17
-57
-50
-5
61
89
58
70
37
26
16
8
59
9
3
36
6
-19
-50
-85
-68
-9
-5
6
10
-22
-23
-41
-25
0
21
32
37
53
-1
-9
20
39
81
106
81
58
58
56
41
32
35
54
68
56
38
50
-16
-63
-49
-26
5
19
-8
-54
-39
-24
-2
38
58
53
60
76
54
43
5
18
69
78
100
99
63
34
39
53
21
55
66
26
58
75
35
21
29
34
42
36
35
6
-3
-3
7
10
14
27
52
65
84
75
49
78
86
91
95
84
90
60
51
46
51
48
53
62
32
5
20
15
-2
7
29
-6
-32
-27
-9
-24
-48
-28
-30
-15
2
-13
4
3
-12
-10
-5
12
-11
12
7
19
23
20
12
-9
-3
-14
-13
-9
0
7
-7
-30
-13
-9
-3
-12
-7
3
8
-9
8
27
1
9
8
32
23
31
7
5
27
24
28
29
-1
3
16
22
26
47
40
26
13
36
71
64
39
62
77
88
96
91
91
69
61
95
110
69
79
67
65
54
74
84
85
70
51
69
64
52
30
44
37
24
44
44
14
20
-5
-9
7
-1
-6
-4
-7
-15
-37
-49
-56
-66
-80
-82
-78
-95
-110
-131
-119
-136
-128
-111
-118
-131
-124
-98
-101
-112
-117
-106
-102
-102
-111
-92
-88
-99
-105
-78
-70
-92
-79
-96
-71
-66
-72
-66
-39
-47
-68
-41
-17
-9
-18
-4
-3
20
39
65
81
99
105
146
176
172
194
237
257
261
305
314
307
359
385
406
439
485
509
537
587
662
699
721
740
762
809
847
868
887
879
889
901
872
812
720
652
565
430
323
244
158
100
-40
-240
-409
-558
-690
-755
-820
-903
-998
-1066
-1118
-1142
-1157
-1176
-1190
-1173
-1117
-1054
-990
-953
-915
-879
-805
-698
-603
-559
-543
-483
-428
-381
-317
-293
-295
-291
-284
-253
-241
-238
-236
-195
-140
-101
-11
42
124
279
431
559
724
896
1116
1356
1612
1860
2111
2397
2656
2992
3331
3600
3336
2850
2461
2369
2502
2359
1968
1471
945
415
-187
-590
-944
-1443
-1911
-2124
-2060
-2156
-2535
-2940
-2989
-2693
-2357
-2021
-1744
-1536
-1364
-1123
-563
52
503
774
1049
1422
1823
2051
2062
2057
2121
2224
2265
2127
1840
1393
908
599
448
265
-170
-752
-1347
-1736
-2023
-2337
-2615
-2815
-2887
-2880
-2840
-2786
-2785
-2784
-2594
-2194
-1668
-1230
-1001
-775
-492
-136
239
545
755
926
1078
1238
1358
1363
1283
1170
1088
1078
1021
908
742
625
584
563
579
629
666
801
990
1254
1621
2049
2408
2767
2613
1922
1414
1388
1924
2287
2049
1486
879
338
-136
-441
-570
-860
-1345
-1664
-1565
-1447
-1758
-2413
-2689
-2321
-1774
-1390
-1211
-1193
-1200
-1100
-617
162
716
877
883
1087
1513
1865
1899
1807
1814
1922
2003
1910
1645
1219
728
427
416
472
256
-349
-1061
-1450
-1640
-1859
-2079
-2266
-2382
-2443
-2463
-2344
-2279
-2373
-2378
-2086
-1542
-1103
-870
-758
-600
-328
-64
225
439
562
606
716
862
949
883
695
599
606
641
592
416
196
30
-55
-28
-34
-53
-99
-93
64
296
563
810
1069
1386
1826
2455
2983
2831
2267
1784
1967
2587
2889
2687
2114
1484
922
467
290
190
-226
-881
-1244
-1190
-1177
-1621
-2314
-2595
-2334
-1945
-1658
-1583
-1608
-1697
-1628
-1085
-295
238
306
288
589
1135
1536
1656
1704
1738
1828
1892
1884
1807
1480
1019
737
750
732
417
-185
-768
-1107
-1339
-1564
-1778
-2010
-2235
-2465
-2534
-2404
-2366
-2451
-2515
-2326
-1908
-1532
-1333
-1167
-981
-759
-458
-170
104
283
360
477
664
777
804
682
616
646
666
654
532
358
171
76
55
94
106
96
136
242
446
646
952
1219
1615
2123
2740
3108
2625
1957
1641
2158
2895
2977
2549
1876
1255
750
381
302
201
-305
-1028
-1257
-1104
-1194
-1792
-2507
-2512
-2077
-1745
-1642
-1678
-1706
-1793
-1573
-876
-78
237
97
82
513
1167
1472
1469
1480
1541
1605
1602
1586
1530
1226
824
631
692
604
132
-516
-950
-1076
-1225
-1464
-1769
-2036
-2303
-2512
-2489
-2304
-2237
-2368
-2447
-2256
-1853
-1566
-1409
-1232
-1023
-799
-569
-335
-48
91
167
303
486
622
577
515
504
587
649
596
494
348
187
107
114
148
177
180
217
335
546
795
972
1182
1570
2051
2581
3094
2889
2259
1782
1872
2660
3100
2765
2078
1349
831
525
382
327
11
-735
-1260
-1264
-1169
-1466
-2155
-2495
-2202
-1817
-1672
-1690
-1778
-1790
-1679
-1202
-436
59
7
-100
95
719
1266
1398
1393
1351
1359
1402
1423
1430
1322
1024
766
687
632
327
-258
-694
-820
-867
-1080
-1446
-1807
-2079
-2260
-2332
-2238
-2142
-2268
-2430
-2374
-2072
-1749
-1588
-1496
-1310
-1053
-850
-634
-378
-128
55
190
370
503
527
513
559
696
799
780
674
523
392
316
278
309
307
257
254
360
535
678
833
1077
1344
1701
2105
2667
3079
2601
1878
1542
2071
2889
2944
2332
1656
1124
681
405
412
403
-136
-1055
-1404
-1169
-1062
-1545
-2231
-2312
-1978
-1800
-1774
-1730
-1650
-1663
-1581
-1024
-294
18
-159
-261
170
884
1294
1327
1264
1251
1252
1280
1378
1521
1375
936
629
630
580
225
-286
-596
-588
-777
-1125
-1467
-1736
-1944
-2201
-2220
-2012
-2005
-2296
-2484
-2334
-1994
-1749
-1667
-1542
-1354
-1186
-970
-651
-299
-76
7
148
363
549
634
693
793
926
963
919
872
743
647
597
563
576
503
342
278
331
514
718
853
976
1162
1526
1912
2370
2746
2333
1727
1418
1873
2720
2835
2271
1588
1108
797
578
534
503
109
-732
-1113
-920
-785
-1173
-1899
-2089
-1799
-1610
-1619
-1620
-1545
-1585
-1599
-1244
-599
-263
-357
-465
-125
580
975
953
869
873
935
1015
1139
1355
1327
901
521
530
618
428
-32
-356
-367
-468
-803
-1160
-1414
-1642
-1879
-1982
-1866
-1855
-2159
-2423
-2343
-1993
-1729
-1705
-1677
-1536
-1338
-1057
-731
-357
-124
-93
-24
215
530
697
752
790
885
938
898
852
747
651
565
495
452
363
212
103
138
252
437
577
697
832
1122
1593
2016
2508
2453
1903
1537
1664
2441
2937
2651
2038
1510
1106
846
782
786
607
-129
-854
-967
-827
-925
-1532
-2036
-2062
-1971
-1950
-1958
-1884
-1897
-2021
-1928
-1410
-863
-727
-779
-616
-56
496
665
679
748
808
884
1045
1342
1556
1293
835
630
746
769
535
237
103
-55
-455
-797
-964
-1067
-1324
-1648
-1709
-1670
-1844
-2128
-2201
-2028
-1860
-1820
-1823
-1672
-1496
-1374
-1155
-789
-475
-410
-410
-260
61
348
494
568
666
701
673
678
723
765
699
565
476
458
409
287
240
298
408
529
635
761
941
1117
1472
1911
2497
2575
1963
1441
1457
2203
2790
2600
2038
1499
969
634
622
852
789
-6
-951
-1104
-804
-793
-1267
-1789
-1861
-1883
-1969
-1867
-1582
-1489
-1748
-1848
-1356
-726
-549
-609
-493
-49
383
493
572
730
728
640
741
1114
1436
1196
688
475
605
714
617
424
279
26
-460
-709
-660
-639
-932
-1369
-1557
-1579
-1715
-1912
-1958
-1893
-1862
-1959
-1943
-1743
-1593
-1513
-1363
-1082
-820
-717
-671
-463
-165
95
256
403
548
589
564
655
794
851
798
683
648
618
569
539
554
571
579
619
690
867
1004
1200
1462
1800
2151
2384
2150
1719
1546
1813
2351
2505
2196
1720
1233
783
620
719
778
381
-441
-935
-924
-842
-1013
-1404
-1655
-1879
-2111
-2067
-1742
-1488
-1569
-1827
-1766
-1329
-988
-835
-633
-400
-161
-43
58
315
494
505
494
675
964
991
796
655
693
800
748
618
492
369
111
-124
-149
-170
-358
-755
-1054
-1135
-1182
-1319
-1433
-1488
-1589
-1738
-1837
-1730
-1558
-1491
-1485
-1412
-1250
-1108
-984
-757
-513
-329
-204
-76
115
289
380
472
551
635
672
672
702
726
726
719
691
636
657
692
739
823
904
1016
1204
1319
1547
1799
2086
2241
1927
1633
1540
1848
2212
2217
1872
1472
1024
663
606
653
612
136
-571
-941
-946
-887
-1055
-1377
-1676
-1926
-2090
-1957
-1655
-1451
-1553
-1794
-1734
-1431
-1137
-909
-661
-457
-301
-241
-107
169
345
383
433
636
877
957
886
832
849
839
837
804
839
725
437
215
101
25
-148
-366
-591
-742
-915
-1065
-1132
-1263
-1451
-1616
-1650
-1572
-1491
-1467
-1449
-1455
-1429
-1304
-1089
-828
-680
-604
-533
-398
-236
-61
93
203
251
290
425
595
704
697
680
676
730
819
912
1012
1030
1040
1054
1163
1272
1360
1461
1621
1824
2036
2048
1793
1562
1442
1630
1805
1777
1544
1243
829
489
387
406
371
-34
-560
-832
-858
-875
-1067
-1283
-1440
-1676
-1838
-1672
-1379
-1244
-1435
-1662
-1625
-1371
-1143
-870
-593
-472
-532
-642
-466
-106
173
218
247
276
314
365
455
641
703
617
468
449
533
515
412
328
238
107
-47
-169
-186
-280
-458
-585
-674
-773
-939
-1059
-1052
-1047
-1083
-1138
-1167
-1160
-1130
-1077
-947
-801
-764
-758
-659
-521
-355
-176
-5
144
222
283
391
541
686
750
793
842
910
978
1017
1073
1056
980
921
947
991
1022
1044
1065
1070
1106
1147
1266
1220
1054
871
854
1019
1118
1037
842
700
465
356
294
335
269
19
-271
-396
-404
-453
-607
-726
-840
-999
-1060
-999
-884
-869
-1005
-1143
-1141
-1044
-913
-746
-589
-549
-601
-648
-560
-334
-127
5
56
57
62
91
226
343
421
411
323
286
315
369
368
318
204
108
30
11
7
-30
-155
-300
-414
-479
-484
-490
-496
-579
-643
-707
-717
-669
-628
-581
-549
-529
-493
-361
-231
-133
-78
-27
46
127
214
335
450
494
502
476
508
539
528
540
564
540
467
414
394
397
383
360
316
284
267
260
301
366
378
354
404
437
453
422
428
492
575
575
548
561
467
388
306
329
349
283
132
35
-11
-72
-169
-275
-316
-395
-493
-496
-464
-435
-518
-587
-574
-502
-437
-388
-306
-263
-247
-276
-260
-170
-111
-86
-76
-85
-90
-100
-60
12
50
30
-64
-112
-71
-10
32
33
-25
-102
-145
-143
-109
-68
-97
-181
-263
-288
-282
-260
-218
-222
-245
-267
-287
-281
-232
-191
-173
-147
-105
-38
4
61
83
93
137
155
207
242
290
309
288
263
268
274
263
272
243
208
138
122
169
185
156
119
97
110
98
123
180
221
239
202
222
266
297
286
265
313
338
316
280
260
271
235
205
172
173
181
119
69
54
52
27
4
34
35
37
2
-12
11
41
77
82
73
64
32
-2
2
16
12
-4
-42
-84
-116
-127
-156
-164
-159
-154
-186
-219
-207
-206
-214
-240
-213
-192
-195
-221
-233
-218
-199
-182
-157
-144
-123
-145
-168
-112
-66
-29
-31
-37
-22
-5
-11
4
22
70
107
82
56
52
52
46
35
50
44
-9
-51
-92
-98
-122
-148
-113
-103
-107
-106
-107
-91
-77
-38
-11
18
53
76
92
89
115
135
156
139
114
88
76
78
105
109
82
66
62
38
45
41
79
103
131
175
206
229
217
227
256
310
355
385
353
337
320
299
333
328
283
232
199
171
152
142
95
42
5
-48
-83
-103
-119
-150
-191
-229
-232
-218
-250
-275
-296
-302
-305
-317
-293
-281
-304
-306
-300
-259
-202
-157
-132
-123
-137
-144
-126
-81
-10
32
42
30
21
8
14
30
25
29
2
-18
-42
-92
-108
-140
-150
-146
-143
-145
-159
-145
-114
-101
-74
-60
-62
-34
-32
-7
43
45
38
5
-18
-18
-15
-27
-29
-18
-28
-38
-64
-66
-69
-85
-60
-45
-12
21
40
76
97
110
128
179
243
283
309
313
322
325
339
367
399
394
371
314
292
290
277
312
296
286
230
176
172
164
158
134
104
89
60
41
-1
-24
-52
-91
-104
-116
-102
-112
-157
-172
-138
-124
-103
-87
-59
-75
-88
-64
-24
41
65
61
35
56
59
50
74
75
45
13
-22
-35
-56
-112
-161
-208
-222
-260
-281
-284
-304
-297
-286
-287
-283
-263
-262
-248
-202
-154
-136
-123
-115
-101
-89
-86
-67
-37
18
35
37
41
30
2
-5
26
62
85
75
44
20
7
8
47
69
98
81
49
53
71
107
126
146
135
126
127
111
142
198
205
208
188
176
160
142
145
148
165
182
148
127
118
89
71
64
39
37
16
11
28
23
4
-16
2
30
71
83
104
116
126
156
169
210
228
202
205
202
182
188
147
117
92
50
4
-38
-91
-151
-199
-226
-222
-251
-283
-315
-334
-323
-320
-323
-302
-265
-243
-249
-203
-136
-122
-119
-107
-75
-54
-55
-23
-8
5
17
0
-18
-13
3
-18
6
18
10
-11
-21
0
24
33
29
46
54
59
67
92
128
141
131
161
173
184
181
180
190
199
185
171
173
175
153
99
64
78
86
76
48
27
2
-41
-36
-35
-18
-48
-77
-72
-65
-30
-38
-10
5
8
47
55
63
84
104
125
134
170
177
160
138
126
140
116
100
52
21
23
-29
-66
-91
-139
-174
-215
-239
-253
-256
-278
-311
-299
-290
-295
-274
-227
-187
-169
-150
-138
-121
-91
-52
-8
41
62
62
87
93
106
117
105
103
96
90
84
85
68
60
48
37
44
45
50
36
20
22
27
46
55
55
47
43
36
72
86
86
77
65
69
55
43
25
-3
-24
-27
-29
-36
-75
-102
-112
-122
-90
-109
-121
-124
-141
-139
-145
-103
-72
-47
-29
-7
29
73
91
124
166
214
234
244
262
275
313
317
289
284
268
204
168
160
132
92
21
-46
-97
-146
-196
-215
-243
-254
-314
-366
-370
-371
-376
-380
-363
-329
-306
-265
-216
-205
-185
-158
-94
-44
-4
18
21
39
65
83
102
112
107
107
108
116
112
98
75
31
23
28
47
62
38
30
4
22
81
89
91
82
106
135
166
173
171
185
174
156
174
171
161
126
106
104
73
55
24
6
-16
-28
-53
-82
-107
-115
-122
-127
-115
-102
-94
-76
-32
-16
7
43
97
119
179
213
243
279
298
310
326
346
337
334
311
275
229
178
149
114
44
-24
-84
-109
-153
-184
-223
-275
-324
-367
-368
-370
-338
-342
-340
-313
-293
-293
-266
-205
-184
-140
-90
-66
-40
-26
-9
13
40
93
120
118
122
147
152
159
178
172
164
171
185
210
214
212
231
233
235
246
243
268
280
269
256
255
238
238
210
221
174
112
56
34
37
-18
-42
-96
-103
-145
-161
-165
-168
-198
-227
-204
-185
-172
-177
-191
-171
-137
-113
-76
-54
-28
-31
8
48
86
117
112
143
170
208
220
215
221
212
201
210
189
177
166
124
66
34
19
7
-20
-46
-83
-109
-154
-184
-181
-199
-187
-198
-183
-161
-143
-126
-125
-107
-67
-31
-16
-18
8
3
6
32
52
74
53
27
17
22
49
38
32
18
10
7
35
65
93
115
125
168
189
205
255
276
323
342
344
355
348
364
352
320
324
302
236
205
153
129
90
44
12
-40
-75
-122
-127
-146
-162
-178
-186
-198
-217
-205
-204
-186
-150
-119
-96
-85
-78
-45
-5
14
40
55
84
103
133
153
153
155
141
140
153
141
110
81
67
41
3
-26
-39
-55
-81
-108
-121
-139
-178
-174
-180
-140
-150
-137
-124
-96
-64
-56
-13
31
62
79
97
116
145
178
170
177
208
202
187
156
160
129
103
82
66
62
22
10
15
21
33
3
31
29
61
93
101
143
183
189
208
240
259
267
265
288
273
259
232
179
155
119
83
70
43
7
-48
-103
-130
-125
-130
-143
-159
-175
-192
-209
-205
-183
-151
-138
-117
-97
-91
-58
-34
-7
45
69
71
100
103
131
153
166
169
135
125
112
109
97
64
44
-6
-26
-27
-60
-93
-126
-138
-160
-168
-149
-128
-136
-142
-121
-100
-71
-40
-6
42
65
76
94
139
148
177
187
182
203
202
195
183
178
161
134
128
109
78
68
62
58
57
56
62
67
60
65
89
124
152
179
180
189
200
203
195
201
210
210
197
165
134
95
80
57
28
-1
-45
-72
-111
-128
-143
-174
-176
-199
-192
-189
-195
-181
-184
-167
-143
-119
-92
-83
-46
-22
13
52
86
108
123
128
158
182
187
208
212
222
192
157
137
123
107
98
75
50
28
-4
-55
-67
-72
-88
-94
-111
-106
-85
-97
-88
-61
-32
0
30
78
101
116
145
179
207
234
230
242
249
249
236
213
204
189
142
100
80
55
30
-1
-20
-16
-17
-33
-59
-46
-30
-8
13
32
64
80
78
87
106
128
131
121
129
120
100
71
53
44
22
-22
-53
-88
-108
-115
-147
-178
-199
-244
-238
-261
-248
-234
-224
-215
-202
-200
-184
-150
-139
-88
-52
-21
13
30
52
91
117
124
155
179
176
179
195
197
177
158
139
128
99
81
38
18
-42
-34
-109
-197
-237
-198
-128
-44
52
57
55
21
-9
-27
-21
28
101
175
243
296
298
262
216
184
180
176
210
196
203
152
49
-29
-84
-89
-71
-87
-97
-96
-112
-102
-97
-87
-81
-56
-23
-17
9
40
19
-76
-160
-165
-111
-64
11
66
111
112
77
47
-9
-54
-45
-49
-11
12
23
-30
-139
-194
-229
-285
-313
-287
-282
-261
-227
-171
-170
-150
-135
-97
-68
-64
-11
44
75
142
166
213
229
210
205
185
200
205
215
207
165
106
58
-4
-32
-79
-92
-109
-112
-122
-135
-134
-126
-136
-133
-91
-63
-32
44
99
129
154
163
189
221
240
255
246
252
242
233
230
208
181
146
103
60
16
-20
-42
-66
-93
-108
-110
-123
-137
-157
-147
-136
-89
-98
-65
-60
-47
-9
6
22
18
15
23
23
22
19
16
-11
-28
-24
-38
-38
-56
-59
-86
-94
-125
-129
-161
-162
-164
-155
-131
-124
-114
-105
-86
-76
-69
-67
-18
7
27
31
65
72
79
96
103
113
148
149
149
140
146
151
124
102
110
91
53
45
24
1
-42
-55
-47
-48
-69
-90
-137
-127
-114
-105
-78
-20
18
33
66
100
98
109
141
159
201
204
194
195
195
160
113
85
57
57
10
1
-18
-70
-105
-105
-110
-124
-122
-136
-108
-133
-119
-84
-60
-35
-37
-43
-81
-29
12
13
26
47
50
52
52
30
23
24
28
29
53
53
10
-3
8
-41
-38
-26
-27
-36
-12
10
17
33
19
-14
-26
-47
-44
-18
-34
-5
15
3
-9
-4
20
24
40
93
65
71
124
141
125
120
104
78
80
74
77
41
57
40
16
-38
-37
-22
-43
-28
-22
-44
11
24
-7
44
52
77
59
113
168
173
177
143
132
105
109
98
56
68
63
52
25
22
16
-33
-47
-105
-87
-61
-61
-39
-8
-19
-48
-29
-61
-30
28
45
16
5
7
-1
-20
2
33
43
94
96
79
63
67
79
79
65
70
53
97
54
81
60
54
47
51
27
-17
15
52
67
52
96
31
1
17
39
20
55
81
18
15
60
92
50
77
105
26
50
113
88
104
153
142
113
92
90
54
40
81
94
67
41
121
116
-8
28
95
81
60
157
163
90
160
151
81
50
174
155
43
99
109
29
-5
9
-36
-38
74
70
-24
-54
3
-35
-95
19
43
31
92
49
-36
-50
-17
-30
-29
11
15
13
-26
-36
-60
-75
-17
-16
-23
13
36
53
-11
36
-14
-32
81
116
116
121
154
98
77
171
135
115
179
170
125
222
170
97
-4
10
22
-45
64
125
26
-16
31
-34
-15
-11
94
32
33
101
92
137
90
58
60
66
87
68
113
8
14
16
72
67
32
132
-15
39
49
38
30
56
154
85
111
96
97
-8
50
118
61
25
65
61
9
103
101
-24
8
96
-8
-2
114
48
-77
101
104
23
39
41
6
-66
-14
24
24
-11
-60
-83
-44
-101
55
34
-18
2
-7
-37
-66
41
-43
-32
0
-23
40
33
-8
-13
-31
41
107
118
61
61
72
60
110
174
82
40
113
122
31
93
57
-1
52
101
130
84
104
83
5
-7
89
128
91
20
86
77
24
49
125
88
39
91
69
43
45
51
49
-50
-43
39
8
-8
44
29
-5
19
97
76
-1
61
73
85
106
175
57
20
130
86
51
-5
-2
-39
-13
106
80
34
-11
-39
-62
6
46
27
29
-15
23
31
76
68
-28
2
40
84
18
51
105
63
-29
77
103
15
29
152
157
-18
96
105
127
9
138
102
29
94
221
90
1
91
24
4
-7
143
82
41
123
99
-13
40
40
-29
-27
173
117
56
104
103
-6
-8
98
107
38
167
123
46
60
165
84
79
130
102
56
47
86
14
23
26
90
31
48
65
25
-18
15
120
56
27
126
36
-41
9
23
-82
-85
31
30
-71
3
79
-123
-72
26
-46
-60
-4
52
-59
8
67
-56
-11
70
55
85
51
-8
19
-4
30
100
103
56
20
31
-24
-64
57
-19
-21
47
70
-21
-22
-22
-6
-29
47
106
81
153
112
106
40
108
78
76
182
170
124
115
39
7
33
59
31
43
100
49
47
1
-34
-87
-20
-14
-54
-20
-39
-30
-45
-70
-75
-74
-46
-82
6
-12
-96
-7
-46
-32
-31
29
49
51
99
143
87
2
27
-3
27
54
161
53
-50
66
-63
-170
-78
14
-10
-96
2
39
-168
-130
-74
-109
-162
-28
33
-28
-16
-24
-84
-115
-11
-4
-11
58
33
-40
-9
-60
-90
-6
-77
32
73
17
55
28
-22
15
76
137
146
93
114
25
79
86
80
34
110
189
82
88
65
-47
-128
-6
64
4
52
47
-32
-72
-46
12
-68
-34
17
18
-1
-9
11
-116
-118
-3
-71
-54
25
-42
-84
-81
-82
-14
-64
-30
65
-51
-57
-21
51
-97
-41
15
-74
-56
4
5
2
-41
38
-62
-70
-20
-52
-79
-51
75
-29
21
-65
-122
-149
-61
-36
-36
-11
-58
-22
-134
-57
-73
-140
-129
-84
-36
-64
-17
-28
-82
-144
-98
-23
-33
-6
7
-77
-125
-34
-64
-35
45
74
6
89
146
34
43
138
144
4
156
187
121
3
66
74
-2
27
46
55
24
53
-50
-62
-43
-79
-17
-19
-18
-48
-110
-113
-158
-84
-42
12
-34
-86
8
18
-91
-38
-13
-18
-24
87
-12
-17
-28
-49
-49
-45
17
-2
-19
19
30
2
-39
-98
-48
-53
37
46
-14
-78
-91
-79
-102
-80
-21
-44
-84
-5
-47
-70
-56
-108
-102
-47
-1
-15
4
5
-6
7
-15
-39
15
27
53
16
49
34
-3
51
101
82
65
49
-3
32
2
-6
-17
37
80
12
-40
-15
-20
-18
7
88
121
30
93
46
61
35
55
88
46
141
105
52
62
-12
-19
-53
17
23
-53
-19
-27
-72
-113
-116
-84
-102
-83
-86
-59
-58
-126
-97
-69
-98
-68
44
5
-14
-38
10
-12
-40
31
11
53
7
19
51
48
34
-8
63
70
19
97
64
28
-9
-43
-39
-29
6
25
-12
20
-8
-113
-55
-74
-40
-68
42
31
-9
-15
-24
-36
-81
23
0
10
-2
5
-5
-31
46
-39
-34
31
-8
-12
71
40
-89
-83
18
13
33
133
126
22
74
44
-51
47
53
48
3
87
58
-19
-19
29
-63
-47
18
1
-63
-84
-15
-121
-84
-84
-96
-130
-54
-42
-121
-92
-62
-149
-138
-42
-8
-61
-46
14
-60
-89
33
29
-47
-4
47
-15
-30
8
17
-16
-76
33
-23
-77
-21
29
-6
-73
22
-8
-28
20
15
61
24
45
-6
-15
-57
-20
-10
34
63
15
1
-1
20
-14
21
35
66
23
57
29
-32
-23
1
25
50
10
49
18
-43
0
28
35
-16
31
61
38
23
65
97
43
33
128
115
57
70
100
58
7
66
70
46
-24
49
18
-42
-44
-14
-61
-46
15
-21
-46
-32
-52
-108
-96
-35
-8
-52
-29
-26
-66
-103
-27
-7
-127
-80
4
-92
-90
30
-61
-152
-40
4
-24
-8
83
-23
-45
-23
26
21
9
85
-27
-58
45
46
20
1
10
51
1
21
70
9
-50
70
57
-12
76
65
26
-49
5
69
-38
54
68
-15
-27
18
-9
-50
-38
-8
-104
-47
-18
-80
-60
-27
10
-29
-65
-36
-5
-12
28
112
68
36
63
64
54
77
110
122
175
141
88
93
80
79
68
162
125
60
76
0
18
-54
-4
-13
-51
-1
-20
-25
-112
-88
-117
-94
-35
-32
-7
-23
7
-2
-11
-9
16
14
24
87
50
35
40
15
16
35
19
20
61
13
-13
-58
-51
13
-65
-1
9
4
-58
-31
-60
-67
-69
5
35
40
81
116
66
5
86
98
160
113
131
79
82
112
37
55
80
-3
-29
18
6
-19
-16
-41
-72
-59
-6
-50
-117
-32
-47
-22
2
17
16
-6
27
11
100
76
63
54
88
54
14
72
66
55
13
50
-18
-39
-41
-10
-49
-34
-17
-71
-103
-78
-52
-70
-56
4
-44
-58
30
-6
-15
1
55
20
40
77
11
60
37
43
-4
27
17
28
63
26
22
21
47
-7
35
46
43
14
23
14
13
47
-22
-21
-38
24
-36
21
34
-29
14
7
61
32
-8
35
37
-4
26
36
49
6
-13
-4
-25
-67
-51
-42
-103
-27
-22
-99
-60
-55
-107
-83
-37
-44
-91
-13
13
-30
-13
43
3
-69
55
87
53
84
106
78
15
70
122
65
59
146
76
62
87
84
-13
0
36
6
34
7
-25
-42
-65
-93
-66
-64
-59
-28
-39
-140
-72
-69
-120
-55
-53
-4
-85
-38
-83
-58
-30
-53
35
3
35
30
43
32
-40
-51
8
24
0
65
48
9
41
6
-8
24
22
30
60
25
43
40
1
26
50
64
61
92
126
55
42
55
86
56
113
102
73
76
30
21
-31
-21
-3
5
-30
-38
-26
-31
-91
-49
-47
-31
-34
-35
3
-26
47
-1
-30
65
75
104
123
108
90
77
73
120
110
87
144
141
78
42
61
15
-55
6
9
-61
-47
-40
-76
-128
-56
-71
-105
-84
-18
-65
-80
-12
-29
-27
-18
2
-17
-41
29
23
9
51
10
8
42
49
18
-5
-8
7
-18
42
24
-1
20
-24
-36
-24
-34
-29
-5
-21
-32
15
16
-18
27
34
-1
9
52
57
49
42
7
40
-27
-17
42
29
22
10
1
-42
-5
-25
-72
-42
-63
-56
-100
-82
-64
-85
-67
-73
-62
-92
-46
-26
-3
26
32
46
48
79
77
56
58
62
114
72
94
104
47
77
32
7
16
31
33
-12
19
-8
-44
-36
-106
-73
-96
-86
-59
-76
-68
-76
-91
-98
-79
-65
-119
-25
-22
-53
-47
-40
-55
-71
22
-13
-26
18
-14
-28
-8
-30
-46
-67
-62
-65
-64
-64
-63
-81
-102
-58
-41
-36
-50
-47
-27
-32
-62
15
29
8
35
45
1
-8
24
38
11
42
61
-3
22
17
-10
-24
-4
2
-18
-12
-34
-74
-50
-67
-69
-77
-65
-65
-53
-8
-51
-81
-39
-27
-3
-5
-7
3
15
30
19
57
36
31
36
7
3
19
16
16
-3
12
-19
-71
-43
-34
-72
-67
-82
-81
-93
-99
-35
-80
-79
-56
-107
-73
-51
-36
-24
-51
-18
-39
-55
-36
-36
-28
-21
-16
-2
-23
11
-15
-42
-13
-39
-35
-3
-34
-14
-1
-52
-32
-4
13
-36
-53
-39
-23
-58
-23
2
36
43
-2
43
15
-25
32
21
3
14
11
27
7
5
-12
-43
-15
-3
-40
-24
-60
-75
-37
-24
-43
-46
-45
-51
-55
-27
-48
-56
-28
-72
-57
-56
-67
-74
-49
-34
-11
-22
-28
-26
-51
-27
-38
-44
-68
-44
-37
-59
-42
-36
-67
-54
-75
-89
-61
-53
-106
-74
-47
-77
-95
-55
-68
-100
-60
-41
-72
-69
-30
-50
-43
-43
1
-10
16
30
1
-51
-49
-31
-52
-25
-25
-56
-65
-63
-82
-82
-50
-108
-82
-68
-96
-66
-30
-57
-65
-9
-21
-21
32
3
1
2
32
20
38
84
40
30
30
10
0
42
44
-3
7
14
-29
-18
-24
-35
-32
-44
-42
-47
-54
-54
-90
-77
-78
-65
-15
-33
-36
-15
-14
-12
18
-1
8
34
19
23
21
29
-12
-17
-10
-15
-45
-49
-19
-55
-42
-34
-58
-51
-66
-58
-70
-77
-64
-54
-45
-64
-52
-27
-21
1
2
-8
-27
-28
-42
-41
-9
-14
-33
-26
-29
-56
-62
-50
-44
-67
-80
-69
-68
-74
-63
-81
-78
-64
-69
-73
-44
-39
-31
-60
-21
-20
-21
4
-2
-9
-9
27
12
14
12
36
37
36
34
39
42
47
42
22
40
58
48
-1
13
32
0
-10
17
-13
-43
-23
-30
-29
-16
-4
-42
-38
-21
-48
-56
-58
-45
-43
-31
-20
-27
-42
-40
-26
-18
-27
-12
-4
-16
-6
-25
-37
-39
-41
-60
-64
-32
-45
-66
-56
-72
-90
-79
-47
-59
-53
-21
-24
-10
-30
-23
-20
-16
-3
17
-5
12
19
-10
-5
-4
1
2
30
43
34
29
55
21
3
24
23
39
28
8
-5
-16
-10
0
-18
-16
2
6
-4
-10
10
20
-9
-1
5
-9
6
6
8
0
-15
5
12
-3
1
5
5
4
-8
-40
-25
-17
-45
-24
-18
-38
-41
-47
-43
-58
-54
-43
-44
-40
-39
-35
-27
-19
-52
-41
-49
-63
-74
-66
-58
-66
-54
-46
-44
-59
-52
-46
-71
-53
-44
-33
-20
-42
-39
-50
-46
-38
-23
-20
-14
-12
-17
-27
-13
5
13
-2
5
13
1
24
38
23
20
36
25
34
31
46
33
24
21
4
12
-11
16
6
14
11
5
-9
11
29
16
23
26
18
1
25
18
-1
7
12
30
17
-6
12
-1
-1
1
2
-5
-23
-20
-12
-10
-18
-9
-25
-16
-25
-50
-51
-59
-53
-53
-47
-39
-27
-28
-17
-19
-10
-4
-5
4
1
13
7
-3
10
18
4
-13
-21
-17
-14
-15
2
-10
-11
-12
-22
-23
-21
-2
-15
-8
6
22
26
10
7
-2
-5
4
12
11
23
36
30
38
8
9
30
11
12
17
17
25
45
38
55
44
43
39
36
14
39
39
31
37
51
45
37
30
16
8
1
20
22
28
17
31
22
20
14
7
10
22
21
10
18
25
9
1
-10
-13
-25
-6
-16
-37
-17
-44
-49
-39
-43
-52
-55
-29
-36
-51
-47
-37
-63
-45
-17
-33
-29
-23
-19
-18
1
-20
-14
-26
-10
-13
-16
-6
-7
2
-9
-1
3
19
-1
0
-8
-1
10
10
26
19
32
36
25
38
57
62
52
62
87
68
47
71
58
59
78
69
59
50
64
70
52
57
78
75
62
48
51
38
43
65
50
39
44
41
41
32
35
30
17
8
11
7
25
36
26
20
25
13
4
12
-6
2
1
9
19
-1
3
17
11
-1
7
3
-4
13
-3
0
11
0
17
30
24
24
10
16
10
-6
6
5
8
3
-2
-4
-18
3
3
-1
3
8
12
10
16
13
10
25
42
45
31
43
51
51
59
67
68
69
63
71
67
60
75
78
70
78
78
66
65
50
53
70
69
66
70
66
64
48
61
52
41
34
50
64
46
66
51
37
51
26
30
30
25
34
24
36
30
25
24
33
37
36
33
29
31
27
27
25
24
38
29
37
54
47
50
48
47
48
52
34
38
28
39
38
30
43
42
33
35
37
34
34
30
37
40
51
38
61
54
55
62
50
68
46
45
42
46
50
51
50
44
52
63
70
77
68
76
90
84
77
79
93
75
90
108
117
113
108
100
108
115
105
99
92
105
98
85
82
86
77
105
85
87
80
63
70
69
78
53
75
60
53
61
46
56
38
24
46
25
23
32
28
27
26
19
15
33
24
29
19
9
31
33
27
27
26
21
36
32
25
26
28
37
36
40
35
53
45
23
24
33
39
44
47
25
35
45
55
39
48
52
43
60
52
41
62
58
55
71
74
78
66
65
65
67
77
77
80
83
86
96
84
94
89
104
95
94
89
98
101
95
92
73
88
78
97
85
83
74
79
82
73
81
74
62
59
63
62
75
84
94
68
71
65
73
64
65
67
62
70
64
56
49
38
43
29
18
32
49
37
28
29
37
36
18
15
24
42
29
41
34
47
40
40
49
55
52
41
54
58
66
73
59
63
64
61
66
73
64
60
66
74
74
70
74
68
78
65
60
69
65
60
74
92
90
74
90
80
86
86
94
91
94
97
79
75
80
95
97
93
87
92
94
80
82
80
78
86
69
63
53
39
50
55
52
53
59
43
60
57
68
58
67
65
60
65
46
62
62
57
54
37
49
43
14
21
30
11
26
18
4
16
6
5
5
4
13
10
13
28
17
12
28
29
32
28
46
57
50
50
62
58
58
67
63
75
60
75
73
72
69
57
79
72
82
81
82
79
64
71
69
83
84
74
81
81
80
78
86
90
77
79
96
105
91
91
83
92
84
99
88
81
92
74
101
72
70
72
51
66
65
71
55
52
57
47
49
46
40
42
48
45
53
55
49
34
45
57
52
45
56
59
49
54
42
48
46
40
30
41
42
39
21
11
25
22
14
23
16
-1
6
14
13
6
20
20
28
25
48
45
38
52
62
55
53
60
62
62
61
76
85
74
73
61
68
71
67
69
64
83
75
76
63
63
63
58
73
69
66
66
68
72
66
61
68
97
90
87
77
69
85
79
84
77
78
80
73
68
66
60
67
43
49
45
34
45
33
36
45
39
38
39
43
39
28
34
28
29
33
38
27
33
40
31
51
26
29
47
42
50
48
36
37
35
38
53
27
28
41
40
43
32
29
46
53
41
41
55
54
57
59
62
66
78
77
61
80
83
87
92
104
111
108
109
116
110
93
97
96
98
107
102
91
97
96
83
93
91
90
93
88
90
100
91
90
109
111
109
114
106
118
98
104
89
89
101
81
90
79
71
58
60
72
65
55
59
44
55
51
48
54
46
57
43
50
54
46
54
46
51
45
46
35
37
39
20
32
33
33
31
20
21
23
19
6
7
19
8
5
7
3
-5
8
23
19
15
24
39
32
25
48
49
55
56
66
57
79
65
75
79
86
89
95
89
84
97
92
112
98
102
104
100
103
81
83
84
61
70
63
57
71
64
64
62
65
57
42
71
78
76
81
56
61
65
56
65
68
57
60
46
40
50
48
31
38
43
45
35
35
44
21
32
16
17
23
25
25
0
12
4
-1
-2
-8
-16
-6
-1
-10
-9
-5
5
3
14
8
6
9
11
10
-1
-2
4
16
7
20
13
3
14
11
12
12
16
16
8
6
10
15
24
14
29
42
34
42
54
61
71
72
90
76
92
93
80
94
80
91
77
77
91
77
94
93
73
59
64
68
51
69
68
63
65
60
43
51
42
31
33
37
38
43
36
36
48
51
45
51
42
38
25
39
52
22
27
28
29
26
6
0
-2
6
16
13
25
-4
3
-5
22
23
19
20
6
37
8
31
32
30
36
34
42
42
48
63
47
47
55
42
49
43
54
43
55
61
54
41
21
31
37
42
50
46
49
53
54
72
66
58
62
71
70
88
75
86
92
87
99
81
98
105
95
88
79
87
72
58
81
85
84
65
67
67
58
64
58
56
50
44
51
43
48
56
48
47
37
46
36
26
44
40
24
41
30
43
34
26
16
17
25
5
13
0
5
-14
-4
9
-13
-8
-6
-8
-7
-4
11
6
10
26
11
11
29
38
30
22
27
24
31
45
43
54
32
35
31
41
52
40
50
39
51
44
57
41
51
75
60
49
47
42
54
58
59
71
80
90
79
81
79
76
73
86
90
96
84
86
78
102
84
91
87
77
88
73
83
68
83
70
60
77
65
57
57
78
57
53
54
53
48
57
58
54
50
55
52
44
44
40
28
44
48
46
47
30
27
21
29
25
23
8
0
4
8
20
13
-14
10
-13
-1
9
10
7
2
19
25
36
35
44
46
34
49
49
48
53
45
48
53
57
61
57
54
51
44
41
62
64
39
38
44
55
45
53
48
52
51
45
67
57
64
62
44
63
78
79
77
67
66
74
70
64
74
70
59
67
60
51
56
55
61
59
42
40
45
40
29
42
43
46
52
40
34
39
36
42
36
43
41
42
44
44
43
36
39
42
31
27
38
30
31
23
11
25
19
25
23
9
23
13
15
17
20
34
26
39
36
40
34
49
59
43
42
52
60
44
48
46
46
65
53
65
58
48
47
38
53
49
44
53
58
54
60
58
56
44
61
42
42
46
48
55
54
66
68
54
58
63
69
77
69
67
65
77
63
45
46
39
36
30
29
38
44
32
24
19
37
26
28
33
27
21
33
30
40
44
27
38
25
32
27
27
31
26
27
35
29
34
31
33
15
8
23
23
11
20
37
24
28
33
29
19
27
33
29
36
37
39
38
44
56
41
71
57
69
67
51
70
66
70
67
72
81
78
82
79
76
81
78
75
75
75
79
70
76
83
75
73
69
77
65
71
70
62
75
60
71
71
71
81
86
83
77
98
75
76
62
45
55
54
39
48
51
54
66
61
50
32
44
32
44
43
34
43
48
41
33
52
36
49
58
54
55
51
46
47
55
50
33
45
49
43
41
38
49
52
49
51
57
40
45
51
68
72
67
65
48
57
64
50
61
63
53
62
68
65
64
58
71
75
72
84
69
77
67
66
70
50
75
64
57
60
57
69
58
47
62
54
49
63
65
66
43
52
38
38
49
49
54
47
44
44
39
54
54
50
41
44
40
38
45
48
57
58
52
29
28
45
38
35
36
26
30
38
32
31
36
19
15
18
13
9
7
4
12
13
18
9
22
30
16
25
32
18
30
30
29
33
37
18
29
37
29
34
34
35
29
44
49
40
34
43
45
41
44
29
35
36
40
49
63
61
48
47
61
67
73
74
79
63
76
78
62
73
79
68
73
69
56
54
43
55
64
41
44
37
35
39
57
57
39
47
37
56
56
63
53
36
51
58
52
52
58
61
62
62
60
71
57
61
59
55
57
57
54
31
44
45
41
42
14
24
34
15
43
24
14
33
37
36
48
34
38
29
41
47
37
44
53
54
39
41
41
51
40
38
46
42
46
46
42
55
67
55
47
55
63
60
50
58
60
58
57
72
79
67
59
67
87
74
86
73
79
85
84
74
64
76
69
84
79
66
66
72
67
85
67
58
72
54
74
65
71
64
77
71
62
66
60
57
50
63
58
48
54
72
67
55
67
57
53
55
54
60
41
42
54
45
55
51
48
58
56
65
56
53
54
53
41
43
47
53
48
59
64
57
61
68
76
56
74
73
53
72
74
81
60
69
71
79
71
80
84
60
82
55
64
57
53
67
71
67
66
64
71
83
62
75
69
72
69
79
81
73
79
71
67
73
66
76
62
72
73
59
52
53
71
67
68
67
67
48
58
67
74
71
63
80
72
69
83
82
73
65
62
72
70
76
66
52
62
53
63
69
60
56
63
56
58
42
50
48
43
33
27
38
48
59
46
33
38
58
43
47
53
46
53
49
61
74
69
74
61
70
60
51
64
73
72
60
67
50
63
56
62
63
59
58
53
68
64
61
68
73
66
72
62
72
82
65
70
78
65
60
64
56
70
74
66
72
57
53
66
67
60
53
38
48
45
63
62
56
50
49
63
39
49
61
72
68
68
63
68
63
65
59
51
56
32
61
58
41
60
52
46
54
41
48
51
38
41
46
42
32
28
30
32
27
37
47
26
46
50
50
50
52
43
29
42
37
55
58
50
56
48
46
37
34
30
34
37
40
43
48
40
41
51
46
44
50
65
66
54
59
58
47
52
55
44
57
49
63
79
60
63
47
45
51
43
50
53
38
35
51
49
44
43
46
49
52
55
49
49
63
53
56
58
72
66
63
62
56
65
56
75
72
70
64
56
56
66
63
71
65
77
59
53
54
66
64
57
54
42
61
55
42
45
32
38
46
50
62
52
48
44
62
43
62
58
47
69
54
58
62
58
54
40
42
60
57
51
52
52
46
50
49
29
35
59
42
43
31
44
41
32
58
34
36
43
32
36
26
44
41
41
51
42
24
40
45
37
25
30
31
21
28
9
18
29
24
1
10
8
13
-1
4
14
-3
22
10
12
11
18
18
25
30
19
11
15
24
19
26
29
25
20
15
29
31
21
20
9
24
-7
16
20
9
6
6
6
8
8
0
-4
-5
-5
7
7
-3
6
6
24
17
6
5
6
16
12
7
27
28
15
16
13
11
7
17
14
0
15
5
-4
-17
7
0
-6
13
9
26
12
33
37
28
43
29
36
47
48
37
51
46
56
58
62
58
42
50
45
47
40
52
51
55
47
56
41
34
31
39
43
45
48
43
60
44
43
41
37
36
54
54
59
60
52
51
38
44
48
61
55
61
54
25
38
35
25
29
9
29
20
17
20
24
25
26
36
21
11
7
18
20
29
17
16
28
26
25
35
23
42
35
21
13
24
23
22
28
12
24
18
22
14
25
11
18
28
19
34
15
25
21
35
24
15
27
36
22
38
39
44
45
36
48
54
57
53
45
35
38
33
39
40
30
38
26
11
8
7
18
17
26
15
21
23
16
16
22
33
29
35
22
37
32
25
33
34
48
38
36
36
31
49
43
42
40
28
24
22
34
33
11
11
15
5
12
19
19
21
22
1
6
-1
11
22
-4
16
33
5
9
7
-6
-8
2
3
4
12
18
1
2
16
1
9
6
-2
-5
6
-7
-11
-8
-10
2
-10
-7
-18
-20
-17
-3
0
-11
-4
-8
-11
-2
-9
-6
-7
-12
-20
-7
0
3
1
1
2
-4
13
-5
-6
2
4
-2
4
-4
-6
-10
-25
-24
-12
-19
-12
-1
-1
-6
-1
11
0
12
12
19
21
4
23
16
16
23
17
11
1
17
9
9
-6
2
-21
-11
-4
-9
-5
-5
1
-10
-11
-19
-21
-17
-14
-11
-22
-15
-22
-19
-16
-15
0
-15
-6
-18
-13
-19
-27
-22
-22
-36
-25
-13
-24
-37
-28
-18
-30
-24
-14
-18
-13
-8
-26
-13
-15
-7
-5
-10
-7
2
10
2
1
-6
17
4
3
16
6
9
-2
0
0
-6
-5
-14
-10
-13
-15
-22
-22
-25
-25
-29
-16
-21
-34
-13
-28
-23
-35
-27
-18
-28
-45
-31
-15
-17
-13
-27
-23
-16
-13
-12
-19
-9
-20
-27
-11
-25
-13
-17
-18
-26
-30
-26
-36
-33
-44
-45
-44
-22
-46
-37
-52
-49
-40
-52
-37
-40
-32
-27
-21
-45
-31
-20
-21
-29
-30
-17
-31
-30
-10
-18
-16
-24
-44
-26
-36
-42
-24
-14
-15
-32
-24
-25
-8
0
-2
19
-1
-13
4
0
-8
-6
7
-5
-3
4
-10
10
-4
11
2
8
-1
-6
4
9
1
2
-7
-17
8
-6
-5
-9
-12
-13
-6
-1
-16
1
-2
-10
6
-1
-10
-17
-2
6
-3
-11
5
24
6
12
20
-1
4
-15
-4
-15
-27
-15
-14
-8
-19
-24
-25
-29
-23
-18
-22
-29
-31
-21
-21
-20
-29
-35
-9
-20
-17
-1
-22
-8
-14
-10
0
-7
-13
-7
-4
-31
-9
-24
-18
-19
-18
-10
-14
-8
-18
-12
-9
-7
-11
0
-9
-9
-15
-3
-2
6
-4
-4
5
-12
7
-4
8
10
7
15
-10
-15
-13
-21
-17
-5
-2
-11
0
-1
-17
-24
-31
-21
-37
-33
-20
-38
-46
-41
-32
-45
-49
-50
-27
-41
-33
-33
-42
-37
-44
-36
-29
-28
-27
-36
-23
-13
-35
-30
-34
-39
-44
-24
-44
-54
-39
-31
-45
-64
-59
-57
-53
-51
-48
-42
-59
-46
-54
-43
-60
-57
-40
-59
-47
-45
-43
-44
-46
-50
-39
-43
-64
-45
-42
-34
-45
-47
-44
-57
-42
-39
-31
-37
-44
-51
-48
-59
-54
-33
-36
-37
-34
-45
-42
-34
-37
-26
-34
-18
-22
-26
-14
-15
-19
-26
-20
-28
-23
-38
-33
-33
-42
-32
-49
-48
-62
-40
-48
-44
-49
-44
-43
-51
-24
-31
-17
-14
-18
-20
-19
-10
-18
-41
-37
-31
-36
-29
-23
-29
-28
-26
-22
-37
-36
-28
-34
-40
-44
-39
-49
-41
-34
-42
-40
-30
-26
-28
-28
-25
-25
-30
-28
-24
-24
-18
-16
-18
-20
-9
-3
-5
-7
-21
-15
-14
4
3
-11
-20
-18
-19
-19
-6
-25
-21
-19
-21
-11
2
-9
2
6
-15
-4
1
-3
4
-3
1
0
-15
-9
10
-7
-6
-6
0
-7
-28
-13
-8
-9
2
-17
-19
-10
-20
-17
-37
-23
-9
-25
-14
-14
-21
-21
-16
-18
-26
-29
-21
-24
-35
-36
-41
-43
-25
-24
-35
-32
-33
-34
-31
-29
-28
-33
-21
-27
-46
-36
-38
-33
-20
-11
-13
-17
-22
-28
-20
-22
-13
0
-4
-5
-14
-16
-16
-21
-25
-20
-18
-14
-12
-7
-23
-8
-12
-15
3
1
-2
8
7
-14
-7
-11
-34
-24
-9
-9
-11
-19
-19
-29
-11
-6
-9
-16
-8
-3
0
-8
-16
6
-12
-17
5
-13
-33
-19
-30
-33
-22
-10
-14
-23
-14
-31
-15
-8
-28
-35
-17
-24
-34
-32
-32
-42
-42
-33
-42
-40
-34
-34
-29
-39
-27
-19
-25
-30
-43
-28
-36
-27
-27
-9
-26
-24
-23
-15
-21
-29
-28
-28
-13
-26
-24
-15
-36
-18
-17
-22
-30
-21
-6
-19
-8
-24
-19
-19
-23
-26
-18
-19
-14
-28
-42
-36
-30
-26
-21
-29
-43
-33
-34
-25
-26
-40
-28
-10
-27
-21
-16
-22
-12
-26
-29
-26
-12
-20
-30
-5
-16
-6
-17
-9
1
-6
-2
-17
-10
0
-16
-23
-13
-27
-20
-20
-12
-18
-27
-9
-16
-17
-28
-19
-36
-32
-39
-26
-20
-29
-20
-41
-39
-43
-32
-26
-32
-37
-30
-39
-44
-33
-31
-40
-14
-4
-24
-5
-21
-24
-20
-38
-26
-33
-21
-1
-9
-13
-16
-8
1
-11
-2
18
6
3
-3
6
12
28
23
18
18
10
4
6
24
7
0
22
31
20
30
29
21
13
23
24
33
14
19
16
32
19
7
33
17
35
32
29
27
20
19
14
10
30
19
10
16
13
0
16
25
21
15
8
4
-2
-5
-21
-26
-2
-6
-22
14
6
8
0
-8
-4
-6
3
15
10
15
14
4
15
2
18
24
7
26
26
1
14
16
16
14
24
22
19
13
29
25
11
22
5
16
22
9
16
7
3
9
7
20
11
8
13
12
20
4
3
-1
1
15
1
-10
2
-1
16
0
-15
-8
-4
6
-4
-2
-8
-20
-14
-6
-19
-13
-10
-12
-1
-2
-1
-1
-2
4
5
-4
11
9
12
29
2
4
6
10
8
32
19
7
1
7
3
-9
0
-5
5
-15
-4
2
-6
-2
-5
0
-3
-4
-13
4
-4
-22
2
-11
-15
-10
2
-6
-20
-7
4
4
-6
4
0
9
-5
6
8
1
4
2
0
-13
-10
-17
-9
-14
-21
-13
5
-7
-6
0
-19
-6
-4
-11
-14
-3
5
2
6
0
6
9
-9
2
14
4
16
22
13
5
-3
12
5
-17
-1
11
5
5
20
8
13
33
16
21
4
4
11
20
10
-5
10
2
12
4
-5
-1
12
16
-11
8
13
-1
-16
5
21
2
17
17
4
2
7
10
2
1
11
23
17
43
34
16
26
16
24
30
39
23
24
14
32
39
10
45
34
37
28
26
47
39
24
47
42
26
37
28
36
42
28
23
30
38
39
44
39
50
52
42
41
42
39
51
40
45
53
63
54
43
41
39
42
29
30
18
14
31
12
18
19
8
12
24
10
-3
11
1
-4
14
21
17
11
11
22
3
9
-9
0
4
-10
8
-8
13
15
-11
4
-4
-1
4
2
-4
-10
10
-11
-25
-12
-9
2
7
6
0
-14
0
-2
-5
0
-4
-16
-9
3
-8
-5
-10
-18
-24
-20
-30
-16
-18
-12
-5
3
-15
5
-1
7
4
0
11
-2
4
-7
9
-2
12
5
-4
11
3
-2
-3
-14
13
17
22
13
7
15
6
19
-4
6
11
-9
4
-2
11
-3
-7
-11
-9
-8
-10
-9
-17
-10
-33
-11
-10
-21
-10
-15
-3
-20
-21
-7
-13
-10
-10
5
-17
-3
-11
-17
0
-7
-5
-20
-12
-26
-25
-13
-14
-19
-2
1
-1
8
-29
-11
6
1
-11
-13
-20
-12
-16
-14
-24
-15
-6
-11
6
-9
-3
-19
-19
-18
-25
-21
2
-11
-12
-29
-30
-30
-31
-28
-15
-27
-17
-15
-23
-25
-23
-9
-13
-9
-26
-16
-27
-2
-5
-10
-18
-15
-2
-13
-23
-28
-23
-15
-11
-23
-17
-5
-19
-15
-20
-28
-9
-17
-42
-29
-15
-20
-13
-18
-16
-10
-20
-27
-28
-16
-44
-42
-27
-33
-25
-21
-24
-33
-23
-15
-10
-27
-29
-22
-26
-24
-6
-26
-13
-10
-19
-6
-5
-32
-32
-1
-22
-10
-16
-16
-4
-12
1
-11
-17
-21
-39
-19
-25
-10
-15
-14
-4
-10
-14
-7
-7
-2
21
0
-7
8
2
1
2
-15
-11
-6
2
1
-23
-21
-12
-12
-21
-8
-14
-30
-16
-27
-23
-26
-22
-22
-39
-17
-22
-23
-16
-19
-18
-20
-23
-35
-42
-20
-31
-32
-33
-39
-40
-46
-46
-35
-38
-54
-45
-32
-54
-45
-35
-42
-48
-41
-42
-43
-44
-28
-41
-48
-39
-35
-29
-35
-38
-42
-26
-33
-23
-23
-26
-32
-19
-11
-26
-21
-30
-34
-42
-35
-22
-32
-34
-42
-39
-24
-40
-39
-42
-50
-35
-22
-41
-48
-39
-34
-27
-14
-33
-35
-32
-23
-29
-51
-32
-36
-44
-47
-36
-38
-39
-46
-33
-36
-42
-55
-32
-44
-48
-32
-39
-38
-34
-17
-23
-34
-44
-35
-35
-30
-34
-40
-31
-31
-37
-31
-42
-45
-45
-48
-40
-48
-47
-40
-57
-42
-38
-42
-38
-43
-60
-48
-45
-50
-52
-57
-46
-43
-48
-41
-39
-41
-19
-26
-35
-25
-20
-20
-33
-30
-19
-29
-31
-16
-23
-39
-41
-25
-43
-52
-27
-37
-36
-37
-36
-30
-37
-39
-49
-53
-41
-38
-51
-26
-21
-22
-16
-31
-23
-21
-21
-20
-27
-36
-33
-36
-30
-38
-37
-41
-56
-44
-46
-54
-63
-64
-48
-46
-53
-47
-24
-58
-46
-35
-58
-48
-36
-30
-36
-36
-44
-32
-30
-45
-42
-36
-44
-54
-43
-40
-43
-44
-39
-56
-46
-49
-45
-40
-39
-20
-27
-21
-17
-25
-42
-43
-38
-25
-13
-22
-21
-10
-26
-15
-15
-17
-14
-24
-14
-13
-25
-33
-19
-25
-35
-16
-8
-22
-23
-31
-21
-13
-27
-29
-23
-25
-31
-5
-15
-24
-25
-27
-17
-21
-29
-9
-12
-20
-34
-51
-29
-34
-35
-37
-29
-28
-31
-31
-38
-49
-41
-38
-44
-37
-49
-43
-31
-51
-50
-34
-35
-48
-37
-43
-45
-20
-34
-36
-27
-34
-44
-31
-11
-38
-26
-26
-11
-21
-28
-23
-38
-22
-15
-25
-38
-26
-46
-46
-62
-56
-40
-44
-43
-40
-38
-38
-41
-62
-43
-41
-37
-41
-36
-38
-44
-43
-23
-39
-41
-33
-43
-35
-32
-38
-26
-27
-34
-35
-40
-30
-46
-38
-32
-47
-36
-45
-44
-32
-24
-24
-29
-31
-29
-23
-29
-28
-22
-20
-15
-25
-31
-25
-25
-20
-9
-21
-13
-24
-32
-28
-25
-15
-29
-26
-32
-27
-17
-29
-36
-21
-29
-18
-33
-33
-20
-36
-30
-31
-33
-18
-15
-23
-19
-1
-20
-29
-38
-30
-27
-23
-23
-31
-25
-34
-40
-35
-38
-24
-29
-20
-26
-20
-16
-12
-20
-25
-20
-24
-34
-34
-23
-33
-30
-22
-31
-28
-37
-25
-26
-28
-26
-40
-49
-40
-32
-39
-31
-31
-41
-28
-24
-32
-35
-24
-32
-38
-35
-28
-33
-40
-27
-32
-30
-27
-38
-39
-52
-41
-32
-36
-42
-43
-43
-30
-51
-48
-39
-47
-34
-49
-32
-25
-39
-39
-39
-33
-28
-45
-37
-28
-34
-44
-33
-26
-28
-37
-48
-29
-34
-45
-37
-38
-40
-28
-43
-47
-46
-36
-43
-36
-42
-32
-19
-7
-14
-27
-19
-23
-13
-4
-18
-8
0
-13
-5
-5
-11
-15
-19
-15
-8
-18
-17
-11
-6
-1
-18
-34
-25
-26
-17
0
-18
-20
-19
-6
-18
-3
-13
-16
-17
-33
-16
-24
-34
-21
-20
-22
-4
-14
-20
-17
-16
-31
-21
-21
-8
-17
-13
-11
-13
-3
-14
-18
-14
-15
-27
-15
-28
-23
-12
-19
-44
-37
-32
-46
-33
-36
-22
-21
-36
-30
-25
-28
-28
-24
-10
-37
-17
-17
-26
-9
-2
-23
-14
-15
-32
-20
-44
-38
-32
-39
-35
-30
-27
-22
-15
-13
0
-8
-8
-21
-31
-26
-11
-26
-12
-6
-17
-2
-13
-18
-9
-4
-14
-8
-4
2
10
7
-8
3
3
10
16
-6
-4
1
14
-6
16
12
-3
-4
-11
-2
-7
-5
12
-10
-10
-5
-5
3
-26
-19
-1
-13
-27
-7
-16
-9
5
-6
-13
-3
-15
-22
7
-12
-5
-20
-7
-8
-24
-16
-20
-27
-21
-20
-14
-12
-10
-18
-28
-26
-31
-10
-8
-16
-37
-26
-8
-28
-27
-22
-18
-4
-25
-26
-28
-14
-1
-23
-29
-16
-17
-14
-16
-26
-18
-6
-12
-26
-22
-11
-3
-12
-4
-13
-24
-8
-12
-14
-14
-11
8
-7
-9
-2
-5
-17
-9
-6
-19
-36
-32
-16
-27
-10
-15
-25
-24
-25
4
-12
-12
-6
-14
-8
1
9
-3
-19
-6
-2
-27
-30
-19
-37
-45
-36
-36
-17
-32
-33
-31
-17
-14
-18
-8
-14
-10
-16
-33
-29
-32
-27
-14
-22
-21
-21
-33
-21
-6
-19
-10
-14
-5
-6
-9
-10
-15
-17
-3
2
3
8
-5
0
-3
12
3
-2
0
0
17
1
10
6
6
12
-2
0
15
14
14
14
11
-2
-1
4
-7
-6
-2
10
3
-13
-4
3
4
-4
-18
-9
-13
5
-1
8
3
-6
-3
-12
-9
-2
3
-8
-16
-18
-10
-22
-17
-11
-14
1
8
-10
-18
-11
-2
0
-14
-9
-12
-6
-8
-7
2
2
-5
-9
11
-1
4
-8
-10
-6
-12
-8
-10
1
-16
-20
-24
-26
-15
-19
-21
-25
-14
-8
-15
-15
-7
-20
-14
-13
-22
-36
-31
-22
-34
-25
-28
-12
-10
-14
-15
-33
-17
-11
2
4
15
1
-6
-10
0
15
-6
-4
-11
-14
1
5
-1
-16
-10
-4
3
-1
-7
-2
-9
14
0
9
11
0
20
8
23
10
0
6
-16
1
5
-6
-3
-2
-9
-14
7
3
-18
-21
-9
-14
-25
-8
-10
-12
0
-8
-10
-20
-15
-7
-12
-10
-25
-27
-19
-1
-1
-15
-15
-14
-6
-8
-6
2
-9
-22
-28
-17
-13
-13
-17
-22
-19
-28
-14
-17
-15
-9
-16
-6
-4
-11
-21
-12
-14
-12
-20
-19
-23
-16
-13
-22
-7
-11
-14
-5
-19
0
-9
-21
-3
-6
-26
-6
-7
-6
-4
-22
-4
-4
12
16
6
-2
-14
-16
-15
-14
-10
-15
-2
-9
-9
-17
-21
-6
-19
-9
-4
0
4
-5
12
6
5
-1
5
9
8
4
-10
-5
-16
-5
-17
14
10
-8
-7
-6
4
-3
-10
-26
15
15
0
10
1
-1
3
5
1
8
17
-7
1
-6
-9
-4
-9
-3
-4
-4
-8
2
-2
-1
12
-5
-4
11
-9
1
-3
0
-2
-9
-3
-1
-6
-15
-17
-16
-12
-22
-17
-13
-10
-18
-33
-24
-23
-8
-21
-19
-20
-29
-8
-18
4
-17
-14
-13
-26
-12
-20
-4
-8
-9
-6
-9
-11
2
-15
-4
-20
-24
-13
-22
-20
-12
-11
-29
-18
-12
-9
-19
-21
-26
-16
-1
-17
-21
-3
-17
-34
-4
-25
-10
-15
-2
-2
-13
-4
-19
-6
-22
-16
-17
-20
-20
-27
-24
-13
-14
-31
-24
-14
-2
-10
-4
-1
-9
-14
-4
1
-1
2
-18
-7
-7
1
-16
-12
4
-5
8
11
0
8
33
15
6
26
28
25
12
26
30
31
34
18
31
31
30
33
37
36
36
42
27
48
37
30
42
42
47
24
47
43
33
46
28
33
49
44
41
36
27
37
34
34
40
24
35
35
45
30
37
37
56
37
46
51
30
43
35
62
43
36
30
35
26
40
32
30
24
9
20
15
30
20
37
28
33
54
43
46
50
51
45
35
35
52
52
59
41
49
30
38
35
29
30
29
29
15
32
16
22
26
24
21
18
15
25
29
53
29
25
27
22
48
29
33
41
51
39
42
47
47
44
42
33
35
30
21
33
23
21
17
23
32
11
23
26
28
23
38
17
22
32
20
19
36
21
9
17
4
8
21
11
5
21
15
34
39
31
33
31
21
29
20
14
18
19
22
21
15
-1
10
25
27
6
0
13
11
10
13
18
35
19
12
9
9
14
-10
19
10
11
13
10
6
-6
9
2
10
11
18
13
13
19
14
11
-7
1
-4
1
10
13
12
2
11
16
7
19
21
27
32
12
7
19
22
11
19
22
12
34
19
12
24
11
-2
18
15
15
19
19
13
8
20
12
23
14
22
17
12
20
12
13
12
14
12
13
14
23
20
16
23
15
3
12
18
6
10
6
21
17
27
21
19
22
18
15
20
-8
11
13
-1
-1
-5
-3
-6
6
-4
-3
