26
31
30
39
23
28
38
30
33
31
40
33
29
38
28
25
31
33
48
53
50
41
25
35
31
37
42
35
31
41
32
25
36
41
39
42
46
34
41
30
40
40
22
25
35
11
29
28
1
22
-2
-3
5
7
15
13
5
1
16
7
5
19
22
5
12
17
7
23
14
5
1
-3
-9
-14
-4
-24
-18
-18
-22
-5
-12
-17
1
-2
-11
-5
-10
-4
-3
-12
-4
-6
-2
-2
-5
-2
21
19
2
6
-5
0
-8
-1
13
5
17
12
-1
8
17
7
8
3
2
-2
28
25
6
15
8
13
18
12
1
2
9
4
4
16
3
13
8
8
25
21
24
15
-2
18
11
39
27
36
49
37
38
21
26
8
9
27
23
23
25
12
18
23
5
0
4
6
14
9
6
19
27
13
31
17
24
28
13
23
22
22
18
37
38
28
27
12
6
21
27
10
12
19
20
18
14
12
16
17
17
10
-2
-2
-4
9
8
5
8
7
-5
2
-3
-1
8
6
10
5
9
6
10
10
12
28
18
5
2
2
13
3
6
6
-4
-9
0
-6
6
17
18
12
22
22
0
30
21
19
13
5
1
3
12
18
5
6
9
1
9
13
16
22
20
24
16
-3
-1
-2
-3
1
15
2
-3
0
4
1
-16
0
3
10
6
-2
12
14
7
0
2
-5
5
-4
8
14
14
16
13
13
9
5
10
14
16
15
3
10
27
18
1
3
-4
7
11
7
4
-4
9
0
10
16
0
13
18
16
8
3
5
11
15
20
35
21
24
21
12
7
11
27
12
14
6
15
15
17
35
19
19
20
20
14
21
26
27
31
34
29
39
34
37
49
41
45
36
11
14
23
19
34
28
19
28
16
23
31
28
23
41
38
31
28
27
28
31
42
35
22
23
24
30
20
27
30
32
27
45
28
39
41
31
34
35
36
30
26
14
35
24
29
30
32
25
30
29
25
32
32
31
26
25
25
29
24
39
26
32
53
50
28
31
36
39
34
28
45
41
36
48
32
54
47
45
51
53
63
45
54
42
46
42
38
42
48
40
37
40
50
41
32
43
40
50
39
46
38
44
46
63
67
52
43
50
72
66
50
61
61
67
53
55
64
46
43
33
47
46
46
51
62
49
56
38
48
42
46
49
50
55
39
45
35
65
50
45
54
43
39
45
52
39
38
33
29
48
49
41
49
42
52
43
41
54
39
51
35
27
31
26
41
38
44
52
52
37
11
30
37
33
20
26
6
37
23
8
33
9
28
21
23
33
27
28
6
3
8
19
16
11
15
5
-5
15
28
10
18
38
40
30
23
37
40
40
35
36
33
35
24
34
38
34
45
35
16
32
45
18
14
18
16
19
16
26
29
3
11
24
2
29
22
14
23
9
10
6
10
7
4
12
23
6
13
39
39
22
23
19
16
16
16
21
19
13
20
27
6
4
5
5
22
-1
14
8
16
7
4
13
2
17
31
13
14
26
13
16
15
34
27
29
26
17
26
29
17
12
34
25
24
25
17
17
20
21
5
12
19
37
22
15
25
19
20
17
19
-8
-2
16
24
22
25
42
30
30
15
20
34
37
34
26
17
6
27
43
12
28
40
27
26
29
32
20
34
17
36
31
22
29
34
41
24
49
45
40
57
54
56
59
42
34
53
44
50
56
45
44
29
27
47
35
38
59
30
26
37
47
52
43
47
44
43
49
44
55
53
39
40
39
49
46
55
50
50
52
39
59
48
54
50
50
53
64
66
57
46
59
64
50
65
56
49
48
63
55
41
43
48
64
48
44
47
46
46
33
37
32
31
44
33
31
36
32
39
26
33
45
37
34
47
35
44
47
43
56
62
44
54
53
53
53
39
47
50
59
63
65
59
68
52
56
46
51
52
45
53
55
41
57
27
40
51
39
36
42
42
26
24
32
31
31
29
32
36
34
29
19
41
26
36
36
38
61
39
46
47
40
45
45
52
39
40
42
33
39
52
32
33
30
41
32
38
41
25
29
11
29
42
32
23
30
18
29
23
18
16
1
15
31
24
21
18
24
37
17
18
36
23
24
22
15
22
32
36
31
34
45
36
28
20
16
27
32
22
18
22
17
18
26
13
23
23
18
12
17
21
11
21
22
10
14
13
20
18
18
18
3
14
1
14
8
8
7
-8
12
-4
4
-3
1
14
15
-2
10
12
10
14
6
15
12
28
26
36
24
17
35
25
16
21
25
20
20
25
29
18
23
26
28
41
31
48
46
37
33
25
44
28
37
38
25
52
55
44
43
58
43
29
46
44
44
55
55
39
50
42
34
45
33
24
33
32
40
35
32
25
27
33
16
28
24
25
21
24
34
40
34
33
37
34
31
37
23
38
32
23
27
31
30
28
24
36
26
36
33
41
39
32
31
28
52
34
40
44
27
41
37
37
50
42
39
35
42
33
37
46
35
28
35
52
43
42
36
31
24
33
15
35
55
38
37
25
30
19
41
42
30
35
26
33
32
34
38
45
38
51
41
44
61
45
35
35
48
39
29
47
53
32
50
50
47
46
48
48
44
45
29
39
42
34
39
49
40
37
38
53
38
33
43
24
31
34
20
28
27
30
26
26
28
20
31
48
26
26
29
33
38
32
40
38
43
34
30
42
35
46
42
31
15
15
14
13
29
30
17
27
23
11
34
29
37
46
38
36
29
21
26
35
34
45
53
34
44
37
41
41
34
32
21
38
34
33
26
27
36
34
33
25
31
28
23
27
40
24
29
43
41
30
38
42
46
39
40
44
34
34
33
36
30
33
31
36
33
34
35
32
45
34
34
23
35
46
44
51
38
42
37
37
42
35
21
18
30
34
27
33
41
37
41
54
39
34
37
32
32
15
49
36
20
39
40
28
28
42
23
44
44
46
47
29
28
39
39
40
31
34
38
37
33
31
50
62
39
23
29
40
47
25
33
47
44
39
47
49
35
54
53
34
43
40
31
33
36
36
34
45
40
24
38
23
30
42
42
58
59
40
38
42
43
50
34
36
37
37
43
57
52
52
52
48
53
62
50
50
48
28
32
55
40
53
60
54
70
57
47
47
60
53
55
40
54
61
41
62
49
54
51
44
57
48
56
61
46
40
53
56
37
67
55
39
52
54
56
58
49
46
56
38
64
56
57
49
46
64
52
60
64
44
50
63
54
46
50
61
58
46
43
50
53
70
55
44
66
32
49
42
24
48
58
42
28
35
48
46
46
51
39
40
23
38
34
43
38
31
22
25
40
34
43
31
36
38
44
36
42
53
35
48
47
48
59
49
59
54
64
51
45
53
44
52
57
61
62
61
59
63
66
57
61
69
61
66
57
66
70
70
68
63
72
65
58
64
53
47
48
42
49
65
57
32
50
46
47
36
44
58
46
32
27
29
23
32
33
25
29
32
37
28
41
46
23
22
25
40
36
36
31
36
25
29
48
55
27
30
34
30
30
31
37
19
26
14
28
37
12
17
19
14
30
21
25
27
27
29
19
27
47
49
31
31
30
20
21
20
12
17
21
30
31
17
14
24
20
9
8
20
18
19
21
33
28
32
23
25
33
14
27
35
32
31
51
40
34
34
54
47
34
41
32
51
44
56
52
42
45
38
32
34
32
35
47
41
55
52
36
44
56
56
61
46
38
37
40
49
54
55
38
44
66
57
38
34
41
44
43
34
39
39
40
39
46
45
35
36
39
46
42
51
33
29
45
28
39
25
20
32
41
41
43
47
55
47
50
51
31
45
26
20
40
47
41
34
43
50
46
45
39
42
31
27
40
31
40
38
34
38
35
31
40
41
46
50
57
58
44
51
45
24
39
45
23
38
34
34
31
50
42
38
33
32
36
29
37
44
37
42
29
30
36
38
38
23
40
27
27
13
33
23
27
46
28
22
42
55
14
22
24
30
31
29
34
35
38
44
34
46
52
37
31
29
31
38
31
37
34
30
34
31
45
22
31
31
31
32
26
27
20
15
14
20
22
19
12
5
7
20
5
5
18
20
14
14
18
11
14
22
28
13
6
16
23
34
28
34
21
24
20
19
13
20
19
15
33
15
16
18
4
2
24
17
6
28
17
16
27
20
7
22
9
19
33
37
36
29
27
24
34
22
33
28
20
28
44
33
23
29
34
28
33
35
21
15
19
29
40
18
35
36
25
27
41
36
23
29
29
26
44
39
31
24
21
26
23
26
39
25
31
36
29
33
25
35
35
24
9
22
25
32
36
11
38
38
25
27
15
15
20
27
25
23
11
19
29
31
35
30
21
37
41
41
38
28
28
45
38
30
39
16
36
36
33
32
21
25
30
21
24
31
25
18
27
28
25
21
20
25
23
27
38
46
27
50
38
35
32
23
30
20
15
20
17
21
9
16
33
18
24
14
11
11
13
13
20
24
3
9
18
6
11
26
23
20
14
14
15
14
21
19
21
21
25
14
11
-3
0
6
8
13
17
16
7
1
4
7
17
8
7
11
4
2
4
-4
11
14
10
21
17
14
2
3
11
3
-4
-4
10
4
-5
12
8
7
-11
10
14
1
1
4
1
9
10
-2
3
2
3
6
9
1
3
-4
-12
-3
-15
-4
3
-1
-11
15
0
1
-9
-16
7
-1
1
-6
15
5
10
13
5
15
5
0
9
-1
-7
18
10
1
18
2
11
5
-2
6
14
13
19
17
12
24
23
14
12
3
-6
17
19
1
-3
4
11
6
13
5
1
-16
-19
-9
-8
-12
0
-4
-17
-7
-11
-5
-13
-11
-2
-9
-7
-4
0
16
16
15
1
2
6
10
16
11
9
17
22
15
1
7
17
-2
-1
-3
-12
-1
-4
-2
-10
-9
0
-2
-11
1
8
-21
-7
-1
4
-7
-1
18
5
1
20
6
11
13
-4
-11
-11
4
0
11
15
23
9
4
7
11
10
4
7
1
9
-3
-7
4
-15
-12
-9
-29
-19
-7
-7
-10
-21
-11
-20
-10
-17
-20
-23
-15
-17
-12
-5
-11
-5
-5
-7
-13
-11
-3
11
-11
2
-9
8
6
-9
-12
1
4
14
-5
0
15
-3
-16
-8
-7
5
3
-18
-11
-8
-1
-11
-9
1
-11
5
-2
-8
0
-13
-12
-3
-6
-3
-14
-21
-9
-4
-21
-26
-31
-20
-17
-18
-7
-18
3
-14
10
-1
-8
-9
-24
-3
-15
-7
-15
-6
-12
-20
8
1
-5
7
12
2
-4
0
1
-5
13
15
6
12
-7
14
14
9
11
8
5
5
16
16
12
10
18
10
3
8
8
8
13
-3
16
21
-8
-2
18
12
7
9
16
0
26
16
1
11
-7
2
18
19
11
19
25
7
14
22
22
23
32
15
12
17
7
17
1
6
5
23
-5
7
5
3
10
3
-13
-3
4
1
28
6
-5
6
-1
1
-5
5
22
23
4
18
28
18
26
-1
16
-3
4
4
2
-6
-5
6
15
5
-8
15
6
15
2
3
15
1
10
2
-3
-17
-7
0
10
4
-8
3
-12
-4
-3
-11
4
2
-7
-2
-7
5
-3
-1
-8
4
-5
-4
11
-2
-5
-1
-3
-4
-8
-14
5
-2
-2
-9
-2
2
-2
-8
-5
-9
-3
1
6
6
2
1
-5
0
1
9
10
-2
12
1
-10
1
-2
-1
-9
-12
-2
-2
-11
6
15
-17
-2
4
15
9
-7
-7
-8
-4
-4
4
9
7
15
22
8
16
19
5
15
11
-8
-7
-3
-4
-14
-5
5
0
-7
2
3
-9
-6
-11
4
2
-3
-3
-13
10
3
1
4
-8
1
-15
-22
-18
-10
-14
-14
-24
-8
-14
-14
-6
-24
-28
-12
-8
-5
-6
-23
-15
-24
-25
3
-6
-17
2
3
-7
-4
-7
9
1
-6
-10
-1
3
-6
15
14
-18
-3
4
12
-5
7
17
13
22
-5
13
8
2
-1
-10
-1
4
-15
-10
3
2
-10
4
8
-5
7
8
4
-4
14
6
-1
-9
-7
-5
-16
-13
-24
-5
-18
-16
-7
-4
-1
-7
-11
0
11
7
-7
-10
-8
-16
-9
-7
-13
-12
-12
-12
-11
-19
-17
-13
-16
-25
-15
-2
-11
-12
-3
-1
-6
-17
-18
-11
-7
-15
-16
-13
-24
-11
-17
-3
-9
-8
-15
-11
10
-2
9
-6
-19
-23
4
2
-12
-15
0
7
-1
-3
-1
-6
-18
-11
0
3
2
6
10
4
7
5
-5
8
18
-4
5
11
7
-2
18
6
-3
5
-6
18
6
-1
-17
-4
10
10
-9
-5
1
-12
-3
-1
0
-4
-16
-11
-15
-3
-10
-20
-8
-8
-2
-11
9
-12
-27
-26
-14
-6
-16
-24
-26
-20
-23
-21
-23
-24
-22
-5
-9
-4
-13
-14
-10
-27
-15
-24
-26
-17
-11
5
-6
-22
-5
-18
-15
-18
-14
-15
-13
-3
-22
-11
-21
-8
2
2
-9
-8
-9
-2
-10
-15
-2
-6
-1
13
12
-14
6
-8
-9
14
8
-4
0
11
10
-1
-3
10
10
10
12
5
8
4
-6
-5
-6
2
-2
-11
-9
-5
-11
-13
-19
-19
-20
-2
-3
1
-7
-12
-14
-8
-16
-16
-18
-27
-3
-25
-22
-12
-23
-20
-11
-17
-8
-21
-10
-1
-18
-3
-19
-26
-2
-13
-25
-26
-28
-11
-21
-18
-10
-29
-27
-28
-28
-28
-32
-34
-54
-49
-36
-31
-34
-30
-31
-33
-29
-36
-32
-29
-28
-40
-22
-33
-40
-28
-36
-35
-27
-26
-22
-19
-17
-18
-34
-37
-34
-19
-17
-43
-30
-42
-34
-22
-37
-22
-23
-41
-48
-34
-16
-22
-14
-7
-9
-15
-21
-16
-20
-20
-24
-25
-23
-32
-38
-24
-26
-31
-34
-1
-1
-20
-15
-19
-21
-21
-12
-18
-10
-28
-24
-26
-22
-22
-40
-33
-6
-7
-51
-31
-20
-36
-33
-32
-17
-29
-25
-15
-16
-16
-7
-1
3
-5
-13
-4
-23
-16
-6
-15
-21
-18
-20
-19
-8
-3
-11
-13
-21
-10
-14
-25
-3
1
7
-5
-2
-9
-11
9
18
3
-3
17
9
-3
4
-4
-4
3
-1
11
19
10
7
23
6
5
26
22
16
12
9
5
-4
8
17
15
23
9
14
18
-6
-1
11
20
33
13
38
28
18
39
34
35
34
35
23
25
28
38
39
32
37
13
20
22
34
34
31
34
16
11
10
3
12
12
-1
-2
-5
-7
0
4
15
3
12
17
14
1
8
-2
16
19
13
14
4
7
4
18
7
-5
7
15
3
26
25
21
14
19
15
12
14
7
11
7
0
12
6
4
13
-7
1
-2
8
10
10
14
11
11
14
17
10
14
18
16
8
11
-6
-5
20
11
15
-1
-1
1
8
19
-2
14
4
-7
-10
-12
-15
-19
-28
-19
-11
-12
-28
-26
-12
-20
-8
-11
-8
-7
-11
2
-21
-14
-9
-32
-33
-24
-29
-22
-13
-16
-18
-3
-6
-11
-8
-23
-20
-23
-20
-21
-23
-25
-23
-26
-28
-20
-34
-33
-15
-20
-32
-33
-36
-29
-23
-28
-36
-33
-36
-23
-21
-30
-24
-23
-29
-29
-27
-37
-26
-27
-29
-28
-23
-26
-19
-18
-26
-25
-16
-11
-23
-20
-9
-21
-27
-15
-25
-26
-9
-13
-23
-24
-22
-27
-26
-20
-19
-18
-27
-28
-22
-23
-14
-15
-26
-18
-22
-28
-23
-15
-25
-15
-14
-21
-5
-3
-10
-15
-20
-20
-41
-33
-17
-17
-12
-10
-19
-7
-12
-11
-13
-2
-5
-8
-12
-9
-5
-24
-14
-10
-19
-26
-12
-2
9
-2
-13
-8
-21
-26
-16
-9
-17
-26
-19
-14
-17
-12
-1
-3
-20
-7
-22
-27
-14
-20
-22
-27
-24
-22
-26
-29
-22
-18
-29
-5
-23
-14
-22
-29
-12
-9
2
1
1
-19
-3
-11
-17
-10
-6
-13
-9
-23
-14
10
9
-4
10
9
3
-1
-7
-15
-17
-17
-9
-12
-10
-10
3
-15
-34
-10
-7
-7
-13
-14
-24
-18
-12
-4
-24
-25
-16
-10
2
-7
-3
-2
-14
-9
-7
-17
-14
-9
-2
-10
-3
-18
2
-2
-9
2
-4
11
3
-7
-2
16
5
10
18
15
4
2
2
-1
6
6
17
4
0
4
10
3
9
1
-11
-3
-5
4
-3
2
-5
5
4
-21
-8
-11
-1
-8
-8
-1
-10
-4
1
-16
-16
-9
-7
-8
-1
-4
1
-6
-1
-1
2
-4
-18
-12
-17
-10
-8
-16
-13
-9
-14
-29
-26
-15
-41
-20
-26
-33
-13
-16
-23
-31
-40
-7
-5
-14
-13
-27
-25
-45
-33
-35
-42
-37
-41
-30
-23
-41
-39
-26
-39
-36
-48
-42
-48
-52
-56
-51
-59
-53
-45
-47
-37
-52
-50
-64
-47
-44
-39
-46
-50
-28
-36
-27
-22
-42
-51
-46
-55
-55
-49
-62
-54
-41
-46
-41
-49
-65
-49
-62
-65
-59
-71
-66
-63
-78
-76
-62
-61
-59
-56
-62
-61
-63
-67
-51
-37
-54
-61
-47
-47
-41
-38
-48
-39
-54
-65
-40
-49
-49
-48
-46
-53
-37
-56
-43
-50
-48
-30
-37
-42
-38
-32
-48
-61
-52
-46
-46
-42
-51
-49
-46
-45
-43
-38
-51
-55
-36
-37
-52
-36
-48
-40
-35
-42
-38
-41
-43
-52
-35
-38
-27
-30
-24
-18
-21
-26
-26
-29
-33
-25
-36
-16
-33
-29
-6
-15
-22
-19
-20
-14
-14
-2
3
-5
-1
-11
-4
-3
-13
-1
-1
-11
-14
-5
-5
-14
-20
-26
3
-2
-14
-1
16
0
1
1
-11
1
2
-12
-7
-16
-18
-11
-3
-6
-18
-15
-21
-12
-22
-7
-22
-18
-12
-22
-8
-5
-15
-20
-5
-25
-23
-31
-18
-26
-25
-23
-27
-11
-21
-15
-23
-10
-12
-6
-12
-13
-8
-32
-31
-41
-38
-30
-34
-34
-36
-38
-42
-43
-32
-32
-21
-27
-31
-26
-39
-28
-50
-35
-19
-30
-28
-29
-34
-31
-34
-26
-31
-38
-41
-37
-31
-31
-47
-26
-39
-42
-39
-41
-29
-24
-45
-40
-29
-50
-32
-31
-39
-33
-51
-31
-21
-34
-43
-31
-34
-50
-43
-43
-39
-48
-48
-57
-47
-54
-51
-52
-51
-38
-43
-54
-53
-55
-50
-51
-51
-55
-62
-69
-63
-61
-44
-51
-47
-53
-69
-54
-57
-52
-50
-60
-55
-43
-67
-63
-69
-61
-42
-36
-61
-70
-55
-54
-67
-55
-50
-58
-53
-50
-57
-56
-65
-51
-47
-52
-43
-48
-46
-54
-49
-46
-65
-59
-66
-72
-69
-73
-67
-44
-54
-63
-68
-68
-56
-69
-60
-59
-68
-70
-75
-58
-66
-64
-63
-46
-50
-72
-46
-41
-40
-49
-49
-58
-57
-48
-42
-41
-46
-46
-45
-55
-43
-44
-57
-53
-41
-57
-45
-42
-45
-41
-56
-51
-46
-41
-49
-55
-47
-31
-56
-63
-42
-48
-42
-40
-33
-37
-43
-40
-45
-49
-62
-60
-48
-46
-46
-34
-32
-38
-37
-32
-50
-45
-39
-32
-27
-40
-33
-37
-18
-26
-33
-20
-24
-28
-17
-18
-19
-12
-27
-21
-10
-14
-25
-4
-17
-17
3
-17
-18
-9
-9
-22
-20
-16
-16
-8
-8
-30
1
-20
-17
-9
-18
-20
-32
-3
-15
-21
-20
-17
-15
-23
-17
-14
-18
-26
-15
-3
-13
-3
4
1
10
5
6
11
3
-6
6
12
18
19
15
7
-8
-6
5
0
-14
-4
10
-7
-14
3
0
0
-10
-6
-8
-3
4
12
4
-1
-7
-2
-1
-8
-2
-6
-3
-8
-1
-17
-8
-13
-8
-4
-14
-12
-10
14
10
0
-4
0
-22
-23
-16
-19
-16
2
-20
-15
-13
-21
6
-24
-19
-37
-26
-13
-19
-19
-31
-19
-21
-22
-25
-17
-13
-12
-21
-20
-21
-11
-7
-12
-11
0
1
-3
-2
-13
7
6
-5
-10
5
-2
-6
0
2
32
20
-5
5
14
11
7
-2
0
-13
-8
-2
-8
6
1
2
5
2
1
-9
6
5
0
-4
-24
-10
-20
-12
-9
-8
-13
-8
-15
-27
-6
-10
-24
-20
-14
-20
-22
-8
-21
-3
3
-21
-11
-11
-22
-22
-12
-14
-20
-19
-14
-15
-9
-20
-28
-16
-15
-21
-25
-35
-18
-28
-19
-18
-38
-26
-37
-41
-30
-37
-29
-18
-23
-10
-21
-25
-15
-17
-28
-22
-23
-21
-11
-21
-18
-30
-25
-36
-40
-15
-8
-17
-15
-6
-11
-12
-12
-2
-21
-18
-6
-14
-27
-18
-12
-13
-13
-21
-25
-29
-23
-7
-13
-11
0
-14
-11
-6
-8
-10
-15
-10
-1
15
-1
3
10
-7
-9
-11
-8
-9
-5
-10
-14
-10
-1
-1
-9
-7
-7
-17
-18
-11
14
12
5
7
-8
-1
-7
-17
-14
-6
-5
-6
-9
-19
-7
-1
-2
2
6
-1
-1
9
8
11
-5
14
6
5
19
7
2
0
-2
6
11
15
17
26
23
17
19
5
-6
10
13
22
4
4
9
-10
7
-12
-15
-7
-2
-1
0
3
4
-3
0
14
-2
5
0
-3
4
-3
-3
-7
-15
-13
-23
-11
-3
-15
-9
-20
-2
-3
-1
-5
-9
1
-3
-2
-6
-6
-16
-5
-20
-9
-15
-17
7
-3
2
12
5
2
15
23
2
2
20
5
8
5
-10
4
-7
-3
-1
-15
8
3
1
-10
-1
-2
7
3
-11
-5
-14
-2
3
-19
-36
-3
-11
-9
3
11
-3
-8
4
2
7
-11
-13
-9
0
5
-10
-19
-13
3
-13
-7
-1
-6
-5
-17
-12
-15
-10
-5
-10
-2
-7
-2
0
-1
-12
-2
-11
-19
-16
-5
-4
-15
3
-4
-1
15
-17
22
6
-1
10
-12
-5
-25
-20
-5
3
-19
-5
-16
-24
-8
-30
-12
-14
-18
-5
-21
-18
-33
-24
-21
-20
-32
-27
-24
-26
-26
-27
-24
-31
-48
-44
-20
-24
-29
-25
-22
-22
-27
-13
-23
-21
-16
-18
-12
-30
-20
-15
-18
-17
-4
-17
-28
-26
-35
-33
-20
-30
-17
-21
-20
-24
-29
-4
-14
-15
-23
-20
-5
-5
-8
1
0
-5
6
3
-2
-1
-4
-12
-7
5
13
10
-6
-12
-1
0
-11
7
-2
-8
-14
-23
-4
-11
-8
-5
1
-2
3
2
4
2
-15
-11
-1
-6
5
8
-15
-14
-15
-29
-13
-26
-7
-5
-25
-23
-4
-2
-16
-8
-20
-18
-8
-12
-10
-24
-24
-35
-21
-19
-24
-35
-27
-19
-40
-30
-40
-45
-30
-13
-17
-28
-35
-23
-41
-29
-8
-28
-28
-31
-30
-22
-30
-43
-32
-21
-31
-38
-18
-38
-38
-29
-28
-23
-39
-25
-25
-22
-36
-38
-41
-37
-23
-34
-23
-24
-32
-28
-35
-34
-35
-39
-43
-34
-52
-45
-31
-53
-39
-38
-55
-45
-54
-51
-55
-53
-37
-44
-46
-48
-55
-52
-34
-37
-54
-59
-51
-32
-38
-31
-46
-54
-39
-57
-55
-54
-45
-61
-53
-67
-42
-46
-76
-53
-45
-52
-56
-49
-70
-76
-75
-68
-55
-61
-72
-72
-48
-49
-59
-61
-64
-60
-69
-79
-58
-63
-62
-67
-78
-70
-61
-67
-60
-70
-75
-68
-64
-52
-70
-73
-61
-52
-56
-63
-65
-58
-59
-63
-56
-50
-48
-45
-62
-47
-56
-55
-50
-59
-60
-58
-63
-83
-59
-70
-84
-72
-71
-60
-54
-57
-56
-61
-74
-57
-58
-61
-53
-64
-43
-56
-60
-46
-63
-57
-64
-69
-53
-58
-64
-45
-56
-60
-54
-54
-58
-58
-60
-48
-41
-51
-41
-40
-48
-34
-43
-42
-28
-29
-31
-35
-36
-33
-31
-33
-35
-19
-35
-33
-19
-23
-13
-8
-16
-16
-29
-29
-13
-6
-27
-20
-12
-32
-19
-15
-28
-30
-23
-26
-18
-24
1
-10
-13
-8
-9
0
-24
-28
-9
-20
-24
-1
-21
-19
-34
-23
-20
-21
-41
-30
-14
-45
-30
-22
-38
-41
-41
-30
-30
-36
-28
-40
-32
-21
-40
-35
-30
-34
-47
-38
-50
-36
-48
-56
-40
-58
-50
-47
-40
-39
-45
-33
-39
-30
-38
-36
-30
-38
-26
-38
-32
-32
-25
-22
-30
-31
-36
-36
-41
-55
-49
-43
-51
-34
-35
-36
-32
-56
-39
-29
-37
-41
-46
-23
-23
-29
-30
-35
-40
-26
-32
-25
-23
-30
-21
-37
-23
-13
-24
-29
-29
-35
-27
-37
-25
-32
-30
-28
-33
-16
-19
-22
-20
-19
-35
-29
-24
-25
-19
-30
-27
-19
-26
-46
-21
-29
-32
-26
-42
-27
-32
-20
-21
-18
-33
-37
-27
-35
-42
-45
-40
-58
-49
-38
-46
-53
-44
-40
-63
-58
-51
-45
-37
-48
-41
-45
-56
-48
-58
-55
-60
-53
-23
-26
-43
-49
-42
-56
-41
-39
-41
-34
-26
-25
-23
-24
-36
-25
-28
-34
-23
-16
-23
-30
-38
-20
-20
-23
-14
-25
-38
-15
-33
-32
-20
-21
-21
-25
-20
-24
-36
-11
-38
-31
-37
-23
-26
-25
-8
-22
-28
-24
-35
-37
-26
-25
-33
-29
-26
-23
-32
-34
-36
-26
-23
-29
-10
-18
-12
-25
-14
-18
-37
-30
-42
-34
-24
-33
-27
-35
-28
-20
-29
-31
-40
-23
-17
-26
-14
-29
-9
-19
-8
-18
-11
4
-22
-16
-18
-23
-25
-10
-16
-30
-26
-15
-14
-31
-20
-15
-21
-18
-15
-37
-33
-23
-41
-46
-37
-30
-37
-29
-51
-35
-33
-32
-47
-30
-43
-50
-39
-54
-39
-45
-38
-33
-41
-40
-29
-27
-36
-29
-30
-33
-35
-33
-25
-23
-29
-22
-11
-18
-22
-28
-4
-22
-21
-13
-6
-16
-19
-8
-12
-9
-8
-14
-13
4
0
-6
-2
0
-18
-8
-14
-13
-30
-12
-1
-7
-8
-24
-12
-5
-20
-20
-6
-22
-25
-10
-27
-21
-22
-23
-14
-20
-13
-16
-15
-38
-31
-36
-23
-22
-45
-24
-26
-14
-19
-30
-26
-23
-21
-23
-39
-33
-27
-28
-34
-37
-35
-41
-27
-21
-17
-6
-24
-16
-11
-28
-22
-30
-22
-20
-20
-7
-20
-25
-34
-35
-47
-47
-33
-52
-31
-43
-31
-36
-40
-30
-34
-39
-46
-45
-45
-50
-38
-45
-72
-49
-44
-54
-58
-69
-49
-61
-51
-35
-35
-38
-31
-36
-35
-49
-32
-32
-42
-20
-42
-25
-38
-36
-25
-32
-30
-39
-28
-22
-33
-33
-37
-25
-27
-29
-23
-35
-29
-38
-49
-47
-44
-33
-50
-48
-29
-47
-73
-56
-50
-64
-41
-57
-54
-53
-63
-53
-58
-30
-30
-39
-34
-41
-46
-30
-44
-46
-47
-31
-40
-29
-31
-36
-25
-33
-25
-39
-46
-35
-36
-34
-40
-44
-39
-39
-36
-41
-31
-28
-32
-34
-27
-18
-13
-25
-12
-11
-7
0
-19
-21
-17
-19
-5
8
-9
5
-28
-14
-7
-13
-31
-26
-24
-27
-26
-16
-31
-28
-20
-25
-13
-32
-27
-23
-19
-41
-33
-31
-10
-13
-28
-19
-22
-6
-28
-33
-16
-15
-22
-6
-8
-1
-11
-7
-5
-17
-16
-14
-15
-13
-32
-27
-22
-12
-32
-14
-3
-11
-17
-19
-20
-20
-9
-22
-5
-6
-27
-33
-19
-26
-21
-15
-16
-18
-8
-28
-11
6
-5
1
-12
-2
-10
-25
-27
-10
-20
-23
-21
-28
-26
-28
-27
-19
-21
-18
4
-16
-24
-13
-14
-13
-17
-28
-31
-16
-21
-24
-21
-32
-44
-39
-37
-31
-38
-50
-29
-44
-42
-41
-32
-43
-56
-52
-38
-46
-48
-53
-43
-50
-44
-30
-48
-33
-31
-33
-57
-49
-52
-53
-52
-54
-43
-46
-40
-36
-35
-41
-41
-45
-36
-39
-43
-30
-29
-38
-50
-44
-38
-49
-51
-39
-54
-45
-49
-53
-42
-46
-62
-52
-46
-63
-61
-55
-58
-61
-52
-70
-65
-53
-69
-68
-64
-62
-67
-69
-67
-69
-64
-85
-76
-64
-83
-86
-73
-74
-74
-83
-94
-86
-82
-69
-75
-80
-79
-86
-70
-74
-70
-76
-89
-75
-88
-84
-84
-79
-73
-88
-73
-82
-67
-77
-74
-69
-86
-73
-76
-71
-80
-87
-75
-83
-82
-74
-67
-69
-76
-59
-50
-51
-64
-61
-62
-52
-62
-55
-42
-61
-58
-81
-56
-59
-71
-59
-69
-65
-56
-67
-65
-73
-63
-57
-63
-62
-64
-51
-62
-64
-58
-70
-55
-78
-71
-62
-65
-67
-58
-67
-85
-65
-57
-43
-37
-56
-67
-56
-62
-61
-56
-48
-49
-61
-56
-70
-72
-73
-58
-54
-50
-66
-73
-65
-65
-51
-62
-57
-50
-64
-55
-63
-48
-59
-49
-57
-56
-52
-47
-40
-43
-36
-51
-44
-64
-34
-36
-32
-35
-42
-37
-48
-44
-49
-42
-49
-44
-43
-51
-36
-47
-36
-41
-36
-37
-42
-33
-33
-27
-46
-43
-46
-32
-33
-44
-27
-31
-26
-28
-51
-22
-47
-44
-44
-34
-31
-46
-36
-41
-33
-34
-32
-45
-46
-41
-35
-37
-51
-47
-41
-53
-43
-24
-33
-34
-26
-35
-40
-42
-43
-33
-33
-36
-39
-33
-38
-39
-38
-49
-44
-58
-55
-44
-48
-39
-49
-49
-46
-57
-47
-54
-57
-47
-47
-54
-39
-59
-63
-52
-61
-53
-61
-58
-78
-60
-65
-66
-39
-53
-57
-58
-73
-68
-53
-79
-64
-53
-87
-80
-81
-73
-74
-79
-83
-72
-65
-72
-64
-61
-76
-70
-77
-72
-71
-72
-65
-73
-73
-71
-61
-64
-66
-74
-71
-80
-79
-78
-65
-72
-69
-83
-79
-84
-82
-86
-91
-89
-83
-73
-101
-84
-76
-78
-84
-82
-76
-76
-77
-70
-76
-69
-72
-74
-68
-88
-80
-74
-89
-80
-78
-76
-84
-80
-81
-92
-87
-80
-68
-73
-62
-58
-57
-78
-84
-79
-81
-81
-83
-69
-72
-80
-78
-68
-70
-72
-55
-55
-68
-78
-77
-71
-65
-75
-70
-81
-76
-68
-57
-74
-82
-53
-63
-66
-70
-68
-65
-60
-71
-73
-61
-67
-65
-74
-70
-61
-58
-68
-66
-76
-77
-55
-59
-70
-64
-72
-70
-70
-61
-56
-73
-61
-63
-50
-48
-55
-49
-47
-42
-61
-48
-44
-51
-52
-63
-56
-59
-61
-53
-45
-53
-58
-59
-57
-49
-46
-48
-51
-53
-48
-49
-54
-30
-52
-32
-33
-45
-37
-39
-40
-44
-48
-33
-34
-36
-29
-35
-34
-38
-51
-51
-34
-44
-34
-21
-22
-28
-44
-32
-35
-33
-30
-28
-28
-26
-28
-38
-34
-28
-31
-38
-33
-25
-27
-45
-36
-33
-40
-29
-30
-42
-41
-37
-28
-36
-43
-40
-33
-28
-20
-30
-55
-38
-43
-49
-60
-45
-34
-47
-41
-41
-36
-39
-32
-33
-38
-33
-25
-39
-42
-40
-28
-31
-26
-39
-52
-44
-52
-33
-38
-36
-39
-30
-39
-45
-22
-19
-36
-30
-31
-40
-30
-21
-21
-28
-28
-47
-31
-51
-34
-41
-58
-37
-50
-53
-50
-58
-55
-59
-63
-72
-63
-57
-54
-39
-52
-68
-57
-42
-63
-51
-66
-83
-71
-70
-67
-68
-65
-70
-64
-54
-57
-58
-65
-52
-72
-64
-62
-74
-65
-60
-56
-54
-54
-64
-68
-56
-77
-76
-60
-60
-70
-61
-62
-60
-62
-61
-47
-59
-61
-58
-53
-60
-63
-75
-78
-66
-54
-62
-46
-64
-54
-57
-59
-65
-76
-55
-66
-59
-48
-49
-47
-50
-55
-57
-40
-43
-54
-72
-59
-50
-48
-62
-49
-44
-56
-58
-46
-51
-57
-59
-62
-53
-57
-56
-51
-40
-59
-55
-51
-52
-63
-55
-46
-52
-36
-29
-49
-49
-53
-62
-70
-50
-44
-53
-60
-60
-57
-49
-46
-66
-54
-69
-69
-66
-53
-72
-63
-52
-63
-51
-63
-73
-69
-66
-79
-73
-76
-80
-78
-73
-82
-72
-74
-72
-66
-79
-73
-71
-52
-73
-63
-59
-73
-69
-50
-47
-59
-56
-55
-45
-33
-51
-61
-59
-41
-44
-43
-40
-47
-30
-33
-44
-47
-46
-38
-39
-52
-40
-48
-58
-49
-49
-72
-67
-71
-76
-75
-67
-69
-72
-71
-84
-80
-79
-65
-72
-79
-69
-73
-65
-86
-74
-65
-71
-68
-66
-81
-65
-63
-59
-56
-68
-51
-76
-56
-69
-72
-56
-68
-61
-59
-66
-54
-64
-80
-64
-56
-72
-62
-54
-61
-66
-63
-64
-55
-50
-67
-71
-72
-71
-68
-71
-84
-81
-75
-77
-68
-53
-79
-81
-53
-57
-68
-79
-63
-77
-79
-70
-68
-73
-69
-69
-68
-60
-53
-61
-54
-59
-60
-64
-54
-62
-59
-64
-68
-57
-71
-67
-67
-58
-73
-67
-56
-60
-68
-73
-72
-78
-48
-61
-70
-48
-58
-68
-57
-67
-74
-75
-68
-68
-83
-74
-85
-81
-76
-73
-68
-58
-52
-66
-90
-63
-55
-79
-60
-68
-79
-78
-66
-65
-71
-67
-69
-60
-67
-78
-64
-76
-76
-79
-73
-69
-60
-66
-69
-65
-52
-54
-59
-48
-58
-52
-58
-63
-42
-40
-53
-55
-49
-66
-53
-47
-66
-47
-71
-66
-67
-70
-63
-62
-54
-63
-70
-72
-62
-58
-65
-62
-55
-73
-65
-51
-62
-54
-65
-73
-60
-60
-63
-60
-50
-50
-63
-52
-52
-60
-48
-37
-43
-43
-57
-56
-44
-53
-53
-43
-49
-40
-42
-31
-45
-56
-50
-48
-51
-53
-48
-49
-52
-67
-51
-62
-61
-51
-56
-51
-58
-63
-59
-49
-61
-49
-63
-53
-47
-59
-54
-44
-39
-43
-50
-49
-37
-53
-64
-43
-40
-47
-56
-52
-47
-58
-63
-75
-54
-53
-60
-68
-64
-61
-73
-86
-57
-62
-75
-72
-72
-66
-73
-78
-75
-74
-75
-72
-79
-76
-63
-56
-46
-50
-44
-45
-36
-49
-34
-30
-33
-28
-33
-34
-37
-30
-34
-39
-36
-28
-35
-41
-38
-43
-49
-48
-52
-51
-51
-79
-77
-57
-53
-62
-51
-52
-64
-47
-56
-40
-59
-56
-46
-48
-29
-36
-43
-43
-54
-49
-38
-43
-36
-50
-45
-38
-40
-48
-48
-52
-57
-72
-86
-78
-64
-62
-49
-39
-52
-50
-54
-53
-55
-85
-90
-81
-70
-58
-47
-41
-45
-69
-76
-51
-79
-133
-175
-172
-136
-90
-69
-70
-95
-114
-111
-46
3
8
11
15
22
39
68
74
87
74
87
93
100
84
60
22
8
34
13
-2
-28
-68
-62
-58
-32
-42
-64
-96
-110
-102
-78
-51
-31
-26
-35
-39
-26
2
42
47
22
23
27
20
14
27
19
23
11
19
-19
-34
-46
-71
-71
-71
-77
-89
-97
-92
-71
-76
-71
-67
-55
-44
-36
-23
-23
-15
-5
-18
-2
9
32
22
31
30
28
30
27
32
23
24
27
26
19
19
16
3
1
13
15
18
8
24
28
18
33
25
30
35
25
33
37
58
48
35
38
32
15
18
28
10
3
8
9
-4
-2
-10
-10
-19
-24
-27
-23
-24
-25
-40
-32
-36
-23
-42
-50
-34
-42
-36
-54
-33
-34
-20
-20
-45
-40
-44
-57
-54
-46
-43
-61
-49
-29
-42
-36
-46
-61
-45
-54
-60
-33
-9
-12
-17
-6
-3
26
30
45
54
56
50
67
55
63
61
67
74
72
83
83
57
47
40
47
65
38
48
13
20
36
43
45
38
38
4
12
40
44
63
46
55
62
52
71
69
76
81
55
57
76
63
64
25
9
20
22
27
18
-6
-23
-28
-29
-20
-30
-21
-38
-35
-27
-25
-15
-22
-15
-5
-9
-15
12
8
16
7
11
6
11
28
28
30
47
40
32
20
16
34
20
25
25
30
19
26
45
31
26
39
57
39
45
49
36
49
69
73
68
52
34
31
26
33
53
78
77
71
50
38
25
55
69
68
69
50
40
23
52
65
64
75
76
64
63
76
61
67
82
74
41
47
37
36
45
53
53
46
40
9
17
16
10
12
24
-9
-7
-17
-31
-42
-35
-20
-31
-36
-51
-39
-42
-51
-26
-14
-28
-35
-40
-32
-50
-24
-32
-44
-24
-41
-36
-13
-10
-9
6
-8
-5
13
28
35
31
42
41
51
50
40
64
84
90
74
71
85
85
106
114
108
113
117
120
148
151
143
147
159
169
182
188
225
227
259
284
266
292
311
330
337
362
387
395
401
413
422
415
431
443
435
430
416
403
397
369
355
325
273
235
176
122
52
-23
-100
-176
-254
-331
-391
-489
-554
-602
-634
-658
-702
-717
-742
-737
-715
-695
-667
-645
-611
-552
-518
-460
-405
-378
-313
-280
-218
-177
-138
-120
-96
-61
-66
-44
-34
7
45
46
47
49
93
153
238
315
371
407
442
525
628
735
856
926
999
1085
1180
1315
1432
1528
1597
1666
1728
1788
1732
1626
1366
948
612
484
558
476
167
-287
-687
-992
-1073
-971
-886
-976
-1204
-1328
-1337
-1166
-903
-675
-526
-411
-270
-91
102
316
535
676
819
949
1019
966
918
869
852
826
741
587
306
36
-164
-308
-378
-470
-621
-816
-1003
-1056
-1056
-1000
-928
-862
-814
-775
-706
-617
-497
-427
-362
-270
-100
-7
-25
-55
-48
-30
-6
33
0
-110
-244
-374
-404
-395
-443
-520
-645
-758
-799
-785
-746
-692
-653
-637
-608
-548
-458
-348
-201
-85
7
83
125
185
271
371
446
517
543
560
617
671
779
892
983
1064
1129
1218
1339
1474
1604
1731
1808
1920
1928
1737
1354
897
722
793
885
741
320
-249
-687
-943
-875
-737
-733
-953
-1283
-1484
-1468
-1236
-992
-777
-690
-626
-526
-337
-47
220
451
656
818
953
1018
1013
1045
1069
1112
1119
1017
801
511
254
91
-14
-104
-261
-517
-762
-968
-1075
-1074
-1051
-1033
-1043
-1065
-1026
-938
-832
-755
-723
-680
-574
-379
-201
-115
-128
-155
-120
-49
38
43
-11
-130
-239
-253
-259
-296
-388
-538
-656
-698
-684
-664
-676
-715
-746
-733
-662
-555
-474
-416
-358
-286
-155
-24
69
115
191
306
437
569
690
825
962
1101
1236
1375
1485
1598
1748
1923
2062
2159
2222
2265
2279
2018
1534
1075
958
992
884
625
210
-327
-834
-1084
-1042
-956
-1077
-1347
-1626
-1783
-1712
-1484
-1209
-1034
-919
-782
-643
-382
-27
260
496
710
931
1107
1178
1234
1294
1331
1376
1345
1198
974
702
445
239
96
-43
-266
-552
-841
-1033
-1150
-1179
-1183
-1227
-1274
-1287
-1213
-1079
-920
-781
-709
-633
-522
-375
-271
-119
86
204
249
203
177
194
191
195
179
65
-99
-257
-362
-474
-525
-587
-683
-774
-855
-914
-927
-893
-844
-771
-718
-650
-585
-514
-409
-280
-132
30
160
275
362
444
587
772
959
1106
1230
1321
1413
1552
1715
1884
2007
2115
2229
2347
2400
2451
2327
2008
1555
1165
963
906
813
522
11
-619
-1040
-1227
-1225
-1230
-1315
-1593
-1913
-2004
-1882
-1600
-1356
-1173
-1056
-917
-705
-375
5
336
615
850
1028
1202
1382
1479
1542
1604
1641
1584
1439
1190
926
667
456
264
39
-253
-567
-846
-1121
-1258
-1299
-1380
-1480
-1536
-1544
-1470
-1342
-1167
-1023
-929
-840
-653
-404
-187
7
123
170
183
293
462
560
509
400
224
50
-90
-151
-186
-263
-416
-649
-858
-1002
-1041
-1033
-1031
-1051
-1084
-1125
-1125
-1037
-875
-710
-587
-461
-368
-223
-7
226
451
641
806
925
1067
1275
1497
1704
1839
1966
2024
2042
2099
2248
2505
2648
2674
2550
2159
1591
1090
975
1119
1131
823
219
-504
-1061
-1276
-1136
-1009
-1088
-1428
-1866
-2113
-2048
-1669
-1331
-1107
-1020
-995
-893
-632
-195
237
597
824
1013
1151
1273
1432
1586
1717
1792
1789
1599
1331
1068
830
638
498
309
2
-389
-783
-1038
-1187
-1254
-1317
-1432
-1573
-1690
-1676
-1542
-1327
-1130
-1024
-990
-891
-725
-518
-281
-44
187
323
306
247
252
347
491
587
536
312
49
-139
-224
-207
-230
-385
-629
-888
-1033
-1064
-1045
-980
-974
-1035
-1109
-1093
-996
-845
-680
-504
-360
-236
-103
42
252
485
733
935
1102
1231
1397
1553
1734
1925
2110
2275
2365
2450
2543
2654
2774
2884
2731
2206
1543
1082
868
836
838
733
181
-731
-1393
-1465
-1191
-1045
-1133
-1470
-1911
-2230
-2067
-1580
-1127
-895
-899
-907
-793
-401
132
549
827
1043
1183
1309
1455
1650
1786
1816
1836
1790
1609
1274
957
683
491
341
164
-158
-575
-960
-1237
-1361
-1361
-1362
-1461
-1650
-1779
-1734
-1571
-1319
-1081
-992
-968
-875
-654
-382
-145
104
249
251
258
366
520
559
513
392
261
155
114
26
-155
-378
-571
-707
-823
-905
-986
-1123
-1240
-1239
-1192
-1138
-1114
-1091
-1025
-910
-734
-530
-366
-247
-114
81
274
512
750
925
1041
1199
1399
1572
1787
1934
2033
2100
2182
2372
2562
2688
2690
2724
2595
2293
1809
1426
1339
1374
1306
952
365
-291
-757
-927
-880
-860
-1059
-1506
-1932
-2136
-1972
-1686
-1480
-1390
-1425
-1386
-1217
-825
-394
-20
225
423
640
885
1142
1374
1564
1680
1761
1766
1658
1505
1297
1112
950
788
598
274
-108
-460
-704
-878
-1036
-1187
-1392
-1612
-1746
-1763
-1679
-1558
-1461
-1427
-1440
-1376
-1157
-900
-728
-553
-312
-89
17
15
49
159
353
489
519
426
222
55
-18
-5
13
-106
-343
-615
-784
-821
-812
-818
-893
-1014
-1129
-1140
-1028
-906
-767
-682
-634
-547
-381
-181
35
244
451
667
878
1097
1291
1504
1676
1872
2088
2312
2483
2649
2795
2960
3116
3222
3023
2445
1894
1749
1935
1931
1562
949
186
-499
-808
-723
-649
-926
-1516
-2094
-2372
-2328
-2067
-1825
-1795
-1888
-1905
-1752
-1415
-928
-477
-189
21
296
635
930
1193
1468
1738
1905
1976
1974
1850
1671
1524
1425
1295
1096
791
357
-71
-365
-561
-733
-968
-1241
-1540
-1803
-1916
-1906
-1832
-1770
-1791
-1833
-1889
-1798
-1568
-1261
-953
-741
-640
-602
-486
-261
21
237
358
348
288
249
263
300
306
203
60
-118
-278
-379
-444
-523
-617
-705
-819
-929
-1005
-1026
-998
-905
-835
-770
-726
-653
-526
-328
-90
150
366
538
722
922
1190
1481
1752
1980
2182
2358
2563
2806
3032
3231
3374
3352
2927
2336
2033
2154
2272
1998
1372
677
19
-491
-680
-618
-826
-1354
-1987
-2425
-2566
-2456
-2266
-2202
-2261
-2321
-2205
-1963
-1594
-1144
-721
-436
-139
216
597
858
1146
1510
1817
2010
2067
2023
1890
1803
1741
1679
1549
1273
872
435
81
-167
-346
-588
-930
-1299
-1639
-1855
-1939
-1937
-1916
-1963
-2087
-2187
-2146
-2000
-1768
-1480
-1239
-1036
-952
-877
-665
-355
-63
167
254
258
243
261
348
425
455
360
197
27
-109
-156
-194
-295
-401
-548
-696
-823
-891
-871
-866
-846
-847
-841
-825
-766
-590
-378
-158
22
189
371
542
839
1161
1458
1740
1962
2194
2447
2675
2951
3228
3479
3579
3250
2649
2203
2289
2583
2484
1892
1149
393
-164
-416
-379
-462
-979
-1725
-2317
-2555
-2512
-2325
-2252
-2376
-2553
-2560
-2360
-2034
-1581
-1151
-828
-580
-278
96
453
789
1198
1607
1865
1979
1987
1949
1943
1953
1956
1913
1678
1295
888
555
323
143
-130
-497
-944
-1330
-1613
-1766
-1848
-1904
-2030
-2226
-2365
-2475
-2424
-2233
-1900
-1596
-1471
-1488
-1430
-1202
-794
-380
-73
52
41
44
161
406
604
664
567
421
281
227
218
221
143
-16
-219
-423
-594
-700
-732
-768
-798
-878
-975
-1060
-1047
-908
-696
-511
-379
-281
-143
78
369
731
1108
1419
1632
1832
2072
2422
2847
3234
3495
3673
3535
3046
2511
2423
2809
2997
2577
1757
931
249
-81
-106
-93
-486
-1279
-2043
-2495
-2599
-2430
-2304
-2431
-2671
-2819
-2721
-2485
-2112
-1660
-1262
-962
-733
-419
-55
320
748
1242
1659
1887
1921
1882
1888
1999
2158
2219
2084
1775
1371
1012
799
639
443
118
-339
-826
-1202
-1414
-1525
-1651
-1796
-2036
-2315
-2543
-2610
-2433
-2190
-1960
-1843
-1836
-1814
-1633
-1287
-844
-498
-289
-197
-175
-45
187
448
619
656
608
505
417
428
463
459
364
167
-59
-274
-429
-505
-554
-624
-753
-913
-1075
-1141
-1049
-905
-764
-669
-595
-481
-299
-49
290
671
993
1236
1472
1755
2121
2499
2911
3260
3516
3641
3328
2821
2529
2830
3193
3050
2351
1530
880
426
271
286
54
-628
-1478
-2067
-2299
-2303
-2214
-2312
-2589
-2845
-2857
-2696
-2468
-2146
-1753
-1414
-1196
-922
-575
-207
186
679
1173
1519
1652
1669
1723
1871
2075
2241
2210
1991
1697
1385
1170
1035
873
601
203
-283
-694
-953
-1118
-1298
-1526
-1724
-1976
-2240
-2417
-2477
-2452
-2349
-2137
-1928
-1879
-1942
-1833
-1525
-1108
-724
-454
-392
-394
-268
15
326
530
612
549
430
384
479
591
598
441
248
63
-83
-185
-244
-344
-478
-619
-754
-859
-944
-937
-875
-786
-678
-574
-477
-340
-114
180
516
811
1099
1366
1645
1962
2322
2717
3050
3309
3464
3246
2782
2513
2759
3148
3051
2430
1670
1050
694
552
507
221
-394
-1152
-1709
-1975
-2051
-2025
-2137
-2422
-2704
-2730
-2596
-2428
-2199
-1887
-1572
-1340
-1098
-809
-482
-99
355
833
1166
1339
1402
1440
1609
1836
2038
2080
1928
1667
1432
1300
1182
1063
844
475
69
-293
-564
-743
-909
-1133
-1329
-1566
-1830
-2017
-2115
-2151
-2131
-2058
-1906
-1800
-1794
-1772
-1633
-1334
-1008
-738
-604
-550
-464
-272
-10
196
346
392
360
322
346
447
512
469
342
184
71
-20
-104
-173
-284
-419
-555
-691
-781
-818
-804
-772
-727
-682
-614
-515
-370
-129
148
414
649
857
1106
1421
1806
2190
2519
2787
3076
3215
2964
2558
2417
2785
3134
2974
2350
1650
1140
892
813
742
366
-282
-962
-1436
-1701
-1747
-1735
-1941
-2287
-2582
-2592
-2482
-2360
-2183
-1922
-1676
-1480
-1283
-1060
-758
-372
132
556
821
936
1001
1109
1296
1569
1809
1852
1679
1467
1317
1260
1206
1107
890
580
227
-90
-291
-428
-565
-761
-1001
-1255
-1493
-1704
-1811
-1829
-1796
-1736
-1753
-1820
-1880
-1786
-1559
-1306
-1101
-977
-909
-836
-694
-474
-226
-23
77
104
116
153
294
405
460
438
373
286
203
158
141
96
-18
-130
-282
-439
-560
-613
-632
-658
-661
-678
-713
-647
-522
-338
-122
61
215
408
652
942
1259
1550
1852
2202
2533
2850
2918
2643
2285
2254
2693
3023
2828
2209
1549
1111
979
982
897
500
-119
-732
-1134
-1357
-1442
-1503
-1707
-2025
-2275
-2265
-2214
-2175
-2070
-1885
-1640
-1439
-1269
-1118
-915
-587
-136
254
492
583
637
742
949
1241
1486
1532
1411
1215
1120
1158
1159
1089
920
668
398
184
36
-96
-224
-397
-601
-811
-1047
-1213
-1319
-1400
-1433
-1438
-1470
-1548
-1683
-1724
-1593
-1356
-1132
-1071
-1109
-1126
-1014
-777
-496
-305
-192
-131
-145
-84
62
234
367
395
377
323
317
310
278
253
197
110
17
-125
-289
-409
-462
-467
-511
-571
-619
-660
-602
-468
-310
-151
-10
116
286
513
807
1129
1403
1652
1925
2228
2486
2472
2216
2017
2166
2564
2711
2426
1864
1373
1133
1084
1072
877
427
-107
-540
-857
-1056
-1131
-1216
-1437
-1745
-1939
-1943
-1944
-1917
-1832
-1675
-1535
-1389
-1268
-1205
-1028
-699
-300
11
152
203
296
458
664
913
1090
1147
1055
961
935
980
1067
1035
909
720
535
397
324
206
82
-60
-237
-431
-655
-801
-925
-1043
-1147
-1223
-1291
-1379
-1477
-1546
-1511
-1393
-1251
-1181
-1190
-1200
-1079
-863
-638
-482
-388
-280
-201
-77
91
239
394
440
452
443
414
422
434
396
313
217
91
-44
-168
-269
-341
-416
-462
-491
-552
-601
-595
-492
-378
-230
-101
-12
110
292
559
881
1117
1273
1473
1733
2013
2136
2017
1810
1823
2115
2349
2233
1803
1427
1177
1115
1107
936
620
212
-157
-420
-609
-738
-832
-996
-1245
-1482
-1576
-1565
-1542
-1549
-1515
-1447
-1349
-1231
-1169
-1084
-902
-609
-315
-165
-100
-66
58
261
457
606
676
678
665
694
728
789
801
761
678
571
470
412
371
255
139
51
-66
-221
-379
-526
-636
-728
-803
-900
-1027
-1115
-1182
-1197
-1182
-1154
-1082
-1048
-1048
-1017
-911
-749
-591
-475
-378
-319
-224
-71
40
159
230
254
281
267
255
251
249
240
170
56
-29
-104
-194
-225
-288
-339
-387
-468
-504
-518
-447
-349
-256
-200
-152
-84
50
231
418
600
742
902
1063
1230
1408
1618
1739
1723
1581
1467
1552
1700
1754
1601
1290
1001
893
877
829
640
334
101
-79
-258
-409
-539
-648
-748
-858
-964
-1067
-1121
-1138
-1099
-1058
-994
-925
-897
-862
-821
-692
-517
-342
-235
-215
-179
-126
27
189
284
322
343
357
381
406
446
481
492
470
409
336
276
249
218
184
115
-4
-112
-212
-273
-335
-376
-444
-506
-546
-572
-590
-646
-673
-611
-528
-458
-465
-496
-496
-412
-252
-141
-79
-95
-126
-115
-37
34
73
49
-17
-45
-80
-81
-92
-116
-120
-152
-202
-245
-286
-300
-287
-264
-223
-214
-227
-238
-202
-126
-43
50
123
166
194
260
353
467
572
610
640
681
721
776
850
882
914
944
907
832
769
780
804
805
769
650
560
469
428
417
380
320
234
175
96
10
-52
-104
-152
-187
-240
-303
-374
-436
-468
-455
-444
-461
-457
-464
-460
-407
-360
-298
-237
-194
-182
-176
-130
-84
-47
-23
-6
-17
-16
1
18
22
21
23
14
14
10
-22
-38
-47
-36
-1
38
27
-3
-7
25
73
94
124
107
74
68
88
92
95
84
57
20
-28
-31
-77
-101
-126
-168
-194
-231
-288
-318
-336
-344
-334
-350
-331
-315
-322
-327
-290
-236
-216
-167
-131
-107
-90
-48
-4
36
69
84
95
106
107
124
121
123
131
109
96
60
26
15
23
10
8
-7
-42
-75
-75
-67
-10
12
-2
7
1
41
76
108
166
169
184
170
157
160
173
210
243
223
187
141
99
107
110
126
84
61
26
12
4
16
7
10
-3
-13
-21
-31
-35
-26
-14
-7
-24
-67
-80
-77
-63
-63
-47
-63
-71
-106
-97
-60
-48
-26
-6
-14
-33
-15
-9
32
49
28
22
11
25
24
12
10
-7
-34
-61
-100
-140
-153
-161
-184
-217
-280
-350
-378
-376
-378
-347
-355
-379
-390
-397
-354
-297
-253
-195
-168
-144
-108
-67
-11
51
96
134
151
161
180
163
174
191
218
205
178
131
93
69
65
56
58
36
-8
-56
-89
-80
-69
-70
-79
-99
-117
-111
-107
-81
-30
-18
-36
-40
-57
-48
-41
-33
-13
-23
-27
-12
-40
-27
-22
0
9
0
21
6
14
22
46
43
42
25
8
5
15
13
6
-13
-15
-22
-37
-46
-57
-57
-67
-84
-95
-87
-90
-96
-71
-56
-45
-33
-25
-17
11
44
63
71
55
62
50
63
90
74
72
49
10
-24
-48
-60
-75
-98
-160
-211
-264
-289
-280
-285
-295
-314
-326
-334
-331
-310
-277
-227
-210
-181
-149
-124
-59
-3
39
64
121
132
145
181
196
227
243
245
228
218
202
188
196
181
154
143
100
71
59
54
51
55
21
-11
-24
-42
-34
-22
-42
-56
-58
-84
-98
-95
-76
-62
-73
-83
-110
-116
-108
-90
-57
-49
-58
-48
-51
-44
-6
2
5
2
-22
-27
-14
0
-2
-19
-52
-75
-78
-86
-85
-79
-93
-131
-147
-153
-148
-148
-153
-146
-160
-171
-149
-124
-97
-78
-61
-36
-3
25
20
27
51
68
98
121
100
78
52
34
34
22
31
-12
-60
-120
-162
-173
-181
-195
-219
-257
-300
-314
-313
-312
-278
-280
-270
-247
-208
-181
-165
-111
-85
-43
-24
23
53
70
95
131
162
173
174
177
171
171
167
189
165
154
146
112
125
100
91
73
51
30
27
13
-5
-18
-33
-53
-55
-78
-86
-108
-132
-137
-130
-140
-163
-167
-182
-173
-168
-176
-172
-165
-159
-150
-137
-112
-120
-113
-104
-100
-99
-66
-55
-62
-56
-68
-41
-45
-31
-19
-31
-46
-45
-48
-29
-6
-1
-2
-5
-22
-27
-6
30
43
29
39
22
35
43
54
55
67
73
70
50
61
51
63
54
46
25
3
0
-40
-43
-41
-57
-87
-106
-123
-124
-141
-145
-142
-157
-152
-173
-177
-143
-152
-138
-131
-131
-121
-108
-94
-74
-50
-33
-18
-13
-1
9
26
34
83
106
87
79
86
118
163
176
196
186
178
181
174
175
180
180
161
136
111
101
69
53
52
23
0
-39
-83
-138
-160
-162
-188
-192
-201
-216
-263
-274
-241
-227
-212
-220
-225
-226
-201
-169
-147
-103
-100
-100
-81
-61
-29
-18
7
41
20
33
32
52
57
67
89
80
68
50
56
59
82
83
83
68
79
62
58
72
49
73
70
61
51
35
24
16
17
16
3
-21
-28
-51
-47
-63
-65
-67
-80
-95
-118
-116
-102
-121
-123
-130
-145
-145
-158
-146
-153
-151
-158
-161
-171
-189
-165
-165
-142
-123
-127
-148
-142
-116
-106
-62
-53
-44
-35
-14
5
60
91
124
145
128
162
154
197
218
229
217
212
198
184
177
168
159
115
89
55
33
-14
-38
-65
-122
-135
-171
-200
-199
-220
-249
-240
-230
-222
-220
-208
-203
-194
-167
-133
-101
-90
-77
-76
-43
-18
-13
13
7
24
28
28
51
58
59
55
60
62
60
72
69
63
66
64
68
75
75
75
61
78
65
61
51
32
43
30
46
29
7
18
0
2
-23
-40
-45
-45
-52
-80
-69
-89
-104
-110
-122
-129
-109
-128
-138
-147
-176
-183
-186
-185
-193
-191
-186
-206
-195
-200
-185
-177
-168
-146
-124
-106
-88
-51
-21
14
43
69
98
123
156
205
223
229
245
262
283
295
300
299
287
296
270
254
236
192
171
139
91
47
19
-27
-61
-88
-110
-126
-153
-171
-187
-197
-168
-153
-127
-124
-130
-100
-85
-58
-22
4
20
20
29
51
70
79
94
84
99
98
101
106
99
92
85
88
89
77
71
65
58
72
72
53
50
75
60
86
89
90
88
79
88
77
101
95
83
76
78
79
57
61
46
30
16
5
-4
0
-9
-24
-35
-58
-68
-84
-109
-118
-138
-161
-158
-175
-190
-190
-215
-199
-187
-193
-196
-198
-183
-166
-126
-105
-94
-71
-48
-16
21
55
75
118
150
198
220
240
259
264
293
292
303
313
297
285
243
215
213
181
145
111
65
27
-20
-35
-48
-86
-134
-151
-163
-195
-189
-183
-189
-175
-180
-160
-138
-125
-84
-71
-42
-36
-18
6
21
43
60
61
72
82
73
70
63
66
68
69
85
65
34
33
46
33
42
29
18
20
14
20
13
29
17
16
17
16
17
-2
19
20
18
32
36
20
11
0
15
7
5
-7
-19
-19
-32
-37
-55
-64
-72
-85
-103
-112
-138
-163
-180
-199
-217
-233
-239
-244
-239
-226
-232
-226
-221
-192
-168
-155
-140
-100
-74
-46
8
43
78
108
129
147
188
216
231
248
260
257
270
253
237
231
194
175
159
129
99
53
23
3
-32
-65
-69
-103
-129
-133
-145
-149
-146
-144
-133
-135
-128
-108
-84
-72
-56
-52
-44
-26
-30
-5
7
22
50
49
72
59
49
78
74
88
89
88
95
84
93
84
84
83
79
72
85
88
91
112
111
93
84
94
83
89
82
80
73
84
83
79
73
58
57
78
63
71
63
52
60
49
43
34
31
7
-9
-29
-54
-59
-86
-100
-118
-124
-143
-167
-174
-179
-172
-177
-179
-180
-178
-162
-136
-121
-89
-61
-60
-17
15
37
90
96
112
144
156
186
204
218
229
224
208
184
164
144
132
104
104
73
38
24
-28
-34
-59
-82
-99
-120
-128
-147
-121
-125
-121
-110
-107
-81
-73
-65
-50
-38
-21
2
19
13
26
33
43
45
42
60
40
50
49
48
52
43
55
43
47
57
69
71
67
71
60
49
64
79
73
83
87
74
63
71
65
71
72
66
69
88
84
80
86
85
105
96
89
83
75
77
74
76
64
32
35
17
-2
-5
-33
-41
-73
-104
-117
-117
-148
-160
-171
-178
-192
-195
-187
-189
-176
-155
-129
-126
-91
-74
-54
-3
31
51
90
81
108
142
157
176
179
194
194
178
152
134
140
107
84
67
34
19
-9
-35
-67
-72
-79
-103
-120
-130
-130
-130
-117
-113
-95
-53
-41
-34
-17
-4
39
42
62
79
94
113
113
132
115
120
100
96
104
114
105
102
110
97
99
91
83
87
102
79
79
81
94
66
71
90
70
71
51
41
47
42
44
58
51
52
51
58
56
68
90
63
47
68
60
52
81
64
58
55
22
13
15
-5
-13
-28
-34
-60
-87
-91
-113
-112
-118
-131
-128
-159
-156
-150
-152
-132
-116
-112
-93
-64
-41
-15
3
23
45
79
84
114
128
140
151
138
136
130
114
104
100
90
61
40
-4
-24
-47
-64
-80
-103
-115
-143
-149
-149
-152
-150
-126
-134
-127
-119
-98
-73
-55
-56
-28
6
23
29
33
70
59
61
68
87
94
96
90
89
89
65
85
82
62
77
55
45
50
44
54
44
46
47
38
39
17
33
22
18
23
10
9
-11
-8
-4
24
22
27
30
17
27
35
44
42
44
33
24
24
29
27
12
-3
-21
-49
-72
-85
-78
-82
-70
-77
-89
-101
-113
-124
-124
-122
-133
-129
-115
-95
-73
-38
-19
-3
26
27
25
61
73
97
119
134
143
134
143
151
149
130
111
103
82
59
31
10
-8
-32
-43
-54
-68
-96
-124
-136
-149
-161
-147
-168
-173
-163
-147
-133
-103
-104
-87
-81
-68
-48
-31
-1
18
44
42
39
64
65
80
98
97
97
87
69
76
87
75
60
55
53
69
62
33
38
45
34
30
33
31
20
20
26
32
25
16
21
18
25
35
26
37
52
43
56
52
66
67
73
51
53
50
44
36
33
35
10
3
-21
-29
-49
-50
-61
-72
-92
-91
-109
-116
-103
-105
-98
-93
-66
-64
-51
-28
6
21
50
50
59
99
127
152
164
171
167
162
167
175
175
179
146
134
124
95
83
60
58
36
18
2
-24
-34
-59
-60
-82
-97
-95
-95
-101
-90
-94
-96
-75
-80
-71
-69
-54
-26
-24
-23
-23
0
-1
25
28
30
29
50
54
48
75
75
95
103
83
75
83
81
81
85
83
75
68
54
32
50
51
49
45
33
28
23
19
38
42
30
37
42
56
35
54
72
66
70
79
87
73
65
62
59
47
49
30
6
18
-19
-32
-36
-53
-69
-78
-84
-82
-90
-102
-88
-95
-107
-93
-75
-55
-43
-29
-20
-8
10
13
55
67
73
104
108
117
118
108
120
121
138
128
113
99
82
68
61
58
46
39
29
35
30
2
-11
-23
-31
-22
-24
-32
-30
-43
-43
-33
-43
-58
-51
-57
-66
-54
-62
-53
-59
-57
-78
-48
-46
-27
-29
-21
-3
-18
5
19
32
50
51
39
62
68
84
74
82
70
65
54
76
64
48
67
46
51
25
54
53
44
45
40
51
37
37
49
58
52
57
72
82
76
80
66
64
58
32
45
38
19
21
11
-1
-22
-27
-41
-51
-75
-72
-77
-81
-80
-87
-65
-58
-39
-32
-16
-8
6
27
29
31
68
83
97
108
100
122
111
124
120
108
103
95
92
88
95
89
74
83
61
63
70
62
75
55
78
53
63
71
66
75
57
53
47
55
49
35
24
25
21
18
9
2
20
20
23
10
21
33
25
30
35
36
50
52
46
57
66
72
68
75
67
72
76
80
85
106
103
95
89
78
74
61
68
81
63
68
66
59
69
64
70
72
85
77
60
68
57
73
83
80
91
70
67
54
53
53
49
50
41
29
10
-2
-7
-10
-25
-33
-57
-64
-72
-51
-44
-36
-53
-69
-69
-78
-156
-497
-923
-1048
-832
-444
-259
-414
-612
-648
-379
-73
19
0
8
165
326
288
126
-16
-4
174
293
284
166
44
0
-84
-273
-400
-368
-233
-208
-367
-518
-616
-669
-708
-818
-828
-682
-468
-363
-473
-628
-669
-476
-159
32
133
189
181
139
57
56
145
249
369
376
291
148
3
-78
-121
-103
-30
10
-21
-124
-289
-369
-379
-325
-226
-132
-86
-89
-148
-185
-191
-128
29
141
228
250
236
178
147
149
189
253
298
301
262
142
33
-23
-35
22
63
63
33
-60
-131
-146
-134
-69
-3
60
65
16
-16
-50
-54
27
109
175
203
212
178
111
82
99
143
204
245
226
150
82
36
44
77
84
104
133
124
94
57
43
70
144
211
231
240
224
190
158
156
202
238
272
264
222
173
130
107
108
117
146
144
103
72
36
2
1
14
39
74
101
97
74
82
97
138
178
227
247
262
255
227
214
241
243
259
290
278
244
182
159
124
116
125
135
155
138
119
111
95
97
110
132
160
169
174
178
166
150
141
148
159
169
174
157
134
145
132
111
99
75
75
54
37
20
2
-13
-5
-10
-17
-40
-40
-32
-7
27
32
39
41
41
43
72
84
88
104
118
98
103
80
68
77
59
69
72
88
114
89
99
66
46
52
77
103
102
126
106
107
79
82
93
113
135
129
122
92
94
87
67
63
52
59
62
46
43
45
32
36
67
60
65
78
80
87
104
99
89
95
77
84
93
117
117
105
122
113
90
108
134
145
154
130
103
107
103
105
109
90
111
110
123
126
118
120
140
140
144
146
137
141
141
133
123
104
95
93
98
97
90
67
49
31
-1
14
27
42
49
36
22
27
49
47
72
71
71
62
72
65
48
54
48
48
43
47
71
69
64
65
62
64
67
78
57
64
49
35
70
89
90
92
81
83
91
107
137
141
170
167
136
124
125
123
129
114
94
107
92
101
108
82
76
56
40
45
51
55
48
40
52
53
61
80
88
93
102
98
110
113
110
82
66
58
70
87
81
83
86
90
84
77
72
84
102
101
108
110
98
98
104
120
134
148
158
165
146
144
147
147
149
137
135
137
116
115
94
69
66
39
49
17
6
5
12
3
-19
-10
-19
1
25
26
17
18
18
35
37
30
36
50
53
44
56
67
55
64
67
57
61
64
60
31
26
32
9
2
-10
-16
-12
4
5
7
7
7
21
20
33
22
45
74
91
89
74
75
75
74
65
62
85
89
93
68
39
23
24
37
27
34
44
34
21
7
-4
4
8
21
20
26
44
51
39
40
26
40
69
62
62
69
67
76
89
106
133
122
123
128
125
146
145
135
132
137
128
118
123
108
101
98
104
99
99
73
46
57
59
58
51
32
14
1
-1
-15
-34
-41
-21
-30
-27
-31
-34
-18
-37
-27
10
11
5
38
51
60
60
25
42
47
40
53
56
39
27
36
24
11
13
11
12
20
22
20
6
8
6
15
17
23
23
31
30
37
52
40
53
53
57
62
50
68
66
62
57
48
31
38
22
24
25
18
9
-4
-6
3
7
8
13
-20
-18
-19
-2
8
13
4
5
-12
0
2
-2
14
24
23
13
11
0
22
38
49
64
79
83
77
84
103
95
108
100
101
114
105
99
106
99
76
77
53
43
22
11
-21
-32
-30
-43
-49
-53
-51
-53
-49
-51
-83
-76
-60
-45
-32
-19
-22
-18
-29
-29
-9
3
37
28
20
23
7
6
7
7
2
-14
-27
-29
-45
-54
-59
-60
-49
-44
-35
-41
-61
-52
-17
-16
-34
-26
-8
6
13
25
28
41
34
44
38
32
41
36
40
33
17
14
11
28
16
-10
-9
-22
-9
-37
-40
-59
-74
-71
-97
-109
-89
-85
-94
-89
-109
-106
-102
-76
-80
-60
-54
-63
-41
-49
-46
-35
-16
-16
-4
6
14
18
44
68
76
67
77
92
89
86
82
90
94
77
63
54
58
52
48
49
29
22
1
4
-2
-15
-34
-44
-57
-71
-73
-73
-65
-74
-56
-43
-36
-22
-15
10
22
17
41
21
19
20
20
38
33
25
10
-1
9
16
17
-7
-19
-24
-53
-51
-62
-71
-64
-79
-71
-58
-63
-61
-54
-40
-31
-20
-11
-10
14
38
43
33
38
63
60
65
78
78
71
64
42
33
18
15
-1
-19
-17
-47
-61
-78
-81
-94
-100
-100
-107
-111
-121
-127
-144
-125
-131
-111
-125
-115
-97
-105
-102
-86
-79
-77
-54
-47
-15
-20
-7
-12
-13
5
13
-3
21
24
14
40
17
42
40
32
19
17
0
-26
-16
-23
-26
-35
-45
-29
-28
-60
-68
-75
-74
-57
-51
-55
-60
-72
-60
-68
-73
-52
-50
-47
-15
-23
-27
-8
-13
-11
-12
-16
-43
-26
-34
-48
-55
-47
-53
-79
-77
-94
-81
-90
-88
-83
-86
-92
-107
-102
-88
-92
-87
-67
-45
-33
-45
-31
-24
-33
-10
14
10
24
20
27
40
22
10
17
29
20
14
13
-4
-19
-10
-16
-3
-15
-32
-36
-42
-68
-85
-83
-95
-100
-111
-100
-120
-102
-94
-98
-89
-76
-78
-78
-55
-61
-38
-36
-19
-5
7
-8
-7
-4
-12
4
14
40
53
66
67
40
34
39
43
31
22
32
16
9
-13
-16
-32
-52
-54
-42
-54
-44
-30
-47
-38
-46
-64
-64
-35
-22
-11
-15
-8
-8
-13
3
-13
-15
-4
-20
-9
-15
-20
-31
-25
-26
-34
-36
-46
-43
-70
-51
-53
-32
-30
-54
-51
-47
-42
-52
-43
-49
-37
-20
-20
-12
-1
1
-9
-7
2
8
14
9
27
13
1
31
28
40
50
45
49
43
45
34
34
20
15
23
8
3
-29
-39
-66
-66
-55
-86
-77
-88
-112
-113
-111
-114
-86
-89
-97
-97
-90
-66
-50
-31
-26
-14
0
17
13
23
37
57
60
62
58
56
57
72
68
39
33
28
2
18
4
-10
-11
-27
-38
-56
-38
-43
-49
-40
-53
-52
-21
-22
-30
-14
-15
-17
-34
-2
-12
-25
-10
-1
-2
-9
8
-7
-18
-28
-22
-35
-33
-46
-55
-50
-59
-53
-55
-79
-74
-54
-61
-59
-53
-49
-38
-55
-42
-34
-45
-33
-20
1
-4
1
9
11
4
24
37
35
42
39
45
47
43
44
24
30
16
12
18
27
35
28
28
0
-3
3
-19
-27
-18
-33
-52
-45
-62
-69
-67
-61
-73
-63
-49
-54
-53
-56
-52
-28
-48
-28
-22
-42
-9
-3
11
36
44
28
32
50
35
40
41
27
31
31
16
12
12
-6
6
-2
-19
-23
-3
11
-9
-28
-6
-10
-14
-2
4
2
10
21
10
10
20
22
54
38
45
42
32
42
31
43
34
27
46
36
11
7
-6
-2
-15
-12
4
-7
-14
-14
-25
-19
-11
-24
-27
-11
3
5
10
15
22
13
5
24
35
27
29
34
35
38
47
40
50
33
15
19
12
15
17
27
9
6
2
1
-1
-5
-4
-12
-10
-20
-35
-29
-26
-47
-24
-59
-55
-36
-59
-44
-46
-48
-51
-41
-25
-19
-18
-12
8
6
2
3
11
11
4
-2
22
16
14
8
-2
13
7
-11
0
2
-13
1
-4
3
-4
-9
-6
-4
-4
-1
5
22
33
34
42
46
62
44
50
54
57
65
57
60
68
57
49
43
48
43
28
31
18
21
9
-1
-5
-22
-20
-14
-12
-23
-12
-11
-11
6
-6
-2
15
23
24
40
36
44
39
36
41
54
51
62
81
52
52
62
34
57
51
45
39
41
40
22
25
9
19
42
17
18
16
2
1
-16
-21
-7
-27
7
8
-6
-4
-19
-4
-5
2
2
4
10
4
-6
0
-12
2
16
3
13
-2
1
13
0
1
9
-1
10
-5
-3
-3
-9
-17
-32
-21
-26
-29
-29
-11
-19
-15
-16
-16
-11
-6
-4
-5
-3
13
9
8
3
0
8
12
12
1
9
8
3
-9
-5
-9
-25
-27
-24
-27
-30
-36
-38
-44
-42
-35
-36
-36
-41
-31
-45
-54
-40
-27
-42
-21
-17
-31
-5
8
-28
-20
-4
-11
-12
-16
-26
-15
-1
-15
16
9
14
17
18
14
6
3
8
7
-7
-14
-12
-13
-21
-16
-16
-13
-41
-15
-12
-27
-25
-24
-26
-17
-9
-18
-12
-15
-12
-11
-15
-5
11
23
19
22
24
30
31
41
47
44
46
52
39
22
18
41
25
17
15
18
24
8
2
-2
6
-1
15
25
27
18
14
18
19
28
30
33
37
27
24
26
20
21
31
27
31
25
14
9
4
-15
-21
-2
-6
-14
-12
-16
-23
-35
-21
-12
-7
-17
-14
-14
-14
-3
-9
-2
20
17
3
6
7
33
21
0
0
13
14
28
17
25
42
44
43
32
37
23
15
5
17
24
10
4
4
0
-12
4
11
9
13
15
-5
3
0
-7
10
2
-4
-12
-9
-21
-21
-3
-4
16
3
-11
14
-1
-3
24
28
28
29
14
37
33
18
28
34
28
10
12
22
27
18
13
7
3
10
10
11
5
10
14
13
21
29
20
24
18
16
17
11
34
20
39
27
8
19
13
16
10
-1
1
-9
-13
-7
-16
-33
-31
-31
-50
-50
-44
-50
-55
-40
-45
-48
-46
-54
-46
-44
-44
-30
-20
-37
-29
-15
-17
-13
4
9
-15
-13
4
-8
7
-5
-3
17
-6
-1
-10
-13
-19
5
10
-5
28
19
-4
0
7
6
9
29
22
10
-5
25
22
3
7
4
20
-10
-1
-14
-31
-38
-20
-23
-32
-31
-32
-30
-51
-33
-19
-31
-27
-12
-8
9
12
-10
1
5
22
24
10
17
17
8
12
14
1
11
10
4
2
6
6
0
3
-7
-8
-10
-21
-12
1
-4
-9
-15
-17
-9
-1
-19
-27
-16
-11
-12
-3
-5
-19
-7
-13
-21
-13
-25
-21
-26
-31
-30
-14
-2
-15
-20
-21
-9
-12
-12
-20
-22
-16
-16
-21
-26
-12
-26
-15
-11
-2
0
-3
0
4
5
12
30
15
17
15
22
24
17
19
19
21
17
12
5
8
4
-8
1
0
-4
-21
0
-9
-15
-20
-29
-12
-19
-21
-34
-32
-29
-25
-30
-17
-7
-10
-11
-22
4
-16
-11
13
12
16
-7
-3
1
2
15
30
15
23
28
29
28
29
14
19
24
5
22
9
37
33
31
22
30
30
20
43
34
31
28
33
40
33
38
38
32
21
14
20
13
18
6
-5
-6
-14
-18
-20
-8
-30
-21
-29
-30
-25
-31
-22
-19
-27
-29
-26
-39
-20
-26
-38
-26
-24
-15
-25
-16
-4
-17
-13
-13
-24
1
-10
-12
-9
6
-6
-5
-7
-4
-17
-13
-4
-16
-5
-25
-22
-19
-13
-12
-7
-22
-20
-29
-14
-20
-30
-6
-30
-25
-20
-23
-27
-41
-59
-31
-37
-49
-29
-41
-43
-33
-26
-32
-8
-13
-35
-36
-37
-31
-26
-18
-23
-39
-31
-29
-32
-20
-10
-11
5
-6
-2
2
-8
8
6
4
16
13
25
17
13
14
3
1
-14
4
6
-5
-13
-25
-29
-24
-26
-35
-31
-29
-26
-23
-31
-21
-31
-19
-18
-31
-55
-41
-49
-54
-48
-55
-38
-51
-46
-55
-56
-49
-42
-38
-45
-30
-37
-53
-42
-47
-54
-38
-60
-59
-62
-63
-65
-54
-63
-61
-53
-69
-56
-67
-49
-56
-49
-55
-56
-43
-46
-52
-47
-54
-49
-43
-45
-43
-56
-60
-65
-50
-60
-47
-46
-52
-47
-53
-58
-56
-71
-75
-58
-47
-44
-59
-55
-64
-79
-69
-72
-77
-75
-65
-68
-60
-43
-64
-58
-49
-52
-42
-38
-32
-41
-40
-42
-31
-27
-20
-32
-31
-12
-18
-14
-18
-19
-30
-37
-40
-20
-18
-25
-32
-27
-28
-44
-28
-26
-8
-13
-40
-43
-38
-10
-27
-25
-25
-39
-32
-34
-43
-31
-16
-19
-21
-16
-19
-27
-22
-31
-41
-25
-34
-56
-44
-40
-55
-44
-33
-39
-34
-51
-50
-32
-36
-42
-30
-30
-21
-19
-13
-18
-17
-14
-8
-5
-8
-1
7
7
-12
-1
-1
-3
-5
7
13
11
-5
-9
8
13
-7
-11
-17
-36
-36
-26
-37
-37
-26
-28
-31
-33
-44
-55
-47
-44
-32
-29
-35
-48
-39
-41
-46
-30
-53
-40
-44
-55
-46
-29
-22
-34
-32
-33
-25
-41
-39
-32
-31
-30
-30
-23
-41
-40
-24
-26
-12
-11
-26
-21
-17
-33
-12
-14
-18
-8
-8
-12
-22
-33
-13
-18
-19
-26
-25
-7
-22
-16
-14
-22
-15
-10
-10
-20
-14
-22
-20
-7
-20
-24
-26
-26
-24
-40
-39
-35
-44
-27
-38
-54
-30
-35
-43
-40
-53
-46
-43
-36
-22
-22
-24
-26
-24
-16
-37
-16
-20
-22
-12
-25
-26
-17
-14
-37
-28
-27
-16
-14
-26
-26
-33
-35
-36
-41
-43
-45
-58
-51
-57
-54
-45
-64
-62
-58
-57
-37
-53
-38
-31
-32
-36
-31
-25
-33
-24
-38
-26
-26
-15
-18
-21
-33
-17
-24
-24
-21
-33
-24
-37
-31
-40
-28
-30
-36
-23
-32
-17
-19
-36
-18
-25
-13
-4
12
3
-19
-14
-12
-7
7
17
-6
-13
-6
-8
0
6
14
3
19
3
4
9
2
14
2
-3
-22
-24
-25
-24
-11
-9
-4
-18
-5
4
-5
-6
-27
-38
-13
-23
-25
-28
-41
-29
-22
-40
-32
-30
-33
-26
-44
-37
-34
-22
-39
-32
-9
-18
-32
-26
-18
-39
-46
-30
-33
-31
-32
-43
-33
-42
-34
-43
-42
-35
-32
-20
-34
-33
-24
-22
-30
-38
-19
-22
-25
-3
-23
-10
-17
-29
-8
-27
-8
1
-6
-6
-21
-16
-19
-11
-14
-17
-6
-16
-10
-18
-28
-31
-24
-8
-25
-32
-24
-29
-15
-9
-22
-32
-30
-24
-20
-22
-23
-26
-35
-38
-32
-34
-32
-24
-20
-22
-18
-11
-9
-6
-3
-11
-15
-15
0
-17
-13
-17
-31
-22
-48
-35
-35
-34
-17
-18
-23
-30
-28
-22
-37
-32
-28
-29
-21
-32
-20
-8
-9
-17
-16
-11
-22
-2
25
-5
8
12
-6
1
5
3
-5
15
-6
-15
-7
-3
-19
-12
-29
-33
-32
-28
-17
-41
-33
-26
-23
-34
-37
-31
-39
-53
-41
-20
-29
-25
-24
-18
-15
-26
-21
-10
-14
-22
-30
-37
-37
-15
-13
-8
-22
-29
-41
-47
-40
-22
-27
-40
-21
-33
-30
-14
-25
-40
-39
-41
-47
-36
-23
-24
-24
-29
-29
-19
-27
-38
-28
-34
-45
-32
-33
-22
-15
-13
-9
-23
-10
-19
-12
-18
-20
-20
-31
-23
-24
-18
-13
3
-7
-19
-3
-6
-1
-11
-6
-15
-13
-4
-23
-18
-35
-25
-28
-24
-9
-20
-25
-21
-17
-14
-22
-14
-19
-30
-21
-16
-21
-25
-19
-14
3
-7
2
-4
-11
2
-22
-26
-17
-24
-27
-19
-29
-35
-10
-20
-24
-25
-26
-32
-30
-28
-31
-25
-25
-41
-37
-12
-25
-30
-14
-22
-20
-13
-17
-21
-27
-34
-18
-17
-23
-29
-32
-38
-35
-35
-36
-41
-55
-65
-53
-44
-44
-58
-68
-51
-64
-49
-54
-67
-51
-51
-53
-46
-42
-56
-51
-43
-51
-40
-36
-31
-28
-32
-33
-19
-24
-38
-46
-37
-42
-46
-49
-61
-39
-52
-65
-46
-49
-60
-49
-64
-70
-68
-54
-49
-60
-56
-46
-46
-42
-56
-47
-50
-40
-38
-44
-27
-24
-28
-22
-22
-18
-28
-20
-25
-30
-38
-30
-19
-18
-15
-28
-7
-17
-29
-27
-28
-29
-34
-33
-48
-50
-42
-36
-40
-50
-43
-57
-58
-51
-41
-51
-56
-42
-49
-51
-34
-23
-23
-13
-30
-26
-21
-20
-16
-23
-25
-27
-25
-25
-19
-7
-23
-35
-28
-30
-26
-35
-45
-29
-38
-44
-44
-51
-42
-34
-41
-44
-49
-32
-39
-35
-42
-40
-27
-28
-31
-14
-15
-30
-18
-30
-37
-24
-31
-38
-19
-23
-13
-22
-29
-32
-45
-42
-30
-34
-27
-38
-30
-34
-42
-39
-46
-44
-42
-34
-40
-28
-36
-33
-40
-20
-24
-20
-13
-23
-15
-22
9
-13
-14
-5
-14
-22
-18
-8
-11
-3
-5
-14
-11
-15
-15
-22
-33
-29
-46
-34
-34
-30
-37
-40
-37
-32
-25
-36
-27
-37
-40
-45
-40
-33
-28
-31
-33
-36
-26
-23
-24
-18
-16
-19
-5
2
1
9
3
8
-13
-13
-13
-19
-17
-17
-18
-19
-37
-36
-38
-42
-37
-43
-37
-43
-43
-38
-45
-48
-56
-36
-36
-42
-40
-38
-36
-41
-24
-35
-39
-31
-28
-30
-19
-10
-15
-21
-23
-10
-22
-19
-23
-25
-31
-25
-42
-45
-36
-46
-42
-37
-35
-35
-36
-35
-41
-44
-49
-50
-53
-36
-32
-27
-28
-38
-32
-33
-23
-27
-13
-12
-14
-14
-13
-11
-2
-14
-19
-20
0
11
-1
-13
-6
-15
-13
-17
-30
-11
-30
-39
-37
-35
-29
-31
-38
-40
-29
-43
-46
-31
-30
-46
-43
-35
-37
-32
-35
-24
-40
-39
-26
-31
-27
-21
-12
-4
-14
-19
-29
-24
-30
-39
-40
-39
-40
-38
-29
-37
-39
-45
-44
-44
-54
-56
-52
-48
-47
-50
-44
-39
-47
-35
-42
-40
-34
-29
-24
-30
-23
-33
-25
-22
-25
-33
-43
-33
-44
-33
-44
-45
-39
-43
-49
-48
-44
-55
-65
-77
-57
-66
-75
-73
-64
-66
-69
-68
-56
-58
-49
-44
-46
-56
-41
-37
-41
-38
-45
-29
-34
-37
-36
-22
-24
-32
-33
-25
-20
-40
-36
-30
-43
-36
-34
-39
-57
-55
-55
-54
-44
-58
-60
-51
-51
-63
-67
-56
-46
-76
-59
-33
-45
-51
-37
-32
-40
-29
-22
-28
-34
-21
-12
-24
-17
-24
-22
-20
-7
-25
-31
-19
-24
-14
-8
-31
-30
-18
-17
-23
-36
-33
-36
-25
-28
-27
-34
-26
-38
-24
-29
-33
-23
-21
-24
-20
-11
-17
-22
-16
-7
-6
0
-4
-5
5
0
-6
4
-14
-1
-14
-21
-14
-28
-31
-25
-24
-28
-23
-18
-26
-26
-3
-20
-16
-8
-25
-17
-14
-14
5
-2
-17
6
-3
-9
-1
4
5
3
4
0
8
6
5
14
0
5
13
-4
-7
14
4
3
11
9
4
-21
-15
-14
-16
0
-11
-18
-1
-9
-8
2
10
5
-4
-4
-1
-6
-12
-1
3
0
5
7
16
15
10
6
0
4
24
9
8
12
8
7
-5
-14
-17
-23
-14
-12
-15
-28
-32
-16
-27
-38
-24
-27
-30
-23
-28
-6
-15
-16
-11
-23
-5
-7
-8
-2
3
-8
-10
-2
-10
-5
-10
-16
-11
-20
-24
-16
-18
-28
-20
-21
-28
-21
-22
-21
-12
-7
-22
-21
-14
-11
-21
-2
-13
-20
-3
-15
-14
-9
3
-2
-3
0
-8
-14
-11
-20
-18
-15
5
-26
-21
-13
-19
-20
-44
-31
-28
-23
-34
-20
-37
-39
-32
-23
-35
-39
-18
-47
-42
-44
-33
-25
-33
-27
-32
-33
-20
-16
-18
-10
-17
-9
-5
-11
-21
-2
9
-2
-4
-16
-14
-2
-4
-9
-3
-12
-5
-5
-13
-16
-26
-22
-24
-36
-38
-29
-21
-39
-44
-51
-38
-37
-32
-21
-30
-27
-30
-26
-33
-31
-24
-15
-29
-27
-16
-8
-13
-3
2
5
-7
-16
-25
-19
-7
-19
-17
-26
-26
-18
-20
-37
-25
-24
-16
-30
-23
-23
-33
-19
-20
-13
-24
-15
-17
-4
-11
-18
-5
-10
-6
0
6
6
-1
12
-3
-10
-11
-8
-4
-13
-2
-14
-10
-7
-16
-9
-15
-23
-20
-16
-19
-55
-45
-43
-46
-49
-50
-51
-57
-52
-63
-45
-35
-32
-41
-30
-36
-36
-27
-41
-11
-12
-27
-20
-8
-14
-6
-3
-3
-15
-11
-17
-24
-22
-18
-19
-7
-8
-12
-13
-37
-28
-45
-46
-18
-24
-30
-19
-21
-12
-12
-18
-14
-31
-25
-7
-20
-16
-15
-5
-17
-18
-8
-16
-9
-17
-14
-6
-23
-14
0
-6
-17
-13
-6
-9
-19
-6
-20
-31
-14
-9
-2
-3
1
8
3
14
7
8
6
10
23
7
8
10
18
24
25
3
15
22
18
20
10
20
11
4
8
10
-5
-2
-8
0
-2
-14
10
-15
-8
2
-20
-23
-24
-39
-36
-29
-36
-36
-26
-39
-22
-8
-23
-27
-33
-14
-20
-20
-17
-18
-8
-22
-6
-10
-23
-3
-17
11
-4
-6
11
0
-4
-10
14
17
11
14
11
10
8
-1
13
6
4
-10
-5
11
9
3
-17
-5
-2
-7
2
-3
-13
-13
-3
1
4
-6
-7
-22
-20
-24
-32
-23
-27
-7
-20
-28
-37
-31
-26
-26
-16
-22
-19
-29
-33
-37
-26
-40
-31
-25
-19
-3
-19
-24
-22
-5
-19
-22
-9
-2
5
10
11
21
14
17
22
14
17
2
3
8
6
2
3
1
-2
-15
-16
-17
-23
-29
-22
-23
-36
-35
-42
-33
-31
-27
-23
-39
-26
-23
-21
-15
-33
-12
-22
-8
1
-20
-15
-7
-4
-18
-1
-4
-6
-4
-13
-3
-9
-13
-11
4
10
10
-1
12
14
5
10
-10
1
11
6
-3
4
13
7
3
-16
-11
-5
-4
-12
-15
-20
-18
-27
-26
-4
2
-21
-12
-17
-25
-18
-26
-13
-18
-17
-29
-21
-34
-46
-32
-43
-27
-28
-25
-18
-17
-23
-24
-24
-34
-31
-28
-7
-21
-17
-7
-10
0
0
10
10
9
8
9
13
23
13
14
15
23
22
30
21
10
15
23
12
1
11
17
9
-3
10
6
25
13
7
-2
-17
8
0
-1
-11
2
-5
-1
-2
-3
-2
-17
3
0
-11
-15
-4
-20
-6
2
-18
-21
-22
-10
-19
-11
-29
-24
-28
-21
-17
-24
-11
-31
-26
-29
-32
-39
-26
-17
-27
-22
-12
-4
-22
-13
-7
-15
-7
-19
0
-8
-6
-1
-25
-26
-20
-10
-17
-18
3
-16
-34
-16
-40
-39
-23
-12
-13
-27
-18
-26
-35
-33
-44
-36
-38
-29
-31
-37
-35
-28
-31
-28
-14
-33
-34
-14
-13
-5
-15
-25
-8
-16
-13
-21
-18
-22
-30
-20
-10
-15
-19
-16
-13
-14
-21
-8
-18
-20
-27
-27
-18
-31
-42
-26
-38
-30
-36
-44
-43
-41
-36
-45
-43
-45
-35
-45
-43
-63
-53
-52
-53
-62
-69
-53
-50
-60
-71
-52
-57
-57
-65
-62
-56
-64
-66
-64
-64
-69
-75
-82
-75
-60
-87
-90
-57
-68
-78
-71
-70
-77
-64
-68
-68
-63
-51
-47
-54
-53
-61
-63
-59
-44
-54
-54
-64
-51
-66
-69
-58
-76
-76
-63
-69
-71
-72
-77
-78
-75
-68
-87
-83
-90
-66
-82
-86
-74
-86
-76
-86
-85
-82
-84
-72
-70
-53
-58
-55
-56
-70
-32
-33
-46
-37
-55
-49
-48
-65
-51
-61
-66
-59
-51
-40
-53
-52
-49
-50
-56
-69
-63
-61
-59
-58
-64
-53
-62
-54
-46
-46
-51
-45
-53
-50
-37
-54
-60
-47
-45
-33
-29
-19
-26
-51
-34
-25
-30
-30
-17
-27
-32
-39
-40
-37
-28
-29
-29
-27
-35
-37
-29
-16
-29
-20
-6
-26
-35
-32
-30
-24
-18
-16
-28
-18
8
-17
-18
-23
-18
-4
-6
-12
-18
-18
-22
-25
-28
-39
-31
-26
-19
-28
-56
-47
-47
-52
-47
-41
-35
-40
-45
-49
-58
-47
-34
-52
-37
-38
-43
-26
-39
-36
-39
-28
-34
-22
-28
-28
-31
-28
-35
-37
-25
-31
-16
-31
-30
-29
-44
-31
-23
-39
-32
-30
-32
-40
-35
-22
-24
-23
-29
-26
-36
-21
-23
-24
-17
-33
-32
-15
-36
-20
-27
-31
-39
-45
-30
-45
-40
-49
-38
-31
-34
-52
-49
-41
-45
-55
-47
-46
-51
-51
-42
-39
-39
-39
-41
-51
-43
-24
-39
-33
-28
-39
-35
-45
-46
-36
-51
-30
-19
-28
-25
-33
-21
-27
-27
-27
-28
-24
-28
-36
-44
-34
-18
-30
-29
-34
-35
-25
-41
-21
-33
-40
-34
-42
-32
-44
-57
-51
-51
-49
-40
-50
-56
-43
-38
-46
-51
-45
-39
-38
-25
-33
-39
-22
-30
-34
-31
-31
-12
-12
-15
0
-15
-13
-11
-11
-20
2
-4
-12
-22
-24
-17
-5
-17
-26
-21
-32
-29
-44
-40
-32
-32
-28
-26
-27
-26
-33
-7
-13
-29
-24
-34
-14
-13
-22
-16
-9
-13
5
-4
-7
-8
-17
-22
-26
-27
-31
-20
-38
-34
-42
-28
-30
-42
-38
-24
-19
-20
-12
-23
-18
-6
-18
-11
-6
-5
-12
-17
-24
-24
-13
-15
-11
-23
-11
-11
-17
-13
-28
-39
-19
-34
-35
-19
-20
-23
-34
-22
-24
-27
-17
-19
-18
-27
-31
-35
-10
-18
-24
-21
-15
-15
-15
-14
-8
-9
-13
-15
-17
-17
-9
-6
-24
-22
-1
6
4
-7
-18
-6
6
4
-4
10
2
5
5
-12
-11
-20
-15
-5
0
-9
-5
-7
-15
2
-10
-9
3
-5
-7
-11
-2
4
-5
-1
2
1
-9
4
2
7
11
-6
-9
-2
-4
-7
7
-9
10
-4
-9
-5
-10
-8
-11
-9
0
-13
-12
7
-8
-20
-3
-16
-11
-8
-19
-7
-5
-2
13
-4
-9
4
9
-7
22
18
0
4
-2
9
11
15
2
20
25
4
3
6
12
6
24
16
17
20
2
4
8
28
22
22
28
20
20
17
18
10
23
10
30
15
4
22
19
37
40
37
32
40
39
40
33
29
25
37
49
24
36
40
15
13
13
8
-2
12
7
10
28
11
18
16
21
15
13
22
19
7
17
17
7
6
5
17
10
22
19
22
35
26
33
20
13
23
34
21
12
22
29
35
27
31
20
5
18
20
27
14
4
24
13
33
33
14
26
29
33
19
32
32
31
46
37
30
18
26
23
29
32
32
25
24
24
40
42
35
32
33
22
21
30
8
10
8
28
9
-7
11
-3
5
19
2
-4
1
-19
-20
-10
-2
-7
4
-17
-9
4
3
5
-8
-4
1
6
-4
-12
1
3
-1
9
-6
-4
0
5
2
14
11
21
16
-5
7
16
-4
-5
8
-5
-11
-3
4
9
-4
-9
3
4
12
7
-8
14
-7
7
13
1
13
-2
5
-14
-9
-22
-18
-14
-9
-6
-7
-3
4
13
0
-2
-3
10
6
9
16
8
5
16
8
9
21
12
24
13
27
19
16
25
33
46
37
37
36
28
22
34
22
27
27
24
31
25
17
41
31
33
22
27
36
27
31
24
26
8
15
34
30
33
29
28
22
21
25
21
18
21
27
30
26
41
48
32
35
33
27
43
37
37
36
32
35
45
31
26
41
36
47
42
36
43
46
40
35
38
17
39
34
28
33
28
13
14
5
11
18
8
29
29
29
15
18
10
14
15
8
11
4
15
-1
13
18
26
25
24
30
7
32
20
34
26
19
30
27
34
25
32
21
22
7
-1
17
19
18
11
20
20
15
23
23
27
30
25
13
18
12
26
33
36
36
29
31
20
29
14
7
-8
1
-5
0
1
-16
-5
9
10
-11
-16
-9
-7
8
15
-7
-14
-6
-2
-1
-11
-6
-12
-26
-9
2
-13
2
3
-12
10
0
-10
0
10
5
11
-2
-14
-13
-23
-12
3
6
11
-7
-12
18
8
11
14
5
6
2
7
2
-10
-8
-1
-9
-11
-11
-17
-20
-35
-22
-24
-11
-7
-11
-16
-11
-3
-16
-8
-33
-26
-27
-21
-15
-17
-15
-9
-15
-27
-27
-27
-29
-35
-23
-25
-25
-30
-25
-29
-21
-22
-26
-25
-21
-6
-32
-29
-23
-28
-28
-32
-33
-25
-38
-36
-34
-22
-23
-34
-23
-14
-5
-17
-17
-33
-10
-16
-23
-30
-24
-34
-25
-19
-59
-37
-37
-41
-33
-35
-35
-28
-45
-37
-42
-54
-45
-31
-43
-37
-44
-44
-32
-57
-40
-36
-41
-47
-37
-35
-36
-22
-20
-20
-19
-20
-12
-25
-28
-16
-14
-11
-19
-18
-20
-10
-14
-22
-28
-19
-18
-15
-19
-37
-32
-34
-39
-46
-37
-36
-30
-25
-50
-33
-49
-47
-41
-44
-49
-42
-30
-27
-39
-57
-46
-60
-54
-53
-65
-42
-54
-43
-40
-46
-48
-61
-35
-34
-62
-46
-50
-56
-52
-41
-34
-34
-33
-45
-38
-50
-42
-41
-54
-55
-39
-32
-31
-30
-36
-32
-18
-28
-28
-18
-25
-18
-19
-22
-37
-27
-25
-34
-40
-43
-28
-25
-28
-20
-16
-28
-32
-28
-30
-43
-56
-41
-31
-30
-31
-40
-39
-35
-41
-42
-30
-29
-29
-29
-39
-45
-35
-34
-20
-23
-19
-26
-24
-24
-23
-27
-29
-32
-13
-15
-26
-19
-15
-18
-18
-11
-18
-6
-22
-30
-31
-38
-42
-19
-26
-27
-28
-16
-26
-11
-11
-8
-28
-24
-24
-25
-20
-26
-4
-28
-19
-26
-27
-23
-6
-10
-16
-6
-12
-12
-24
-9
-19
-23
-18
-24
-13
-32
-13
-13
-25
-22
-16
-13
-28
-26
-20
-17
-21
-16
-21
-29
-6
-12
-7
-16
-25
-18
-36
-38
-27
-8
-26
-24
-18
-13
-12
-13
-7
-22
-6
-16
-15
-22
-26
-35
-33
-27
-33
-47
-53
-36
-39
-34
-41
-34
-46
-48
-42
-28
-38
-61
-54
-48
-47
-52
-49
-54
-50
-47
-48
-49
-43
-39
-40
-51
-41
-48
-33
-32
-29
-28
-40
-31
-36
-29
-45
-31
-46
-39
-37
-30
-30
-35
-28
-16
3
-11
-20
-22
-30
-19
-24
-29
-22
-23
-16
-15
-16
-18
-8
-3
-4
-23
-11
-27
-29
-26
-35
-40
-35
-42
-45
-33
-41
-33
-22
-20
-19
-20
-27
-20
-23
-9
-13
-40
-21
-17
-21
-19
-37
-26
-36
-38
-22
-41
-31
-37
-10
-20
-30
-1
-26
-20
-19
-22
-32
-13
-24
-20
-14
-29
-38
-23
-26
-19
-7
-25
-21
-28
-19
-15
-34
-20
-11
-11
-20
-3
-3
2
-19
-23
-17
-40
-42
-31
-34
-39
-33
-36
-20
-29
-21
-15
-23
-29
-21
-26
-32
-17
-26
-2
-15
-5
8
-13
-1
-9
-14
-2
-3
-14
-11
9
-4
3
-6
2
9
-19
-11
-14
-8
-8
-7
-11
-3
-3
-8
-2
-10
-3
7
18
-6
5
3
-4
0
5
1
-4
3
1
-3
11
0
-11
-4
-3
-5
-13
-7
-21
-16
-24
-23
-7
-23
-15
-13
-12
-11
-39
-23
-27
-26
-24
-36
-33
-27
-33
-40
-26
-31
-39
-50
-39
-32
-35
-45
-47
-46
-28
-28
-38
-35
-26
-39
-34
-27
-29
-38
-37
-33
-41
-40
-55
-42
-43
-42
-27
-40
-31
-21
-30
-39
-41
-22
-22
-29
-14
-9
-14
-13
-17
-20
-28
-19
-16
-25
-22
-23
-23
-29
-12
-7
-14
-21
-30
-32
-24
-35
-35
-32
-15
-8
-25
-33
-28
-30
-39
-31
-26
-34
-31
-27
-32
-32
-44
-24
-20
-30
-29
-30
-30
-31
-30
-29
-52
-35
-36
-34
-23
-29
-33
-39
-39
-24
-24
-32
-25
-27
-26
-30
-33
-33
-17
-7
-26
-32
-21
-25
-22
-33
-27
-10
-31
-30
-39
-29
-22
-31
-12
-29
-31
-29
-39
-31
-31
-33
-24
-25
-28
-27
-25
-38
-44
-47
-42
-48
-53
-48
-39
-34
-47
-46
-40
-42
-40
-32
-30
-30
-26
-24
-24
-28
-19
-11
-1
-9
3
-1
-25
-27
-20
-19
-22
-6
-10
-7
-16
-11
-15
-10
2
-26
-16
-25
-14
-17
-37
-6
-15
-32
-27
-21
-22
-21
-28
-19
-30
-25
-31
-26
-18
-8
-20
-27
-24
-29
-6
-7
-13
-19
-13
1
-16
-13
6
13
8
-13
-6
1
-9
-1
2
-3
-6
-6
3
-7
-5
8
8
17
17
16
11
29
16
9
9
3
5
6
13
-3
7
-9
2
5
9
-8
-4
-2
-1
-10
-6
-1
-10
-6
-5
-5
-11
-21
-20
-18
-34
-33
-24
-22
-23
-20
-21
-10
-4
-10
-10
-11
0
6
6
1
18
16
6
0
-2
-2
3
-3
-14
-17
-21
-9
-10
-4
-6
-6
-10
-9
-12
-16
-19
-24
-14
-16
-25
-7
-7
-16
-5
8
1
-1
-6
-1
-10
-1
-1
19
3
-11
4
-1
21
7
3
8
11
7
7
0
-7
-6
2
11
5
-1
10
7
-2
-1
9
7
17
5
-12
-7
5
0
-6
-12
4
11
4
15
12
-6
13
18
8
5
17
13
18
17
16
20
29
28
33
28
9
23
29
43
27
33
42
20
29
23
13
25
37
32
30
14
15
13
17
43
15
28
14
27
28
33
30
17
36
38
41
35
43
43
39
39
48
35
36
32
41
50
51
48
51
51
55
55
42
52
58
45
45
51
59
44
40
36
31
28
43
56
35
37
35
37
29
36
28
42
37
26
42
59
41
33
38
20
50
35
26
27
32
42
41
23
24
30
28
31
21
21
20
20
8
19
10
25
22
16
34
50
31
27
28
34
27
21
34
36
49
24
26
27
27
25
33
33
24
14
17
21
29
32
38
32
20
19
22
39
23
38
27
19
21
29
26
25
49
27
33
33
25
22
25
19
36
40
28
28
35
26
31
36
19
25
17
31
24
19
35
15
5
21
21
26
34
28
27
30
17
20
28
27
29
37
46
56
46
39
36
41
29
59
52
38
39
45
58
47
48
46
58
58
60
57
66
69
62
69
55
57
57
63
69
67
58
59
55
69
59
39
64
58
63
42
50
42
59
62
43
43
41
52
52
55
44
55
40
39
56
47
34
50
46
34
47
61
42
24
38
47
49
43
57
57
50
42
46
39
29
41
35
44
43
31
37
61
42
28
45
38
37
55
47
59
48
37
55
52
28
27
29
30
44
36
33
47
33
33
40
49
50
43
49
51
44
36
35
41
38
38
44
49
56
46
53
39
50
45
44
31
57
63
50
55
50
62
43
43
53
54
30
28
41
51
44
55
40
41
47
32
33
41
41
33
32
31
42
34
29
28
42
50
36
38
37
44
51
39
32
25
32
41
42
27
41
44
29
19
21
24
32
39
14
14
10
-4
15
34
22
27
31
17
12
21
16
19
17
17
3
4
17
12
25
14
26
22
18
24
27
37
22
22
14
31
12
17
15
13
16
26
37
19
25
33
28
31
29
35
21
38
38
43
37
20
33
29
43
36
35
21
42
53
39
50
49
38
27
35
30
33
33
40
55
29
27
40
48
51
53
58
54
47
55
70
64
50
58
43
56
51
49
59
38
44
49
67
63
58
47
48
54
49
55
70
52
46
67
59
52
66
74
74
74
69
68
52
81
57
53
71
63
68
66
56
44
61
50
51
53
57
66
61
66
54
52
41
43
51
43
60
57
68
65
55
55
43
59
56
62
53
63
62
59
54
60
55
54
50
57
58
65
64
56
67
40
64
68
48
59
48
59
56
57
53
56
76
57
46
58
45
48
50
49
53
38
42
43
49
47
64
55
43
44
48
49
61
50
53
44
49
38
47
36
40
53
54
57
58
59
61
65
41
71
58
61
63
55
68
66
64
77
70
57
65
74
55
55
61
62
61
47
62
56
54
60
60
43
53
48
52
57
50
56
55
53
72
69
51
41
41
43
41
47
41
60
49
34
56
67
58
63
52
43
48
43
70
65
71
58
64
72
69
66
72
74
55
64
42
50
66
64
65
81
66
81
80
70
77
69
64
62
70
86
81
87
94
57
66
69
60
54
64
81
78
79
84
81
71
53
48
74
79
73
83
75
89
83
81
72
71
79
88
96
84
85
83
82
86
82
75
98
94
82
83
65
80
90
87
80
81
88
95
94
94
96
89
86
89
74
69
88
88
76
81
87
94
95
71
88
84
81
82
88
79
80
85
56
63
69
76
81
82
82
78
69
75
90
74
81
81
68
74
78
87
71
69
71
78
80
84
66
53
56
61
62
68
75
77
69
63
67
65
71
62
80
80
75
98
75
71
77
81
69
71
76
58
60
58
64
71
72
62
72
63
64
71
69
68
64
81
66
70
86
82
71
76
81
79
95
74
76
83
68
70
81
64
74
64
63
73
54
68
64
80
72
67
80
80
81
91
87
78
83
98
90
85
83
83
89
87
77
76
84
82
82
83
85
77
85
78
64
76
73
76
74
75
83
73
87
101
93
91
82
75
88
95
77
79
85
79
102
95
85
84
90
86
72
74
94
84
71
69
78
85
92
89
104
104
96
95
83
92
96
104
84
96
101
79
100
82
91
106
69
82
86
84
77
85
88
79
83
78
83
78
81
78
71
84
96
93
91
70
84
92
74
80
92
89
90
83
80
89
78
80
73
90
69
76
89
83
99
84
91
81
82
97
92
67
79
58
75
72
73
79
63
92
76
71
74
85
71
75
75
79
72
72
57
59
83
71
77
61
87
70
68
89
69
75
68
60
79
81
83
75
77
80
64
71
73
74
85
80
86
80
70
78
74
88
84
74
95
85
85
82
84
79
77
84
92
89
102
107
87
98
103
90
95
81
95
94
91
88
76
89
80
71
67
88
81
88
84
72
81
75
70
85
71
73
82
70
75
66
81
75
73
67
55
73
60
58
71
51
64
62
64
64
70
90
66
76
56
75
73
74
83
84
78
72
79
80
86
82
91
86
84
88
87
90
94
84
78
86
78
66
80
72
86
71
62
60
58
68
64
70
70
66
64
74
72
73
68
86
89
66
96
85
76
75
69
63
61
70
71
65
72
91
72
85
76
76
78
73
64
74
96
97
98
97
89
79
81
92
81
83
69
66
67
65
77
76
87
79
83
88
79
89
99
89
100
78
84
98
89
94
85
94
115
