42
36
39
25
36
42
25
27
41
49
48
42
37
34
23
28
38
28
34
44
54
34
29
36
42
48
34
40
39
36
43
32
28
45
44
25
27
25
28
23
18
35
36
32
43
50
45
33
43
41
36
40
37
45
50
45
31
46
48
33
41
62
48
65
64
62
63
45
60
56
67
63
60
51
64
51
49
44
57
58
49
43
49
53
52
50
43
47
56
51
43
50
42
49
27
32
54
42
34
48
36
46
27
30
33
23
37
37
56
51
55
59
42
39
43
36
40
22
36
41
30
38
35
33
20
29
45
34
29
30
37
21
32
21
29
32
30
35
30
26
17
11
18
37
30
34
36
34
18
12
18
19
22
18
17
26
8
20
21
20
22
21
20
18
25
23
21
20
23
19
29
27
32
42
39
40
42
36
35
31
36
24
14
18
14
36
22
22
39
29
37
35
25
39
46
50
50
36
40
45
43
42
41
51
57
53
66
48
60
70
63
66
58
74
56
60
39
59
78
57
49
54
49
36
46
51
55
51
40
30
49
31
37
52
56
51
42
31
27
40
26
38
38
26
11
30
38
26
35
39
50
41
32
34
29
31
38
34
39
28
19
38
41
39
23
24
26
28
26
21
29
32
39
45
36
17
25
31
34
24
16
37
33
24
32
34
24
35
46
40
43
43
54
50
50
37
44
51
34
63
62
40
56
49
44
68
63
63
72
64
62
62
67
64
61
72
58
49
44
55
46
43
35
30
40
50
49
35
28
42
46
47
53
69
69
49
56
36
59
41
48
63
42
48
43
42
48
61
40
45
61
47
48
67
53
57
70
50
49
47
41
38
41
41
33
36
42
44
48
51
39
54
44
35
46
40
37
36
50
42
56
42
50
55
38
46
47
42
46
62
66
44
59
61
45
61
56
50
57
54
52
58
50
57
48
40
35
41
44
43
39
33
49
37
27
47
59
49
46
46
42
54
31
30
29
23
33
20
31
22
29
32
26
32
22
15
9
37
27
22
28
25
13
19
33
20
33
15
22
17
0
17
14
11
27
19
23
21
20
41
30
37
25
33
24
23
37
27
25
27
33
37
40
42
55
35
23
26
32
24
33
37
43
25
30
30
37
34
31
44
37
37
39
38
37
50
36
42
38
45
37
41
32
34
37
33
25
31
30
22
20
18
40
28
30
29
32
32
33
27
42
53
32
35
40
32
38
38
39
36
27
29
31
23
30
35
19
12
11
24
19
21
29
21
18
23
20
18
28
21
36
26
14
24
14
-1
23
4
0
17
9
20
15
18
7
11
19
23
11
26
35
30
40
31
33
48
35
33
39
24
33
25
22
36
22
44
50
40
42
28
40
53
39
27
37
55
44
30
41
48
55
35
48
63
36
48
37
42
42
27
41
29
21
31
34
53
26
36
37
30
48
43
64
41
48
50
50
53
43
52
28
41
44
48
53
40
53
40
46
34
37
16
33
41
24
44
40
30
33
42
36
38
27
26
35
28
41
37
34
41
42
31
46
50
34
54
31
38
42
40
40
42
40
26
20
27
41
23
29
20
32
26
28
23
24
42
24
45
43
36
59
49
39
43
51
50
52
64
47
51
47
47
43
44
50
51
47
45
56
50
72
62
47
52
59
60
56
55
50
51
61
36
49
52
46
56
45
54
42
49
39
42
61
38
33
44
33
44
42
50
43
43
35
36
31
24
30
44
35
20
42
38
40
31
31
25
31
35
31
30
36
26
22
33
30
38
47
39
26
35
40
29
21
20
22
31
23
26
35
34
33
29
30
21
12
9
29
24
17
24
34
32
26
32
31
19
32
33
19
20
19
14
6
8
4
6
6
14
2
1
4
-4
5
-7
-1
8
8
1
10
-3
1
-1
-6
-13
-18
-3
-13
-21
-21
-20
-18
-3
-9
-16
-14
-9
-9
-13
-14
2
-24
-26
-4
-7
-4
-8
-10
-1
-12
4
10
-13
-11
-4
5
-9
-7
9
-4
-10
-13
-14
-4
-7
3
-4
-4
-1
-4
0
-1
4
-2
-3
0
1
5
-6
1
-2
7
9
4
2
-2
-3
15
7
7
-1
6
22
9
18
10
23
14
14
13
8
10
-1
29
20
2
27
19
11
8
23
20
12
10
6
18
18
21
16
5
13
20
20
27
19
21
17
38
16
17
24
8
13
24
10
25
30
22
39
33
39
38
29
36
35
37
41
39
46
44
46
47
50
44
48
58
42
38
53
39
47
42
53
59
47
49
49
53
42
55
55
54
46
58
74
63
53
56
65
54
45
49
54
50
57
49
63
73
54
55
48
39
65
53
45
36
37
43
41
45
34
36
32
34
33
38
33
43
27
30
26
31
42
35
32
28
27
15
30
25
36
30
35
42
27
26
9
20
7
23
12
14
28
29
12
9
22
6
15
5
15
30
4
9
23
20
27
20
11
19
34
28
35
39
38
14
12
42
29
29
24
20
36
19
15
29
27
21
26
29
24
40
32
57
52
21
14
16
26
12
24
22
26
13
4
10
18
23
18
7
-1
22
5
3
6
1
17
7
25
14
18
18
4
-9
10
20
13
10
5
16
18
18
7
7
-1
4
10
-4
2
5
10
8
-16
-9
-16
-7
-1
-20
-10
-19
-12
-9
0
-4
-11
-10
2
1
-2
6
-11
-5
-3
-5
-14
-16
-22
-10
-11
-11
-4
1
-3
-3
1
-9
3
-6
3
3
-1
2
-10
2
-1
10
-3
-5
-13
-15
-11
-1
-17
2
4
-3
-6
-13
-1
-2
18
-3
15
13
-7
-9
4
-5
-2
-6
-19
-9
-4
1
10
6
-4
1
-7
-8
-15
7
14
1
-13
-7
5
12
-7
1
-5
-2
-6
-9
-2
-19
-1
-2
-16
-14
-17
-7
-7
-16
-10
-2
-4
4
2
-8
-2
-7
-18
-6
-1
-14
-4
-12
-12
-4
-12
4
-11
-8
-6
-16
-32
-29
-8
-9
-21
-15
-4
-10
-5
-3
26
9
-2
4
10
7
11
9
29
11
10
15
2
4
-5
-4
-15
-8
-9
-17
-13
4
-5
-4
0
6
-6
-12
1
12
7
-5
1
8
6
13
-6
-7
25
21
14
15
11
0
25
8
6
16
4
0
-12
16
12
12
8
5
-1
-11
-17
-15
-6
-4
12
3
4
1
3
1
3
14
5
7
4
-5
12
12
14
27
12
16
15
24
10
17
20
9
19
22
14
20
23
5
8
6
10
4
-3
15
8
13
11
5
1
5
-18
-14
2
-14
-10
-9
-24
2
-4
-13
-20
-13
-17
-18
2
-10
-24
-21
-20
-13
-6
-8
-16
-33
-8
6
4
-3
-3
-12
-15
-3
-8
-10
-2
6
-3
10
7
4
9
-2
0
-3
-15
-4
15
-3
-4
3
3
14
9
1
4
-5
-2
3
-2
5
-9
-15
-28
-15
2
-11
-16
-20
3
-16
-7
-4
-13
-2
-7
-4
-4
-5
-7
-14
-3
0
-15
4
-1
-9
-8
-6
-11
-16
-20
-14
-13
-18
-13
-12
-14
1
-4
-8
-4
2
5
-12
-11
-11
3
-8
-13
-16
-8
-12
-19
-8
-2
-8
-17
-12
-9
-15
-19
-13
-11
1
-11
-10
4
-7
-12
-10
-24
-2
-13
-20
-13
-4
-10
-14
-2
3
-14
-9
0
-11
-9
-4
-23
-14
-1
4
22
13
-7
9
23
5
17
12
-4
2
12
20
11
2
3
12
13
3
4
6
13
6
8
12
14
13
17
7
-13
11
15
21
3
18
15
7
10
-2
-12
-13
-9
-9
-6
-15
-14
-14
-5
3
1
-10
-1
0
4
12
-1
2
14
-3
9
4
-6
8
8
1
14
12
-2
3
9
11
17
24
11
-6
-1
14
13
28
17
18
10
8
19
25
28
27
17
5
21
32
21
34
29
27
36
16
29
24
31
31
17
27
31
16
23
17
20
30
31
23
18
26
34
18
12
15
24
8
10
25
6
23
19
3
11
11
18
12
24
21
13
19
21
32
25
13
20
26
24
5
16
17
12
29
18
25
12
15
8
4
22
9
10
5
11
9
-2
-6
2
3
3
12
12
11
-8
-5
14
8
1
11
21
13
12
12
13
13
13
1
7
15
8
14
8
5
16
11
5
15
21
22
9
21
21
5
22
12
16
30
26
12
37
33
39
38
30
18
18
28
17
33
35
28
25
34
29
27
38
31
37
34
35
27
29
23
24
29
16
18
21
35
14
8
23
29
23
24
30
18
18
15
22
16
23
29
18
27
17
31
18
13
12
15
21
4
-9
-1
0
1
3
6
18
13
7
-4
9
23
16
11
16
10
28
29
15
23
17
28
31
37
36
41
26
18
24
22
24
34
40
56
66
56
58
43
49
43
41
55
41
48
36
37
36
26
26
32
24
28
7
24
31
14
25
24
29
22
23
22
20
16
20
29
35
21
14
17
9
7
12
14
18
20
16
10
35
21
14
22
18
18
5
12
4
7
27
30
15
15
28
29
38
27
-1
4
1
8
7
13
1
10
9
14
12
5
11
9
9
11
20
-1
4
20
-7
5
12
5
24
32
16
8
12
29
11
22
30
17
33
27
17
25
24
32
35
33
21
25
26
23
29
33
33
27
33
21
18
20
30
29
18
47
40
33
32
30
31
20
17
31
40
23
23
12
16
18
4
23
26
33
15
19
20
22
27
19
19
18
19
11
29
32
29
38
28
24
13
18
16
22
20
12
15
25
24
16
17
23
24
37
32
12
7
10
8
24
23
35
36
25
23
44
37
41
35
29
18
29
35
33
35
14
18
28
29
34
34
35
26
36
28
21
36
30
23
15
23
17
17
19
9
21
30
30
34
26
25
34
19
36
33
27
32
28
32
33
27
20
34
28
35
21
28
34
42
46
36
37
32
27
32
29
37
22
12
23
26
25
31
35
34
27
34
36
29
23
28
37
8
39
27
25
43
42
30
39
42
30
42
29
24
21
14
20
44
37
28
40
56
44
51
46
51
49
44
65
55
52
57
44
37
45
30
39
46
40
27
42
28
33
45
24
19
46
37
30
24
26
32
28
33
25
35
30
27
33
30
48
42
40
39
39
28
28
39
48
42
55
47
42
43
44
42
46
38
40
51
43
54
51
63
49
36
36
44
57
59
50
47
45
56
36
23
46
48
43
52
46
53
44
46
50
49
49
48
33
33
48
39
43
49
41
33
30
27
29
34
33
35
49
54
50
49
53
49
37
58
59
49
56
51
58
48
38
44
50
52
74
66
66
60
62
53
56
61
38
41
38
42
44
41
41
46
49
50
45
49
47
52
58
37
46
46
32
31
44
17
30
45
38
45
25
31
31
41
38
31
34
44
35
48
63
56
65
65
47
49
55
39
48
47
52
49
55
52
49
64
67
58
54
61
60
66
50
65
70
62
68
59
61
66
73
75
61
65
75
75
85
67
60
73
53
54
51
52
57
42
45
51
71
49
57
55
53
58
50
39
45
41
52
48
37
56
50
40
35
33
36
49
37
42
33
47
51
40
35
44
62
46
54
60
66
59
50
50
54
50
40
54
61
53
51
63
60
54
53
40
46
47
56
59
68
50
52
49
41
41
46
51
54
65
56
64
56
64
43
57
63
53
67
52
56
62
60
75
87
70
58
66
88
65
71
65
65
65
67
71
59
86
73
56
61
71
54
58
57
56
53
53
71
57
56
64
40
48
57
48
59
46
56
41
49
61
54
48
46
53
50
35
50
44
29
58
44
37
43
56
66
54
73
52
51
64
42
60
48
35
46
48
70
62
59
57
60
52
58
65
73
73
54
65
69
62
63
57
58
59
50
61
28
41
55
56
46
59
51
53
60
62
58
46
62
44
34
45
48
47
56
40
58
58
55
54
51
45
46
49
57
58
32
51
60
45
56
62
51
55
65
60
57
48
60
61
54
54
63
60
38
57
47
55
55
51
45
51
45
55
57
46
51
47
58
56
48
59
41
61
56
39
43
55
45
39
44
44
48
32
42
51
40
34
46
37
51
43
40
52
52
54
51
60
39
52
62
54
59
52
53
56
62
60
63
66
65
65
59
62
76
56
57
69
60
53
51
48
36
49
46
44
65
65
64
73
74
57
55
52
59
73
41
50
65
41
48
64
59
63
60
58
42
46
43
52
50
47
38
32
39
36
43
41
47
41
39
30
34
40
42
28
19
41
28
40
35
37
23
25
31
29
55
48
36
23
38
39
54
42
38
60
45
55
50
42
34
36
49
44
58
58
57
51
48
50
56
57
41
60
61
56
66
59
53
69
69
56
62
55
60
53
62
69
73
75
76
74
70
58
53
63
47
62
56
49
59
62
53
47
68
58
71
50
49
62
40
59
47
38
42
40
47
53
49
49
54
52
57
53
59
54
49
58
50
49
50
50
67
64
54
48
49
46
52
63
48
66
59
52
63
55
77
68
54
64
69
54
60
71
65
50
57
65
47
51
49
57
49
48
45
39
53
53
62
53
51
71
57
59
62
53
49
47
57
59
64
46
71
51
50
65
33
65
53
51
64
53
56
59
57
52
56
64
65
50
50
61
64
75
65
65
67
78
73
78
68
58
83
71
61
51
69
77
76
82
86
79
81
84
70
95
79
80
78
74
78
84
99
84
86
68
72
69
66
72
71
77
81
82
83
69
75
87
73
79
79
71
80
68
54
63
53
60
56
51
51
60
64
55
60
52
59
44
56
52
53
47
48
71
74
56
64
72
55
70
67
56
67
82
85
64
66
71
71
75
77
80
68
72
50
65
65
56
72
56
54
64
55
77
72
69
61
65
66
69
70
54
62
58
61
54
60
56
52
59
57
48
51
53
51
49
71
56
54
44
70
60
59
53
48
60
41
53
48
59
54
57
57
51
45
69
57
55
53
56
70
50
50
51
67
45
49
47
40
45
44
43
48
56
44
41
64
65
69
54
48
56
44
66
52
70
59
58
80
48
67
65
57
55
67
61
52
54
50
48
53
39
48
49
33
51
48
50
49
41
38
40
50
48
33
50
42
43
50
35
45
43
29
40
40
26
25
40
40
31
32
45
35
28
38
35
29
44
44
47
46
28
21
22
38
44
29
19
34
42
45
30
42
32
37
44
39
31
35
49
30
39
45
32
45
38
21
33
51
34
35
41
40
24
40
40
18
37
27
34
19
39
25
22
43
26
28
8
20
24
33
23
28
38
29
25
26
41
32
26
32
43
32
41
39
45
35
41
31
37
37
31
51
45
38
42
42
34
41
34
42
37
16
35
22
17
40
19
34
37
15
24
14
24
25
31
11
23
33
12
10
29
18
28
31
19
32
27
14
31
33
29
36
26
32
35
37
43
43
30
22
32
46
42
28
30
35
34
46
38
35
18
39
22
16
27
14
16
11
24
16
10
22
26
30
20
17
30
10
21
29
29
23
2
29
31
28
25
29
24
31
17
25
33
34
45
38
47
8
24
26
27
20
20
7
11
17
9
17
16
18
7
7
-3
16
12
1
6
3
11
19
13
14
15
6
21
11
13
16
5
3
3
6
19
8
8
21
5
20
12
19
6
5
20
5
5
7
18
26
18
17
19
6
6
23
23
6
7
10
4
6
3
11
8
4
1
9
14
-2
13
5
11
-4
-3
-1
23
6
3
19
18
23
9
8
16
11
11
29
4
18
14
12
26
12
14
12
7
6
13
5
-2
7
12
10
11
1
14
12
8
-2
-3
2
-11
-5
-13
7
5
-7
4
-9
-17
-9
4
-5
-11
4
-1
4
-5
13
-4
-16
-4
-11
-12
-11
-11
-11
0
-14
-9
-3
0
2
5
-6
-7
4
3
-5
-1
-5
-4
-17
-19
-19
-14
-6
-6
-11
-13
-15
-14
-2
-25
-1
-12
-8
-6
-7
-2
-4
6
6
11
16
-7
0
3
14
15
19
24
11
21
7
18
-3
3
-3
-2
10
7
8
-10
9
-1
3
5
-3
4
-10
-9
-16
-6
-3
-1
2
2
-6
6
5
-2
-1
-14
-10
-8
-6
-18
-1
1
-4
-3
3
7
7
8
14
22
-3
13
18
11
29
24
13
11
22
22
16
13
-2
9
2
3
-21
-15
8
-2
9
0
-7
0
-17
-12
-6
2
2
-2
-1
14
-1
-5
-4
-10
-4
-4
-8
-4
9
7
3
2
1
8
-4
6
11
-3
2
-3
-17
-18
-3
-6
3
0
-11
-1
-8
1
-3
-1
-4
3
8
9
5
3
-1
-5
-3
16
-4
1
-7
-4
3
-5
7
2
3
-1
14
8
19
20
10
12
-11
0
13
12
-12
-13
-17
-7
-10
-8
16
-4
0
5
0
-14
-29
-14
-23
-25
-13
-29
-2
-21
-20
-20
-12
-13
-15
3
-5
-2
-18
-13
-9
-3
3
-6
1
-5
-9
-12
-22
-12
-4
-11
-19
2
4
-11
-3
-9
-8
-10
-17
-3
-17
-18
-25
-36
-31
-35
-21
-8
-21
-8
-8
-10
-24
-14
1
-12
-14
-14
3
-11
-20
-30
-22
-22
-34
-21
-16
-40
-36
-46
-43
-31
-26
-30
-39
-32
-19
-9
-16
-10
-12
-8
1
-12
-4
-18
-8
-6
-12
-6
-3
-20
-35
-23
-31
-27
-21
-25
-20
-14
-29
-33
-25
-34
-25
-8
-12
-18
-23
-19
-9
-20
-16
7
-7
-4
-2
1
-11
-15
-24
-29
-34
-35
-24
-20
-15
-16
-15
-21
-24
-2
-24
-6
-24
-14
-1
-4
15
4
21
2
-2
1
1
1
-16
-19
-9
-15
-15
-5
-9
-12
-29
-18
-19
-3
-16
8
15
-20
-9
-14
-18
-21
-17
-23
-32
-30
-21
-21
-9
-5
-26
-21
-34
-45
-37
-30
-25
-28
-36
-23
-24
-17
-24
-30
-34
-22
-14
-35
-19
-30
-26
-23
-33
-32
-37
-24
-23
-26
-31
-30
-44
-46
-33
-41
-14
-16
-26
-17
-8
-21
-12
-3
-15
-1
5
-2
-2
-12
-7
5
-17
-10
-17
-12
-30
-32
-27
-30
-22
-11
-7
-16
-10
-29
-10
-24
-31
-31
-9
-16
-17
-17
-31
-20
-19
-20
-21
-10
-12
5
-4
-15
-22
-29
-34
-17
-14
-12
-7
-42
-18
-19
-18
-23
-17
-9
-35
-25
-26
-12
-23
-24
-35
-25
-23
-30
-25
-26
-26
-22
-11
-27
-22
-13
-17
3
-13
-19
-23
-28
-4
-16
6
1
-32
-14
-14
-15
3
-13
-15
-17
-17
-22
-15
-20
-22
-28
-19
-25
0
9
-16
-1
-3
-16
-30
-25
-15
-17
2
-17
-12
-7
-13
4
9
2
-6
6
-10
4
6
9
-7
2
0
3
24
38
45
26
20
-11
5
12
-6
0
-11
-10
1
2
-4
0
-8
-1
3
0
12
15
-6
-5
10
7
6
10
11
4
24
24
31
31
29
34
22
27
38
36
41
26
30
18
4
-1
4
5
-20
-7
-2
2
8
15
20
24
32
34
29
24
39
42
31
34
44
39
29
38
42
35
31
33
31
21
32
22
15
22
37
27
27
34
29
46
43
29
20
30
33
37
49
43
46
47
38
34
35
7
7
13
17
41
42
57
38
29
41
20
27
13
32
27
25
22
9
0
4
-2
-10
-1
-11
9
-4
-14
-16
-21
-36
-22
13
-5
-4
-11
-11
15
-8
-22
2
10
20
8
24
15
-5
1
-28
-25
-27
-52
-55
-54
-56
-37
-40
-19
-15
-22
-35
-41
-20
-42
-6
-13
-44
-17
10
-4
-2
12
-4
-4
-14
-12
-19
-19
-17
-32
-35
-59
-59
-57
-70
-59
-57
-65
-75
-59
-45
-35
-42
-32
-11
-16
-8
-6
-31
-14
-9
-26
-8
-31
-34
-45
-42
-10
-24
-17
-18
-2
1
-11
-8
-8
-6
2
-3
8
-2
-1
32
-8
-2
26
12
2
-8
13
-2
2
6
2
5
0
31
22
7
-9
11
13
27
32
41
56
22
20
12
13
27
19
8
9
18
35
12
20
3
-21
29
43
36
6
9
5
-5
26
17
24
33
20
30
22
24
33
21
28
13
44
35
31
57
23
25
46
15
19
20
-5
1
8
36
38
10
-21
6
9
-5
-7
13
29
5
38
37
42
68
62
58
38
33
49
47
41
62
42
32
45
42
13
9
10
22
38
35
51
34
13
15
-14
22
6
9
36
65
67
50
83
83
96
88
97
90
79
54
64
53
38
23
14
30
18
-12
-1
-2
-9
3
15
52
69
48
57
40
27
30
29
35
23
56
39
44
55
32
29
33
49
33
37
15
19
6
0
43
29
41
26
4
-8
-20
-18
4
7
15
49
26
27
-3
-12
27
20
36
47
57
41
19
31
38
51
68
56
79
93
72
61
73
64
30
15
30
17
-27
-36
-42
-51
-54
-59
-32
-34
-26
4
30
52
39
48
37
60
62
59
68
39
50
55
28
15
12
-13
-21
5
-17
-32
-36
-34
-23
-44
-19
-44
-43
-7
-28
-14
3
4
13
-3
22
27
-7
26
4
21
-6
0
26
9
21
13
-8
-42
-31
-31
-42
-19
-29
-26
-33
-17
-7
-12
-4
-10
8
13
12
13
-18
-2
-4
-3
7
-14
-3
-41
-39
-27
-32
-40
-69
-48
-26
-15
21
7
17
2
10
23
-13
34
24
35
4
0
32
4
55
51
68
58
33
42
10
-7
-14
-21
-17
-13
-23
-2
2
1
-2
12
12
16
6
27
30
13
-13
-6
-16
-20
-23
-25
5
-30
-7
-13
0
-5
-6
3
22
34
11
20
24
29
-13
-18
-22
-23
-39
-41
-24
9
-14
-19
12
-18
-29
-75
-45
-85
-107
-94
-70
-32
-24
-9
-8
-19
3
23
15
-7
0
13
8
16
46
7
-29
-26
-65
-66
-91
-92
-69
-52
-42
-9
-23
-45
-55
-64
-31
-26
-19
6
11
81
85
52
36
14
39
17
12
20
-11
-21
-50
-61
-47
-59
-69
-86
-59
-37
-41
-39
-31
-26
-12
-19
-1
13
-7
5
31
-5
-9
-8
-26
-27
-36
-13
-10
-19
-10
-39
-28
-18
-28
-31
-37
-52
-51
-55
-83
-99
-65
-90
-96
-102
-81
-85
-65
7
-21
-12
-16
-10
-9
24
7
7
-45
-25
8
-10
-9
-45
-35
-64
-37
-47
-50
-23
-57
-52
-64
-71
-51
-98
-92
-84
-76
-77
-69
-52
-85
-76
-40
-2
-4
27
20
-4
0
10
12
0
-23
-35
-36
-29
-41
-58
-54
-20
10
37
40
39
16
15
19
0
14
-46
-50
-40
-58
-73
-102
-92
-100
-97
-93
-73
-51
-96
-83
-39
-25
8
1
-61
-88
-87
-81
-92
-59
-42
-74
-54
-41
-6
-36
-50
-40
-37
-35
-27
-13
-61
-75
-91
-79
-45
-55
-32
-45
-62
-78
-101
-68
-49
-23
-13
-23
34
35
5
6
-50
-70
-83
-65
-49
-82
-85
-85
-83
-57
-63
-77
-66
-80
-65
-45
-38
-33
-52
-60
-66
-51
-82
-118
-99
-108
-66
-101
-115
-89
-107
-61
-36
-31
-11
-19
-26
-13
-46
-16
-13
-20
-9
-29
3
8
17
-9
-68
-63
-47
-65
-67
-87
-62
-80
-63
-87
-73
-68
-120
-101
-92
-86
-65
-34
-32
-25
-7
9
-29
-72
-70
-21
0
18
31
-22
-47
-70
-62
-111
-112
-128
-122
-83
-41
-18
-77
-76
-83
-75
-65
-47
-44
-110
-114
-90
-80
-88
-123
-123
-116
-60
-6
-29
-18
-25
13
-8
-32
-30
-66
-79
-83
-65
-82
-93
-86
-68
-99
-61
-80
-99
-113
-131
-79
-70
-68
-50
-62
-90
-82
-105
-117
-110
-136
-117
-142
-126
-74
-71
-47
-16
-34
-54
-81
-83
-121
-137
-125
-142
-109
-130
-115
-85
-97
-120
-102
-128
-132
-130
-90
-78
-70
-104
-97
-86
-78
-52
-68
-60
-76
-62
-20
-46
-25
-56
-49
-45
-75
-43
-78
-57
-93
-99
-75
-45
-43
-42
-73
-70
-60
-47
-18
-40
-27
-45
-43
-51
-36
-26
-23
-15
-4
-4
-16
-63
-100
-138
-153
-158
-150
-119
-116
-95
-77
-72
-94
-90
-75
-49
-36
-66
-55
-41
-28
-11
-3
-17
-42
-51
-65
-81
-69
-94
-77
-77
-84
-102
-82
-61
-93
-122
-173
-142
-143
-152
-100
-87
-86
-77
-89
-76
-87
-72
-87
-71
-75
-79
-86
-79
-80
-103
-118
-123
-116
-111
-99
-88
-76
-74
-45
-44
-48
-55
-83
-117
-104
-73
-77
-66
-68
-61
-67
-91
-92
-94
-106
-104
-84
-92
-108
-113
-81
-71
-81
-90
-65
-66
-55
-51
-55
-33
-42
-30
-34
-44
-34
-73
-105
-104
-106
-120
-103
-101
-108
-117
-126
-97
-124
-107
-100
-118
-77
-34
-22
-21
-24
-19
-42
-51
-33
-42
-61
-29
-30
-55
-43
-47
-34
-41
-60
-84
-103
-105
-112
-123
-118
-117
-112
-109
-129
-128
-132
-145
-138
-121
-103
-91
-91
-85
-96
-85
-116
-135
-131
-118
-105
-76
-67
-55
-43
-56
-49
-54
-53
-91
-78
-95
-115
-123
-144
-151
-164
-166
-151
-130
-91
-109
-110
-87
-99
-105
-106
-114
-105
-109
-110
-87
-89
-94
-97
-104
-87
-92
-79
-84
-83
-89
-92
-102
-110
-108
-135
-115
-114
-114
-140
-160
-172
-161
-142
-150
-136
-104
-80
-83
-72
-66
-88
-87
-117
-111
-96
-98
-85
-52
-64
-86
-100
-110
-117
-145
-145
-133
-135
-135
-142
-150
-145
-109
-104
-95
-75
-106
-114
-119
-96
-71
-60
-64
-67
-50
-36
-66
-88
-87
-90
-90
-92
-69
-59
-69
-81
-73
-58
-60
-61
-55
-42
-61
-68
-81
-92
-80
-97
-93
-102
-99
-115
-132
-118
-113
-113
-99
-88
-71
-72
-89
-69
-80
-87
-119
-141
-123
-119
-127
-135
-131
-116
-116
-108
-107
-129
-105
-114
-98
-69
-69
-60
-56
-70
-86
-115
-128
-127
-101
-119
-122
-109
-105
-98
-74
-44
-62
-44
-55
-54
-44
-71
-91
-123
-111
-106
-100
-93
-73
-69
-70
-59
-51
-55
-61
-67
-65
-68
-85
-109
-122
-116
-123
-131
-122
-120
-106
-86
-80
-62
-44
-19
-17
3
14
16
-1
0
-3
-13
-17
-14
-30
-16
15
14
21
26
37
37
47
49
42
44
42
34
25
38
18
14
11
24
57
36
52
60
59
64
57
53
50
40
45
48
24
5
-2
-33
-27
-34
-44
-28
-24
-26
-36
-29
-30
-31
-34
-64
-88
-96
-90
-116
-113
-109
-120
-125
-119
-114
-124
-122
-137
-138
-154
-151
-137
-152
-157
-154
-169
-162
-155
-150
-154
-143
-137
-131
-108
-87
-82
-100
-93
-92
-93
-73
-69
-76
-59
-29
-30
10
22
43
82
97
118
131
131
136
153
170
202
234
252
287
329
364
397
437
455
478
495
513
536
565
619
691
725
791
841
858
893
892
891
857
794
677
564
395
249
79
-119
-272
-460
-598
-711
-766
-791
-780
-753
-700
-616
-565
-476
-415
-388
-350
-349
-348
-357
-375
-404
-411
-447
-471
-504
-522
-546
-586
-610
-667
-697
-737
-739
-767
-781
-765
-766
-759
-753
-725
-706
-648
-604
-546
-457
-367
-264
-152
-71
-5
66
114
168
198
218
235
242
261
287
326
387
448
508
595
668
753
873
996
1121
1217
1329
1443
1547
1643
1774
1908
2039
2184
2324
1995
1504
1013
375
-51
-728
-1210
-1487
-1794
-1903
-1983
-1712
-1267
-1073
-786
-490
-200
28
128
306
461
481
427
458
539
691
715
670
655
529
380
192
-33
-191
-436
-693
-913
-1106
-1097
-1164
-1210
-1167
-1109
-1047
-1088
-1110
-1030
-953
-855
-768
-608
-390
-241
-143
-86
-50
-110
-244
-403
-473
-570
-673
-756
-845
-854
-848
-837
-749
-648
-553
-478
-450
-341
-227
-115
16
182
375
522
634
726
824
846
821
740
723
736
738
806
926
1056
1203
1340
1515
1693
1854
1970
2049
2140
2252
1941
1327
646
-123
-659
-1274
-1742
-1932
-2020
-1972
-1895
-1577
-959
-542
-228
92
368
609
626
710
843
930
874
805
811
908
918
780
682
496
240
-86
-397
-599
-823
-1016
-1184
-1301
-1232
-1148
-1080
-989
-881
-771
-687
-642
-460
-242
-47
102
191
348
397
295
27
-262
-584
-964
-1241
-1394
-1424
-1379
-1325
-1200
-1055
-872
-692
-600
-479
-418
-426
-476
-518
-505
-493
-427
-345
-223
-96
27
100
151
219
201
141
124
130
165
187
244
359
482
587
688
845
1050
1250
1474
1754
2036
2319
2607
2868
3077
3205
2942
2151
1120
-12
-949
-1749
-2447
-2761
-2848
-2717
-2388
-1945
-1101
-388
55
468
764
1015
1071
1102
1205
1299
1308
1229
1180
1232
1244
1025
713
353
-167
-726
-1229
-1529
-1664
-1809
-1824
-1759
-1564
-1299
-1055
-800
-600
-453
-349
-237
-31
251
496
728
869
927
919
770
489
173
-295
-838
-1396
-1832
-2078
-2198
-2106
-1931
-1646
-1327
-1045
-781
-519
-329
-221
-209
-181
-111
-55
39
144
182
146
49
-82
-200
-294
-375
-444
-454
-380
-270
-127
98
296
493
653
753
847
957
1081
1253
1513
1792
2086
2402
2733
3048
3299
3445
3445
3004
2017
724
-591
-1646
-2483
-3067
-3274
-3108
-2752
-2257
-1624
-790
-32
439
744
993
1200
1293
1367
1496
1677
1729
1661
1547
1412
1182
732
113
-582
-1291
-1911
-2341
-2456
-2299
-2044
-1714
-1349
-973
-594
-297
-92
49
150
268
382
546
801
1064
1225
1239
1103
839
404
-174
-763
-1314
-1786
-2167
-2371
-2332
-2108
-1796
-1487
-1193
-877
-651
-467
-306
-93
80
184
310
423
555
599
540
407
174
-123
-462
-719
-881
-958
-962
-890
-723
-525
-268
-61
113
303
464
601
747
938
1153
1379
1631
1892
2140
2361
2536
2657
2790
2886
2928
2915
2639
1991
872
-474
-1631
-2511
-3108
-3404
-3357
-3000
-2483
-1886
-1123
-258
466
898
1126
1319
1442
1476
1502
1610
1757
1769
1638
1407
1077
573
-135
-904
-1622
-2219
-2664
-2814
-2607
-2175
-1637
-1133
-635
-218
117
355
498
614
714
754
824
941
1081
1161
1085
846
459
-94
-729
-1381
-1911
-2220
-2320
-2206
-1918
-1466
-999
-582
-315
-173
-88
-111
-132
-72
84
260
400
455
505
463
306
74
-202
-464
-723
-894
-955
-903
-776
-622
-493
-355
-231
-178
-134
-45
51
202
376
614
884
1155
1412
1578
1692
1705
1663
1604
1638
1754
1922
2134
2388
2578
2566
2258
1433
229
-1023
-2147
-2875
-3242
-3225
-2815
-2279
-1593
-912
-255
352
701
862
955
1021
1135
1292
1502
1789
2004
1995
1718
1186
451
-419
-1334
-2097
-2651
-2906
-2813
-2412
-1742
-1023
-384
100
346
411
370
312
320
412
598
832
1108
1373
1524
1469
1189
649
-64
-812
-1476
-1968
-2187
-2117
-1770
-1337
-885
-448
-140
15
32
-39
-92
-106
-62
65
262
410
441
354
139
-160
-499
-800
-981
-1021
-945
-774
-516
-233
-18
111
139
67
-36
-144
-172
-80
102
336
592
821
997
1113
1125
1106
1056
962
906
896
1014
1212
1526
1862
2120
2412
2460
2279
1728
839
-204
-1265
-2033
-2468
-2553
-2320
-1950
-1508
-1076
-757
-462
-261
-120
56
280
611
997
1436
1814
2081
2153
1929
1454
724
-114
-914
-1570
-1996
-2126
-2002
-1731
-1341
-966
-650
-439
-347
-334
-295
-148
134
541
984
1434
1747
1905
1847
1550
1048
412
-302
-963
-1464
-1791
-1915
-1827
-1642
-1419
-1204
-1054
-965
-950
-903
-785
-567
-244
129
490
778
910
886
693
400
121
-155
-393
-502
-541
-524
-455
-416
-403
-433
-495
-581
-639
-623
-566
-477
-325
-113
82
247
375
491
608
682
759
868
979
1110
1240
1399
1569
1709
1838
1945
2043
2087
2022
1712
1091
242
-713
-1554
-2103
-2327
-2194
-1940
-1636
-1315
-1031
-754
-504
-254
33
354
689
1069
1433
1784
1978
1990
1821
1434
880
221
-410
-963
-1360
-1583
-1673
-1660
-1552
-1452
-1360
-1253
-1147
-1020
-816
-511
-55
475
957
1400
1667
1727
1611
1362
1003
604
184
-193
-523
-811
-1036
-1226
-1400
-1580
-1734
-1833
-1822
-1721
-1468
-1077
-662
-229
161
451
676
774
729
601
434
261
129
50
-13
-102
-228
-377
-538
-667
-775
-873
-901
-845
-725
-561
-360
-138
59
222
336
425
477
503
536
568
661
806
941
1035
1151
1206
1228
1297
1357
1474
1582
1703
1770
1634
1189
498
-312
-1083
-1541
-1722
-1639
-1427
-1253
-1081
-969
-838
-722
-607
-370
-108
192
609
1047
1431
1677
1716
1594
1295
928
495
78
-236
-487
-658
-773
-884
-1012
-1121
-1284
-1414
-1438
-1392
-1141
-777
-289
222
660
987
1143
1216
1164
1064
930
832
715
559
349
56
-328
-744
-1182
-1568
-1870
-2002
-1950
-1784
-1487
-1137
-831
-564
-314
-95
99
278
401
450
523
549
495
420
291
83
-139
-364
-536
-617
-670
-655
-591
-552
-474
-446
-445
-425
-401
-318
-240
-141
-7
99
229
345
490
709
920
1099
1218
1321
1398
1460
1545
1654
1812
1942
2027
1959
1612
1000
262
-464
-1026
-1290
-1315
-1184
-1112
-1175
-1262
-1368
-1414
-1374
-1159
-781
-296
251
794
1288
1614
1733
1680
1531
1329
1130
961
756
529
226
-137
-542
-968
-1381
-1703
-1916
-1990
-1859
-1626
-1294
-923
-542
-213
46
297
557
830
1097
1335
1528
1602
1481
1181
727
178
-379
-880
-1257
-1495
-1630
-1671
-1709
-1766
-1781
-1769
-1686
-1500
-1216
-842
-455
-82
235
479
611
648
625
596
542
479
403
281
173
4
-190
-388
-543
-646
-749
-769
-768
-730
-681
-630
-547
-459
-298
-131
80
369
690
995
1207
1395
1524
1628
1743
1861
1998
2143
2256
2337
2222
1784
1009
154
-617
-1162
-1397
-1448
-1361
-1425
-1625
-1816
-1928
-1886
-1735
-1371
-860
-249
377
901
1305
1531
1568
1488
1447
1457
1559
1611
1468
1187
746
185
-441
-1016
-1423
-1686
-1825
-1858
-1747
-1583
-1422
-1279
-1163
-976
-747
-422
34
501
933
1248
1406
1464
1349
1144
893
581
286
-14
-326
-618
-962
-1318
-1655
-1967
-2130
-2143
-2014
-1756
-1439
-1072
-754
-486
-255
-57
122
298
447
589
676
664
601
473
318
161
-1
-125
-245
-361
-440
-551
-618
-676
-703
-681
-648
-603
-503
-395
-241
-27
217
486
763
1002
1222
1401
1577
1804
2017
2226
2391
2511
2540
2280
1700
1014
383
-139
-472
-646
-756
-870
-1217
-1602
-1976
-2201
-2220
-2085
-1668
-1160
-639
-201
138
396
635
883
1170
1529
1859
2098
2115
1916
1604
1128
597
118
-228
-462
-654
-882
-1109
-1395
-1711
-1943
-2076
-2031
-1826
-1533
-1163
-735
-358
-46
207
417
608
781
931
1017
1019
911
742
504
196
-109
-366
-526
-689
-867
-1041
-1198
-1331
-1426
-1450
-1415
-1340
-1214
-1062
-847
-626
-451
-304
-177
-16
154
303
425
536
611
620
623
615
612
582
483
392
245
40
-178
-412
-570
-639
-649
-593
-462
-280
-112
36
221
465
722
1072
1423
1826
2220
2534
2743
2737
2469
2089
1756
1411
1098
789
473
58
-555
-1137
-1671
-2064
-2301
-2429
-2294
-2042
-1776
-1552
-1301
-1046
-708
-292
187
740
1166
1474
1609
1572
1532
1458
1359
1295
1250
1193
991
639
214
-296
-793
-1232
-1482
-1582
-1629
-1622
-1620
-1578
-1567
-1502
-1404
-1248
-971
-685
-364
-80
130
280
378
474
561
635
662
639
582
440
263
52
-145
-285
-398
-477
-554
-640
-765
-876
-972
-996
-1001
-969
-874
-744
-573
-423
-264
-93
73
267
420
569
650
659
613
533
433
333
232
139
81
52
23
-25
-49
-72
-68
15
152
352
598
910
1198
1462
1715
1901
1953
1853
1630
1481
1394
1223
994
708
466
213
-169
-506
-807
-1075
-1271
-1407
-1372
-1294
-1296
-1306
-1217
-1069
-857
-662
-459
-229
-19
168
343
503
680
812
887
1018
1086
1094
988
807
638
487
308
95
-80
-298
-489
-708
-872
-1016
-1175
-1246
-1261
-1222
-1143
-1053
-969
-886
-785
-648
-470
-355
-250
-150
-70
-1
23
73
122
153
211
255
226
195
93
-34
-101
-192
-292
-340
-387
-419
-429
-431
-442
-437
-368
-319
-250
-148
-83
-57
-15
-7
33
49
20
28
17
35
81
101
126
171
267
401
578
785
974
1192
1394
1609
1786
1968
2027
1945
1797
1614
1575
1419
1146
817
473
167
-203
-615
-924
-1168
-1359
-1474
-1494
-1454
-1462
-1524
-1488
-1343
-1162
-919
-723
-474
-193
66
293
503
659
821
955
1035
1150
1167
1115
1011
879
745
550
294
66
-177
-375
-554
-709
-821
-918
-992
-1006
-977
-941
-868
-845
-816
-737
-662
-615
-593
-570
-486
-437
-382
-320
-260
-141
-71
-33
-24
-50
-82
-93
-89
-33
37
63
115
150
171
172
130
103
102
100
84
66
52
4
-56
-140
-215
-302
-416
-504
-575
-615
-637
-610
-530
-413
-263
-43
236
558
875
1165
1430
1709
1948
2180
2377
2424
2386
2182
2006
1921
1691
1438
1085
689
334
-104
-495
-790
-1024
-1254
-1388
-1466
-1514
-1587
-1666
-1634
-1540
-1402
-1235
-1067
-884
-672
-478
-277
-111
80
285
473
635
803
898
926
911
867
833
726
620
521
433
353
277
166
57
-62
-195
-316
-420
-497
-566
-635
-755
-815
-858
-924
-962
-1020
-993
-933
-902
-892
-916
-850
-791
-732
-638
-561
-505
-422
-309
-167
-23
114
221
343
438
528
621
656
731
757
782
741
634
467
282
93
-101
-289
-482
-635
-738
-770
-744
-695
-631
-569
-463
-311
-118
112
361
614
921
1234
1539
1843
2095
2245
2208
2123
2098
2073
1944
1680
1398
1119
774
417
109
-140
-407
-699
-952
-1147
-1345
-1563
-1712
-1745
-1683
-1602
-1499
-1410
-1292
-1153
-983
-798
-604
-398
-202
-32
196
412
576
691
774
856
888
876
823
764
715
647
595
496
377
254
158
57
-38
-102
-197
-310
-407
-456
-491
-537
-639
-756
-827
-868
-883
-934
-1010
-1031
-1063
-1072
-1086
-1077
-1064
-1039
-933
-742
-534
-350
-194
-51
130
321
468
610
729
828
911
971
976
923
835
715
593
440
262
78
-96
-262
-396
-521
-595
-668
-686
-638
-531
-370
-187
33
290
558
858
1189
1483
1680
1732
1794
1931
2022
2020
1891
1720
1527
1267
984
725
471
158
-158
-438
-659
-904
-1138
-1308
-1423
-1445
-1466
-1507
-1510
-1457
-1335
-1155
-963
-754
-542
-358
-155
68
258
446
571
680
753
808
829
811
752
690
634
515
417
284
180
99
3
-56
-96
-133
-182
-210
-182
-153
-122
-130
-167
-205
-269
-332
-397
-443
-514
-645
-762
-877
-972
-1050
-1117
-1124
-1082
-1037
-978
-921
-825
-700
-544
-331
-95
146
370
593
797
981
1097
1127
1138
1125
1051
937
793
625
447
248
49
-140
-284
-377
-451
-478
-472
-426
-333
-234
-66
170
402
676
971
1192
1376
1428
1491
1636
1713
1723
1667
1592
1466
1260
1029
816
609
338
80
-139
-329
-512
-704
-882
-1001
-1102
-1195
-1295
-1322
-1297
-1260
-1140
-999
-858
-702
-557
-398
-189
5
173
316
425
484
532
560
547
527
517
490
447
393
333
316
273
218
198
182
153
123
97
125
101
101
65
0
-78
-175
-245
-319
-413
-550
-660
-748
-812
-865
-945
-1014
-1059
-1063
-1043
-995
-916
-792
-626
-418
-172
23
203
329
444
548
665
764
792
782
776
753
689
602
472
370
271
157
71
9
-50
-108
-141
-114
-70
-5
66
158
292
476
609
771
890
970
1013
1062
1181
1323
1407
1392
1341
1275
1197
1056
943
814
685
544
430
285
121
-107
-330
-524
-683
-803
-935
-1047
-1119
-1114
-1083
-1030
-985
-906
-809
-681
-504
-341
-167
-8
102
205
309
393
452
485
521
583
598
589
558
526
503
452
431
413
376
330
228
150
62
-23
-107
-198
-282
-388
-494
-569
-660
-716
-812
-878
-925
-975
-962
-973
-960
-918
-869
-790
-661
-524
-392
-260
-142
-15
107
235
362
467
585
689
731
728
701
659
582
498
453
371
320
263
188
122
80
45
-23
-63
-92
-56
5
51
180
337
502
692
869
1035
1124
1162
1227
1328
1426
1431
1352
1328
1299
1227
1105
954
795
575
307
57
-157
-369
-584
-781
-899
-942
-1011
-1067
-1109
-1144
-1115
-1070
-984
-857
-723
-580
-438
-285
-148
-48
13
26
91
148
192
225
265
282
321
328
341
372
395
411
397
404
401
372
320
253
171
156
110
55
-33
-167
-284
-455
-584
-691
-763
-836
-911
-935
-943
-914
-926
-929
-879
-788
-677
-557
-415
-255
-124
31
195
357
498
593
639
660
664
620
565
481
439
391
342
292
244
201
119
49
4
-36
-19
25
76
177
269
381
488
598
730
853
962
1028
1100
1154
1177
1215
1249
1242
1168
1074
1021
974
847
671
489
302
102
-63
-206
-295
-407
-532
-638
-736
-788
-846
-901
-936
-908
-857
-786
-724
-654
-582
-534
-498
-427
-354
-279
-226
-156
-47
37
117
167
204
267
322
371
421
478
534
545
540
543
519
474
383
283
220
159
73
-31
-164
-286
-416
-526
-605
-645
-717
-804
-868
-875
-849
-831
-791
-708
-617
-494
-378
-260
-134
-35
46
134
205
287
324
338
362
385
422
411
399
393
359
309
249
193
130
76
40
49
72
103
158
170
205
222
240
275
349
463
587
709
820
918
994
1031
1055
1106
1176
1161
1085
1000
919
838
690
487
319
165
-6
-160
-261
-356
-515
-667
-789
-835
-864
-842
-845
-831
-790
-758
-711
-662
-568
-526
-466
-377
-292
-193
-131
-119
-90
-67
-58
-33
6
52
84
124
178
251
316
341
366
372
413
437
427
407
360
309
260
208
128
7
-128
-276
-432
-554
-663
-768
-863
-918
-945
-946
-944
-912
-850
-805
-701
-580
-430
-285
-163
-45
64
167
280
379
437
503
527
551
530
484
400
310
195
104
38
-32
-64
-119
-130
-129
-130
-117
-68
6
70
167
280
402
558
699
845
961
1046
1121
1153
1178
1192
1180
1082
922
800
724
634
503
346
165
21
-170
-328
-435
-540
-682
-795
-834
-804
-719
-665
-602
-580
-530
-474
-424
-342
-303
-275
-287
-263
-220
-197
-179
-182
-135
-137
-111
-78
-15
50
108
148
189
281
339
416
465
524
552
548
509
452
389
304
175
36
-109
-259
-405
-543
-655
-768
-834
-906
-964
-969
-969
-930
-862
-789
-682
-548
-410
-296
-203
-88
-29
30
89
126
189
224
270
303
299
267
211
161
126
81
53
35
8
0
-26
-8
-5
25
82
136
211
296
357
421
509
575
671
770
855
940
1006
1026
1055
1042
1028
1010
889
776
693
600
513
382
245
99
-46
-161
-230
-273
-332
-413
-485
-501
-520
-525
-545
-569
-566
-582
-562
-505
-466
-437
-451
-456
-423
-362
-321
-271
-217
-163
-108
-33
50
146
199
215
231
285
325
345
382
393
367
337
291
239
196
104
22
-80
-198
-327
-461
-564
-648
-719
-776
-807
-835
-823
-807
-760
-719
-669
-608
-546
-473
-410
-338
-283
-225
-145
-67
0
70
103
142
163
155
165
163
188
196
214
215
209
193
174
154
138
153
144
159
170
202
245
278
327
391
469
564
692
829
922
977
1013
1007
1012
1024
999
902
817
736
665
572
417
275
114
-17
-151
-251
-301
-399
-486
-555
-583
-571
-567
-580
-579
-572
-585
-572
-521
-509
-491
-463
-437
-367
-309
-248
-198
-177
-158
-133
-90
-29
29
93
157
211
266
326
382
402
385
319
260
197
149
83
-6
-91
-204
-311
-400
-488
-554
-628
-672
-721
-737
-739
-705
-645
-602
-534
-480
-412
-339
-289
-235
-194
-158
-85
-25
41
106
139
182
220
244
259
266
254
225
224
212
196
164
145
106
98
105
119
137
161
195
217
281
330
401
467
534
616
705
802
864
885
887
901
919
897
889
823
713
630
548
469
375
252
144
43
-85
-180
-248
-319
-421
-485
-512
-526
-549
-568
-587
-598
-614
-617
-590
-549
-511
-500
-460
-402
-333
-273
-197
-152
-113
-41
8
104
190
251
277
324
358
369
361
359
324
261
174
79
25
-78
-175
-276
-368
-462
-527
-580
-605
-636
-640
-621
-603
-549
-515
-479
-436
-396
-352
-312
-272
-207
-150
-106
-52
-12
47
71
117
133
138
147
168
191
192
199
203
207
193
148
131
102
70
55
40
27
34
83
86
122
169
217
282
370
466
544
634
719
800
870
909
919
923
928
870
777
680
582
480
364
245
145
20
-79
-177
-281
-345
-411
-464
-520
-551
-547
-540
-549
-539
-530
-518
-481
-427
-397
-362
-353
-321
-282
-215
-169
-134
-74
-48
-15
12
70
101
140
171
200
257
284
297
275
227
165
76
15
-79
-172
-259
-339
-394
-454
-495
-533
-577
-605
-605
-633
-635
-595
-571
-520
-481
-395
-311
-238
-151
-70
-4
48
109
171
227
289
330
370
423
435
413
406
351
274
193
103
18
-44
-96
-145
-182
-203
-214
-208
-188
-159
-114
-39
72
202
358
497
637
780
895
979
1056
1099
1117
1111
1071
1001
898
774
614
480
343
184
52
-88
-204
-323
-411
-476
-547
-578
-590
-577
-542
-503
-459
-402
-356
-296
-246
-198
-170
-172
-169
-177
-155
-144
-143
-101
-79
-76
-56
-29
-23
0
37
65
111
154
178
199
177
146
103
64
13
-56
-129
-178
-225
-303
-355
-423
-476
-525
-573
-593
-607
-601
-563
-535
-469
-416
-365
-273
-197
-125
-62
8
84
126
191
257
310
361
396
418
413
402
361
317
254
176
96
56
9
-69
-86
-136
-158
-167
-167
-149
-105
-23
63
176
297
418
551
682
796
914
992
1041
1076
1089
1076
1014
937
799
662
533
372
236
87
-16
-136
-216
-304
-376
-433
-484
-513
-529
-522
-514
-485
-458
-430
-397
-342
-332
-285
-279
-256
-237
-216
-181
-172
-147
-96
-63
-29
-1
13
50
72
107
123
138
126
87
53
2
-46
-108
-164
-222
-283
-342
-380
-430
-474
-508
-528
-537
-551
-541
-516
-485
-437
-378
-310
-235
-184
-116
-52
-9
32
83
114
147
187
220
256
267
276
296
291
254
219
178
152
117
84
61
27
0
-37
-53
-71
-64
-53
-38
-4
53
110
191
294
402
488
590
697
779
854
922
963
953
938
874
779
651
533
410
272
155
43
-68
-136
-238
-308
-370
-416
-440
-477
-490
-512
-492
-481
-458
-441
-419
-389
-368
-334
-300
-268
-249
-253
-230
-191
-175
-172
-159
-135
-118
-92
-75
-60
-59
-71
-76
-82
-110
-121
-145
-170
-204
-243
-275
-302
-322
-342
-374
-405
-421
-410
-420
-412
-376
-369
-347
-311
-267
-210
-143
-103
-51
-9
23
64
85
120
150
192
216
225
252
270
268
262
251
262
243
219
217
205
182
161
124
95
67
41
51
61
66
104
152
202
275
375
485
550
652
730
789
827
818
821
776
735
663
576
465
367
266
153
55
-45
-130
-195
-263
-327
-343
-396
-411
-423
-414
-416
-413
-400
-368
-349
-294
-257
-244
-232
-214
-159
-151
-142
-128
-123
-131
-161
-192
-192
-221
-227
-252
-240
-245
-247
-260
-273
-256
-265
-262
-289
-275
-284
-283
-269
-269
-246
-252
-237
-219
-203
-189
-165
-156
-159
-108
-94
-54
-30
-2
31
37
47
41
53
58
57
67
81
83
108
123
141
164
170
193
198
219
248
239
264
279
279
287
287
295
291
311
302
308
312
329
361
400
432
474
514
525
553
529
509
473
423
352
312
286
205
144
94
53
-2
-45
-54
-96
-125
-158
-175
-174
-207
-228
-255
-263
-269
-261
-241
-249
-249
-223
-223
-219
-219
-230
-251
-266
-275
-286
-310
-337
-375
-403
-416
-428
-420
-419
-412
-386
-335
-322
-293
-285
-264
-242
-239
-214
-208
-188
-181
-176
-151
-133
-126
-111
-82
-55
-19
25
43
66
85
84
90
97
79
69
45
37
41
33
21
23
43
68
93
118
145
177
198
221
261
291
326
357
382
408
421
431
445
433
422
430
440
413
414
409
394
377
338
308
256
206
158
123
83
55
14
-17
-53
-80
-65
-88
-95
-106
-117
-123
-135
-138
-147
-175
-188
-211
-223
-213
-213
-206
-197
-191
-160
-138
-126
-159
-183
-220
-255
-297
-348
-391
-447
-489
-540
-576
-608
-613
-605
-580
-572
-515
-493
-466
-432
-400
-373
-340
-304
-259
-205
-145
-86
-20
31
95
161
177
223
251
278
296
295
308
273
242
207
156
105
65
-1
-27
-42
-90
-90
-94
-66
-41
6
49
109
167
223
288
332
371
440
487
511
548
582
617
621
608
587
548
503
466
428
354
271
199
126
40
-53
-114
-178
-232
-274
-299
-295
-305
-289
-260
-247
-227
-204
-177
-166
-143
-124
-119
-120
-116
-127
-141
-121
-129
-134
-97
-95
-110
-115
-126
-136
-177
-214
-247
-278
-325
-366
-403
-464
-503
-524
-543
-555
-557
-552
-531
-502
-468
-439
-409
-376
-371
-315
-277
-238
-203
-124
-60
6
89
161
241
292
331
373
416
441
477
472
481
476
464
443
404
361
299
272
249
216
167
143
114
95
87
68
92
107
135
181
243
282
335
384
448
512
550
581
592
614
615
583
527
472
400
310
233
161
74
-33
-115
-185
-261
-330
-376
-421
-433
-448
-430
-417
-386
-353
-347
-310
-279
-232
-197
-164
-139
-93
-56
-39
-28
-15
-8
-16
-37
-64
-98
-128
-159
-176
-231
-280
-310
-344
-367
-408
-424
-453
-463
-475
-462
-445
-417
-380
-352
-311
-236
-201
-175
-147
-128
-94
-72
-51
-29
5
34
63
108
127
168
208
244
258
275
319
347
383
433
478
486
519
523
517
496
481
462
433
417
387
374
364
321
285
260
228
226
225
234
245
243
248
252
258
249
249
238
240
238
223
193
156
148
123
89
48
15
-27
-59
-108
-148
-190
-226
-276
-309
-360
-377
-388
-398
-388
-397
-394
-371
-342
-333
-297
-284
-250
-202
-171
-157
-138
-117
-119
-109
-110
-143
-144
-151
-170
-172
-179
-207
-236
-256
-256
-251
-259
-261
-274
-237
-214
-196
-161
-132
-101
-72
-32
-18
14
22
30
36
50
63
62
83
104
120
143
161
184
212
234
264
271
300
324
360
396
431
460
490
508
530
527
530
534
539
525
519
516
493
454
386
338
269
208
152
92
34
-14
-68
-115
-149
-179
-214
-238
-227
-198
-199
-182
-156
-145
-149
-167
-160
-188
-187
-194
-199
-231
-253
-259
-282
-292
-315
-306
-311
-318
-307
-299
-303
-298
-288
-279
-277
-255
-248
-250
-243
-217
-208
-207
-192
-168
-150
-136
-112
-107
-80
-71
-54
-40
-15
5
5
37
35
34
64
64
92
142
145
164
204
230
251
280
303
326
326
327
344
345
328
323
302
294
288
294
295
289
288
283
289
285
303
301
325
341
347
361
378
387
392
392
366
361
352
342
307
272
232
182
129
65
10
-38
-110
-138
-187
-228
-257
-286
-316
-349
-380
-379
-375
-388
-382
-385
-391
-364
-365
-342
-335
-326
-295
-287
-262
-250
-215
-201
-193
-188
-180
-167
-154
-142
-126
-141
-123
-128
-137
-117
-127
-121
-110
-103
-65
-47
-23
-14
10
44
57
90
94
119
135
154
189
207
229
248
264
277
284
297
300
308
317
311
333
320
328
327
310
308
322
317
281
285
245
226
200
162
151
139
138
132
132
133
143
125
109
124
124
126
116
122
112
113
112
119
104
93
84
77
70
53
46
21
-15
-55
-63
-107
-169
-191
-228
-259
-276
-290
-325
-326
-336
-358
-362
-357
-347
-337
-336
-319
-305
-312
-279
-294
-285
-273
-267
-255
-238
-227
-204
-180
-163
-132
-115
-89
-69
-61
-30
-30
-41
-23
-9
5
36
47
64
70
76
107
114
117
129
147
146
151
162
166
181
187
179
179
188
209
194
209
223
210
230
240
234
249
265
260
257
246
230
216
218
193
183
163
135
109
67
63
44
15
2
-27
-51
-54
-71
-92
-104
-107
-108
-108
-114
-103
-91
-95
-63
-62
-61
-49
-37
-36
-44
-54
-81
-83
-99
-150
-173
-192
-217
-239
-243
-262
-281
-264
-274
-279
-280
-270
-246
-252
-241
-215
-213
-193
-160
-175
-147
-135
-127
-125
-115
-96
-74
-67
-64
-54
-35
-29
-33
-12
-18
-8
0
-3
23
45
70
107
143
166
189
213
222
227
240
250
253
271
257
254
245
214
189
169
175
136
140
111
102
117
101
106
107
108
98
107
102
116
116
111
120
118
127
121
115
116
98
76
34
18
1
-27
-63
-86
-98
-121
-140
-170
-183
-208
-221
-213
-231
-217
-207
-183
-166
-154
-124
-106
-92
-90
-94
-65
-72
-67
-58
-74
-71
-74
-94
-120
-117
-137
-147
-143
-153
-168
-162
-153
-158
-148
-122
-109
-105
-66
-54
-31
1
-1
15
26
37
48
47
54
58
50
65
58
52
58
48
67
56
73
115
115
122
142
162
191
195
184
205
204
198
206
203
212
200
180
168
169
152
131
109
83
87
66
57
26
0
2
-10
-12
-58
-56
-63
-54
-46
-32
-34
-36
-14
-12
-6
-9
-23
-16
-23
-38
-24
-44
-54
-71
-65
-102
-138
-157
-170
-202
-226
-240
-247
-250
-239
-234
-216
-182
-174
-159
-136
-96
-70
-30
-22
-9
29
32
33
33
28
37
29
11
11
12
9
16
11
12
-2
4
6
-3
22
23
30
33
64
59
68
93
89
107
122
118
119
126
113
117
119
113
103
99
100
82
96
90
87
72
70
70
63
89
68
87
98
105
105
100
115
107
108
91
90
93
59
49
57
35
17
-11
-34
-58
-84
-120
-137
-146
-165
-171
-161
-156
-162
-141
-131
-123
-111
-87
-80
-43
-21
-8
23
26
25
11
-8
-22
-40
-74
-92
-104
-137
-137
-138
-131
-153
-122
-104
-117
-96
-83
-45
-32
5
18
30
41
59
88
78
81
84
77
79
88
100
84
108
79
68
78
63
64
72
74
69
80
81
80
76
60
73
77
71
68
74
65
65
83
69
91
93
78
61
53
34
25
57
39
36
22
28
14
-9
-5
-15
-14
-14
-27
-38
-24
-35
-28
-9
-14
5
10
10
-5
-17
-19
-33
-54
-78
-90
-112
-137
-160
-151
-158
-174
-165
-167
-169
-162
-166
-157
-141
-111
-95
-72
-51
-35
-7
17
24
29
21
18
18
1
4
-9
-16
-29
-39
-30
-37
-38
-33
-20
-19
-13
-1
8
12
14
21
29
44
40
55
46
47
52
60
67
69
73
53
89
73
56
60
47
54
53
49
41
30
22
29
2
-2
0
-3
6
-4
10
6
15
30
29
12
7
4
-9
-24
-17
-25
-45
-47
-63
-61
-102
-120
-133
-124
-131
-130
-128
-124
-102
-104
-89
-75
-51
-44
-43
-38
-42
-9
-14
-24
-14
-19
-51
-65
-86
-109
-120
-147
-151
-181
-181
-185
-183
-169
-149
-145
-116
-71
-47
-34
-19
-1
13
16
28
41
50
54
62
53
72
72
67
73
58
55
35
41
50
34
32
38
29
40
31
42
54
48
50
47
53
56
63
59
59
57
47
43
29
17
33
20
9
7
12
13
-3
-5
8
-1
1
-1
-15
-4
-12
-14
-18
-30
-25
-52
-39
-35
-55
-77
-72
-92
-85
-105
-91
-102
-136
-132
-148
-140
-162
-164
-152
-135
-138
-112
-109
-86
-76
-46
-40
-43
-14
3
-2
11
13
3
-14
-24
-19
-38
-37
-69
-76
-84
-90
-98
-104
-105
-82
-83
-84
-55
-38
-40
-29
-5
-1
12
20
19
20
26
43
35
50
54
41
49
41
44
42
41
26
39
44
38
42
45
43
27
33
25
29
20
23
18
12
-4
-10
-25
-38
-45
-66
-57
-54
-66
-76
-64
-57
-58
-49
-41
-60
-47
-39
-49
-34
-42
-43
-58
-66
-54
-72
-81
-83
-78
-91
-84
-96
-110
-112
-112
-118
-126
-130
-132
-124
-142
-142
-129
-123
-115
-91
-97
-102
-78
-47
-50
-45
-17
5
33
33
41
38
47
44
46
31
36
32
9
15
0
-20
-16
-31
-37
-44
-61
-65
-80
-74
-71
-53
-54
-51
-37
-20
-16
-9
4
3
19
38
41
36
35
32
39
24
20
16
16
10
21
25
21
30
32
27
26
41
36
27
27
34
-13
-9
-4
-32
-48
-51
-55
-64
-80
-92
-95
-92
-94
-87
-100
-85
-76
-77
-78
-72
-66
-52
-52
-60
-36
-48
-42
-53
-53
-42
-49
-46
-59
-73
-83
-98
-101
-113
-125
-139
-143
-121
-115
-105
-96
-100
-85
-68
-67
-59
-57
-40
-4
4
18
33
50
69
81
97
108
113
118
118
84
74
62
54
28
8
-6
-31
-43
-51
-86
-91
-99
-96
-103
-95
-89
-69
-67
-63
-49
-43
-9
3
28
41
47
43
29
27
12
9
16
4
-2
-18
-15
-34
-37
-60
-69
-75
-83
-76
-101
-101
-89
-104
-102
-93
-87
-85
-88
-92
-85
-82
-112
-89
-93
-94
-104
-105
-99
-108
-106
-94
-87
-85
-76
-86
-80
-75
-63
-50
-52
-45
-41
-31
-28
-35
-39
-36
-44
-58
-59
-53
-50
-67
-59
-70
-73
-53
-44
-39
-41
-45
-36
-31
-27
-20
-10
-6
19
36
71
69
83
93
97
94
109
110
90
83
79
63
21
21
-7
-29
-64
-63
-90
-121
-123
-147
-140
-142
-152
-166
-156
-125
-115
-88
-72
-55
-28
-21
-11
11
3
-4
13
19
16
28
7
-5
1
-18
-18
-54
-55
-64
-59
-58
-73
-71
-65
-60
-50
-58
-62
-51
-43
-53
-60
-56
-50
-45
-45
-37
-40
-29
-40
-45
-36
-25
-9
-18
-7
3
15
8
10
-10
-21
1
-22
-30
-6
-20
-14
-9
-15
0
-8
-8
-14
-3
2
11
23
10
19
38
35
35
47
54
55
37
50
30
36
57
48
61
53
62
66
63
52
54
44
39
17
5
13
-11
-13
-39
-62
-59
-92
-102
-102
-127
-131
-121
-114
-137
-124
-119
-102
-100
-78
-70
-58
-45
-45
-52
-36
-35
-22
-27
-35
-44
-55
-37
-48
-58
-65
-65
-71
-71
-73
-61
-61
-45
-60
-50
-34
-51
-49
-41
-37
-40
-23
-12
-13
-16
-23
-16
-16
-25
-27
-30
-9
-4
-18
-5
-13
-21
0
-21
-24
-21
-38
-35
-28
-30
-20
-5
-17
-23
0
3
-9
-6
-6
13
13
12
13
17
9
36
37
31
30
33
46
39
42
32
32
18
23
19
25
35
30
24
15
12
6
-4
-5
-11
-29
-31
-29
-33
-45
-39
-45
-48
-49
-45
-44
-48
-48
-33
-23
-44
-29
-12
-14
-9
-4
-5
16
-7
-5
4
11
9
-5
4
-5
12
0
0
16
2
16
27
14
29
42
41
42
69
88
82
87
98
91
105
98
88
103
83
77
80
79
71
57
70
48
49
42
32
34
21
15
12
11
-6
-12
0
-2
-6
-4
-3
-2
-3
17
9
22
25
17
34
45
65
61
57
63
78
63
52
67
51
52
50
47
35
25
23
27
28
20
28
29
27
27
36
28
34
42
40
51
32
21
36
22
16
25
20
26
-4
12
-7
10
11
-5
9
-3
-7
-11
-10
-16
-4
12
18
7
2
-15
0
15
0
19
21
30
31
32
36
34
37
47
46
53
60
58
52
57
71
53
52
52
67
58
56
51
53
48
47
55
33
45
39
47
45
21
17
33
25
13
3
-14
-3
-18
-27
-30
-30
-30
-40
-43
-30
-35
-40
-31
-27
-16
-17
-31
-10
3
-11
-23
-12
-11
-12
-13
-37
-21
-14
-22
-17
-5
-1
-10
2
2
13
24
25
29
24
23
19
16
24
19
18
19
8
14
20
-4
-21
-27
-26
-39
-33
-49
-36
-24
-39
-33
-57
-32
-37
-35
-17
-16
-16
-15
6
-11
-5
16
11
28
7
16
14
23
32
31
48
33
45
21
25
46
38
41
42
26
34
39
30
44
36
21
38
39
32
26
29
34
6
15
2
5
-6
-23
-8
-26
-27
-6
-8
-33
-33
-36
-31
-39
-37
-31
-41
-36
-48
-54
-52
-37
-42
-44
-47
-30
-22
-42
-50
-40
-30
-34
-20
-11
-19
-25
-30
-6
4
1
5
30
37
43
44
47
58
50
65
68
53
54
60
44
31
21
8
2
-30
-46
-40
-63
-62
-68
-61
-48
-40
-38
-33
-22
-26
-11
9
20
20
30
28
44
54
46
57
54
40
41
48
31
29
12
15
16
11
5
11
13
-6
11
5
2
2
1
6
14
-9
30
40
24
42
40
22
35
21
44
19
17
21
7
7
-9
-8
-20
-16
-24
-25
-29
-35
-46
-44
-32
-44
-55
-34
-33
-31
-38
-33
-25
-29
-24
-20
-19
-9
-14
-17
-13
-2
0
-19
-8
-14
-6
2
19
17
23
41
62
63
53
69
55
67
82
68
62
76
59
47
57
38
29
13
5
14
-16
-24
-25
-14
-24
-31
-12
-24
-31
-21
-26
-23
2
-8
-2
23
26
19
33
43
33
38
35
46
31
19
29
13
10
1
11
25
14
12
-8
-4
-11
-7
-2
-32
-20
-11
-6
-12
-13
-10
-3
-10
-6
9
-7
0
-12
-14
-3
-22
-21
-24
-30
-34
-45
-40
-54
-62
-62
-63
-54
-69
-69
-67
-67
-66
-47
-46
-31
-38
-23
-37
-37
-18
-16
-9
-14
-8
-9
-8
3
10
0
6
3
15
11
17
16
34
38
38
40
42
45
31
48
38
33
18
27
23
0
5
-8
5
-1
-2
-18
-29
-39
-38
-50
-62
-53
-51
-50
-82
-79
-82
-97
-87
-87
-86
-80
-80
-71
-80
-68
-80
-71
-65
-76
-65
-66
-70
-71
-69
-61
-56
-59
-65
-58
-68
-65
-67
-67
-66
-72
-70
-74
-61
-69
-56
-63
-69
-50
-55
-55
-59
-59
-56
-60
-69
-63
-68
-56
-63
-84
-74
-88
-91
-75
-78
-76
-83
-76
-85
-82
-87
-65
-50
-64
-68
-77
-53
-73
-66
-79
-83
-69
-60
-59
-68
-56
-65
-51
-53
-54
-34
-42
-31
-31
-36
-19
-30
-25
-18
-23
-21
-28
-37
-40
-32
-28
-45
-42
-55
-72
-85
-80
-81
-105
-101
-98
-107
-126
-125
-129
-132
-119
-124
-117
-132
-132
-124
-116
-110
-119
-100
-85
-85
-85
-89
-81
-73
-68
-67
-64
-64
-87
-76
-71
-68
-69
-80
-86
-80
-69
-92
-95
-98
-86
-75
-99
-93
-84
-72
-70
-71
-67
-78
-75
-75
-79
-77
-79
-103
-81
-69
-82
-72
-73
-76
-102
-99
-88
-89
-96
-94
-93
-94
-85
-105
-74
-70
-80
-66
-68
-52
-56
-54
-46
-55
-48
-60
-54
-44
-51
-46
-35
-36
-47
-36
-46
-40
-44
-46
-37
-40
-35
-32
-22
-23
-25
-30
-20
-16
-35
-22
-34
-41
-51
-56
-62
-72
-67
-76
-107
-95
-106
-130
-107
-125
-139
-144
-159
-152
-138
-151
-132
-120
-141
-129
-114
-107
-94
-82
-81
-73
-63
-80
-59
-63
-51
-55
-56
-40
-50
-69
-60
-34
-62
-57
-51
-53
-50
-56
-49
-62
-53
-54
-70
-49
-48
-59
-68
-51
-46
-69
-59
-60
-71
-92
-95
-85
-111
-88
-80
-91
-90
-82
-84
-74
-77
-75
-61
-64
-55
-53
-52
-74
-73
-59
-83
-89
-66
-74
-73
-76
-69
-66
-62
-73
-74
-75
-85
-63
-64
-67
-91
-79
-69
-73
-66
-56
-44
-49
-37
-42
-36
-54
-49
-34
-41
-52
-58
-65
-80
-78
-103
-94
-113
-125
-132
-141
-149
-148
-157
-154
-156
-153
-150
-170
-142
-136
-131
-122
-119
-102
-99
-87
-73
-56
-49
-51
-37
-28
-27
-24
-31
-43
-39
-38
-46
-32
-50
-42
-56
-59
-58
-53
-66
-78
-70
-84
-75
-61
-91
-81
-85
-95
-79
-83
-91
-89
-80
-88
-94
-85
-81
-104
-96
-90
-99
-100
-97
-110
-107
-99
-98
-103
-113
-115
-107
-116
-111
-109
-117
-126
-128
-127
-127
-128
-133
-130
-136
-144
-129
-134
-142
-127
-132
-121
-124
-96
-90
-96
-73
-78
-73
-64
-87
-64
-64
-55
-42
-49
-64
-70
-73
-82
-77
-89
-101
-113
-119
-143
-149
-148
-154
-163
-182
-177
-175
-162
-168
-164
-153
-144
-124
-128
-114
-95
-75
-80
-76
-65
-61
-59
-48
-54
-66
-58
-53
-67
-77
-77
-79
-73
-68
-74
-70
-82
-89
-89
-81
-87
-69
-61
-80
-69
-76
-73
-71
-82
-75
-85
-88
-81
-78
-71
-82
-83
-69
-68
-65
-74
-91
-77
-70
-82
-87
-74
-74
-79
-82
-87
-90
-88
-88
-101
-110
-94
-97
-95
-99
-106
-103
-98
-99
-105
-91
-93
-102
-100
-87
-85
-66
-68
-64
-47
-45
-31
-34
-32
-22
-21
-13
-14
-23
-7
-26
-15
-28
-31
-53
-60
-51
-75
-74
-65
-81
-87
-89
-90
-78
-84
-95
-92
-83
-73
-56
-70
-62
-58
-39
-32
-45
-28
-34
-19
-18
-17
-6
-21
-21
-31
-33
-30
-25
-26
-32
-32
-45
-38
-36
-41
-36
-35
-29
-32
-41
-43
-46
-71
-67
-60
-65
-67
-67
-81
-92
-81
-85
-82
-85
-89
-75
-75
-76
-90
-87
-93
-93
-87
-86
-82
-84
-88
-83
-90
-89
-86
-91
-82
-81
-82
-65
-62
-72
-49
-61
-60
-62
-63
-46
-43
-38
-31
-63
-60
-45
-53
-39
-43
-46
-44
-61
-40
-29
-29
-29
-37
-39
-24
-33
-43
-31
-31
-36
-46
-63
-60
-60
-79
-79
-70
-72
-77
-80
-91
-83
-94
-89
-95
-103
-93
-85
-85
-86
-58
-63
-72
-67
-52
-61
-55
-49
-47
-38
-43
-32
-41
-38
-38
-50
-59
-48
-50
-45
-45
-59
-62
-61
-54
-64
-61
-76
-73
-79
-76
-78
-78
-81
-77
-82
-105
-90
-99
-95
-99
-82
-89
-89
-82
-81
-101
-90
-98
-84
-59
-80
-71
-74
-51
-70
-66
-60
-49
-38
-27
-25
-39
-16
-18
-22
-20
-21
-21
-1
-16
-4
-7
-8
-3
-14
-33
-20
-19
-10
-10
0
3
-1
5
-12
-16
-27
-2
-3
-16
3
-17
-15
-30
-27
-30
-41
-49
-61
-51
-70
-45
-55
-67
-63
-70
-77
-50
-47
-56
-39
-61
-36
-42
-46
-37
-40
-35
-29
-27
-16
-19
-6
-18
-13
-10
-16
-2
8
12
19
17
4
8
6
15
22
10
24
21
23
15
10
7
1
-9
10
5
-32
-24
-6
-28
-36
-1
-12
-19
-30
-12
16
-1
10
7
-13
1
12
15
22
33
20
22
47
50
36
52
31
39
49
41
39
39
37
29
35
37
32
29
24
14
34
22
17
19
16
27
20
26
22
24
10
19
6
17
8
-13
-6
-14
-23
-48
-33
-41
-37
-43
-54
-54
-50
-56
-60
-54
-50
-53
-46
-42
-49
-47
-25
-28
-16
-27
-21
-31
-44
-42
-21
-11
-27
-12
5
-9
-8
-4
-13
7
6
0
1
16
11
10
11
-2
7
18
14
-3
-3
-6
-13
-19
-15
-19
-4
-13
-34
-22
-37
-21
-14
-37
-40
-42
-43
-43
-26
-27
-31
-23
-26
-28
-22
-30
7
-6
-11
-3
18
6
-16
14
5
-3
-7
11
-1
6
4
-13
2
-7
-14
-9
-13
3
5
-13
-8
-2
-18
-1
7
6
5
0
4
0
18
10
1
-11
-12
-13
-17
-11
-17
-7
-26
-27
-2
-9
-10
-6
-11
-38
-19
-10
-5
-11
-1
-6
-14
-7
0
-2
-3
-5
-11
9
6
-5
-3
0
-7
-3
-4
-1
-11
-8
-2
-3
11
3
-1
-6
2
11
8
10
-1
3
-8
12
7
14
16
-13
-20
-18
7
-6
-16
-3
-30
-35
-35
-39
-37
-32
-29
-34
-24
-32
-30
-34
-21
-25
-22
0
-1
-6
1
8
-1
8
-7
-10
-4
6
6
1
6
9
6
4
8
14
12
14
20
13
13
4
4
3
0
13
9
12
8
-5
4
-2
-7
-20
-18
-33
-14
-3
-15
-12
-14
-8
-16
-14
-25
-10
-8
0
3
2
20
-2
-1
6
6
9
16
2
8
12
3
17
23
8
3
27
12
17
10
7
9
6
17
7
19
18
16
32
25
27
29
25
28
18
20
14
16
19
18
15
4
13
12
-6
-12
-13
-34
-41
-38
-20
-22
-32
-12
-24
-17
-13
-9
-7
2
0
-12
4
7
0
-2
3
-1
5
3
6
-12
12
16
-4
1
6
-6
-4
-7
1
-17
-12
-2
-8
13
2
-5
-7
9
-4
9
5
10
9
8
13
-4
15
7
-13
-2
-5
-7
-8
-31
-14
-13
-4
-9
-10
-10
-13
-8
-19
-3
-9
-1
-11
1
-2
-13
-11
-1
-2
-12
-11
-20
-12
0
3
11
12
14
11
11
-1
12
23
23
32
27
40
32
40
26
28
36
23
10
6
6
6
3
-10
-13
-17
-2
-30
-28
-33
-34
-25
-30
-24
-24
-35
-20
-9
-18
-3
-9
-3
6
5
26
10
10
15
5
12
15
6
21
10
-1
12
9
13
20
29
8
11
14
9
11
28
24
21
22
19
31
32
31
32
26
18
12
20
19
26
34
22
29
34
16
31
35
40
22
26
34
32
49
28
39
22
19
31
25
23
37
48
27
42
45
50
68
63
49
49
51
65
59
50
53
60
55
62
54
49
65
55
62
50
53
58
55
55
43
52
49
34
43
39
42
33
32
32
13
19
19
23
15
17
10
24
16
27
34
14
9
11
27
14
23
25
26
21
27
19
26
20
29
28
41
36
25
35
26
49
34
29
43
47
52
56
66
58
66
64
62
76
74
82
75
77
85
80
65
64
63
75
66
64
80
59
66
70
70
66
48
48
63
40
40
62
54
45
66
53
44
54
55
57
64
61
59
68
42
47
60
63
48
51
55
55
55
52
55
47
51
56
49
48
50
39
47
53
47
50
44
30
18
45
42
27
39
55
30
38
39
44
20
32
33
17
41
33
31
25
32
26
26
24
30
34
37
33
38
52
38
39
35
38
32
39
50
41
55
43
57
57
69
61
59
69
74
76
76
90
91
99
105
104
105
95
83
93
78
70
72
71
74
62
58
66
52
56
52
30
40
51
47
56
58
41
52
46
58
64
54
48
62
73
76
73
74
71
52
78
56
46
55
59
68
51
55
57
50
55
64
57
53
49
52
63
59
68
63
66
53
57
63
65
77
42
45
59
50
62
57
59
71
61
64
68
62
52
57
48
63
60
62
55
39
40
44
53
53
62
60
72
58
58
67
71
73
69
75
71
69
79
85
82
78
82
85
90
89
96
92
102
85
79
91
98
85
81
78
88
96
82
81
69
64
55
55
70
54
44
38
32
40
40
40
35
45
57
49
26
35
44
43
42
46
37
39
51
39
47
49
42
48
43
47
54
43
37
42
47
46
50
52
45
53
67
64
66
63
51
68
67
67
70
53
56
47
55
45
43
47
53
39
41
40
47
68
53
37
50
60
45
40
32
39
35
24
27
19
27
60
32
30
41
42
46
48
52
59
61
58
54
63
70
62
71
54
61
61
45
50
39
44
58
52
44
38
30
35
41
36
41
34
31
19
11
19
10
26
16
15
20
16
12
5
-9
-20
0
8
3
10
10
24
24
14
4
27
9
-3
14
5
8
12
12
22
25
24
26
30
32
37
35
45
40
32
41
31
40
45
35
39
38
43
40
45
51
47
52
50
51
44
35
53
53
46
54
51
55
53
37
26
48
32
46
29
20
17
21
22
23
34
16
26
38
18
25
39
37
46
36
47
43
43
37
39
33
53
42
28
27
37
38
22
32
31
20
25
38
44
47
45
39
42
59
41
27
37
42
38
49
43
30
28
30
42
30
28
34
8
21
46
24
5
16
8
22
24
25
35
36
39
47
48
47
65
56
62
67
61
72
73
73
88
84
64
91
82
71
86
81
80
72
72
68
52
66
76
85
62
68
80
71
75
75
63
64
53
58
79
73
69
61
38
35
57
43
54
42
35
23
18
36
37
33
11
15
32
31
35
52
53
55
45
52
52
41
40
32
23
45
31
35
46
52
43
26
33
39
36
41
56
52
58
56
66
73
52
62
72
64
65
77
84
63
69
65
64
65
53
62
68
59
45
59
63
54
59
43
63
49
28
51
55
54
42
52
57
55
49
60
59
52
72
80
66
62
88
70
72
71
75
78
72
75
75
69
68
67
75
75
59
69
66
67
64
54
53
54
47
64
46
61
55
54
66
56
61
57
70
62
51
51
47
43
42
52
60
39
40
34
45
46
45
51
41
50
46
52
49
50
56
45
41
42
47
37
20
32
46
44
37
37
52
49
58
37
46
52
63
65
48
61
60
77
72
72
74
72
70
76
76
79
82
72
69
65
68
65
44
59
54
53
56
53
62
43
47
34
24
55
39
31
38
53
54
52
60
48
48
60
76
67
45
52
59
51
60
66
51
33
50
42
48
47
41
37
30
26
14
25
29
30
27
25
21
30
34
37
37
18
31
36
17
29
32
14
28
21
44
52
39
43
43
48
52
53
50
45
46
38
49
38
33
35
30
28
33
28
38
25
25
27
22
40
35
29
31
42
50
48
39
32
34
57
55
62
64
52
43
62
65
59
51
53
48
35
44
36
33
30
32
28
19
17
24
26
21
24
19
12
12
15
23
6
7
30
30
37
27
32
32
31
22
18
39
28
26
41
28
21
34
