-11
-3
-21
-30
-19
-34
-14
-13
-21
-11
-27
-18
-16
-17
-24
-19
-22
-21
-20
-19
-19
-24
-18
-34
-33
-22
-30
-15
-10
-11
-8
-30
-18
-27
-37
-38
-17
-26
-30
-5
-16
-27
-26
-19
-11
-19
-12
-9
-30
-13
0
-3
-3
-10
-10
-2
-4
11
7
-3
0
11
10
9
-10
-1
4
4
12
4
7
6
5
-5
9
7
6
12
11
4
8
13
3
2
-2
-7
-20
-8
-13
-19
-13
-14
-16
-18
-7
4
7
5
2
0
4
-5
-4
4
7
-2
-8
-12
-19
-13
-3
-15
-8
-22
-17
-21
-20
-27
-31
-3
7
0
-13
4
-2
-11
-5
0
4
12
4
10
11
1
1
4
6
2
-9
21
13
3
1
6
10
-2
22
10
25
16
13
20
9
11
7
5
9
40
25
25
29
32
15
24
24
17
16
19
17
20
19
-4
12
14
14
7
19
12
16
0
0
26
15
25
18
16
27
26
33
19
22
10
2
23
7
-2
8
15
-3
17
-3
-10
5
5
19
17
6
5
11
6
-1
9
1
-8
9
-1
-2
2
0
1
0
-1
13
15
5
7
15
2
-6
-4
-5
17
6
6
7
-4
14
10
23
11
19
36
32
34
24
16
7
29
29
7
12
2
5
7
5
11
1
8
3
8
2
-8
8
-2
0
3
0
-19
-14
-4
-12
-28
-22
-11
-30
-37
-21
-28
-46
-48
-42
-29
-27
-34
-40
-28
-28
-31
-44
-41
-46
-44
-40
-24
-25
-33
-36
-34
-25
-28
-16
-31
-37
-28
-40
-32
-37
-24
-14
-23
-16
-13
0
-4
-6
-5
-5
3
7
16
13
7
-4
4
12
7
21
8
-3
-2
2
-1
1
-1
-10
-10
-5
-2
-12
6
16
8
-10
-4
8
13
-4
2
8
-15
-1
4
-4
-1
14
-1
-10
-2
-12
0
4
-1
-6
-21
-4
-4
-11
-11
-6
-1
-6
2
10
3
8
-4
4
2
6
-4
-3
0
-22
-14
-10
-19
-13
1
-10
-4
-4
-1
1
14
8
0
2
11
0
1
-5
-2
1
4
18
2
-2
-3
10
10
8
-3
6
-4
-3
4
1
5
-5
-4
11
-3
-13
-7
-13
3
10
6
-1
3
0
5
14
5
9
30
16
3
10
14
7
-13
3
1
8
5
-1
11
4
21
12
18
11
-3
5
5
4
-6
16
17
7
7
6
-2
12
-5
2
18
6
-8
-3
0
-8
3
-11
-19
-17
-8
-21
-18
-18
-12
-11
-15
-15
-8
1
-11
2
4
-15
-1
-12
4
-11
-21
10
-9
-10
2
1
-19
-6
-6
-4
-16
-12
-8
-16
-16
-6
8
2
-3
-18
-1
2
-19
-22
-12
-1
10
12
13
-4
14
-4
-10
16
6
2
8
18
18
13
13
21
14
17
6
6
8
17
4
2
7
0
7
12
22
18
21
12
14
26
33
27
23
18
25
14
10
3
24
25
16
14
11
7
16
21
7
25
31
17
15
17
5
37
21
20
35
23
8
12
22
9
15
19
7
14
14
16
22
33
19
-2
23
2
18
36
22
31
17
29
34
39
49
31
23
36
26
42
39
31
46
49
38
37
45
56
48
61
50
50
57
64
55
49
60
60
69
59
54
54
61
48
55
63
70
67
63
74
73
80
77
73
67
67
70
58
57
57
64
58
62
52
56
44
56
59
59
64
44
62
49
46
44
44
34
46
37
40
41
35
31
34
24
30
36
22
20
33
33
36
41
40
35
27
25
23
35
30
33
28
21
33
32
29
31
33
39
56
50
44
52
50
53
42
47
49
64
55
50
53
68
71
71
68
81
71
73
63
67
72
59
69
59
71
58
61
70
64
75
58
61
75
81
80
68
77
95
81
83
93
100
95
85
88
93
88
89
97
95
111
107
103
87
59
90
92
76
86
78
93
84
80
83
75
74
79
90
88
83
77
81
89
80
89
86
69
72
63
71
79
77
64
78
88
108
118
102
108
99
103
93
102
80
72
95
101
103
87
98
97
76
84
100
87
89
112
79
101
98
95
113
109
113
107
98
105
113
119
113
107
115
119
117
107
103
114
111
106
109
113
123
117
117
113
109
115
106
118
128
107
111
90
104
117
101
97
100
93
92
98
89
93
89
106
103
100
100
90
98
85
84
90
95
89
85
100
95
90
87
103
89
93
99
104
115
101
103
88
87
88
98
94
82
95
108
102
113
111
96
106
111
119
99
108
108
104
110
93
113
106
109
121
99
106
103
99
94
88
118
107
96
93
98
117
103
92
112
97
104
99
77
103
105
104
101
96
100
110
108
107
95
99
108
91
104
111
103
96
105
96
88
120
100
85
89
94
96
94
100
79
90
92
94
94
82
94
104
103
101
105
99
99
92
91
98
104
93
92
99
90
107
102
114
105
94
98
104
124
108
108
104
107
116
103
89
98
108
118
106
107
120
115
114
110
113
103
102
98
99
105
101
106
111
98
93
108
100
119
117
95
92
98
91
94
81
77
82
109
98
85
97
92
107
85
106
81
82
105
97
86
90
96
84
97
92
93
89
100
94
78
76
85
81
71
77
71
67
72
69
53
66
72
64
71
66
75
79
62
65
72
66
71
75
91
74
75
79
82
72
64
66
88
83
73
78
77
62
81
72
77
83
88
85
72
94
86
97
87
90
93
106
103
106
118
101
106
93
111
96
93
98
97
83
75
92
84
91
96
98
89
97
98
102
100
93
87
100
101
94
97
103
107
95
85
102
102
106
99
106
107
97
96
91
88
90
90
97
103
81
91
96
100
90
98
107
105
105
108
106
111
104
86
91
97
104
96
97
81
95
94
101
92
88
99
93
110
99
89
81
93
103
106
103
111
108
87
103
104
104
82
93
107
105
102
93
101
97
100
98
91
91
81
81
90
95
96
97
95
102
98
105
104
93
119
116
103
100
93
85
82
104
83
95
86
93
89
84
95
89
86
75
95
86
84
83
91
93
97
88
97
94
90
99
103
104
91
98
89
84
106
100
90
105
101
110
100
98
105
103
111
78
86
89
99
97
91
97
105
92
83
105
102
100
83
95
85
108
93
85
103
89
88
83
90
90
93
89
106
90
96
93
91
101
94
92
106
105
85
97
98
103
106
115
111
102
98
99
99
93
87
87
101
100
98
104
99
104
110
110
101
102
105
107
95
93
94
87
91
98
101
98
92
95
82
90
95
90
93
80
89
94
87
88
99
88
87
95
86
60
75
70
77
74
78
75
74
84
75
78
99
102
75
100
98
96
107
106
115
102
104
111
102
105
111
114
117
107
86
93
102
110
100
113
108
111
112
102
112
106
116
119
116
129
110
107
116
109
107
114
108
104
105
113
114
100
114
114
99
94
95
96
90
98
102
84
90
88
102
85
86
88
88
89
76
86
70
102
77
84
76
81
72
63
82
77
76
66
94
85
85
88
88
93
95
86
81
78
86
105
83
75
89
88
70
80
86
81
61
74
66
77
71
79
84
77
64
65
85
77
81
76
84
66
79
97
90
87
95
94
86
101
83
91
105
100
109
99
94
98
83
87
100
86
85
73
82
89
85
97
90
93
84
88
99
107
107
105
102
75
84
83
82
95
86
86
92
88
96
87
84
90
84
83
84
88
84
70
74
77
83
79
68
70
49
63
51
49
51
46
69
52
48
53
56
49
53
39
49
63
51
46
48
40
49
55
51
58
63
51
49
61
57
63
61
72
64
50
51
68
66
56
47
51
53
51
43
51
64
53
62
48
51
55
52
42
39
56
53
38
39
47
45
49
49
55
44
36
53
39
52
56
44
50
62
48
49
53
49
59
56
53
60
49
50
61
38
47
39
48
45
40
48
36
48
43
53
45
49
25
33
42
28
21
24
22
25
28
20
35
29
31
16
37
41
31
44
21
30
44
34
23
12
28
31
32
23
24
30
15
36
23
19
47
41
29
32
29
31
41
34
29
15
12
30
18
11
28
19
21
18
20
18
25
19
13
7
15
24
27
27
43
43
24
34
38
35
41
31
25
37
20
34
33
19
23
23
30
17
13
20
10
11
9
2
9
-2
-8
-11
-10
12
-5
-9
-3
10
2
-18
-15
-23
-19
-23
-28
-24
-22
-27
-41
-29
-37
-27
-44
-53
-42
-39
-43
-51
-33
-40
-52
-61
-29
-39
-53
-62
-47
-45
-42
-44
-45
-48
-52
-40
-55
-41
-42
-55
-58
-47
-55
-60
-69
-45
-50
-49
-54
-53
-52
-49
-36
-43
-34
-53
-40
-44
-41
-41
-39
-55
-52
-44
-48
-48
-62
-55
-52
-51
-49
-44
-49
-48
-58
-64
-48
-58
-38
-53
-47
-43
-60
-45
-39
-44
-63
-66
-64
-79
-82
-57
-65
-73
-71
-67
-68
-72
-67
-62
-68
-77
-65
-66
-76
-73
-74
-82
-89
-77
-61
-76
-79
-72
-60
-50
-68
-67
-66
-75
-68
-66
-75
-80
-76
-78
-77
-73
-86
-72
-84
-77
-78
-79
-83
-87
-70
-65
-77
-79
-79
-80
-53
-53
-58
-66
-56
-65
-65
-68
-74
-73
-86
-80
-77
-80
-70
-63
-66
-67
-72
-80
-79
-85
-84
-82
-68
-79
-75
-66
-74
-56
-60
-64
-73
-58
-62
-81
-84
-78
-76
-70
-92
-76
-74
-87
-89
-80
-77
-81
-68
-82
-84
-77
-91
-79
-91
-100
-93
-103
-102
-102
-109
-103
-108
-109
-106
-94
-98
-97
-89
-102
-106
-111
-113
-114
-107
-113
-103
-110
-111
-122
-110
-124
-122
-123
-119
-111
-126
-108
-111
-104
-120
-105
-119
-117
-125
-99
-111
-112
-101
-114
-83
-75
-98
-103
-85
-88
-85
-95
-105
-89
-93
-91
-85
-86
-88
-87
-85
-96
-111
-87
-74
-97
-102
-102
-103
-118
-109
-128
-129
-127
-121
-133
-130
-134
-127
-122
-129
-133
-138
-122
-116
-123
-136
-132
-130
-140
-127
-115
-115
-119
-121
-115
-127
-123
-125
-118
-111
-118
-109
-111
-117
-121
-127
-118
-108
-129
-133
-130
-137
-129
-134
-134
-129
-136
-120
-130
-127
-121
-143
-133
-123
-134
-124
-135
-128
-123
-127
-123
-130
-125
-117
-122
-116
-121
-117
-116
-107
-88
-110
-103
-104
-107
-104
-89
-86
-90
-96
-101
-81
-87
-108
-73
-75
-88
-79
-93
-77
-83
-72
-67
-63
-62
-77
-77
-65
-67
-63
-73
-68
-78
-79
-71
-83
-74
-82
-68
-77
-83
-72
-77
-72
-78
-78
-83
-59
-59
-78
-75
-75
-75
-85
-73
-78
-94
-98
-89
-93
-102
-109
-104
-85
-72
-90
-95
-80
-83
-103
-75
-87
-78
-73
-77
-66
-75
-79
-82
-79
-104
-92
-81
-81
-82
-65
-74
-73
-67
-76
-68
-62
-52
-63
-56
-46
-58
-49
-54
-45
-39
-45
-58
-60
-58
-55
-45
-47
-43
-45
-47
-44
-45
-52
-60
-55
-58
-62
-45
-54
-63
-39
-45
-41
-40
-58
-61
-41
-53
-64
-61
-56
-64
-72
-63
-73
-56
-62
-63
-71
-66
-75
-76
-84
-84
-88
-98
-82
-84
-79
-77
-72
-80
-78
-70
-77
-84
-64
-64
-63
-85
-90
-83
-89
-75
-77
-75
-83
-81
-90
-104
-98
-102
-88
-96
-91
-92
-91
-80
-84
-86
-87
-90
-98
-78
-87
-82
-89
-72
-64
-76
-79
-81
-75
-87
-77
-83
-86
-95
-82
-76
-93
-83
-91
-87
-81
-87
-69
-59
-77
-66
-83
-75
-61
-68
-77
-71
-74
-83
-82
-95
-90
-81
-80
-84
-75
-82
-94
-76
-61
-73
-65
-83
-83
-67
-62
-67
-84
-76
-90
-92
-98
-84
-74
-81
-71
-87
-76
-82
-79
-92
-96
-92
-89
-93
-102
-90
-94
-92
-101
-99
-100
-97
-100
-88
-85
-85
-85
-85
-77
-81
-81
-86
-72
-76
-70
-79
-71
-77
-80
-80
-84
-86
-80
-87
-96
-80
-98
-83
-71
-81
-79
-75
-66
-71
-60
-57
-49
-50
-73
-45
-59
-36
-30
-42
-31
-37
-41
-37
-31
-45
-44
-44
-38
-40
-56
-55
-57
-59
-46
-56
-61
-59
-61
-77
-75
-89
-80
-71
-84
-63
-71
-69
-78
-85
-80
-57
-68
-76
-79
-90
-76
-68
-67
-74
-57
-80
-66
-64
-71
-75
-72
-79
-76
-90
-88
-85
-87
-98
-92
-102
-96
-70
-98
-70
-71
-67
-80
-82
-66
-79
-68
-77
-72
-70
-67
-51
-54
-43
-62
-60
-63
-59
-68
-62
-65
-60
-64
-55
-61
-77
-64
-72
-74
-77
-74
-68
-59
-79
-67
-76
-70
-69
-73
-69
-67
-52
-72
-47
-45
-56
-58
-62
-63
-61
-56
-55
-58
-65
-68
-61
-57
-59
-68
-77
-59
-72
-75
-72
-100
-86
-86
-98
-105
-105
-103
-111
-116
-105
-108
-106
-107
-93
-104
-113
-101
-96
-96
-114
-104
-111
-107
-105
-107
-120
-99
-108
-114
-107
-114
-118
-120
-116
-127
-122
-127
-125
-122
-117
-113
-124
-125
-115
-110
-107
-103
-113
-100
-93
-99
-105
-103
-115
-123
-108
-111
-110
-109
-115
-102
-84
-98
-86
-80
-89
-88
-93
-81
-89
-93
-87
-91
-90
-92
-102
-101
-107
-115
-113
-113
-121
-112
-119
-126
-123
-126
-108
-119
-111
-113
-125
-133
-122
-104
-108
-103
-109
-113
-112
-123
-111
-108
-120
-108
-107
-103
-119
-100
-109
-115
-89
-105
-104
-96
-93
-94
-99
-105
-93
-97
-77
-86
-79
-69
-86
-79
-72
-78
-67
-70
-66
-52
-65
-59
-53
-55
-65
-59
-72
-71
-85
-94
-89
-88
-83
-85
-90
-87
-81
-79
-62
-53
-63
-67
-57
-54
-52
-65
-71
-71
-67
-48
-73
-75
-70
-70
-82
-57
-55
-68
-44
-55
-51
-53
-43
-39
-53
-50
-57
-63
-82
-96
-83
-91
-92
-73
-58
-63
-73
-69
-74
-70
-73
-49
-60
-64
-63
-65
-66
-68
-56
-78
-53
-77
-65
-64
-69
-66
-73
-75
-68
-50
-53
-58
-72
-62
-56
-56
-64
-68
-56
-71
-63
-57
-55
-69
-73
-57
-63
-69
-60
-51
-63
-60
-60
-58
-48
-54
-58
-60
-48
-46
-60
-64
-55
-55
-47
-61
-58
-48
-45
-48
-57
-41
-40
-61
-58
-56
-53
-49
-54
-50
-42
-44
-54
-49
-64
-67
-62
-65
-68
-57
-43
-47
-57
-72
-53
-53
-60
-52
-64
-63
-61
-58
-61
-71
-55
-62
-78
-59
-62
-67
-56
-62
-77
-75
-61
-67
-64
-57
-58
-67
-68
-63
-63
-64
-57
-61
-70
-64
-87
-83
-66
-75
-77
-100
-83
-73
-74
-71
-71
-67
-72
-68
-69
-57
-73
-87
-53
-57
-49
-59
-78
-70
-58
-61
-61
-65
-84
-73
-84
-59
-70
-63
-51
-81
-50
-67
-60
-77
-73
-58
-75
-65
-77
-58
-65
-75
-59
-54
-55
-67
-67
-66
-46
-56
-70
-76
-59
-56
-68
-59
-68
-60
-60
-72
-60
-62
-64
-65
-74
-72
-64
-74
-63
-57
-59
-50
-64
-51
-53
-51
-46
-49
-71
-82
-64
-85
-86
-95
-85
-76
-83
-85
-84
-76
-90
-73
-64
-66
-82
-82
-82
-91
-93
-83
-79
-82
-70
-67
-46
-58
-55
-43
-47
-60
-55
-53
-49
-47
-56
-55
-54
-39
-57
-60
-43
-48
-52
-47
-59
-60
-68
-50
-52
-59
-34
-52
-54
-38
-50
-36
-62
-57
-59
-49
-28
-57
-54
-56
-31
-54
-48
-36
-37
-28
-26
-38
-45
-27
-54
-29
-20
-16
-25
-26
-29
-37
-33
-50
-29
-18
-27
-36
-34
-35
-44
-49
-34
-26
-48
-33
-37
-35
-35
-34
-21
-12
-27
-39
-8
-27
-27
-21
-31
-36
-48
-46
-63
-41
-44
-35
-47
-48
-23
-34
-31
-31
-30
-31
-16
-23
-24
-24
-24
-19
-17
-23
-38
-27
-19
-15
-15
-24
-34
-38
-36
-50
-45
-54
-36
-27
-36
-37
-45
-29
-15
-14
-14
-21
-13
-2
-3
-19
-34
-12
-25
-24
-24
-34
-32
-27
-39
-48
-41
-32
-42
-53
-38
-31
-37
-16
-34
-25
-27
-32
-15
-44
-23
-27
-24
-26
-29
-22
-7
-11
-23
-20
-29
-32
-23
-35
-42
-33
-37
-22
-14
-26
-19
-35
-32
-22
-38
-38
-27
-40
-44
-52
-49
-48
-47
-49
-56
-31
-40
-57
-60
-59
-58
-61
-49
-50
-41
-17
-10
-22
-26
-13
-24
-14
-31
-22
-19
-15
-7
-17
-19
-25
-5
-13
-10
-17
-13
-21
-34
-16
-38
-25
-29
-30
-20
-39
-34
-47
-30
-30
-18
-26
-18
-9
-13
-13
-2
-20
2
2
-13
-7
-6
-21
0
-14
-13
6
-25
-20
-33
-2
-5
-21
-29
-35
-38
-40
-40
-44
-39
-32
-26
-27
-23
-19
-10
-30
-21
-2
-23
-14
-22
-25
-10
-15
-31
-24
-15
-20
-29
-19
-32
-18
-28
-25
-19
-21
-8
-12
-13
-31
-37
-35
-33
-34
-41
-28
-32
-39
-54
-51
-33
-45
-38
-25
-22
-35
-26
-35
-49
-28
-25
-36
-38
-35
-36
-49
-44
-51
-47
-26
-32
-24
-44
-45
-39
-43
-33
-57
-46
-44
-39
-66
-58
-38
-35
-59
-66
-59
-69
-62
-53
-62
-46
-50
-55
-54
-56
-52
-55
-34
-53
-39
-65
-63
-78
-64
-33
-60
-22
-48
-60
-46
-60
-55
-25
-65
-42
-47
-46
-58
-73
-56
-53
-65
-104
-78
-83
-80
-84
-100
-92
-68
-80
-86
-86
-70
-67
-83
-73
-73
-90
-83
-109
-75
-41
-67
-65
-74
-83
-73
-75
-49
-54
-55
-50
-68
-59
-85
-57
-63
-67
-62
-79
-72
-75
-54
-69
-64
-55
-65
-50
-49
-34
-57
-36
-39
-26
-46
-55
-40
-35
-33
-35
-25
-22
-25
-53
-27
-19
-33
-42
-52
-60
-47
-43
-45
-25
-46
-40
-61
-46
-37
-35
-18
-36
-46
-32
-59
-66
-55
-61
-23
-18
-28
-33
-56
-52
-25
-28
-35
-16
-16
-33
-30
-26
-32
-22
-47
-26
-32
-47
-24
-18
-23
-43
-23
-12
-12
6
-2
-14
-8
-11
-5
-14
-12
-24
-54
-36
-16
-29
-1
-13
-6
-25
-30
-26
-33
-34
-23
-42
-40
-49
-46
-59
-79
-35
-50
-33
-48
-46
-6
-29
-63
-35
-35
-5
-29
-30
-32
-44
-61
-37
-46
-61
-24
-51
-47
-22
-33
-9
-10
-28
-13
-38
-28
-45
-51
-14
-22
-27
-33
-36
-29
-29
-37
-33
-43
-93
-60
-29
-44
-17
-46
-22
-22
-25
-24
-54
-43
-18
-33
-37
-34
-21
-20
-14
-38
-46
-52
-42
-21
-5
-1
-23
16
-20
-53
-47
-31
-23
0
-26
-20
-12
-13
-16
-13
-14
-16
-55
-24
-22
-36
1
-9
-7
-35
-34
-32
-8
-6
-31
-42
-42
-44
-40
-21
-37
-56
-29
-13
3
3
-13
-32
-35
-42
-28
-30
-29
-14
-19
-36
-21
-51
-60
-22
-30
-23
-31
-66
-32
-36
-41
-36
-30
1
-7
-24
-51
-66
-42
-44
-12
-24
-49
-47
-48
-54
-62
-64
-61
-51
-52
-48
-60
-43
-61
-39
-33
-31
-31
16
-29
-33
-22
7
32
-2
9
16
7
2
-27
-46
-5
-37
-21
-23
3
17
-12
3
-9
12
17
16
21
4
24
8
-31
-27
-35
-41
-7
23
9
24
3
-8
-16
-4
10
-4
14
-23
-35
-14
-14
2
8
-22
10
-1
3
7
19
48
22
63
16
67
44
25
28
5
40
54
38
-4
39
-11
72
11
-9
27
-7
16
3
-18
3
0
28
5
8
-1
14
7
13
8
-16
48
-11
27
-35
-32
-8
-14
11
23
8
49
55
61
66
53
87
50
59
50
55
6
10
-15
-31
-22
43
-31
6
14
-63
-9
16
38
46
52
-19
6
-19
42
11
15
34
44
91
86
124
62
89
75
113
79
82
3
-35
20
-34
-15
-22
2
23
35
-34
-2
-42
24
-31
-11
-24
-17
65
34
55
56
84
86
9
28
29
101
107
60
58
27
66
-3
59
12
4
18
37
48
21
65
77
115
26
80
98
25
98
34
44
37
54
36
71
56
31
21
52
79
85
83
66
97
9
95
37
54
67
78
48
92
54
101
89
112
94
19
70
4
76
69
89
64
11
63
60
117
106
49
102
61
76
69
-74
-20
-69
16
13
11
-40
-18
49
50
102
101
109
124
188
154
130
77
64
84
38
25
13
-13
13
24
15
16
16
-20
10
8
-21
-76
-43
-29
-4
-15
-30
-5
5
40
59
78
70
45
90
106
113
103
100
111
113
152
76
40
74
36
-9
55
55
26
30
14
101
31
52
-6
6
25
-6
21
60
59
21
44
-5
46
-29
23
29
-3
25
31
51
80
94
76
85
76
44
33
47
75
70
65
20
32
0
84
50
19
89
73
67
91
79
54
83
51
35
31
43
68
31
35
57
36
1
139
60
70
122
89
65
57
70
-4
-24
18
-14
-29
45
-20
-54
28
69
25
74
112
63
93
126
150
142
101
147
72
40
79
-4
7
16
-4
3
65
52
59
107
95
81
58
64
72
30
13
102
24
38
47
-14
84
57
25
74
22
50
40
38
94
51
77
82
82
76
63
86
26
45
17
20
77
72
54
-31
-2
26
4
15
5
20
8
5
12
23
48
47
14
30
18
5
63
116
88
64
44
31
60
66
49
31
5
-76
-92
-68
-35
-42
-27
-41
-34
-54
-64
-1
-20
-11
-4
19
54
64
46
15
23
-11
-14
-20
-34
-55
-53
-40
-33
-35
-75
-4
-18
-94
-48
-70
-27
-6
8
65
67
68
72
55
23
-9
-40
-49
-62
-49
-92
-84
-64
-68
-35
-34
-59
-22
-6
12
37
2
-12
1
5
-21
-12
-20
-30
-16
-12
-11
8
23
56
32
39
62
36
-18
-61
-73
-86
-86
-64
-41
-16
12
14
3
12
34
63
76
72
58
82
67
40
10
-10
18
17
6
-24
-20
-11
-15
24
20
12
48
-9
-72
-74
-65
-58
-79
-48
-49
-20
60
88
72
71
58
64
118
119
98
81
79
94
82
78
62
30
45
74
91
57
45
52
56
28
36
39
18
12
-13
14
7
-23
-5
15
57
82
101
132
147
132
121
105
74
50
50
34
21
9
2
25
36
48
36
55
63
56
44
39
30
41
69
79
69
74
64
45
44
46
35
27
36
38
58
57
62
75
85
80
82
96
61
47
40
13
32
29
20
34
22
26
34
50
51
43
50
61
59
60
74
76
82
53
54
64
42
31
10
9
25
40
24
44
40
16
36
15
19
46
32
42
42
28
42
27
35
28
31
32
37
30
17
11
3
5
-19
1
18
20
18
-4
-14
-27
-14
1
11
10
15
11
4
17
8
2
0
-5
-19
-24
-46
-51
-52
-70
-73
-88
-78
-76
-86
-85
-91
-82
-60
-73
-75
-72
-93
-63
-54
-58
-45
-35
-24
-41
-45
-67
-59
-36
-39
-60
-66
-36
-13
15
40
28
46
81
112
127
127
164
173
150
140
152
187
197
175
200
208
220
217
216
230
237
240
266
293
314
367
370
408
432
456
458
489
518
528
548
546
563
563
560
566
529
514
488
433
415
363
322
288
223
144
68
-9
-80
-175
-251
-353
-428
-485
-567
-610
-636
-655
-676
-671
-644
-623
-592
-576
-551
-512
-503
-506
-489
-457
-448
-454
-457
-451
-459
-471
-479
-461
-455
-444
-433
-411
-370
-344
-308
-290
-242
-187
-141
-108
-50
31
82
153
243
316
381
457
522
607
693
772
840
916
955
1041
1109
1172
1251
1291
1392
1502
1599
1679
1788
1907
2060
2160
2214
2161
2017
1679
1194
662
74
-450
-1063
-1557
-1914
-2179
-2227
-2206
-1964
-1548
-1181
-774
-410
-79
235
452
597
718
764
791
803
822
895
971
971
969
899
778
608
326
44
-313
-728
-1128
-1536
-1853
-2105
-2270
-2266
-2218
-2063
-1811
-1537
-1176
-807
-471
-140
82
252
377
401
386
324
192
17
-209
-434
-625
-782
-930
-1013
-1049
-1080
-1047
-981
-876
-776
-681
-562
-484
-374
-248
-114
33
181
350
516
704
900
1083
1254
1399
1503
1569
1653
1699
1729
1775
1833
1900
2003
2142
2348
2572
2705
2568
2174
1576
883
223
-634
-1410
-2106
-2672
-3007
-3259
-3094
-2593
-1999
-1352
-746
-106
454
859
1180
1408
1557
1590
1497
1427
1452
1504
1551
1581
1547
1434
1193
818
410
-108
-702
-1312
-1912
-2367
-2682
-2805
-2737
-2475
-2091
-1636
-1123
-597
-101
291
612
774
851
832
726
612
472
313
149
-56
-230
-393
-592
-754
-951
-1141
-1345
-1516
-1611
-1651
-1647
-1589
-1456
-1334
-1154
-922
-675
-395
-140
90
331
515
677
758
755
737
634
488
307
178
67
21
14
77
210
368
609
834
1136
1482
1764
2107
2420
2740
3098
3379
3699
3745
3416
2848
1946
1057
89
-1003
-1894
-2683
-3248
-3635
-3774
-3395
-2765
-2031
-1297
-618
99
657
1035
1400
1701
1889
1975
1996
2025
2146
2193
2192
2137
1848
1418
753
30
-680
-1472
-2153
-2789
-3268
-3480
-3504
-3258
-2770
-2157
-1481
-811
-176
435
963
1378
1682
1825
1864
1764
1526
1272
953
587
170
-379
-882
-1358
-1791
-2064
-2334
-2409
-2397
-2365
-2158
-1890
-1558
-1206
-897
-620
-363
-129
153
369
558
730
772
775
719
592
451
234
12
-233
-455
-587
-642
-634
-564
-438
-295
-24
230
575
909
1246
1594
1923
2262
2615
2977
3349
3694
4005
4220
4176
3822
3092
2094
974
-251
-1514
-2607
-3533
-4146
-4474
-4479
-4013
-3287
-2438
-1515
-647
193
870
1370
1809
2165
2417
2545
2639
2689
2714
2636
2407
2046
1413
608
-321
-1289
-2194
-2985
-3544
-3889
-4012
-3844
-3407
-2772
-2000
-1212
-423
262
850
1328
1716
2037
2244
2338
2317
2162
1856
1395
792
94
-803
-1665
-2456
-3084
-3472
-3700
-3592
-3353
-2892
-2300
-1718
-1026
-424
47
427
692
894
1016
1084
1114
1067
933
753
482
181
-123
-463
-745
-985
-1139
-1192
-1179
-1036
-811
-582
-325
-80
148
421
729
1070
1457
1881
2280
2695
3122
3492
3833
4093
4253
4370
4280
3785
2793
1505
94
-1363
-2693
-3844
-4561
-4902
-4961
-4724
-4091
-3049
-1893
-840
118
972
1606
2015
2326
2636
2919
3086
3142
3132
3026
2669
2091
1387
488
-570
-1748
-2828
-3638
-4102
-4285
-4184
-3755
-3123
-2404
-1634
-825
-54
622
1164
1547
1874
2175
2388
2551
2638
2638
2382
1928
1262
433
-541
-1688
-2687
-3434
-3909
-4100
-4038
-3609
-2971
-2274
-1514
-791
-38
572
949
1242
1412
1478
1415
1299
1177
969
670
348
25
-308
-638
-944
-1137
-1257
-1343
-1360
-1246
-1045
-837
-673
-480
-307
-137
68
360
750
1174
1612
1985
2363
2634
2773
2835
2850
2847
2769
2659
2623
2653
2708
2616
2131
1281
249
-898
-2037
-2985
-3712
-4028
-3994
-3768
-3205
-2366
-1282
-186
655
1384
1849
2076
2194
2235
2375
2499
2525
2501
2306
1902
1335
595
-202
-1077
-2035
-2858
-3436
-3734
-3676
-3277
-2667
-1936
-1242
-607
-35
460
917
1307
1679
1997
2266
2502
2661
2721
2635
2269
1649
800
-212
-1244
-2196
-2988
-3638
-3888
-3799
-3475
-2929
-2332
-1573
-855
-272
238
580
955
1234
1350
1425
1390
1254
1011
707
377
-8
-347
-639
-882
-1045
-1098
-1093
-1005
-830
-720
-607
-545
-490
-418
-335
-175
24
266
596
927
1242
1547
1811
2017
2139
2212
2213
2210
2226
2283
2348
2537
2775
2974
2990
2506
1678
586
-605
-1715
-2741
-3375
-3609
-3609
-3332
-2863
-2146
-1291
-500
205
762
1160
1436
1634
1906
2276
2633
2867
2960
2787
2341
1635
744
-169
-1091
-1894
-2530
-2910
-2970
-2815
-2453
-1957
-1471
-1024
-679
-384
-39
347
870
1435
1980
2481
2835
2962
2837
2459
1815
960
-63
-1068
-1923
-2530
-2883
-2950
-2887
-2728
-2427
-2114
-1765
-1444
-1036
-541
-79
393
836
1212
1592
1736
1712
1550
1188
738
200
-234
-553
-784
-912
-962
-1022
-1046
-1119
-1209
-1257
-1284
-1256
-1124
-905
-567
-136
302
716
1028
1264
1350
1375
1424
1456
1531
1604
1711
1848
1949
2060
2124
2222
2322
2351
2464
2450
2268
1778
968
183
-699
-1570
-2202
-2594
-2644
-2554
-2391
-2023
-1563
-1070
-551
-56
497
994
1371
1766
2175
2562
2813
2836
2663
2243
1494
636
-289
-1148
-1789
-2257
-2465
-2484
-2385
-2145
-1901
-1604
-1289
-986
-656
-294
193
782
1435
2025
2523
2798
2828
2551
2031
1377
623
-147
-815
-1341
-1699
-1951
-2109
-2227
-2420
-2519
-2489
-2358
-2067
-1668
-1093
-361
369
975
1429
1712
1779
1606
1315
979
601
225
-62
-272
-423
-584
-767
-912
-1082
-1247
-1359
-1436
-1373
-1240
-1048
-732
-451
-173
0
115
240
309
341
400
505
701
942
1121
1346
1477
1501
1477
1436
1433
1484
1623
1914
2309
2792
3227
3433
3338
2675
1626
406
-842
-1890
-2689
-3091
-3064
-2840
-2505
-2099
-1702
-1294
-930
-563
-60
401
926
1502
2117
2726
3143
3288
3093
2536
1712
807
-80
-765
-1247
-1535
-1667
-1699
-1751
-1810
-1930
-2018
-2032
-1897
-1556
-1086
-421
364
1137
1833
2339
2560
2496
2165
1685
1178
726
316
-18
-326
-662
-1023
-1441
-1885
-2355
-2778
-2916
-2840
-2496
-1956
-1354
-628
-15
514
850
976
1068
1040
989
1030
989
909
722
453
136
-244
-636
-1021
-1355
-1545
-1577
-1483
-1301
-1072
-884
-727
-663
-663
-680
-707
-623
-511
-256
72
470
894
1255
1586
1862
2040
2082
2027
1952
1917
1890
1898
1970
2089
2231
2508
2679
2654
2300
1496
682
-213
-1052
-1643
-2096
-2195
-2174
-2176
-2037
-1943
-1801
-1556
-1253
-725
-91
514
1114
1601
2033
2405
2537
2462
2203
1704
1196
706
268
-23
-338
-642
-982
-1372
-1692
-1999
-2246
-2258
-2115
-1786
-1314
-788
-228
262
684
1010
1265
1364
1391
1337
1252
1178
1044
854
549
98
-415
-994
-1523
-1912
-2109
-2118
-2038
-1910
-1722
-1488
-1285
-1059
-861
-608
-305
-11
307
571
745
837
813
736
595
407
174
-71
-301
-532
-694
-820
-955
-1090
-1213
-1332
-1401
-1420
-1374
-1256
-1053
-778
-424
-26
349
734
1028
1299
1522
1648
1744
1824
1919
2024
2126
2250
2344
2372
2453
2558
2689
2820
2720
2251
1417
350
-520
-1167
-1586
-1774
-1885
-1909
-2005
-2203
-2310
-2383
-2310
-1989
-1434
-638
223
1025
1709
2239
2597
2818
2781
2541
2181
1685
1258
866
519
163
-326
-890
-1472
-1996
-2358
-2561
-2600
-2412
-2147
-1815
-1446
-1067
-657
-265
137
585
1039
1440
1769
1986
2114
2085
1911
1593
1077
509
-51
-602
-1126
-1619
-2091
-2399
-2660
-2822
-2800
-2686
-2317
-1912
-1419
-857
-385
68
464
826
1123
1337
1421
1415
1287
1052
789
475
158
-157
-505
-810
-1113
-1354
-1546
-1705
-1797
-1800
-1723
-1546
-1266
-934
-535
-107
316
694
1029
1337
1591
1782
1969
2156
2338
2411
2459
2500
2497
2524
2510
2557
2676
2790
2807
2505
1785
849
-64
-844
-1361
-1749
-1977
-2097
-2310
-2452
-2552
-2542
-2382
-2130
-1592
-885
-121
590
1142
1522
1808
2013
2156
2303
2325
2281
2092
1755
1399
946
410
-188
-770
-1215
-1494
-1685
-1784
-1845
-1935
-2005
-2067
-2004
-1791
-1470
-1025
-511
42
577
1001
1307
1525
1629
1685
1668
1557
1366
1024
675
340
-23
-414
-849
-1171
-1380
-1525
-1654
-1789
-1875
-1895
-1855
-1765
-1550
-1278
-970
-628
-296
56
325
506
644
689
753
813
826
824
764
667
555
391
229
36
-185
-413
-644
-797
-926
-1039
-1109
-1095
-1007
-877
-643
-319
43
434
805
1159
1591
1890
2170
2412
2515
2678
2861
3064
3316
3496
3558
3428
3081
2395
1341
284
-514
-1020
-1402
-1856
-2302
-2704
-3077
-3343
-3411
-3203
-2828
-2374
-1816
-1096
-380
221
724
1138
1602
2054
2492
2854
2999
2985
2762
2405
2027
1628
1197
716
209
-278
-741
-1266
-1810
-2263
-2606
-2808
-2830
-2645
-2367
-2066
-1769
-1474
-1092
-659
-230
247
764
1231
1630
1886
2012
2013
1893
1705
1392
1120
763
344
-85
-635
-1115
-1599
-2016
-2280
-2485
-2543
-2565
-2503
-2312
-2073
-1724
-1357
-943
-479
-22
417
815
1141
1378
1538
1622
1640
1594
1466
1252
954
640
288
-84
-438
-761
-1047
-1259
-1419
-1524
-1520
-1470
-1318
-1008
-656
-235
261
761
1296
1845
2348
2838
3283
3737
4143
4410
4373
4028
3405
2660
1927
1178
651
64
-638
-1371
-2199
-2830
-3353
-3736
-3852
-3842
-3602
-3209
-2737
-2152
-1576
-996
-361
335
1026
1655
2166
2499
2730
2859
2963
3000
2898
2701
2324
1835
1277
640
33
-565
-1137
-1579
-1953
-2211
-2383
-2515
-2559
-2514
-2365
-2102
-1756
-1390
-1048
-720
-397
-91
228
506
725
857
932
977
1040
1038
968
740
438
210
-15
-189
-394
-603
-774
-931
-998
-1009
-1025
-1046
-1074
-1040
-931
-758
-624
-563
-503
-389
-208
21
229
369
397
401
358
330
326
256
156
39
-68
-196
-314
-422
-489
-528
-481
-341
-189
-20
201
376
639
941
1211
1512
1758
1969
2141
2298
2509
2655
2606
2406
2094
1846
1625
1299
983
579
106
-363
-841
-1158
-1382
-1594
-1707
-1763
-1713
-1593
-1560
-1479
-1334
-1133
-858
-570
-256
15
193
334
467
632
797
907
969
1042
1079
1120
1126
1155
1164
1106
992
868
661
377
114
-190
-400
-588
-769
-941
-1138
-1365
-1607
-1812
-1871
-1851
-1767
-1663
-1549
-1403
-1229
-938
-640
-418
-274
-162
21
235
410
545
606
658
715
697
670
578
367
171
-9
-90
-131
-196
-271
-333
-368
-387
-394
-425
-448
-461
-507
-527
-574
-601
-669
-731
-736
-685
-586
-515
-449
-373
-224
-108
59
278
519
751
967
1227
1521
1774
1984
2053
2049
2170
2318
2387
2285
2073
1890
1666
1408
1160
857
592
246
-162
-431
-691
-877
-1054
-1223
-1262
-1280
-1319
-1341
-1404
-1383
-1269
-1178
-987
-786
-658
-531
-422
-237
4
223
439
620
789
937
1034
1105
1158
1188
1201
1177
1097
999
855
686
492
298
115
-120
-408
-710
-987
-1279
-1475
-1583
-1606
-1607
-1640
-1623
-1562
-1483
-1378
-1260
-1114
-953
-822
-699
-564
-413
-244
-89
49
174
242
295
315
353
425
515
576
622
635
588
508
378
248
143
4
-144
-270
-440
-598
-747
-849
-878
-922
-918
-881
-825
-735
-599
-434
-237
-26
207
442
673
877
1086
1298
1524
1757
1903
1944
2003
2143
2300
2342
2115
1813
1679
1729
1657
1396
1012
629
323
5
-229
-433
-654
-910
-1202
-1369
-1450
-1572
-1725
-1809
-1740
-1600
-1444
-1340
-1301
-1224
-1044
-767
-427
-77
183
342
516
778
1070
1245
1351
1393
1397
1351
1279
1180
1025
853
701
563
397
177
-79
-336
-507
-639
-766
-828
-948
-1121
-1339
-1472
-1485
-1483
-1496
-1495
-1474
-1433
-1341
-1293
-1221
-1152
-1091
-947
-778
-594
-408
-217
-39
171
384
553
686
760
823
882
958
1003
998
930
799
639
458
252
67
-117
-296
-419
-530
-662
-776
-860
-905
-890
-862
-794
-669
-552
-384
-167
83
390
736
1076
1417
1799
2130
2421
2661
2694
2550
2437
2439
2492
2330
1918
1525
1186
880
548
212
-43
-377
-776
-1170
-1441
-1686
-1961
-2169
-2206
-2086
-1958
-1847
-1764
-1601
-1372
-1083
-782
-497
-255
-118
7
205
490
718
850
927
975
1035
1041
1004
977
915
871
825
757
661
547
440
347
278
173
43
-131
-376
-601
-760
-844
-933
-1070
-1190
-1321
-1401
-1479
-1543
-1560
-1548
-1538
-1495
-1403
-1300
-1169
-1021
-819
-585
-395
-213
-64
105
300
503
703
846
953
1045
1063
1061
1042
968
863
702
537
411
241
68
-56
-186
-307
-436
-567
-675
-784
-781
-707
-594
-419
-271
-45
283
624
984
1286
1612
1910
2070
2068
2095
2235
2371
2339
2133
1909
1722
1486
1198
922
655
363
-49
-426
-722
-970
-1212
-1421
-1526
-1555
-1577
-1672
-1728
-1696
-1615
-1444
-1263
-1069
-886
-766
-627
-464
-240
-9
155
264
384
486
577
684
772
858
901
904
859
776
682
574
459
372
265
80
-120
-293
-430
-507
-581
-646
-682
-722
-756
-816
-851
-807
-776
-749
-737
-753
-769
-813
-839
-816
-821
-829
-878
-937
-932
-890
-788
-641
-465
-291
-158
-24
147
311
458
620
750
871
970
981
986
950
882
787
653
475
291
96
-75
-204
-323
-389
-436
-492
-504
-452
-286
-63
115
330
583
902
1176
1275
1392
1617
1877
2004
1922
1765
1637
1475
1265
1094
957
795
502
157
-112
-287
-469
-693
-893
-1022
-1098
-1226
-1369
-1414
-1378
-1315
-1226
-1124
-1030
-1003
-997
-936
-797
-579
-433
-303
-201
-90
77
251
428
561
672
715
718
718
751
798
788
759
685
600
472
300
180
64
-84
-206
-340
-444
-560
-729
-872
-916
-923
-920
-976
-1052
-1128
-1211
-1222
-1192
-1127
-1086
-1100
-1104
-1007
-875
-713
-546
-418
-259
-114
23
163
315
446
548
616
696
739
733
703
628
581
516
407
275
127
-11
-100
-161
-193
-196
-198
-231
-206
-101
53
246
407
560
697
960
1203
1304
1343
1383
1553
1685
1663
1507
1333
1152
976
795
673
613
455
216
-1
-106
-176
-294
-447
-567
-673
-770
-848
-922
-920
-897
-885
-871
-838
-793
-796
-837
-808
-699
-587
-477
-389
-305
-198
-81
56
194
296
350
370
365
427
513
586
604
549
489
448
402
371
295
228
130
-30
-129
-209
-295
-457
-665
-757
-829
-863
-880
-960
-1031
-1113
-1170
-1176
-1149
-1126
-1104
-1088
-1024
-917
-782
-658
-550
-426
-282
-139
10
170
308
414
500
617
708
753
760
702
673
617
521
417
307
203
69
9
-43
-45
-39
-38
-24
69
202
335
513
640
836
1054
1207
1294
1350
1472
1624
1635
1587
1493
1401
1259
1029
841
681
516
281
45
-156
-279
-401
-551
-652
-723
-791
-847
-892
-875
-828
-834
-828
-832
-817
-773
-732
-667
-554
-461
-372
-303
-262
-198
-141
-97
-19
36
100
142
169
237
319
448
476
438
419
390
364
307
210
124
36
-60
-133
-199
-268
-410
-554
-655
-702
-708
-757
-808
-842
-880
-894
-871
-839
-796
-795
-789
-726
-636
-538
-460
-402
-356
-324
-312
-267
-195
-139
-68
21
132
226
310
384
439
503
565
619
659
645
618
610
607
621
605
614
608
585
596
602
661
702
728
790
809
806
767
777
929
1016
1006
948
897
852
789
727
685
636
508
320
166
118
72
-20
-131
-257
-399
-585
-776
-885
-955
-1021
-1084
-1152
-1179
-1176
-1167
-1131
-1045
-925
-835
-759
-651
-514
-383
-199
-20
163
325
424
522
583
678
723
742
718
668
607
497
340
220
107
-49
-185
-338
-495
-633
-795
-930
-963
-931
-905
-894
-895
-858
-807
-699
-554
-413
-315
-310
-327
-315
-251
-196
-151
-156
-192
-261
-330
-338
-327
-303
-295
-288
-238
-211
-118
-32
67
207
316
432
557
660
760
849
880
916
946
930
935
912
880
884
914
897
919
901
854
778
729
782
841
814
738
634
617
586
516
484
447
349
162
-6
-130
-140
-233
-321
-402
-509
-599
-752
-848
-868
-893
-916
-965
-988
-939
-901
-853
-735
-589
-483
-420
-378
-287
-213
-147
-72
7
79
155
175
207
273
323
380
426
457
450
369
273
234
182
148
88
8
-125
-281
-408
-512
-556
-567
-617
-725
-837
-904
-932
-910
-851
-780
-725
-703
-679
-639
-530
-417
-315
-207
-139
-106
-48
3
59
108
93
85
88
63
63
78
124
158
182
215
244
271
349
446
517
622
686
712
742
774
846
899
984
1069
1122
1108
1071
1048
1045
1101
1070
1017
946
863
731
620
542
476
362
171
-19
-200
-324
-413
-514
-579
-638
-745
-870
-941
-905
-888
-882
-851
-816
-767
-728
-678
-583
-499
-390
-320
-259
-207
-150
-110
-68
20
70
131
161
203
225
242
282
316
321
297
259
182
132
120
131
147
81
-21
-156
-287
-370
-482
-554
-635
-742
-838
-917
-940
-910
-832
-798
-774
-768
-746
-683
-637
-535
-399
-300
-204
-123
-56
32
95
188
248
284
293
271
230
195
172
176
189
196
187
173
173
192
264
351
461
559
650
757
843
940
1068
1131
1213
1244
1214
1203
1172
1176
1168
1084
974
871
696
543
405
300
174
-24
-244
-432
-560
-632
-691
-714
-722
-794
-843
-862
-871
-820
-798
-777
-740
-719
-673
-602
-552
-491
-423
-407
-359
-298
-253
-205
-177
-136
-88
-52
-9
25
61
99
108
119
169
193
190
176
136
81
-1
-86
-131
-180
-232
-315
-431
-549
-673
-812
-913
-989
-1021
-1028
-1045
-1018
-961
-900
-844
-779
-710
-602
-503
-388
-244
-126
11
141
249
372
447
487
493
495
500
485
462
448
410
373
318
268
238
219
211
207
233
271
365
461
580
712
842
949
1017
1069
1194
1299
1364
1363
1300
1210
1071
907
794
687
502
276
-18
-261
-488
-671
-779
-879
-959
-1070
-1183
-1236
-1214
-1145
-1058
-963
-850
-732
-633
-526
-384
-236
-142
-95
-25
29
37
25
-12
-47
-82
-121
-169
-157
-160
-194
-210
-224
-200
-161
-153
-114
-56
-42
-49
-68
-83
-94
-129
-184
-253
-359
-467
-542
-610
-658
-695
-741
-769
-805
-813
-795
-789
-726
-662
-559
-460
-323
-186
-97
-10
34
110
209
290
346
390
404
389
364
357
358
388
418
444
470
503
566
602
644
692
740
801
860
938
1014
1045
1046
1034
1062
1064
1048
998
900
767
630
518
436
394
328
234
111
-22
-155
-267
-360
-406
-434
-504
-566
-638
-681
-695
-707
-712
-683
-673
-658
-628
-596
-548
-529
-481
-401
-326
-239
-139
-83
-60
-72
-74
-51
-20
27
48
41
30
-34
-73
-101
-117
-100
-146
-207
-254
-285
-319
-359
-416
-480
-538
-620
-690
-741
-801
-839
-867
-840
-791
-707
-616
-498
-377
-253
-114
37
177
303
409
476
514
576
605
608
584
532
469
376
306
220
141
67
14
-24
-12
25
69
159
276
412
529
691
886
1081
1272
1388
1468
1522
1544
1569
1553
1486
1348
1170
959
738
546
359
178
-18
-237
-411
-565
-683
-758
-810
-843
-852
-872
-831
-769
-729
-645
-567
-473
-364
-261
-149
-49
14
43
42
58
76
97
107
73
17
-42
-108
-169
-227
-307
-381
-444
-472
-495
-512
-533
-537
-562
-568
-565
-528
-491
-466
-447
-411
-396
-398
-367
-328
-297
-285
-271
-277
-298
-317
-300
-298
-293
-269
-210
-139
-73
-6
49
114
176
243
323
375
414
428
430
445
436
467
485
481
488
489
502
497
536
541
568
612
669
730
816
885
951
981
1002
1052
1065
1077
1040
998
905
798
671
540
412
303
196
67
-77
-196
-275
-374
-433
-489
-546
-604
-649
-635
-658
-640
-630
-607
-529
-484
-413
-350
-292
-269
-236
-199
-145
-97
-80
-49
-19
13
26
32
4
-32
-83
-143
-196
-280
-369
-446
-510
-581
-617
-657
-699
-721
-740
-748
-749
-734
-713
-666
-631
-578
-515
-467
-383
-319
-241
-166
-84
-12
46
116
153
213
265
312
375
413
437
457
450
446
444
431
423
422
411
384
386
406
433
460
518
569
609
661
755
837
912
988
1040
1111
1134
1135
1141
1120
1061
936
814
695
563
422
257
96
-72
-206
-362
-489
-599
-689
-754
-813
-831
-825
-807
-764
-695
-652
-580
-472
-361
-253
-149
-60
-2
62
109
114
115
117
64
15
-47
-100
-168
-265
-364
-470
-538
-616
-679
-748
-783
-828
-853
-863
-880
-863
-840
-809
-766
-687
-626
-551
-469
-377
-291
-216
-143
-78
-16
13
58
91
116
117
108
134
113
117
142
148
164
145
154
155
158
184
203
248
309
347
429
522
588
675
755
856
939
1031
1112
1171
1218
1225
1225
1200
1164
1143
1084
994
883
760
613
471
325
176
44
-102
-235
-356
-448
-546
-632
-721
-786
-831
-853
-834
-825
-773
-714
-655
-559
-471
-367
-261
-182
-109
-25
21
50
44
34
2
-61
-111
-177
-240
-301
-380
-482
-541
-643
-712
-767
-838
-851
-846
-808
-759
-740
-700
-666
-632
-578
-553
-512
-457
-402
-348
-301
-259
-220
-197
-181
-164
-133
-103
-68
-32
29
78
111
169
220
262
320
374
432
485
558
613
676
714
761
822
848
891
929
967
1029
1059
1074
1081
1052
1016
953
891
858
787
704
628
542
452
362
266
179
124
35
-17
-76
-129
-166
-206
-225
-238
-256
-293
-326
-364
-387
-404
-445
-473
-511
-549
-563
-583
-587
-609
-616
-606
-597
-595
-570
-532
-512
-464
-432
-399
-358
-326
-310
-296
-312
-303
-306
-320
-338
-392
-391
-454
-519
-541
-591
-627
-647
-646
-648
-612
-598
-553
-500
-439
-355
-268
-176
-106
-35
13
76
107
153
186
225
281
308
328
368
391
397
424
458
481
505
546
595
646
720
792
866
932
1001
1073
1152
1216
1244
1289
1304
1255
1223
1159
1073
940
816
665
513
386
247
124
-27
-154
-284
-411
-505
-593
-664
-715
-758
-766
-748
-719
-662
-618
-561
-490
-415
-327
-271
-224
-196
-196
-182
-200
-242
-270
-316
-347
-389
-458
-524
-570
-616
-677
-715
-778
-811
-829
-837
-833
-804
-768
-731
-688
-632
-540
-457
-389
-290
-197
-122
-50
12
65
110
150
205
208
208
218
203
204
183
180
181
188
190
227
245
277
306
315
382
431
490
556
623
683
755
823
901
978
1058
1130
1185
1243
1254
1251
1238
1186
1131
1055
944
836
694
526
409
276
167
67
-37
-119
-173
-218
-240
-237
-273
-288
-305
-304
-287
-287
-272
-261
-252
-252
-268
-296
-337
-398
-458
-526
-593
-656
-737
-779
-799
-831
-837
-837
-838
-849
-868
-876
-882
-885
-854
-836
-806
-745
-690
-610
-525
-431
-357
-283
-237
-160
-106
-76
-36
-17
31
57
77
99
111
125
122
107
110
127
158
197
241
300
387
451
513
575
624
677
721
757
795
842
870
916
955
987
1003
1029
1058
1059
1036
1024
954
887
850
788
702
628
527
421
339
236
161
89
37
-32
-98
-110
-100
-113
-102
-100
-103
-108
-102
-99
-102
-114
-132
-163
-191
-228
-284
-334
-391
-445
-503
-547
-577
-631
-669
-678
-689
-691
-709
-732
-757
-768
-775
-796
-794
-783
-771
-744
-718
-683
-650
-607
-556
-515
-462
-424
-407
-371
-345
-314
-265
-251
-204
-159
-116
-45
0
94
164
223
298
384
464
538
623
702
762
821
873
915
951
981
1007
1036
1057
1069
1067
1074
1091
1098
1086
1063
1033
1013
995
940
890
822
748
670
572
470
342
229
126
36
-57
-126
-202
-265
-315
-357
-352
-343
-346
-340
-318
-321
-316
-335
-345
-378
-402
-391
-391
-391
-410
-420
-405
-388
-395
-394
-421
-453
-462
-486
-527
-559
-621
-686
-712
-743
-775
-805
-831
-835
-803
-764
-695
-653
-600
-543
-462
-388
-311
-236
-168
-105
-67
-5
82
123
163
212
246
288
326
343
360
357
368
401
421
447
479
495
519
568
623
656
706
755
809
883
949
1026
1057
1105
1127
1155
1131
1125
1109
1013
963
870
761
638
525
395
280
175
67
-10
-79
-132
-168
-180
-168
-172
-179
-175
-173
-194
-227
-286
-348
-410
-464
-514
-568
-624
-699
-738
-748
-758
-768
-766
-762
-772
-753
-734
-721
-707
-710
-684
-654
-620
-587
-561
-509
-459
-401
-327
-260
-178
-132
-74
-21
-22
-4
-19
-38
-48
-54
-79
-86
-81
-77
-69
-43
0
35
105
186
262
337
429
520
600
682
772
832
878
911
947
974
989
1014
1010
1001
998
986
976
950
911
849
785
714
639
558
492
408
317
243
147
77
36
-6
-30
-43
-49
-62
-82
-96
-99
-112
-137
-169
-209
-230
-267
-301
-344
-363
-408
-440
-471
-510
-521
-513
-526
-532
-523
-510
-516
-537
-530
-533
-523
-557
-566
-581
-586
-597
-628
-622
-633
-620
-606
-575
-550
-511
-474
-445
-400
-352
-293
-254
-198
-137
-63
6
61
151
220
285
364
428
508
563
660
715
768
824
832
851
865
858
845
847
809
786
755
714
687
640
604
570
518
483
470
440
413
379
362
331
272
219
179
121
79
48
10
-9
-48
-78
-89
-130
-173
-223
-264
-297
-330
-371
-390
-401
-425
-439
-465
-473
-487
-488
-499
-507
-501
-486
-468
-460
-421
-391
-390
-344
-324
-312
-285
-275
-262
-250
-235
-227
-245
-234
-235
-237
-225
-229
-221
-200
-184
-168
-141
-104
-81
-41
3
51
90
115
154
209
240
237
264
287
308
319
339
324
353
371
388
396
408
437
447
459
467
487
469
479
481
483
466
447
441
432
412
386
381
365
361
327
289
248
201
140
98
44
-6
-49
-105
-153
-217
-263
-301
-320
-347
-360
-384
-386
-372
-380
-377
-347
-324
-294
-241
-219
-174
-137
-107
-66
-65
-49
-41
-48
-55
-51
-69
-75
-90
-128
-158
-164
-188
-226
-241
-278
-283
-304
-300
-308
-310
-281
-257
-241
-200
-155
-123
-62
-12
57
123
174
242
285
334
395
394
405
423
404
401
403
393
369
348
336
318
289
269
240
204
202
161
151
124
126
94
68
57
31
28
21
27
9
11
1
4
16
0
10
-1
-10
-9
-19
-24
-35
-24
-30
-43
-41
-35
-41
-26
-39
-33
-30
-17
-31
-45
-59
-86
-78
-103
-100
-115
-122
-132
-139
-146
-145
-137
-132
-122
-112
-115
-112
-106
-100
-81
-80
-71
-69
-39
-36
-39
-4
-8
-4
11
28
39
73
103
114
128
153
170
169
176
186
178
167
156
134
128
109
95
81
56
42
14
-11
-13
-7
-7
17
30
35
78
96
104
136
145
151
152
140
147
147
149
129
127
121
118
109
104
116
93
79
68
77
56
57
48
20
15
1
-26
-52
-48
-45
-47
-45
-53
-50
-30
-29
-33
-12
-2
6
29
27
37
32
32
39
25
56
52
63
78
69
89
97
93
80
74
74
64
77
73
67
77
67
72
66
72
86
91
101
107
113
120
98
86
66
55
33
3
10
-15
-24
-21
-55
-69
-73
-74
-63
-56
-52
-51
-43
-29
-33
-17
-10
0
2
4
23
31
25
23
9
-6
11
8
23
28
42
73
65
69
86
79
92
112
121
112
123
132
117
134
116
109
116
89
72
53
56
34
16
21
5
-6
-23
-30
-45
-48
-52
-57
-44
-54
-53
-48
-16
8
30
61
60
79
87
95
107
98
111
99
97
73
67
73
55
49
31
22
26
26
42
50
44
39
36
10
-7
-8
-7
-33
-31
-33
-37
-34
-40
-58
-86
-88
-92
-100
-117
-113
-111
-95
-72
-46
-34
-40
-29
-16
-10
-7
19
24
35
51
72
83
93
105
112
116
128
116
114
116
117
120
112
121
130
109
95
109
103
103
82
87
65
76
65
56
59
58
73
63
65
50
57
68
69
68
83
87
76
69
59
46
29
10
7
-3
-13
-20
-40
-33
-54
-56
-48
-42
-29
-13
7
41
61
72
79
98
116
113
122
120
121
86
95
72
52
19
2
-5
-37
-38
-78
-78
-87
-88
-74
-78
-43
-19
-1
8
23
46
52
72
77
91
83
96
82
78
73
79
65
52
60
51
56
62
83
66
66
59
58
67
56
63
80
95
100
129
134
137
148
141
142
132
123
118
92
88
100
79
69
72
62
43
25
19
13
9
-2
3
-15
-12
-3
1
-9
3
14
29
44
57
70
69
98
93
100
98
87
53
22
25
-1
-15
-25
-33
-61
-73
-85
-80
-77
-99
-86
-75
-71
-56
-23
-20
-6
17
24
24
26
41
31
16
30
8
-9
0
-19
-34
-36
-38
-49
-35
-17
-10
7
17
38
51
67
50
53
78
73
69
62
42
24
24
-7
-29
-41
-68
-80
-76
-103
-103
-85
-89
-60
-57
-36
-16
8
45
69
103
109
130
151
157
189
199
205
205
202
187
166
147
102
98
68
43
19
1
-28
-43
-70
-80
-72
-85
-74
-82
-92
-74
-57
-65
-56
-60
-50
-14
-1
7
17
34
55
85
90
91
88
80
63
57
55
45
28
2
0
-23
-21
-37
-48
-61
-85
-95
-86
-95
-99
-111
-108
-89
-88
-68
-59
-55
-61
-43
-32
-17
-10
19
31
32
54
51
58
66
74
75
71
73
96
85
67
77
85
80
81
94
86
79
81
76
73
40
30
18
20
27
18
26
35
46
42
52
53
71
88
105
131
139
145
175
173
166
174
193
186
181
188
181
171
149
136
112
96
71
58
22
12
0
-23
-37
-69
-77
-91
-104
-96
-98
-105
-104
-101
-95
-74
-62
-58
-41
-20
-9
17
40
55
88
93
88
103
106
122
104
94
87
56
48
17
7
-24
-33
-38
-78
-80
-71
-59
-44
-46
-27
-7
-3
46
52
72
86
121
148
157
172
186
196
188
190
176
165
163
153
134
158
149
125
127
116
123
133
126
128
118
139
126
138
140
127
136
118
136
123
133
137
136
126
126
137
127
109
107
86
80
80
57
56
37
41
32
20
1
-5
19
8
-10
-8
0
-1
1
11
17
36
36
39
34
53
51
50
48
37
35
16
7
4
-26
-44
-53
-76
-90
-94
-92
-87
-78
-71
-55
-38
-2
27
56
89
118
121
134
139
157
165
172
180
193
196
188
196
194
173
162
153
130
117
111
115
106
122
106
121
114
119
120
118
130
143
152
141
136
138
147
135
145
138
139
134
118
116
128
114
123
114
94
94
88
82
86
92
88
74
66
62
48
29
28
23
18
10
14
-9
-2
10
-9
-15
-21
-26
-41
-42
-39
-29
-34
-41
-32
-21
-2
6
19
32
45
72
99
115
135
141
151
167
157
165
174
175
188
165
152
138
122
83
34
24
9
-17
-36
-45
-45
-38
-43
-47
-37
-18
6
29
54
77
100
121
169
200
223
237
268
285
271
269
271
267
254
224
200
185
162
152
121
97
91
65
40
17
-6
6
2
-3
4
15
38
25
41
76
69
84
84
98
86
67
65
48
39
8
-5
-32
-40
-44
-64
-72
-78
-90
-87
-97
-88
-89
-105
-79
-87
-38
-24
-8
1
22
41
59
72
74
77
68
72
68
81
62
55
58
52
44
24
30
16
18
24
30
21
12
10
33
32
30
58
51
67
91
94
96
116
131
129
146
147
131
141
144
136
125
122
117
105
86
57
57
41
32
30
27
36
37
32
21
41
46
51
68
71
64
71
89
82
96
105
100
80
90
86
61
69
45
8
-2
-10
-34
-41
-59
-82
-87
-102
-105
-119
-129
-117
-120
-104
-96
-87
-82
-61
-32
-15
-11
-6
18
31
29
29
42
43
47
52
54
75
68
78
107
98
94
90
97
86
93
87
72
90
91
80
93
87
94
98
85
98
86
81
89
88
77
64
58
63
41
37
35
31
28
18
36
43
59
57
61
64
61
79
79
77
90
84
96
99
106
109
92
83
70
61
60
54
37
25
30
21
9
12
10
20
-6
11
-17
-10
-12
-26
-7
-19
-21
-20
-31
-23
-4
-7
6
23
30
8
32
34
40
45
44
52
31
27
27
5
-3
-11
-5
-1
-17
-17
-22
-5
-8
13
17
25
41
48
51
48
56
67
77
80
95
110
102
86
87
112
102
84
89
85
84
76
70
62
60
58
58
50
60
37
13
20
12
14
-3
-18
-13
-24
-33
-45
-45
-36
-42
-35
-40
-21
-3
8
15
28
27
30
25
18
34
36
37
51
35
23
35
27
19
20
24
11
2
20
23
21
22
23
39
30
38
42
32
55
52
38
43
34
24
21
16
5
-1
-15
-48
-56
-68
-60
-62
-58
-34
-46
-48
-34
-16
-19
10
12
17
37
38
36
49
39
22
19
12
3
-6
-31
-13
-16
-28
-27
-31
-37
-46
-65
-63
-39
-62
-47
-50
-38
-18
-12
-8
6
33
42
57
81
78
88
106
103
103
105
95
78
78
53
57
29
16
1
-17
-12
-42
-60
-66
-74
-64
-55
-60
-51
-49
-33
-25
-41
-37
-8
-22
-1
9
-1
8
-8
-9
-14
-20
-23
-41
-39
-30
-47
-32
-35
-43
-29
-24
-31
-19
-16
-24
-26
-5
11
13
2
-1
-8
-9
-25
-36
-45
-58
-62
-74
-85
-101
-87
-85
-97
-96
-86
-83
-76
-71
-52
-43
-27
-26
-26
-15
4
8
16
47
45
37
45
41
29
34
26
30
28
31
15
14
25
8
17
-3
4
7
8
35
33
48
45
47
54
60
56
75
83
83
80
68
57
61
73
56
61
55
42
42
33
13
22
15
-11
-2
-30
-32
-49
-67
-69
-90
-97
-106
-129
-127
-128
-140
-129
-122
-124
-119
-114
-101
-96
-92
-86
-85
-83
-59
-58
-66
-46
-70
-75
-73
-66
-81
-88
-73
-79
-85
-90
-95
-84
-102
-106
-103
-102
-111
-96
-79
-91
-66
-65
-41
-33
-21
-23
-16
-6
-18
-14
-12
-30
-25
-27
-36
-27
-31
-29
-29
-27
-31
-14
-16
4
8
6
11
25
37
55
67
67
92
67
80
76
60
56
38
21
28
16
15
-6
-42
-39
-65
-67
-81
-90
-80
-97
-104
-92
-94
-78
-80
-98
-77
-63
-69
-67
-75
-69
-57
-60
-50
-62
-77
-82
-101
-105
-120
-142
-159
-160
-198
-211
-238
-244
-231
-250
-256
-269
-237
-240
-233
-200
-193
-163
-136
-125
-100
-93
-66
-51
-45
-27
-16
-15
7
10
-1
2
-6
10
-2
-20
-10
-24
-18
-21
-34
-29
-11
-22
-38
-12
-19
-14
-23
-23
-19
-1
-6
0
2
-3
4
12
-7
-3
17
4
9
4
11
32
31
22
36
27
21
22
7
13
13
-17
-6
-23
-36
-27
-48
-67
-75
-65
-80
-78
-77
-99
-100
-98
-120
-127
-119
-128
-133
-126
-154
-150
-159
-162
-162
-162
-157
-170
-158
-162
-160
-155
-159
-145
-131
-118
-98
-103
-91
-84
-97
-77
-70
-87
-83
-66
-60
-49
-62
-71
-60
-80
-61
-53
-52
-43
-42
-48
-41
-32
-19
-9
-5
20
32
48
48
61
69
89
102
109
122
112
109
120
105
89
86
83
68
53
49
24
10
-3
-24
-37
-37
-47
-44
-54
-52
-63
-71
-71
-66
-62
-56
-65
-64
-60
-52
-48
-64
-73
-83
-83
-94
-109
-114
-133
-141
-155
-161
-175
-174
-174
-199
-190
-195
-200
-194
-174
-153
-175
-149
-122
-134
-111
-112
-112
-100
-88
-63
-62
-76
-79
-77
-71
-73
-76
-83
-100
-86
-77
-74
-65
-75
-63
-64
-59
-41
-27
-23
6
20
31
50
47
73
88
59
79
66
64
73
57
52
40
41
42
36
25
14
8
7
-9
-20
6
-1
2
-3
5
20
28
47
38
50
59
59
54
56
51
45
45
24
6
-7
-25
-31
-42
-55
-88
-100
-100
-132
-141
-151
-158
-182
-152
-152
-173
-157
-153
-142
-156
-138
-149
-137
-139
-142
-134
-143
-138
-127
-124
-123
-106
-119
-102
-95
-107
-97
-85
-70
-56
-64
-47
-37
-45
-5
-27
-20
-8
4
5
-3
11
9
10
24
34
19
26
24
43
35
27
22
32
32
41
59
46
50
72
89
77
94
90
87
93
96
98
90
120
91
90
100
73
84
80
57
62
46
48
40
25
25
15
5
6
-8
-17
-24
-19
-27
-38
-39
-60
-57
-76
-87
-90
-102
-117
-108
-110
-99
-119
-119
-123
-132
-139
-143
-139
-162
-151
-159
-163
-147
-155
-155
-156
-165
-153
-156
-144
-149
-136
-133
-123
-102
-96
-84
-73
-79
-49
-34
-19
-2
-13
10
29
44
57
50
55
79
95
80
81
113
111
103
95
97
91
89
79
66
80
78
61
55
49
50
46
38
45
39
33
37
39
24
35
18
8
5
10
-1
-22
-13
-16
-9
-1
-17
-31
-40
-37
-33
-42
-59
-70
-85
-84
-83
-122
-114
-111
-113
-122
-128
-121
-142
-152
-141
-141
-139
-131
-126
-118
-138
-125
-127
-139
-122
-128
-123
-123
-115
-115
-124
-110
-108
-113
-103
-91
-83
-78
-73
-64
-56
-53
-37
-14
-7
9
12
23
51
53
44
59
72
65
88
107
111
114
115
125
129
126
131
144
144
162
147
156
163
145
136
124
133
122
119
110
88
93
82
70
52
44
43
22
24
-2
-10
-10
-29
-35
-54
-49
-51
-71
-65
-86
-95
-98
-114
-106
-113
-116
-125
-143
-111
-133
-139
-125
-135
-120
-127
-129
-120
-117
-118
-115
-119
-113
-116
-124
-118
-112
-102
-95
-101
-108
-111
-100
-82
-80
-83
-80
-73
-78
-57
-51
-58
-53
-41
-20
-5
4
8
8
18
34
36
52
64
64
76
86
96
97
108
108
108
125
128
117
139
131
142
141
125
139
129
130
122
109
115
83
93
93
91
83
84
100
86
92
90
72
63
62
61
46
32
17
6
-7
10
-21
-44
-52
-70
-68
-79
-95
-111
-113
-122
-128
-135
-138
-150
-152
-141
-155
-174
-162
-164
-148
-146
-158
-142
-151
-148
-138
-138
-119
-120
-108
-98
-101
-81
-54
-53
-47
-42
-24
-17
-13
4
7
25
34
20
30
20
18
27
40
36
24
47
44
34
55
49
47
64
66
67
64
75
64
81
87
89
88
97
100
97
86
82
90
78
77
71
56
57
64
57
54
33
29
36
17
6
18
3
-10
-17
-24
-20
-37
-45
-44
-51
-60
-66
-59
-73
-42
-62
-67
-61
-72
-69
-62
-65
-73
-70
-101
-97
-107
-95
-111
-121
-118
-137
-132
-136
-136
-138
-149
-121
-112
-109
-100
-90
-65
-69
-62
-64
-46
-17
-17
2
8
14
20
23
54
54
49
72
71
77
67
70
90
76
59
85
83
74
93
92
99
96
83
76
71
80
80
76
61
60
54
42
40
33
35
36
18
7
-4
-5
-15
-20
-30
-41
-41
-56
-52
-32
-35
-54
-54
-64
-69
-81
-84
-75
-73
-86
-77
-100
-96
-102
-108
-109
-120
-112
-123
-127
-138
-124
-147
-139
-135
-135
-133
-134
-127
-117
-106
-98
-105
-103
-87
-86
-69
-67
-66
-58
-46
-39
-41
-24
-40
-35
-26
-22
-26
-37
-22
-30
-17
-12
-8
-3
8
12
14
24
17
32
32
44
60
53
68
70
89
89
96
87
71
74
69
73
67
55
44
44
46
54
48
35
19
21
15
2
11
7
7
9
-4
-5
-20
-18
-21
-4
-11
-37
-35
-43
-54
-53
-66
-79
-76
-86
-87
-90
-95
-92
-100
-104
-96
-100
-116
-111
-95
-98
-106
-118
-132
-121
-127
-125
-123
-121
-110
-120
-101
-104
-108
-100
-86
-85
-78
-69
-60
-40
-32
-29
-13
-8
-6
-7
-1
27
26
3
3
17
12
13
22
19
11
19
16
13
11
16
10
8
8
7
0
-12
-3
-4
-9
-5
3
-11
9
11
4
2
-4
-2
-10
-5
-14
-10
-12
-31
-47
-45
-40
-63
-53
-60
-79
-66
-77
-95
-100
-106
-97
-93
-94
-78
-76
-93
-94
-77
-83
-85
-71
-89
-90
-85
-93
-93
-111
-105
-99
-113
-104
-92
-111
-121
-130
-130
-130
-140
-125
-120
-128
-110
-114
-94
-92
-85
-80
-76
-57
-57
-39
-25
-29
-24
-10
-5
-3
4
1
-14
-5
-4
-7
13
9
4
17
13
8
-6
1
-1
10
18
20
33
15
28
30
29
41
24
25
23
22
29
25
16
9
3
3
-16
-27
-41
-47
-55
-51
-55
-45
-55
-55
-72
-83
-67
-77
-66
-86
-82
-82
-77
-57
-69
-78
-62
-52
-52
-52
-45
-38
-20
-31
-14
-28
-27
-14
-13
-16
-17
4
-3
-15
-34
-36
-54
-50
-64
-62
-50
-62
-46
-58
-47
-51
-57
-35
-37
-29
-7
-18
-14
1
0
9
10
22
14
21
20
39
34
21
32
32
29
33
43
33
47
26
25
22
21
9
4
16
15
6
6
6
9
9
21
28
16
20
28
20
20
28
37
40
45
50
43
48
32
22
19
22
25
4
-14
-12
-18
-26
-22
-26
-37
-41
-50
-41
-47
-41
-51
-46
-43
-55
-52
-52
-53
-57
-45
-47
-36
-30
-26
-31
-28
-15
-5
-5
7
13
0
25
19
30
48
25
39
37
22
19
26
25
27
26
6
-4
0
11
0
-4
-7
1
25
5
-6
-3
-5
6
0
16
7
9
14
7
7
12
20
25
27
21
20
7
25
13
26
40
34
28
29
23
23
14
4
4
1
10
4
9
-9
-2
5
12
20
19
24
29
16
28
41
41
46
36
34
26
24
25
6
23
12
0
17
-8
8
13
6
-2
-5
-8
-8
-8
-13
-20
-43
-28
-23
-31
-20
-16
-19
-16
-21
-9
-17
-27
-24
-17
-11
-2
5
-2
2
8
11
19
17
25
29
26
32
18
39
32
29
28
15
26
12
14
22
20
4
-3
14
4
-17
-20
-29
-27
-18
-18
-8
-18
-15
-3
-12
-10
2
6
0
0
23
23
43
35
27
50
41
46
43
58
66
60
57
62
55
58
71
55
59
47
46
46
44
41
36
47
44
46
38
50
39
43
48
30
26
31
34
29
17
23
29
35
28
25
24
19
53
39
35
46
38
44
38
38
25
26
30
28
20
10
18
10
10
8
-8
17
11
-2
12
0
4
-1
4
8
-5
4
9
20
22
27
37
36
38
33
49
38
43
60
51
56
47
45
36
34
46
36
40
48
38
26
26
30
10
19
4
18
25
19
30
26
18
11
30
30
22
35
39
40
50
41
46
47
51
54
57
58
48
57
60
56
48
29
57
52
47
50
40
28
28
32
22
29
11
13
16
1
2
16
12
13
-6
-16
-7
-20
-9
-5
-14
-10
-1
6
4
13
4
15
17
21
29
22
16
13
15
13
39
8
8
18
13
8
7
1
-6
3
2
7
3
1
12
-2
5
14
9
12
19
27
37
44
43
68
69
80
84
74
83
83
76
83
73
58
51
58
49
44
43
42
44
31
21
33
11
-1
9
8
10
12
0
1
6
1
13
12
4
14
5
-3
16
0
-1
14
6
6
4
14
17
4
16
9
12
5
2
8
-9
6
-2
-11
7
13
-9
3
-7
-5
-9
2
6
-6
-13
2
5
3
1
-4
-9
-21
-9
1
-10
-7
-12
-8
-1
-6
-14
2
-4
4
3
7
10
24
18
17
23
26
14
18
28
21
36
34
48
43
44
35
27
20
19
7
18
12
15
11
4
12
12
7
23
31
28
26
20
28
32
22
21
20
14
26
15
26
29
13
2
-3
3
-15
-21
-28
-36
-34
-36
-38
-53
-67
-54
-51
-48
-51
-39
-36
-64
-52
-57
-62
-36
-30
-37
-33
-26
-24
-11
-6
14
7
4
-4
4
21
19
27
17
27
29
15
12
28
14
-4
6
3
-3
9
16
13
10
8
27
20
32
26
13
43
22
43
37
24
34
43
23
26
35
21
25
22
24
17
31
33
39
39
41
38
42
47
37
48
43
47
35
45
36
12
11
12
5
-3
-4
-5
-6
-19
-32
-20
-13
-23
-14
-7
-8
-16
-16
-2
-16
-7
-7
-6
10
-4
-8
-9
-12
-13
-20
-26
-37
-25
-11
-22
-30
-35
-31
-19
-36
-34
-36
-47
-38
-32
-15
-6
-15
-6
-3
-4
2
20
10
15
24
29
39
37
41
38
42
40
31
41
35
31
30
42
52
39
48
40
43
31
34
41
37
33
42
38
37
23
13
12
10
15
5
0
-5
-4
-2
-6
-11
-8
-25
-29
-15
-26
-22
-36
-40
-37
-40
-42
-48
-27
-33
-29
-20
-21
-39
-27
-38
-34
-24
-32
-29
-45
-47
-66
-58
-51
-37
-43
-41
-40
-61
-38
-46
-42
-38
-40
-39
-39
-26
-22
-9
-15
-14
-23
-28
-28
-21
-22
-21
-24
-20
-16
-18
-21
-15
-5
-12
-23
-8
-4
-9
-16
-14
-16
-16
-32
-29
-38
-37
-39
-37
-22
-22
-28
-29
-7
-9
-11
-19
-3
4
-7
3
-3
17
3
9
14
2
27
16
20
-4
-3
-26
-25
-32
-53
-36
-55
-61
-56
-63
-58
-54
-57
-56
-73
-69
-67
-72
-69
-59
-58
-59
-37
-46
-34
-28
-33
-28
-35
-33
-38
-26
-20
-10
-20
-15
-24
-17
-3
-6
-9
-16
4
3
-1
-11
-17
-16
-8
-8
-3
-1
5
4
-8
-3
11
-1
4
8
5
11
22
15
8
15
1
7
2
-9
-10
0
-9
-5
-9
7
2
-1
4
3
-11
-1
2
-14
-4
-16
-1
5
-2
6
-3
-22
-20
-28
-19
-13
-26
-31
-18
-23
-37
-24
-28
-27
-13
-10
-31
-20
-22
-31
-22
-21
-23
-20
-9
-23
-15
-32
-23
-33
-28
-26
-38
-21
-17
-7
-17
-11
-8
2
7
-3
0
-3
8
1
1
12
11
14
32
35
28
28
13
29
15
23
30
25
27
23
28
27
23
28
14
9
16
17
23
5
17
5
13
-5
-6
9
-17
-8
-21
-10
-22
-16
-10
2
-11
-7
-4
-11
-9
-8
-2
3
-18
-28
-20
-10
-10
-14
8
-2
-15
-17
-23
-7
-25
-27
-17
-26
-22
-8
-31
-19
-15
-26
-15
-15
-12
-15
-12
-16
-14
-18
-5
-1
7
-12
-17
1
-16
-27
-20
-11
0
5
-4
-15
-28
-9
-13
-18
5
-4
-15
-13
-11
-10
-19
9
-10
-16
-8
-7
-13
-13
-13
-23
-22
-17
-7
-22
-12
-14
-21
-19
-34
-22
-12
-23
-23
-21
-22
-31
-29
-33
-31
-27
-41
-40
-58
-32
-37
-44
-53
-59
-49
-57
-39
-63
-57
-48
-56
-61
-53
-60
-68
-79
-75
-63
-70
-64
-57
-64
-71
-49
-59
-66
-44
-60
-37
-47
-40
-35
-55
-40
-31
-28
-51
-28
-24
-24
-28
-30
-24
-28
-26
-26
-13
-2
-10
-3
-20
-9
-4
-8
2
-4
-5
-16
0
-11
-21
-24
-21
-20
-8
-11
-3
-18
-26
-17
-23
-33
-26
-13
-33
-30
-28
-25
-27
-46
-37
-42
-39
-36
-28
-33
-49
-47
-58
-64
-44
-65
-84
-82
-77
-65
-84
-66
-74
-82
-77
-84
-88
-95
-84
-78
-91
-88
-74
-88
-76
-82
-70
-58
-84
-66
-55
-54
-51
-52
-51
-55
-50
-42
-58
-57
-44
-55
-58
-64
-58
-47
-61
-59
-51
-51
-40
-32
-46
-16
-16
-24
-16
-11
9
-5
8
4
3
13
20
27
21
17
25
11
18
4
20
13
17
16
7
13
-8
5
-1
-7
-1
-5
-4
-17
-9
-24
-30
-27
-18
-15
-42
-25
-37
-39
-42
-51
-33
-36
-39
-44
-44
-34
-30
-33
-40
-47
-40
-51
-53
-36
-38
-63
-59
-60
-60
-56
-68
-56
-57
-48
-51
-74
-56
-55
-64
-71
-58
-48
-45
-40
-42
-41
-40
-45
-32
-33
-45
-51
-43
-42
-26
-29
-32
-17
-22
-33
-42
-35
-30
-24
-23
-11
-19
-12
-16
-7
-4
18
0
-10
-4
-7
-13
-9
-11
-8
0
-14
-13
-24
-11
-11
-20
-17
-16
-26
-16
-18
-34
-24
-32
-29
-35
-47
-37
-26
-27
-41
-36
-52
-60
-70
-75
-66
-76
-78
-91
-81
-79
-85
-89
-88
-95
-102
-104
-91
-100
-103
-96
-114
-90
-108
-104
-80
-92
-72
-68
-69
-70
-76
-80
-69
-50
-48
-39
-53
-51
-55
-56
-46
-37
-39
-31
-33
-37
-27
-23
-18
-19
-29
-11
-3
-20
-22
-21
-13
-30
-15
2
-6
5
3
4
-17
-4
-16
-18
-28
-20
-15
-21
-13
-16
-28
-23
-20
-26
-10
-37
-39
-24
-33
-35
-40
-34
-49
-47
-50
-48
-45
-62
-66
-68
-69
-63
-56
-79
-61
-54
-72
-68
-73
-70
-71
-73
-75
-82
-79
-70
-68
-71
-74
-76
-72
-93
-98
-72
-79
-99
-78
-76
-85
-75
-75
-75
-83
-88
-79
-82
-90
-84
-74
-67
-67
-53
-63
-74
-69
-62
-60
-54
-39
-51
-33
-34
-26
-30
-30
-22
-23
-6
-7
6
8
16
9
6
17
22
29
28
29
40
29
41
40
25
33
26
28
18
9
9
-2
-19
-16
-20
-34
-19
-28
-34
-13
-33
-24
-18
-34
-34
-30
-30
-32
-25
-44
-42
-28
-54
-46
-44
-61
-60
-51
-64
-79
-89
-86
-93
-84
-67
-77
-87
-79
-84
-74
-70
-87
-68
-70
-75
-81
-68
-66
-68
-75
-50
-60
-56
-33
-44
-35
-40
-34
-35
-15
-18
-14
-8
-6
0
-1
-7
-5
8
1
-2
2
22
3
6
7
-6
2
5
17
3
5
17
15
13
0
9
19
13
22
18
21
15
-2
14
5
16
15
3
11
10
24
5
7
11
8
-5
-3
-7
-23
-23
-27
-19
-36
-34
-51
-49
-34
-55
-48
-42
-51
-67
-65
-84
-73
-71
-77
-82
-83
-83
-100
-83
-79
-64
-72
-70
-76
-66
-69
-51
-48
-70
-51
-48
-46
-47
-27
-48
-52
-37
-22
-26
-26
-36
-43
-37
-28
-20
-23
-18
-28
-14
-12
-15
6
1
-2
5
1
3
27
25
28
22
26
20
24
24
22
27
21
29
24
22
39
30
9
18
23
21
8
18
14
12
15
9
14
-6
22
20
-4
-4
-1
-3
0
-10
-26
-18
-13
-27
-31
-30
-32
-29
-33
-60
-44
-31
-54
-57
-56
-63
-72
-61
-51
-68
-68
-46
-58
-57
-66
-45
-71
-59
-60
-56
-51
-66
-53
-63
-43
-57
-57
-58
-54
-49
-45
-53
-24
-25
-35
-18
-35
-14
7
-2
16
8
15
28
15
26
17
19
41
29
42
27
30
38
25
49
27
41
38
36
44
23
29
18
34
41
33
42
34
19
30
28
15
23
18
7
13
18
3
-7
3
1
5
-2
-10
-6
-14
-15
-28
-42
-43
-35
-48
-50
-43
-53
-67
-64
-71
-62
-58
-70
-79
-62
-63
-68
-58
-65
-70
-68
-64
-59
-61
-68
-73
-65
-63
-70
-67
-57
-62
-60
-49
-43
-43
-64
-43
-42
-25
-20
-36
-29
-25
-22
-23
-28
-18
-15
-6
-13
-20
-20
-28
-14
-7
-1
-4
10
16
19
34
29
37
33
33
33
28
30
23
27
45
33
35
48
52
57
49
47
40
42
43
41
32
31
40
17
28
20
30
23
17
20
6
13
-1
-4
-8
-20
-21
-26
-24
-32
-37
-34
-57
-41
-41
-43
-55
-60
-33
-56
-59
-60
-50
-56
-57
-50
-64
-55
-60
-52
-61
-73
-65
-56
-72
-58
-58
-55
-44
-36
-29
-46
-45
-37
-34
-37
-26
-39
-21
-12
-19
-6
-25
9
7
6
15
12
13
14
15
23
30
42
46
33
41
43
52
37
42
47
44
44
39
44
32
25
25
22
20
19
10
5
8
5
7
10
14
-11
-9
7
12
15
10
4
-13
-6
-6
-3
0
-28
-20
-24
-26
-29
-40
-34
-30
-41
-37
-41
-47
-39
-46
-58
-69
-57
-64
-80
-71
-55
-56
-53
-55
-42
-41
-55
-47
-53
-50
-36
-34
-23
-31
-38
-30
-36
-25
-21
-20
-24
-14
-3
2
0
3
5
11
20
20
26
19
37
54
55
59
51
54
52
51
53
55
59
60
51
61
69
73
82
68
80
72
74
76
53
80
75
60
59
82
68
60
62
62
51
47
48
27
42
45
53
49
36
26
32
9
-3
8
8
5
-5
6
7
-4
-8
-1
-5
-2
6
2
-14
0
-12
-18
-14
-9
-17
-26
-16
-17
-22
-14
-2
-27
-21
-24
-13
-8
-8
-4
-6
5
-3
0
10
8
5
16
11
-2
7
9
26
12
20
41
41
52
43
38
48
58
59
68
75
67
80
89
93
84
103
93
97
90
92
88
69
83
82
92
65
88
76
68
78
66
58
67
61
49
57
57
60
51
34
39
35
35
43
40
26
36
33
38
30
11
19
10
-1
2
-7
-7
-3
-16
-15
-28
-34
-35
-35
-40
-33
-27
-25
-20
-28
-23
-12
-17
-34
-39
-31
-22
-36
-39
-29
-23
-35
-31
-8
-13
-9
-15
2
-11
-11
9
-3
-13
-13
-7
0
10
9
7
21
31
28
44
34
26
40
25
23
39
33
24
37
35
33
45
46
36
52
52
38
44
52
50
36
56
55
43
46
57
59
39
53
48
36
49
22
23
26
17
12
7
-7
4
1
-7
1
-18
4
-9
-23
-25
-21
-14
-21
-27
-11
-26
-40
-24
-41
-38
-33
-36
-35
-57
-56
-67
-61
-54
-56
-58
-49
-42
-57
-59
-55
-55
-55
-54
-43
-48
-58
-42
-39
-37
-21
-29
-24
-17
-20
-28
-35
-20
-22
-9
-3
-21
-13
-3
-4
9
20
11
-3
5
14
24
16
14
21
41
28
42
34
55
42
16
30
27
46
40
39
16
29
29
30
12
19
26
17
8
2
-1
0
5
-8
-14
-7
-4
-5
-14
-14
-14
-19
-25
-33
-29
-28
-31
-32
-35
-50
-47
-45
-59
-55
-58
-61
-64
-71
-63
-76
-70
-72
-81
-66
-77
-73
-72
-72
-78
-77
-75
-86
-65
-60
-64
-67
-59
-64
-64
-56
-61
-46
-36
-47
-44
-30
-35
-32
-38
-30
-34
-28
-18
-13
-1
-5
0
3
-10
8
2
11
17
11
25
5
7
16
14
18
18
27
15
10
9
11
2
3
3
-3
10
-3
0
9
12
3
-12
-14
-4
-13
-13
-5
-7
-8
-13
-25
-20
-17
-25
-39
-35
-27
-39
-42
-35
-43
-50
-42
-48
-38
-48
-48
-45
-42
-43
-54
-40
-55
-47
-28
-40
-42
-50
-46
-35
-31
-31
-41
-58
-50
-50
-66
-66
-47
-41
-35
-45
-62
-54
-51
-41
-40
-54
-38
-36
-45
-26
-32
-28
-37
-25
-32
-31
-19
-12
8
-15
-4
-9
-11
-4
-6
-6
-5
2
1
14
25
15
22
21
30
17
22
23
13
11
11
14
16
17
27
23
11
21
14
5
-4
-7
4
0
-4
13
-8
-3
-24
-16
-20
-29
-24
-32
-42
-64
-53
-64
-54
-58
-66
-54
-66
-66
-84
-69
-57
-63
-83
-81
-78
-77
-77
-85
-73
-62
-64
-60
-54
-63
-62
-67
-71
-67
-69
-64
-57
-54
-58
-62
-44
-27
-47
-68
-38
-44
-48
-23
-27
-31
-47
-30
-33
-23
-9
-13
8
-3
8
15
22
22
17
33
17
14
18
11
29
26
28
23
20
15
14
13
17
27
7
14
8
8
0
6
18
1
7
5
5
1
8
12
0
13
11
0
-22
-15
-17
-20
-21
-24
-8
-10
-22
-14
-10
-20
-27
-10
-25
-28
-25
-32
-37
-33
-25
-20
-22
-34
-19
-11
-24
-19
-13
-35
-30
-39
-24
-33
-53
-45
-34
-34
-18
-10
-36
-27
-18
-10
-7
5
6
-5
6
15
37
7
5
15
9
7
13
19
31
31
18
36
22
15
21
31
27
19
37
22
42
26
25
36
16
34
30
27
42
36
39
42
32
20
36
46
49
45
40
31
33
32
41
30
18
26
26
28
32
16
4
15
6
0
1
9
-5
-13
-8
-1
0
-20
-21
-14
-21
-5
-19
-21
-17
-41
-44
-32
-34
-26
-22
-26
-16
-4
-9
-6
-8
-13
