32
39
43
32
33
34
33
34
19
19
23
23
17
17
13
13
22
26
17
15
26
21
-3
26
20
4
-1
-6
15
17
15
14
22
21
24
2
8
26
22
13
32
38
21
12
24
20
21
14
25
28
11
17
10
24
28
27
23
21
24
22
21
20
22
18
24
16
28
22
24
31
19
19
24
16
12
17
21
28
34
30
18
32
27
33
30
36
32
10
18
22
27
25
19
22
35
27
26
40
25
23
45
47
37
40
51
58
50
48
31
37
29
25
34
31
27
42
19
7
22
12
26
13
23
36
36
23
15
23
14
30
29
29
44
36
27
19
23
30
34
46
44
32
30
18
27
27
37
41
14
38
34
33
29
30
24
40
38
38
26
29
28
24
25
8
31
28
42
30
33
43
26
29
39
31
42
22
36
42
43
59
59
36
48
50
47
50
33
26
42
37
37
47
27
31
41
48
34
46
38
42
38
38
38
28
32
36
25
28
22
5
17
17
34
29
17
32
19
14
29
4
24
30
15
19
29
21
23
11
13
30
28
32
10
20
8
28
29
31
40
29
28
37
37
22
37
23
38
50
26
21
37
41
45
40
35
53
37
59
58
42
52
50
61
48
55
53
43
55
53
52
55
37
32
40
45
35
36
25
21
24
27
27
10
36
28
37
57
36
38
40
23
30
31
15
33
21
26
36
37
43
29
36
35
43
42
33
28
38
29
25
27
24
28
31
36
29
38
53
48
57
57
64
50
45
67
32
36
54
57
42
41
64
48
41
59
46
49
53
50
63
46
60
54
48
65
41
48
50
59
66
56
45
50
52
45
50
40
49
54
77
58
56
71
57
58
54
58
60
65
61
63
68
70
53
65
51
55
65
57
61
62
65
58
53
66
68
54
51
36
45
51
43
43
39
42
40
31
51
54
52
52
52
38
37
28
34
39
38
53
37
33
24
38
21
29
27
20
26
17
38
27
21
28
37
18
23
19
11
25
18
36
29
17
25
28
13
21
34
20
31
31
27
31
45
33
39
58
48
41
42
38
49
46
53
55
50
46
27
58
39
37
31
35
37
11
53
30
36
43
26
31
45
27
17
32
19
21
25
31
22
28
43
45
31
24
38
42
34
26
21
17
35
27
28
34
28
14
25
31
36
27
23
18
21
27
13
28
33
28
23
32
48
39
26
24
39
29
31
30
36
40
35
36
28
38
32
41
42
50
54
52
51
44
33
42
26
29
51
49
40
35
41
46
47
46
39
29
31
36
38
44
63
25
32
32
36
39
26
23
4
11
16
35
27
15
30
20
19
23
24
20
22
30
28
37
46
30
38
30
28
16
13
3
16
19
18
29
14
8
8
23
2
13
14
-2
18
-6
-7
-10
-13
-10
-13
-11
-14
-9
-6
-20
-16
-24
-6
-4
-26
-25
-27
-4
-15
-12
-9
-22
-7
-4
-7
-11
-10
-26
-15
-10
-8
-10
-6
-1
-3
1
-6
0
0
-1
3
-8
7
2
-12
8
-1
-5
-15
-14
-18
0
-10
-18
9
0
-17
-27
-15
-16
-8
-20
-7
13
11
3
-6
-9
-9
-1
-5
2
-10
-17
-6
-11
-10
-11
-14
-22
-18
-11
-8
-7
-15
-10
-15
-13
-12
-15
-11
-21
-3
-5
-14
-19
-5
-15
-17
-15
-26
-13
-18
-12
-14
-11
-13
-14
-9
-5
1
3
-2
-1
-14
-3
1
-9
-9
-12
-13
-28
-7
3
-9
-13
-7
-14
-10
-3
15
-1
-9
-6
-10
3
14
12
3
12
6
9
22
-1
0
7
10
11
23
27
13
11
13
16
17
15
26
-2
13
4
-1
16
0
4
1
-2
-7
-14
-18
-14
-7
-12
-9
-9
-9
2
-7
-20
-13
-1
-5
0
5
-13
-4
5
-7
-1
-19
-24
-21
-21
-26
-14
-13
-23
-12
-20
-21
-18
-25
-17
-20
-28
-33
-21
-21
-34
-27
-23
-13
-12
-22
-14
-10
-20
-5
-13
-15
-5
-23
-9
-12
-2
-20
-10
8
-2
1
-27
-18
-15
-11
-7
-20
-20
-25
-23
-30
-37
-23
-25
-8
-18
-4
-1
-13
-15
-28
-5
-14
-16
-18
-11
-12
-21
-30
-22
3
-5
-21
-18
-16
-32
-35
-38
-31
-36
-33
-33
-40
-38
-53
-42
-31
-29
-38
-46
-48
-40
-47
-37
-38
-45
-35
-39
-38
-47
-44
-52
-48
-57
-41
-55
-82
-62
-65
-59
-57
-66
-75
-71
-67
-58
-49
-66
-63
-59
-47
-62
-60
-65
-55
-51
-56
-41
-53
-48
-44
-30
-31
-48
-36
-36
-40
-29
-43
-47
-31
-16
-23
-16
-22
-31
-11
-23
-16
-24
-17
-16
-31
-20
-28
-27
-31
-26
-20
-27
-30
-40
-25
-19
-28
-23
-22
-12
-9
-21
-14
0
-21
-6
-6
-15
-1
-30
-9
-15
-19
-18
-35
-13
-17
-12
-5
-10
-15
-38
-18
-28
-49
-30
-34
-44
-37
-52
-48
-44
-49
-48
-47
-45
-49
-53
-57
-51
-47
-54
-62
-52
-47
-35
-22
-26
-25
-38
-46
-29
-28
-23
-28
-24
-19
-26
-34
-27
-30
-25
-16
-20
-28
-24
-14
-5
-12
-12
-10
-10
-9
-11
-15
-9
-4
-9
-11
-12
-23
-4
-19
-12
-10
-29
-5
-27
-24
-13
-26
-12
-2
-13
-28
-34
-35
-36
-29
-29
-35
-37
-52
-31
-33
-18
-27
-25
-32
-40
-12
-17
-31
-26
-21
-36
-41
-41
-37
-38
-40
-37
-39
-40
-37
-43
-29
-31
-54
-43
-47
-37
-49
-47
-53
-64
-49
-63
-70
-61
-73
-68
-70
-59
-62
-71
-63
-78
-66
-71
-63
-45
-53
-54
-55
-69
-60
-53
-49
-69
-66
-59
-71
-56
-57
-65
-66
-50
-46
-60
-43
-45
-44
-36
-63
-48
-50
-38
-44
-54
-33
-52
-56
-56
-44
-48
-54
-36
-63
-40
-45
-59
-57
-57
-57
-59
-65
-61
-59
-57
-64
-64
-70
-70
-64
-49
-54
-64
-60
-72
-61
-75
-52
-53
-68
-64
-64
-60
-65
-63
-57
-51
-72
-58
-72
-61
-49
-55
-46
-60
-44
-61
-64
-67
-64
-56
-65
-72
-73
-67
-70
-74
-79
-72
-75
-62
-75
-58
-43
-64
-60
-69
-53
-57
-68
-59
-61
-52
-54
-57
-47
-42
-46
-60
-62
-61
-39
-58
-55
-39
-50
-56
-63
-46
-52
-26
-27
-29
-39
-40
-35
-26
-47
-50
-37
-60
-50
-63
-48
-47
-45
-49
-51
-47
-52
-36
-49
-47
-44
-42
-30
-45
-51
-46
-32
-32
-49
-34
-48
-54
-51
-57
-49
-44
-23
-39
-43
-28
-25
-39
-47
-38
-36
-37
-29
-35
-41
-48
-42
-40
-41
-51
-54
-56
-51
-43
-50
-40
-55
-49
-45
-35
-46
-52
-37
-56
-41
-43
-44
-42
-58
-47
-41
-56
-39
-37
-45
-45
-52
-42
-59
-53
-57
-55
-48
-50
-50
-34
-45
-46
-37
-41
-40
-42
-43
-46
-36
-27
-32
-37
-37
-44
-34
-36
-45
-43
-25
-35
-45
-37
-42
-51
-42
-44
-44
-37
-44
-45
-55
-65
-41
-38
-53
-63
-61
-52
-52
-54
-52
-61
-57
-57
-71
-68
-61
-53
-63
-67
-73
-66
-54
-65
-58
-57
-55
-57
-64
-44
-57
-54
-69
-84
-52
-62
-79
-61
-61
-57
-62
-70
-59
-67
-76
-62
-60
-66
-60
-78
-77
-69
-72
-80
-66
-73
-76
-61
-73
-68
-57
-50
-76
-75
-80
-74
-70
-85
-86
-62
-57
-56
-64
-76
-61
-66
-73
-59
-72
-72
-67
-61
-78
-76
-65
-52
-67
-72
-68
-74
-75
-75
-57
-75
-65
-80
-71
-70
-72
-70
-79
-59
-72
-77
-72
-72
-74
-75
-69
-84
-87
-71
-73
-73
-70
-91
-71
-79
-86
-68
-79
-94
-83
-80
-93
-72
-66
-71
-75
-73
-68
-69
-79
-67
-62
-73
-77
-66
-81
-78
-77
-82
-77
-77
-80
-87
-75
-82
-63
-79
-75
-84
-68
-60
-77
-61
-78
-67
-72
-64
-61
-72
-61
-68
-66
-62
-58
-71
-70
-69
-68
-69
-72
-65
-70
-62
-73
-59
-62
-49
-60
-62
-50
-56
-44
-56
-62
-59
-51
-56
-77
-71
-68
-73
-74
-67
-78
-74
-69
-77
-81
-94
-91
-70
-73
-69
-75
-93
-86
-91
-83
-84
-91
-97
-107
-107
-104
-89
-85
-97
-110
-101
-85
-95
-100
-88
-92
-85
-94
-94
-94
-100
-83
-78
-103
-95
-85
-71
-83
-93
-79
-77
-64
-81
-63
-72
-83
-75
-70
-65
-49
-71
-58
-48
-59
-46
-59
-46
-51
-47
-59
-75
-55
-40
-43
-40
-48
-49
-67
-47
-53
-61
-48
-60
-67
-66
-57
-73
-61
-59
-61
-64
-57
-62
-63
-64
-69
-63
-66
-67
-74
-62
-66
-62
-53
-68
-72
-79
-87
-63
-83
-68
-71
-88
-82
-92
-88
-93
-93
-90
-88
-94
-103
-90
-90
-93
-96
-103
-83
-88
-96
-97
-104
-97
-98
-101
-82
-85
-94
-89
-97
-92
-114
-101
-103
-101
-95
-96
-85
-91
-100
-97
-84
-103
-90
-108
-97
-98
-100
-109
-97
-96
-101
-82
-88
-91
-103
-85
-99
-102
-100
-119
-110
-112
-89
-86
-101
-92
-112
-102
-113
-101
-107
-108
-93
-83
-95
-101
-81
-98
-110
-105
-97
-107
-92
-86
-87
-87
-92
-75
-99
-101
-97
-81
-85
-86
-79
-96
-94
-89
-79
-98
-103
-99
-88
-99
-84
-78
-87
-91
-101
-75
-73
-72
-65
-70
-77
-85
-84
-83
-89
-92
-107
-94
-73
-84
-72
-70
-77
-82
-95
-91
-92
-92
-74
-70
-83
-72
-68
-82
-65
-60
-74
-71
-76
-79
-65
-61
-60
-53
-54
-52
-55
-57
-52
-40
-34
-50
-33
-41
-32
-23
-36
-25
-24
-22
-27
-23
-24
-25
-37
-30
-42
-36
-30
-31
-31
-43
-37
-37
-42
-50
-44
-45
-32
-39
-46
-50
-44
-35
-45
-41
-48
-51
-52
-47
-46
-51
-50
-58
-66
-70
-53
-51
-53
-58
-57
-40
-50
-47
-38
-27
-33
-37
-44
-48
-45
-35
-26
-35
-33
-34
-32
-44
-37
-27
-31
-43
-35
-59
-48
-42
-56
-33
-28
-29
-34
-32
-32
-33
-35
-38
-39
-29
-38
-32
-44
-32
-37
-56
-49
-52
-43
-44
-37
-49
-53
-55
-59
-51
-56
-46
-43
-54
-40
-49
-38
-47
-50
-39
-37
-45
-39
-30
-32
-44
-46
-46
-46
-50
-39
-47
-49
-43
-38
-47
-54
-45
-44
-48
-49
-51
-59
-55
-48
-52
-46
-65
-53
-41
-52
-50
-55
-47
-54
-59
-75
-68
-55
-76
-78
-78
-74
-67
-66
-77
-89
-90
-72
-78
-79
-70
-85
-80
-73
-78
-67
-72
-90
-76
-65
-83
-84
-71
-88
-83
-78
-69
-70
-72
-63
-60
-85
-76
-58
-63
-62
-55
-49
-73
-71
-61
-69
-63
-78
-71
-57
-58
-68
-59
-46
-51
-52
-46
-34
-42
-50
-47
-40
-41
-45
-36
-39
-52
-38
-37
-37
-46
-34
-24
-21
-32
-45
-40
-26
-18
-13
-29
-36
-28
-40
-42
-31
-20
-50
-31
-43
-35
-30
-32
-12
-42
-33
-30
-23
-41
-34
-28
-33
-29
-24
-17
-15
-33
-20
-19
-10
-6
-24
-9
-21
-6
-11
-8
11
-4
-15
-6
-8
-23
-21
-9
-11
-30
3
4
1
8
14
16
15
11
-1
12
8
18
14
13
3
14
24
27
5
-13
4
8
4
11
5
4
13
18
27
19
5
-7
13
17
5
12
-15
-6
-1
-1
-6
-2
12
0
10
13
34
21
6
9
16
-4
16
18
7
15
3
4
23
13
8
25
17
19
13
9
4
0
13
0
1
6
10
9
-1
4
8
15
20
-1
-5
11
16
18
11
4
1
7
22
21
18
18
26
31
28
39
27
20
19
20
36
23
22
41
31
45
40
34
37
26
43
35
38
31
32
41
39
33
49
38
32
47
41
40
47
42
22
23
18
30
23
15
19
21
29
26
5
3
12
1
6
-17
0
12
-2
4
4
16
-7
0
-4
11
5
3
4
12
20
-7
5
9
8
-4
-1
3
-4
17
14
7
-6
2
-4
-1
12
3
2
19
27
21
15
-1
1
-8
7
9
22
12
21
45
29
36
32
43
35
33
35
28
43
32
33
42
54
47
30
51
47
49
46
44
58
69
61
53
61
47
49
53
44
52
50
41
30
32
40
33
33
27
26
11
22
34
35
32
37
23
22
21
19
20
24
36
21
16
11
15
18
26
28
18
12
21
42
43
38
28
30
18
14
23
12
17
11
22
2
29
26
16
2
4
9
-1
24
19
21
19
22
32
18
28
36
22
15
29
25
21
35
18
14
21
15
10
21
26
36
36
20
35
26
38
26
26
39
17
32
22
31
28
31
19
41
39
22
21
17
30
20
25
22
34
31
26
34
25
22
21
5
17
23
23
19
35
40
8
22
23
30
22
30
35
23
30
18
26
9
8
10
21
14
2
9
15
19
9
3
17
29
9
12
24
19
25
21
22
5
4
7
-1
11
3
11
-1
8
-3
-2
1
6
6
0
15
15
14
28
33
18
28
22
34
28
25
26
30
30
44
37
25
30
31
43
38
46
40
48
61
40
45
45
56
55
47
56
51
48
37
34
33
34
36
30
30
18
11
24
33
23
11
13
25
28
41
33
39
34
28
31
27
36
30
8
13
22
7
10
14
12
19
12
9
7
28
13
19
29
30
16
13
18
23
24
30
29
13
30
27
41
47
46
39
28
25
30
47
39
48
32
44
56
39
48
53
48
58
66
62
34
31
50
55
54
36
44
44
50
43
51
60
57
55
59
69
50
48
68
65
72
64
54
52
58
53
51
54
46
28
47
38
39
45
33
31
6
12
23
24
5
0
11
13
22
19
24
14
12
8
22
12
17
26
24
25
26
23
19
27
24
26
24
19
24
17
30
27
11
27
20
19
12
17
27
43
28
43
41
41
50
41
45
45
35
37
48
30
19
16
42
55
35
33
57
50
56
57
38
46
51
32
55
66
64
50
53
55
53
60
69
57
42
58
50
39
20
24
23
19
25
22
16
16
19
34
20
9
20
0
20
37
39
23
14
14
20
22
29
35
13
19
12
17
20
11
12
2
19
15
13
13
21
11
2
22
19
17
15
11
6
7
7
23
22
33
36
35
39
28
24
30
37
36
46
35
38
36
46
60
44
34
54
37
44
41
29
49
44
58
56
51
70
72
71
61
72
75
74
95
86
87
96
104
93
99
103
94
89
97
95
81
82
89
101
88
68
81
82
66
74
77
84
83
86
90
94
100
92
106
88
93
91
94
103
96
96
79
79
86
73
74
75
67
70
62
55
61
54
65
59
49
43
52
67
68
65
75
69
82
77
68
76
70
82
91
101
100
99
101
94
87
95
108
99
104
107
100
94
96
96
93
113
113
117
118
114
126
123
124
129
131
137
135
120
124
121
132
143
142
132
117
136
121
127
118
113
121
110
119
109
124
113
103
121
118
110
107
116
113
101
107
108
114
113
91
95
91
88
70
69
81
75
62
62
61
54
58
53
57
49
35
56
37
32
31
34
40
58
53
42
52
39
33
28
32
30
15
3
33
19
3
29
22
21
27
19
22
13
28
31
29
14
12
28
14
27
22
33
45
35
38
44
41
53
45
52
60
55
64
55
65
60
56
65
78
79
74
74
82
91
82
80
79
88
104
72
75
80
77
87
66
72
78
82
58
52
74
69
61
44
51
39
55
48
29
46
33
48
36
25
30
29
28
37
10
14
20
10
5
0
19
23
10
10
10
12
3
7
3
25
28
23
40
27
37
37
48
53
50
45
49
46
59
68
71
67
72
90
71
67
77
85
82
87
83
95
93
81
87
92
93
92
96
108
93
100
103
92
96
97
83
88
75
70
81
79
86
81
65
54
74
61
52
61
68
73
62
69
51
45
45
47
57
62
61
55
54
44
34
43
31
36
36
36
24
28
24
13
16
14
13
20
21
22
27
27
34
24
38
54
50
55
57
74
74
63
60
65
86
78
75
78
74
69
69
67
73
71
70
59
52
53
43
50
41
47
38
39
42
33
42
50
49
54
41
45
57
40
52
52
65
57
66
57
48
72
55
61
57
72
66
58
72
65
60
51
57
58
50
58
44
47
57
52
50
51
68
61
49
42
63
73
48
67
52
58
69
59
68
74
53
46
58
52
58
52
50
51
46
56
46
61
73
53
55
57
66
70
77
82
82
93
87
70
85
89
98
85
107
105
86
102
105
98
83
87
85
83
83
94
85
88
77
83
72
80
85
76
84
81
81
83
96
83
83
75
76
85
83
90
66
56
69
82
71
64
82
80
69
77
75
55
59
68
55
60
66
48
60
54
53
49
41
47
31
47
34
20
31
24
9
7
2
3
12
4
2
11
9
0
-1
-14
9
10
12
15
11
8
18
22
29
20
19
33
29
14
5
17
32
11
-2
13
4
-2
-1
-1
-9
7
1
12
-16
9
-1
-13
-12
-20
-1
-5
15
-6
12
12
14
12
16
16
13
10
2
22
7
12
7
0
0
-5
1
-12
-19
-18
-12
-17
-9
-4
8
-7
-11
6
-3
19
15
20
30
24
13
23
25
22
2
6
22
3
-1
-6
2
7
-2
2
1
-2
-6
-5
-1
-16
5
-14
-14
-6
-8
20
11
6
3
15
7
4
7
11
2
4
16
0
5
-1
12
15
7
8
12
7
12
16
14
12
6
20
14
13
15
16
17
18
25
25
28
18
22
28
27
31
21
25
21
18
11
20
24
23
23
13
8
13
17
11
5
-1
27
9
-10
-1
-4
-9
1
2
-3
-4
-13
-9
-7
-7
-2
-2
-10
-10
-14
-12
-7
-17
-12
-6
-2
-1
-12
-10
-11
1
-18
-24
-9
-9
-10
-12
-14
-13
-18
-4
-9
-16
0
-17
-12
-6
-9
1
-1
-9
-4
7
-15
-8
-20
-26
-8
-20
-15
1
-3
-8
-1
-9
-6
-5
-7
-21
5
21
-10
1
10
-1
2
-8
-6
18
-3
-10
-7
-23
-25
-24
-29
-39
-46
-24
-29
-38
-44
-38
-40
-53
-43
-46
-44
-52
-30
-25
-36
-22
-36
-31
-32
-19
-21
-38
-42
-31
-26
-40
-48
-42
-23
-45
-42
-32
-47
-51
-40
-44
-49
-52
-63
-50
-54
-66
-63
-71
-65
-59
-64
-67
-70
-66
-71
-73
-73
-69
-63
-46
-47
-49
-41
-58
-61
-59
-52
-50
-63
-70
-74
-56
-69
-67
-57
-56
-69
-74
-53
-50
-64
-44
-44
-34
-39
-43
-23
-41
-39
-28
-39
-30
-13
-13
-23
-25
-36
-27
-36
-47
-48
-46
-43
-46
-40
-37
-33
-39
-36
-20
-41
-37
-31
-41
-41
-37
-19
-35
-29
-35
-37
-25
-36
-42
-39
-27
-37
-17
-11
-22
-28
-22
-46
-39
-35
-35
-33
-17
-34
-25
-20
-22
-9
-11
-12
-7
9
-12
-4
-4
-9
-3
3
-15
-2
2
3
5
5
12
2
11
4
-11
6
-5
3
-5
-17
-2
-10
-2
-26
-14
-20
-37
-3
-17
-33
-15
-14
-26
-42
-24
-34
-22
-21
-28
-31
-27
-27
-22
-18
-27
-15
-29
-29
-21
-19
-24
-17
-29
-33
-24
-35
-14
-18
-28
-19
-31
-19
-29
-30
-27
-26
-22
-13
-17
-29
-22
-14
-32
-25
-16
-20
-14
-2
-13
-19
-2
-6
-17
-6
-15
-20
-21
-24
-17
-29
-14
-6
-27
-22
-17
-20
-13
-20
-28
-23
-20
-31
-35
-28
-27
-15
-21
-36
-11
-15
-21
-8
-14
-15
0
24
17
1
16
20
17
13
14
21
16
7
11
19
17
13
13
19
8
14
14
9
9
11
12
20
17
13
25
25
22
22
35
43
28
32
50
32
36
32
41
48
36
31
29
42
37
44
43
32
28
26
37
36
24
41
35
56
53
35
31
38
46
47
57
52
44
25
28
36
31
26
50
52
52
45
45
38
43
54
62
59
70
80
73
57
64
75
66
72
84
80
85
74
72
68
64
55
69
54
64
93
64
73
86
67
70
65
60
66
49
48
55
64
57
61
57
63
46
51
54
33
46
56
39
45
40
39
49
35
46
47
45
36
57
68
49
39
68
55
40
49
51
50
43
52
39
39
44
45
52
43
52
46
27
44
39
32
28
21
18
31
23
7
19
5
11
4
11
2
16
8
0
13
5
15
11
9
-12
-5
-18
-3
-29
-26
-17
-28
-24
-27
-10
-31
-26
-35
-17
-22
-32
-21
-31
-24
-18
-26
-25
-27
-39
-38
-44
-37
-39
-39
-28
-41
-33
-29
-25
-25
-13
-26
-18
-13
3
7
-3
8
4
13
16
17
4
2
4
24
14
13
2
7
9
-3
20
-3
3
5
5
10
-2
0
5
17
21
0
7
10
19
3
9
21
11
17
34
33
29
21
26
18
23
37
35
43
46
49
52
49
55
56
53
46
51
57
70
68
60
75
66
67
50
62
59
66
77
66
61
66
65
67
67
71
72
70
65
71
73
69
54
50
46
51
52
51
48
51
49
58
55
66
75
54
60
58
61
68
55
60
60
57
66
54
56
50
66
66
60
55
61
55
60
58
53
57
53
60
52
52
39
41
54
41
52
53
68
60
55
46
62
44
61
80
66
79
66
60
63
62
62
58
65
64
58
72
69
67
60
64
47
48
56
38
48
39
40
55
32
54
62
44
52
51
64
47
63
55
54
52
37
44
50
60
52
45
56
58
43
49
40
47
38
42
36
29
25
33
24
23
26
27
42
30
35
43
29
35
38
22
27
32
43
15
28
33
28
23
30
39
34
37
35
30
27
45
37
32
42
37
42
24
19
22
27
36
26
37
15
9
6
12
10
11
10
-9
-5
-17
-2
-8
-11
-8
-16
-5
0
-15
-4
-2
-14
-1
-26
-9
-6
-20
0
-1
-3
9
-3
-3
-7
0
16
2
-6
-1
9
11
-7
9
8
-4
-14
-11
-13
-11
16
-5
-7
4
4
0
-2
-8
0
0
2
2
1
-1
11
19
19
21
30
13
27
27
15
21
13
12
15
24
29
34
38
34
37
35
41
44
55
45
47
45
42
41
30
43
57
55
54
50
55
49
46
61
40
41
34
28
52
49
51
47
32
25
24
19
8
18
13
5
1
0
3
4
8
-5
-4
-20
-8
-9
-10
-13
-25
-15
-3
-7
-13
-15
-32
-16
-20
0
-3
-5
-10
-9
11
5
-7
-4
5
-8
-3
-11
5
4
13
0
2
21
3
12
17
25
31
24
41
38
38
33
48
50
43
54
46
58
48
64
63
67
70
55
70
54
59
70
62
81
85
70
76
90
83
86
82
81
89
85
81
81
74
87
70
74
71
61
62
54
66
53
54
33
42
38
30
28
22
24
30
28
34
47
37
47
34
30
26
38
35
39
45
43
46
48
34
35
48
46
49
45
61
48
29
47
51
47
48
40
36
39
36
27
52
50
53
44
50
47
42
61
51
74
62
55
60
67
58
44
49
39
54
38
38
53
59
37
42
44
49
48
24
55
36
38
38
30
31
35
28
8
13
19
20
17
14
5
3
0
-6
-10
-14
-7
-14
-4
4
-9
-9
-16
-2
4
-19
-14
-5
-12
17
6
6
19
7
-1
9
21
19
30
25
8
3
15
14
13
2
15
26
18
15
21
18
23
26
23
11
23
-2
10
30
26
26
14
10
20
24
17
16
27
25
17
24
27
32
12
8
23
10
18
20
19
14
26
23
2
25
8
18
11
18
33
20
14
22
18
12
15
21
16
18
23
7
14
18
23
15
26
15
12
24
15
13
18
1
17
11
-6
-1
4
12
0
19
9
3
12
-3
2
-4
21
23
-1
2
5
9
6
15
9
4
7
19
17
8
16
7
25
11
7
13
-9
17
6
2
9
7
6
7
15
10
0
2
-4
-3
12
19
14
1
18
15
11
21
18
26
-4
12
12
-1
18
-2
11
9
6
10
0
6
4
12
6
0
15
13
15
4
-3
7
7
0
-8
-1
-6
-3
7
-10
-15
-4
-3
-18
-5
-22
-23
-13
-31
-31
-12
-7
2
6
0
-9
18
37
18
17
19
22
23
14
16
20
5
18
7
4
17
5
11
18
2
-13
7
-16
-16
1
-8
-2
9
1
10
11
12
5
-8
16
22
14
24
21
8
21
14
4
14
-3
4
10
7
22
23
24
15
19
6
19
15
8
5
19
9
6
23
15
6
10
16
13
22
15
11
14
21
-6
-5
5
12
10
8
2
-15
1
-12
-12
-14
-5
-11
-14
-11
-19
-13
-25
-5
-23
-16
-3
-12
-12
-20
-22
-16
-3
-8
-8
-8
-17
-17
-5
-7
-18
-6
-6
-31
-14
-7
-8
-3
-13
10
14
20
15
19
17
10
18
16
34
23
11
30
30
26
28
22
14
17
11
1
16
7
10
11
8
24
21
9
-10
5
2
0
6
12
1
9
14
-7
-7
-5
-11
-8
8
-10
-21
-17
-14
-20
-15
-35
-21
-30
-33
-13
-28
-15
-18
-20
-32
-25
-33
-40
-46
-43
-20
-20
-28
-30
-17
-22
-35
-12
-12
-16
-24
-23
-24
-4
-5
0
-7
-17
-3
-14
-5
7
-2
-7
3
-2
4
-1
0
12
5
1
7
6
-4
4
13
14
3
15
31
9
7
20
30
30
6
32
25
19
19
20
23
35
41
37
47
29
26
11
15
23
23
13
13
18
7
30
32
11
4
8
14
14
14
12
6
5
9
-9
-11
4
-8
-1
-3
-15
-7
1
10
-16
-17
-7
-16
-30
-30
-9
-24
-16
-5
-30
-29
-15
-12
-12
-35
-34
-24
-34
-31
-27
-29
-26
-26
-40
-34
-31
-24
-37
-33
-43
-42
-21
-34
-35
-38
-31
-17
-14
-13
-15
-24
-19
-4
-13
-1
-7
-25
-31
-24
-30
-28
-25
-29
-27
-34
-37
-33
-24
-34
-47
-34
-39
-39
-43
-44
-35
-35
-36
-26
-43
-48
-49
-43
-47
-46
-49
-59
-55
-66
-64
-50
-62
-53
-48
-57
-44
-66
-66
-73
-79
-57
-56
-57
-60
-57
-61
-52
-36
-54
-47
-47
-48
-40
-22
-32
-38
-40
-35
-29
-29
-20
-31
-26
-16
-16
-12
-4
-3
-2
4
-1
9
8
4
-6
11
4
-1
6
-1
3
2
11
6
9
15
16
11
7
-2
-6
10
11
-13
2
2
7
8
1
4
-5
18
2
8
4
13
9
4
14
8
17
-3
19
21
13
16
20
16
3
21
15
13
15
20
11
3
10
7
8
-4
11
5
5
-13
-14
-2
-1
-8
-12
-17
-31
-23
-41
-26
-20
-34
-32
-34
-18
-22
-16
-19
-25
-27
-29
-12
-19
-21
-30
-23
-29
-30
-34
-14
-20
-26
-37
-42
-25
-37
-31
-26
-19
-28
-23
-25
-38
-13
-23
-22
-23
-13
1
-2
-18
-1
-10
-15
-14
-2
15
14
11
-9
-8
9
17
14
15
14
16
18
22
8
-2
24
18
14
23
4
2
19
6
15
5
8
13
-6
21
0
-4
-7
5
-2
-11
-21
-24
-24
-27
-18
-17
-5
-6
-8
-34
-14
-13
-17
-25
-35
-14
-12
-8
-20
-17
-15
-34
-28
-25
-26
-22
-23
-26
-26
-19
-15
-24
-17
-16
-29
-30
-25
-21
-17
-14
-11
-28
-32
-8
-20
-20
-10
-4
-12
-16
-10
-31
-19
-23
-33
-21
-22
-28
-15
-15
-13
-14
-8
-27
-19
-12
-9
14
2
14
-1
10
-3
3
2
-10
-6
4
9
-7
12
11
0
-5
-3
-13
-6
3
3
-9
-3
-1
-11
12
10
-12
-9
-4
0
-2
-13
-14
-20
-7
-9
-11
-10
-21
-20
-17
-21
-27
-13
-29
-17
-19
-27
-20
-26
-37
-41
-24
-27
-27
-22
-14
-14
-9
-8
-19
-3
-19
-26
-27
-18
-18
-10
4
-12
-15
-2
-4
-4
-16
-7
-9
-9
-1
-7
2
-4
-6
-9
-22
-8
13
-14
-15
2
7
2
-17
-18
-3
1
-1
-5
-3
23
19
-7
-6
-1
6
6
-8
1
-8
-18
-11
-16
-2
-9
-7
-13
-15
-16
-10
-15
-23
-23
-35
-29
-26
-23
-19
-21
-37
-16
-15
-24
-5
-22
-13
-28
-19
-7
-8
-13
-3
-8
-19
7
-3
-6
8
-9
-5
-10
-13
-4
-29
-21
-6
-18
-19
-2
-8
1
-9
-9
-12
-1
-2
-12
-5
-4
-13
1
4
7
3
-20
-9
-22
-12
4
2
-3
-7
-19
-9
4
1
-3
-11
-10
-15
-29
-1
-3
-17
2
-20
-11
-12
-16
-24
-35
-32
-26
-31
-29
-29
-29
-29
-42
-38
-52
-59
-56
-60
-47
-59
-65
-59
-61
-60
-66
-68
-57
-63
-40
-40
-51
-46
-61
-53
-65
-47
-51
-59
-54
-54
-57
-65
-70
-69
-82
-75
-51
-68
-63
-63
-57
-66
-60
-52
-54
-46
-62
-60
-55
-58
-56
-67
-68
-43
-44
-35
-43
-43
-37
-37
-38
-37
-37
-31
-39
-41
-36
-37
-31
-33
-35
-40
-27
-32
-30
-10
-25
-35
-19
-28
-32
-12
-25
-38
-41
-26
-29
-29
-42
-36
-29
-31
-26
-35
-43
-48
-44
-53
-54
-57
-50
-59
-50
-63
-63
-47
-45
-49
-47
-46
-53
-49
-70
-57
-60
-75
-52
-65
-67
-68
-72
-63
-67
-80
-84
-82
-71
-71
-71
-61
-72
-62
-68
-72
-85
-69
-59
-65
-63
-45
-52
-43
-43
-37
-38
-55
-46
-49
-41
-45
-41
-38
-26
-38
-39
-23
-25
-22
-22
-10
-2
-4
-1
-13
-21
-9
2
12
1
7
7
15
22
24
14
7
24
21
18
5
-4
13
8
-1
27
25
18
17
19
17
11
10
17
24
15
9
0
22
18
1
-2
16
18
7
0
1
12
-1
-11
8
-5
-10
-1
-6
-9
-18
-19
-12
-3
-13
-13
-13
-23
-16
-14
-5
-9
-1
-20
-21
-5
-15
-5
-3
-4
-4
19
16
-13
-2
6
6
21
34
28
36
27
34
44
35
35
37
27
25
45
40
39
39
30
46
33
45
39
16
43
37
41
26
40
58
47
35
35
41
38
20
31
43
21
19
17
16
10
25
17
14
24
12
39
14
37
28
15
27
19
33
32
34
19
27
38
28
18
29
30
32
30
32
29
45
44
39
46
38
37
34
42
35
29
41
47
34
29
46
30
25
25
30
16
21
29
26
25
33
27
35
24
12
26
14
39
46
21
31
27
23
21
17
16
14
20
24
17
23
20
22
24
11
5
2
14
16
13
11
23
29
21
23
19
16
16
13
22
15
23
35
19
15
19
35
36
25
28
43
35
38
35
39
44
38
46
29
42
43
42
28
21
34
46
46
45
45
49
44
34
42
35
39
45
34
37
32
42
51
49
53
54
62
52
54
59
57
59
54
66
70
56
63
74
55
60
67
70
72
65
51
55
64
65
63
59
55
51
62
60
46
58
56
57
57
57
49
72
87
50
52
65
58
56
64
51
68
65
59
75
78
84
67
59
65
66
70
80
67
68
76
63
72
70
65
78
76
72
64
64
52
64
68
78
66
71
73
50
58
56
56
70
67
81
65
88
83
60
71
67
62
65
56
69
71
60
70
71
69
66
70
60
52
53
57
35
44
48
52
52
53
50
40
51
34
40
46
43
35
25
34
47
33
25
36
27
47
32
30
35
27
37
18
17
33
33
36
29
36
39
36
57
39
46
51
36
53
58
51
55
62
75
54
59
72
81
80
57
85
63
75
79
81
86
91
90
105
91
103
118
96
101
110
113
115
117
115
118
116
115
110
106
112
103
103
108
115
109
92
98
111
100
99
98
85
92
98
110
100
92
103
103
116
110
98
104
104
92
98
98
96
95
100
113
89
84
91
100
96
105
102
117
105
104
97
107
103
102
114
80
87
88
100
101
84
81
98
103
92
91
72
93
84
64
82
82
81
88
89
74
75
96
80
71
83
91
84
90
90
92
95
67
64
81
85
81
92
65
83
87
61
81
76
56
62
45
49
55
54
61
45
49
42
45
41
41
37
46
54
49
49
62
53
59
64
75
77
82
96
92
103
78
56
73
61
64
68
66
74
63
64
53
66
45
45
60
55
74
72
70
48
69
78
47
52
69
83
84
77
68
65
74
74
70
82
74
81
72
81
72
80
76
70
66
53
52
53
70
62
53
53
47
46
44
44
56
63
60
72
65
59
71
66
64
69
71
88
80
92
70
61
69
52
59
54
66
77
70
70
52
69
62
56
54
53
59
62
82
68
73
61
60
56
62
70
61
60
61
52
45
42
47
57
54
64
57
69
59
55
62
58
40
48
63
54
73
69
54
65
70
47
47
45
58
54
67
60
44
51
52
66
62
67
72
73
50
68
75
66
68
67
74
68
74
75
81
93
84
92
98
91
85
68
74
70
89
89
70
75
70
60
54
74
64
54
59
63
61
56
43
49
42
56
58
43
47
47
42
48
43
27
41
34
41
25
37
53
35
49
43
24
37
41
36
24
26
28
29
32
38
31
37
29
26
23
21
26
25
18
15
10
4
-12
-23
5
12
0
1
-10
-8
2
-3
-5
2
12
-8
4
13
-1
-1
-5
-12
-9
10
5
-5
-3
1
-4
3
-17
-18
-15
-18
-22
-19
-10
-10
-16
-7
-7
-9
9
-19
-16
3
4
-8
-9
7
-12
0
-4
-19
-14
23
14
11
0
2
-2
-16
2
-20
-12
-1
2
-4
10
-7
-10
-22
-19
9
-22
-7
-12
-33
-18
-38
-33
-25
-35
-21
-28
-39
-34
-27
-27
-15
-17
-26
-32
-28
-40
-52
-43
-30
-24
-27
-21
-34
-40
-44
-27
-17
-41
-34
-17
-30
-37
-33
-34
-11
-26
-17
-9
-25
-41
-32
-23
-13
-7
-11
-5
-15
-24
-25
-22
-37
-25
-25
-21
-21
-25
-17
-22
-30
-20
-30
-20
-8
-4
-24
-41
-36
-47
-36
-40
-33
-39
-36
-42
-38
-36
-52
-54
-39
-52
-63
-57
-58
-56
-48
-51
-55
-58
-72
-72
-75
-51
-80
-92
-77
-78
-111
-104
-77
-97
-78
-65
-71
-85
-88
-85
-101
-95
-110
-116
-96
-96
-98
-93
-76
-73
-102
-99
-92
-107
-96
-63
-60
-79
-60
-75
-90
-71
-73
-70
-91
-60
-73
-85
-45
-54
-59
-66
-55
-66
-85
-65
-66
-76
-73
-58
-60
-85
-73
-64
-79
-61
-57
-75
-66
-69
-61
-73
-58
-60
-45
-51
-48
-48
-49
-39
-45
-64
-60
-36
-50
-49
-69
-73
-84
-84
-81
-100
-89
-78
-84
-93
-90
-78
-92
-94
-85
-93
-78
-86
-84
-93
-82
-73
-87
-99
-100
-117
-111
-76
-104
-113
-98
-75
-100
-96
-96
-118
-117
-96
-87
-89
-87
-86
-93
-92
-110
-108
-78
-88
-90
-100
-106
-85
-98
-105
-101
-90
-71
-75
-52
-68
-77
-42
-56
-70
-50
-81
-66
-64
-91
-48
-59
-60
-72
-73
-66
-76
-79
-60
-67
-72
-74
-79
-76
-96
-72
-88
-88
-73
-78
-98
-87
-63
-60
-94
-97
-70
-85
-76
-64
-60
-92
-52
-69
-87
-63
-60
-73
-82
-68
-83
-70
-80
-74
-72
-61
-88
-68
-82
-72
-80
-84
-83
-90
-72
-46
-95
-61
-48
-71
-39
-57
-25
-44
-31
-46
-33
-45
-58
-24
-36
-37
-57
-34
-32
-36
-33
-43
-36
-38
-19
-42
-34
-18
-11
-27
-16
2
-5
-13
0
-4
-16
14
2
-10
-15
-13
-23
-18
14
-7
-16
10
-16
-27
-8
-15
-21
-4
-7
-38
-25
0
-38
-34
-10
-23
-42
-36
-43
-53
-30
-49
-48
-61
-42
-49
-64
-44
-58
-69
-42
-37
-51
-66
-36
-52
-66
-23
-53
-62
-57
-67
-77
-48
-31
-74
-61
-29
-80
-77
-53
-47
-103
-55
-29
-71
-46
-25
-31
-20
-9
-24
-29
-20
-4
-8
-27
-1
-12
1
3
-11
-14
-42
-37
-40
-37
-16
-20
-5
-12
-18
2
-22
19
-18
-16
7
16
-8
17
9
-34
15
3
16
10
15
20
-22
-10
12
-3
-18
0
10
-4
-12
-8
-13
-14
-14
-1
-17
-11
16
5
-11
6
-15
-19
-3
-9
-9
1
-2
-8
-22
-9
-8
-15
15
-21
3
-10
9
18
-3
3
18
26
-8
5
35
1
7
37
-3
28
25
-10
22
12
21
4
-7
14
-18
-1
-6
-29
-7
1
-16
33
19
13
44
20
42
44
49
85
66
53
70
63
53
70
56
84
62
79
84
43
61
44
49
14
25
40
53
21
6
64
12
25
44
21
32
21
65
42
50
55
61
57
28
75
39
36
51
43
31
49
43
18
18
21
38
3
39
43
-5
19
15
4
-1
6
-6
14
16
14
21
-11
26
17
10
6
1
32
-2
38
43
3
62
27
20
70
9
56
24
57
70
23
82
39
63
61
49
45
64
21
55
28
46
66
27
65
27
63
47
34
85
53
62
77
74
41
65
86
45
89
80
48
71
46
16
47
55
34
29
59
28
71
33
28
61
33
33
26
55
54
49
48
68
31
35
71
32
37
60
35
54
49
47
24
26
51
0
36
37
42
0
50
17
9
5
45
30
-1
67
26
21
64
38
57
25
55
47
54
71
0
84
38
60
56
47
80
48
89
49
58
77
31
78
57
80
77
48
101
54
90
93
74
112
66
80
64
94
71
70
100
125
50
85
107
80
99
89
110
54
94
107
67
78
88
60
62
96
77
68
95
72
68
76
99
70
86
84
81
73
78
81
59
92
72
57
78
92
37
76
66
100
25
52
100
11
74
73
62
87
88
63
110
69
32
107
49
80
62
97
44
60
87
65
58
73
93
41
92
56
63
56
84
80
50
93
61
60
79
66
73
66
100
40
57
69
65
64
47
71
76
87
70
42
89
33
48
43
31
29
6
65
44
60
55
52
62
75
27
74
48
44
44
45
81
-12
18
50
-11
-21
3
0
-41
-29
18
10
-31
50
-13
46
12
-12
43
-23
25
8
41
7
13
21
14
9
10
30
-10
28
12
23
9
5
51
-46
57
-32
17
23
-30
42
-14
27
50
39
17
61
-4
61
37
1
88
-22
53
38
-18
2
22
11
-5
46
-13
14
17
35
9
37
22
12
11
46
9
6
45
24
34
32
15
44
8
39
34
35
5
37
68
-23
68
28
13
7
39
36
-5
20
7
-4
0
-13
-11
18
-31
13
-1
-12
10
6
-28
28
-11
36
11
-24
-3
27
5
6
38
4
-14
-2
17
12
-43
44
-18
-69
6
-46
-31
-66
26
-73
-52
21
-60
-73
11
-48
-14
-39
-52
-36
-77
-26
-58
-61
-22
-63
-22
-24
-56
-55
-13
-51
-60
3
-42
-17
-18
-39
-46
-35
-29
-71
-5
-63
-43
-38
-46
-3
-19
-9
-14
-17
-12
-33
-46
-51
-8
-41
-37
-15
-31
-44
-84
-57
-38
-91
-73
1
-59
-39
-28
-36
-84
-48
-17
-41
-49
26
5
-54
-9
-23
-53
-21
-8
-82
12
-66
-1
-24
-52
-9
-56
-37
-91
2
-54
-54
-18
-43
-52
-69
-56
-28
-92
-8
-44
-32
-49
-45
-21
-91
-1
-61
12
-20
-17
-26
-41
3
-86
-3
-7
-54
-32
-11
-15
-52
-55
-21
-43
-27
-11
-67
-10
-41
-80
-93
-37
-90
-118
-2
-27
-98
6
-30
-77
1
-26
8
-40
27
-21
-14
4
-19
-33
-39
-23
-105
-47
-10
-73
-71
-29
-45
-27
6
-29
-27
-8
-10
-14
-19
-47
-16
-5
-62
-4
-7
-38
-8
-34
8
-57
23
-14
-49
-40
2
-75
-90
7
-54
-63
-2
31
-56
-20
33
-42
-64
60
4
-33
38
26
38
-76
67
16
-44
83
-13
-44
4
-16
-52
-13
38
-60
-31
77
-64
44
29
3
32
27
67
9
68
69
-10
91
19
39
-22
54
21
-37
74
33
-21
82
33
6
53
38
-3
-6
67
25
-51
51
6
-20
58
-13
43
-13
23
12
-67
75
-39
-30
42
-41
1
18
3
-35
48
6
-43
42
35
-14
-15
76
-16
-21
29
19
-91
-11
-7
-107
-58
-10
-72
-38
17
7
-62
-59
4
-56
3
-23
-35
-34
6
-111
33
-24
-42
31
-50
59
-20
-2
17
7
6
8
5
43
28
-38
25
2
-69
-22
-4
9
23
-4
40
-16
-34
12
-30
-15
-34
37
-29
-75
57
-26
-112
44
37
-85
52
-19
26
-35
56
-17
-36
61
-45
40
0
76
-21
-53
69
-37
-21
27
-42
10
-31
-29
2
-23
-56
-1
65
-77
-5
34
-36
-88
70
28
-110
36
84
-54
-34
58
21
-28
-21
93
-44
-3
43
-1
-24
39
-28
-23
-16
43
-68
-49
102
-62
6
41
-57
22
-14
54
-16
54
75
-7
64
59
28
27
-1
79
2
26
59
-58
67
-27
2
85
47
10
56
26
26
56
46
45
39
40
70
-15
94
-12
17
35
50
60
24
40
-34
9
50
-21
13
74
48
-37
43
98
-31
12
76
72
-18
107
52
18
51
78
6
58
119
-5
93
98
53
103
72
140
34
140
133
-28
149
43
28
29
99
77
27
103
54
40
114
105
76
134
132
72
102
173
44
33
141
80
116
148
79
130
43
159
30
112
124
53
134
62
157
21
82
145
82
47
152
65
49
156
34
63
102
61
108
89
102
-12
92
114
-22
55
166
71
34
191
78
1
77
31
108
21
149
95
84
212
71
134
141
56
93
146
147
62
51
183
3
36
154
4
95
67
115
63
127
27
93
38
106
13
-18
196
-16
49
202
85
-8
148
70
18
66
188
-59
98
189
-94
99
127
4
-50
159
42
-129
212
118
-82
172
128
23
218
96
72
88
125
61
-9
223
-17
33
130
91
71
34
125
89
8
112
108
38
54
52
61
6
82
22
62
78
-22
60
8
84
-30
66
81
-22
90
71
-56
-24
91
-19
-1
74
20
-103
52
67
-9
58
6
-29
-24
134
64
-55
71
46
-18
4
132
-33
-60
65
43
12
60
123
-10
-90
57
-30
-46
21
8
-64
24
89
-79
-29
155
-70
-69
96
72
-114
-53
151
-74
-40
57
88
-98
64
104
-17
-43
77
47
-97
34
57
-61
-121
70
-26
-157
12
11
-95
-114
65
-115
-111
97
-65
-83
69
24
-84
6
-23
-43
-74
113
-44
-64
79
-12
-147
3
50
-135
-20
28
-89
-80
9
-57
-118
-92
-8
-101
-69
136
-73
-72
12
64
-223
-109
44
-136
-79
-30
28
-271
-46
29
-307
-12
56
-182
-204
126
-150
-273
22
-83
-258
-78
-6
-157
-36
-108
-108
-127
-29
-109
-163
23
-93
-202
-17
-56
-248
-161
14
-142
-168
-58
-149
-182
-120
-82
-173
-98
-114
-112
-96
-124
-151
-78
70
-248
-61
-53
-223
-284
-178
-198
-363
-137
-251
-257
-251
-219
-298
-273
-45
-106
-224
19
35
-106
-6
128
-80
-49
44
-19
-17
13
-65
-176
-35
-115
-131
-73
-79
-221
-240
-59
-203
-195
-141
-191
-224
-182
-117
-177
-93
-167
-112
-133
-148
-100
-88
-111
-150
-88
-77
-148
-136
-167
-218
-193
-224
-149
-128
-222
-261
-211
-146
-240
-227
-112
-143
-150
-132
-107
-95
-165
-181
-143
-95
-220
-207
-70
-181
-220
-191
-189
-201
-186
-157
-165
-171
-215
-210
-128
-156
-214
-171
-127
-128
-176
-107
-117
-204
-177
-103
-117
-144
-143
-157
-119
-123
-134
-147
-195
-216
-222
-168
-123
-172
-203
-200
-140
-155
-159
-121
-136
-134
-67
-55
-79
-106
-84
-111
-103
-20
-75
-96
-65
-101
-127
-87
-122
-149
-102
-118
-118
-95
-75
-86
-123
-143
-127
-189
-230
-177
-174
-197
-195
-212
-192
-180
-239
-214
-213
-202
-214
-212
-231
-279
-289
-257
-257
-287
-271
-303
-346
-357
-335
-354
-375
-359
-363
-409
-423
-406
-459
-458
-434
-432
-392
-426
-408
-417
-415
-408
-410
-399
-372
-359
-375
-329
-339
-356
-350
-341
-295
-273
-224
-169
-166
-153
-129
-62
-31
1
91
143
165
174
226
261
277
351
409
467
518
561
611
660
712
726
703
743
751
707
693
600
475
379
316
253
164
65
-101
-229
-335
-409
-499
-583
-662
-723
-703
-705
-743
-776
-784
-772
-723
-645
-578
-523
-498
-489
-396
-357
-311
-258
-256
-216
-186
-141
-164
-254
-313
-352
-386
-424
-464
-527
-631
-694
-773
-862
-900
-992
-1048
-1059
-1037
-1035
-1034
-1002
-996
-952
-850
-746
-648
-493
-378
-256
-101
49
173
306
456
586
723
881
1041
1132
1266
1389
1521
1626
1735
1846
1876
1906
1869
1831
1648
1368
1134
937
851
656
405
176
-169
-467
-725
-864
-1038
-1240
-1266
-1272
-1233
-1278
-1331
-1284
-1276
-1149
-910
-600
-385
-277
-101
96
267
427
661
838
952
1066
1167
1232
1122
947
861
772
677
562
444
208
-105
-329
-500
-668
-868
-1060
-1204
-1363
-1432
-1528
-1632
-1703
-1830
-1767
-1602
-1452
-1328
-1238
-1099
-976
-825
-580
-389
-225
-83
66
187
261
261
260
288
301
373
382
380
293
177
160
175
202
234
312
387
478
585
727
918
1100
1281
1572
1897
2203
2375
2354
2005
1533
1415
1430
1545
1486
1113
784
274
-163
-457
-714
-1001
-1330
-1338
-1171
-1114
-1324
-1596
-1719
-1754
-1446
-975
-526
-324
-353
-176
82
328
578
808
1063
1273
1495
1671
1643
1380
1040
910
930
950
857
639
255
-195
-484
-689
-880
-1115
-1342
-1504
-1601
-1753
-1959
-2118
-2236
-2183
-1956
-1648
-1425
-1361
-1322
-1160
-912
-612
-317
-103
79
241
408
578
609
563
537
532
609
606
539
388
190
59
15
79
118
95
78
136
252
436
668
944
1181
1490
1876
2321
2698
2883
2748
2180
1792
1811
2004
2109
1781
1293
798
212
-176
-471
-795
-1204
-1565
-1519
-1281
-1337
-1738
-2032
-2083
-1907
-1450
-879
-445
-392
-426
-130
285
631
922
1164
1439
1679
1860
1925
1768
1426
1152
1087
1177
1114
816
379
-168
-585
-807
-956
-1173
-1459
-1783
-2081
-2211
-2337
-2451
-2493
-2430
-2139
-1844
-1556
-1405
-1375
-1216
-915
-509
-71
241
367
431
491
603
695
706
662
642
605
559
418
206
-13
-201
-277
-282
-225
-234
-287
-252
-139
110
473
809
1119
1444
1800
2262
2707
2968
2918
2373
1928
1982
2224
2339
1959
1375
845
253
-152
-365
-668
-1158
-1623
-1666
-1441
-1465
-1848
-2120
-2112
-1928
-1470
-903
-481
-436
-489
-158
379
861
1204
1396
1588
1754
1907
2003
1872
1618
1356
1294
1307
1165
805
254
-290
-710
-879
-972
-1226
-1566
-1910
-2141
-2342
-2553
-2604
-2533
-2390
-2102
-1834
-1604
-1495
-1440
-1191
-768
-325
1
256
407
432
484
596
708
728
694
665
635
505
243
-1
-184
-313
-401
-434
-496
-643
-798
-814
-684
-403
-44
361
669
918
1213
1568
2113
2662
3169
3505
3217
2525
2102
2190
2508
2421
1924
1419
829
152
-364
-729
-1116
-1635
-1991
-1810
-1573
-1813
-2295
-2571
-2450
-2048
-1509
-871
-465
-454
-424
-24
603
1117
1427
1692
1956
2128
2223
2207
2041
1765
1556
1573
1536
1270
737
42
-565
-936
-1104
-1241
-1467
-1822
-2202
-2470
-2663
-2830
-2883
-2704
-2404
-2057
-1756
-1619
-1560
-1403
-1014
-524
-35
319
480
560
635
710
789
844
820
734
668
578
374
96
-172
-338
-466
-528
-585
-757
-978
-1155
-1163
-955
-633
-280
60
326
567
884
1316
1834
2374
2918
3542
3772
3260
2505
2173
2482
2862
2689
2191
1551
708
-92
-572
-769
-1071
-1629
-1930
-1786
-1768
-2217
-2735
-2847
-2554
-2082
-1459
-868
-670
-845
-787
-219
560
1191
1526
1767
1914
2011
2142
2170
2074
1935
1794
1793
1661
1278
666
-57
-592
-787
-847
-1035
-1438
-1939
-2310
-2593
-2743
-2765
-2767
-2690
-2501
-2227
-1960
-1834
-1773
-1550
-1109
-575
-126
140
288
339
408
607
812
889
802
655
586
507
356
165
-33
-234
-369
-435
-551
-723
-947
-1076
-1066
-896
-675
-435
-134
149
398
673
1052
1516
2024
2583
3110
3625
3748
3143
2451
2296
2751
3158
2850
2183
1417
533
-161
-501
-530
-761
-1421
-1941
-1982
-2048
-2435
-2827
-2791
-2417
-2005
-1600
-1221
-1102
-1211
-1046
-362
540
1212
1426
1500
1595
1755
1990
2165
2265
2209
2027
1857
1632
1259
782
242
-122
-254
-379
-730
-1289
-1792
-2170
-2401
-2471
-2458
-2477
-2618
-2732
-2588
-2284
-2035
-1905
-1698
-1351
-973
-603
-291
-39
76
174
380
653
829
788
694
627
593
531
424
286
125
-26
-130
-133
-212
-413
-651
-772
-673
-504
-356
-203
-39
120
327
644
1050
1441
1809
2242
2678
3129
3462
3059
2401
2143
2480
3014
2959
2340
1564
744
127
-91
-40
-112
-736
-1516
-1771
-1722
-1882
-2180
-2313
-2123
-1890
-1678
-1425
-1249
-1272
-1204
-693
100
757
925
887
951
1175
1526
1847
2034
2002
1757
1508
1390
1306
1127
768
427
240
57
-272
-688
-1096
-1383
-1603
-1802
-1874
-1978
-2180
-2376
-2404
-2246
-2060
-1950
-1846
-1684
-1488
-1214
-921
-582
-351
-264
-165
57
298
438
502
523
582
578
587
628
623
576
484
442
448
308
127
14
13
27
28
61
140
223
316
520
795
1093
1346
1599
1970
2374
2862
2805
2174
1795
1954
2650
2924
2487
1805
1135
603
396
593
703
297
-633
-1173
-1063
-1014
-1205
-1496
-1503
-1458
-1518
-1382
-1140
-1091
-1210
-1076
-545
17
226
151
221
432
760
1109
1387
1454
1255
1057
1064
1265
1396
1275
978
713
575
424
228
54
-147
-385
-684
-979
-1186
-1378
-1601
-1699
-1680
-1688
-1844
-2035
-2051
-1881
-1667
-1461
-1290
-1201
-1207
-1130
-844
-461
-168
-18
93
216
353
505
711
929
1009
982
965
964
916
822
751
755
692
527
338
229
232
299
397
520
600
633
775
1081
1465
1864
2252
2482
2196
1778
1762
2228
2790
2788
2362
1865
1377
1063
1046
1242
1154
565
-159
-458
-470
-559
-747
-952
-1089
-1327
-1522
-1460
-1319
-1371
-1426
-1272
-976
-718
-619
-550
-407
-117
257
599
832
885
825
833
1018
1305
1487
1433
1170
985
917
897
876
732
536
221
-116
-404
-639
-835
-998
-1151
-1338
-1572
-1836
-2006
-2023
-1886
-1757
-1676
-1653
-1698
-1628
-1384
-988
-611
-377
-269
-193
-3
278
604
859
1005
1016
993
1023
1071
1077
1018
967
843
703
584
477
417
389
380
419
466
529
642
859
1153
1449
1773
2086
2411
2378
2094
1945
2198
2769
2987
2708
2146
1598
1308
1268
1434
1491
1046
177
-475
-624
-517
-520
-760
-1092
-1466
-1742
-1784
-1525
-1343
-1383
-1461
-1389
-1138
-882
-678
-457
-202
57
291
512
653
722
732
854
1089
1292
1292
1109
961
900
921
920
861
707
406
42
-184
-241
-280
-450
-744
-1032
-1286
-1459
-1473
-1376
-1324
-1426
-1562
-1625
-1547
-1367
-1137
-911
-756
-701
-679
-505
-238
20
259
414
471
479
447
539
700
780
778
709
597
503
457
465
496
527
511
482
519
599
730
884
1078
1253
1464
1711
2026
2304
2531
2435
2210
2120
2274
2647
2722
2462
2017
1561
1255
1202
1303
1233
733
57
-386
-490
-440
-501
-667
-974
-1342
-1525
-1418
-1141
-1006
-1050
-1150
-1086
-949
-737
-518
-336
-219
-189
-71
87
241
304
307
317
400
458
509
551
561
606
598
610
601
541
449
321
272
238
179
90
-64
-250
-428
-559
-596
-581
-643
-777
-938
-1021
-1034
-1013
-908
-794
-799
-871
-853
-736
-576
-405
-242
-139
-94
-36
65
242
393
521
571
609
642
650
725
776
774
735
749
774
803
828
875
922
938
962
1014
1090
1199
1257
1328
1444
1569
1668
1641
1546
1477
1551
1621
1626
1553
1415
1185
998
923
909
824
601
343
135
19
-43
-61
-102
-245
-475
-624
-603
-524
-491
-528
-607
-715
-818
-785
-623
-517
-482
-564
-584
-562
-463
-299
-169
-115
-137
-159
-89
74
216
307
313
299
294
305
339
352
326
261
192
195
159
74
-27
-114
-198
-255
-273
-298
-345
-401
-445
-460
-433
-412
-417
-396
-329
-261
-233
-204
-172
-135
-54
37
134
191
222
214
242
303
376
435
470
483
479
475
516
564
600
628
637
661
654
645
681
718
767
790
787
819
850
873
898
938
952
927
908
916
964
956
919
863
798
735
688
664
625
554
431
317
228
174
95
27
-33
-98
-181
-240
-260
-283
-331
-374
-371
-330
-302
-305
-282
-277
-292
-250
-210
-180
-124
-129
-165
-210
-233
-217
-172
-134
-111
-105
-99
-119
-135
-115
-62
-34
-18
7
-6
-25
-20
-15
-10
-22
-45
-54
-43
-44
-98
-140
-142
-155
-150
-159
-178
-171
-191
-197
-151
-96
-81
-63
-29
28
81
145
217
286
329
346
358
395
427
442
471
467
448
423
415
407
421
384
352
333
294
313
312
301
303
291
269
306
348
400
410
393
399
424
456
469
478
447
443
426
381
375
347
319
302
240
203
156
114
78
37
28
18
-20
-31
-36
-53
-58
-74
-62
-67
-52
-76
-76
-61
-56
-30
-53
-64
-101
-104
-83
-60
-47
-73
-124
-149
-152
-167
-155
-173
-176
-191
-214
-209
-198
-208
-234
-256
-255
-232
-226
-224
-243
-239
-193
-125
-85
-68
-60
-38
-20
16
69
103
99
101
124
128
148
137
128
126
139
136
114
104
102
89
90
83
69
61
60
64
92
129
114
101
106
121
133
158
168
187
196
192
180
199
185
174
176
180
178
165
157
140
130
129
143
137
101
78
84
57
72
38
61
38
32
55
82
115
106
111
146
188
198
212
205
191
179
199
204
200
155
115
86
63
46
6
-19
-43
-87
-123
-163
-181
-198
-216
-220
-228
-236
-237
-232
-220
-198
-179
-146
-103
-97
-71
-53
-35
-14
-4
2
26
31
27
46
23
23
-12
-18
-2
-4
-5
-24
-47
-64
-68
-103
-77
-88
-108
-95
-107
-90
-87
-58
-44
-38
-41
-22
16
26
50
64
74
82
103
103
102
90
85
92
115
87
66
33
10
-4
-16
-10
-33
-68
-94
-110
-97
-99
-107
-71
-53
-37
-8
39
67
97
119
156
193
204
214
215
239
259
280
280
253
240
234
221
215
213
164
129
79
87
86
41
5
-30
-52
-72
-78
-76
-69
-76
-112
-127
-120
-108
-91
-90
-100
-94
-104
-120
-107
-87
-73
-78
-77
-62
-50
-77
-80
-43
-40
-55
-63
-28
-38
-24
-34
-54
-27
-44
-58
-69
-70
-52
-31
-32
-37
-42
-66
-69
-53
-35
-4
8
20
0
1
8
-5
27
46
27
23
-7
-21
-37
-52
-51
-65
-89
-132
-134
-132
-137
-156
-144
-112
-84
-68
-46
-4
10
11
31
101
147
150
148
163
167
180
182
201
220
171
149
154
150
119
106
84
48
54
27
38
33
27
14
12
19
14
11
16
37
42
53
47
32
27
7
3
2
10
-2
-13
-26
-63
-63
-78
-72
-64
-44
-56
-65
-77
-91
-59
-44
-45
-29
-13
1
-3
-15
-26
-44
-23
-12
-9
-6
-9
-16
-11
0
15
21
12
3
-20
-27
-39
-27
-48
-51
-63
-95
-139
-188
-179
-169
-148
-145
-156
-189
-202
-192
-160
-95
-76
-64
-46
-31
30
50
72
100
106
123
133
159
169
172
155
156
121
93
59
26
8
4
-10
-19
-55
-71
-82
-87
-42
-19
15
22
19
37
70
114
131
146
144
159
158
145
154
155
125
82
63
40
26
-1
-15
-45
-61
-106
-148
-158
-132
-111
-106
-128
-140
-148
-153
-97
-90
-81
-84
-87
-99
-86
-76
-80
-52
-67
-79
-91
-85
-69
-68
-56
-74
-61
-82
-104
-100
-95
-116
-126
-146
-177
-185
-206
-202
-188
-185
-202
-210
-206
-193
-180
-155
-114
-85
-58
-40
-11
0
16
43
64
106
108
90
86
60
52
50
41
25
-11
-39
-87
-125
-143
-143
-133
-132
-159
-149
-148
-146
-112
-94
-92
-67
-56
-39
7
18
25
47
28
-16
-10
2
5
29
25
-4
-27
-55
-52
-30
-1
-11
-14
-29
-44
-35
-29
-4
8
-10
-20
-32
-24
-46
-49
-59
-60
-76
-103
-114
-136
-154
-164
-157
-174
-186
-214
-233
-237
-234
-241
-238
-248
-248
-249
-236
-218
-191
-186
-207
-198
-191
-181
-164
-127
-119
-118
-124
-103
-92
-92
-95
-62
-39
-50
-55
-73
-63
-61
-48
-34
-18
-29
-57
-70
-86
-82
-78
-70
-57
-71
-101
-117
-103
-95
-86
-91
-98
-85
-87
-76
-94
-100
-82
-78
-74
-61
-50
-79
-87
-82
-69
-55
-84
-86
-82
-53
-32
-46
-54
-46
-18
-13
27
58
58
46
33
65
79
91
63
53
47
25
20
4
-11
-56
-88
-114
-130
-143
-164
-196
-215
-213
-220
-256
-265
-277
-290
-278
-292
-285
-273
-274
-294
-280
-267
-257
-234
-251
-250
-247
-236
-219
-186
-173
-163
-181
-176
-121
-109
-86
-43
-40
-35
-42
-28
17
53
69
79
69
44
45
65
98
109
105
74
70
61
30
34
32
14
4
-8
-24
-55
-72
-88
-93
-86
-88
-98
-126
-136
-144
-142
-153
-147
-144
-156
-171
-159
-133
-132
-136
-130
-114
-97
-67
-66
-56
-15
9
24
31
48
57
73
61
77
99
81
78
37
-2
-20
-3
-24
-52
-82
-105
-119
-148
-162
-169
-164
-204
-218
-219
-219
-209
-190
-189
-203
-202
-202
-191
-197
-188
-181
-174
-174
-188
-204
-216
-221
-208
-201
-202
-190
-195
-209
-198
-172
-141
-104
-97
-82
-88
-56
1
30
51
52
85
104
98
109
118
126
111
97
105
122
97
82
46
24
25
-4
-10
-9
-28
-59
-79
-93
-117
-119
-137
-155
-138
-144
-156
-172
-162
-167
-172
-159
-164
-136
-155
-168
-150
-118
-84
-59
-55
-63
-49
-29
-33
-24
-20
-31
-38
-67
-74
-90
-93
-127
-139
-163
-199
-208
-222
-217
-202
-199
-205
-223
-243
-243
-209
-199
-175
-171
-181
-159
-168
-155
-124
-116
-125
-122
-141
-136
-135
-155
-135
-142
-136
-151
-168
-188
-196
-200
-180
-130
-132
-117
-116
-101
-84
-72
-26
-6
36
56
67
96
107
158
177
186
190
198
204
200
171
142
111
95
80
47
21
-23
-69
-126
-143
-143
-164
-173
-194
-218
-217
-210
-201
-181
-180
-159
-139
-121
-80
-58
-64
-38
5
-1
11
15
8
13
24
37
27
34
-14
-17
-35
-62
-99
-132
-155
-175
-197
-221
-243
-268
-259
-291
-264
-251
-229
-230
-229
-223
-198
-166
-142
-114
-104
-71
-56
-45
-29
-5
-27
-29
-31
-47
-24
-34
-49
-70
-97
-99
-110
-122
-111
-129
-128
-124
-138
-116
-70
-76
-52
-27
-16
9
29
56
93
134
167
181
187
192
185
201
208
216
213
183
144
95
51
29
-4
-38
-75
-124
-163
-208
-234
-253
-244
-250
-258
-257
-270
-262
-244
-210
-203
-188
-177
-139
-127
-104
-69
-52
-23
-4
13
15
39
39
27
18
8
-11
-30
-53
-76
-82
-106
-129
-185
-209
-214
-212
-188
-196
-223
-228
-239
-248
-214
-185
-165
-141
-130
-120
-92
-74
-34
-4
16
39
46
51
52
71
75
68
59
67
80
48
11
0
-14
-25
-40
-41
-57
-51
-34
-35
-19
-43
-3
4
32
66
91
105
128
143
182
193
195
205
199
183
143
129
93
82
56
-2
-18
-26
-80
-134
-142
-166
-191
-192
-189
-212
-230
-232
-236
-229
-231
-222
-212
-200
-184
-160
-140
-125
-111
-100
-82
-54
-16
-10
-7
-1
24
21
22
29
-10
-31
-34
-39
-45
-68
-90
-100
-128
-116
-128
-143
-143
-146
-159
-154
-136
-109
-102
-90
-90
-69
-36
-14
17
23
56
63
70
111
131
114
98
98
80
84
87
62
46
38
1
-18
-34
-40
-64
-72
-77
-77
-77
-54
-39
-16
16
25
54
76
84
68
17
-46
-71
-50
-6
42
50
46
43
-4
-30
-83
-102
-128
-139
-142
-140
-155
-192
-217
-235
-236
-223
-203
-194
-195
-208
-209
-214
-190
-175
-154
-148
-134
-149
-140
-148
-127
-72
-54
-34
-35
-42
-55
-66
-72
-105
-138
-156
-178
-176
-173
-159
-153
-155
-132
-131
-121
-89
-83
-57
-58
-27
6
11
11
-4
1
-14
5
34
50
79
99
117
104
96
89
92
92
69
44
30
-3
-33
-36
-43
-34
-9
25
42
35
17
14
-9
-5
28
69
92
84
102
114
80
89
102
101
107
103
104
82
66
49
34
-11
-3
-26
-55
-90
-117
-145
-161
-187
-188
-209
-268
-253
-250
-229
-221
-203
-188
-189
-184
-165
-165
-155
-92
-46
-36
-7
47
69
44
52
92
69
123
130
109
130
150
162
116
137
148
84
71
80
8
-41
-34
-53
-72
-39
-17
-53
-92
-61
-90
-122
-72
-33
3
18
63
114
118
149
124
146
183
214
247
222
244
188
203
223
166
164
118
137
98
39
25
21
-45
-27
-21
-48
-4
-12
-36
-30
-30
-15
-24
3
3
36
78
72
72
119
111
86
65
70
49
16
74
45
53
8
-9
-51
-60
-113
-93
-85
-107
-110
-128
-119
-173
-187
-135
-111
-134
-74
-64
-80
-61
-39
-19
-13
71
105
126
168
179
156
192
197
135
148
233
202
138
163
153
89
68
82
33
17
28
19
-37
-13
19
-55
-42
6
-6
34
35
107
105
95
144
150
183
180
216
238
258
279
230
183
208
170
156
171
146
126
104
65
-12
7
-55
-59
-105
-79
-49
-62
-66
-66
-69
-76
-23
-36
72
15
-6
34
-10
-49
-18
-7
27
28
2
22
16
-31
-44
-43
-94
-48
0
-113
-46
-66
-107
-71
-74
-19
-36
-109
-40
-65
-44
-19
12
44
-14
-10
41
2
40
56
18
42
75
56
34
63
57
49
28
46
10
34
30
36
-30
5
2
-44
18
-19
-51
-34
-23
-18
-12
25
46
45
29
53
59
125
109
131
190
153
178
191
205
141
189
156
63
120
75
69
15
-55
-27
-74
-104
-82
-91
-108
-120
-55
-121
-147
-86
-106
-117
-109
-105
-112
-118
-83
-80
-154
-91
-105
-111
-120
-61
-94
-88
-75
-84
-80
-95
-90
-60
-41
-82
-40
-24
-52
-35
12
-53
-27
-9
35
14
16
52
14
18
64
45
29
58
63
-40
37
49
47
25
40
13
-30
12
-19
-52
-49
29
7
-14
2
-33
-54
-101
-40
-32
4
33
45
-25
46
65
15
42
76
107
86
159
127
100
105
143
48
94
112
37
72
68
36
-13
-2
8
-50
-58
-63
-52
-101
-61
-73
-57
-67
-114
-65
-47
-77
-74
11
-17
-32
-38
-46
-46
-30
-73
-96
-65
-61
-92
-52
-70
-106
-118
-111
-77
-132
-33
-81
-113
-84
-56
-45
-66
-17
-58
-59
2
4
-32
28
-47
-36
4
-10
3
22
18
-16
15
39
15
-29
43
-35
-13
59
-32
35
27
41
21
1
91
28
-3
17
18
-18
13
55
1
11
-14
-9
-28
-6
-14
0
26
-24
-3
-2
1
-37
12
50
14
-19
24
42
-40
-47
-12
2
-27
-34
33
-58
-81
-18
-88
-100
-108
-37
-148
-97
1
-122
-105
-69
-61
-132
-69
-11
-61
-145
-13
-51
-170
-99
-87
-140
-154
-95
-81
-161
-135
-107
-137
-140
-133
-115
-105
-113
-98
-64
-88
-99
-85
-53
-53
-52
-62
-1
-42
-93
-27
0
-104
-19
21
-67
-13
-40
-57
-70
-57
-64
-45
-27
-48
-40
-34
-31
-53
-54
0
-12
-69
-3
-22
-22
-21
-26
52
-10
-50
14
-31
-53
-40
-46
-25
-63
-65
-21
-98
-67
-59
-69
-66
-102
-39
-112
-135
-134
-131
-180
-159
-145
-131
-183
-153
-114
-211
-153
-170
-143
-174
-145
-94
-154
-169
-131
-164
-152
-133
-185
-157
-163
-174
-179
-173
-179
-171
-150
-112
-131
-190
-73
-119
-200
-76
-125
-178
-83
-75
-116
-126
-103
-76
-106
-70
-87
-110
-68
-106
-109
-85
-107
-101
-63
-118
-69
-112
-124
-125
-146
-106
-88
-112
-114
-96
-98
-96
-84
-79
-65
-93
-58
-64
-84
-54
-69
-75
-91
-97
-128
-112
-69
-101
-116
-84
-132
-141
-96
-135
-118
-127
-67
-120
-144
-90
-145
-186
-109
-102
-132
-124
-127
-109
-228
-145
-118
-197
-182
-152
-132
-215
-162
-170
-200
-240
-182
-186
-206
-229
-152
-159
-288
-132
-192
-231
-170
-191
-193
-151
-164
-161
-117
-151
-117
-144
-109
-78
-123
-99
-132
-113
-132
-91
-121
-119
-120
-107
-122
-99
-100
-146
-83
-133
-157
-83
-118
-139
-73
-88
-138
-72
-75
-119
-139
-74
-47
-90
-37
-59
-37
-102
-26
-53
-102
-6
-52
-94
-78
-61
-108
-145
-138
-68
-214
-133
-102
-181
-151
-166
-102
-179
-194
-117
-130
-162
-80
-116
-73
-115
-140
-94
-112
-137
-133
-139
-112
-124
-106
-121
-168
-148
-106
-204
-167
-136
-212
-193
-208
-139
-230
-175
-119
-209
-205
-134
-122
-231
-165
-96
-196
-175
-97
-167
-170
-127
-140
-137
-128
-55
-120
-70
-43
-59
-103
-56
-12
-74
-60
24
-46
-104
-5
-101
-124
-44
-83
-42
-146
-54
-53
-174
-66
-69
-108
-77
-72
-31
-58
-13
-10
-42
-11
20
-7
-12
35
3
-38
-13
-62
-77
-55
-116
-117
-143
-115
-134
-174
-118
-129
-154
-123
-143
-150
-140
-144
-103
-100
-98
-73
-116
-66
-103
-92
-58
-102
-63
-71
-104
-101
-66
-122
-137
-107
-124
-152
-143
-122
-165
-175
-156
-176
-175
-177
-179
-156
-161
-170
-145
-117
-106
-107
-130
-68
-120
-120
-61
-58
-90
-53
-48
-56
-57
-58
-66
-73
-66
-59
-35
-62
-27
-38
-66
-29
-53
-102
-32
-26
-35
-117
23
-26
-120
-16
-25
-88
-23
-4
-42
-24
-43
55
-54
-36
1
-89
-26
-31
-56
-52
-103
-92
-70
-116
-124
-105
-126
-155
-179
-116
-199
-197
-142
-145
-200
-157
-105
-149
-159
-90
-49
-134
-46
-36
-86
-49
-57
-46
-23
-87
-19
-87
-70
-66
-132
-98
-99
-172
-128
-162
-233
-137
-212
-179
-195
-209
-168
-213
-207
-165
-189
-172
-156
-107
-71
-127
-112
-56
-62
-107
-31
6
-84
-22
-33
-42
-51
-41
-3
-36
-28
-32
-59
-84
-30
-99
-106
-38
-61
-67
-59
-54
-57
-115
-104
-7
-117
-71
-26
-68
-24
-151
-25
-31
-143
-58
-18
-115
-127
-104
-79
-109
-156
-76
-111
-152
-140
-129
-158
-137
-184
-187
-175
-155
-183
-151
-98
-199
-181
-153
-166
-214
-147
-112
-152
-114
-97
-46
-131
-55
-91
-109
-38
-108
-91
-35
-80
-134
-72
-121
-126
-153
-151
-143
-138
-160
-143
-137
-145
-176
-208
-98
-184
-162
-63
-93
-146
-73
-80
-90
-118
-24
8
-104
0
38
-47
-21
-12
-9
-86
-61
5
-56
-113
-23
-63
-75
-12
-55
-58
-58
-61
-71
-38
-36
-37
-99
-60
-20
-132
-112
-53
-48
-106
-71
-35
-62
-136
-112
-27
-192
-128
-108
-140
-116
-194
-82
-104
-165
-112
-136
-119
-134
-86
-121
-95
-49
-106
-53
-84
-57
-37
-91
-56
-53
-86
-7
-70
-67
-28
-89
-52
-102
-95
-49
-70
-98
-91
-80
-124
-86
-87
-125
-49
-123
-97
-69
-118
-48
-110
-83
-100
-102
-66
-113
-75
-94
-59
-114
-120
-81
-101
-119
-106
-108
-92
-95
-118
-87
-120
-91
-130
-86
-58
-73
-34
-72
-32
-30
-48
-37
-24
-27
-20
-19
31
4
-15
14
-12
-10
-33
-35
8
-52
-55
-12
-68
-42
-69
-81
-80
-107
-69
-119
-96
-86
-92
-111
-86
-114
-90
-103
-129
-68
-135
-113
-117
-122
-101
-88
-76
-118
-91
-90
-95
-135
-112
-107
-126
-113
-122
-95
-178
-130
-113
-188
-130
-152
-96
-143
-154
-62
-132
-133
-55
-100
-117
-64
-45
-63
-46
-12
-35
-42
1
-22
-38
-11
1
-32
-61
-35
-32
-92
-102
-27
-108
-101
-62
-96
-90
-81
-70
-53
-112
-38
-12
-87
-26
-56
-31
-53
-47
-6
-66
8
8
-76
-35
-46
-56
-131
-87
-75
-120
-115
-123
-102
-115
-124
-167
-103
-165
-177
-173
-131
-139
-188
-112
-167
-156
-153
-168
-135
-159
-139
-113
-128
-127
-102
-141
-99
-74
-122
-80
-96
-84
-98
-107
-103
-104
-107
-109
-107
-135
-146
-111
-110
-129
-103
-76
-93
-141
-62
-90
-117
-42
-77
-79
-94
-20
-30
-83
-1
-25
-51
-34
-1
-66
-35
-47
-80
-93
-112
-63
-145
-123
-81
-131
-147
-93
-151
-123
-116
-164
-129
-105
-119
-118
-84
-57
-87
-80
-34
-38
-59
-2
-14
-44
-1
1
1
-59
-23
-10
-69
-42
-60
-64
-48
-109
-111
-107
-91
-117
-117
-124
-118
-115
-136
-135
-92
-150
-121
-115
-134
-73
-115
-106
-88
-113
-100
-96
-97
-111
-78
-77
-118
-125
-95
-112
-117
-93
-88
-100
-116
-47
-101
-104
-75
-95
-109
-126
-92
-88
-131
-66
-53
-56
-76
-78
-32
-52
-57
-16
6
-12
-6
25
6
6
34
-28
-17
-5
-45
-34
-47
-7
-48
-70
-47
-109
-93
-113
-132
-109
-130
-135
-113
-127
-126
-108
-99
-101
-98
-56
-42
-36
-20
-14
-3
4
-8
1
45
26
13
76
29
14
27
5
3
-34
10
6
-54
-10
-31
-79
-61
-109
-82
-93
-110
-44
-93
-58
-66
-86
-69
-68
-58
-62
-49
-55
-36
-49
-39
-76
-72
-51
-15
-27
-33
-12
-6
-51
-35
-26
-10
-46
-44
-11
-20
-55
-48
-22
-39
-47
-24
-12
-59
-28
-19
-31
-41
-23
-12
-20
13
24
-16
-20
34
8
-12
34
-28
-32
-30
-9
-44
-59
-49
-43
-106
-49
-47
-135
-78
-98
-97
-115
-110
-79
-82
-89
-75
-46
-72
-79
-36
-17
-23
-11
27
-6
-26
14
-19
-55
-6
-19
-20
-2
6
-21
-64
-26
-54
-49
-65
-40
-69
-81
-79
-81
-88
-98
-60
-69
-72
-118
-52
-91
-81
-78
-51
-70
-101
-35
-62
-100
-52
-60
-79
-79
-57
-37
-77
-59
-15
-33
-69
-42
-41
-75
-72
-32
-59
-66
-30
-34
-33
-37
-40
-13
-33
-37
19
-6
11
25
4
4
5
8
-3
-1
-15
11
-11
-20
-5
-50
-46
-66
-81
-96
-110
-97
-83
-89
-110
-92
-117
-94
-79
-71
-65
-62
-66
-40
-18
-15
-3
-1
4
2
17
13
0
14
30
20
29
43
37
-8
0
8
1
-19
-9
-33
-38
-44
-49
-23
-68
-63
-51
-74
-98
-46
-56
-78
-76
-51
-33
-52
-30
-27
-13
-32
-27
14
-19
-17
15
18
26
-23
6
7
-36
-14
-21
-23
-51
-43
-39
-39
-41
-40
-25
-26
-35
-18
-45
-17
9
-13
9
13
14
15
47
75
42
42
56
53
33
43
43
12
10
6
2
-36
-22
-46
-70
-27
-73
-107
-81
-105
-127
-99
-83
-89
-76
-45
-41
-40
-13
18
8
-1
52
56
46
59
78
59
40
53
54
55
44
42
14
8
11
-20
-43
-43
-46
-65
-53
-33
-31
-46
-43
-38
-41
-16
-31
6
-2
-7
10
-2
26
10
8
14
-9
16
37
-3
-14
4
0
-23
-5
-12
1
-10
-32
-29
-17
-22
-9
-8
-25
-11
-16
-10
5
0
-12
16
27
21
30
55
57
66
56
56
59
52
73
68
61
51
53
41
62
56
30
14
5
-10
-36
-11
-23
-41
-33
-35
-40
-47
-36
-31
-37
-28
-22
-31
-12
-2
-14
-5
-6
-14
15
25
18
21
11
21
24
13
18
13
0
-15
-29
-39
-47
-64
-77
-73
-67
-86
-87
-75
-68
-71
-57
-37
-41
-49
-51
-31
-40
-12
0
16
15
9
6
4
6
5
16
8
8
9
-4
-4
-9
-14
-25
-35
-25
-36
-42
-43
-62
-67
-50
-60
-46
-40
-30
-22
-34
-24
-22
-17
-16
23
31
13
34
18
11
34
27
42
61
44
42
11
14
33
30
30
19
23
3
-5
-11
-8
-13
-1
-8
-15
-6
8
27
30
3
10
28
18
13
18
26
28
22
21
28
17
24
29
19
22
14
12
2
-6
-19
-17
-20
-18
-22
-30
-18
-20
-19
-27
-23
-36
-24
-14
2
9
6
8
31
33
46
74
72
70
78
86
74
74
74
86
63
61
52
32
20
18
12
10
21
9
-1
-10
-8
-6
0
2
11
23
26
38
61
58
58
78
73
82
82
86
80
94
93
76
92
73
84
82
81
75
61
43
48
52
25
41
44
46
39
25
26
18
32
40
51
46
38
39
51
61
47
48
74
64
63
77
69
70
44
41
35
24
34
31
25
14
1
-22
-20
-29
-44
-22
-29
-18
-32
-23
-12
-15
11
10
14
9
11
9
26
11
13
15
23
28
28
43
36
36
22
24
20
17
27
13
4
14
22
32
33
13
16
30
20
34
50
72
66
59
67
73
65
60
71
82
83
81
71
65
61
75
62
59
64
53
53
45
43
30
42
32
12
23
37
35
25
30
35
28
39
48
41
54
39
50
48
52
46
46
44
51
64
42
50
30
18
9
21
17
12
10
19
6
10
20
22
20
5
12
14
27
9
24
22
-9
-6
9
7
18
19
16
32
15
0
7
11
12
-4
13
12
1
23
2
0
6
13
12
25
20
29
52
45
37
21
33
34
37
41
45
53
49
51
57
53
51
53
58
47
40
49
41
35
20
33
43
33
26
45
43
22
35
33
37
26
18
37
33
47
20
43
33
19
15
5
7
4
8
9
33
20
1
3
12
14
17
22
20
24
18
12
4
-9
14
5
-4
-2
3
-10
7
15
-8
17
6
11
24
16
11
17
3
10
20
18
28
10
18
27
11
24
21
15
27
56
32
40
61
32
64
65
56
58
66
73
82
75
71
91
81
86
73
84
97
82
84
83
77
70
73
84
90
73
76
72
85
78
86
88
91
93
72
95
98
88
88
74
85
89
73
62
62
50
56
52
40
36
22
24
14
16
11
-1
2
-4
-14
-10
-13
-5
-13
-6
-17
-22
-8
4
-11
-4
3
0
13
20
6
9
14
12
25
5
30
16
11
12
9
21
17
20
25
17
8
31
26
17
25
48
41
35
35
46
56
36
53
54
57
63
56
52
44
61
71
53
44
64
47
46
51
46
43
23
27
26
34
29
26
30
7
15
18
17
10
14
6
1
13
20
14
7
30
23
6
5
-6
-4
-8
6
7
-2
-2
-23
-7
-22
-16
-9
-36
-28
-26
-32
-32
-45
-52
-48
-71
-61
-67
-67
-62
-59
-66
-59
-55
-53
-51
-46
-49
-34
-40
-39
-38
-46
-31
-37
-48
-49
-33
-30
-37
-34
-16
-38
-43
-39
-53
-34
-29
-25
-22
-21
-8
-18
-5
-2
-14
-9
-4
9
-1
-2
14
4
1
3
-6
-4
-9
3
4
-9
5
15
16
3
1
0
-6
-20
-23
-21
-21
-28
-17
-18
-32
-28
-26
-22
-24
-41
-42
-37
-51
-38
-46
-27
-37
-50
-45
-57
-48
-65
-52
-51
-63
-61
-55
-47
-58
-54
-77
-74
-78
-74
-73
-76
-84
-64
-75
-82
-66
-70
-64
-68
-54
-64
-43
-56
-61
-75
-65
-51
-55
-76
-76
-39
-44
-42
-17
-31
-32
-27
-29
-10
-23
-14
-17
-7
-10
4
7
7
20
16
10
0
9
18
20
13
8
16
28
22
32
16
19
14
24
16
18
3
5
21
-8
-24
-6
-22
-31
-24
-34
-23
-8
-17
-24
-26
-22
-13
-26
-23
-22
-23
-17
-23
-38
-26
-21
-34
-42
-34
-43
-48
-37
-46
-39
-34
-37
-41
-45
-43
-55
-53
-60
-53
-64
-53
-39
-42
-43
-47
-27
-36
-17
-15
-22
-32
-35
-26
-22
-39
-42
-40
-42
-41
-39
-47
-39
-27
-27
-33
-23
-38
-37
-38
-41
-33
-24
-24
-30
-23
-20
-17
-7
1
14
6
1
3
5
19
13
29
26
28
30
39
30
38
32
15
25
12
13
6
-7
-6
-5
-19
-22
-28
-34
-34
-43
-58
-62
-57
-55
-62
-58
-67
-75
-78
-86
-74
-71
-65
-77
-95
-92
-99
-86
-86
-96
-98
-101
-94
-96
-99
-117
-100
-78
-91
-82
-98
-69
-88
-85
-66
-100
-80
-86
-87
-94
-96
-97
-106
-90
-94
-85
-85
-83
-80
-88
-85
-91
-86
-64
-74
-79
-72
-66
-65
-66
-69
-57
-40
-56
-52
-58
-41
-41
-36
-35
-44
-45
-28
-41
-46
-42
-50
-47
-63
-40
-54
-60
-57
-89
-88
-84
-83
-75
-91
-90
-72
-80
-78
-69
-74
-78
-78
-72
-66
-71
-67
-66
-67
-55
-66
-85
-72
-78
-105
-99
-113
-118
-109
-125
-135
-129
-143
-151
-149
-152
-147
-138
-122
-118
-133
-128
-122
-105
-105
-101
-117
-110
-119
-132
-107
-111
-110
-113
-106
-99
-104
-105
-112
-99
-101
-101
-87
-104
-91
-106
-106
-101
-96
-90
-88
-90
-94
-76
-75
-88
-65
-66
-73
-64
-53
-34
-39
-41
-37
-38
-23
-17
-24
-35
-32
-46
-43
-44
-62
-59
-44
-54
-62
-52
-61
-47
-36
-58
-51
-56
-50
-48
-39
-42
-50
-48
-61
-48
-44
-63
-62
-47
-75
-71
-80
-80
-81
-89
-89
-81
-73
-64
-65
-69
-68
-82
-61
-65
-74
-79
-65
-81
-70
-78
-75
-63
-70
-59
-73
-58
-71
-84
-69
-52
-66
-50
-59
-57
-55
-48
-47
-47
-51
-48
-40
-38
-48
-48
-32
-32
-35
-39
-39
-39
-21
-46
-28
-19
-8
-18
-24
-12
-18
10
-13
-3
-13
-4
-16
-14
6
-4
6
-3
6
-5
-14
-12
8
-1
0
9
10
15
2
-1
12
10
-4
-2
-4
-7
9
5
-5
-6
8
-8
-7
-2
-13
-17
-22
-10
-53
-44
-42
-47
-53
-54
-50
-60
-45
-47
-44
-52
-50
-58
-47
-45
-51
-47
-65
-53
-60
-57
-68
-67
-58
-67
-53
-54
-57
-42
-51
-53
-58
-49
-42
-52
-48
-50
-37
-36
-31
-49
-37
-43
-31
-38
-39
-39
-36
-18
-33
-32
-35
-27
-32
-30
-33
-36
-31
-17
-23
-21
-18
-27
-18
-19
-11
-17
-24
-14
-26
-21
-28
-35
-22
-28
-31
-27
-20
-18
-39
-29
-25
-46
-68
-65
-34
-59
-54
-66
-68
-71
-68
-82
-77
-81
-79
-62
-77
-78
-78
-67
-73
-69
-76
-75
-72
-98
-83
-86
-87
-94
-106
-110
-103
-122
-119
-120
-120
-114
-123
-131
-139
-131
-149
-145
-149
-127
-114
-114
-108
-106
-111
-100
-106
-99
-103
-95
-102
-81
-71
-73
-62
-57
-36
-39
-38
-41
-48
-29
-35
-35
-34
-20
-36
-43
-40
-29
-31
-39
-32
-30
-15
-13
-14
-5
-11
-11
-4
4
-1
-10
-8
-6
1
8
-1
10
18
2
6
2
-2
-4
4
5
-7
-4
-17
-16
-11
-29
-20
-45
-31
-31
-35
-27
-38
-46
-42
-31
-42
-33
-44
-43
-39
-35
-25
-25
-12
-14
-22
-32
-32
-28
-43
-45
-55
-36
-36
-43
-52
-53
-39
-51
-54
-44
-45
-45
-37
-28
-47
-42
-15
-33
-31
-17
-5
-15
-2
10
4
3
13
7
8
8
13
16
13
18
29
21
23
34
51
44
15
38
29
37
41
34
48
26
37
32
25
25
23
27
27
36
19
24
20
14
26
11
-4
12
17
5
17
11
4
2
1
-2
2
-2
-10
-13
-8
-12
-3
-6
-8
-12
-21
-4
-7
-8
-2
-13
0
9
6
7
7
-5
-15
-18
-15
-5
-16
-4
-19
-22
-10
-35
-30
-28
-12
-11
-2
-12
-9
-2
-3
10
-1
-4
20
2
14
20
-5
7
-7
2
-2
-9
-5
2
1
6
26
18
30
20
29
48
57
57
48
70
55
60
48
49
61
53
63
41
41
41
48
34
37
48
58
45
48
52
36
30
39
37
35
29
22
25
20
16
-4
4
-5
-2
-9
-9
-17
-18
8
-18
-11
-9
-12
-5
-23
-25
-27
-23
-9
-17
-24
-11
-17
-20
-20
-31
-11
-18
-29
-41
-39
-24
-14
-34
-32
-23
-18
-12
-40
-6
-3
-12
-14
-16
-3
3
-11
-8
-14
-13
-25
-23
-4
-6
3
4
6
27
14
21
37
33
28
25
43
44
48
54
57
55
60
72
82
68
72
76
63
67
55
65
62
68
65
57
44
30
40
41
46
49
35
16
27
34
19
37
35
37
20
8
31
20
21
37
33
5
25
16
11
5
-15
10
-10
-13
-15
-24
-33
-35
-34
-31
-21
-32
-33
-40
-25
-30
-33
-15
-11
-13
-31
-22
-22
-12
-14
-30
-7
-22
-11
-4
0
0
10
0
-9
10
4
7
17
30
28
34
31
27
39
39
52
48
40
44
57
49
77
83
73
86
80
83
75
82
72
72
106
96
94
94
98
103
89
84
95
104
98
80
85
75
68
77
71
80
56
64
59
71
69
50
58
40
51
53
67
62
71
64
64
73
61
77
53
42
58
61
57
54
43
31
25
26
25
25
18
25
5
11
26
33
34
23
38
51
48
47
62
54
58
51
49
46
55
56
56
61
71
62
62
67
79
84
75
67
51
72
77
76
66
72
89
71
79
78
84
93
87
121
104
100
101
105
92
106
102
104
113
112
116
108
98
96
94
98
90
79
102
84
87
77
71
70
73
86
50
62
59
62
66
70
61
69
60
55
44
48
60
54
55
39
48
42
57
63
62
62
61
59
45
43
52
52
40
56
40
43
39
28
34
28
39
28
32
31
41
51
35
35
49
44
38
44
48
42
57
50
45
59
51
75
83
75
87
72
80
71
54
64
55
59
60
59
45
47
48
63
54
42
71
74
62
64
82
93
96
91
116
92
93
97
98
88
94
97
93
100
90
84
83
82
89
74
63
62
69
65
32
45
48
51
41
55
29
25
35
37
35
8
24
25
24
17
42
33
26
36
21
22
29
28
17
26
7
10
22
-9
5
-9
-14
-7
8
-2
-2
24
-11
9
12
25
22
44
60
37
51
47
47
59
65
63
64
78
68
77
76
74
64
68
62
66
60
58
76
80
69
59
81
60
65
43
36
48
35
35
60
46
56
66
80
65
71
74
82
83
59
79
63
67
65
60
56
59
47
51
60
44
65
48
54
54
44
48
38
35
33
35
38
27
31
30
34
31
32
32
38
41
37
41
38
45
42
45
40
40
36
36
36
39
39
31
43
43
42
40
46
51
52
52
66
50
53
53
50
61
63
67
67
71
67
73
77
73
64
84
87
92
92
90
75
76
89
74
92
106
83
83
97
95
99
77
77
82
93
85
78
73
71
88
66
77
82
78
88
75
80
73
101
84
69
76
60
76
60
76
84
70
81
77
82
76
60
71
72
52
51
39
42
36
51
42
37
55
44
54
43
37
47
37
38
56
35
47
41
36
33
43
43
47
53
34
48
48
31
56
55
49
54
46
44
44
45
37
50
41
56
67
36
59
64
55
66
63
84
81
59
74
73
61
87
79
78
81
87
81
93
79
104
97
85
85
83
84
68
62
71
78
67
72
69
65
65
50
46
57
61
59
54
47
47
58
53
48
46
32
42
40
35
28
39
33
25
36
33
32
19
29
22
22
22
27
17
16
11
-8
5
12
13
11
5
1
-6
-10
1
1
-2
3
4
-2
2
1
-1
6
23
24
20
27
32
37
36
25
31
46
28
22
23
-6
22
32
23
35
21
26
20
7
26
37
34
41
39
50
48
46
32
43
53
48
46
41
43
42
55
28
38
38
31
32
21
4
16
17
10
-5
0
2
9
-3
-6
-2
-4
-5
-17
-1
5
-8
-1
12
9
1
-11
-7
2
-1
-3
-2
-2
-2
-10
-8
-12
-15
-19
-10
-16
-21
-13
-24
-30
-28
-20
-24
-29
-29
-22
-12
-20
-17
4
4
-9
-7
7
13
18
13
7
29
23
30
25
18
51
41
56
59
41
35
42
54
34
22
32
28
27
35
36
36
29
23
35
42
40
40
20
24
34
42
38
43
44
30
37
36
29
38
33
35
13
34
38
22
30
34
44
29
33
28
18
23
18
10
10
11
11
9
3
19
21
23
25
33
29
21
29
21
-2
6
28
7
-2
16
12
13
2
1
14
3
28
5
0
2
-4
3
-13
-11
6
-16
-7
1
27
13
-3
11
-1
10
9
-1
11
3
19
12
12
14
-1
11
-2
20
13
14
3
11
18
3
16
13
15
11
2
15
10
7
17
9
13
3
15
18
17
19
10
20
28
20
10
5
9
9
8
5
11
1
4
10
-2
1
-4
-3
19
10
0
-3
-13
-15
-11
-14
-8
-23
-1
0
-5
7
-5
-3
-6
-12
-5
11
-13
-2
-11
-13
-6
-16
-8
-14
-22
-13
-21
-25
-24
-30
-38
-27
-22
-37
-32
-16
-15
-11
-8
-19
-16
-20
-4
-14
-9
-13
-26
-20
-19
-10
-4
-15
-15
-3
-15
-11
-11
-12
11
9
-4
-9
-4
4
-12
-17
-5
-10
-8
-13
-24
-19
-19
-14
2
1
-12
0
13
-8
-2
8
5
17
4
6
-4
0
7
-4
7
-5
-17
-13
-14
-9
-10
-24
-23
-11
-17
-2
-2
-6
0
7
-6
-1
-2
10
8
-9
-1
9
3
11
-1
1
17
18
22
30
30
15
27
34
28
21
28
24
33
23
12
24
19
42
45
41
34
48
45
28
57
68
38
42
52
47
63
76
65
57
68
59
52
64
58
55
70
69
49
45
59
36
22
42
47
35
25
30
46
40
59
36
49
69
55
63
57
62
73
84
66
70
59
69
69
51
62
56
56
53
60
46
54
49
44
53
53
59
60
75
44
58
59
56
51
46
47
35
44
51
42
45
47
35
51
54
49
49
44
54
49
65
56
48
60
65
62
50
54
47
45
40
42
41
37
51
50
62
66
62
67
74
79
59
64
67
55
56
49
65
62
46
59
41
54
55
44
43
38
35
43
37
38
36
40
43
36
21
16
33
23
30
26
12
31
33
16
17
24
20
21
30
35
27
32
31
27
14
18
25
33
35
19
33
26
20
36
36
13
23
19
12
14
24
14
-3
21
14
4
2
34
21
23
31
23
20
1
21
18
10
17
29
24
-1
15
19
13
20
16
14
10
13
1
19
12
13
17
3
5
14
19
14
10
6
14
5
6
1
3
-17
-10
-5
-8
1
4
9
10
-3
7
6
-25
-12
-7
-12
-11
-1
-4
-30
-19
-14
-19
-20
-10
-17
-17
-15
-10
0
4
12
-3
-13
5
5
2
12
4
1
11
8
-1
-7
11
8
-13
0
-2
-9
-1
-21
-19
-18
-16
-14
-9
-9
2
-2
-5
7
9
7
9
0
1
9
17
-4
-1
10
1
11
7
6
4
8
19
11
-4
-3
-13
7
15
8
-8
-1
1
1
7
7
24
11
10
15
10
23
8
28
31
28
34
24
27
31
16
23
14
11
33
3
25
18
11
21
7
11
34
17
25
32
26
29
15
19
25
35
41
47
40
39
51
52
47
30
51
62
59
64
47
52
49
55
54
32
45
42
31
39
37
42
52
27
36
34
25
33
36
39
41
41
31
52
51
55
58
58
75
55
58
60
59
69
67
51
46
64
53
50
64
64
57
59
46
32
49
41
38
38
35
23
19
23
14
15
14
31
18
12
23
19
2
14
27
10
19
25
13
9
13
21
17
5
11
7
-4
-4
-4
-20
-13
-2
-11
-19
-21
-18
-11
-23
-4
-1
-16
-14
-15
-4
-28
-16
-18
-22
-6
-30
-27
-8
-15
-8
5
-6
1
-1
-5
-2
-9
-2
-10
-3
-4
-12
-4
-6
2
-3
-2
13
12
10
8
3
-3
-3
7
24
16
6
6
-9
-6
2
13
4
-6
16
18
2
12
1
3
18
10
11
7
12
4
-2
1
-3
-9
-11
-7
-13
-7
-11
-8
-17
-13
-23
-12
-12
-21
-5
-23
-16
-22
-9
-34
-15
-25
-30
-27
-39
-28
-43
-21
-26
-28
-18
-34
-19
-12
-30
-18
-15
-19
-10
-14
-31
-23
-22
-21
-20
-2
-17
-7
-8
-7
-3
-4
-6
-15
-7
-12
-13
-13
-18
-27
-22
-8
-9
-5
-17
-20
-8
-19
-9
-14
2
1
-1
-13
-2
11
-3
-17
-12
-10
-4
6
20
3
8
16
4
1
-6
-9
-8
4
-22
-16
-3
-3
-2
-12
-13
-20
-16
-25
-42
-23
-18
-32
-8
-23
-34
-28
-12
0
-11
-5
-9
-9
-4
-10
-3
-9
-9
15
9
5
13
9
7
0
-1
13
11
-5
12
2
8
13
7
16
15
10
11
14
7
6
4
10
18
24
15
21
23
32
24
32
25
31
36
37
24
11
17
19
15
17
32
23
18
5
10
12
12
9
9
10
11
14
5
8
14
8
4
2
22
7
0
18
16
-3
-1
11
17
20
4
15
9
13
19
16
13
24
24
-1
16
17
10
-5
8
-4
12
-10
-12
8
-1
-10
-22
8
3
4
-13
14
9
12
19
-6
5
2
5
7
9
3
7
9
3
4
-4
-17
-2
-4
-10
-15
-4
-11
-6
-16
-5
-10
-16
-7
-22
-17
-23
-20
-26
-14
-32
-30
-23
-16
-31
-13
-27
-38
-24
-37
-20
-19
-25
-34
-28
-37
-31
-37
-30
-20
-28
-26
-32
-34
-34
-34
-34
-31
-27
-21
-32
-35
-42
-29
-39
-49
-44
-66
-59
-62
-49
-58
-62
-56
-77
-70
-75
-62
-83
-87
-81
-81
-81
-70
-73
-84
-73
-95
-79
-79
-77
-74
-85
-85
-67
-78
-84
-95
-97
-83
-83
-66
-95
-85
-89
-96
-83
-76
-82
-69
-77
-80
-84
-80
-75
-74
-68
-75
-70
-78
-89
-75
-65
-63
-79
-78
-74
-64
-59
-75
-65
-75
-63
-68
-69
-76
-60
-56
-57
-51
-81
-69
-72
-79
-71
-66
-62
-59
-74
-71
-61
-61
-68
-64
-53
-66
-57
-60
-62
-50
-67
-58
-70
-71
-56
-74
-69
-70
-71
-52
-57
-50
-64
-63
-67
-68
-69
-76
-60
-69
-49
-51
-58
-47
-56
-53
-51
-71
-50
-57
-58
-44
-45
-44
-42
-33
-32
-15
-32
-37
-15
-18
-16
-22
-19
-1
-19
-36
-22
-19
-13
-15
-17
-18
-15
-7
-19
-24
-22
-12
-2
-9
-7
-10
-5
-5
-9
-5
-5
-5
-14
-16
-13
-13
-5
-10
-7
-6
3
4
-6
-5
0
6
-17
-24
-27
-11
-22
-18
-25
-22
-31
-20
-27
-28
-14
-13
0
-11
-3
-13
-2
10
11
-11
2
4
6
18
13
17
12
10
16
14
22
9
20
24
10
30
14
13
-3
12
13
-2
1
12
9
16
16
16
15
33
23
19
38
38
29
20
39
24
22
31
37
33
41
38
34
35
36
27
25
39
31
42
34
18
27
23
20
11
9
15
4
7
20
6
-1
13
-3
13
-1
1
29
19
18
19
12
6
5
2
-2
7
12
9
2
-2
11
6
11
-6
-10
2
-29
-21
-15
-35
-25
-16
-14
-17
-27
-11
-24
-22
-13
-25
-33
-30
-30
-37
-19
-26
-35
-32
-11
-22
-24
-18
-23
-27
-36
-51
-53
-47
-37
-44
-55
-52
-64
-46
-58
-56
-36
-51
-53
-29
-46
-47
-39
-45
-39
-40
-39
-43
-38
-39
-40
-35
-28
-43
-39
-31
-55
-63
-53
-55
-50
-56
-55
-57
-63
-60
-75
-63
-70
-73
-62
-57
-65
-70
-75
-72
-65
-72
-68
-83
-74
-71
-73
-81
-91
-81
-98
-87
-91
-108
-91
-90
-102
-102
-95
-96
-96
-112
-115
-102
-104
-118
-112
-114
-102
-112
-107
-107
-104
-91
-110
-105
-102
-93
-101
-90
-107
-111
-112
-110
-95
-96
-104
-115
-107
-86
-82
-73
-77
-84
-89
-88
-87
-88
-63
-63
