15
18
15
0
1
8
1
-1
7
11
3
13
16
16
7
15
1
-3
20
12
13
-1
6
13
15
17
9
8
13
13
10
26
10
5
9
14
8
9
7
8
25
21
17
11
-1
8
3
-1
8
-3
3
-16
0
-16
-16
-1
-7
-4
-9
-3
0
-8
-13
5
11
7
-4
-3
13
2
13
7
-7
6
7
7
16
2
-2
5
-2
8
23
16
7
23
3
13
10
-6
13
26
18
-2
3
18
3
3
4
-1
1
-4
-8
-9
-4
-1
-3
-27
-21
-18
-21
-26
-32
-16
-14
-12
-21
-31
-21
-12
-24
-27
-21
-19
-28
-20
-14
-20
-1
-22
-17
-27
1
-10
-2
-12
-30
-23
-29
-18
-11
-9
-20
-5
-6
-4
-17
-9
1
-8
-12
-15
1
-9
-10
1
-14
-2
-16
-15
-11
-24
-23
-18
-12
-24
-25
-19
-29
-27
-27
-40
-44
-36
-51
-29
-45
-41
-53
-64
-48
-38
-34
-43
-42
-37
-29
-47
-42
-40
-57
-59
-49
-58
-41
-40
-40
-35
-43
-48
-54
-67
-46
-40
-40
-24
-26
-32
-42
-52
-40
-18
-49
-29
-17
-9
-27
-19
-11
-26
-2
-25
3
-10
5
-13
-9
6
2
-4
-21
7
-6
-4
13
2
-6
10
5
3
16
8
12
26
16
31
22
3
15
7
17
22
34
25
-1
15
10
16
13
17
32
14
-1
6
13
2
9
7
17
20
13
12
11
14
2
11
7
4
-10
-3
3
7
17
0
-2
0
-6
-14
-5
-6
-2
-5
-4
0
-3
-12
-26
-2
-3
-7
8
8
14
9
14
8
11
22
0
14
-7
8
12
12
11
-1
5
-1
20
-8
-16
17
14
3
11
3
5
18
8
11
7
10
9
-3
4
9
11
12
-2
-2
4
17
22
6
11
11
20
36
28
21
22
10
27
25
32
48
37
46
45
21
37
41
28
37
18
24
39
20
20
24
5
8
15
18
22
-1
5
22
22
25
14
16
4
12
5
-2
4
6
25
13
18
6
8
13
7
5
12
12
16
11
7
6
0
9
13
7
5
4
8
7
2
0
7
21
6
0
-3
11
17
25
23
0
21
9
24
26
22
31
28
36
28
37
33
30
33
31
34
35
32
23
38
41
29
24
31
30
35
26
28
25
26
21
-8
8
25
7
-1
8
6
2
5
0
-2
-17
-14
-17
-5
-2
-14
-16
-29
-16
-7
-5
-3
-7
-13
-9
0
8
10
7
1
4
10
4
2
-4
-9
-3
-16
-17
-8
-1
8
11
21
11
19
21
23
17
25
28
33
31
23
16
13
30
24
19
23
28
22
33
39
16
8
18
11
20
22
31
42
31
35
34
45
28
23
30
30
25
16
25
18
27
38
24
19
37
36
26
19
11
27
31
37
32
22
26
28
29
18
22
31
41
39
15
13
23
21
17
12
28
15
2
19
13
18
24
11
4
15
11
22
19
8
21
32
12
22
16
18
30
18
36
27
18
33
39
21
29
32
30
36
35
17
32
12
20
31
30
34
30
48
33
33
28
26
17
30
13
14
24
18
27
21
29
7
11
12
19
30
32
25
28
26
21
20
12
25
32
25
27
26
31
30
35
33
35
39
42
38
20
35
9
14
39
39
38
27
36
10
24
33
30
35
29
36
23
17
31
27
24
12
12
24
27
29
26
39
39
23
13
15
14
17
7
18
28
25
16
18
29
28
19
28
16
7
16
6
1
18
20
26
18
8
10
5
6
20
14
12
16
7
5
13
17
8
17
7
21
10
2
24
13
28
15
4
5
18
29
21
23
24
18
25
29
41
40
41
37
23
37
41
27
25
39
48
40
28
38
32
32
45
35
50
30
31
34
42
46
26
29
23
31
22
24
29
40
34
20
46
28
27
34
26
28
29
27
11
25
31
21
20
13
6
20
23
14
16
2
27
19
20
26
20
27
24
19
20
19
11
20
32
20
30
39
24
28
28
13
9
3
14
13
9
12
29
25
14
22
14
34
18
39
28
18
39
25
30
24
37
35
31
31
41
45
34
48
50
50
38
22
31
40
35
33
40
42
41
49
38
25
26
20
17
20
30
34
15
29
34
43
27
24
27
37
30
13
26
35
45
40
41
40
28
30
41
22
29
30
14
19
15
25
30
36
24
18
34
34
22
34
20
15
32
39
37
32
23
19
28
29
23
17
10
24
28
21
26
4
37
21
19
18
9
18
4
25
5
9
18
17
21
8
21
19
39
26
15
25
15
16
20
27
24
21
18
11
10
25
-9
7
5
-6
-4
-17
-4
-14
-27
-7
-2
6
7
-5
0
-11
4
-4
4
-5
-6
-16
-7
-8
-10
-10
-8
-7
-16
12
3
3
-10
-9
-11
-12
4
-10
-25
-16
-11
-6
-4
-7
-10
20
2
-6
-7
-14
10
-14
-17
-25
0
1
2
7
6
5
11
9
12
0
4
21
17
15
18
15
15
8
20
18
0
16
17
13
1
15
4
39
41
17
11
4
17
6
20
15
12
15
25
16
16
28
24
13
8
28
31
25
4
35
35
39
35
36
34
21
34
39
47
41
58
47
49
38
33
30
39
33
27
30
23
32
32
36
39
39
32
48
28
32
39
34
28
24
21
14
28
31
21
15
18
4
20
5
14
14
15
27
31
26
22
24
20
25
37
36
20
18
22
17
16
18
18
22
25
23
22
24
27
32
21
21
14
31
16
23
25
24
24
30
46
15
36
42
37
43
36
32
18
45
41
28
17
30
40
17
28
25
15
23
28
15
11
27
30
12
12
3
3
5
4
13
18
13
18
25
21
23
19
17
21
11
2
-13
7
19
17
13
18
6
-4
2
-7
-6
-8
14
-8
4
0
-8
-10
-15
-3
3
-8
6
1
-15
-3
11
7
3
10
7
14
6
4
-3
-1
1
0
3
-9
7
5
-1
1
0
1
6
-9
-2
-3
-6
4
-9
12
5
-4
-2
3
-7
-19
-8
-18
-7
-2
-10
-11
-1
-6
0
-9
-3
-2
-9
-21
-11
-8
-15
-18
-19
3
-7
-5
-11
-13
-2
-7
15
3
-21
-10
-24
-14
-18
-11
-14
-22
-14
-7
-8
3
1
-12
-8
-19
-15
9
3
-5
-16
-12
-15
-16
-7
-22
-4
-4
-22
-10
7
5
3
-9
1
15
8
31
27
16
16
-2
16
11
4
-9
-12
14
14
12
20
25
5
8
21
8
0
21
15
8
13
-9
5
26
20
10
-1
21
11
28
20
-2
30
9
4
9
6
1
1
-3
-10
12
20
-1
0
-1
17
2
2
4
10
9
0
3
8
-1
12
14
-3
6
11
-3
6
13
-11
7
7
-10
7
6
-5
12
13
12
0
1
1
10
1
-11
1
-15
11
0
5
0
2
-3
-1
7
3
0
-1
1
-3
5
7
2
-11
7
-7
-17
-1
2
-4
-3
-1
-3
14
13
1
21
12
13
8
14
18
6
9
7
2
-7
0
-1
-1
1
-1
2
-6
-10
8
3
-11
-15
-3
-1
-11
-4
6
-8
-8
5
-10
-9
0
2
-13
-14
-17
-15
-29
-19
-37
-27
-19
-27
-27
-33
-29
-28
-20
-14
-20
-23
-10
-29
-32
-30
-20
-24
-30
-26
-21
-28
-32
-29
-29
-38
-43
-13
-28
-39
-34
-21
-23
-25
-25
-25
-20
-21
-12
-18
-18
-22
-15
-12
-5
-13
-23
-33
-25
-16
-8
-18
-22
-21
-31
-22
-26
-17
-20
-16
-29
-9
-31
-20
-14
-28
-17
-18
-20
-27
-11
-30
-13
-9
-8
-9
-15
-6
3
-16
-25
-20
-22
-29
-25
-21
-42
-31
-20
-15
-4
-12
-20
-35
-27
-36
-31
-25
-27
-13
-19
-18
-22
-23
-22
-19
-10
-9
-4
-7
-8
-8
-6
-16
-15
4
2
-19
-12
-16
-9
-9
-24
-13
-21
-15
-12
-13
9
1
-10
-2
-15
-1
4
-9
-4
-5
7
0
9
13
15
10
7
11
7
3
4
16
17
7
1
-3
-11
-7
-6
2
8
9
-3
2
-3
4
0
2
-2
-5
-8
-3
8
0
-21
-12
2
2
-11
7
-2
-8
5
-9
-11
10
-9
-6
6
-11
-1
1
5
0
-1
-6
10
-17
1
0
-3
16
22
3
-17
7
0
14
23
9
19
12
5
15
13
23
22
13
9
12
15
5
20
30
21
11
11
22
19
30
9
17
27
7
35
23
17
12
9
19
17
27
11
8
11
14
12
18
27
11
17
8
12
13
1
10
8
7
22
9
3
1
14
7
17
11
10
20
4
13
4
1
8
-4
9
20
3
6
20
21
9
7
6
13
18
0
-5
-2
-6
-3
-9
-20
-20
-13
-3
-18
-4
-8
-20
-11
2
11
5
-11
10
3
-10
8
4
10
15
-7
-5
12
-13
-7
3
10
16
20
19
6
9
8
12
0
2
7
0
-5
-11
-3
7
9
5
-18
-15
-13
-12
-3
-11
-3
-19
-20
-17
-15
3
-14
-27
-13
-9
-9
-3
-6
-12
-17
1
0
-2
8
-1
15
20
-11
-9
3
-5
6
8
18
15
6
6
9
2
9
3
4
7
6
14
16
9
-4
21
9
12
21
10
10
4
5
7
21
32
15
12
14
6
13
18
13
22
11
4
4
11
22
20
7
18
28
10
1
5
12
6
9
10
20
6
5
5
23
10
12
4
4
-2
5
19
12
9
6
26
12
1
6
14
-8
8
22
9
9
16
9
5
23
12
19
13
22
13
7
6
6
-6
-7
3
0
-18
-15
-12
0
5
-3
1
-5
3
-1
-14
-2
12
3
1
-2
-1
2
15
0
-7
-6
2
10
2
-13
4
5
3
5
6
0
-7
11
-6
2
-6
-6
18
18
13
14
24
22
14
16
5
15
11
8
6
5
11
12
4
8
20
10
9
20
21
26
33
25
35
14
11
27
23
23
26
18
18
22
23
13
24
17
11
17
9
21
3
-11
3
-14
-13
-7
-10
-21
-11
-8
-16
-11
-6
1
-5
-13
-3
-10
-23
-15
-2
-2
-4
-24
-32
-30
-6
-1
-22
-16
-18
-9
-23
-16
-14
-14
-11
-23
-18
-10
-2
-20
-25
-6
-12
-6
-3
-10
-16
-15
-17
0
-3
-16
-21
-22
-12
-16
-14
-14
-8
-18
5
1
-12
-2
-6
5
6
2
7
4
12
20
15
3
-10
2
0
1
1
5
-4
-13
-8
-10
-26
-9
4
-5
-4
-3
-6
17
2
-11
9
1
-3
-7
-8
-14
-1
3
-9
17
16
3
5
13
14
20
4
9
10
0
24
27
28
17
20
24
27
43
31
29
30
33
30
30
49
37
25
34
24
23
35
22
18
31
16
12
30
22
28
31
24
33
24
27
32
27
11
26
35
15
28
25
24
23
21
38
22
18
20
20
4
22
23
19
29
35
24
35
24
22
13
9
16
12
25
25
37
24
31
29
27
38
34
49
32
27
40
23
38
44
32
34
30
23
36
40
26
30
39
42
38
32
24
12
21
26
25
21
18
32
28
27
22
23
29
34
29
35
30
33
25
33
28
37
38
23
52
43
29
33
26
32
39
23
34
34
40
35
34
43
30
28
26
35
34
22
31
40
27
32
31
30
31
13
36
32
28
25
16
14
15
25
23
30
26
33
32
20
30
12
24
31
24
30
25
21
41
21
11
33
3
24
16
10
14
-3
11
1
14
12
-3
10
7
7
-11
2
11
-1
9
13
-3
-11
-2
-8
-6
3
6
9
-4
2
-13
2
4
5
-14
-4
-8
-8
-6
-5
13
5
-3
-1
3
-4
-3
-1
-11
-6
9
-10
5
10
4
-2
-7
9
14
19
15
18
25
25
18
24
27
21
22
25
22
14
20
10
9
17
9
13
18
16
16
3
11
1
12
7
-1
17
10
16
6
12
7
13
-1
16
18
12
20
12
6
9
11
16
12
11
-1
11
23
5
13
25
14
10
14
20
15
26
20
21
23
14
17
19
29
26
38
43
23
44
45
26
31
32
7
26
37
35
37
47
48
36
43
33
51
30
39
33
38
49
44
49
29
32
22
24
30
16
19
23
21
24
17
19
3
14
19
18
20
21
29
22
37
22
21
32
19
24
35
27
38
37
28
22
16
30
37
37
43
30
35
42
39
40
39
48
47
54
58
46
40
50
58
41
62
54
47
47
43
53
35
32
29
35
29
41
35
25
25
34
39
42
40
39
45
44
50
48
40
54
54
42
35
43
44
27
38
34
46
38
33
31
29
47
20
25
32
24
27
24
22
26
22
26
31
28
19
19
30
28
24
25
25
12
21
16
18
19
11
15
32
14
6
23
-5
11
20
22
13
18
33
27
14
22
17
22
28
25
19
37
19
11
20
18
36
9
10
10
22
33
13
16
23
7
18
22
16
18
27
26
21
26
12
14
28
24
31
20
13
31
12
25
30
1
10
18
9
12
22
26
26
4
-11
2
-6
21
7
0
6
18
27
27
26
14
31
21
21
29
27
35
22
38
25
17
30
13
26
16
16
27
36
53
44
35
26
38
38
31
28
29
33
34
31
18
21
11
21
27
38
22
14
19
25
26
25
17
20
23
5
18
29
37
29
23
9
18
14
20
0
-10
15
2
14
31
26
17
16
18
19
27
25
14
27
10
24
19
9
27
25
26
13
18
25
22
35
8
6
27
14
37
34
25
29
15
26
41
40
34
20
22
26
24
36
22
34
35
19
36
18
29
32
32
38
33
40
30
33
41
25
42
26
27
34
42
42
33
40
25
22
40
34
37
38
38
50
33
24
31
38
33
52
36
37
32
25
37
26
35
48
36
29
40
23
43
40
40
34
36
40
17
34
35
32
28
31
35
19
33
38
34
31
30
29
35
36
21
31
24
33
9
32
29
17
15
18
28
28
31
21
23
9
19
23
19
17
31
25
4
23
23
15
10
20
30
17
14
21
38
40
28
36
30
33
37
34
43
47
22
32
41
31
32
18
38
31
23
45
35
32
34
15
24
28
17
25
26
22
23
32
28
32
35
19
19
19
28
22
25
25
20
13
16
27
16
28
14
23
26
10
25
17
14
28
38
30
26
14
22
13
11
12
29
15
22
27
25
33
18
25
44
50
36
43
33
30
30
40
36
27
27
45
42
29
48
41
34
25
27
36
56
54
50
45
47
49
35
45
46
34
45
41
34
49
29
47
52
55
52
37
42
31
52
33
38
52
44
46
41
35
54
51
26
57
40
35
45
47
42
47
40
32
33
32
38
31
26
40
49
52
40
33
21
37
40
38
48
24
28
36
16
20
11
23
32
34
6
21
27
9
21
10
26
34
24
33
17
16
31
29
24
24
26
14
30
25
27
33
38
23
24
34
19
13
27
13
21
21
10
11
22
24
13
-6
11
15
28
38
32
26
11
34
33
38
19
36
24
43
38
41
42
30
33
26
32
29
40
25
31
34
31
33
14
27
27
34
35
32
25
10
20
20
28
30
37
18
37
32
29
26
18
24
23
19
20
16
-1
13
16
11
5
22
34
14
18
-2
10
22
3
17
14
13
-1
0
-12
13
8
0
24
3
1
2
-7
5
6
3
-12
-8
8
7
3
7
17
12
6
-2
4
36
19
8
22
20
19
20
20
16
23
17
11
15
32
22
14
26
12
22
22
15
15
13
29
13
19
28
26
15
27
26
25
27
18
31
25
25
29
33
21
26
31
27
34
24
37
35
23
24
26
27
13
5
17
20
0
8
16
15
21
11
23
7
12
26
26
18
10
4
6
22
12
5
14
13
-2
13
12
10
18
5
28
17
20
19
18
16
13
12
5
4
-2
11
17
12
16
17
2
-9
19
25
11
17
16
25
32
19
13
24
27
23
30
34
24
25
24
23
34
24
36
38
21
10
17
29
29
43
26
33
45
21
27
41
47
43
39
39
47
39
42
44
42
36
37
53
38
43
41
51
41
43
53
45
54
45
53
37
48
34
45
38
41
45
32
29
26
30
21
31
42
32
31
43
35
38
32
32
47
43
39
33
23
32
24
30
30
35
41
28
17
35
40
33
36
31
39
32
42
28
25
40
36
33
27
44
40
31
30
28
34
32
6
16
22
4
5
10
7
7
17
10
28
30
39
31
29
26
18
21
11
13
1
3
-5
9
-9
-14
-1
-7
-1
-1
-12
-1
-10
-6
-11
-15
-10
-23
10
-14
-13
-19
-17
-8
-12
-1
-9
-18
-15
-20
-35
-31
-34
-28
-13
-20
-26
-28
-30
-26
-13
-13
-16
-3
-22
-27
-17
-27
-23
-15
-21
-17
-29
-34
-25
-17
-22
-17
-5
-21
-25
-12
-20
-5
-1
-32
-23
-34
-26
-17
-19
-20
2
-16
-3
-1
-1
-7
-2
-3
-22
-5
6
13
-6
-4
-18
-22
-27
-13
1
-17
-24
-23
-15
-22
-17
-23
-9
-10
-13
-21
-12
-18
-23
-31
-30
-14
-7
-17
-24
1
-3
-13
-16
-4
-11
-13
-6
-6
-4
-13
-16
-16
-25
-20
-6
-6
2
1
4
-13
1
11
-5
0
-2
3
8
-1
-7
5
4
-9
-17
-11
-12
2
4
-8
-8
-6
-2
-3
-17
-16
5
1
1
-6
-19
-7
-8
-1
0
12
3
-2
-1
0
-8
-2
4
-5
-15
3
-9
-20
-1
2
-2
-3
-3
4
18
-8
6
7
6
20
6
1
12
17
7
-9
-9
-2
-10
21
-1
6
23
11
13
12
9
-6
-5
3
16
2
8
12
12
6
18
22
18
5
20
11
9
21
-6
0
0
-11
-10
-2
-2
-22
-23
-11
-20
-6
-17
-13
-30
-31
-7
-19
-9
-25
-25
-14
-24
-28
-34
-13
-21
-32
-32
-17
-15
-8
-21
-34
-8
-30
-22
-17
-8
-27
-37
-23
-24
-17
-4
-13
-16
-11
-23
-23
-4
-13
-25
-16
-29
-32
-26
-13
-27
-22
-32
-30
-24
-50
-33
-43
-56
-28
-28
-34
-35
-41
-46
-51
-60
-49
-53
-57
-56
-53
-42
-68
-64
-66
-67
-68
-56
-59
-49
-52
-54
-57
-58
-38
-66
-45
-49
-55
-64
-47
-50
-49
-29
-41
-31
-38
-35
-29
-34
-26
-14
-25
-13
-23
-26
-19
-16
-29
-20
-27
-29
-33
-41
-24
-31
-32
-35
-41
-31
-31
-27
-14
-38
-16
-11
-18
-33
-30
-25
-19
-39
-33
-20
-47
-33
-40
-42
-47
-40
-35
-50
-42
-51
-56
-31
-53
-48
-62
-58
-44
-47
-45
-45
-47
-36
-34
-33
-41
-35
-41
-58
-42
-49
-33
-24
-47
-41
-50
-53
-28
-47
-36
-33
-22
-33
-46
-34
-43
-47
-34
-31
-36
-53
-44
-37
-33
-26
-48
-55
-46
-25
-28
-23
-20
-32
-31
-15
-37
-37
-27
-44
-35
-39
-34
-25
-39
-40
-26
-26
-18
-28
-25
-16
-21
-23
-38
-38
-31
-41
-33
-12
-26
-35
-29
-23
-21
-21
-26
-27
-32
-36
-38
-37
-51
-42
-38
-31
-28
-30
-37
-54
-52
-38
-33
-22
-34
-51
-39
-18
-22
-27
-38
-44
-25
-32
-36
-31
-20
-31
-18
-38
-42
-40
-29
-25
-32
-37
-49
-37
-28
-25
-23
-29
-32
-20
-20
-13
-26
-28
-9
-22
-29
-8
-16
-28
-25
-23
-6
-11
-7
-17
-13
-9
-10
-20
-32
-31
-24
-27
-22
-20
-20
-23
-26
-20
-15
-22
-25
-12
-21
-16
-27
-20
-15
-19
-17
-32
-32
-33
-23
-23
-35
-27
-29
-34
-28
-41
-20
-31
-22
-11
-25
-24
-30
-31
-18
-25
-19
-34
-28
-12
-10
-3
-15
-9
-23
-17
-25
-29
-15
-17
-9
-9
0
-1
-9
-6
-3
7
5
3
5
5
4
3
-6
-6
-4
9
3
-8
5
0
10
-7
-6
-17
1
1
-11
-7
-16
-7
-6
0
-6
-24
-17
-17
-11
-19
-16
8
-7
-13
-7
-18
-21
-26
-31
-27
-10
0
-12
-22
-22
-7
-33
-22
-7
-18
-18
-3
3
-9
-19
-14
-10
-19
-20
-29
-31
-18
-14
-31
-32
-35
-44
-31
-42
-45
-36
-35
-29
-21
-22
-20
-18
-9
-13
-18
-22
-4
-6
-15
-13
-19
-3
-8
-14
-12
-5
-6
-10
-17
-8
-8
-14
-18
-23
-15
-25
-19
-24
-11
-16
-21
-21
-45
-27
-63
-37
-39
-36
-37
-7
17
-2
3
-1
21
2
-5
-6
5
4
-10
-21
-10
-21
-20
-4
4
-5
0
2
6
9
2
5
7
7
-13
-17
-5
-27
-20
-25
-25
-31
-21
-14
-19
-30
-32
-24
-26
-20
-33
-33
-18
-37
-20
-18
-42
-38
-55
-32
-26
-34
-24
-24
-25
-28
-22
-24
-34
-27
-33
-27
-32
-47
-31
-23
-36
-37
-26
-23
-19
-12
-1
-16
-37
-22
-13
-33
-34
-37
-36
-18
-22
-13
-13
-24
-17
-25
-21
-22
-23
-10
-10
-15
-7
-11
-20
-13
-4
-20
-17
-12
-11
-1
-13
-16
-8
-14
-19
-8
-13
-8
-20
-19
-11
-7
-5
-6
-4
-3
-8
-15
-7
-6
-13
-15
7
-9
-11
-13
-4
-16
-10
-13
-29
-14
-14
-25
-24
-8
2
-7
-5
-35
-17
-33
-17
-1
-20
-15
-13
-19
-32
-17
-18
-22
-33
-18
-13
-23
-22
-18
-19
-27
-24
-10
-27
-15
-22
-41
-25
-24
-16
-14
-14
-29
-27
-23
-24
-25
-26
-11
-15
-28
-34
-42
-43
-27
-25
-33
-29
-41
-28
-20
-19
-14
-37
-32
-25
-35
-26
-38
-39
-41
-31
-35
-40
-25
-54
-27
-34
-37
-30
-33
-30
-51
-42
-47
-54
-60
-56
-34
-54
-42
-42
-49
-24
-31
-20
-22
-10
-27
-37
-38
-32
-8
-35
-41
-31
-38
-28
-34
-38
-37
-29
-28
-30
-27
-16
-20
-24
-31
-34
-33
-36
-17
-18
-13
-16
-21
-15
-8
-13
-18
-12
-22
-21
-14
-8
-16
-13
-26
-13
-15
-7
-10
-14
7
8
-15
-18
-26
-10
-10
-11
-5
-16
-12
-4
-8
2
-12
3
11
-9
-14
-24
-11
-13
0
-22
-1
-13
-12
1
-18
0
-1
-3
-4
-23
-33
-12
6
-14
-7
-2
-19
-16
-8
-11
4
-3
-21
-5
-5
4
1
11
2
-3
13
15
10
11
-3
-13
-5
-24
-5
-15
-23
-21
-4
2
-8
-1
-1
-3
-8
-13
-12
-21
-11
7
-7
7
-7
-16
18
8
-9
-7
-8
2
-1
-15
-12
3
-5
1
9
11
8
2
-1
-18
3
11
-7
0
-2
-1
-24
-6
-4
-5
-2
-20
-29
-24
-18
-26
-4
-3
-5
-24
-16
-18
-7
-22
-31
-22
-31
-28
-28
-29
-33
-37
-32
-13
-25
-27
-26
-29
-31
-14
-18
-23
-18
-8
-7
-7
-9
-7
-12
-22
-21
-34
-31
-43
-40
-34
-18
-32
-32
-22
-35
-36
-25
-26
-35
-34
-31
-31
-22
-16
-22
-23
-30
-30
-22
-4
-9
-22
-23
-12
-9
-13
-8
-7
-2
5
3
1
7
5
21
9
-9
10
6
4
8
-3
-4
16
1
-4
10
-6
3
1
5
10
-4
3
14
12
10
-1
9
4
2
0
-3
3
2
-2
-9
9
11
-2
-3
19
11
-2
4
3
3
-3
6
11
-16
-8
-1
4
16
11
0
8
7
8
3
-11
-1
12
-4
1
1
-10
11
-2
-1
11
-2
-2
4
12
12
-5
5
3
-1
3
-2
-2
8
15
13
15
25
-7
-2
8
11
10
7
4
12
-1
-6
5
2
22
-10
-3
-1
6
-1
-10
9
5
1
3
1
2
-2
3
-8
5
-6
-14
-1
-12
-4
1
-15
-17
-10
-16
-20
-21
-26
-22
-31
-22
-24
-11
-18
-4
3
-14
-1
-18
-7
-8
-8
-8
-17
-11
-14
-8
-17
-35
-10
-21
-13
-5
-34
-33
-28
-9
-14
-33
-35
-30
-25
-9
-29
-27
-22
-13
-13
-9
1
-8
-9
-7
-7
-12
-14
-14
-14
-20
-9
-6
-4
4
6
-8
-14
-13
-15
-2
8
6
-10
1
-1
-3
-1
-11
-11
16
19
-2
10
-1
2
1
-11
5
-3
-10
-4
7
-5
8
-6
-4
1
3
-4
5
6
13
23
15
24
11
6
6
5
21
29
20
17
22
7
15
35
11
25
16
5
15
-2
-5
-6
4
1
1
-9
-16
1
-12
-7
0
-3
-11
-20
-14
-6
-7
-7
-5
-9
-18
-17
9
0
-24
-17
-15
-20
-15
-10
-8
-13
-8
-20
-19
-15
0
-17
-20
-10
-22
-4
-12
-11
-19
-13
-11
-8
-11
-15
-16
-4
-13
-16
-19
-29
2
-16
-13
-11
-16
-26
-19
-28
-19
-19
-20
-11
-24
-30
-25
-12
-25
-8
-13
-22
-16
-17
-20
-15
-16
-28
-37
-27
-20
-25
-11
-15
-15
-9
-19
-22
-18
-19
-30
-27
-15
-37
-21
-11
-26
-22
-20
-33
-45
-21
-38
-34
-29
-36
-46
-39
-35
-38
-31
-22
-15
-18
-15
-26
-27
-32
-32
-30
-45
-30
-17
-25
-22
-18
-24
-22
-7
-13
-12
-6
-9
-20
-11
-21
-20
-26
-28
-15
-18
-16
-22
-21
-21
-26
-10
-10
-26
-8
-8
-9
-14
-17
-8
-11
-17
-10
-21
-19
-25
-31
-22
-25
-33
-12
-17
-5
-1
-16
-22
-18
-23
-25
-21
-30
-18
-15
-15
-1
-12
-5
-9
-23
-12
-18
-21
-20
-15
-17
-29
-24
-6
-24
-8
-13
-17
-10
-25
-14
-23
-20
-10
-30
-23
-34
-37
-23
-16
-18
-7
-14
-17
-11
-21
-17
-22
-11
-20
-23
-19
-19
-26
-29
-22
-25
-24
-10
-22
-11
-19
-29
-23
-18
-22
-26
-21
-21
-32
-15
-21
-25
-6
-12
-13
-16
-19
-12
-8
-15
-5
15
-10
-12
-12
-19
-17
-14
4
-5
-15
2
-12
-19
-20
-17
-12
-18
-11
-10
-8
-8
-16
-17
-22
-16
-11
-15
-10
0
19
-17
0
-3
-11
-2
-15
-10
-3
12
7
10
6
16
5
18
23
25
18
12
5
-8
19
-2
11
-1
-4
15
10
3
-5
3
10
12
-1
11
7
21
12
11
16
16
-2
5
18
11
19
7
8
13
-1
-1
13
5
17
17
5
16
13
4
25
16
12
11
23
31
1
10
16
9
2
-5
16
31
18
7
7
10
4
0
4
1
1
5
8
9
6
3
4
3
3
4
10
15
7
8
7
12
-6
-1
-11
-10
-18
-19
-12
-15
-1
-19
-4
-15
-11
-19
-24
-12
-4
-30
-10
-9
-17
-9
-11
-3
-2
-5
-3
13
13
14
17
16
21
-2
19
20
9
11
9
18
0
7
12
11
9
11
5
9
4
-1
1
11
4
9
5
-4
10
-3
11
20
10
7
10
8
7
5
1
1
-19
-11
-7
-16
-18
-8
-10
-15
-9
-17
-10
-21
-21
9
-5
-32
-26
-10
-2
-19
-18
-21
-15
-6
-16
-14
-19
-7
-12
-22
-14
-15
-8
-13
-30
-27
-19
-14
-9
-9
-12
-6
-9
-7
-4
-9
6
1
3
17
13
1
17
1
-7
-1
7
14
-1
-1
13
11
21
20
18
28
21
24
9
10
17
22
20
31
21
24
24
19
16
7
28
9
25
3
12
19
26
21
21
16
-2
-5
-9
-3
-11
1
6
-1
13
13
-8
-5
-9
-12
-19
12
-1
-8
-10
-12
-21
-14
4
-1
5
12
6
12
30
15
7
14
14
12
11
3
31
35
25
25
23
35
43
21
20
29
13
5
6
28
28
39
29
33
42
31
12
12
12
2
10
25
17
8
1
-6
12
-5
-11
-4
-10
6
1
-19
-37
-12
4
3
10
31
29
5
15
28
18
22
44
59
30
24
44
34
30
40
51
31
36
18
21
32
28
27
29
35
14
20
26
19
33
24
9
22
0
16
18
8
32
21
33
26
29
44
34
21
38
31
18
31
21
0
-2
15
25
20
5
-3
4
1
-9
-51
-157
-138
-96
-123
-112
-49
-31
-29
6
39
15
34
71
66
77
96
109
75
74
71
79
85
78
76
34
47
63
64
60
57
68
57
42
24
-45
-134
-184
-174
-150
-145
-132
-109
-114
-93
-54
-16
27
73
98
97
109
104
105
104
120
116
97
124
82
28
15
-56
-71
-73
-75
-85
-90
-79
-127
-110
-90
-48
-3
-15
27
7
-9
22
10
-2
39
66
49
84
64
44
56
39
65
39
58
60
30
52
36
10
-8
-6
-3
-10
6
-15
-21
-16
-51
-24
-45
-55
-28
-21
-37
-20
-9
-14
-13
-23
42
9
-21
0
14
-22
-14
23
-55
32
23
1
54
16
22
29
7
38
14
20
34
28
24
23
-11
27
18
-28
29
32
11
-4
67
39
-38
15
33
2
41
59
33
-1
-35
-7
-21
-41
-14
-13
-62
-35
-8
-16
-20
-22
-16
-41
28
-9
-7
34
-48
-4
-8
25
17
26
14
-36
38
5
-8
37
17
-6
13
6
1
10
40
-23
18
-1
4
-22
-38
-19
-48
-46
28
-62
-74
-9
-52
-57
10
-10
-37
-2
-13
16
8
7
8
-15
7
39
-23
64
-5
-4
1
22
5
-6
31
-4
4
8
4
-23
-28
4
40
-21
-11
23
0
-36
23
-13
-4
-47
-68
18
-73
-5
29
-5
-19
-2
-73
-4
-25
-66
10
-45
-65
-127
-6
-52
-82
19
42
-26
33
56
-32
17
7
-23
33
-31
-4
13
-50
-35
-29
-30
-32
-63
11
10
-84
33
-11
-70
-40
-25
-1
11
-7
-99
-153
-154
-181
-165
-178
-163
-166
-158
-197
-198
-139
-195
-144
-54
-43
28
17
-5
0
42
89
107
127
87
73
29
18
97
-2
7
20
-33
-11
13
-12
-53
-83
-88
-120
-73
12
-74
-60
0
-76
-105
-18
-43
-58
-39
6
16
20
-37
-77
-9
-46
-20
43
-10
-3
-74
-56
-37
2
-18
-16
46
-61
-1
16
24
-37
-69
24
14
-39
-28
-25
-1
-71
-25
37
-65
-77
-77
-117
-107
15
-57
-48
-34
-15
-40
-65
-57
-50
-85
-68
32
11
-78
-125
-83
-85
-24
45
97
-15
-21
-35
10
-62
-8
80
-36
19
76
31
-116
-82
-32
-94
-51
83
-4
-117
-71
-53
-108
-99
-36
-8
-90
-89
12
-22
-58
-21
-20
-36
-20
-29
-9
-39
-73
-44
6
-5
3
-18
-100
-14
63
-46
43
49
-37
-18
42
94
-31
-60
-47
-76
19
-19
-17
-1
-73
-45
-3
-27
-35
41
48
-62
21
-14
-73
-46
13
-15
13
93
15
15
-9
-69
-32
14
-13
79
7
0
33
-48
-25
1
15
-25
-11
10
-60
-18
-4
-102
-174
-89
-76
-140
-18
-18
-65
-88
-55
22
-92
-55
-4
16
1
10
56
5
-31
-23
-20
-52
-66
25
24
32
-29
-86
-75
-80
-27
71
77
35
31
-36
-128
-96
44
-17
-99
-100
-91
-167
-131
-21
-23
-13
-18
-16
8
-23
-24
-60
-72
11
61
50
1
-16
-57
-93
13
57
104
13
-65
14
36
74
63
98
24
-41
32
91
93
22
-33
-68
-59
-31
16
8
-34
-12
18
-79
-141
-30
-76
-89
53
47
9
24
-19
-155
-125
-17
63
99
41
43
-26
35
55
-5
52
52
-14
21
-21
-109
-27
-88
-35
-10
-36
-59
-103
-34
-66
-83
7
-37
-66
1
15
23
-19
4
-23
-54
70
80
-13
-28
-34
-48
-30
26
27
34
-106
-105
-29
-94
-77
1
-7
-64
-35
-38
-104
-141
-44
-75
1
-11
23
-26
-137
2
-24
37
110
38
36
-5
-26
-28
53
53
5
36
-38
-13
11
11
43
-1
-74
-52
-44
102
119
36
41
-30
-70
-15
67
125
94
106
-26
-92
-89
35
96
40
15
59
54
16
9
-29
13
19
137
107
49
-46
-68
-18
16
132
136
104
56
53
15
0
148
160
111
54
52
15
-54
26
56
43
-9
-11
12
-34
-53
-12
-7
-43
-77
-26
-7
-38
-55
-132
-143
-109
-49
-43
7
-46
-150
-132
-59
22
36
-34
-32
-12
-49
-49
-15
-4
-69
-70
29
56
-16
-59
-100
-83
-174
-88
16
-1
-51
-94
-135
-132
-97
-76
-10
10
-7
-62
-103
-59
-39
-31
-27
3
25
-16
16
-47
-16
39
30
43
59
88
60
94
96
59
94
107
208
248
146
107
76
64
156
295
280
177
181
112
83
185
226
269
297
260
228
224
219
230
272
407
420
328
263
203
175
231
314
316
285
245
153
104
85
87
100
137
140
93
43
-71
-109
-130
-115
-48
-46
-117
-254
-330
-394
-360
-287
-311
-342
-418
-469
-482
-472
-417
-397
-430
-484
-466
-415
-446
-459
-446
-436
-366
-290
-276
-319
-361
-380
-339
-248
-165
-112
-182
-200
-127
-192
-206
-95
-38
-28
-19
-21
2
-30
-73
-20
65
115
214
259
164
66
66
203
361
465
459
366
296
255
338
467
569
600
625
575
501
606
682
743
772
835
863
818
914
921
904
914
958
1054
1017
961
909
816
737
686
680
612
454
355
214
84
0
-73
-168
-283
-363
-490
-594
-662
-692
-731
-787
-783
-770
-793
-815
-794
-769
-711
-639
-581
-524
-486
-452
-421
-394
-326
-307
-274
-235
-296
-294
-312
-338
-366
-401
-404
-419
-429
-480
-541
-623
-670
-694
-722
-750
-764
-789
-796
-774
-772
-797
-761
-660
-598
-562
-539
-469
-421
-318
-192
-55
1
16
92
184
287
394
474
550
580
650
742
748
799
870
937
925
995
1055
1059
1065
1132
1234
1287
1342
1462
1510
1547
1528
1330
1196
1132
1277
1333
1222
1095
833
521
350
312
353
280
84
-202
-410
-607
-729
-752
-763
-784
-923
-1039
-1066
-1098
-1151
-1114
-1029
-890
-851
-815
-751
-704
-623
-477
-290
-156
-101
-103
-41
51
105
192
286
298
286
239
243
228
168
96
25
-63
-164
-296
-396
-493
-638
-744
-825
-917
-1028
-1150
-1244
-1283
-1340
-1337
-1295
-1294
-1270
-1278
-1226
-1126
-1032
-921
-778
-643
-536
-426
-330
-186
-50
99
227
352
436
474
559
643
750
781
828
916
934
929
960
1006
1005
991
1069
1129
1147
1142
1209
1301
1391
1534
1634
1739
1580
1312
1202
1274
1520
1603
1446
1214
841
520
423
520
593
413
29
-325
-534
-729
-779
-744
-745
-865
-1101
-1204
-1205
-1262
-1264
-1164
-992
-899
-932
-909
-806
-754
-656
-419
-188
-94
-136
-146
-31
62
170
306
395
401
327
294
327
343
325
313
267
142
-26
-216
-293
-358
-462
-536
-637
-820
-997
-1169
-1231
-1219
-1272
-1317
-1351
-1402
-1456
-1450
-1395
-1285
-1211
-1093
-969
-902
-794
-697
-534
-341
-183
-16
119
199
264
403
562
711
802
861
898
885
917
1002
1057
1087
1120
1129
1163
1168
1193
1228
1261
1313
1423
1501
1606
1707
1787
1795
1520
1347
1370
1532
1679
1566
1306
993
612
378
390
499
432
49
-409
-700
-887
-991
-953
-899
-994
-1271
-1492
-1471
-1416
-1407
-1331
-1200
-1085
-1095
-1125
-990
-809
-717
-534
-298
-140
-139
-203
-75
94
199
312
454
485
381
329
423
508
488
437
381
285
121
-25
-93
-165
-304
-454
-535
-637
-794
-981
-1102
-1158
-1254
-1275
-1279
-1280
-1350
-1461
-1440
-1332
-1268
-1179
-1032
-931
-880
-796
-634
-435
-270
-129
43
173
269
384
540
675
753
823
917
957
977
1007
1068
1120
1121
1143
1170
1198
1207
1244
1273
1334
1359
1438
1525
1642
1759
1848
1706
1364
1212
1291
1551
1603
1407
1109
695
341
216
312
415
189
-286
-674
-892
-1046
-1100
-1043
-1014
-1210
-1501
-1572
-1512
-1485
-1447
-1331
-1121
-1061
-1130
-1039
-873
-743
-602
-370
-156
-72
-149
-99
78
221
329
421
499
469
400
419
572
601
545
464
395
310
162
78
21
-70
-240
-393
-474
-611
-777
-919
-1008
-1084
-1197
-1242
-1259
-1318
-1400
-1439
-1409
-1368
-1314
-1201
-1092
-1018
-969
-875
-700
-519
-355
-186
-31
65
167
322
485
627
714
782
852
917
966
1026
1069
1108
1104
1117
1164
1186
1199
1208
1245
1277
1320
1401
1479
1571
1648
1747
1661
1381
1194
1218
1432
1504
1336
1106
742
368
192
258
357
208
-246
-640
-829
-999
-1027
-967
-950
-1122
-1420
-1535
-1423
-1373
-1359
-1267
-1133
-1060
-1116
-1030
-841
-706
-610
-428
-216
-136
-150
-118
59
221
287
369
464
482
425
435
605
660
631
575
552
495
356
208
132
66
-73
-165
-276
-442
-677
-865
-958
-1016
-1104
-1181
-1278
-1365
-1460
-1525
-1475
-1412
-1379
-1331
-1244
-1157
-1110
-1036
-857
-662
-516
-349
-197
-86
28
170
371
553
680
761
815
846
896
981
1063
1104
1102
1093
1102
1083
1080
1097
1129
1172
1190
1213
1276
1324
1396
1518
1643
1498
1213
1077
1137
1350
1382
1224
995
650
318
185
277
323
120
-283
-561
-759
-911
-916
-871
-883
-1078
-1321
-1321
-1253
-1264
-1227
-1143
-1001
-998
-1008
-877
-711
-647
-565
-372
-194
-130
-161
-67
99
158
211
311
379
386
355
415
538
537
496
479
461
434
333
258
149
-14
-111
-150
-185
-307
-550
-760
-915
-1000
-1038
-1052
-1118
-1245
-1388
-1481
-1438
-1385
-1325
-1264
-1233
-1205
-1156
-1019
-846
-708
-578
-429
-285
-150
-24
122
273
401
530
665
750
769
795
842
923
970
1006
1023
974
942
953
1013
1030
1035
1050
1071
1100
1158
1277
1402
1584
1559
1282
1072
1055
1265
1447
1382
1192
908
533
314
332
445
382
48
-342
-570
-755
-830
-804
-807
-907
-1164
-1305
-1253
-1227
-1234
-1226
-1117
-1014
-1028
-959
-807
-717
-677
-550
-323
-178
-179
-150
1
106
154
253
369
441
421
423
553
613
589
571
591
614
581
524
507
331
75
-48
-54
-42
-160
-363
-605
-861
-1056
-1085
-1010
-1034
-1222
-1427
-1504
-1512
-1492
-1376
-1278
-1266
-1309
-1248
-1071
-921
-801
-667
-478
-335
-213
-66
113
225
294
435
592
715
749
781
822
815
815
857
886
874
830
816
852
857
851
862
901
934
978
1081
1234
1355
1510
1534
1274
1115
1076
1291
1493
1435
1266
975
620
411
417
527
470
126
-274
-504
-707
-791
-721
-709
-816
-1110
-1287
-1245
-1246
-1254
-1185
-1066
-1007
-1041
-1015
-862
-770
-705
-543
-355
-224
-230
-209
-38
77
162
280
407
459
411
429
552
622
603
616
647
653
608
552
535
445
199
13
-20
-78
-190
-365
-554
-774
-1028
-1131
-1094
-1116
-1248
-1422
-1525
-1581
-1592
-1525
-1413
-1359
-1365
-1340
-1212
-1024
-911
-775
-601
-453
-322
-186
-6
167
238
338
492
620
681
699
730
735
751
783
827
825
773
726
734
759
778
828
840
896
921
988
1149
1331
1478
1642
1584
1318
1206
1214
1465
1633
1531
1342
1012
670
501
489
585
463
91
-267
-499
-704
-785
-766
-776
-908
-1197
-1301
-1268
-1288
-1260
-1203
-1095
-1042
-1062
-963
-791
-726
-643
-475
-298
-159
-132
-58
110
153
224
363
497
569
554
587
670
699
652
680
718
690
647
589
548
409
257
150
5
-101
-271
-422
-514
-729
-941
-1071
-1137
-1206
-1303
-1375
-1439
-1532
-1560
-1487
-1374
-1302
-1264
-1193
-1060
-951
-812
-617
-483
-350
-237
-91
95
196
303
416
481
537
575
647
687
674
651
639
634
612
606
599
585
592
606
630
673
716
777
864
1014
1173
1340
1515
1709
1612
1374
1298
1347
1561
1705
1641
1460
1102
716
581
596
640
450
69
-284
-557
-792
-828
-773
-833
-1052
-1336
-1414
-1399
-1399
-1343
-1269
-1215
-1229
-1242
-1062
-859
-798
-706
-533
-370
-228
-139
1
182
210
289
450
580
637
653
712
797
770
767
791
770
733
669
641
592
432
264
183
44
-96
-314
-493
-610
-835
-956
-1025
-1152
-1288
-1432
-1489
-1487
-1520
-1498
-1441
-1386
-1333
-1254
-1103
-962
-894
-774
-585
-451
-320
-187
-46
60
147
255
351
437
462
478
522
563
556
555
576
540
510
501
501
503
489
506
555
592
624
712
813
923
1039
1221
1470
1632
1801
1697
1492
1384
1403
1607
1744
1667
1438
1060
685
511
494
497
317
-74
-447
-712
-922
-938
-906
-972
-1188
-1462
-1544
-1499
-1488
-1417
-1323
-1245
-1241
-1191
-1024
-847
-755
-633
-395
-188
-53
61
208
359
409
500
681
779
825
815
865
924
895
872
892
833
749
651
581
538
377
190
77
-43
-240
-409
-601
-761
-935
-1101
-1132
-1179
-1319
-1424
-1493
-1512
-1499
-1451
-1311
-1246
-1215
-1145
-1045
-871
-717
-588
-447
-340
-266
-157
3
141
235
278
338
397
436
509
533
538
515
492
475
492
471
434
411
368
346
365
423
478
532
588
662
721
860
1023
1211
1410
1610
1751
1560
1350
1246
1335
1543
1585
1508
1294
866
505
351
375
376
155
-203
-502
-776
-1002
-986
-948
-1043
-1242
-1431
-1436
-1427
-1463
-1359
-1264
-1186
-1128
-1008
-790
-650
-598
-428
-203
-16
156
306
456
516
532
649
816
887
900
896
917
905
855
842
809
706
572
485
435
367
187
21
-121
-306
-439
-527
-627
-791
-1008
-1166
-1212
-1234
-1227
-1274
-1313
-1376
-1418
-1348
-1199
-1112
-1038
-953
-871
-772
-658
-510
-366
-281
-202
-66
66
172
238
312
372
436
492
545
576
552
510
480
474
443
425
419
361
311
247
241
238
239
287
343
410
466
562
669
831
1015
1219
1436
1606
1506
1316
1235
1263
1395
1492
1493
1383
1056
698
511
416
372
187
-46
-292
-548
-776
-852
-869
-950
-1094
-1214
-1220
-1208
-1268
-1251
-1169
-1077
-978
-839
-618
-480
-479
-395
-225
-37
129
256
400
442
427
489
599
656
654
645
639
674
651
633
612
511
393
312
295
280
173
48
-52
-196
-314
-384
-440
-517
-657
-848
-919
-1005
-1018
-962
-984
-1024
-1110
-1150
-1101
-1020
-965
-879
-799
-711
-628
-523
-391
-280
-188
-83
62
182
275
347
415
474
491
553
600
579
548
478
422
379
322
257
210
134
82
46
16
-17
-68
-85
-11
59
149
234
324
433
551
723
933
1145
1281
1238
1118
1054
1079
1202
1298
1310
1190
965
743
587
486
407
286
149
-5
-175
-324
-416
-493
-569
-641
-688
-683
-692
-756
-795
-816
-814
-715
-605
-518
-501
-505
-477
-406
-329
-252
-164
-109
-77
-56
16
81
103
113
127
147
197
269
307
315
252
208
195
220
258
256
219
156
90
20
-11
-67
-130
-180
-250
-330
-397
-472
-512
-574
-607
-604
-608
-588
-578
-561
-543
-490
-427
-333
-241
-179
-118
-33
35
89
158
194
185
194
205
242
224
191
135
90
26
-53
-71
-121
-133
-196
-288
-279
-298
-329
-362
-381
-363
-354
-317
-249
-208
-174
-132
-64
2
22
105
197
251
330
395
486
576
602
624
645
680
718
751
794
799
809
823
828
814
756
706
644
567
512
470
443
376
282
179
78
-5
-91
-167
-219
-287
-352
-399
-430
-465
-484
-496
-515
-498
-488
-467
-415
-390
-380
-345
-306
-266
-222
-176
-150
-143
-123
-84
-42
-1
8
-6
-2
-12
3
2
3
5
-17
-23
-25
-21
-24
-15
-23
-24
-39
-10
5
17
57
76
95
82
81
77
68
62
61
70
72
24
-16
-58
-86
-108
-119
-135
-156
-179
-202
-226
-222
-218
-216
-208
-226
-217
-232
-255
-246
-224
-193
-162
-170
-183
-188
-228
-217
-199
-156
-128
-133
-132
-154
-156
-129
-98
-61
-39
-15
-13
11
41
83
146
194
243
243
286
329
375
403
430
465
490
499
486
476
466
444
427
412
409
385
328
275
226
197
152
131
119
80
55
-8
-29
-28
-60
-56
-69
-67
-78
-71
-78
-86
-71
-66
-66
-68
-65
-82
-111
-135
-120
-124
-114
-106
-136
-157
-175
-186
-166
-148
-111
-108
-109
-105
-98
-64
-38
-38
-28
-13
-30
-23
-20
-7
-10
-34
-48
-78
-110
-132
-151
-161
-182
-205
-208
-242
-271
-290
-284
-289
-257
-265
-248
-244
-248
-242
-220
-195
-186
-160
-140
-110
-107
-84
-59
-52
-54
-41
-27
-24
-97
-114
-122
-109
-88
-110
-119
-119
-118
-102
-103
-120
-152
-189
-164
-147
-152
-163
-156
-135
-110
-106
-95
-65
-47
-8
63
127
160
169
231
297
333
373
429
473
478
483
468
449
454
461
445
425
384
315
266
199
131
71
14
-60
-117
-179
-225
-292
-357
-401
-413
-415
-429
-435
-419
-376
-362
-324
-268
-204
-134
-75
-40
23
50
91
151
175
218
253
263
265
261
241
228
203
181
142
100
69
6
-58
-103
-153
-214
-277
-342
-425
-528
-599
-632
-645
-637
-650
-686
-741
-726
-700
-666
-613
-562
-504
-466
-424
-381
-311
-246
-203
-124
-62
-32
-20
19
49
78
93
145
196
186
164
127
104
91
63
63
51
20
10
-8
-20
-54
-89
-81
-86
-55
-38
20
107
178
256
361
456
502
584
654
764
917
1045
1164
1219
1225
1181
1093
1037
996
944
860
744
638
516
360
204
38
-132
-285
-431
-578
-696
-784
-830
-865
-873
-866
-834
-812
-781
-726
-650
-532
-414
-250
-94
45
186
334
424
495
568
626
691
742
772
745
710
676
628
554
454
336
211
98
-12
-132
-246
-343
-435
-557
-649
-717
-801
-850
-892
-928
-908
-897
-879
-840
-819
-752
-642
-516
-410
-315
-246
-152
-36
65
154
212
262
279
303
307
309
288
261
205
157
106
50
4
-52
-116
-185
-230
-294
-332
-397
-426
-452
-463
-455
-447
-399
-377
-312
-240
-161
-72
19
103
216
320
443
586
689
790
900
1026
1153
1285
1423
1572
1660
1701
1673
1585
1434
1283
1128
970
788
597
412
230
-15
-253
-487
-716
-947
-1111
-1236
-1361
-1406
-1419
-1391
-1318
-1224
-1114
-999
-895
-762
-572
-368
-152
87
315
512
705
853
964
1040
1040
1067
1049
986
932
840
736
595
426
230
23
-171
-369
-554
-710
-876
-986
-1077
-1133
-1168
-1188
-1190
-1193
-1179
-1115
-1014
-891
-747
-609
-472
-304
-160
-17
114
223
328
402
450
470
501
485
475
466
421
376
281
174
60
-36
-158
-239
-305
-360
-410
-477
-510
-540
-569
-594
-606
-602
-580
-528
-451
-335
-249
-171
-61
33
147
254
379
483
599
702
813
953
1069
1213
1345
1471
1582
1694
1786
1797
1715
1548
1354
1114
879
663
430
215
-1
-237
-450
-643
-831
-1031
-1225
-1373
-1466
-1460
-1428
-1314
-1193
-1032
-846
-676
-487
-319
-141
47
240
415
613
797
964
1096
1156
1196
1208
1148
1050
891
698
529
346
158
7
-174
-358
-538
-709
-848
-969
-1051
-1123
-1179
-1189
-1135
-1062
-956
-840
-717
-584
-455
-336
-226
-128
-39
80
173
279
374
437
460
441
411
359
301
201
92
-15
-119
-194
-294
-363
-418
-496
-562
-627
-633
-638
-631
-615
-583
-528
-484
-406
-337
-250
-182
-102
-34
28
92
160
252
322
404
472
563
645
703
769
826
875
943
1012
1137
1225
1346
1443
1515
1530
1441
1277
1090
843
572
292
42
-147
-352
-487
-606
-690
-788
-907
-1004
-1089
-1131
-1105
-1030
-919
-782
-604
-420
-224
-5
165
326
446
518
597
668
718
764
809
834
845
777
673
547
378
171
-27
-242
-440
-625
-783
-876
-934
-966
-979
-986
-978
-917
-884
-813
-733
-636
-539
-428
-303
-158
-28
69
134
165
199
193
171
161
139
104
53
6
-52
-142
-223
-293
-367
-453
-510
-576
-622
-650
-649
-624
-570
-511
-440
-354
-290
-232
-167
-81
-44
-10
36
71
123
168
191
231
253
288
322
363
406
438
486
518
574
653
718
817
919
1042
1175
1327
1463
1549
1569
1518
1372
1149
898
616
320
39
-200
-411
-600
-718
-809
-889
-943
-1001
-1015
-1032
-1034
-977
-880
-740
-530
-310
-81
135
331
510
663
747
806
853
840
820
772
716
655
584
479
329
165
-6
-209
-433
-648
-839
-993
-1090
-1135
-1125
-1084
-1008
-909
-792
-663
-555
-443
-325
-245
-199
-158
-106
-37
27
101
152
189
205
196
144
54
-40
-142
-241
-337
-432
-487
-516
-537
-533
-499
-460
-465
-429
-394
-372
-305
-230
-153
-96
-29
38
110
169
190
225
227
205
171
142
114
119
123
164
240
293
382
456
512
589
652
736
833
924
1044
1188
1339
1476
1552
1566
1469
1285
1011
711
406
56
-258
-532
-743
-895
-1002
-1021
-1008
-982
-958
-930
-873
-836
-750
-617
-452
-274
-66
142
353
554
722
845
935
951
902
835
714
567
412
242
120
-30
-196
-320
-457
-599
-709
-838
-940
-1008
-1053
-1046
-990
-895
-763
-610
-447
-300
-170
-72
-5
24
11
-11
-38
-59
-88
-92
-86
-99
-117
-155
-208
-255
-343
-412
-472
-536
-561
-583
-579
-529
-473
-381
-283
-201
-98
-15
51
125
162
174
187
194
202
180
169
156
133
118
113
93
90
98
115
190
242
309
406
490
583
702
827
971
1101
1245
1387
1470
1518
1525
1432
1245
1007
711
406
58
-277
-547
-785
-947
-1057
-1097
-1108
-1074
-1018
-929
-808
-692
-591
-457
-300
-145
23
202
386
544
710
832
890
943
923
858
748
581
421
223
16
-169
-329
-485
-582
-657
-715
-736
-743
-757
-736
-700
-645
-589
-497
-397
-312
-241
-183
-118
-75
-44
-24
-20
-48
-89
-159
-212
-265
-305
-372
-434
-459
-503
-552
-578
-576
-580
-582
-570
-519
-478
-395
-321
-215
-108
-28
82
135
203
233
245
241
237
225
205
178
120
97
94
114
153
191
255
328
391
459
537
628
735
842
966
1127
1262
1383
1464
1476
1451
1345
1155
897
598
258
-55
-338
-567
-744
-870
-924
-931
-886
-808
-707
-587
-470
-363
-285
-193
-100
2
96
172
280
365
430
497
558
562
545
487
386
274
110
-60
-237
-391
-536
-635
-703
-741
-744
-731
-663
-588
-482
-408
-351
-258
-205
-176
-173
-184
-187
-178
-191
-168
-160
-171
-155
-161
-178
-174
-186
-229
-260
-305
-349
-401
-435
-455
-462
-444
-447
-408
-355
-306
-242
-184
-138
-72
-24
6
27
60
73
66
49
60
48
52
58
70
95
146
235
308
392
474
592
694
780
886
989
1100
1208
1277
1343
1341
1265
1130
948
733
466
191
-83
-321
-534
-699
-808
-841
-799
-739
-637
-508
-355
-216
-93
45
116
193
240
262
281
289
314
315
321
320
312
279
242
181
98
7
-126
-267
-407
-545
-650
-731
-791
-797
-753
-671
-576
-476
-384
-299
-247
-223
-224
-241
-253
-273
-320
-352
-369
-376
-394
-372
-352
-340
-317
-312
-312
-334
-322
-313
-300
-302
-305
-278
-249
-186
-120
-69
-23
33
69
106
119
124
121
106
92
45
26
-11
-23
-40
-23
12
46
120
192
293
395
488
603
711
848
960
1075
1175
1243
1262
1231
1139
965
791
566
311
64
-196
-411
-581
-719
-774
-780
-734
-675
-580
-468
-331
-173
-70
56
134
193
210
233
242
246
236
227
231
223
203
186
176
132
86
0
-102
-216
-316
-425
-529
-598
-660
-674
-703
-697
-662
-619
-561
-459
-375
-288
-203
-164
-111
-84
-55
-65
-83
-116
-156
-210
-267
-309
-393
-439
-462
-468
-473
-452
-420
-382
-317
-253
-197
-119
-59
-7
49
104
159
187
217
240
288
309
340
396
427
466
493
515
566
617
644
694
725
770
829
869
913
918
910
874
793
684
553
433
271
124
-5
-122
-219
-322
-367
-387
-367
-337
-286
-228
-172
-109
-67
-33
-5
19
0
-14
-32
-47
-57
-93
-119
-159
-153
-154
-153
-138
-115
-111
-122
-132
-161
-223
-302
-348
-446
-516
-593
-654
-682
-689
-665
-646
-600
-521
-462
-406
-334
-272
-233
-214
-190
-181
-172
-172
-185
-182
-179
-177
-168
-155
-123
-86
-40
-15
22
62
83
108
106
117
100
70
79
78
66
97
133
203
258
343
435
538
640
739
843
923
1005
1069
1106
1107
1103
1028
948
811
657
513
319
156
-13
-166
-302
-425
-507
-527
-519
-515
-470
-392
-323
-223
-136
-68
9
57
94
110
103
97
90
43
12
-27
-65
-91
-110
-140
-188
-244
-289
-346
-426
-482
-561
-625
-674
-705
-752
-787
-798
-782
-759
-721
-680
-634
-578
-537
-470
-416
-388
-343
-312
-283
-259
-227
-224
-210
-195
-187
-156
-138
-107
-61
-26
11
70
124
185
230
279
328
382
443
495
555
640
695
719
781
811
862
885
916
922
912
914
867
833
756
674
572
466
347
225
115
14
-83
-144
-211
-234
-217
-188
-121
-57
16
106
172
226
265
270
260
217
175
105
-6
-115
-224
-329
-443
-547
-652
-707
-761
-804
-795
-780
-729
-663
-613
-545
-480
-399
-340
-306
-260
-245
-234
-262
-279
-335
-384
-429
-478
-496
-514
-518
-518
-498
-455
-407
-351
-303
-266
-211
-155
-111
-79
-21
12
38
92
146
202
263
332
382
456
520
599
667
721
749
800
828
829
827
801
763
735
678
607
542
464
393
311
229
150
104
35
-16
-43
-76
-70
-65
-65
-38
-8
29
52
63
85
89
103
77
35
-18
-70
-136
-213
-288
-345
-388
-442
-467
-462
-464
-464
-434
-412
-404
-373
-364
-343
-340
-339
-333
-340
-353
-371
-397
-432
-448
-489
-511
-538
-539
-537
-543
-513
-471
-428
-375
-316
-239
-157
-68
22
98
177
257
315
357
410
437
474
504
528
551
583
606
646
681
718
731
742
739
723
691
646
595
543
461
369
291
204
124
55
-8
-61
-127
-151
-169
-185
-199
-200
-207
-217
-212
-205
-192
-197
-215
-239
-248
-269
-283
-299
-325
-353
-355
-365
-380
-378
-371
-378
-377
-363
-355
-340
-328
-328
-305
-311
-317
-322
-343
-346
-340
-352
-366
-369
-380
-385
-368
-367
-345
-303
-271
-212
-153
-92
-18
53
106
175
230
283
348
397
453
501
555
591
623
663
688
715
732
728
711
677
625
582
517
438
355
272
189
91
-9
-75
-151
-220
-287
-331
-374
-385
-394
-395
-372
-360
-330
-310
-271
-261
-232
-204
-194
-197
-200
-202
-218
-230
-264
-276
-285
-301
-295
-293
-310
-339
-335
-343
-344
-345
-352
-354
-355
-350
-376
-361
-359
-339
-305
-261
-223
-164
-105
-66
-3
44
101
150
207
248
291
328
368
399
421
446
474
511
527
557
581
587
593
588
570
551
530
489
434
370
329
264
213
155
97
55
-14
-61
-125
-188
-225
-277
-342
-376
-417
-461
-485
-510
-524
-537
-537
-530
-507
-514
-474
-450
-445
-415
-405
-402
-391
-398
-406
-392
-382
-372
-364
-330
-298
-268
-241
-205
-172
-131
-108
-84
-47
-30
21
45
76
102
148
185
232
296
340
388
428
485
529
573
612
643
672
692
690
700
704
693
683
656
625
572
522
469
400
352
287
205
118
29
-27
-89
-147
-191
-248
-310
-336
-380
-390
-414
-454
-435
-444
-452
-473
-506
-488
-504
-531
-520
-516
-522
-534
-531
-525
-501
-509
-506
-498
-501
-478
-467
-428
-376
-336
-278
-222
-160
-109
-50
6
65
98
134
191
200
242
254
270
291
323
348
363
391
405
445
483
498
510
533
572
571
576
605
602
609
587
572
561
528
509
449
406
354
299
235
150
74
8
-43
-113
-189
-248
-289
-331
-361
-389
-394
-389
-368
-349
-321
-297
-279
-253
-244
-229
-228
-217
-228
-257
-263
-287
-302
-328
-338
-346
-355
-373
-386
-378
-388
-377
-367
-361
-331
-310
-270
-252
-228
-157
-112
-46
6
65
134
179
240
292
344
369
396
401
400
417
401
392
371
369
371
353
346
361
364
362
385
393
386
401
399
388
402
397
364
338
322
289
249
212
160
103
33
-37
-84
-153
-206
-262
-308
-339
-364
-356
-373
-382
-377
-368
-360
-336
-333
-320
-286
-274
-271
-242
-206
-208
-188
-184
-165
-165
-176
-163
-163
-180
-173
-164
-190
-189
-177
-182
-164
-145
-108
-57
-11
28
98
156
207
255
308
347
378
412
418
418
415
407
401
385
352
326
302
278
239
216
166
135
107
62
14
-35
-54
-87
-115
-122
-131
-139
-143
-131
-113
-101
-79
-66
-49
-47
-52
-59
-68
-63
-62
-85
-103
-127
-145
-149
-165
-174
-200
-211
-205
-194
-187
-199
-175
-154
-129
-110
-86
-60
-12
18
35
65
93
123
139
158
165
194
187
212
227
218
224
220
224
242
235
239
247
239
233
236
231
211
195
175
144
131
95
83
54
38
28
5
-23
-48
-53
-91
-110
-145
-162
-190
-208
-216
-212
-237
-224
-196
-198
-181
-162
-145
-134
-120
-105
-96
-95
-74
-73
-40
-34
-25
-19
-4
8
11
10
12
-8
-3
-2
-25
-30
-46
-60
-90
-87
-84
-80
-73
-66
-41
-30
-36
-18
-2
-3
3
8
29
28
41
52
79
112
139
161
192
225
214
229
213
202
189
193
172
135
118
96
85
72
34
26
18
-10
-10
-37
-47
-53
-61
-67
-66
-74
-80
-75
-74
-61
-66
-56
-48
-37
-12
-9
-14
-34
-44
-70
-88
-92
-109
-108
-136
-132
-127
-135
-115
-124
-116
-105
-84
-72
-53
-42
-11
-12
-10
10
4
23
30
37
43
48
50
57
74
61
77
83
79
78
74
71
49
60
55
58
52
60
59
56
44
45
38
39
29
30
24
-8
-7
-17
-9
-14
-41
-48
-65
-58
-80
-102
-103
-122
-147
-168
-179
-196
-175
-171
-161
-144
-139
-124
-97
-94
-92
-70
-59
-47
-48
-32
-33
-26
-17
-28
-10
0
15
12
19
36
50
58
67
61
71
70
93
86
97
132
120
128
127
109
114
129
112
122
97
95
86
74
77
46
34
12
4
-16
-42
-62
-70
-95
-115
-121
-143
-154
-142
-155
-147
-142
-131
-126
-113
-98
-79
-65
-57
-51
-28
-30
-32
-22
-25
-12
-28
-31
-36
-44
-41
-33
-21
-44
-45
-52
-49
-60
-62
-61
-58
-43
-25
-25
-23
-16
-25
0
-16
-8
-6
-9
-3
1
41
44
54
68
60
74
89
115
118
119
122
129
115
96
115
91
80
71
71
46
23
10
-18
-33
-67
-72
-93
-107
-124
-144
-138
-144
-169
-158
-155
-158
-128
-141
-126
-128
-91
-76
-75
-60
-57
-36
-26
-24
-37
-22
-28
-13
-8
-1
15
25
20
11
5
-1
-12
-33
-31
-55
-66
-94
-100
-100
-104
-84
-86
-63
-57
-60
-38
-22
5
22
42
68
102
138
146
159
181
176
169
176
154
128
129
110
66
46
36
4
-17
-24
-34
-33
-49
-43
-42
-27
-26
-32
-30
-43
-31
-34
-39
-34
-27
-33
-16
-36
-42
-46
-56
-54
-54
-65
-65
-72
-93
-62
-57
-37
-15
5
24
37
36
52
40
20
12
-18
5
-28
-45
-67
-78
-81
-108
-97
-111
-107
-101
-98
-100
-91
-78
-72
-63
-35
-20
-5
-5
17
33
56
78
93
104
129
99
103
97
79
79
37
22
2
17
-17
-7
-27
-44
-34
-43
-34
-38
-56
-48
-38
-47
-22
-24
-27
-14
3
29
31
47
59
75
70
84
94
89
80
68
61
45
38
6
-2
-22
-31
-57
-89
-113
-122
-143
-165
-143
-126
-125
-111
-101
-96
-74
-73
-69
-69
-65
-69
-57
-51
-33
-33
-22
8
18
35
34
64
82
62
99
91
89
101
92
86
81
73
65
59
46
24
32
18
12
5
-17
-17
-56
-65
-75
-83
-111
-111
-122
-136
-147
-155
-162
-150
-141
-151
-108
-93
-74
-49
-20
4
23
13
27
62
45
60
57
45
41
28
22
4
-13
-29
-24
-66
-62
-99
-101
-80
-97
-99
-106
-99
-88
-71
-64
-54
-49
-27
-2
28
44
72
104
135
142
147
143
142
160
146
137
124
115
97
69
35
34
4
-4
-15
-51
-76
-84
-97
-108
-125
-126
-117
-134
-136
-130
-126
-121
-111
-109
-98
-105
-97
-109
-85
-81
-66
-32
-27
-30
-20
-23
-9
1
-7
21
25
29
18
20
23
27
6
-7
-9
-15
-33
-58
-69
-96
-88
-78
-90
-94
-96
-88
-96
-80
-78
-67
-63
-46
-31
-24
-22
16
40
42
77
80
109
127
125
120
131
105
92
90
97
58
31
20
-13
-18
-48
-63
-81
-85
-94
-127
-126
-134
-120
-114
-96
-76
-75
-54
-36
-45
-14
3
-11
9
13
15
13
26
9
-1
12
1
7
-28
-20
-34
-33
-26
-49
-44
-60
-74
-69
-72
-83
-88
-81
-70
-85
-85
-78
-85
-67
-57
-50
-36
-42
5
15
34
33
57
63
57
56
61
88
76
101
92
91
105
107
103
101
98
93
70
53
50
41
34
11
-4
-29
-43
-42
-57
-56
-58
-46
-51
-54
-71
-69
-61
-58
-56
-58
-42
-27
-17
-25
-21
-9
-1
-1
-5
1
-16
-23
-16
-28
-27
-62
-58
-69
-84
-84
-79
-66
-71
-45
-51
-30
-12
-12
8
12
28
16
40
45
41
56
61
58
64
64
50
55
50
44
51
54
51
55
39
34
58
72
76
84
79
75
86
62
78
50
39
38
9
1
-23
-18
-46
-69
-64
-81
-87
-91
-81
-78
-84
-81
-85
-88
-79
-80
-89
-81
-62
-64
-69
-65
-51
-42
-12
-5
2
9
20
26
34
37
43
56
33
42
44
36
38
24
9
8
11
-3
-5
-8
-32
-37
-37
-44
-52
-40
-31
-33
-12
-20
-4
2
18
33
41
50
61
81
70
86
101
114
108
113
116
130
150
125
123
114
111
94
62
34
20
-7
-36
-55
-55
-69
-98
-95
-98
-104
-113
-104
-110
-123
-110
-108
-96
-116
-88
-60
-64
-43
-34
-17
5
15
21
23
23
27
15
32
15
0
3
-11
-17
-24
-23
-9
-17
-27
-28
-15
-25
-20
-15
-13
2
-4
10
33
49
70
75
94
113
116
126
136
123
124
134
114
117
93
87
64
61
56
44
52
20
4
-13
-34
-28
-33
-37
-56
-51
-60
-58
-49
-47
-54
-37
-50
-41
-33
-43
-45
-43
-44
-39
-51
-49
-56
-67
-63
-65
-52
-60
-68
-47
-33
-26
-24
-19
-22
-14
-32
-23
-25
-48
-43
-63
-53
-61
-76
-58
-67
-68
-69
-79
-63
-64
-52
-38
-13
5
5
12
40
53
51
63
63
75
74
83
98
75
81
56
70
61
31
28
24
13
-7
1
0
-4
-11
-12
-6
-25
-32
-13
-14
-16
5
10
15
30
39
57
58
94
97
91
115
81
92
61
47
42
30
14
-10
-20
-40
-45
-62
-58
-63
-96
-107
-115
-118
-116
-125
-146
-154
-126
-123
-131
-115
-108
-117
-101
-93
-86
-79
-81
-90
-68
-58
-36
-10
-10
-12
6
16
27
32
35
35
44
32
15
29
27
27
12
20
23
29
24
19
15
1
9
1
-25
-29
-19
-20
-23
-36
-35
-31
-23
-17
-13
0
-1
7
-7
-3
-6
-15
-12
-25
-14
-45
-24
-19
-31
-27
-9
0
-12
4
-19
-12
-12
-26
-29
-52
-58
-52
-64
-80
-73
-80
-72
-54
-65
-66
-48
-36
-27
-6
0
33
46
49
59
65
74
71
90
75
71
56
40
43
17
-4
-16
-32
-30
-52
-64
-74
-86
-73
-93
-76
-74
-80
-84
-85
-77
-87
-81
-83
-67
-65
-56
-50
-42
-55
-62
-52
-60
-37
-49
-41
-38
-29
-10
-1
2
1
18
19
18
37
41
44
47
43
33
31
25
21
8
2
3
2
-2
-17
-26
-38
-19
-29
-14
-5
-12
-6
-13
0
-3
26
28
43
47
43
44
44
55
46
53
17
15
-5
-14
-25
-47
-62
-83
-88
-118
-118
-126
-139
-135
-145
-153
-145
-139
-121
-120
-104
-94
-91
-77
-57
-36
-41
-24
-2
-5
-3
2
-4
-10
-18
-34
-46
-60
-78
-84
-82
-97
-98
-101
-114
-101
-113
-103
-98
-85
-82
-76
-66
-74
-52
-45
-51
-50
-54
-56
-62
-53
-45
-43
-37
-24
-4
-1
9
20
32
43
60
60
62
60
40
44
63
56
55
41
36
28
10
-14
-44
-30
-42
-70
-77
-83
-79
-83
-90
-88
-92
-105
-103
-97
-88
-88
-74
-61
-57
-55
-52
-47
-33
-32
-35
-25
-20
-17
-29
-25
-30
-35
-45
-50
-82
-105
-117
-136
-145
-154
-172
-177
-161
-153
-157
-153
-151
-133
-127
-108
-82
-57
-44
-33
-41
-17
12
-3
18
9
15
25
7
15
2
8
25
14
8
8
4
1
-12
-10
0
3
-7
-23
-13
-14
-35
-20
-26
-43
-35
-38
-49
-62
-49
-36
-16
-27
-21
-30
-36
-29
-32
-9
-16
-18
-7
-9
-21
-29
-26
-11
-19
10
16
2
12
11
-11
-1
-7
-29
-14
-47
-54
-64
-75
-83
-91
-110
-121
-119
-127
-133
-142
-122
-130
-122
-126
-107
-115
-98
-78
-82
-63
-70
-47
-36
-21
-21
-16
-13
-15
-15
-17
-12
-18
-32
-41
-60
-63
-71
-61
-70
-91
-76
-91
-100
-104
-95
-91
-100
-94
-92
-91
-81
-75
-68
-44
-34
-19
-3
0
14
35
40
59
68
55
47
62
61
56
60
53
44
39
42
27
37
19
8
-1
0
6
-8
-12
-25
-18
-31
-23
-41
-32
-19
-6
0
-14
-3
-26
-7
-9
-21
-19
-21
-9
-28
-33
-53
-41
-48
-61
-65
-74
-80
-81
-82
-91
-89
-114
-121
-114
-127
-126
-146
-145
-147
-156
-161
-158
-159
-167
-154
-158
-171
-170
-148
-135
-127
-104
-87
-62
-39
-28
1
14
20
46
59
79
85
84
114
127
133
153
146
137
156
156
157
166
162
148
136
118
112
103
84
86
64
44
46
51
33
44
61
36
28
47
50
52
58
69
71
59
40
21
13
10
-10
-10
-20
-36
-45
-57
-65
-86
-76
-86
-79
-97
-104
-123
-127
-119
-121
-128
-115
-129
-139
-128
-131
-136
-137
-118
-120
-117
-113
-107
-84
-83
-84
-53
-32
-36
-1
7
11
46
47
63
88
77
80
79
85
97
93
95
94
95
87
74
72
61
57
46
41
34
29
25
21
0
7
13
21
43
35
58
57
62
69
64
72
62
68
74
87
76
72
89
81
65
60
70
65
46
33
24
18
13
13
-20
-17
-16
-21
-18
-20
-32
-53
-58
-66
-86
-93
-83
-98
-87
-76
-76
-80
-71
-65
-56
-35
-13
-14
-11
10
12
21
18
32
21
23
51
45
46
54
53
45
50
29
37
44
32
53
42
49
55
49
63
53
46
56
56
63
72
65
65
77
98
93
81
82
82
78
87
94
91
89
79
59
55
46
43
32
8
10
3
-7
-18
-12
-8
2
3
-7
-3
-5
-12
-16
-22
-30
-35
-31
-38
-60
-37
-36
-33
-23
-25
-13
-6
4
13
28
20
30
43
49
42
37
33
38
46
46
29
13
19
18
6
9
-5
-11
7
-15
3
3
5
-9
-20
-6
-5
13
1
0
1
3
19
7
15
24
27
26
6
26
26
25
34
23
31
26
23
17
10
16
16
15
36
43
33
38
14
28
34
38
38
47
36
31
38
22
24
20
34
30
31
20
30
29
39
23
17
52
36
36
38
44
40
35
16
22
29
29
5
1
20
6
20
5
1
-13
-15
-12
-29
-19
-36
-46
-47
-59
-66
-76
-71
-70
-62
-53
-44
-63
-61
-45
-37
-24
-35
-29
-31
-29
-30
-31
-30
-45
-58
-56
-63
-63
-66
-68
-49
-48
-51
-53
-42
-39
-33
-29
-19
-7
-7
-12
8
20
28
33
40
36
32
43
48
45
48
45
46
38
40
49
39
46
39
58
52
52
52
64
80
57
68
67
66
60
59
69
71
56
63
60
48
45
13
13
-2
-13
-12
-28
-29
-49
-40
-62
-67
-60
-62
-60
-78
-74
-68
-57
-63
-52
-39
-51
-51
-36
-38
-22
-23
-40
-19
-26
-32
-35
-31
-24
-36
-46
-44
-45
-40
-44
-46
-34
-22
-24
-28
-18
-13
-20
-2
-3
12
8
28
31
22
54
61
53
55
78
71
70
81
77
71
75
61
71
66
62
69
53
43
43
44
54
42
31
39
25
39
30
18
6
-4
6
-9
-18
-9
-2
-6
-14
-12
-4
-18
-32
-32
-31
-34
-27
-44
-43
-28
-27
-20
-23
-31
-28
-20
-15
-38
-26
-18
-34
-26
-39
-43
-57
-73
-66
-71
-72
-62
-84
-82
-78
-71
-64
-68
-64
-77
-75
-75
-53
-46
-39
-35
-46
-34
-29
-14
-13
-11
-6
-10
-9
-7
-1
-6
-11
-10
-1
-2
-15
-5
-10
-7
-9
-23
-13
1
-9
-14
-18
-24
-20
-21
-19
2
-11
-14
-7
1
-11
-10
-14
-20
2
-8
-20
-13
-3
-25
-18
-25
-26
-22
-29
-27
-35
-22
-50
-54
-33
-48
-61
-58
-46
-43
-53
-59
-54
-55
-66
-54
-60
-64
-62
-58
-53
-54
-56
-51
-49
-56
-54
-56
-52
-65
-61
-64
-59
-42
-49
-46
-55
-35
-41
-37
-41
-37
-19
-32
-25
-34
-25
-25
-19
-26
-27
-23
-26
-19
-28
-21
-25
-35
-39
-35
-53
-43
-47
-53
-54
-54
-54
-44
-42
-38
-44
-55
-30
-25
-42
-37
-37
-15
-20
-35
-25
-21
-29
-17
-27
-41
-38
-42
-41
-52
-56
-68
-61
-61
-74
-76
-80
-79
-74
-78
-87
-77
-83
-79
-81
-82
-81
-75
-70
-80
-68
-62
-54
-57
-50
-63
-54
-62
-59
-49
-60
-50
-58
-75
-63
-56
-79
-74
-77
-67
-67
-90
-95
-83
-92
-92
-88
-93
-92
-74
-79
-82
-91
-79
-73
-86
-63
-81
-76
-66
-80
-88
-80
-76
-86
-84
-77
-81
-71
-77
-71
-65
-78
-78
-67
-70
-58
-69
-78
-68
-54
-65
-68
-80
-66
-79
-85
-88
-111
-87
-99
-103
-103
-102
-95
-93
-86
-82
-85
-84
-79
-66
-78
-72
-58
-51
-40
-52
-46
-36
-43
-36
-37
-48
-48
-44
-56
-68
-95
-93
-108
-103
-93
-114
-107
-113
-116
-120
-124
-131
-118
-119
-128
-116
-109
-95
-87
-85
-72
-58
-55
-52
-54
-36
-28
-29
-23
-25
-38
-51
-40
-48
-33
-41
-45
-44
-37
-45
-37
-50
-77
-58
-68
-44
-52
-67
-64
-48
-56
-59
-51
-44
-43
-39
-34
-28
-30
-31
-28
-48
-50
-53
-42
-34
-33
-49
-22
-18
-25
-26
-34
-30
-9
3
-13
-20
-6
-20
-26
-31
-28
-17
-34
-47
-53
-59
-61
-39
-45
-19
-26
-36
-14
-24
-26
-24
-32
-23
-8
-7
-7
-19
6
1
1
12
-14
3
-3
-4
1
-3
-10
-11
-25
-38
-36
-50
-41
-66
-44
-52
-65
-53
-58
-62
-62
-48
-59
-54
-48
-55
-66
-52
-63
-58
-51
-58
-39
-31
-24
-25
-10
-21
-21
-15
-9
-5
-2
6
-2
8
5
-2
9
1
4
29
1
2
7
1
7
2
-19
-18
-12
-26
-28
-29
-33
-42
-52
-44
-51
-55
-48
-50
-54
-40
-34
-13
-19
-18
-4
-18
-11
-5
-2
2
-6
-4
7
13
-2
7
-2
-18
-26
-37
-34
-47
-54
-68
-56
-64
-64
-69
-73
-72
-62
-70
-82
-74
-70
-63
-59
-58
-54
-56
-45
-46
-39
-37
-22
-38
-27
-10
-28
-33
-39
-32
-28
-26
-37
-28
-54
-65
-75
-64
-55
-60
-66
-65
-55
-60
-70
-75
-67
-71
-61
-41
-47
-56
-37
-37
-35
-17
-6
-6
-9
-10
-3
12
16
9
5
9
-1
-3
15
10
2
1
-15
-18
-12
-31
-37
-27
-31
-29
-60
-69
-70
-75
-83
-95
-76
-82
-99
-81
-76
-63
-65
-72
-49
-55
-43
-51
-33
-34
-42
-29
-29
-19
-18
-5
-14
-19
-10
-24
-25
-22
-23
-26
-27
-22
-39
-44
-42
-43
-55
-60
-45
-54
-50
-54
-37
-32
-29
-26
-7
-4
-1
-13
-9
-9
7
0
-1
-4
-3
-6
-20
-3
-17
-4
-25
-21
-26
-23
-35
-37
-34
-42
-36
-28
-31
-44
-24
-31
-26
-15
-26
-18
-16
-19
-23
-21
-22
-12
-5
7
2
-13
5
0
7
22
18
25
20
16
13
7
9
2
5
7
13
5
2
-1
6
15
3
0
-2
-12
-11
-13
-15
-10
-21
-17
-31
-25
-27
-53
-39
-38
-51
-53
-34
-33
-53
-55
-44
-57
-47
-59
-50
-52
-47
-28
-29
-15
-27
-28
-34
-41
-28
-34
-28
-20
-34
-22
-17
-18
-12
-15
-13
-19
-16
-9
-2
-6
2
-3
8
1
9
6
5
27
18
16
-5
-23
-14
-8
0
8
2
6
3
13
12
18
19
25
8
15
28
17
24
8
15
18
18
16
1
11
24
-2
-1
7
2
-4
-12
-6
-15
-1
-5
-24
-12
-20
-32
-11
-15
-24
-31
-20
-8
-19
-27
-22
-31
-23
-30
-51
-50
-37
-48
-51
-37
-43
-35
-38
-43
-27
-43
-46
-55
-45
-37
-33
-38
-44
-27
-45
-31
-18
-27
-36
-22
-21
-25
-8
-16
-20
-7
-11
-5
-7
-3
-12
-20
1
-5
-11
-12
-10
-12
-16
-18
0
19
-11
2
17
29
21
7
14
8
-2
0
3
-13
-6
8
2
5
-6
-3
4
0
-3
-6
-10
-13
-18
-29
-14
-22
-33
-38
-41
-50
-70
-48
-62
-63
-60
-78
-72
-70
-69
-71
-65
-50
-58
-45
-35
-40
-37
-54
-23
-19
-37
-34
-30
-26
-24
-30
-21
-16
-24
-34
-30
-36
-42
-34
-42
-42
-44
-31
-42
-30
-33
-31
-25
-33
-23
-32
-26
-23
-26
-26
-37
-30
-36
-26
-19
-14
-13
-36
-22
-22
-33
-10
-14
-22
-37
-33
-32
-36
-29
-25
-29
-38
-28
-26
-27
-20
-18
-24
-32
-41
-33
-28
-25
-52
-52
-22
-34
-33
-34
-38
-46
-20
-29
-29
-49
-39
-21
-42
-40
-43
-32
-50
-58
-49
-40
-45
-58
-42
-36
-48
-50
-48
-52
-59
-58
-51
-46
-46
-37
-40
-39
-31
-27
-40
-7
-10
-3
-11
-2
8
12
6
0
21
14
22
9
8
-3
-10
-11
-14
-18
-19
-26
-22
-21
-26
-39
-36
-41
-37
-38
-37
-38
-32
-21
-11
-13
-24
-18
-7
2
-4
11
0
7
27
5
9
2
2
3
-9
-3
1
-5
-4
-25
-42
-28
-30
-32
-31
-37
-57
-42
-52
-45
-39
-37
-34
-44
-43
-49
-52
-50
-49
-50
-45
-36
-56
-47
-60
-50
-35
-37
-20
-35
-26
-23
-21
-25
-8
0
-11
-2
4
5
-7
-15
-4
-11
-21
3
-6
8
12
9
21
4
21
22
18
8
24
25
29
28
39
42
43
43
35
47
38
43
45
63
50
49
48
52
58
47
61
45
28
33
31
29
20
22
16
16
11
2
25
5
2
-6
1
14
13
-1
7
16
14
14
-2
16
25
12
22
16
17
7
11
20
18
24
6
12
22
21
24
30
10
12
16
11
16
16
18
14
7
13
31
39
33
40
35
35
26
35
39
36
47
51
70
66
65
61
61
63
79
87
77
81
74
81
85
85
84
91
88
80
82
87
96
82
85
76
76
66
69
59
49
46
39
47
50
51
39
36
55
49
41
32
33
31
21
31
33
25
37
37
21
25
29
13
13
13
0
11
-1
6
7
-4
-2
15
16
10
10
-6
1
-5
-8
4
-4
14
16
26
20
37
45
42
48
42
65
56
47
52
76
72
68
46
82
76
63
75
56
55
49
61
42
53
45
27
34
28
40
38
31
35
26
24
18
37
12
9
17
2
20
24
13
10
20
10
13
11
17
14
10
14
15
28
1
0
-8
-23
-18
-8
-6
-8
1
-12
-27
-19
-7
-16
-2
-12
-14
-7
0
0
7
25
17
30
13
23
31
35
29
42
34
26
43
17
31
38
30
24
31
32
39
25
13
17
25
26
9
5
3
7
6
-14
-8
2
8
9
1
-8
-6
21
28
20
18
12
28
44
29
30
33
41
40
36
41
47
44
49
63
55
56
55
62
52
46
46
20
25
27
37
32
19
15
6
9
12
-10
0
4
-2
7
3
12
-8
-15
16
14
7
16
10
12
11
33
33
33
24
14
33
29
12
17
10
10
23
20
-1
-10
5
9
7
4
12
-2
0
13
-6
3
9
5
15
26
29
32
36
25
32
32
36
43
45
38
44
48
45
43
31
22
36
40
43
35
29
40
34
39
37
36
30
29
21
16
28
19
25
24
27
21
25
24
19
23
34
32
41
46
45
57
52
49
41
61
62
78
65
48
40
47
62
42
42
48
43
30
20
21
30
19
20
18
7
-13
-12
-23
-29
-25
-39
-19
-28
-37
-39
-26
-22
-28
-20
-35
-13
-9
-1
-13
0
7
-19
-21
-2
0
-5
-6
0
13
-8
-1
-7
-27
-27
-9
-18
-13
-2
-2
-4
-16
-7
-20
-17
-3
-14
-1
5
12
2
15
13
9
12
32
31
26
22
13
36
21
22
14
30
37
26
6
19
9
1
3
6
0
-14
-1
-24
-16
-13
-13
-5
-20
-41
-34
-29
-31
-43
-32
-27
-48
-45
-44
-50
-43
-32
-42
-41
-26
-39
-38
-34
-43
-35
-17
-25
-34
-32
-28
-20
-20
-32
-41
-31
-50
-38
-40
-44
-38
-57
-54
-47
-51
-52
-38
-32
-34
-29
-26
-29
-14
-14
1
10
20
13
6
38
26
23
24
34
40
27
40
47
42
38
39
42
44
28
32
22
11
24
2
4
1
12
35
24
8
14
41
16
7
-1
0
13
16
11
-6
12
9
10
22
7
8
19
19
12
15
15
25
15
5
10
15
18
6
1
2
-8
-18
-16
-13
3
-2
-6
-10
-1
-11
-15
1
-3
-10
-12
-6
-7
6
-10
7
8
13
13
6
22
32
14
17
21
26
17
10
14
37
25
21
30
18
20
32
32
28
22
12
23
11
18
18
19
20
13
42
39
26
30
46
54
56
64
56
47
51
67
65
69
59
60
77
57
55
51
48
39
47
31
37
26
0
17
12
10
31
20
12
5
-5
5
1
2
1
-17
-10
-14
-12
-12
-32
-17
-20
-11
-27
-33
-34
-21
-23
-20
-15
-18
-13
-28
-19
-19
-8
-16
-26
-15
-6
-11
-14
-15
-11
-17
-26
-19
-4
-20
-32
-13
-24
-39
-28
-27
-32
-29
-26
-22
-33
-7
7
-13
-9
15
10
8
30
18
6
39
26
38
36
22
16
12
26
11
9
28
17
-8
1
-4
-6
-1
4
15
-6
-16
-7
6
-8
9
-2
-12
0
-5
16
21
22
23
13
-1
2
4
14
2
-2
1
3
-3
-2
0
-18
-19
-34
-23
-27
-44
-42
-34
-43
-38
-36
-39
-31
-43
-33
-25
-17
-36
-30
-32
-6
-5
-4
-13
-3
5
1
5
3
13
14
29
11
18
22
28
18
23
33
40
38
48
29
20
27
28
41
26
8
28
31
25
26
26
30
20
29
30
29
25
43
37
38
44
46
39
41
49
52
60
36
48
59
50
39
45
20
26
41
29
27
12
15
21
1
8
-3
9
9
12
8
8
9
-8
-5
-10
-10
-15
0
12
19
19
26
20
42
38
13
15
29
31
19
26
19
34
22
29
48
36
34
39
45
27
24
37
27
26
17
31
7
14
23
27
41
24
20
10
40
23
38
46
46
47
42
56
59
66
61
55
76
86
80
92
67
75
65
76
93
67
67
59
60
55
54
53
49
53
47
42
52
41
39
36
21
29
32
47
40
53
30
25
62
37
44
36
47
51
48
44
43
43
47
36
38
34
36
41
31
48
47
50
25
31
45
28
31
53
28
41
32
20
27
23
36
23
17
26
28
32
22
45
30
24
50
40
55
46
40
54
62
49
53
40
40
29
37
61
49
37
43
60
50
44
48
41
56
45
55
63
50
70
74
63
77
77
70
77
86
84
70
71
81
93
90
85
82
94
99
97
83
86
86
97
103
96
94
86
94
86
74
69
75
67
70
71
55
60
69
46
54
48
32
37
45
36
44
57
38
30
34
33
26
35
16
42
28
29
29
6
22
11
10
11
22
30
16
31
28
28
33
38
30
29
30
21
46
42
41
49
42
51
48
43
54
52
56
48
65
55
67
70
72
75
85
86
77
92
81
69
80
77
80
85
85
83
78
95
68
65
79
71
60
62
58
70
65
56
45
53
65
40
44
31
45
34
24
42
49
45
31
42
29
19
34
28
25
33
28
34
16
5
18
12
17
16
14
3
22
12
0
18
1
18
2
6
4
1
19
19
24
20
35
31
28
33
45
50
37
51
47
52
61
65
52
70
73
67
76
64
71
66
64
71
64
58
66
65
76
48
54
58
57
54
54
54
47
61
48
48
49
43
35
29
50
32
28
26
20
44
36
45
44
29
8
13
34
28
23
12
18
25
6
-10
5
12
10
11
12
1
-4
7
5
-1
-2
-8
0
7
2
2
-2
13
18
3
-2
22
20
10
15
7
25
35
23
25
27
23
18
16
43
29
28
28
27
43
34
26
42
30
41
48
51
39
25
57
39
56
63
53
50
57
42
37
46
36
45
50
46
56
67
46
48
51
59
54
58
67
63
61
54
75
84
64
54
56
57
53
61
57
66
69
48
47
43
43
54
44
40
41
47
41
42
59
47
43
55
57
57
56
35
42
61
54
54
60
58
42
36
31
41
41
36
13
7
25
16
26
28
12
24
19
24
13
12
9
17
30
31
25
37
35
23
17
38
37
42
50
42
43
18
29
38
36
47
45
41
52
42
41
46
73
62
58
70
48
47
52
61
63
73
62
63
77
67
64
56
54
69
73
57
65
76
68
63
57
49
74
63
62
71
66
66
63
61
60
71
74
70
74
83
60
49
69
62
60
75
57
62
50
48
48
59
68
60
67
73
57
46
73
63
44
51
53
56
38
45
51
34
40
35
41
28
32
49
29
21
20
24
24
20
24
35
28
27
39
33
34
30
7
33
43
38
41
47
56
59
50
48
56
61
54
55
51
64
64
72
78
68
84
73
70
84
67
90
95
85
92
80
78
78
75
82
84
68
81
81
71
65
65
61
55
57
46
50
65
63
63
65
71
59
56
40
49
45
32
58
39
24
37
28
41
39
34
37
24
33
26
40
36
29
44
50
28
32
31
43
55
55
38
46
67
50
76
75
73
75
79
78
85
91
86
84
84
95
89
99
100
85
93
89
110
108
97
105
102
111
120
129
127
116
128
124
128
151
147
139
145
129
130
136
135
137
139
140
148
139
144
151
137
155
144
150
157
149
146
155
164
164
165
172
158
140
160
167
156
162
162
161
164
158
159
149
151
145
146
151
142
132
130
131
140
128
131
139
143
139
128
129
144
135
142
127
135
135
130
118
118
112
110
117
122
139
123
121
122
147
130
122
119
127
119
113
122
112
114
117
133
111
129
115
103
99
104
126
119
105
101
109
113
112
101
119
113
107
94
110
113
113
110
96
93
103
109
110
99
90
87
85
98
93
86
76
78
75
62
78
76
74
80
79
83
67
58
52
55
64
48
57
52
60
71
55
58
48
39
52
53
46
36
34
46
41
31
25
26
29
27
22
7
24
29
34
33
28
33
36
32
37
37
35
37
29
31
41
46
35
40
26
39
55
54
55
50
61
72
60
59
73
79
88
74
64
75
79
68
69
76
64
62
77
69
75
63
69
66
65
70
66
75
73
68
67
70
61
53
60
76
88
86
72
54
54
65
65
74
64
58
58
51
54
54
46
53
65
51
56
46
46
37
38
40
45
42
38
33
26
40
20
15
35
31
20
33
32
25
33
40
39
36
42
40
42
35
27
32
31
31
18
43
40
42
36
30
37
23
26
18
31
36
43
41
41
22
46
45
38
71
46
52
56
52
52
48
45
31
46
44
33
34
24
41
58
52
39
46
44
39
59
55
57
58
60
69
59
46
45
58
56
43
56
46
36
34
34
18
9
25
16
17
25
19
14
9
12
16
21
15
7
21
4
14
16
12
31
10
16
41
23
19
20
23
14
14
21
16
34
20
12
20
32
38
10
35
34
45
46
39
46
41
41
17
28
18
21
28
36
33
29
40
34
32
51
25
32
43
40
41
41
46
54
43
42
42
36
52
45
52
38
44
56
35
40
34
17
21
30
38
26
27
41
21
14
27
1
3
3
8
14
8
11
3
23
11
26
26
14
29
22
18
7
7
14
25
6
13
5
2
-4
-6
4
-14
-16
2
-5
2
-24
-21
-7
-12
-15
-13
-22
-13
-6
-14
1
-5
5
-13
-3
4
7
-6
-7
-11
-4
-10
-12
-2
-8
4
-13
-2
-2
7
4
-7
-2
7
2
12
2
9
19
-12
-8
9
11
8
6
-1
14
18
-6
12
16
-2
-7
15
13
17
23
23
10
18
9
9
23
28
31
37
45
28
34
37
23
26
19
11
8
26
14
4
13
8
5
2
14
14
7
-3
-3
27
2
1
-12
-25
2
-8
-19
-7
-6
-7
-12
-19
-28
-25
-19
-31
-19
-33
-33
-30
-36
-37
-29
-5
-13
-22
-10
-19
-23
-8
-12
-21
-17
-22
-16
-9
-18
-8
-8
3
-1
0
8
7
-10
-8
9
6
27
2
34
25
35
34
28
38
43
46
34
50
32
46
45
48
49
43
48
44
48
48
31
36
26
31
32
25
27
7
8
13
4
4
5
15
17
18
6
4
4
-7
6
-19
-9
-11
-6
-8
-14
-11
-17
-18
-11
-26
-30
-18
-10
-19
-25
-21
-20
-21
-22
-8
-11
-15
-22
-17
-26
-17
-21
-23
-9
-23
-26
3
-17
-8
-11
-11
12
5
5
1
-9
5
12
0
6
8
7
15
19
22
17
25
23
19
23
22
24
21
-2
8
17
35
39
10
22
12
9
1
5
15
4
1
16
11
6
0
-4
13
10
7
-9
-7
-9
-16
-4
-17
-16
-14
1
-4
-16
9
1
1
-8
-1
-6
-6
0
-11
-9
-19
-14
-27
-21
-24
-13
-16
-29
-11
-17
-16
-6
-2
-7
-11
-7
-3
9
3
14
5
6
5
-14
1
-2
1
12
9
4
7
-1
13
26
13
14
6
13
11
23
15
24
34
26
27
17
22
22
27
6
5
19
26
14
6
15
18
21
16
34
29
9
16
17
19
23
-7
-6
14
16
7
-1
6
13
6
-1
12
1
-3
4
-13
-9
-16
-12
-15
-13
-21
-15
-18
-22
-32
-34
-14
-25
-18
-19
1
-18
-16
-24
-29
-24
-10
-14
-19
-13
-32
-12
-15
-10
-26
-24
-30
-31
-20
-31
-35
-30
-12
-18
-7
-11
-1
-8
-12
-13
-30
-16
-13
-2
-6
5
-7
-15
-7
12
11
-10
-21
-1
11
7
5
7
7
-9
9
8
6
-4
-6
1
8
6
6
1
15
5
8
27
19
29
33
21
19
17
18
14
12
25
25
20
23
22
26
15
21
30
23
21
10
7
13
14
14
5
11
5
-16
-5
-10
-17
-3
2
21
25
5
15
-4
-8
7
6
11
-6
7
11
9
-5
4
13
-1
4
5
16
1
7
1
-10
3
8
-1
-4
-7
-2
0
-4
2
10
1
-4
14
7
-1
13
10
13
7
9
13
20
8
6
10
17
1
13
27
18
23
39
40
24
25
28
23
23
40
18
24
28
11
9
27
15
17
13
-2
-2
6
0
-18
15
-2
-6
-3
-15
-15
-13
-23
-21
-18
-23
-24
-22
-17
-30
-23
-21
-22
-18
-15
-26
-23
-34
-32
-27
-31
-39
-31
-16
-40
-32
-35
-25
-34
-27
-40
-44
-31
-48
-35
-46
-23
-35
-42
-32
-35
-37
-30
-50
-44
-30
-34
-34
-30
-38
-24
-10
-28
-28
-13
-19
-22
-18
-15
-31
-10
-17
-9
-5
-17
-8
-22
-27
-9
-8
-20
-13
-11
-26
-20
-21
-30
-41
-36
-31
-55
-62
-56
-49
-55
-60
-46
-55
-51
-40
-49
-41
-53
-51
-42
-23
-45
-71
-66
-59
-43
-51
-56
-61
-56
-52
-54
-51
-50
-45
-48
-47
-49
-51
-63
-43
-33
-36
-40
-39
-37
-32
-18
-37
-35
-27
-34
-26
-48
-39
-17
-17
-16
-31
-36
-29
-15
-23
-28
-12
-21
-13
-7
-11
-6
-8
-9
-12
1
-11
16
1
-9
8
-2
4
-4
11
7
-4
7
-8
-1
1
6
2
8
16
14
26
-4
6
25
20
30
11
20
25
26
8
-5
3
-5
-1
-6
-6
-8
0
-10
-11
-23
-19
-14
-19
-20
-25
-27
-24
-31
-29
-42
-19
-17
-38
-24
-37
-37
-33
-32
-35
-38
-40
-33
-29
-29
-33
-26
-46
-40
-23
-20
-23
-35
-24
-41
-40
-25
-22
-16
-19
-26
-23
-28
-31
-24
-26
-29
-31
-3
-1
-10
-12
-2
-7
3
2
-3
-5
-2
-1
-3
14
14
22
2
-12
-4
-9
-13
-1
23
7
-8
-10
-7
0
6
-9
-20
-2
-7
-14
8
-6
-24
-11
-11
10
1
-14
-12
2
-4
-21
-5
-8
-19
-8
-12
-9
-15
-11
-4
-1
-6
-17
-11
-14
1
-8
-2
9
-8
-12
-8
-12
-10
-2
-17
-16
-5
-10
-7
-16
-8
-14
-14
-11
-16
-19
-19
-18
-18
-12
-18
-21
-36
-23
-19
-15
-24
-20
-14
-15
-17
-22
-21
-10
-18
-32
-17
-16
-28
-29
-23
-20
-17
-32
-27
-45
-35
-15
-27
-16
-26
-26
-15
-22
-24
-19
-11
-22
-20
-21
-30
-39
-27
-7
-13
-30
-20
-16
-35
-29
-30
-33
-27
-30
-18
-25
-45
-33
-35
-29
-25
-37
-40
-36
-24
-26
-36
-44
-35
-33
-38
-40
-31
-44
-43
-17
-33
-45
-37
-34
-22
-20
-28
-33
-14
-16
-8
-1
-6
-8
-9
-8
-8
-6
2
-12
4
1
-1
5
-14
2
12
2
-4
4
-1
-10
-6
-9
2
0
3
7
-4
-5
6
4
-2
-4
-5
5
-4
4
2
11
3
-13
0
1
-1
-5
15
15
14
10
-2
-10
-6
-17
-8
-6
-10
-15
-24
-24
-19
-14
-28
-36
-11
-18
-9
-10
-12
-18
-40
-17
-16
-13
-13
-15
-16
-15
-26
-30
-22
-19
-32
-25
-17
-14
-18
-22
-17
-30
-10
-16
-31
-22
-13
-6
-22
-17
-16
-9
-12
-21
-21
-20
-6
-3
3
4
2
-5
-1
10
-5
9
3
2
-4
-10
10
-4
7
3
11
12
-2
12
8
-1
-1
-10
-6
3
-8
-7
-17
-14
2
1
-1
-7
-4
-11
7
-4
-12
-5
5
2
0
5
2
2
1
3
-13
-12
6
-3
-2
-5
-11
-10
3
5
1
6
3
-7
-15
4
-9
-3
-10
-23
-5
-7
-7
-26
-23
-12
-20
-24
-39
-27
-23
-15
-22
-24
-27
-26
-15
-6
-14
-29
-24
-28
-19
-26
-20
-26
-23
-17
-25
-12
-12
-19
-24
-27
-14
0
-3
-10
-3
-17
-8
6
-10
-10
-8
-25
-15
-7
1
8
-4
2
-6
5
-2
2
14
7
4
-1
-5
-10
1
1
-1
-5
8
-3
-15
-4
-3
-21
-20
-3
-8
-17
-19
-4
-16
-25
-14
3
-7
-13
-18
-14
-9
-11
-2
9
6
1
-18
-20
3
-16
-11
-13
-16
-20
-28
-27
-23
-30
-28
-33
-33
-15
-13
-10
-25
-19
-13
-8
-11
-4
-9
-14
4
-17
1
2
2
9
4
17
18
22
20
34
14
20
14
6
3
4
8
5
15
1
-5
-11
0
-6
-3
-12
6
2
-4
9
-3
-4
-14
-9
-24
-20
-24
-20
-13
-21
-17
2
-11
-5
-10
-25
-8
4
-4
6
-1
-21
-11
-11
-13
-21
-19
-16
-34
-27
-13
-18
-23
-13
-27
-17
-25
-31
-30
-39
-20
-33
-44
-35
-22
-22
-32
-41
-48
-36
-30
-36
-25
-26
-21
-7
-22
2
5
6
8
-8
2
2
-3
-10
0
2
-2
5
1
13
-5
-3
5
4
-6
-4
12
2
-12
-11
-15
4
-1
-6
-8
-2
9
4
3
14
29
4
25
22
21
27
17
15
3
9
7
9
17
17
17
12
12
14
20
24
9
20
21
17
6
20
9
-6
9
1
-13
-13
8
8
5
3
1
2
-1
-1
6
10
11
4
19
-12
-14
-17
-17
-13
-18
-13
-24
-9
-17
-27
-23
-27
-39
-32
-42
-39
-15
-27
-31
-34
-33
-11
-14
-22
-18
-19
-15
-17
-16
-1
1
3
13
7
5
6
22
12
13
25
25
8
13
33
16
25
23
12
1
-13
-5
5
21
9
22
5
-8
6
7
19
2
-8
-22
-11
-12
-21
6
-16
-12
-17
-25
-7
-21
-12
-8
-23
1
-11
3
8
3
5
-3
3
2
-9
-17
-10
3
-10
1
-7
-23
-5
-5
-3
-4
5
-3
1
-10
-10
-17
-13
-7
5
-10
-6
3
-6
12
15
10
10
12
9
17
10
30
16
9
17
14
17
28
13
16
19
3
6
13
25
7
20
13
15
3
8
16
5
9
14
13
11
17
-1
-4
21
1
2
12
18
9
21
24
8
21
28
27
18
20
20
10
15
23
31
27
22
12
14
-3
2
7
7
14
8
-2
1
7
4
10
-2
3
-2
-3
-8
0
4
-8
-18
-4
5
-13
-3
-1
-1
-7
-17
-8
-3
4
7
4
13
14
8
25
10
8
5
4
18
3
8
1
5
10
14
3
11
5
12
9
-4
15
13
21
20
17
12
9
15
13
16
11
13
18
14
16
18
3
24
25
27
31
21
24
13
24
29
24
25
28
32
21
14
11
14
16
12
17
15
8
22
19
-3
22
12
18
16
9
16
16
26
28
31
17
15
22
12
12
9
-5
4
8
-6
9
-1
8
5
7
0
-15
6
-3
-11
-16
2
-5
4
-3
-18
-29
-28
2
-23
-10
-9
-1
9
-13
-8
8
5
2
-3
0
6
4
7
14
19
9
14
8
15
6
-3
13
7
5
13
