43
42
36
33
28
33
49
45
43
35
35
33
39
41
35
41
27
10
26
21
22
30
13
10
20
29
20
20
9
8
15
20
37
32
27
39
30
25
45
35
27
28
18
12
17
33
24
20
31
18
18
22
30
30
23
31
41
31
37
31
22
38
49
32
27
30
31
36
34
47
32
43
43
54
38
27
51
52
35
53
55
37
51
42
43
30
27
27
35
32
15
32
26
36
38
38
36
46
33
29
31
40
48
31
32
46
56
41
50
53
55
46
44
41
43
44
51
53
39
26
37
30
26
39
33
56
51
36
29
44
28
25
34
32
37
39
52
55
56
44
45
44
58
56
43
45
41
49
54
39
51
54
43
38
36
50
60
50
37
53
41
48
49
41
37
39
53
40
45
29
43
46
32
48
46
40
52
43
43
47
54
52
49
51
47
44
57
60
44
63
45
49
57
52
54
46
31
47
46
28
26
35
30
20
33
5
26
27
22
31
10
17
9
17
18
18
5
3
12
5
14
4
25
13
3
27
31
26
19
24
15
14
14
29
34
15
31
39
30
30
37
50
43
26
29
36
42
33
46
37
34
42
63
35
50
53
46
47
43
55
43
57
38
56
55
48
47
38
44
45
42
33
24
29
31
39
42
34
38
39
29
39
30
40
28
23
36
28
27
15
17
21
21
20
18
8
13
31
21
12
26
23
14
17
5
13
12
20
9
2
7
-5
0
4
4
-10
11
12
10
7
6
9
3
9
18
10
5
15
15
23
27
26
38
38
23
30
23
16
32
34
39
40
23
27
19
36
34
27
32
46
38
27
33
28
36
45
46
57
64
48
60
56
50
50
46
37
52
50
27
44
38
52
38
33
42
29
31
38
33
36
44
44
27
23
24
41
36
36
28
28
33
29
20
15
26
22
18
22
27
25
17
20
21
1
-10
20
11
-4
-4
-6
14
-5
-15
2
6
-2
-8
12
8
-3
0
-2
9
3
12
18
-3
4
9
1
1
-11
4
-6
-1
-1
6
17
9
11
19
7
-2
3
17
18
1
8
16
13
8
17
16
24
20
15
26
24
17
15
15
3
-2
17
11
6
5
-1
13
4
8
-10
1
11
-11
1
-10
-6
0
3
-12
-2
-7
-8
-11
-17
-6
-12
-2
-16
-12
3
-6
2
13
-6
-6
-8
-21
-14
-5
-8
-2
-6
0
7
-13
-10
4
-13
-10
-11
-10
-19
-19
-14
-6
-20
-10
-9
-1
-2
-9
13
0
2
-25
-9
-3
3
0
3
-1
2
7
-13
-4
-1
-7
-13
-9
-2
3
3
1
0
11
17
3
-1
-11
-17
-1
-15
-16
-1
-8
-6
-18
-7
-8
-5
-10
-25
-22
-14
-27
-21
-15
-20
-18
-18
-22
-18
-19
-20
-16
-21
-24
-23
-27
-38
-28
-30
-15
-26
-48
-46
-33
-52
-51
-46
-39
-49
-43
-38
-52
-37
-41
-54
-39
-32
-43
-32
-30
-36
-36
-38
-35
-27
-26
-36
-32
-24
-35
-38
-40
-24
-32
-36
-30
-23
-24
-30
-19
-16
-13
-11
-8
2
7
3
2
-13
-19
-10
-7
-10
4
-4
-17
-8
0
-16
-24
1
-4
-7
1
-9
-18
0
-13
2
-2
-6
6
-9
1
10
0
-2
4
3
2
-5
-14
-24
-12
-13
-13
-13
-15
-28
-30
-20
-32
-21
-17
-29
-23
-8
-20
-26
-32
-29
-9
-13
-24
-2
-12
4
0
-22
-1
-26
-23
-17
-32
-25
-20
-20
-12
-18
-20
-23
-19
-11
-14
-15
-25
-13
-33
-29
-18
-37
-21
-28
-2
-14
-18
-3
-6
3
-7
-9
-12
-7
-8
1
-1
-17
0
-8
-8
2
-5
-1
-3
8
-3
-2
-4
-15
-19
-13
-10
-11
0
0
-2
2
6
16
18
15
19
3
-5
4
8
2
-6
-11
1
6
-2
3
-2
-16
-19
-8
-13
-12
9
-5
-22
-17
-24
-22
-23
-16
-21
-16
-31
-37
-29
-21
-21
-30
-28
-30
-27
-46
-41
-26
-36
-35
-29
-42
-33
-22
-47
-34
-31
-34
-24
-13
-15
-17
-17
-1
-15
-26
-17
-19
-13
-19
-12
-27
-26
-22
-22
-3
7
-8
-11
6
-11
2
1
-4
-6
-7
-5
4
7
-2
13
5
-4
-2
-7
-18
-3
-15
4
-1
-10
-3
-27
-5
-9
-9
-16
-20
-30
-27
-5
-15
-13
-28
-15
-25
-16
-11
-25
-15
-45
-25
-35
-34
-40
-52
-19
-44
-37
-34
-44
-54
-58
-47
-56
-36
-38
-32
-41
-41
-39
-56
-38
-43
-48
-43
-56
-57
-56
-50
-57
-45
-41
-35
-15
-46
-36
-31
-33
-15
-31
-10
-20
-36
-27
-26
-22
-17
-12
-29
-17
-6
-8
-8
-2
-9
-14
0
-22
-26
-8
-22
-25
-16
-11
-17
-18
-5
1
-8
-8
-19
-11
-10
-13
-5
-12
-12
-15
-2
-1
2
-2
-4
-18
4
-13
-5
-7
-34
-27
-21
-26
-21
-11
-26
-30
-29
-34
-38
-35
-39
-36
-38
-40
-43
-40
-31
-37
-42
-18
-24
-43
-37
-35
-41
-30
-44
-41
-46
-35
-24
-40
-35
-38
-35
-42
-35
-17
-27
-42
-32
-21
-23
-10
-25
-15
-7
-18
-4
-14
-13
-5
-6
-4
-9
-10
5
14
19
17
-5
-6
6
14
8
25
13
16
19
17
12
6
2
-1
17
20
1
-8
3
-9
6
-2
8
5
-5
-2
-14
-17
-5
-8
2
-13
-8
-9
-21
-5
-22
2
-21
-11
-10
-14
-5
-17
-20
-33
-22
-28
-32
-35
-37
-26
-22
-27
-18
-15
-21
-21
-31
-32
-23
-36
-31
-26
-18
-3
-6
10
-18
-11
4
12
-8
-20
-3
0
-3
3
11
3
3
0
-3
-12
0
4
1
7
3
-4
3
-8
-11
-11
-15
-6
-7
-11
-4
-3
-1
6
9
10
-2
7
6
0
0
-1
-11
-8
-2
-5
3
4
6
0
8
2
-6
-13
-10
-9
-18
-10
-19
-13
5
-15
-21
-14
-27
-15
-19
-15
-25
-30
-19
-20
-23
-36
-27
-25
-29
-29
-22
-20
-39
-40
-33
-12
-15
-22
-19
-32
-27
-35
-39
-20
-20
-17
-30
-44
-9
-16
-12
11
-3
-15
-7
-16
-6
-15
-15
-31
-25
-14
-20
-14
-25
-17
-24
-16
-11
-11
-9
-10
-11
1
-6
-1
4
-1
-18
-21
-6
-7
4
6
-18
-11
6
4
-5
-3
4
-14
-2
-10
-9
-7
-7
3
4
-8
-21
-27
-14
-18
-21
-17
-6
-6
-26
-29
-28
-19
-14
-26
-23
-22
-17
-30
-37
-23
-44
-39
-42
-45
-38
-46
-45
-44
-44
-46
-52
-66
-52
-55
-53
-59
-73
-70
-56
-68
-64
-48
-47
-39
-46
-43
-58
-57
-38
-37
-27
-26
-18
-15
-24
-28
-38
-21
-27
-27
-17
-21
-41
-35
-33
-34
-32
-39
-38
-37
-28
-31
-36
-22
-34
-31
-25
-34
-34
-26
-29
-36
-25
-36
-23
-36
-14
-26
-21
-22
-23
-25
-22
-34
-35
-28
-46
-44
-50
-58
-50
-42
-44
-38
-51
-45
-52
-40
-54
-41
-47
-47
-46
-48
-42
-61
-45
-55
-60
-45
-52
-65
-54
-52
-64
-60
-58
-57
-71
-75
-57
-57
-66
-64
-66
-64
-53
-54
-61
-63
-47
-53
-54
-54
-56
-41
-46
-49
-52
-47
-30
-33
-31
-34
-23
-31
-26
-19
-38
-34
-31
-42
-44
-36
-24
-30
-38
-31
-38
-25
-38
-35
-24
-44
-47
-35
-23
-14
-29
-22
-31
-33
-32
-32
-23
-17
-32
-26
-23
-41
-18
-23
-18
1
-16
-29
-22
-24
-38
-31
-37
-33
-28
-37
-26
-25
-34
-27
-33
-36
-48
-50
-38
-53
-47
-45
-43
-46
-47
-54
-62
-67
-54
-52
-52
-53
-43
-43
-52
-41
-58
-44
-37
-21
-34
-33
-31
-35
-20
-17
-24
-34
-13
-20
-10
-19
-25
-14
-19
-8
-20
-10
-17
-13
-4
-7
5
-5
-6
-10
-16
-14
-6
15
-4
-6
-19
-2
-13
-4
-10
-11
15
3
-7
-6
-4
-6
1
-7
-3
-20
-15
-34
-29
-21
-25
-13
-24
-5
1
-18
-29
-9
-13
-19
-15
-6
-16
-17
-19
-33
-21
-15
-12
-47
-37
-38
-24
-34
-40
-47
-52
-55
-53
-50
-55
-51
-49
-42
-54
-55
-65
-67
-54
-57
-61
-64
-63
-40
-40
-51
-41
-32
-53
-41
-51
-67
-40
-52
-57
-51
-41
-61
-42
-39
-43
-50
-45
-40
-41
-37
-41
-39
-50
-39
-41
-39
-39
-27
-46
-37
-44
-44
-44
-42
-38
-53
-43
-57
-48
-43
-44
-54
-53
-37
-53
-65
-56
-46
-33
-51
-54
-45
-42
-51
-53
-60
-64
-74
-80
-76
-68
-64
-79
-79
-79
-62
-65
-64
-49
-82
-76
-88
-78
-75
-83
-64
-63
-59
-77
-71
-83
-72
-66
-63
-54
-65
-66
-69
-48
-66
-75
-80
-65
-58
-57
-65
-71
-59
-64
-70
-71
-75
-72
-63
-58
-57
-45
-55
-47
-59
-68
-64
-76
-55
-68
-56
-53
-59
-57
-43
-46
-63
-58
-60
-55
-47
-55
-52
-64
-64
-54
-42
-46
-48
-34
-43
-44
-32
-27
-38
-38
-38
-58
-44
-40
-48
-32
-38
-46
-50
-46
-57
-42
-54
-56
-45
-43
-38
-56
-41
-48
-36
-27
-33
-49
-41
-42
-53
-37
-55
-37
-48
-41
-40
-47
-51
-45
-40
-39
-33
-56
-38
-44
-53
-45
-35
-45
-53
-38
-58
-51
-55
-51
-31
-47
-40
-45
-38
-36
-22
-34
-35
-33
-46
-33
-37
-32
-35
-33
-17
-23
-35
-9
-31
-24
-13
-25
-8
-23
-9
-10
-21
-13
-23
-25
-31
-16
-17
-14
-4
-11
-13
-27
-30
-25
-17
-14
-19
2
-7
-6
3
2
4
-2
-10
-9
0
-3
-13
-5
-3
-8
-16
-13
-25
-13
-22
-26
-21
-21
-28
-45
-35
-26
-25
-23
-26
-34
-16
-31
-29
-29
-25
-23
-16
-20
-25
-28
-38
-20
-25
-24
-26
-31
-13
-10
-21
-32
-30
-21
-26
-29
-49
-33
-39
-34
-33
-34
-27
-36
-29
-28
-29
-23
-22
-29
-27
-31
-3
-19
-22
-25
-26
-29
-39
-24
-28
-15
-25
-13
-11
-30
-15
-19
-24
-15
-19
-27
-31
-26
-31
-13
-28
-25
-15
-25
-28
-38
-29
-25
-35
-35
-23
-34
-25
-15
-25
-15
-21
-19
-22
-32
-33
-22
-29
-16
-16
-24
-13
-27
-26
-14
-15
-16
-33
-44
-37
-34
-30
-21
-22
-45
-35
-36
-36
-34
-46
-47
-35
-38
-61
-42
-46
-44
-42
-46
-28
-30
-30
-43
-29
-36
-26
-18
-26
-32
-29
-23
-25
-30
-19
-23
-19
-6
-21
-18
-24
-34
-37
-37
-31
-34
-29
-33
-33
-32
-31
-33
-36
-26
-26
-23
-11
-17
-21
-15
-22
-31
-28
-26
-26
-34
-44
-42
-32
-33
-37
-24
-24
-33
-30
-25
-27
-25
-13
-14
-21
-20
-22
-15
-23
-20
-15
-9
-19
-32
-25
-37
-19
-26
-30
-36
-44
-39
-38
-26
-32
-36
-37
-32
-42
-41
-29
-31
-31
-31
-34
-28
-25
-36
-41
-38
-40
-44
-33
-41
-45
-32
-42
-24
-28
-30
-36
-41
-29
-37
-25
-36
-16
-20
-8
-15
-20
-14
-18
-14
-13
-3
-3
-1
-11
-11
-9
-16
-6
-1
-13
-11
-13
-9
-21
-8
-8
-27
-12
-19
-19
-27
-18
-12
-23
-28
-11
2
-7
2
-10
-9
-20
-17
-17
-5
-7
-2
2
-2
-9
-7
-10
-4
-3
-22
-9
-17
-15
-24
-39
-25
-27
-30
-36
-19
-25
-26
-29
-28
-24
-28
-11
-32
-27
-13
-36
-18
-14
-36
-19
-18
-39
-25
-19
-36
-24
-22
-20
-29
-31
-37
-34
-19
-30
-29
-33
-30
-24
-28
-16
-21
-29
-16
-35
-40
-28
-32
-17
-24
-29
-37
-29
-44
-40
-44
-33
-29
-28
-36
-54
-43
-36
-22
-24
-25
-25
-36
-20
-35
-30
-14
-28
-21
-14
-14
-29
-27
-29
-35
-34
-46
-48
-41
-38
-51
-44
-42
-41
-47
-58
-50
-47
-56
-56
-53
-54
-57
-58
-51
-62
-64
-57
-52
-48
-43
-50
-50
-51
-51
-49
-47
-66
-65
-51
-61
-54
-60
-43
-51
-48
-56
-51
-49
-61
-55
-67
-55
-56
-47
-62
-49
-54
-58
-39
-47
-37
-45
-39
-43
-44
-46
-43
-40
-59
-44
-61
-40
-35
-41
-49
-48
-33
-40
-41
-39
-37
-47
-46
-42
-37
-28
-27
-37
-42
-22
-29
-45
-38
-43
-37
-22
-47
-37
-40
-50
-42
-53
-45
-43
-50
-43
-46
-48
-35
-30
-47
-45
-42
-37
-29
-36
-27
-41
-43
-35
-22
-54
-60
-41
-37
-40
-47
-48
-43
-61
-64
-58
-62
-57
-73
-60
-62
-60
-60
-69
-61
-58
-72
-70
-59
-62
-78
-73
-70
-66
-67
-67
-71
-68
-57
-56
-57
-61
-51
-59
-71
-52
-46
-47
-49
-48
-71
-59
-57
-47
-51
-62
-68
-59
-46
-50
-45
-45
-42
-47
-45
-48
-37
-57
-46
-33
-46
-60
-46
-51
-68
-56
-60
-60
-53
-52
-50
-51
-58
-45
-50
-53
-69
-57
-53
-46
-48
-53
-55
-49
-63
-55
-56
-68
-63
-68
-57
-71
-70
-78
-50
-71
-65
-58
-76
-49
-71
-65
-81
-67
-82
-79
-63
-78
-70
-71
-61
-54
-66
-65
-59
-56
-50
-54
-66
-50
-50
-54
-52
-52
-66
-60
-46
-49
-60
-62
-40
-46
-60
-67
-49
-65
-59
-65
-67
-62
-57
-56
-55
-59
-75
-71
-59
-62
-59
-64
-42
-45
-60
-59
-65
-70
-65
-56
-66
-75
-72
-60
-64
-65
-70
-60
-55
-71
-60
-59
-66
-69
-77
-73
-82
-59
-64
-68
-68
-75
-69
-90
-69
-63
-70
-68
-49
-68
-64
-59
-79
-79
-78
-57
-64
-64
-51
-64
-79
-79
-74
-60
-71
-72
-70
-66
-63
-53
-67
-82
-70
-70
-68
-75
-62
-74
-65
-71
-73
-69
-59
-64
-61
-58
-64
-56
-52
-48
-61
-51
-58
-42
-40
-37
-48
-63
-63
-65
-54
-60
-49
-69
-73
-53
-65
-54
-39
-59
-61
-57
-63
-70
-58
-59
-54
-54
-58
-53
-63
-72
-76
-65
-61
-65
-80
-82
-61
-72
-71
-83
-76
-75
-92
-75
-79
-75
-71
-72
-85
-79
-72
-74
-72
-79
-71
-88
-77
-70
-76
-77
-82
-81
-87
-78
-76
-69
-57
-62
-78
-65
-76
-68
-66
-78
-74
-77
-73
-77
-78
-91
-82
-73
-69
-84
-85
-81
-68
-74
-66
-57
-68
-51
-53
-49
-51
-48
-56
-62
-62
-59
-59
-61
-61
-46
-46
-59
-58
-52
-40
-47
-35
-50
-47
-47
-54
-50
-61
-62
-54
-60
-64
-55
-53
-58
-51
-44
-54
-47
-42
-48
-38
-46
-37
-47
-67
-44
-51
-56
-64
-65
-57
-62
-54
-61
-67
-53
-41
-42
-47
-34
-40
-29
-24
-31
-42
-55
-45
-45
-49
-61
-50
-54
-43
-53
-60
-34
-49
-55
-44
-43
-47
-43
-60
-50
-54
-50
-43
-48
-54
-54
-62
-62
-45
-59
-50
-56
-37
-44
-53
-47
-53
-61
-58
-50
-66
-59
-60
-55
-52
-63
-48
-35
-48
-47
-49
-47
-34
-44
-50
-48
-53
-68
-48
-47
-51
-44
-44
-50
-55
-45
-62
-56
-47
-62
-52
-53
-52
-44
-62
-55
-54
-41
-40
-56
-52
-51
-47
-45
-49
-53
-57
-52
-48
-51
-65
-74
-81
-77
-67
-74
-65
-64
-63
-57
-61
-65
-56
-57
-64
-60
-67
-64
-61
-51
-63
-53
-43
-68
-60
-78
-57
-54
-78
-80
-68
-85
-77
-79
-69
-71
-86
-73
-86
-89
-79
-75
-72
-85
-91
-83
-92
-100
-90
-78
-93
-99
-76
-75
-93
-105
-78
-93
-103
-93
-101
-85
-96
-98
-105
-77
-103
-115
-97
-99
-91
-98
-83
-83
-89
-90
-88
-87
-85
-85
-80
-67
-84
-92
-92
-103
-86
-84
-80
-84
-85
-83
-86
-77
-80
-83
-100
-98
-86
-91
-101
-87
-82
-80
-75
-65
-72
-78
-73
-78
-73
-59
-74
-91
-73
-66
-72
-56
-70
-57
-54
-80
-65
-66
-74
-59
-64
-40
-53
-63
-53
-55
-50
-54
-64
-71
-50
-51
-70
-57
-52
-56
-61
-62
-62
-62
-61
-53
-51
-52
-45
-63
-65
-64
-58
-60
-62
-56
-70
-60
-77
-73
-57
-83
-73
-66
-73
-53
-54
-44
-48
-61
-50
-63
-46
-47
-61
-55
-62
-65
-49
-51
-45
-47
-57
-71
-54
-58
-55
-55
-57
-47
-48
-54
-53
-50
-49
-56
-45
-52
-40
-44
-56
-38
-39
-46
-55
-42
-37
-36
-42
-52
-49
-54
-47
-45
-52
-52
-62
-63
-52
-50
-53
-45
-37
-46
-51
-50
-37
-34
-34
-33
-32
-38
-46
-43
-42
-51
-46
-37
-43
-42
-47
-53
-35
-30
-23
-24
-16
-20
-26
-9
-24
-20
-23
-26
-27
-29
-27
-25
-26
-28
-24
-29
-26
-36
-26
-14
-26
-38
-26
-39
-31
-34
-47
-21
-27
-24
-35
-26
-22
-40
-33
-43
-39
-41
-48
-47
-36
-49
-53
-33
-37
-11
-26
-36
-42
-43
-30
-32
-38
-44
-34
-35
-43
-35
-35
-22
-32
-39
-48
-37
-28
-37
-32
-39
-39
-31
-25
-30
-33
-39
-44
-41
-38
-38
-39
-35
-47
-49
-29
-38
-24
-20
-27
-27
-36
-33
-26
-38
-44
-45
-49
-46
-16
-24
-46
-32
-53
-33
-19
-42
-53
-43
-28
-37
-41
-40
-44
-47
-43
-40
-48
-46
-52
-45
-42
-9
-18
-23
-5
-21
-7
-17
-35
-37
-32
-33
-33
-34
-33
-34
-51
-32
-37
-39
-34
-42
-38
-38
-38
-53
-30
-30
-27
-25
-29
-24
-35
-25
-42
-44
-35
-31
-21
-22
-21
-34
-18
-15
-26
-18
-20
-22
-13
-5
-19
-37
-12
-15
-36
-11
-18
-25
-24
-21
-11
-13
-14
-24
-28
-21
-13
-17
-28
-15
-23
-18
-27
-14
-15
-32
-29
-37
-24
-43
-39
-34
-15
-27
-44
-33
-35
-29
-54
-33
-29
-53
-25
-30
-33
-38
-39
-30
-36
-24
-25
-27
-31
-26
-31
-24
-27
-31
-37
-47
-42
-45
-49
-40
-32
-38
-35
-38
-31
-38
-29
-33
-32
-32
-20
-15
-9
-7
-2
-10
-11
-17
-20
1
-14
-10
-4
11
-1
6
0
-10
-7
-14
-26
-13
-3
-21
-3
4
-2
12
-8
-3
12
2
-9
-14
-14
-26
-2
-16
-11
-17
-24
4
-6
-16
-12
-5
-4
6
5
-6
6
2
-5
-17
-4
-3
-7
-3
-2
-4
-5
-12
-16
8
-16
-17
-12
-3
-3
-9
-17
-15
-6
-25
-21
-34
-30
-30
-20
-17
-7
-21
-15
1
-7
-23
-14
-12
-10
-4
-12
-12
5
-8
-2
13
-3
11
-1
-11
-19
-12
-8
-15
-19
-14
-14
-4
-10
-4
-9
-16
-13
-5
-11
-14
-11
-7
-3
-7
0
-16
2
1
5
-3
-4
3
-27
-16
-14
-16
-17
-3
-3
4
-20
-38
-23
-16
-33
-26
-11
-24
-30
-23
-12
-37
-42
-32
-25
-31
-20
-36
-31
-35
-32
-22
-42
-22
-16
-17
-34
-26
-22
-16
-21
-28
-19
-21
-36
-25
-18
-34
-29
-35
-23
-24
-28
-16
-14
-21
-18
-22
-6
-19
-6
8
-13
-5
-9
-2
6
-2
-1
-15
3
2
-9
3
-6
-9
-13
-5
-6
-12
-16
-7
-14
-3
6
-15
-4
-5
-8
-7
-5
-1
0
10
-1
-16
-4
-6
-19
-21
-15
-32
-22
-15
-28
-24
-29
-13
-21
-23
-33
-32
-27
-26
-31
-39
-21
-17
-26
-35
-30
-32
-38
-33
-53
-52
-41
-43
-32
-18
-23
-22
-21
-26
-27
-20
-15
-16
-22
-22
-21
-34
-31
-27
-21
-20
-20
-22
-9
-18
-22
-24
-6
-9
-5
-4
-2
-5
-15
4
-11
-1
-7
1
11
-5
-8
9
5
-1
12
2
0
-6
-12
-11
-3
-2
-3
4
-9
-12
0
14
16
2
-11
-20
-11
-17
-10
-5
-20
-15
-18
-18
-1
22
3
-1
14
11
-4
-5
-4
-10
-11
-11
-14
-10
-7
-13
-21
-18
-15
-34
-41
-27
-25
-20
-12
-29
-32
-27
-26
-28
-37
-35
-25
-31
-38
-27
-48
-36
-36
-44
-43
-45
-27
-47
-39
-50
-44
-46
-33
-37
-63
-46
-35
-36
-30
-42
-52
-22
-46
-60
-49
-40
-42
-60
-35
-32
-37
-42
-46
-36
-36
-27
-15
-27
-32
-21
-11
-6
-31
-22
-15
-20
-10
-30
-17
-9
-12
-19
-47
-23
-18
-32
-23
-18
-15
-30
-25
-29
-19
-12
-20
-10
-15
-24
-13
-16
-11
-23
-27
-26
-24
-20
-25
-22
-29
-18
-15
-34
-19
-17
-43
-34
-29
-31
-32
-20
-24
-37
-42
-27
-37
-35
-13
-29
-27
-31
-35
-33
-28
-22
-13
-13
-20
-3
-23
-30
-9
0
-8
-12
-5
-5
1
-5
-3
9
-18
-15
-4
-23
-6
-10
-22
-13
-5
-16
-13
-19
-19
-18
-14
-17
-25
-15
-23
-13
-13
-13
-12
-25
-14
-14
-13
-5
-11
-18
2
-10
-8
-11
-15
-8
-13
-16
-9
3
-1
11
-12
-13
-22
-24
-18
-18
-22
-19
-23
-12
-11
-12
-7
-7
-5
-9
-5
-20
-6
-6
11
-2
-4
11
-13
13
10
6
0
-1
-7
-14
10
2
-4
-19
-11
11
-9
-12
0
12
6
2
5
-3
8
-7
-1
4
3
-10
-14
-5
-38
-16
-18
-18
-16
-15
-9
-3
-25
0
-6
2
15
13
2
14
16
-4
-1
-3
9
-16
-16
-5
13
-7
-6
-12
0
-13
-19
5
-4
-9
3
12
-10
0
0
-18
-8
-10
-9
-6
-25
-25
-9
4
8
-19
-11
13
3
1
-2
1
-8
-3
22
10
-4
3
1
-3
1
-13
-5
-6
-4
2
-1
18
2
16
17
15
15
6
-11
3
-1
-9
-10
-26
-5
-2
-8
-11
-16
-11
-11
7
23
16
22
22
17
22
27
20
14
23
23
29
26
6
20
20
20
15
13
24
38
26
6
32
31
37
45
32
24
20
33
41
40
27
25
43
42
56
34
29
28
24
28
39
38
33
48
43
43
46
43
50
46
45
39
41
29
44
44
45
48
45
44
34
52
59
57
50
52
27
34
18
36
25
14
18
22
23
14
35
36
36
40
53
44
46
22
14
11
22
43
25
25
25
23
16
11
16
24
41
40
44
48
38
41
40
33
29
37
39
23
21
37
31
36
22
34
39
39
37
47
33
47
60
34
61
42
36
31
36
43
21
40
37
37
48
36
21
28
35
42
54
14
26
26
10
36
24
44
36
45
44
27
32
27
25
21
33
46
47
42
44
23
35
39
31
31
13
7
16
39
36
40
23
10
35
11
14
10
16
23
18
16
25
36
31
21
30
16
12
16
18
-1
9
19
5
27
13
16
15
-3
2
0
4
11
19
3
7
9
14
18
16
0
5
5
16
28
15
9
15
29
5
19
38
28
14
31
35
21
17
3
9
9
-2
9
9
16
4
-8
-7
2
14
16
26
35
18
8
4
-8
6
9
14
4
-10
8
-13
-6
-15
-8
13
26
33
19
21
12
2
9
0
1
-2
3
0
2
9
-5
-7
-3
-18
-16
-11
-3
-5
-1
3
5
2
-2
2
-7
-6
-4
4
-3
-1
-6
6
17
15
11
9
-10
8
35
31
28
15
23
32
11
19
20
28
47
43
45
36
26
52
40
48
43
15
19
18
25
15
32
26
29
32
23
19
43
31
8
6
24
17
29
27
25
43
22
25
22
32
8
7
22
27
22
10
19
10
32
17
22
8
18
16
14
24
20
15
20
37
24
27
27
27
20
25
16
-4
1
-4
-10
-3
-3
13
15
11
24
13
9
15
6
22
22
1
12
0
-1
8
21
22
27
42
28
19
3
33
19
18
14
-1
-1
2
-10
5
11
11
1
9
7
8
-9
9
12
5
12
-12
12
15
27
24
15
3
5
-1
-14
5
-9
8
14
7
18
13
7
27
-18
-3
2
-16
24
7
7
12
16
14
9
1
-8
1
23
16
31
6
4
-6
-1
-1
-2
-3
-5
-12
0
-14
-23
-15
-27
14
-6
25
4
10
-19
-35
-33
-33
-26
-31
-17
-22
-5
-18
-23
-39
-27
-52
-43
-47
-51
-56
-28
-37
-21
-33
-53
-21
-17
-21
-6
-9
-12
1
-15
-1
-17
-10
-15
-39
-39
-18
-46
-21
6
-9
-5
-2
-8
-18
-7
-3
2
-18
-9
-23
-8
-5
-17
-15
-17
-28
-10
-9
-19
0
-13
-4
-6
-15
-20
-29
-24
-40
-41
-25
-21
-19
-26
-24
-9
-23
-39
-33
-29
-30
-2
-7
-31
-31
-15
-17
-27
-28
-18
-15
-20
-2
-27
-33
-9
-1
-12
-20
-27
-6
-12
-18
-26
-42
-52
-58
-39
-27
-15
-30
-40
-20
-21
-33
-42
-36
-48
-41
-32
-27
-46
-70
-63
-61
-44
-31
-38
-52
-41
-30
-27
-10
-8
8
-13
12
10
9
1
10
31
4
29
17
-4
-9
-9
-40
-37
-20
-8
-17
-22
-16
-23
-18
-45
-37
-27
-3
-6
-7
-19
-8
-30
-47
-41
-35
-31
-5
8
-25
-26
-27
-26
-29
-19
-37
-39
-60
-49
-41
-57
-44
-42
-4
-42
-36
-73
-38
-11
0
12
-17
-2
-12
-7
15
27
23
3
20
42
17
11
11
-11
-10
-2
-2
-4
2
-26
-20
-16
-4
-34
-13
-19
-23
-12
-3
-4
-30
-12
-20
-21
-47
-42
-38
-44
-18
-27
-7
-45
-38
-30
-34
-10
-1
36
-8
-26
-30
-5
39
38
37
42
35
29
33
35
39
58
39
21
24
26
32
7
57
55
37
30
9
2
25
39
28
-2
12
13
25
57
49
40
30
26
27
19
1
32
44
18
9
-14
-40
-50
-67
-26
1
-29
-43
-82
-48
-55
-13
-13
-50
-27
19
30
20
12
14
29
-3
41
23
16
29
11
-1
-4
-11
-9
-4
-2
-22
-16
-11
1
-3
-3
-21
-22
-1
12
20
29
16
10
13
2
-1
4
4
58
64
75
39
25
31
10
4
-7
-2
-30
-32
-19
-29
-48
-21
-27
0
-1
-26
-33
-39
-13
-16
-33
-5
-9
9
13
18
12
4
18
18
17
19
10
8
-5
-20
-18
-37
6
23
43
21
-2
-7
4
-17
-14
-2
-10
26
35
31
5
-5
-12
-5
19
2
3
-8
-13
-21
1
-9
3
47
16
8
-12
-27
-1
-17
-6
8
10
36
-7
-6
31
-10
10
9
8
34
15
32
16
32
49
33
25
-8
-19
16
36
35
42
44
0
-22
-3
28
12
16
25
57
39
32
26
20
35
12
33
45
48
62
7
-20
-15
-6
34
67
89
84
28
-34
-17
2
26
37
60
55
60
56
41
20
12
31
8
27
3
25
12
49
84
91
105
39
1
-32
14
29
88
118
122
71
35
14
14
90
95
39
10
14
12
20
2
-2
6
56
31
-5
31
-12
-26
26
44
97
86
104
104
32
8
-41
22
37
66
51
78
74
63
74
78
85
53
55
69
66
50
53
-11
6
-7
-2
-2
-29
6
-8
3
54
86
72
48
27
29
31
50
46
16
25
-4
-59
2
31
2
33
3
14
-50
-44
-12
37
46
36
51
-12
-11
-40
-26
-54
-4
34
52
77
60
-3
-3
15
25
25
-9
21
43
85
91
116
39
-59
-111
-95
-103
-26
-10
62
28
29
46
-21
48
37
89
71
74
24
-46
15
14
21
39
4
-13
0
11
26
54
-2
-62
-65
-64
-41
24
9
38
-14
-11
11
25
59
58
65
112
120
121
119
43
5
-2
-16
-56
-22
7
-3
-37
-5
27
-29
36
22
48
27
15
54
21
41
18
5
-3
-26
-63
-82
-67
6
7
41
102
86
46
64
4
16
51
58
41
-35
-75
-97
-64
-40
-8
26
46
70
45
55
43
-7
-20
-6
18
32
55
52
55
49
39
55
-4
-57
-70
-33
6
23
14
-25
-84
-114
-126
-140
-122
-164
-174
-221
-138
-99
-28
58
181
236
209
237
154
141
83
67
33
16
5
-4
16
23
25
-3
-9
14
-44
-62
-58
-58
-66
-61
-23
-93
-91
-51
-69
-43
-63
-44
-37
-60
-44
-91
-128
-92
-84
-50
-63
-59
-33
-35
-30
-83
-62
-43
-34
-7
16
33
11
-49
-24
-3
-16
-25
-43
-43
-30
-25
-28
0
27
20
10
12
-1
54
43
70
95
111
88
38
64
56
-11
-40
-67
-116
-58
-49
-35
-1
-24
-29
-49
-39
-58
-68
-23
-2
30
58
8
30
18
-2
17
-34
-6
-28
-56
-92
-155
-139
-162
-200
-121
-88
-44
-24
-6
-2
-50
-35
-8
13
67
89
90
114
112
116
107
101
72
26
-32
-34
-16
-42
-36
3
58
43
42
49
34
9
-22
-50
-73
-53
-36
-3
29
49
79
90
114
142
145
104
95
72
58
69
53
77
82
86
65
63
75
54
31
10
36
61
62
92
130
101
91
106
88
84
52
38
37
11
54
97
110
147
156
112
137
150
127
104
63
63
65
54
54
70
32
27
32
38
75
90
98
115
115
144
146
154
153
143
136
134
132
128
116
104
129
108
88
129
156
133
122
87
95
105
113
132
115
114
132
158
143
186
200
212
225
255
270
265
269
234
217
177
187
176
144
131
122
118
114
119
119
131
145
168
186
183
231
255
247
230
225
217
190
174
162
153
167
154
151
134
116
85
53
25
1
-30
-61
-75
-82
-87
-87
-59
-57
-66
-72
-86
-96
-81
-91
-103
-101
-110
-101
-110
-87
-84
-101
-124
-138
-151
-151
-161
-154
-139
-125
-105
-90
-66
-30
7
26
39
80
129
179
256
316
396
441
468
517
540
543
547
557
579
591
618
643
687
734
760
788
846
903
953
1015
1051
1092
1136
1189
1188
1204
1143
972
761
508
237
-29
-288
-488
-662
-767
-827
-821
-752
-694
-596
-526
-459
-392
-329
-262
-217
-164
-138
-129
-118
-122
-124
-157
-190
-251
-289
-393
-490
-559
-641
-705
-750
-758
-797
-828
-876
-931
-996
-1065
-1055
-1032
-960
-842
-711
-551
-359
-200
-36
113
259
374
409
460
460
452
468
474
498
527
561
607
664
742
821
912
1007
1116
1234
1360
1521
1646
1804
1950
2128
2327
2535
2403
1934
1393
793
356
-291
-862
-1197
-1539
-1778
-1905
-1695
-1383
-1209
-1090
-896
-650
-471
-252
-99
92
233
290
520
720
997
1184
1216
1179
1077
959
751
551
289
-6
-381
-657
-847
-1023
-1179
-1391
-1617
-1918
-2146
-2197
-2098
-1893
-1662
-1346
-970
-605
-228
112
358
412
357
220
100
11
-118
-278
-451
-570
-659
-707
-716
-664
-628
-631
-617
-512
-336
-169
16
221
447
668
891
1129
1349
1554
1678
1794
1914
2063
2248
2378
2497
2584
2611
2577
2534
2184
1414
529
-401
-1143
-1877
-2521
-2781
-2920
-2893
-2740
-2266
-1577
-1042
-588
-140
282
613
919
1143
1352
1494
1495
1556
1615
1684
1687
1488
1227
886
471
-4
-488
-911
-1290
-1671
-1934
-1953
-1891
-1762
-1564
-1348
-1093
-893
-652
-413
-250
-146
-126
-58
10
62
100
63
-39
-219
-421
-629
-785
-882
-986
-1088
-1137
-1074
-1024
-940
-844
-747
-681
-666
-596
-466
-322
-144
78
346
625
889
1139
1355
1498
1543
1517
1426
1338
1292
1240
1275
1382
1561
1769
1987
2250
2416
2264
1756
897
-63
-870
-1599
-2112
-2434
-2543
-2379
-2106
-1610
-973
-349
80
318
478
625
778
900
1053
1138
1250
1362
1477
1639
1691
1584
1265
761
195
-400
-917
-1256
-1505
-1687
-1734
-1632
-1402
-1133
-891
-652
-503
-459
-388
-230
-35
188
350
390
367
242
49
-216
-521
-844
-1168
-1427
-1560
-1547
-1403
-1209
-1004
-820
-676
-563
-505
-465
-472
-529
-629
-683
-621
-449
-246
1
260
469
646
816
933
1009
1001
932
874
840
912
1034
1203
1446
1698
1973
2271
2556
2765
2621
2083
1128
6
-981
-1842
-2374
-2697
-2802
-2638
-2328
-1789
-1111
-440
81
348
510
665
853
1057
1298
1514
1709
1869
1971
2109
2107
1890
1368
603
-256
-1080
-1678
-2072
-2228
-2190
-2012
-1727
-1340
-871
-466
-177
-82
-41
-15
52
264
534
817
1009
1070
1002
833
425
-203
-967
-1760
-2383
-2777
-2817
-2487
-2006
-1448
-936
-538
-203
-39
5
-37
-180
-313
-407
-426
-317
-163
-28
41
49
17
-62
-123
-150
-143
-116
-30
125
368
651
927
1210
1432
1661
1863
2139
2500
2866
3129
3106
2682
1922
881
-243
-1203
-2037
-2594
-3018
-3124
-2884
-2429
-1754
-1054
-426
57
396
704
1011
1350
1642
1881
2107
2339
2528
2623
2606
2238
1547
576
-512
-1421
-2169
-2590
-2730
-2620
-2304
-1842
-1268
-658
-149
154
268
273
295
363
551
838
1131
1323
1371
1293
1117
649
-91
-1051
-2043
-2897
-3443
-3466
-3075
-2392
-1658
-1005
-426
-46
191
243
177
29
-139
-241
-204
-49
109
176
142
31
-96
-245
-308
-322
-355
-323
-245
-73
188
479
752
972
1137
1257
1300
1321
1457
1714
2076
2541
2865
2913
2528
1607
555
-474
-1393
-2062
-2578
-2708
-2545
-2291
-1775
-1136
-525
-54
201
404
657
942
1286
1699
2110
2444
2674
2755
2691
2279
1585
612
-511
-1527
-2333
-2705
-2754
-2491
-2071
-1575
-1043
-553
-159
84
183
215
216
284
484
796
1128
1377
1464
1345
991
418
-371
-1298
-2194
-2974
-3330
-3273
-2767
-1994
-1172
-454
-37
192
227
147
84
-39
-106
-101
-42
1
63
15
-166
-397
-699
-896
-994
-932
-711
-374
35
467
886
1220
1453
1534
1513
1466
1414
1456
1621
1856
2046
2183
2242
2048
1620
839
-122
-909
-1590
-2029
-2205
-2092
-1724
-1327
-861
-332
118
440
591
705
909
1113
1382
1757
2134
2397
2471
2277
1859
1221
353
-584
-1465
-2107
-2468
-2525
-2279
-1851
-1335
-862
-458
-170
70
205
313
464
624
868
1112
1359
1512
1498
1278
853
207
-542
-1308
-2071
-2634
-2920
-2892
-2529
-2029
-1444
-917
-490
-202
-105
-51
-20
-15
41
144
211
261
209
54
-184
-477
-758
-969
-1066
-987
-806
-479
-121
196
482
632
709
762
798
866
1002
1203
1502
1849
2205
2453
2550
2600
2601
2325
1618
662
-389
-1205
-1756
-2037
-1909
-1655
-1297
-1024
-801
-417
-155
65
231
392
709
1075
1531
2016
2401
2526
2289
1739
1038
274
-526
-1215
-1767
-2095
-2130
-1972
-1573
-1065
-627
-342
-181
-94
-4
152
387
700
1002
1276
1439
1500
1415
1114
619
-44
-795
-1452
-1962
-2236
-2370
-2436
-2339
-2168
-1926
-1574
-1190
-772
-468
-258
-56
137
364
541
636
613
465
192
-103
-411
-664
-836
-971
-1018
-966
-824
-647
-444
-239
-55
80
244
448
690
992
1334
1675
2018
2390
2691
2893
3015
2984
2895
2689
2080
1204
40
-1140
-1963
-2482
-2509
-2287
-2044
-1746
-1596
-1371
-1062
-717
-291
84
533
1067
1698
2367
2909
3164
3029
2508
1703
822
-18
-722
-1243
-1601
-1757
-1739
-1583
-1313
-1097
-969
-951
-1000
-916
-707
-309
225
760
1199
1477
1557
1452
1209
832
326
-263
-745
-1098
-1333
-1404
-1431
-1457
-1584
-1789
-1900
-1850
-1561
-1162
-737
-297
51
286
442
517
494
313
18
-267
-498
-612
-629
-612
-564
-548
-557
-536
-453
-357
-205
-80
84
323
576
892
1198
1506
1726
1845
1915
1969
2003
2025
2074
2110
2199
2113
1626
852
-196
-1206
-1932
-2446
-2511
-2307
-2035
-1710
-1457
-1091
-663
-278
165
597
1060
1629
2151
2642
2991
2998
2711
2092
1287
492
-289
-902
-1353
-1694
-1813
-1872
-1817
-1649
-1547
-1421
-1309
-1134
-834
-372
199
793
1258
1592
1719
1597
1352
1024
665
284
-93
-398
-653
-862
-1044
-1291
-1569
-1911
-2247
-2411
-2309
-1935
-1372
-821
-355
-14
191
270
270
255
222
170
129
130
133
104
-29
-223
-449
-665
-760
-734
-580
-330
-108
90
260
399
545
689
831
965
1100
1233
1492
1781
2004
2191
2272
2302
2313
2165
1691
941
24
-809
-1361
-1626
-1604
-1478
-1352
-1281
-1322
-1209
-984
-672
-218
278
852
1432
1941
2315
2481
2353
1952
1395
826
368
-1
-225
-394
-600
-809
-1084
-1349
-1511
-1625
-1645
-1533
-1321
-954
-499
-73
338
600
760
799
791
838
922
1011
1031
917
687
320
-216
-768
-1327
-1863
-2299
-2538
-2462
-2146
-1770
-1437
-1227
-1102
-1024
-935
-671
-296
83
403
585
665
643
508
277
66
-55
-99
-46
78
257
364
333
241
161
86
75
134
248
406
626
862
1153
1505
1847
2192
2545
2799
2827
2513
1908
1284
664
53
-442
-711
-815
-959
-1253
-1534
-1700
-1859
-1923
-1746
-1275
-622
-11
597
1157
1557
1729
1718
1661
1644
1584
1473
1353
1194
953
521
5
-507
-999
-1390
-1663
-1757
-1673
-1500
-1298
-1130
-965
-832
-681
-481
-186
209
653
1056
1328
1498
1513
1317
953
540
149
-229
-613
-907
-1132
-1378
-1633
-1968
-2251
-2355
-2295
-2056
-1714
-1311
-897
-590
-331
-98
108
297
447
613
849
1020
1072
1043
897
682
400
120
-81
-252
-350
-480
-564
-552
-562
-523
-475
-345
-118
218
599
1010
1436
1788
2043
2258
2476
2804
3055
2830
2272
1542
815
196
-276
-477
-629
-986
-1477
-1865
-2062
-2150
-2169
-1999
-1604
-1103
-508
114
686
1115
1287
1404
1554
1782
2050
2168
2138
1919
1556
1078
598
113
-351
-829
-1243
-1552
-1705
-1741
-1774
-1826
-1858
-1828
-1696
-1429
-1088
-654
-264
51
342
645
887
1018
1104
1120
1055
893
613
231
-271
-761
-1149
-1409
-1542
-1646
-1727
-1768
-1795
-1745
-1597
-1412
-1141
-812
-453
-91
220
484
655
730
756
780
802
801
773
705
557
359
167
-7
-146
-228
-266
-216
-90
53
193
368
629
897
1230
1615
1972
2297
2605
2752
2492
2013
1477
1008
650
293
126
-106
-502
-983
-1394
-1672
-1906
-1996
-1864
-1475
-1028
-582
-151
158
372
480
620
870
1149
1390
1550
1602
1487
1253
950
654
429
199
26
-147
-402
-702
-1054
-1416
-1777
-2007
-2023
-1911
-1669
-1343
-983
-694
-522
-332
-133
18
171
353
505
634
681
620
416
100
-194
-375
-460
-575
-728
-913
-1092
-1259
-1331
-1275
-1182
-1029
-890
-751
-620
-546
-506
-467
-371
-146
120
380
606
724
743
697
620
564
527
535
527
521
538
519
520
520
553
609
757
926
1136
1332
1489
1660
1861
1939
1700
1333
986
808
644
457
397
248
-44
-391
-652
-779
-886
-1018
-1043
-923
-793
-714
-757
-784
-783
-733
-558
-281
114
435
586
710
816
842
840
803
754
692
544
384
166
-123
-391
-638
-854
-967
-1047
-1115
-1235
-1334
-1320
-1319
-1263
-1125
-918
-726
-546
-367
-190
-59
4
-21
-72
-25
99
248
276
195
35
-150
-361
-510
-594
-649
-690
-702
-658
-588
-568
-564
-543
-494
-356
-226
-143
-84
-54
-47
57
177
314
410
453
527
592
680
774
839
887
974
1124
1257
1417
1554
1669
1730
1792
1881
2013
1911
1490
1087
830
784
620
391
257
11
-418
-904
-1149
-1260
-1396
-1512
-1481
-1239
-1085
-984
-951
-834
-608
-399
-87
224
517
649
671
690
743
799
828
857
852
808
694
488
188
-113
-333
-539
-773
-840
-881
-937
-1035
-1072
-986
-967
-956
-905
-806
-727
-678
-600
-567
-510
-413
-323
-205
-135
-125
-185
-199
-88
108
274
327
305
221
137
48
-1
-83
-201
-278
-347
-410
-486
-619
-777
-879
-897
-844
-772
-643
-500
-318
-94
150
401
635
838
981
1112
1227
1322
1386
1408
1432
1445
1445
1408
1315
1272
1160
1096
1036
1040
1009
705
384
241
332
381
345
322
244
40
-264
-398
-386
-415
-581
-705
-711
-765
-877
-1015
-1114
-1033
-937
-837
-702
-575
-498
-487
-358
-124
199
442
612
748
831
931
930
855
804
751
642
492
333
166
-95
-437
-697
-849
-1000
-1176
-1322
-1352
-1337
-1296
-1177
-1005
-797
-577
-410
-298
-197
-113
-32
27
72
104
66
-13
-55
-95
-133
-202
-307
-402
-445
-461
-456
-411
-354
-251
-155
-73
42
85
131
202
313
422
498
519
513
471
428
412
340
297
229
212
199
211
291
401
550
707
893
1056
1285
1527
1751
1910
1817
1586
1351
1265
1243
1076
812
497
110
-275
-593
-821
-1031
-1252
-1448
-1540
-1572
-1614
-1652
-1672
-1539
-1291
-1033
-748
-542
-319
-117
122
426
691
878
950
957
910
866
833
719
592
492
376
223
49
-49
-144
-245
-268
-257
-263
-336
-452
-523
-589
-616
-620
-629
-646
-674
-700
-747
-789
-848
-837
-802
-757
-714
-688
-685
-622
-517
-397
-286
-198
-107
-39
68
189
300
358
417
430
434
421
379
335
247
212
147
78
44
7
6
24
78
125
156
182
209
254
278
328
425
560
715
888
1049
1278
1413
1424
1337
1279
1380
1444
1386
1202
949
727
493
312
162
12
-193
-424
-571
-657
-726
-870
-1043
-1102
-1098
-1087
-1086
-1108
-1114
-1100
-1035
-920
-789
-663
-547
-406
-221
37
303
469
606
728
838
867
865
869
861
816
733
688
614
448
222
57
-45
-125
-199
-316
-441
-536
-611
-649
-701
-784
-814
-823
-778
-731
-770
-824
-829
-709
-539
-414
-365
-358
-323
-279
-171
-88
-34
20
63
180
321
423
443
424
381
405
441
429
380
317
269
241
236
204
129
29
0
25
109
182
218
187
194
242
304
413
487
604
680
770
874
997
1136
1160
1005
820
831
1006
1094
944
745
627
480
266
60
-59
-161
-330
-473
-514
-530
-627
-762
-799
-706
-583
-522
-554
-605
-633
-604
-581
-521
-448
-434
-412
-377
-321
-222
-133
-83
-3
118
264
352
370
476
631
736
770
788
793
747
654
599
567
516
410
226
79
-30
-160
-326
-517
-711
-881
-989
-1035
-1016
-1038
-1084
-1094
-1027
-845
-710
-610
-573
-509
-426
-335
-192
-84
18
93
172
292
371
388
360
335
362
420
499
521
502
472
462
468
447
428
390
336
311
320
355
363
340
329
314
348
363
353
340
366
478
576
667
596
468
475
619
828
895
869
782
650
563
512
538
494
327
138
-14
-149
-334
-542
-733
-896
-955
-998
-1062
-1100
-1114
-1038
-903
-721
-566
-422
-344
-265
-129
64
323
497
596
664
698
665
597
543
504
418
309
200
116
1
-91
-150
-181
-164
-151
-161
-187
-166
-145
-170
-157
-182
-225
-254
-254
-194
-195
-281
-423
-578
-656
-691
-706
-713
-755
-778
-788
-748
-687
-611
-546
-460
-296
-89
98
240
357
444
587
725
824
850
811
745
669
584
502
422
286
180
80
35
17
-4
5
24
89
177
324
502
675
813
913
968
1021
1121
1179
1127
1016
859
740
652
586
544
389
243
55
-141
-302
-407
-532
-637
-704
-743
-716
-714
-715
-724
-698
-633
-563
-505
-482
-478
-490
-487
-407
-296
-237
-180
-117
-41
22
91
199
276
324
404
532
655
756
819
847
836
798
738
621
490
357
229
102
-20
-187
-336
-515
-606
-675
-798
-902
-1009
-1037
-1040
-968
-870
-802
-772
-718
-637
-523
-399
-306
-245
-204
-159
-128
-69
-36
-7
-1
-9
-19
-37
-42
-57
-62
-11
79
198
306
364
392
375
340
296
247
217
184
153
147
128
98
69
59
78
137
238
305
368
457
578
716
827
919
960
1046
1185
1214
1233
1148
1025
919
740
636
515
379
216
36
-93
-214
-356
-500
-643
-764
-820
-862
-832
-765
-721
-662
-578
-481
-342
-232
-156
-98
-59
6
32
60
78
68
81
134
185
251
266
239
200
187
222
270
338
396
380
369
370
356
332
258
135
9
-161
-291
-380
-495
-626
-820
-995
-1163
-1268
-1322
-1314
-1290
-1198
-1094
-969
-845
-714
-541
-399
-246
-106
27
138
226
309
402
495
565
609
601
550
493
367
245
153
57
-19
-85
-73
-36
15
58
119
165
192
240
290
383
486
610
715
822
896
977
1073
1099
1034
932
877
931
1004
970
898
749
590
433
362
397
390
306
143
-22
-138
-182
-222
-275
-355
-417
-497
-544
-570
-591
-594
-644
-698
-738
-719
-667
-625
-592
-518
-402
-328
-274
-172
-108
-58
13
108
207
270
310
281
283
309
315
321
281
229
171
57
-48
-171
-308
-436
-551
-623
-705
-800
-893
-978
-999
-961
-892
-824
-792
-765
-709
-698
-636
-546
-475
-418
-382
-297
-181
-67
39
115
154
188
232
302
383
428
441
434
410
407
392
376
356
346
344
334
333
324
328
355
392
472
573
655
749
788
880
962
1002
1016
1006
1021
1032
1099
1138
1098
1038
910
786
713
623
534
382
221
47
-116
-251
-376
-512
-650
-803
-939
-1036
-1103
-1098
-1109
-1123
-1104
-1061
-986
-893
-795
-663
-538
-444
-292
-174
-50
50
116
175
231
300
371
403
399
360
311
257
231
200
187
157
77
24
-38
-83
-176
-218
-258
-285
-318
-389
-453
-531
-615
-630
-626
-585
-569
-605
-641
-666
-615
-547
-473
-437
-402
-400
-335
-243
-110
10
78
120
137
165
209
257
297
325
338
384
393
369
359
326
274
231
216
209
191
157
145
146
124
179
238
302
376
450
561
655
775
879
941
943
946
953
1020
1077
1057
1025
909
753
617
514
457
344
193
-21
-236
-409
-542
-630
-682
-719
-810
-875
-925
-976
-993
-1012
-1009
-992
-946
-863
-777
-669
-568
-478
-380
-291
-202
-106
-20
52
112
170
215
247
300
340
370
389
432
457
474
476
404
322
248
180
106
72
28
-60
-179
-285
-368
-418
-460
-509
-567
-620
-651
-691
-680
-669
-660
-654
-620
-601
-540
-449
-361
-242
-140
-50
22
106
202
292
351
417
468
475
467
423
357
263
240
190
169
180
158
152
107
72
58
79
94
139
186
262
348
458
563
626
718
784
855
886
872
848
847
854
848
770
687
561
394
213
105
68
-39
-163
-323
-435
-545
-601
-588
-575
-570
-601
-629
-664
-671
-674
-677
-649
-627
-588
-531
-499
-432
-355
-283
-211
-153
-59
55
177
240
289
340
394
457
524
613
666
629
597
524
459
395
314
226
118
-7
-158
-300
-413
-518
-622
-692
-759
-792
-810
-826
-797
-773
-729
-659
-595
-510
-427
-365
-334
-272
-245
-205
-183
-173
-148
-152
-168
-168
-125
-93
-48
1
34
79
122
141
169
178
215
252
271
294
334
372
381
386
400
420
413
413
411
388
368
426
483
546
636
664
642
626
616
664
695
726
711
640
558
404
320
243
131
14
-124
-258
-381
-502
-590
-641
-685
-704
-708
-705
-663
-606
-558
-515
-440
-360
-261
-138
-26
53
120
156
206
266
311
335
302
261
180
127
73
30
32
28
-9
-70
-115
-146
-150
-155
-190
-221
-240
-271
-281
-285
-322
-391
-472
-559
-611
-666
-711
-755
-804
-839
-849
-840
-798
-744
-699
-639
-564
-460
-335
-218
-105
4
79
168
251
327
369
375
352
317
238
190
160
135
106
101
107
131
139
157
191
192
237
288
397
507
606
707
782
824
879
937
1015
1006
961
881
809
759
658
630
584
514
406
306
207
128
37
-49
-117
-166
-215
-257
-260
-255
-264
-304
-339
-371
-383
-387
-392
-395
-418
-442
-459
-463
-438
-403
-407
-381
-367
-327
-219
-121
-27
61
129
178
248
306
352
358
335
275
198
129
42
-61
-174
-326
-452
-560
-661
-719
-778
-846
-914
-936
-935
-912
-846
-785
-711
-627
-563
-445
-352
-266
-187
-128
-65
11
71
128
177
171
182
191
203
210
215
221
224
213
219
241
260
297
312
334
345
358
373
405
433
430
452
478
537
581
618
670
683
709
722
754
774
769
730
676
637
622
626
626
631
580
530
440
367
293
217
129
19
-77
-176
-256
-329
-422
-521
-617
-693
-731
-746
-738
-715
-685
-665
-607
-544
-488
-422
-364
-326
-264
-199
-142
-48
6
39
45
37
40
45
53
44
37
36
18
-17
-72
-141
-218
-318
-371
-441
-501
-514
-565
-602
-634
-679
-682
-689
-726
-697
-657
-613
-558
-512
-425
-357
-285
-207
-126
-49
17
71
166
219
243
280
330
336
349
361
354
348
341
339
304
284
247
240
217
197
202
199
201
239
283
342
411
472
554
629
705
807
895
970
1016
998
951
900
842
762
693
603
486
381
261
151
32
-88
-203
-335
-452
-544
-618
-685
-707
-743
-754
-766
-737
-689
-667
-641
-601
-548
-469
-384
-317
-230
-170
-126
-61
2
39
51
51
48
45
50
38
39
68
38
11
-41
-96
-155
-241
-311
-383
-436
-488
-534
-554
-575
-591
-598
-615
-625
-618
-643
-637
-598
-558
-508
-419
-343
-274
-219
-126
-48
20
107
173
243
307
376
409
430
447
436
404
387
355
307
245
195
160
156
145
146
122
106
100
104
143
203
262
332
407
491
590
691
773
867
972
1023
1035
997
958
867
790
669
551
423
293
162
7
-108
-248
-370
-475
-577
-635
-692
-714
-729
-720
-694
-632
-550
-484
-415
-394
-350
-305
-274
-225
-206
-175
-128
-101
-88
-47
-40
-56
-79
-89
-103
-106
-85
-100
-87
-77
-83
-103
-134
-180
-241
-295
-371
-450
-497
-539
-556
-580
-586
-579
-582
-565
-539
-509
-469
-422
-367
-299
-230
-138
-85
-3
70
156
215
254
303
334
351
351
350
314
285
254
211
152
79
50
18
15
10
37
78
94
160
226
285
380
449
533
605
659
711
752
786
818
845
836
802
735
672
593
524
449
374
310
232
171
113
52
-3
-61
-105
-153
-202
-284
-340
-375
-432
-480
-492
-509
-528
-568
-558
-548
-546
-522
-512
-466
-397
-336
-293
-238
-174
-107
-66
-34
10
18
19
13
8
-17
-52
-95
-148
-216
-294
-347
-419
-458
-490
-557
-583
-588
-596
-592
-568
-541
-487
-443
-376
-292
-226
-146
-92
-1
58
109
169
192
216
223
216
209
213
184
165
142
91
73
39
26
21
9
17
41
100
153
215
275
326
354
387
407
416
431
426
436
466
494
517
550
605
619
633
614
617
573
542
513
477
452
388
355
309
265
183
117
32
-29
-104
-210
-267
-347
-403
-475
-534
-567
-571
-584
-570
-553
-544
-509
-487
-451
-397
-343
-305
-245
-227
-187
-133
-110
-67
-46
-52
-69
-82
-123
-187
-238
-298
-361
-426
-476
-506
-563
-563
-579
-565
-551
-541
-499
-474
-417
-386
-370
-312
-241
-213
-159
-107
-91
-50
-13
20
41
54
79
79
86
79
70
98
94
105
111
129
166
200
220
225
256
261
280
310
328
325
325
349
358
351
369
386
392
438
490
560
625
690
721
738
709
659
611
539
457
389
328
248
180
114
50
-3
-54
-124
-176
-235
-284
-312
-335
-356
-383
-409
-417
-415
-391
-359
-341
-315
-257
-215
-177
-168
-144
-135
-136
-144
-174
-187
-251
-282
-299
-307
-341
-358
-357
-385
-409
-460
-476
-500
-529
-549
-542
-545
-512
-463
-423
-365
-317
-264
-223
-189
-153
-133
-91
-59
-44
-3
16
62
80
90
108
126
156
165
171
164
171
157
158
165
154
162
180
170
185
195
209
217
225
253
319
349
395
451
508
564
630
692
749
789
820
838
847
827
772
699
639
543
424
324
192
66
-43
-130
-202
-262
-305
-308
-326
-338
-344
-342
-320
-323
-320
-305
-271
-235
-213
-193
-157
-130
-112
-79
-71
-64
-45
-39
-64
-61
-89
-143
-203
-263
-335
-410
-475
-541
-594
-637
-624
-638
-635
-616
-637
-616
-594
-613
-603
-593
-579
-551
-512
-470
-417
-373
-340
-274
-204
-157
-94
-38
26
81
133
183
212
256
276
304
300
296
293
278
275
281
296
288
275
274
261
279
292
303
302
329
357
368
405
449
516
581
636
710
781
820
826
826
783
726
674
587
506
408
292
193
99
-1
-50
-115
-162
-229
-268
-296
-301
-318
-334
-373
-393
-383
-393
-389
-378
-357
-354
-291
-233
-171
-119
-50
-10
23
31
11
-8
-68
-132
-197
-266
-332
-386
-465
-533
-583
-613
-633
-647
-627
-607
-593
-569
-525
-491
-469
-441
-419
-425
-425
-409
-401
-378
-345
-292
-255
-200
-148
-122
-51
19
51
102
147
193
234
275
307
339
370
396
413
431
428
442
468
469
484
501
501
477
463
450
448
432
418
416
446
480
499
532
571
610
630
643
638
613
607
566
532
496
412
331
249
177
105
36
-47
-134
-189
-248
-298
-357
-404
-443
-444
-447
-451
-450
-457
-458
-434
-407
-383
-365
-336
-301
-274
-239
-217
-202
-233
-265
-308
-352
-399
-464
-508
-542
-553
-550
-541
-521
-530
-507
-466
-448
-438
-401
-371
-336
-283
-258
-248
-244
-234
-248
-267
-260
-254
-250
-250
-232
-194
-155
-108
-70
-10
63
102
161
219
267
320
373
427
477
497
527
571
582
602
619
626
629
638
641
621
620
637
629
628
640
637
664
669
653
630
581
555
492
444
404
354
277
182
133
61
-6
-51
-111
-162
-206
-239
-234
-248
-270
-295
-321
-331
-345
-342
-355
-402
-403
-392
-386
-368
-372
-343
-336
-318
-327
-356
-365
-414
-423
-446
-471
-490
-517
-519
-526
-523
-513
-508
-488
-455
-413
-358
-306
-261
-228
-186
-146
-118
-87
-75
-61
-45
-24
-7
0
22
40
71
71
67
83
88
108
135
168
206
228
253
296
332
366
401
439
462
491
520
564
586
599
594
589
604
598
600
625
654
680
703
737
744
766
753
729
703
656
602
553
526
475
419
375
322
272
206
148
111
50
-3
-44
-90
-149
-200
-282
-324
-359
-411
-437
-474
-505
-521
-522
-526
-521
-506
-490
-454
-422
-390
-365
-344
-313
-295
-279
-272
-274
-304
-316
-321
-344
-344
-377
-401
-416
-412
-391
-392
-374
-352
-360
-326
-284
-244
-172
-103
-48
11
64
98
173
213
246
273
319
338
355
372
396
411
397
403
399
405
423
416
421
415
408
431
418
413
415
429
432
443
454
460
474
492
496
493
505
505
514
526
559
560
564
560
544
538
519
497
447
404
360
306
253
203
144
72
46
-9
-52
-119
-170
-203
-263
-295
-347
-378
-418
-460
-488
-508
-510
-522
-545
-532
-531
-522
-509
-492
-462
-459
-434
-410
-401
-369
-347
-325
-307
-298
-290
-276
-274
-275
-260
-252
-237
-227
-197
-163
-155
-116
-75
-49
-20
-8
25
67
104
134
156
205
252
278
306
357
394
429
453
465
484
496
509
521
539
541
561
582
567
574
589
577
572
583
583
577
564
546
543
489
485
473
449
436
421
412
400
376
351
330
291
272
244
210
150
103
74
37
-4
-30
-58
-62
-89
-126
-134
-165
-179
-198
-212
-216
-230
-239
-238
-244
-264
-284
-296
-325
-334
-336
-385
-394
-416
-434
-431
-453
-459
-469
-477
-470
-456
-434
-407
-391
-340
-295
-246
-187
-146
-89
-28
22
71
100
122
149
179
175
180
202
202
204
208
237
222
237
254
276
312
324
355
391
425
450
475
490
519
551
571
590
602
605
600
592
579
563
551
504
498
480
439
416
411
387
377
361
356
361
340
323
297
304
260
221
218
164
120
76
30
-8
-54
-105
-151
-201
-247
-275
-315
-339
-331
-330
-335
-323
-304
-292
-282
-250
-234
-223
-200
-187
-173
-174
-145
-148
-153
-147
-146
-156
-203
-219
-260
-270
-282
-299
-296
-295
-275
-268
-241
-214
-196
-176
-126
-108
-54
-1
22
70
99
127
156
180
175
216
234
244
269
296
309
309
335
340
360
380
412
439
441
465
471
501
504
507
510
501
484
478
447
433
418
399
386
363
364
352
355
338
323
312
296
300
302
288
289
292
276
260
253
224
188
155
104
88
43
4
-25
-74
-107
-159
-176
-218
-253
-270
-285
-306
-329
-305
-341
-342
-306
-301
-292
-281
-259
-242
-231
-221
-202
-175
-189
-163
-150
-145
-118
-114
-93
-79
-86
-66
-75
-85
-56
-50
-45
-49
-21
7
26
46
46
93
99
127
159
168
186
208
216
238
269
298
318
342
338
342
337
335
354
357
353
369
371
371
369
351
347
323
323
322
338
334
348
358
339
329
316
286
273
267
245
228
233
211
190
182
153
139
123
93
63
31
10
-4
-18
-27
-21
-35
-50
-51
-80
-85
-95
-116
-118
-123
-125
-131
-134
-134
-141
-149
-162
-166
-169
-181
-186
-172
-187
-177
-186
-194
-195
-206
-219
-205
-218
-210
-193
-214
-162
-166
-132
-119
-95
-55
-55
2
13
39
69
71
97
117
146
154
195
210
214
222
248
256
255
260
268
282
250
246
254
252
267
243
241
249
245
267
251
261
270
274
283
300
308
302
308
294
298
290
279
274
247
237
243
225
198
191
155
112
97
69
81
67
58
45
22
29
20
12
5
-8
-21
-42
-58
-80
-97
-96
-111
-131
-124
-152
-169
-180
-172
-192
-188
-160
-167
-139
-117
-127
-100
-97
-81
-51
-59
-41
-44
-23
-14
-13
-19
-25
-28
-39
-45
-54
-61
-57
-56
-59
-51
-39
-30
-18
13
19
33
55
74
108
134
158
171
199
214
252
274
271
281
277
294
303
289
283
282
286
282
272
254
266
262
248
234
218
217
190
176
169
153
135
134
111
110
107
80
70
70
62
55
66
57
47
42
47
15
9
3
6
-5
-12
-10
-20
-18
-42
-41
-49
-73
-73
-95
-122
-138
-135
-145
-147
-137
-138
-133
-139
-121
-124
-111
-119
-102
-106
-99
-67
-73
-36
-55
-40
-29
-24
-28
-21
-8
-6
-7
-8
18
2
0
21
32
19
22
17
38
37
60
84
81
113
113
133
122
122
127
118
133
125
134
149
146
143
150
164
162
163
158
155
162
178
165
166
163
154
156
152
144
130
134
118
124
120
99
84
85
79
88
89
69
75
57
39
35
17
16
9
4
3
-13
-28
-14
-46
-49
-37
-45
-61
-71
-53
-67
-57
-47
-54
-57
-41
-40
-63
-52
-61
-81
-84
-66
-76
-68
-60
-91
-83
-101
-97
-92
-90
-71
-79
-72
-43
-40
-51
-49
-31
-17
-31
-21
-6
0
7
22
34
52
69
74
85
99
95
87
87
86
102
99
107
100
121
129
120
132
131
133
138
127
122
117
120
103
112
101
78
94
76
71
73
73
70
73
79
89
86
78
84
71
75
69
70
58
63
66
50
46
24
16
21
12
-10
9
1
-5
9
-24
-18
-14
-9
-6
-10
-6
-18
-23
-27
-26
-41
-47
-48
-64
-65
-96
-97
-112
-104
-99
-123
-114
-95
-69
-61
-41
-16
5
20
21
40
44
65
70
41
65
61
61
60
50
51
54
37
24
12
-2
-1
-2
-2
-31
-23
-9
5
18
26
38
58
70
85
110
119
133
149
138
155
171
164
176
190
166
175
179
173
179
174
164
144
156
141
124
92
88
67
57
62
30
15
26
13
12
17
12
7
8
24
21
42
47
54
41
54
68
50
61
56
59
51
38
41
23
33
11
-6
-24
-34
-59
-62
-79
-81
-86
-105
-95
-96
-71
-76
-94
-76
-83
-67
-55
-48
-15
-14
-4
2
6
24
37
43
57
68
76
72
86
103
104
107
102
107
99
104
103
93
92
65
48
29
9
13
-5
-18
5
13
6
10
2
17
45
34
70
76
82
108
120
133
143
151
154
171
177
185
179
165
143
129
114
115
72
61
59
37
33
11
12
13
16
24
30
19
24
35
34
19
24
31
20
-1
-12
-17
-10
0
-7
-22
-23
-28
-22
10
5
-10
-2
3
-1
4
-17
-12
-22
-37
-34
-48
-56
-47
-52
-68
-64
-76
-70
-86
-93
-68
-64
-60
-42
-20
-3
2
6
33
38
53
67
104
113
119
134
127
124
131
136
102
106
83
96
75
60
58
44
33
17
32
12
-2
-18
-12
-23
-6
-4
0
6
0
3
21
47
46
53
53
57
80
84
94
104
122
114
117
123
127
128
128
105
104
112
80
88
78
55
29
8
-13
-18
-47
-48
-66
-80
-74
-80
-99
-91
-71
-93
-79
-63
-44
-27
-17
-1
8
2
-8
7
3
-12
1
-10
-19
-26
-19
-22
-34
-29
-28
-45
-42
-30
-32
-41
-37
-28
-20
-17
-26
-10
-5
12
26
24
51
48
63
69
90
104
113
125
132
134
141
165
155
157
144
161
157
141
149
146
152
129
114
94
71
61
47
29
38
19
10
6
11
13
7
21
37
48
59
56
79
84
97
115
113
111
112
107
85
97
83
86
62
43
35
-7
-19
-30
-35
-51
-75
-81
-83
-109
-76
-80
-76
-56
-41
-54
-56
-38
-54
-32
-35
-21
-24
-14
-22
-20
-25
-44
-32
-30
-13
-21
-13
-21
-6
15
2
-1
-17
-13
7
10
20
26
29
30
15
25
23
45
37
51
59
73
83
77
87
90
98
104
127
124
134
141
129
151
149
161
139
140
141
127
120
89
89
61
55
50
41
32
14
8
8
10
5
10
15
19
22
24
7
17
35
35
29
14
14
11
1
-3
-24
-22
-37
-47
-59
-76
-68
-66
-74
-65
-76
-68
-53
-69
-64
-59
-62
-61
-52
-45
-40
-33
-23
-21
-35
-34
-24
-41
-37
-48
-39
-49
-54
-32
-40
-30
-18
-21
-27
-17
-8
-5
-3
-5
-4
14
16
19
10
24
38
34
27
43
61
42
70
76
83
97
95
102
92
96
118
107
120
126
113
109
110
113
85
91
83
66
62
45
28
37
22
15
13
8
20
14
31
31
35
19
37
45
24
37
32
26
23
3
0
-13
-24
-25
-37
-56
-60
-59
-79
-73
-79
-98
-111
-105
-122
-127
-133
-117
-115
-119
-120
-119
-90
-82
-80
-92
-77
-66
-64
-60
-62
-54
-42
-31
-25
-5
-4
6
-6
14
37
27
49
38
47
48
51
46
53
62
40
49
30
35
32
41
24
20
16
13
21
19
36
48
53
69
75
64
83
94
95
105
105
105
116
115
85
69
66
48
17
14
17
-26
-30
-28
-28
-34
-45
-35
-44
-47
-43
-25
-30
-40
-38
-26
-36
-23
-34
-12
-30
-58
-33
-60
-50
-63
-59
-55
-70
-73
-73
-75
-75
-91
-106
-116
-115
-104
-98
-107
-119
-104
-101
-111
-115
-116
-103
-97
-80
-77
-83
-92
-89
-83
-79
-55
-45
-37
-19
-6
16
13
45
51
49
55
68
56
57
55
58
74
61
40
44
44
27
21
17
14
19
23
31
28
19
31
17
30
29
33
46
48
40
43
50
47
32
24
22
3
7
-12
-29
-32
-32
-26
-45
-30
-52
-68
-72
-80
-85
-80
-67
-78
-89
-78
-63
-82
-91
-77
-72
-87
-95
-81
-73
-74
-86
-89
-92
-88
-78
-62
-83
-83
-84
-82
-86
-98
-100
-101
-113
-119
-113
-128
-120
-112
-108
-123
-128
-122
-123
-116
-126
-110
-105
-89
-94
-74
-53
-38
-23
-19
-12
2
9
3
27
20
32
35
22
34
23
16
32
14
25
10
27
33
35
25
44
45
35
34
32
32
43
57
32
42
25
26
19
9
7
-13
-20
-17
-42
-26
-39
-65
-65
-81
-85
-110
-112
-127
-125
-125
-128
-145
-153
-146
-139
-144
-147
-134
-135
-121
-109
-117
-117
-108
-94
-96
-110
-101
-102
-102
-88
-88
-89
-90
-104
-75
-87
-98
-96
-102
-91
-99
-96
-103
-92
-85
-112
-98
-100
-87
-88
-78
-79
-73
-65
-88
-63
-64
-66
-66
-65
-54
-41
-24
-26
-21
-25
-35
-21
-10
-8
11
16
2
16
33
16
13
26
48
31
42
49
38
40
33
40
43
26
-3
15
28
23
12
18
7
20
15
22
14
-12
-7
-25
-27
-45
-26
-34
-56
-57
-62
-90
-94
-100
-114
-137
-139
-137
-138
-141
-162
-163
-168
-151
-165
-160
-136
-137
-126
-105
-128
-128
-98
-112
-97
-100
-101
-103
-99
-101
-91
-75
-95
-81
-69
-55
-49
-46
-39
-19
-33
-31
-11
-24
-24
-7
-16
-29
-20
-16
-21
-21
-27
-29
-32
-26
-17
-11
-7
-7
-12
-16
-8
5
15
15
2
24
31
26
14
30
40
15
29
19
19
11
1
-7
-10
-7
-12
-9
5
-16
-3
-26
-28
-26
-27
-28
-40
-33
-39
-40
-61
-50
-69
-74
-90
-94
-97
-116
-122
-126
-136
-151
-164
-166
-160
-165
-156
-151
-167
-166
-166
-165
-166
-168
-160
-156
-156
-158
-156
-145
-154
-157
-160
-156
-153
-135
-142
-133
-117
-118
-116
-118
-84
-79
-86
-79
-61
-48
-43
-45
-29
-31
-32
-32
-30
-3
-8
9
24
22
27
36
42
32
51
57
44
50
46
42
57
40
44
36
16
23
5
-4
-5
-8
-10
-15
-21
-23
-30
-32
-46
-53
-42
-46
-48
-48
-30
-21
-36
-14
-16
-20
-20
-40
-49
-48
-54
-70
-65
-78
-88
-103
-112
-128
-122
-113
-120
-123
-131
-135
-152
-137
-136
-141
-132
-132
-124
-121
-129
-111
-107
-114
-110
-120
-128
-121
-121
-124
-106
-102
-107
-104
-97
-87
-87
-95
-70
-78
-69
-59
-65
-51
-50
-36
-52
-43
-13
-12
-12
4
1
22
15
13
45
32
53
41
38
55
45
59
61
61
71
68
66
57
59
41
51
42
36
27
15
13
7
10
2
-16
-17
-13
-16
-30
-36
-37
-54
-55
-63
-64
-64
-56
-68
-79
-80
-83
-104
-108
-121
-125
-126
-131
-130
-144
-147
-136
-138
-132
-135
-136
-125
-135
-115
-113
-102
-93
-91
-86
-76
-64
-67
-64
-66
-57
-73
-50
-56
-49
-41
-68
-61
-54
-36
-56
-42
-51
-43
-44
-32
-26
-35
-23
-19
-2
-5
15
6
31
27
29
37
40
43
31
39
37
47
51
56
63
57
46
69
70
53
53
55
51
63
54
48
71
80
62
63
41
45
30
23
26
18
15
8
12
4
6
-12
-17
-25
-28
-21
-33
-35
-47
-39
-42
-58
-81
-78
-72
-92
-114
-137
-134
-138
-148
-146
-140
-151
-155
-141
-150
-155
-146
-153
-133
-121
-123
-92
-88
-89
-67
-56
-54
-50
-28
-41
-36
-25
-32
-15
-14
-20
-22
-13
-11
-8
-4
8
8
9
5
21
10
22
23
34
61
49
52
64
87
63
74
76
55
71
73
74
66
71
58
59
71
64
50
60
61
45
40
51
49
24
32
32
18
-2
7
-9
-17
-23
-39
-27
-47
-51
-58
-58
-57
-67
-79
-72
-68
-82
-66
-79
-63
-48
-62
-51
-49
-48
-44
-51
-53
-66
-64
-75
-82
-94
-91
-88
-111
-101
-126
-137
-121
-139
-143
-139
-132
-130
-116
-108
-100
-104
-86
-64
-61
-32
-13
4
2
10
-1
15
31
41
51
47
50
48
48
59
67
73
72
81
79
64
66
72
62
75
72
76
72
65
76
77
80
78
57
63
53
54
69
74
68
60
53
58
52
39
37
36
27
-1
3
7
6
-15
-25
-38
-41
-43
-68
-77
-80
-72
-92
-96
-92
-89
-107
-120
-129
-124
-98
-119
-102
-88
-80
-88
-99
-74
-74
-60
-68
-60
-57
-47
-51
-58
-42
-42
-31
-50
-51
-40
-56
-50
-67
-39
-56
-59
-47
-60
-54
-55
-32
-50
-52
-41
-24
-16
-23
2
-8
5
24
23
44
36
54
50
59
45
63
85
86
96
79
95
86
80
90
73
81
67
74
87
61
49
55
45
39
34
19
11
9
22
0
2
-13
4
6
-22
-8
-13
-23
-22
-36
-40
-37
-43
-55
-53
-57
-72
-76
-76
-91
-97
-105
-122
-129
-112
-113
-124
-124
-133
-136
-134
-130
-136
-122
-112
-128
-127
-105
-96
-90
-82
-73
-73
-62
-52
-33
-47
-52
-47
-50
-29
-19
-34
-33
-24
-34
-34
-40
-31
-36
-26
-15
-2
-6
0
-8
6
9
-4
1
1
19
0
1
-6
-8
14
0
1
6
6
-5
-5
-11
-9
-6
-5
1
7
-3
2
11
-5
8
9
-8
-4
-2
-5
-12
-15
-15
-32
-33
-44
-43
-62
-64
-54
-81
-95
-96
-93
-98
-96
-111
-102
-109
-116
-120
-126
-118
-114
-104
-125
-125
-116
-125
-126
-122
-121
-111
-122
-101
-112
-112
-103
-108
-113
-99
-87
-94
-63
-63
-62
-62
-44
-26
-34
-42
-28
-25
-27
-23
-17
-21
-23
-8
-18
-12
-1
5
9
14
27
31
35
39
50
43
40
65
53
61
62
49
54
56
47
35
21
27
16
-5
-9
-7
-24
-27
-8
-42
-37
-37
-34
-35
-35
-15
-31
-21
-20
-38
-28
-11
-23
-16
-2
-11
-14
-13
-32
-30
-17
-45
-46
-43
-37
-43
-41
-53
-50
-65
-78
-72
-86
-84
-83
-81
-79
-91
-100
-104
-123
-120
-117
-106
-106
-102
-88
-98
-104
-92
-90
-84
-69
-71
-56
-78
-61
-45
-38
-33
-35
-39
-31
-25
-25
-15
-29
-10
-16
4
20
4
11
1
16
11
-2
-4
13
23
16
17
17
14
21
24
31
11
15
14
12
17
4
11
-2
10
-6
-13
-14
-30
-24
-33
-43
-48
-59
-67
-54
-71
-85
-86
-90
-94
-101
-107
-105
-110
-124
-134
-112
-112
-126
-119
-125
-129
-114
-98
-102
-94
-97
-84
-78
-75
-67
-67
-60
-69
-69
-74
-74
-78
-71
-58
-73
-82
-70
-64
-73
-71
-71
-57
-67
-68
-75
-56
-55
-75
-48
-41
-42
-35
-34
-31
-40
-25
-16
-29
-12
-10
-13
-7
5
-4
-8
-4
16
11
2
10
15
12
18
10
14
31
13
22
5
2
10
15
18
16
5
0
-4
-9
2
1
2
-4
11
-1
-9
2
2
-6
-3
-14
-9
-16
-13
-5
-31
-32
-32
-44
-55
-65
-74
-73
-81
-90
-96
-101
-86
-82
-72
-80
-81
-62
-59
-64
-59
-57
-72
-67
-56
-57
-51
-49
-34
-32
-43
-22
-30
-17
-33
-31
-15
-15
-10
-13
-14
-2
-2
-2
-2
-1
4
12
5
3
-1
-6
16
13
16
6
2
6
16
21
23
12
9
-2
15
26
16
26
30
33
30
29
37
17
25
18
18
26
8
11
-2
4
1
-11
-7
-9
-4
-23
-30
-19
-26
-23
-35
-40
-30
-21
-31
-36
-44
-36
-35
-36
-39
-41
-38
-54
-36
-52
-53
-63
-74
-69
-69
-73
-76
-70
-53
-56
-56
-68
-68
-62
-51
-45
-37
-42
-47
-40
-45
-42
-31
-27
-41
-29
-22
-32
-31
-19
-24
-18
-12
-7
8
9
9
16
38
29
29
48
46
49
49
31
46
53
36
27
36
49
33
29
36
51
38
36
38
27
30
24
10
7
22
4
5
3
4
4
5
3
-5
-14
-20
-19
-28
-15
-39
-40
-40
-45
-38
-51
-57
-48
-39
-49
-53
-43
-52
-50
-42
-45
-55
-50
-44
-46
-39
-43
-40
-65
-83
-69
-56
-69
-79
-69
-79
-84
-81
-94
-100
-68
-70
-61
-68
-74
-49
-42
-66
-62
-38
-41
-31
-26
-31
-20
-16
-25
-17
-30
-13
-19
-5
-19
-34
-23
-18
8
-4
-5
-22
-11
-11
-31
-25
-11
-17
-27
-11
-8
-18
-1
-2
-11
7
0
-5
-4
8
10
-9
5
14
6
-13
-20
-2
-7
-22
-25
-40
-30
-19
-33
-40
-48
-60
-77
-81
-73
-85
-94
-98
-99
-105
-93
-112
-116
-114
-108
-94
-104
-106
-104
-96
-84
-100
-85
-79
-84
-55
-63
-61
-66
-66
-83
-83
-82
-68
-67
-73
-86
-78
-98
-91
-77
-86
-79
-80
-69
-61
-59
-58
-47
-48
-43
-58
-44
-28
-38
-28
-31
-31
-20
-14
-25
-3
-11
-24
-23
-30
-21
-23
-31
-18
-14
-23
-14
-18
-15
-25
-22
-20
-17
-46
-33
-21
-30
-24
-26
-15
-28
-37
-29
-35
-23
-28
-37
-37
-27
-23
-21
-13
-10
-26
-22
-10
-15
-20
-30
-30
-30
-40
-48
-44
-56
-69
-64
-78
-69
-61
-69
-70
-83
-83
-88
-102
-95
-92
-95
-89
-79
-63
-76
-87
-81
-68
-63
-67
-62
-73
-74
-49
-55
-51
-74
-68
-57
-58
-54
-51
-40
-38
-37
-38
-28
-35
-48
-26
-22
-27
-7
-25
-17
-19
-8
-6
-11
-1
-2
-1
6
4
15
17
19
21
16
-6
8
14
-4
-7
-12
-6
-26
-4
-29
-28
-28
-46
-43
-47
-43
-46
-50
-63
-49
-50
-54
-46
-68
-36
-18
-26
-14
-15
-8
-21
-23
-14
-26
-23
-34
-27
-32
-33
-34
-40
-40
-54
-57
-54
-56
-59
-50
-40
-48
-57
-56
-52
-44
-49
-46
-35
-30
-29
-33
-50
-41
-32
-29
-42
-39
-29
-35
-34
-34
-23
-26
-41
-33
-17
-11
-14
-8
-7
-1
1
-1
7
0
-6
9
13
10
0
-2
-5
-14
-4
-3
-13
-10
-7
1
-8
-3
6
19
8
5
2
-12
0
-15
-7
-12
-5
-28
-38
-40
-43
-28
-39
-46
-60
-68
-52
-63
-73
-66
-78
-55
-55
-51
-58
-63
-51
-45
-36
-34
-43
-37
-47
-38
-29
-24
-43
-48
-47
-65
-56
-50
-71
-61
-66
-58
-36
-40
-30
-37
-43
-34
-35
-44
-31
-50
-38
-16
-31
-23
-28
-17
-15
-44
-44
-37
-54
-49
-56
-67
-64
-47
-57
-73
-67
-54
-56
-66
-70
-66
-51
-65
-59
-70
-58
-61
-52
-46
-49
-31
-24
-29
-35
-25
-21
-32
-33
-26
-29
-22
-32
-23
-33
-42
-15
-21
-35
-22
-35
-47
-38
-36
-51
-38
-49
-62
-70
-65
-48
-58
-59
-54
-49
-52
-50
-58
-56
-46
-37
-42
-25
-42
-30
-27
-40
-20
-33
-16
-20
-19
-11
-17
-29
-41
-37
-42
-30
-31
-17
-22
-37
-24
-29
-49
-40
-30
-24
-32
-22
-8
-23
0
1
4
-1
-10
5
-8
-15
-6
-14
-7
-16
-21
-22
-15
-13
-17
-12
-14
-12
-20
-31
-30
-22
-27
-27
-18
-25
-35
-23
-25
-21
-19
-17
-19
-23
-17
-6
-3
-15
-14
-11
-17
-11
-7
-20
-20
-18
-13
-3
-9
4
1
1
1
1
3
-1
-6
0
-6
-17
-12
-11
-15
1
-15
-18
12
-13
-26
-29
-12
4
3
-13
-11
-16
2
10
7
6
4
6
-25
-10
4
-2
-13
-6
4
-2
-12
-10
8
10
14
20
8
28
29
24
32
31
22
27
31
39
46
56
57
54
38
49
48
32
31
20
25
13
-8
4
21
10
9
3
-18
0
0
9
6
-1
11
6
-12
8
-6
-2
9
-7
3
-9
-23
-22
-26
-32
-20
-18
-12
-22
-10
-8
-17
-7
0
0
-6
-9
-9
-9
-11
1
10
-7
6
-12
-9
-2
11
19
15
15
12
9
1
10
6
-2
-2
7
3
3
4
5
-8
5
-3
-5
-7
-12
2
-15
-29
-23
-31
-27
-10
-13
-15
-11
-2
-3
-1
-12
2
6
-9
8
-9
-11
4
-4
6
-19
-13
0
1
-12
-14
1
-17
-12
-22
-22
-31
-46
-24
-32
-33
-22
-30
-38
-27
-24
-21
-24
-25
-11
-11
-16
-28
-24
-27
-29
-27
-26
-15
-23
-8
-17
-20
-19
-27
1
-13
-13
-13
-17
-28
-24
-21
-34
-31
-21
-17
-15
3
-7
-2
5
-2
-16
-2
2
-15
2
2
-6
-8
14
12
14
13
4
11
-13
10
-12
-11
-5
-17
-4
-23
-16
1
-11
-11
0
-25
-20
-15
-22
-23
-17
0
-17
-22
-25
-29
-41
-49
-44
-33
-44
-45
-42
-55
-46
-48
-48
-42
-41
-46
-45
-39
-29
-54
-48
-35
-41
-28
-30
-43
-50
-45
-39
-36
-43
-27
-46
-51
-35
-34
-40
-32
-50
-33
-26
-30
-37
-48
-29
-31
-28
-26
-19
-21
-23
-21
-30
-25
-31
-34
-25
-25
-22
-21
-4
-20
-26
-29
-30
-21
-22
-10
-9
-28
-24
-15
-25
-33
-29
-19
-21
-30
-35
-37
-15
-6
-23
-19
-28
-21
-28
-29
-26
-20
-17
-23
-19
-11
-22
-26
-21
-34
-17
-28
-39
-20
-44
-45
-33
-45
-26
-29
-41
-30
-37
-37
-36
-40
-24
-39
-40
-22
-41
-38
-22
-26
-30
-37
-42
-39
-39
-45
-44
-46
-38
-46
-34
-41
-35
-20
-30
-39
-25
-25
-27
-34
-26
-21
-42
-26
-38
-22
-20
-23
-30
-38
-46
-42
-48
-30
-24
-32
-26
-42
-20
-29
-21
-27
-21
-31
-35
-35
-45
-28
-33
-33
-34
-36
-27
-38
-35
-44
-45
-50
-47
-45
-58
-42
-46
-51
-48
-47
-40
-53
-52
-53
-42
-40
-51
-46
-48
-45
-62
-58
-54
-47
-37
-39
-47
-37
-40
-38
-48
-45
-39
-46
-45
-29
-39
-31
-42
-48
-36
-53
-60
-57
-66
-69
-62
-63
-63
-67
-53
-63
-59
-56
-45
-54
-40
-42
-46
-37
-32
-20
-12
8
-10
-4
-14
-19
-25
-25
-13
-22
-26
-25
-32
-31
-30
-19
-21
-26
-24
-24
-29
-35
-35
-36
-29
-29
-35
-40
-30
-54
-62
-39
-50
-44
-51
-38
-41
-55
-44
-43
-42
-47
-54
-52
-53
-66
-52
-60
-37
-53
-66
-59
-62
-60
-84
-79
-78
-81
-81
-70
-87
-93
-88
-95
-80
-101
-96
-84
-92
-72
-74
-77
-85
-58
-67
-59
-57
-67
-57
-53
-38
-51
-53
-56
-35
-46
-40
-44
-40
-50
-56
-55
-48
-38
-56
-44
-40
-52
-57
-65
-64
-50
-49
-48
-58
-41
-38
-47
-48
-44
-34
-35
-21
-18
-29
-16
-21
-9
-11
-14
-5
-11
-14
-12
-19
-29
-19
-31
-25
-25
-36
-39
-35
-40
-34
-41
-45
-40
-60
-22
-36
-35
-29
-48
-41
-37
-33
-33
-32
-23
-46
-58
-56
-50
-37
-33
-44
-33
-43
-51
-36
-34
-37
-35
-55
-62
-58
-43
-50
-50
-40
-36
-20
-31
-43
-40
-18
-21
-28
-17
-22
-23
-3
-9
12
-3
0
15
1
11
1
6
5
16
30
39
30
12
18
19
5
18
29
25
22
17
24
29
23
21
21
25
38
19
24
24
26
31
14
1
14
18
-6
14
18
20
24
17
17
-1
10
11
5
6
9
10
15
2
10
20
12
2
17
16
20
7
-1
2
-5
-10
-4
-10
-13
-12
-11
-9
-20
-22
-16
1
-12
-1
-17
-18
-11
-18
-9
-6
-5
-13
-22
-28
-19
-10
-5
-4
-11
-8
-8
5
9
-5
14
11
-1
9
16
18
4
7
-4
11
20
7
5
5
13
19
23
28
21
23
20
-2
11
9
18
12
11
17
-1
10
14
13
27
22
0
9
1
2
-3
-7
4
-5
11
0
-2
-4
8
-11
-15
-3
-4
16
-12
-13
6
-5
4
-10
4
21
3
5
-3
9
-4
-19
-12
-14
-15
-13
-16
-18
-33
-20
-25
-19
-30
-25
-22
-34
-21
-26
-17
-16
-1
-17
-22
-14
-17
-5
-7
-23
-20
-16
-6
-1
-8
-18
-4
-6
-3
0
-14
-6
5
-10
0
-5
1
9
1
8
24
12
24
28
2
25
30
24
35
28
20
21
32
38
24
23
20
20
28
44
32
25
31
45
32
46
29
22
29
16
34
23
35
18
14
34
9
-8
-7
0
-12
-13
-12
-12
-17
-13
1
0
-3
-4
-3
5
6
-10
8
-1
11
4
-5
7
13
13
23
27
24
28
6
20
4
25
22
15
14
3
-12
-14
-9
-8
2
16
10
2
8
-7
19
5
14
14
13
19
20
23
15
39
33
28
29
38
53
34
34
36
28
48
36
49
63
54
69
50
35
48
47
31
39
43
48
33
44
51
46
51
43
55
60
46
42
37
59
62
58
62
34
26
29
30
27
31
14
2
22
30
17
12
22
17
14
22
22
18
9
14
7
5
-16
-1
-12
-12
5
-9
-13
-18
-12
-37
-24
-15
-27
-6
-11
-6
-5
-5
-13
-8
-12
-13
-12
-21
-7
-12
