-66
-75
-83
-84
-82
-76
-83
-89
-78
-88
-79
-81
-80
-86
-83
-80
-87
-82
-79
-71
-85
-86
-91
-92
-85
-95
-88
-94
-78
-79
-69
-83
-105
-92
-96
-88
-91
-92
-87
-96
-84
-83
-89
-87
-83
-83
-76
-68
-61
-55
-77
-55
-70
-69
-70
-81
-67
-78
-70
-73
-86
-90
-77
-81
-72
-70
-73
-75
-82
-70
-79
-77
-87
-92
-79
-72
-67
-71
-75
-76
-74
-77
-74
-71
-71
-67
-64
-60
-57
-56
-68
-62
-69
-67
-60
-64
-62
-62
-58
-69
-66
-70
-60
-55
-49
-46
-53
-49
-46
-49
-43
-46
-58
-49
-51
-58
-62
-53
-63
-66
-52
-59
-67
-59
-63
-51
-65
-72
-64
-56
-61
-74
-80
-71
-67
-78
-70
-72
-68
-63
-82
-80
-72
-67
-61
-75
-81
-63
-72
-71
-74
-77
-62
-74
-84
-74
-77
-72
-70
-65
-61
-87
-81
-76
-85
-90
-79
-80
-99
-79
-74
-70
-68
-71
-75
-101
-99
-92
-91
-95
-97
-81
-95
-101
-107
-97
-100
-102
-110
-112
-88
-109
-103
-74
-86
-75
-88
-80
-71
-80
-75
-85
-71
-84
-97
-93
-78
-77
-71
-79
-73
-73
-86
-88
-91
-85
-81
-79
-89
-85
-75
-77
-88
-74
-89
-85
-84
-71
-77
-78
-70
-61
-66
-69
-71
-66
-69
-79
-72
-76
-77
-89
-76
-83
-65
-67
-83
-69
-87
-89
-83
-82
-66
-81
-70
-65
-65
-73
-76
-71
-67
-74
-64
-81
-81
-69
-89
-58
-56
-63
-73
-83
-61
-64
-62
-64
-62
-56
-68
-64
-58
-61
-48
-66
-57
-53
-55
-42
-62
-59
-59
-60
-59
-54
-53
-35
-55
-51
-50
-53
-42
-34
-33
-44
-42
-43
-30
-29
-46
-42
-37
-21
-28
-26
-36
-36
-19
-21
-20
-25
-23
-24
-37
-25
-25
-38
-33
-37
-36
-36
-23
-18
-9
-19
-28
-22
-30
-7
-21
0
16
-6
3
-1
-2
-19
8
3
0
10
0
-14
-22
-24
-5
-13
-17
-22
-23
-31
-31
-26
-32
-12
-19
-20
-20
-28
-15
-35
-27
-24
-33
-31
-23
-32
-27
-20
-34
-25
-18
-17
-26
-24
-28
-23
-19
-11
-22
-11
-3
1
-16
-25
-21
-13
-10
-35
-39
-24
-39
-40
-31
-43
-31
-38
-27
-21
-36
-24
-34
-40
-40
-36
-48
-45
-24
-38
-37
-24
-40
-43
-38
-34
-36
-43
-40
-36
-29
-23
-34
-25
-24
-29
-38
-22
-31
-22
-25
-24
-24
-40
-32
-29
-35
-20
-5
-37
-27
-29
-21
-18
-18
-28
-18
-18
-9
-4
-26
-13
-17
-19
-19
-11
-20
-18
-21
-22
-17
-10
-24
-27
-15
-11
-1
-13
-17
-2
-5
-5
4
4
4
8
6
-2
7
6
8
10
0
3
11
30
17
15
20
20
22
7
21
-1
10
21
6
-7
9
3
-5
-8
-14
5
-10
-14
-12
-14
-14
-19
-4
5
-4
-11
-2
8
13
1
-19
-3
-5
-16
-14
-11
5
-7
-17
-20
-20
-18
-20
-29
-29
-26
-14
-7
-11
-15
-20
1
-13
-17
-8
-14
-8
-20
-22
-6
-21
-22
-19
-11
-14
-15
-6
-15
-11
8
0
-20
-13
-2
-7
-14
0
3
-3
-3
-3
-2
4
-8
1
-14
9
-4
-12
10
-4
-14
-12
-5
-1
-7
-5
10
-12
-3
5
5
12
4
8
8
-2
7
5
8
7
-4
9
10
-7
-4
-9
-4
-2
-6
-7
-12
-10
-6
-14
-5
11
-1
6
18
1
15
16
-4
-4
11
5
2
8
-1
6
23
25
20
18
11
17
21
29
8
19
26
24
4
24
37
24
33
38
41
24
18
8
22
19
28
9
0
16
16
16
21
24
20
22
31
28
23
35
22
22
49
32
38
41
30
38
39
31
20
26
40
17
14
25
24
21
20
8
10
25
6
12
7
-1
-2
10
7
-1
7
12
5
8
13
31
23
15
25
30
21
14
19
33
21
23
23
14
27
17
19
7
10
10
5
-2
8
17
12
15
19
30
25
23
28
44
19
35
37
42
47
27
29
31
27
35
45
32
27
26
27
53
29
37
43
42
32
27
24
31
45
34
46
38
40
23
28
30
26
21
24
25
10
12
11
11
4
15
18
11
8
4
24
14
-6
7
9
10
10
-9
5
-4
8
15
-5
-8
-25
-19
-27
-28
-10
-19
-3
0
5
-18
0
3
-6
14
8
3
-2
-1
-13
-10
-20
-17
-11
-18
0
-2
3
6
-2
10
8
3
-6
5
7
18
4
5
8
17
8
15
10
-1
17
6
12
14
3
2
4
6
15
4
21
16
16
16
9
16
37
20
30
21
21
24
14
4
19
40
20
23
15
24
8
15
-4
-4
13
-7
14
17
14
-3
21
13
20
33
33
24
20
17
7
18
19
12
19
24
7
11
13
20
14
13
31
26
24
25
19
35
33
27
23
32
14
23
38
24
18
14
16
13
18
-3
6
6
-3
15
6
2
12
28
2
4
14
18
13
11
19
11
22
23
34
31
16
2
17
13
9
6
2
-3
-2
-15
-5
3
-21
-3
0
-1
0
3
5
15
22
16
27
36
23
18
16
22
17
26
14
7
7
10
17
1
8
9
-1
6
23
6
3
14
8
11
4
26
23
13
10
9
31
7
16
20
1
14
20
13
16
14
-6
0
15
21
5
2
8
23
9
-16
6
13
5
9
-4
12
6
10
12
9
7
18
5
-3
4
2
-1
11
30
13
6
18
20
20
32
10
17
1
14
26
16
28
7
9
22
18
22
21
35
30
37
37
30
39
25
23
22
20
38
22
12
17
13
12
6
12
11
6
6
17
-7
0
6
3
13
-1
3
7
11
11
18
10
-12
8
3
4
9
-19
-16
-6
12
-1
2
4
12
24
-5
5
4
1
10
8
16
2
12
-9
1
18
3
8
11
6
8
16
11
0
-5
-2
4
15
5
15
14
19
24
23
23
29
10
22
24
15
19
23
26
25
24
22
27
13
6
14
11
13
6
8
10
10
4
12
12
5
0
-5
13
7
19
11
10
14
14
2
11
14
-1
8
13
5
-3
7
4
6
21
4
-7
0
-3
2
10
14
-3
13
11
3
4
-10
-11
2
19
12
17
-1
-2
15
8
9
-1
13
16
10
17
10
11
29
32
22
21
29
36
40
20
34
34
29
24
18
15
13
31
17
30
20
23
6
21
36
15
24
20
24
32
34
20
31
35
26
27
25
28
45
22
11
16
31
33
34
22
33
40
25
45
39
35
41
31
57
44
47
48
35
42
51
47
50
44
44
52
42
31
35
36
29
27
22
28
28
35
27
36
23
30
43
41
43
42
27
36
36
34
35
24
17
13
43
42
32
18
24
37
41
40
29
30
44
29
28
36
20
30
26
36
32
38
39
42
50
47
44
42
49
42
41
35
47
53
52
41
35
46
40
48
37
38
36
40
44
40
29
28
34
51
51
38
23
28
26
17
27
12
20
25
12
14
21
29
18
6
6
15
33
18
15
21
25
37
22
29
36
29
25
20
34
21
47
16
32
26
11
31
22
26
22
28
29
22
29
43
35
38
33
30
45
55
45
45
52
46
44
32
49
55
40
44
42
43
40
34
44
42
33
27
37
31
18
24
15
36
37
22
38
27
25
28
48
52
48
54
55
55
55
50
57
64
66
51
49
54
43
53
45
42
41
47
30
33
37
35
29
34
36
26
29
35
41
37
28
20
27
39
33
10
13
22
18
17
22
21
20
16
22
32
32
14
15
7
10
10
24
22
11
13
15
8
3
14
8
11
2
14
18
9
20
-1
-8
1
0
-2
-9
-5
8
-1
16
21
15
23
2
10
10
23
12
11
7
-11
13
0
2
9
0
6
2
16
1
7
11
3
13
21
15
6
12
-8
4
-1
21
12
14
15
1
15
6
26
11
30
33
21
22
21
29
16
18
6
17
22
13
7
-3
2
9
15
9
-6
0
-3
3
-1
-1
-3
-2
-4
-15
-9
-17
-12
-14
-2
-8
-5
14
-8
-1
0
-9
1
-4
12
-1
2
13
19
11
12
8
7
-7
-2
14
-2
11
-4
-1
-4
8
3
-7
-4
-14
-2
2
2
-1
1
-2
-6
-14
-12
-16
-13
-5
-17
-16
-5
-3
-11
-9
-27
-8
-15
-17
-21
-19
-13
-14
-4
-7
-26
-29
-15
-11
-3
-1
-18
-9
-5
-19
-1
-6
-12
-5
-5
-2
-2
-6
-6
-11
10
16
-3
-7
4
15
11
18
4
-1
1
-2
20
-7
7
3
8
14
3
11
4
21
5
9
16
4
11
16
21
26
37
25
20
18
7
17
22
10
1
12
7
-3
-1
-8
-5
-7
5
4
-5
14
26
9
-11
4
9
14
6
6
1
-11
-13
-7
2
6
5
6
4
-9
-8
15
-3
-2
8
1
10
9
-2
-4
26
15
8
21
10
20
19
9
12
10
16
15
16
33
14
23
31
15
19
31
22
18
16
10
7
17
13
6
17
15
2
6
18
7
12
10
30
13
11
10
4
13
19
19
19
21
11
22
14
23
28
16
15
15
22
3
24
34
33
28
14
8
19
30
20
18
20
27
5
13
14
-6
-1
0
7
17
12
12
20
13
20
17
19
26
11
13
9
10
19
7
-1
8
21
16
7
-8
5
15
-1
-3
-6
21
21
21
17
3
13
-6
12
22
26
21
19
9
21
34
24
23
7
20
21
22
35
12
25
40
38
45
33
24
22
43
23
18
31
29
32
20
21
23
16
11
13
34
28
28
35
41
30
21
37
22
31
55
47
22
23
32
33
35
47
36
33
34
32
38
30
38
32
32
32
59
36
33
41
54
45
38
34
20
29
25
45
49
56
42
47
49
61
49
52
54
53
48
56
70
43
56
68
59
41
52
52
44
62
59
63
55
63
66
53
47
51
62
58
62
56
74
63
59
61
56
51
47
58
47
51
65
79
53
58
59
51
63
50
49
49
59
56
42
47
48
46
52
52
52
50
38
36
47
44
50
25
26
53
33
21
24
29
38
41
36
40
36
34
26
36
31
27
37
45
59
52
48
48
39
47
38
28
41
41
38
35
45
39
28
30
24
20
8
25
32
30
13
28
20
15
28
27
32
19
39
26
40
27
38
38
22
26
19
31
33
18
13
25
1
26
21
28
28
31
32
32
30
43
31
24
38
32
30
19
18
19
20
23
12
6
12
7
25
5
18
19
15
19
16
31
26
33
31
17
20
17
27
10
8
14
11
2
3
11
-12
9
4
5
18
10
18
3
18
23
10
17
9
-4
13
19
13
19
18
23
20
12
16
16
14
28
27
24
27
26
36
43
34
39
37
46
38
42
42
47
42
38
37
47
46
50
46
35
59
31
35
52
32
50
49
47
62
36
43
52
46
46
40
40
47
52
51
43
39
24
25
24
32
26
24
24
22
32
40
31
31
33
20
26
20
20
23
30
26
17
18
26
31
21
2
2
9
7
4
11
5
-4
2
-15
-13
2
1
1
2
-1
0
11
-2
-2
3
-3
2
5
-1
10
12
0
16
3
7
-3
-17
-5
-5
1
-21
-12
-16
-16
1
-10
3
-10
5
-12
0
9
-3
13
7
14
10
7
1
0
5
-4
6
-5
-22
-7
-1
-6
-1
4
-14
-23
-15
-31
0
-12
-18
-4
-10
5
-16
-31
-11
-21
-12
-5
-21
-9
-31
-13
-16
-25
-23
-16
-9
-19
-12
-21
-17
-28
-19
-13
-18
-16
-26
-17
-6
-15
-10
-9
-8
-10
1
6
1
11
13
27
14
3
-7
8
10
1
-7
-3
-6
-7
-11
-1
-6
-12
-19
-21
-5
-4
2
-8
-2
0
-9
-6
-15
-10
-12
-8
7
-3
-5
-8
-4
-10
-18
-10
-12
-14
-11
-14
-27
-24
-12
-10
-15
-13
-27
-35
-27
-20
-26
-30
-25
-24
-22
-18
-20
-17
-18
-23
-18
-35
-24
-37
-13
-22
-28
-13
-22
-23
-23
-15
-26
-8
-21
-24
-14
-21
3
-8
-7
-9
-7
-8
0
-2
-38
-9
-16
-28
-30
-16
-20
-10
0
-20
-8
-2
-2
-12
-16
-1
4
7
-5
7
8
15
-3
2
5
5
13
5
9
9
-6
-8
21
2
19
17
9
16
16
18
19
30
24
22
29
43
36
31
27
27
44
30
25
35
41
42
45
51
25
31
27
33
34
34
29
35
39
43
35
43
45
33
28
42
54
31
24
25
22
31
30
30
27
23
47
28
21
33
29
43
43
33
26
38
39
39
36
22
45
35
39
38
33
33
38
14
10
16
12
1
0
13
9
20
7
17
16
6
18
23
-4
16
23
22
26
11
25
19
14
11
26
15
25
20
7
4
19
8
4
19
3
13
8
6
19
10
5
15
9
-9
4
12
-10
-15
-6
-3
-17
-9
4
-12
-10
-5
-15
-12
-21
-20
-10
-9
-4
-20
-10
9
6
-5
-34
-32
-21
-25
-8
-21
-29
-11
-28
-20
-20
-20
-18
-8
-14
-42
-27
-15
-22
-27
-28
-24
-11
-20
-17
-5
-11
-9
-27
-33
-17
-12
0
-8
-7
3
-6
-6
1
-13
-10
0
-1
-9
3
-3
-9
9
-4
6
-7
-11
-3
5
-4
-6
-8
-1
17
-5
-1
-3
-11
8
-9
-8
-32
-21
-13
-28
-19
-31
-13
-5
-16
-21
-26
-11
-16
-12
-16
-12
-11
-28
-13
-25
-24
-28
-11
-4
-11
-11
-32
-23
-12
-9
1
-9
-12
-20
-23
-8
-13
-19
-19
-6
-16
-15
-17
-22
-19
-20
-10
-7
-9
-17
2
1
2
4
-7
-7
-8
9
14
12
8
15
16
20
13
27
1
18
15
19
17
25
23
12
36
16
24
14
17
23
11
21
31
21
23
19
9
13
5
2
12
0
8
-4
16
33
12
12
13
15
14
1
-4
-4
0
17
5
6
11
9
6
12
11
10
14
4
13
16
8
15
9
5
4
17
31
24
9
12
24
22
34
32
8
12
26
7
26
21
13
3
-10
18
6
0
19
-1
3
-7
-15
-10
-6
-17
0
13
-11
-7
-6
2
-21
-5
-7
-12
-19
-15
-12
-13
-25
-26
-24
-32
-35
-31
-19
-21
-17
-24
-30
-34
-35
-40
-32
-53
-34
-35
-22
-18
-26
-25
-31
-34
-24
-17
-34
-29
-31
-46
-38
-42
-50
-43
-63
-61
-167
-277
-330
-297
-218
-184
-101
-89
-54
-60
-251
-478
-735
-808
-792
-631
-511
-490
-510
-569
-611
-688
-728
-668
-503
-243
-18
40
79
12
-46
-55
-27
126
225
350
396
402
435
437
490
440
394
415
400
402
399
387
451
471
461
377
288
209
130
89
59
110
166
166
137
92
35
-77
-160
-204
-218
-226
-222
-208
-210
-200
-213
-277
-374
-448
-481
-472
-401
-335
-254
-217
-246
-310
-390
-414
-441
-439
-395
-354
-302
-310
-311
-304
-309
-311
-350
-348
-330
-344
-321
-252
-179
-86
-57
-69
-85
-104
-81
-47
20
110
195
283
323
406
485
555
629
674
737
808
878
959
1072
1185
1277
1352
1398
1430
1426
1386
1321
1216
1110
999
898
791
661
505
327
170
0
-177
-365
-510
-659
-800
-901
-984
-1005
-1022
-1063
-1086
-1080
-1035
-989
-945
-874
-767
-658
-539
-374
-227
-78
39
131
243
331
408
458
524
603
614
609
589
550
501
408
321
181
59
-80
-205
-330
-464
-601
-699
-764
-860
-952
-1049
-1128
-1178
-1215
-1247
-1227
-1206
-1147
-1075
-967
-843
-709
-552
-403
-240
-119
41
190
338
496
638
802
955
1074
1198
1311
1401
1451
1558
1660
1740
1826
1908
1953
1964
1954
1928
1805
1623
1401
1165
990
759
507
233
9
-217
-434
-655
-844
-1000
-1189
-1372
-1521
-1580
-1596
-1655
-1661
-1605
-1482
-1361
-1226
-1082
-878
-691
-539
-366
-153
80
246
410
609
804
949
1048
1139
1237
1298
1283
1263
1240
1207
1119
1016
900
755
594
360
146
-104
-369
-636
-880
-1085
-1289
-1484
-1621
-1729
-1785
-1834
-1852
-1854
-1837
-1788
-1722
-1632
-1514
-1390
-1233
-1058
-852
-646
-425
-219
-9
219
414
602
796
940
1050
1128
1222
1295
1349
1394
1450
1509
1550
1606
1686
1783
1893
1958
2010
1988
1926
1789
1563
1335
1093
865
607
353
84
-119
-334
-526
-731
-939
-1109
-1322
-1469
-1602
-1677
-1761
-1808
-1791
-1701
-1559
-1434
-1262
-1074
-847
-668
-487
-268
-54
141
290
455
651
816
964
1061
1161
1265
1325
1299
1308
1274
1189
1055
926
828
703
527
338
156
-102
-339
-616
-877
-1143
-1388
-1623
-1832
-1955
-2053
-2100
-2124
-2101
-2059
-1972
-1879
-1772
-1647
-1546
-1401
-1247
-1067
-875
-673
-471
-230
-4
229
456
645
833
964
1082
1185
1256
1309
1333
1338
1347
1382
1430
1470
1539
1644
1820
1966
2106
2171
2169
2072
1922
1721
1473
1213
898
598
287
67
-174
-363
-538
-744
-907
-1101
-1251
-1402
-1530
-1678
-1826
-1879
-1892
-1830
-1753
-1585
-1411
-1194
-980
-750
-488
-253
-46
105
272
418
534
652
758
865
945
1009
1070
1133
1167
1158
1109
1046
975
834
627
420
220
21
-264
-515
-745
-949
-1155
-1374
-1545
-1712
-1825
-1934
-1984
-2009
-2027
-2035
-1998
-1940
-1821
-1713
-1614
-1458
-1290
-1120
-957
-750
-539
-354
-143
53
264
476
650
807
955
1075
1156
1239
1289
1351
1365
1383
1421
1457
1535
1636
1761
1883
2039
2141
2191
2173
2088
1968
1766
1514
1189
873
530
249
-46
-289
-485
-682
-841
-990
-1103
-1226
-1318
-1454
-1586
-1678
-1768
-1794
-1819
-1794
-1693
-1555
-1381
-1157
-877
-606
-353
-101
157
324
474
570
635
720
689
713
754
806
864
913
937
961
954
908
833
711
581
355
108
-185
-473
-761
-1033
-1289
-1501
-1653
-1769
-1843
-1884
-1891
-1901
-1892
-1879
-1879
-1841
-1808
-1784
-1716
-1648
-1520
-1362
-1156
-898
-659
-386
-118
158
413
642
849
1022
1167
1282
1348
1408
1440
1483
1542
1635
1748
1869
2015
2165
2341
2453
2519
2483
2386
2236
2034
1797
1471
1119
757
419
88
-214
-459
-678
-856
-1031
-1171
-1269
-1389
-1525
-1650
-1741
-1826
-1875
-1929
-1929
-1865
-1795
-1667
-1486
-1240
-1004
-722
-449
-168
89
286
491
617
746
795
821
845
875
886
880
897
910
938
932
940
898
851
740
606
430
158
-103
-417
-701
-1029
-1324
-1562
-1793
-1940
-2039
-2106
-2122
-2081
-2039
-1973
-1900
-1813
-1727
-1674
-1585
-1501
-1386
-1271
-1073
-866
-635
-350
-83
231
529
791
1037
1262
1432
1564
1636
1680
1687
1670
1643
1623
1640
1693
1783
1892
1989
2101
2192
2228
2193
2098
1983
1800
1512
1191
842
458
88
-279
-590
-848
-1065
-1203
-1306
-1355
-1363
-1380
-1398
-1424
-1435
-1443
-1493
-1530
-1531
-1544
-1510
-1444
-1325
-1162
-970
-737
-457
-165
126
405
645
836
942
1011
1010
994
923
837
733
659
605
543
528
515
523
524
500
434
321
150
-36
-271
-567
-868
-1153
-1428
-1678
-1865
-1996
-2078
-2071
-2025
-1910
-1767
-1621
-1466
-1314
-1171
-1059
-922
-817
-710
-602
-467
-327
-155
37
233
458
695
933
1157
1345
1498
1605
1663
1676
1661
1608
1543
1484
1443
1448
1464
1528
1616
1699
1769
1832
1836
1792
1733
1598
1402
1155
877
573
230
-106
-406
-684
-904
-1089
-1198
-1265
-1294
-1293
-1277
-1253
-1205
-1197
-1192
-1177
-1178
-1196
-1228
-1219
-1189
-1115
-1025
-883
-692
-475
-238
-7
242
439
587
726
824
855
861
833
764
722
640
565
505
459
402
346
330
280
211
119
1
-153
-304
-493
-696
-904
-1110
-1284
-1459
-1587
-1663
-1708
-1720
-1673
-1603
-1489
-1345
-1182
-1032
-874
-708
-557
-402
-257
-124
10
145
276
387
537
666
773
902
1007
1115
1194
1282
1336
1382
1441
1486
1538
1602
1680
1758
1846
1895
1932
1941
1905
1852
1762
1636
1460
1229
986
744
467
191
-79
-323
-546
-723
-895
-1022
-1138
-1217
-1272
-1326
-1351
-1373
-1398
-1393
-1385
-1354
-1312
-1273
-1172
-1059
-925
-760
-585
-407
-225
-41
130
294
423
533
654
740
790
815
826
834
829
795
769
732
670
595
508
406
289
158
5
-168
-328
-510
-689
-866
-1021
-1202
-1333
-1438
-1536
-1586
-1615
-1616
-1579
-1515
-1428
-1323
-1190
-1059
-895
-725
-539
-367
-189
-15
150
322
440
604
724
828
916
1008
1104
1138
1194
1240
1274
1331
1408
1485
1581
1685
1801
1924
2001
2052
2072
2043
1960
1858
1717
1525
1298
1039
767
480
186
-89
-348
-564
-779
-931
-1064
-1156
-1226
-1299
-1334
-1379
-1419
-1445
-1461
-1441
-1411
-1370
-1298
-1243
-1105
-998
-865
-699
-534
-323
-160
13
179
338
471
579
688
766
792
813
842
850
848
824
792
742
686
613
522
436
320
201
63
-100
-257
-423
-590
-739
-900
-1045
-1166
-1288
-1383
-1459
-1515
-1517
-1493
-1458
-1388
-1276
-1137
-992
-835
-663
-482
-333
-157
3
128
243
383
483
603
723
812
916
989
1062
1134
1194
1245
1313
1368
1441
1487
1590
1682
1769
1849
1925
1979
1984
1965
1902
1803
1626
1430
1199
918
630
355
54
-230
-486
-721
-927
-1094
-1227
-1304
-1382
-1426
-1451
-1457
-1436
-1425
-1397
-1383
-1339
-1314
-1254
-1164
-1078
-963
-843
-708
-545
-353
-184
5
201
379
543
695
824
919
1007
1049
1079
1080
1055
1028
962
906
812
720
633
511
369
235
109
-78
-213
-384
-565
-727
-907
-1080
-1218
-1351
-1456
-1527
-1584
-1588
-1568
-1521
-1439
-1355
-1241
-1119
-952
-785
-612
-444
-278
-90
66
237
402
569
718
825
955
1049
1146
1225
1279
1331
1359
1413
1447
1504
1579
1652
1738
1828
1910
1958
2009
2010
1961
1881
1754
1591
1382
1116
830
545
243
-45
-332
-614
-845
-1051
-1201
-1319
-1400
-1446
-1491
-1496
-1490
-1473
-1431
-1389
-1350
-1284
-1215
-1140
-1049
-944
-841
-730
-579
-431
-259
-87
105
285
452
617
764
906
1023
1103
1148
1170
1167
1135
1072
992
897
783
655
517
375
231
83
-58
-205
-342
-469
-631
-752
-897
-1033
-1146
-1242
-1320
-1374
-1414
-1447
-1435
-1416
-1357
-1281
-1190
-1060
-905
-754
-578
-410
-199
2
173
356
520
683
841
962
1044
1145
1176
1187
1211
1225
1213
1197
1207
1212
1231
1256
1292
1370
1439
1534
1606
1641
1656
1636
1575
1457
1342
1165
933
711
451
178
-91
-349
-594
-823
-978
-1125
-1217
-1281
-1316
-1320
-1299
-1271
-1213
-1164
-1119
-1054
-988
-933
-886
-820
-752
-675
-604
-503
-403
-280
-131
18
178
330
484
603
737
841
917
986
997
1006
967
925
856
787
705
595
497
362
258
133
8
-120
-241
-354
-484
-619
-744
-849
-959
-1059
-1160
-1197
-1249
-1277
-1262
-1224
-1177
-1112
-1005
-898
-773
-627
-450
-296
-123
58
238
406
565
713
825
960
1036
1091
1135
1164
1146
1092
1075
1042
1000
986
989
1008
1030
1083
1149
1241
1339
1414
1473
1511
1527
1480
1387
1277
1103
895
662
420
177
-80
-325
-548
-713
-871
-981
-1060
-1099
-1122
-1110
-1099
-1047
-989
-935
-896
-842
-791
-754
-709
-658
-600
-551
-480
-410
-315
-202
-71
52
187
327
446
573
699
780
858
904
937
936
913
870
809
745
653
569
466
358
247
136
15
-103
-234
-361
-470
-605
-709
-824
-916
-988
-1057
-1120
-1156
-1158
-1161
-1153
-1101
-1041
-985
-893
-799
-671
-542
-398
-237
-65
85
257
423
576
702
799
886
929
964
957
922
873
820
751
721
689
689
715
749
809
901
1013
1126
1243
1315
1377
1414
1431
1378
1286
1174
1001
817
622
376
146
-85
-293
-468
-646
-786
-889
-950
-997
-1010
-1004
-973
-934
-886
-834
-792
-752
-698
-655
-621
-584
-544
-507
-469
-408
-347
-277
-175
-86
15
110
200
305
400
483
559
622
666
689
700
688
655
607
546
480
398
311
196
76
-37
-175
-286
-418
-530
-610
-718
-786
-866
-918
-953
-974
-1001
-1005
-998
-989
-974
-961
-917
-851
-787
-687
-588
-477
-338
-216
-64
100
261
382
506
604
657
683
669
648
595
568
509
498
484
478
526
573
640
742
865
980
1130
1254
1336
1392
1436
1432
1382
1285
1166
1029
831
637
433
205
-3
-193
-365
-550
-696
-804
-898
-944
-986
-983
-993
-968
-919
-885
-841
-796
-733
-708
-660
-617
-575
-547
-512
-469
-431
-381
-333
-260
-154
-70
39
163
285
405
519
615
677
734
791
801
781
754
692
598
485
386
238
128
-2
-133
-245
-361
-445
-540
-634
-702
-762
-839
-880
-917
-950
-974
-991
-975
-956
-946
-914
-854
-796
-722
-619
-511
-391
-267
-140
6
125
240
367
449
545
601
634
664
656
684
654
647
669
663
687
720
768
804
874
944
1012
1105
1181
1245
1293
1315
1310
1275
1205
1093
958
796
616
420
227
22
-182
-378
-523
-665
-782
-850
-901
-917
-903
-894
-854
-814
-765
-718
-680
-624
-607
-564
-529
-502
-477
-444
-395
-334
-261
-202
-112
-6
79
179
275
383
449
530
590
637
658
672
666
655
620
586
518
427
342
238
144
3
-126
-257
-383
-505
-601
-682
-772
-846
-895
-909
-924
-923
-913
-904
-882
-853
-814
-786
-745
-712
-660
-605
-535
-442
-343
-215
-83
42
168
313
410
513
593
626
654
663
644
620
594
602
601
590
613
654
682
739
823
892
1005
1095
1161
1211
1250
1250
1222
1157
1065
936
779
634
448
257
79
-111
-288
-435
-577
-693
-790
-841
-883
-912
-893
-887
-860
-808
-761
-718
-636
-589
-531
-482
-448
-423
-387
-352
-307
-266
-231
-166
-109
-28
37
113
195
271
371
457
515
569
618
658
674
685
653
580
490
390
289
173
21
-105
-224
-334
-456
-545
-619
-702
-752
-807
-835
-874
-884
-881
-878
-881
-858
-843
-850
-801
-763
-708
-642
-557
-487
-374
-247
-137
-2
116
259
362
453
533
586
631
647
660
668
674
676
673
700
699
724
780
812
877
946
1028
1091
1161
1210
1256
1276
1251
1195
1109
999
879
715
552
378
177
14
-183
-348
-514
-638
-730
-819
-868
-889
-903
-862
-837
-797
-737
-669
-607
-552
-506
-445
-393
-362
-324
-296
-267
-236
-191
-142
-79
-20
55
130
232
321
418
509
554
626
664
685
684
664
616
560
487
369
248
121
-24
-173
-309
-440
-559
-682
-790
-876
-937
-968
-1010
-1018
-1023
-997
-956
-916
-887
-841
-798
-734
-676
-621
-525
-455
-384
-271
-160
-59
68
181
315
446
545
641
722
771
798
814
819
793
783
770
758
734
719
751
769
800
837
881
938
1006
1039
1077
1080
1056
1019
942
871
743
594
428
253
82
-84
-263
-415
-548
-673
-773
-831
-878
-926
-922
-910
-871
-844
-791
-705
-627
-575
-497
-428
-360
-292
-227
-167
-136
-96
-51
-18
20
45
87
122
162
229
291
342
370
442
474
508
518
498
486
413
351
240
138
12
-123
-268
-424
-538
-681
-778
-863
-931
-989
-993
-1004
-990
-945
-911
-873
-829
-778
-724
-683
-656
-595
-558
-508
-449
-370
-292
-204
-107
6
137
252
356
440
524
569
627
665
669
672
668
663
632
631
625
639
640
658
683
714
737
762
803
832
866
869
888
872
846
804
767
693
590
486
372
247
108
-28
-182
-317
-470
-580
-671
-747
-800
-825
-813
-785
-744
-671
-582
-508
-415
-342
-268
-192
-124
-108
-91
-81
-94
-116
-129
-131
-134
-124
-118
-89
-49
3
56
121
181
242
270
278
269
278
236
182
123
36
-53
-147
-258
-366
-462
-566
-630
-694
-748
-780
-809
-798
-797
-784
-744
-715
-660
-597
-559
-497
-428
-385
-317
-260
-191
-116
-51
21
102
204
294
372
466
530
598
641
688
714
728
720
702
688
668
661
620
593
556
536
511
510
519
542
574
598
637
668
703
722
742
741
722
686
622
546
466
368
231
111
-29
-159
-259
-369
-456
-504
-550
-575
-585
-561
-515
-491
-444
-396
-335
-300
-276
-255
-222
-224
-248
-253
-275
-296
-312
-328
-325
-324
-319
-306
-285
-210
-174
-125
-71
-14
40
83
108
149
162
149
126
94
57
8
-66
-131
-211
-309
-363
-425
-487
-524
-571
-602
-588
-599
-575
-560
-520
-496
-459
-399
-353
-314
-269
-203
-155
-70
-41
17
77
140
191
248
307
337
368
383
387
387
394
390
381
355
363
344
337
323
327
340
345
371
396
434
461
513
562
626
670
703
742
767
776
773
745
695
638
549
478
370
273
154
34
-63
-168
-245
-355
-414
-479
-526
-537
-550
-551
-544
-539
-505
-510
-503
-485
-462
-461
-475
-466
-470
-464
-467
-450
-431
-399
-375
-315
-251
-179
-103
-9
85
155
233
286
340
376
392
387
373
332
282
213
137
66
-23
-106
-194
-247
-327
-370
-406
-438
-438
-460
-461
-448
-437
-428
-420
-395
-377
-349
-324
-311
-271
-238
-199
-147
-96
-59
-13
22
55
86
120
137
160
180
190
215
253
276
291
319
343
352
371
402
424
437
481
526
541
591
657
690
739
770
800
804
793
798
753
695
623
526
435
337
201
71
-69
-191
-295
-390
-469
-534
-595
-619
-638
-649
-638
-625
-585
-556
-525
-482
-451
-428
-395
-375
-344
-307
-286
-265
-232
-192
-159
-109
-57
-25
12
47
92
129
166
185
182
183
162
149
121
93
50
-1
-40
-92
-146
-175
-224
-267
-268
-318
-340
-355
-365
-361
-347
-353
-344
-310
-304
-288
-273
-242
-194
-177
-148
-138
-113
-83
-80
-83
-61
-66
-63
-47
-37
-13
5
49
71
91
118
148
175
210
229
250
294
322
341
369
416
488
550
615
682
746
807
869
898
929
929
920
879
815
741
632
543
400
273
132
6
-127
-245
-343
-423
-479
-524
-563
-571
-546
-550
-511
-480
-436
-387
-345
-301
-259
-219
-203
-157
-130
-128
-93
-87
-81
-70
-64
-34
-8
-4
7
32
43
64
71
61
51
35
8
-23
-73
-123
-176
-222
-284
-363
-400
-453
-503
-542
-575
-595
-603
-600
-593
-568
-524
-487
-442
-368
-325
-269
-223
-166
-121
-92
-50
-21
6
12
50
46
60
83
87
103
116
129
150
175
198
220
228
246
263
278
292
323
336
383
424
446
500
545
596
639
687
718
760
764
771
757
740
694
623
562
466
386
278
172
72
-25
-139
-231
-291
-362
-416
-449
-460
-482
-472
-437
-432
-413
-367
-340
-305
-282
-263
-237
-224
-206
-202
-189
-175
-171
-189
-173
-159
-159
-139
-141
-124
-121
-131
-126
-121
-137
-139
-175
-209
-228
-261
-313
-360
-387
-440
-471
-500
-538
-569
-580
-591
-584
-582
-563
-533
-508
-466
-423
-395
-335
-286
-256
-204
-171
-117
-61
-29
12
40
60
96
113
114
129
151
155
168
175
189
202
205
204
213
229
229
245
254
260
264
281
316
337
396
443
485
536
568
637
669
701
723
729
736
697
675
623
562
502
422
328
250
140
41
-42
-128
-202
-267
-327
-381
-421
-451
-469
-468
-458
-451
-433
-412
-386
-369
-338
-312
-301
-295
-282
-279
-268
-266
-257
-250
-261
-248
-258
-256
-251
-251
-254
-264
-293
-306
-314
-348
-377
-390
-424
-464
-495
-534
-556
-570
-585
-582
-584
-561
-534
-497
-453
-417
-399
-337
-274
-232
-181
-146
-102
-60
-14
28
62
98
125
138
178
174
187
197
203
212
226
223
225
223
233
250
224
225
220
238
238
232
247
263
282
308
355
397
443
490
538
587
640
693
725
751
740
737
711
663
606
521
432
331
235
146
40
-56
-156
-255
-318
-391
-450
-500
-527
-527
-541
-534
-514
-505
-467
-444
-425
-385
-371
-364
-358
-321
-306
-293
-284
-275
-264
-273
-271
-263
-264
-285
-286
-292
-293
-300
-312
-348
-369
-384
-395
-411
-439
-459
-474
-471
-480
-471
-445
-435
-427
-411
-345
-336
-305
-261
-241
-196
-145
-119
-88
-35
3
37
58
91
97
135
135
148
167
149
160
146
161
155
169
165
160
180
173
173
189
209
215
234
259
268
298
319
356
408
440
486
526
570
616
636
662
685
679
672
658
621
582
521
463
378
289
194
102
19
-68
-159
-243
-315
-369
-412
-459
-488
-501
-494
-492
-472
-442
-424
-387
-360
-341
-319
-302
-271
-272
-250
-241
-234
-227
-236
-231
-225
-241
-252
-240
-275
-271
-279
-297
-305
-331
-348
-375
-390
-395
-393
-420
-409
-423
-447
-429
-429
-407
-385
-364
-325
-290
-251
-192
-142
-77
-29
18
75
93
131
170
201
222
227
235
236
219
214
200
206
174
176
182
178
185
208
221
232
264
281
297
306
329
340
379
384
393
396
417
427
444
476
488
513
533
547
542
532
517
500
474
434
379
311
244
178
88
7
-64
-151
-228
-290
-347
-392
-440
-452
-475
-467
-470
-464
-431
-418
-388
-363
-330
-320
-293
-269
-259
-240
-230
-217
-229
-237
-242
-241
-251
-263
-279
-295
-326
-345
-379
-417
-422
-446
-474
-504
-536
-539
-556
-587
-579
-558
-540
-523
-494
-464
-421
-372
-314
-263
-209
-154
-103
-40
9
41
85
121
158
156
172
182
165
173
153
142
135
127
123
126
132
134
144
147
167
171
190
206
227
231
250
276
281
290
301
336
339
371
375
424
441
443
467
483
505
504
488
469
448
411
376
328
289
220
150
79
18
-70
-141
-203
-268
-291
-337
-374
-374
-388
-403
-374
-367
-361
-330
-302
-293
-280
-259
-222
-217
-214
-213
-224
-225
-234
-256
-288
-295
-322
-363
-390
-417
-451
-469
-492
-509
-527
-526
-534
-519
-522
-523
-498
-495
-464
-457
-419
-375
-342
-294
-269
-217
-174
-149
-89
-37
26
45
86
117
148
173
193
208
213
207
210
216
202
200
172
188
170
154
164
171
170
168
181
189
206
216
236
248
275
302
306
341
346
357
361
365
374
386
388
401
412
420
420
416
410
392
382
350
299
263
223
179
143
69
4
-52
-109
-146
-193
-235
-275
-284
-288
-308
-309
-302
-298
-285
-256
-244
-236
-200
-190
-172
-175
-180
-182
-199
-196
-225
-249
-285
-310
-347
-381
-430
-464
-493
-523
-538
-557
-557
-553
-558
-540
-537
-510
-480
-460
-430
-405
-363
-328
-303
-257
-203
-165
-123
-85
-37
24
39
80
113
170
195
212
232
271
269
281
294
290
290
282
271
244
253
225
207
189
190
173
186
189
195
225
222
232
239
264
267
270
283
278
289
301
297
305
300
309
328
328
341
333
338
334
316
298
274
247
214
182
156
101
66
16
-21
-68
-94
-143
-168
-183
-219
-211
-242
-232
-253
-266
-264
-259
-257
-251
-250
-259
-264
-283
-286
-297
-313
-333
-353
-404
-428
-435
-469
-475
-504
-533
-517
-527
-540
-528
-511
-495
-475
-443
-413
-385
-344
-307
-279
-249
-228
-180
-156
-124
-107
-73
-35
-9
18
47
92
104
127
162
179
195
216
216
240
240
253
249
255
243
245
239
230
232
207
218
212
211
200
207
207
211
237
245
254
254
271
286
295
294
300
297
304
318
313
313
316
310
308
294
290
275
256
249
234
219
186
173
155
121
92
46
27
-10
-55
-85
-132
-155
-178
-210
-227
-257
-291
-314
-330
-328
-336
-351
-354
-359
-357
-368
-381
-384
-392
-390
-403
-394
-400
-407
-394
-410
-403
-391
-388
-380
-371
-356
-307
-290
-257
-230
-214
-187
-146
-101
-82
-33
-14
10
22
49
72
83
90
118
130
150
181
190
212
223
238
256
263
284
307
304
299
316
306
306
290
280
281
266
274
267
249
259
255
239
260
246
231
247
232
233
233
234
229
228
208
224
219
193
194
171
163
171
135
131
123
91
77
56
32
22
1
-20
-41
-44
-62
-81
-83
-96
-107
-122
-124
-154
-164
-179
-210
-224
-228
-253
-263
-266
-278
-291
-298
-293
-316
-320
-321
-324
-333
-357
-353
-350
-344
-337
-323
-315
-321
-296
-273
-269
-230
-195
-184
-141
-115
-83
-42
-15
2
11
33
40
40
38
45
65
62
54
55
52
55
59
63
65
68
87
99
98
110
114
120
136
137
155
162
174
178
179
186
191
192
186
186
171
191
191
189
198
194
207
222
220
229
236
248
243
238
239
237
242
222
207
190
168
140
101
75
42
8
-22
-63
-68
-103
-103
-117
-140
-152
-165
-167
-170
-185
-189
-189
-187
-178
-181
-170
-162
-173
-164
-168
-169
-168
-171
-176
-179
-192
-208
-201
-206
-216
-213
-195
-204
-218
-217
-208
-191
-179
-160
-169
-130
-110
-99
-85
-71
-53
-29
-2
-5
-5
16
19
21
14
25
24
-2
13
21
27
28
20
28
35
43
68
81
86
112
113
127
159
153
166
174
171
181
172
170
174
152
159
148
135
137
130
144
149
148
162
159
158
165
166
172
181
159
152
149
137
130
102
82
57
48
7
-13
-26
-43
-62
-87
-91
-109
-101
-96
-89
-96
-100
-72
-62
-71
-51
-41
-39
-27
-27
-22
-38
-35
-47
-41
-44
-54
-36
-55
-56
-71
-71
-75
-82
-81
-93
-106
-102
-100
-103
-103
-99
-108
-107
-91
-106
-83
-84
-78
-71
-62
-52
-37
-15
-36
-30
-7
-11
-15
-30
-31
-25
-44
-60
-57
-36
-48
-33
-54
-50
-28
-15
0
-21
14
31
43
52
53
74
68
85
98
93
99
110
94
104
107
96
80
74
87
93
90
84
96
81
90
96
89
71
76
83
58
55
28
5
-17
-57
-66
-75
-84
-111
-115
-120
-140
-140
-141
-129
-128
-117
-107
-103
-84
-64
-62
-52
-38
-23
-7
-2
-9
6
32
22
24
16
12
27
20
20
11
13
16
8
-4
-11
-21
-19
-25
-42
-40
-57
-39
-54
-64
-42
-47
-52
-60
-55
-66
-57
-58
-64
-68
-68
-91
-93
-77
-83
-94
-79
-76
-79
-81
-93
-83
-71
-66
-51
-51
-40
-22
0
5
26
58
63
69
64
77
86
88
97
99
87
70
65
58
51
46
53
38
49
57
45
72
61
60
71
58
54
60
55
64
54
38
16
9
-2
-18
-27
-43
-54
-48
-45
-53
-45
-44
-36
-27
-24
0
7
23
37
44
59
60
56
68
83
78
93
90
98
69
86
89
75
100
76
74
78
74
62
72
53
55
26
21
15
-14
-30
-41
-55
-67
-92
-115
-112
-128
-135
-125
-124
-143
-128
-114
-131
-105
-106
-109
-91
-91
-81
-89
-83
-78
-68
-46
-31
-36
-32
-19
-27
-1
9
27
38
45
44
54
40
46
56
39
43
37
30
34
21
21
20
5
11
12
11
-2
12
13
11
16
3
25
27
29
44
29
27
17
25
-1
1
-3
-21
-5
-29
-16
-32
-24
-20
-6
0
4
11
19
30
27
42
53
61
67
57
54
58
56
68
63
62
65
69
63
68
75
71
60
60
49
51
27
25
3
-13
-3
-41
-54
-65
-81
-95
-105
-123
-132
-137
-137
-130
-130
-124
-119
-104
-94
-71
-52
-51
-33
-16
-18
10
4
-6
20
20
21
30
39
39
51
53
60
60
57
72
62
76
84
89
88
72
63
57
52
42
57
44
29
23
15
14
14
19
19
19
23
37
52
57
61
79
82
92
66
69
69
74
66
46
47
40
40
29
21
18
32
37
44
53
67
53
59
61
72
72
74
74
55
74
56
58
52
55
50
50
53
54
42
51
69
70
58
50
57
38
20
14
10
-2
-7
-23
-43
-46
-87
-93
-84
-90
-99
-115
-96
-85
-70
-50
-59
-38
-23
4
14
31
40
36
48
53
63
52
51
45
41
43
54
41
20
33
8
13
13
10
21
18
22
5
8
8
-3
0
-4
-8
-8
-9
-4
5
7
14
21
29
34
39
44
43
57
80
110
109
103
115
109
116
107
92
99
92
80
65
62
48
33
18
19
36
22
18
15
11
2
10
13
22
28
24
27
14
4
16
11
14
14
6
-3
20
15
23
39
54
57
55
58
42
50
42
37
42
27
2
9
6
8
-18
-12
-8
-13
-7
-1
11
23
31
29
54
44
76
80
74
78
78
88
78
69
76
60
44
33
37
21
5
28
18
12
18
25
6
31
28
23
23
27
41
38
52
41
42
38
28
31
32
35
23
22
38
37
40
52
66
79
83
84
98
105
112
104
96
97
104
87
82
82
59
45
41
51
50
50
59
51
48
56
49
53
56
48
40
17
19
-1
20
26
27
14
12
19
17
52
53
48
43
68
76
63
83
101
91
94
100
90
104
91
81
68
65
48
50
39
30
32
24
28
42
55
61
57
54
72
66
78
68
70
81
66
58
44
40
47
26
20
11
27
18
26
26
8
35
36
49
31
50
54
56
51
44
61
51
52
67
54
43
54
34
50
51
41
58
49
69
57
67
71
75
89
97
99
89
93
94
93
104
97
80
74
72
60
46
40
15
9
24
4
7
-4
2
11
5
5
-2
-1
-5
-7
-18
-13
-9
-9
0
1
-2
12
25
21
29
35
64
72
76
72
88
86
84
67
47
55
40
37
20
17
1
-7
-9
-20
-17
-19
-19
-4
-19
-19
-2
-10
-11
11
1
10
14
17
19
25
29
21
34
18
31
25
32
24
25
30
18
17
32
24
15
31
32
31
18
23
6
9
23
22
16
1
15
4
14
22
32
45
40
60
66
55
55
66
78
86
86
91
86
72
67
58
60
55
40
32
28
28
8
6
18
-1
-6
-21
-18
-29
-37
-29
-29
-31
-42
-32
-24
-26
-12
6
5
4
28
20
18
24
38
53
49
59
59
52
54
48
51
62
42
28
16
18
16
8
11
-9
-8
-18
-27
-16
-27
-18
3
9
-2
11
15
28
29
23
35
30
33
27
34
39
32
49
45
24
26
29
37
24
19
8
15
3
-11
18
27
15
12
23
20
36
31
34
47
43
43
37
62
69
75
68
80
79
94
113
93
116
120
107
103
104
101
81
77
71
73
53
51
43
22
10
0
-15
-28
-25
-37
-35
-38
-34
-45
-41
-31
-22
-29
-28
-14
-16
0
5
10
26
28
25
38
56
64
50
55
60
61
64
67
75
60
61
43
46
37
33
34
29
36
15
5
-3
-10
-7
-2
-7
-1
-3
-9
21
28
28
28
17
40
26
43
41
49
40
28
47
46
45
41
44
40
54
38
35
39
43
41
34
40
30
38
39
36
54
58
47
55
38
46
54
50
75
86
84
88
93
102
93
93
101
104
101
96
88
67
60
43
30
26
-1
-7
-33
-45
-42
-42
-38
-54
-46
-47
-56
-43
-31
-28
-24
-21
-5
-4
-6
11
11
20
18
14
23
37
36
43
56
70
70
75
62
68
82
72
63
73
58
51
37
33
43
15
22
21
5
-5
15
6
3
5
-3
-5
-3
12
12
21
34
28
26
34
45
38
45
32
23
14
11
1
-20
-1
-11
-17
-22
-30
-28
-32
-31
-27
-26
-24
-38
-12
-13
-18
-10
-1
-2
14
8
24
47
43
42
60
62
68
82
60
72
70
54
48
59
35
34
17
9
-1
-15
-3
-11
-18
-38
-36
-44
-60
-52
-51
-60
-69
-69
-58
-45
-58
-38
-51
-27
-14
-17
-6
9
31
25
48
34
51
54
70
72
68
79
84
94
89
87
108
93
89
89
75
66
62
71
73
69
58
55
51
58
57
66
57
56
69
74
75
80
70
67
61
64
74
61
51
56
72
68
71
64
67
59
46
48
35
44
55
37
37
35
47
51
48
57
41
54
49
49
48
49
47
53
48
50
64
59
77
66
59
67
58
66
47
50
63
45
35
36
24
10
15
9
-13
-15
-16
-34
-42
-33
-27
-34
-38
-33
-33
-33
-5
-3
-5
13
14
13
27
32
31
38
37
45
52
58
80
72
90
105
104
93
93
107
94
92
86
93
95
90
86
70
67
69
65
52
56
56
56
55
54
45
38
48
50
35
33
34
18
21
23
32
32
17
18
11
3
17
16
8
3
13
7
16
20
15
11
6
-2
-14
4
0
3
-1
6
-7
12
6
-8
6
28
37
21
19
33
50
54
60
49
50
63
60
41
37
39
46
19
8
15
10
7
2
-6
-17
-20
-26
-20
-12
-20
-13
-9
-9
5
11
3
22
19
19
28
34
40
25
47
54
54
49
40
61
55
70
58
55
60
60
64
54
68
67
43
51
70
67
57
42
38
36
22
26
10
17
15
-1
-5
-2
-3
-9
2
-7
-13
-21
-44
-38
-32
-37
-32
-38
-39
-49
-41
-24
-35
-40
-48
-38
-41
-32
-36
-32
-23
-32
-26
-34
-15
-24
-14
7
0
-5
0
6
16
19
19
12
26
19
30
39
47
65
48
52
53
44
35
54
46
50
40
42
49
47
50
56
36
28
39
28
31
36
36
44
42
27
35
49
46
59
56
57
60
59
54
55
39
33
43
30
34
28
28
7
15
26
19
15
7
23
4
4
5
-7
12
12
11
13
16
14
6
10
28
18
10
3
11
-1
-4
6
-17
-11
-9
-4
6
-17
-21
-12
-21
3
4
-8
-18
-15
-8
-14
-12
-6
-8
-21
-18
2
-7
-15
-9
6
6
8
7
19
24
19
4
20
9
22
22
29
31
34
49
41
39
46
43
51
51
50
73
82
76
72
71
67
54
45
34
40
51
19
38
30
28
16
25
22
11
1
-4
0
-5
10
7
8
15
12
4
11
13
-3
4
-4
1
1
-1
-2
-16
-22
-16
-27
-19
-19
-13
-36
-50
-16
-45
-32
-34
-16
-9
-18
-10
-20
-11
8
10
12
-9
8
13
-6
8
6
13
16
9
-5
-4
-5
-10
-24
-21
-12
-14
-14
-29
-16
-23
-25
-22
-15
-10
-9
-4
-1
-10
12
19
18
23
21
34
32
29
41
37
35
24
36
51
52
47
44
58
51
51
57
69
59
53
77
69
52
48
43
40
40
30
31
29
23
16
27
20
12
10
2
0
3
4
-15
-2
-5
3
-6
-1
12
-2
-16
-13
-13
-24
-12
-15
-29
-37
-39
-35
-45
-33
-36
-24
-15
5
17
8
19
24
38
28
36
54
47
61
58
69
74
78
68
68
75
83
88
73
68
64
54
49
82
65
78
63
53
49
32
36
40
29
23
34
14
38
23
13
23
25
30
30
31
28
33
35
40
50
38
41
54
45
50
45
74
54
60
47
56
60
50
56
48
55
69
65
41
53
52
49
43
28
27
2
6
7
-2
-13
-35
-36
-41
-41
-35
-28
-25
-24
-33
-38
-41
-19
-28
-26
-17
-10
3
-7
-14
2
-7
6
2
4
5
-1
18
17
11
18
29
24
28
43
24
32
26
35
49
42
61
60
71
83
74
71
80
81
101
91
81
93
101
89
100
99
85
92
69
82
62
56
68
71
50
31
30
21
35
25
15
17
14
12
6
2
5
11
6
18
26
25
37
38
35
34
18
22
33
38
33
23
37
22
12
28
40
46
44
52
44
47
38
25
22
11
25
20
-2
-1
-7
-14
-26
-29
-42
-56
-50
-61
-63
-57
-58
-52
-42
-58
-44
-39
-44
-46
-43
-25
-20
-14
-20
-5
-13
-4
-7
-6
-10
-6
14
7
27
21
13
30
26
14
33
14
32
51
50
45
44
40
48
57
53
50
64
65
55
56
54
41
36
50
38
34
41
39
10
5
-4
-14
-9
-31
-41
-37
-45
-41
-32
-49
-56
-45
-35
-38
-37
-27
-28
-34
-28
-30
-30
-40
-24
-11
5
-3
-6
2
22
11
9
14
11
29
3
14
21
17
12
13
17
17
-12
11
22
1
9
4
-9
11
3
-7
7
2
-3
-5
11
-6
-4
2
-11
19
8
7
24
13
34
41
44
62
54
40
60
54
61
58
55
69
69
78
78
81
70
73
70
57
60
67
59
61
55
55
50
56
71
47
65
59
55
60
58
60
48
53
48
58
44
37
40
22
40
27
20
6
-2
8
-10
-11
-24
-27
-16
-13
-8
-8
-9
-14
-13
-6
-4
-15
-2
12
5
18
25
13
25
26
12
14
21
-2
15
24
15
18
17
29
30
44
39
38
42
47
43
44
35
38
44
33
41
34
40
43
38
44
47
48
49
58
56
50
55
58
69
65
70
53
53
66
74
71
73
85
77
61
87
86
68
65
54
64
57
63
52
47
53
50
53
46
44
42
41
56
60
61
49
68
55
45
47
52
52
45
43
20
37
35
22
16
-7
-21
-9
-24
-15
-27
-34
-29
-33
-31
-31
-31
-39
-32
-29
-35
-24
-8
-9
-7
5
8
11
12
4
24
34
31
41
33
42
32
37
39
30
52
41
52
53
50
44
48
65
54
64
61
63
55
64
78
67
67
62
55
66
73
69
60
71
67
44
43
43
45
55
47
34
49
46
47
56
63
34
36
52
39
28
29
33
36
28
18
18
11
18
20
7
0
11
8
27
16
1
27
9
26
18
29
27
31
31
20
30
38
44
35
41
24
26
34
22
18
24
24
23
23
25
5
3
3
2
11
10
-3
-3
14
0
-3
10
-2
8
25
28
33
41
37
50
52
55
52
59
51
47
75
58
64
56
55
70
61
52
50
65
71
57
52
56
58
51
51
68
59
71
74
65
63
58
65
63
53
49
58
45
29
33
6
22
19
0
4
23
22
16
12
18
5
3
25
8
15
9
4
-1
12
9
2
9
3
0
5
17
17
16
22
26
26
8
22
14
25
33
11
33
27
14
-4
-3
9
1
7
0
8
14
18
13
12
12
9
21
11
-4
15
17
10
9
-1
3
9
17
0
4
10
9
15
16
40
44
38
45
46
61
52
68
69
57
64
72
49
48
75
63
40
47
49
42
45
44
59
57
35
40
54
44
29
27
45
35
31
10
25
1
-9
6
-7
-7
-24
-13
-25
-15
-5
-16
-24
-33
-26
-15
-16
-29
-27
-18
-20
-22
-8
-16
-27
-16
-11
1
-4
-3
12
8
17
22
21
22
26
26
44
32
31
34
