6
6
-10
-3
16
-4
16
17
10
-6
12
-7
3
24
-4
15
11
-12
0
17
7
3
18
20
17
-2
14
10
16
16
14
29
31
25
16
25
32
37
14
14
31
36
12
14
40
26
22
22
21
23
27
25
37
24
19
21
10
22
4
1
7
7
4
26
23
24
31
19
16
8
13
-5
7
4
12
24
11
18
18
-3
-1
6
6
3
-3
-7
-13
-2
1
-2
-6
0
12
4
10
5
10
-6
-6
11
-4
0
8
13
2
13
23
17
16
24
27
29
20
1
0
11
5
0
-1
10
8
15
-5
13
10
4
15
12
8
1
8
-1
16
6
0
-6
0
4
1
-12
2
-1
-5
-15
-15
-5
-19
-6
-6
2
2
-4
-1
8
-16
-7
-12
-3
9
-16
2
-5
4
10
5
-4
-8
-7
-11
5
0
-8
-5
3
1
2
6
-2
15
20
4
1
0
3
0
-1
9
12
13
-14
3
14
-7
-1
12
13
9
-7
-1
14
7
7
9
16
13
14
-3
12
10
-4
-5
-2
3
7
22
20
14
12
20
3
4
18
23
8
14
9
15
16
-1
8
10
24
23
34
9
14
20
6
2
6
26
6
2
9
4
-6
-8
-5
22
9
13
19
-3
-2
-19
-4
10
12
-2
-8
-5
11
8
-1
3
-10
13
-5
8
9
7
16
15
17
-1
24
14
13
32
10
30
20
15
24
8
25
23
16
20
27
12
21
18
15
12
4
6
17
12
12
-1
13
18
7
-1
-13
3
8
11
9
16
10
2
-2
-7
-2
6
-4
12
8
-8
-3
7
6
6
8
-3
5
10
16
3
10
5
-7
2
8
8
14
8
2
5
3
5
2
9
-19
-22
-4
-17
-4
6
8
3
3
0
-11
-3
-5
-3
-5
-11
-8
3
10
9
1
8
6
13
17
11
27
12
28
36
26
24
6
1
18
12
3
-1
8
13
9
16
8
2
10
7
-10
8
1
-11
-8
-5
-18
-8
-7
-10
-16
-12
-14
-19
-5
-16
-13
-11
-12
-16
-16
13
1
-21
-7
5
2
-6
17
0
-7
5
-3
13
-13
6
20
5
16
5
10
13
20
16
15
27
38
41
21
38
53
37
39
44
35
43
31
42
33
30
16
24
40
31
28
16
14
25
32
7
11
8
3
3
3
-2
7
6
7
-9
-14
-18
-20
-11
-17
-11
-11
-5
-9
2
-8
5
-6
-4
19
-7
6
-3
0
7
8
8
9
13
16
28
23
23
22
16
30
41
35
43
21
30
40
41
30
23
21
30
31
9
24
15
17
15
24
29
33
37
34
36
27
29
42
34
30
34
52
47
30
49
40
37
28
39
33
34
37
49
34
27
25
34
41
26
39
23
13
15
21
32
39
25
30
18
2
14
2
20
27
19
14
10
5
15
10
10
17
20
26
12
9
6
8
8
14
13
25
10
32
27
24
24
21
19
17
16
7
22
26
36
26
20
37
29
45
32
29
36
48
42
26
41
36
50
31
35
33
39
42
37
42
29
31
29
38
37
28
23
22
34
17
18
28
27
24
26
13
25
32
28
23
21
22
34
27
13
14
17
10
21
19
-6
2
1
2
10
14
1
22
21
11
22
13
26
18
23
6
6
20
22
16
-3
4
5
-5
0
6
5
8
9
14
4
-11
-10
2
8
5
15
11
4
12
9
19
19
12
8
21
9
13
8
13
4
0
17
-4
16
13
20
5
23
34
51
48
33
52
42
37
47
37
41
25
18
30
20
14
21
29
16
28
20
16
25
20
30
27
18
28
17
16
29
17
26
14
10
14
9
2
22
0
-9
0
8
4
-10
4
-5
8
4
7
19
0
19
2
-15
6
-7
-6
-9
-5
-7
17
21
14
25
26
26
20
23
19
27
32
20
20
21
24
10
3
27
16
1
31
17
29
41
28
18
11
13
4
17
32
20
38
39
25
28
19
21
25
15
12
11
-2
8
10
6
10
14
9
-6
2
6
3
8
7
4
15
44
28
25
15
16
23
22
22
23
23
15
29
24
11
15
13
8
3
-2
14
3
5
9
24
33
14
3
6
5
-5
-10
8
20
7
13
-1
-24
-27
-32
-29
-31
-26
-22
-17
-18
-21
-13
-20
-5
-10
-15
-21
-17
-18
-21
-15
-9
-4
-8
0
-5
10
-9
-4
3
-6
-6
2
11
4
-4
0
16
21
8
-3
2
9
2
3
0
-9
-8
-12
-19
-8
-13
-7
-17
-13
-18
-36
-24
-15
-13
-26
-26
-20
-10
-10
-15
-23
-21
-18
-14
-18
-15
-13
-21
-27
-8
-4
2
8
4
6
6
0
-10
1
11
4
-6
2
-7
6
22
3
13
10
2
13
1
9
-2
11
17
5
5
12
16
-1
8
13
9
-3
7
3
7
-2
0
9
15
8
5
17
6
1
-5
7
3
10
-4
-5
1
-14
-9
12
7
3
-3
1
-2
-7
-1
-7
-1
-3
-12
-17
-8
8
2
-1
-8
11
7
6
22
4
3
13
5
13
21
22
18
8
2
1
11
-8
-4
4
-12
-15
2
-7
0
6
9
9
5
6
24
11
11
5
-4
5
1
-3
-13
4
6
11
9
16
5
13
22
11
12
12
16
13
31
16
4
12
14
17
25
30
36
25
27
36
19
20
19
24
10
11
26
11
7
11
7
2
-4
1
9
5
-2
-13
-2
12
16
18
14
23
12
5
7
12
9
20
24
16
17
20
9
-4
10
6
2
8
-7
-7
-9
6
1
-1
-12
-21
-9
-5
-5
-2
-2
-23
-8
-9
-22
-14
-29
-29
-20
-8
-18
-1
-4
-26
-25
-28
-17
-20
-22
-24
-13
-30
-24
-23
-28
-23
-27
-17
-1
-13
-36
-22
-21
-25
-28
1
-13
-9
-11
-9
-2
-7
-8
-8
-11
-17
-14
-9
-15
-11
11
-4
10
-1
7
6
-5
-4
-16
-5
-5
-20
-14
-13
-26
-13
-5
1
8
-7
-3
2
-1
-5
-6
-9
-4
-5
-9
-9
-7
-6
1
0
-2
3
-11
-5
-16
-6
-11
-11
11
16
4
-1
7
12
5
6
-1
14
15
17
16
10
19
20
9
1
26
27
7
15
13
3
20
7
9
8
-13
-14
-1
-2
1
1
8
12
7
10
6
0
-6
-5
-1
-2
-8
4
-8
4
-7
-10
-4
-6
4
-8
1
1
-2
-5
-6
-1
-22
-13
-23
-6
-20
-23
-16
-24
-28
-24
-23
-21
-17
-18
-5
-27
-38
-38
-21
-15
-21
-20
-25
-28
-18
-30
-25
-10
-16
-5
-16
-10
-10
-13
-5
-9
-16
-15
-6
-13
-2
-1
4
-3
5
4
0
1
6
17
3
10
-6
2
6
-10
5
-5
1
-11
-14
-12
-20
-15
-4
3
-4
-10
-2
1
4
3
-1
-15
0
12
-4
14
0
-24
-10
-12
-7
-9
-15
-13
-15
-23
-11
-1
-16
-16
-15
-22
-21
1
-17
-6
-5
-25
-13
-17
-2
-9
-2
1
-10
-15
-10
-5
-6
-10
-17
-6
2
-7
-1
-6
3
10
6
-10
4
-9
-13
-20
-16
1
-20
-3
-10
-28
-30
-19
-21
-40
-37
-38
-26
-21
-34
-41
-32
-22
-26
-33
-33
-33
-35
-40
-19
-31
-34
-23
-26
-32
-45
-26
-32
-41
-37
-48
-42
-43
-30
-36
-35
-32
-31
-17
-26
-31
-28
-29
-23
-25
-28
-13
-29
-24
-21
-24
-14
-13
-21
-25
-20
-22
-22
-16
-9
-10
-24
-7
1
-5
0
-10
-2
-9
-11
-15
-15
-3
-20
-15
-20
-22
-17
-16
-4
-9
-5
-8
-9
-21
-11
-12
-31
-16
-11
-27
-19
-9
-18
-20
-5
-27
-28
-12
-5
-15
-8
-4
-6
0
0
11
12
20
4
16
20
-4
6
26
12
15
21
18
15
8
7
11
8
7
2
1
6
-11
-7
-19
-7
-3
-3
-10
-8
-5
-4
3
-12
-20
-3
-23
-4
-19
-15
20
-12
-3
-1
-15
1
-11
-1
-14
-14
2
-4
-11
-8
-8
-12
3
-2
-4
-4
-9
2
4
-10
5
6
4
10
-6
2
14
10
11
7
6
1
3
13
0
-5
8
2
-1
-9
-19
-16
-18
-7
-10
-11
-2
-30
-16
-29
-36
-38
-41
-23
-34
-29
-35
-25
-37
-41
-38
-44
-39
-35
-32
-39
-42
-63
-64
-51
-44
-35
-50
-38
-33
-33
-24
-35
-48
-48
-46
-35
-56
-48
-46
-40
-28
-36
-29
-38
-45
-49
-39
-36
-61
-38
-33
-42
-29
-42
-34
-31
-32
-23
-37
-37
-32
-41
-32
-44
-45
-39
-46
-49
-44
-45
-51
-50
-51
-59
-55
-47
-37
-30
-42
-42
-42
-45
-39
-45
-50
-44
-54
-46
-43
-55
-46
-52
-52
-59
-61
-73
-64
-69
-68
-65
-73
-84
-72
-66
-84
-71
-83
-68
-57
-65
-73
-73
-66
-63
-53
-69
-66
-65
-54
-60
-67
-78
-70
-70
-76
-67
-59
-67
-63
-50
-80
-86
-68
-60
-69
-72
-61
-61
-58
-59
-53
-62
-74
-57
-74
-65
-62
-69
-67
-74
-58
-89
-79
-68
-54
-57
-68
-66
-64
-66
-86
-64
-57
-66
-50
-43
-50
-54
-41
-49
-44
-59
-52
-63
-63
-60
-44
-41
-53
-51
-55
-42
-46
-51
-54
-26
-49
-68
-59
-59
-54
-63
-67
-63
-60
-56
-63
-52
-58
-61
-53
-59
-52
-65
-59
-68
-70
-66
-84
-71
-67
-71
-72
-77
-73
-62
-77
-72
-80
-74
-69
-80
-66
-74
-83
-87
-72
-82
-77
-64
-83
-76
-72
-78
-86
-79
-68
-87
-84
-69
-69
-72
-64
-65
-73
-59
-46
-49
-63
-56
-45
-50
-36
-37
-51
-48
-42
-47
-55
-49
-56
-56
-58
-54
-57
-56
-64
-62
-63
-57
-55
-54
-56
-63
-62
-59
-65
-67
-55
-56
-54
-57
-38
-52
-50
-44
-45
-35
-52
-58
-61
-45
-55
-47
-60
-38
-49
-64
-69
-67
-49
-63
-51
-46
-49
-41
-60
-60
-47
-60
-52
-57
-63
-57
-38
-53
-57
-48
-51
-61
-65
-44
-52
-47
-49
-22
-40
-60
-42
-41
-49
-61
-44
-56
-47
-53
-54
-53
-56
-48
-42
-43
-41
-56
-45
-37
-34
-43
-59
-51
-56
-48
-57
-47
-32
-44
-48
-46
-31
-33
-53
-45
-47
-48
-64
-58
-47
-47
-48
-52
-58
-51
-47
-39
-50
-43
-45
-46
-32
-39
-40
-40
-46
-39
-34
-47
-48
-43
-37
-34
-43
-44
-57
-42
-23
-41
-43
-47
-38
-31
-38
-45
-36
-45
-42
-27
-36
-31
-25
-37
-29
-33
-18
-26
-37
-46
-40
-25
-27
-31
-32
-37
-31
-36
-43
-29
-38
-31
-31
-36
-20
-27
-36
-17
-14
-30
-16
-27
-23
-21
-23
-17
-18
-19
-19
-27
-17
-15
-24
-13
-16
-3
-10
-9
-6
-2
-11
-14
-25
-28
-18
-26
-14
-25
-28
-22
-32
-26
-19
-29
-26
-18
-16
-21
-27
-32
-18
-31
-26
-27
-35
-16
-38
-22
-16
-24
-13
-17
-21
-22
-11
-15
-23
-18
-32
-23
-3
-17
-14
-31
-21
-14
-25
-13
-24
-26
-11
-6
-12
-14
-5
-19
-32
-31
-10
-4
-10
-14
-16
4
-16
-8
-7
-8
-10
-17
-18
-20
-6
-14
-36
-28
-24
-33
-35
-31
-25
-35
-23
-20
-21
-27
-4
-16
-18
-18
-30
-15
-7
-21
-8
-4
-31
-7
-21
-11
-17
-30
-15
-26
-20
-23
-28
-37
-12
-29
-37
-26
-20
-25
-23
-27
-19
-23
-25
-6
-12
-12
-26
-10
-34
-21
-20
-20
-22
-30
-19
-16
-17
-20
-29
-18
-27
-44
-31
-21
-8
-30
-16
-30
-22
-1
-19
-26
-18
-20
-36
-19
0
-3
-11
-13
-6
-8
-11
-6
-9
-17
-21
-18
-11
-17
-9
-25
-12
-17
-11
-6
-23
0
5
1
5
0
-10
0
4
-4
9
13
14
3
4
4
7
-11
-8
-4
4
-5
-9
3
-9
-8
-17
-14
-5
4
-8
-7
0
-23
-16
-10
-2
7
-2
-13
-12
-22
-15
-7
-11
-3
-11
-16
-8
-18
-13
-9
-33
-30
-30
-34
-35
-26
-12
-9
-22
-6
-9
-13
-14
-3
-6
-5
12
-24
-10
-7
3
5
7
13
-7
5
1
9
8
9
8
7
5
-18
-4
0
-1
2
7
-7
-8
-1
3
4
2
-4
-7
-3
2
8
11
3
17
9
13
3
-3
-6
-9
-14
-9
-9
-12
-5
1
-8
-23
-14
-9
-10
-15
2
-5
5
2
-2
-5
-5
6
8
4
9
3
-4
6
5
4
-5
-9
1
-4
-4
9
3
-9
-3
-11
-12
1
-3
1
1
-6
-17
-2
-8
-13
-15
-3
9
-27
-5
-6
-10
-2
-21
-11
-22
-21
-15
-21
-8
-36
-34
-27
-22
-31
-30
-13
-9
-13
-13
0
-13
-23
-25
-24
-33
-24
-4
-8
-18
-17
-12
-3
-5
-22
-7
-17
-9
-7
-1
-7
-13
1
0
-3
-6
7
-10
9
2
0
9
0
4
-3
-1
-6
-9
4
-10
-7
-4
-30
-9
-6
-7
-5
0
-8
-5
4
-9
-21
-8
-23
-41
-13
-16
-14
-14
-16
-18
-21
-20
-16
-10
-13
-20
0
-16
-6
-3
-31
-16
1
12
7
8
5
10
9
14
8
3
10
6
-3
-9
-4
-24
-7
-9
-3
4
3
2
3
-2
10
5
5
8
10
14
12
1
1
6
-10
0
-10
-19
-15
-14
4
-8
-3
9
0
-3
-23
-12
-23
-11
-1
-15
-4
-8
-9
-17
-21
-12
-14
-15
-27
-19
-20
-18
-16
-14
-13
-11
-6
-2
-8
-20
-29
-11
-11
-17
-9
-17
-14
-9
2
-4
9
0
-26
-3
13
3
-6
8
17
1
9
11
6
9
-1
-3
5
0
-3
-3
6
5
2
4
-6
-1
-22
3
8
-21
-16
-6
-1
1
13
-2
-1
-6
-27
-32
-21
-14
-15
-12
-16
-3
-17
-18
-24
-27
-22
-26
-24
-24
-19
-14
-25
-14
-17
-22
-24
-10
-4
-18
-32
-13
-10
-25
-17
-20
-25
-12
-3
-25
-20
-28
-24
-4
-27
-23
-16
-26
-28
-15
-22
-31
-30
-23
-29
-32
-24
-34
-46
-28
-31
-25
-17
-21
-19
-8
-26
-41
-33
-37
-35
-33
-35
-54
-50
-38
-39
-39
-39
-32
-41
-22
-25
-32
-40
-26
-26
-43
-42
-37
-42
-51
-41
-42
-46
-48
-54
-48
-47
-42
-43
-38
-52
-53
-53
-42
-30
-44
-22
-35
-30
-37
-41
-19
-34
-35
-26
-35
-37
-23
-26
-32
-39
-34
-30
-33
-33
-47
-28
-22
-28
-24
-18
-27
-14
-26
-36
-10
-28
-22
-21
-43
-17
-28
-32
-41
-37
-22
-22
-7
-24
-33
-24
-32
-25
-21
-25
-20
-29
-24
-21
-37
-19
-10
-20
-34
-30
-22
-25
-28
-23
-24
-24
-22
-30
-12
-20
-17
-6
-29
-11
-16
-23
-16
-19
-20
-38
-30
-33
-24
-12
-40
-34
-13
-18
-18
-3
-11
0
-17
-21
-12
-12
-7
-24
-21
-22
-17
-18
-11
-10
-31
-11
-12
-22
-17
-19
-20
-19
-15
-29
-20
-8
-9
1
-22
-15
8
-7
-7
-3
-9
-5
2
0
-7
2
-5
-4
16
9
11
20
6
0
2
2
12
15
8
6
9
0
0
0
-13
5
-4
-14
-11
-24
-12
-21
-16
-25
-28
-30
-28
-20
-22
-36
-20
-14
-36
-23
-12
-24
-13
-32
-27
-10
-13
-12
-34
-19
-22
-16
-29
-32
-24
-22
-21
-20
-29
-35
-39
-40
-17
-22
-22
-14
-10
-15
8
5
0
10
14
6
-1
4
11
14
9
10
17
14
22
29
21
26
34
27
26
34
22
25
34
34
24
8
20
8
2
9
6
15
11
21
23
18
25
26
13
16
0
20
13
14
9
-3
8
3
4
-2
3
-6
0
-13
-3
-3
5
-8
-17
-9
-6
-9
-5
-13
-7
14
16
16
5
0
2
3
-3
-13
1
13
0
8
19
1
11
10
-10
16
-3
7
-2
7
18
6
3
7
6
-4
17
3
2
10
-7
14
11
4
6
9
3
2
13
-5
-2
5
3
9
5
-1
8
16
10
5
15
8
16
20
8
9
5
-17
-16
-1
10
-6
3
16
-6
2
-1
16
-5
0
0
-2
-5
-7
-1
-4
-3
3
18
2
2
21
16
19
-9
-9
18
5
-3
-5
5
3
-5
0
-13
-6
13
14
-3
-13
-6
-1
8
-8
-7
0
12
7
8
9
18
4
20
10
-5
9
-11
2
8
4
9
5
1
-1
3
-2
-5
-19
-13
-10
6
4
-24
-15
-2
5
12
4
10
19
4
5
13
-4
-1
-2
-5
-2
-10
0
-13
-13
-5
-4
-11
-3
-21
-20
-31
-21
-14
-20
-25
-40
-16
-12
-12
-9
-5
-11
-16
-2
1
-26
-6
-8
-5
-7
-8
-2
-12
-28
-35
-28
-18
-3
-12
-15
-16
-11
0
-11
1
2
0
2
2
19
10
18
34
18
18
15
4
22
16
5
12
16
23
-1
5
4
6
11
-3
7
19
12
14
29
13
7
5
10
12
26
7
7
16
4
9
10
-2
9
13
14
30
16
22
13
19
29
21
13
6
3
-3
-7
-13
-2
8
9
-2
1
2
-6
-9
-5
-1
-7
6
-6
-7
-4
4
6
-15
-6
-3
-21
-23
-19
11
7
-2
2
-4
-6
4
7
7
6
15
-5
-10
8
10
0
3
3
7
3
-8
13
13
7
18
21
10
12
10
15
18
17
9
11
8
6
15
7
11
15
30
14
28
27
27
27
29
29
26
28
16
14
11
-2
-3
12
10
8
11
24
15
13
14
23
6
-8
11
9
20
7
5
11
6
0
-1
3
-1
-10
0
0
-15
-6
-3
-3
-10
6
10
5
10
12
-4
6
12
26
29
2
-3
17
24
10
22
24
39
44
14
20
28
22
30
28
27
36
27
23
29
25
32
30
30
29
26
40
33
38
45
30
35
40
42
22
38
39
50
44
32
45
30
44
30
18
17
14
25
26
19
13
28
34
33
20
21
11
8
15
4
9
20
6
3
14
-4
0
8
11
-2
10
15
17
3
1
0
5
2
-6
-6
-3
-6
-25
-19
-23
-29
-19
-8
-13
0
-1
1
-2
-5
-6
-15
-9
-4
2
-2
-10
18
1
2
2
-3
3
-4
2
-11
-3
14
4
-4
0
6
15
-3
-3
1
2
9
15
26
13
6
12
3
0
-8
5
4
9
1
10
26
9
21
24
20
21
27
37
30
27
35
23
30
21
1
12
25
19
12
14
17
24
6
6
13
23
33
23
23
17
21
29
18
17
7
29
11
11
25
11
26
20
12
11
11
3
12
3
-9
5
10
5
14
18
-1
13
-14
-22
8
-7
-15
-3
-6
4
2
2
7
-6
0
-2
2
-2
19
13
5
4
14
16
10
17
26
26
18
7
17
13
15
24
19
18
17
18
27
31
36
26
23
29
15
19
4
18
20
22
26
21
19
22
35
26
27
26
23
18
24
30
25
36
34
33
37
40
33
44
41
29
27
29
41
39
36
32
34
32
36
37
41
37
30
44
34
29
25
23
35
35
37
38
25
29
24
32
27
13
33
33
18
38
41
30
27
18
15
15
22
18
21
12
21
35
39
37
6
21
28
17
14
19
13
22
19
17
15
5
1
-9
9
0
-6
3
-16
-12
-8
-6
-18
-8
-7
-19
-19
-18
-11
-26
-25
-25
-20
-20
-25
-31
-21
-27
-17
-12
-20
-31
-39
-21
-13
-28
-9
-6
-21
-23
-16
-8
-6
4
-3
-18
-14
-23
-11
-8
-22
-22
-18
-10
-12
-7
-8
-1
-3
-8
-17
-23
-15
-31
-23
-37
-35
-25
-46
-16
-36
-45
-38
-47
-38
-26
-29
-30
-26
-27
-5
-18
-22
-18
-21
-19
-31
-22
-16
-34
-33
-27
-33
-29
-40
-52
-30
-40
-43
-23
-29
-16
-32
-16
-16
-29
-14
-25
-30
-30
-21
-28
-20
-21
-38
-19
-17
-25
-30
-34
-28
-34
-25
-22
-11
-25
-24
1
-20
-23
-28
-27
-20
-29
-31
-8
-2
-4
-13
-19
-21
-8
5
-3
-6
-2
-31
-16
-3
-26
-17
-10
-15
-25
-16
-25
-20
-21
-4
2
-12
-3
-5
-3
-10
-4
4
1
5
3
7
-1
-10
-5
10
-1
1
14
7
9
-2
-4
-9
14
9
8
16
-2
3
11
14
9
14
27
27
1
20
18
19
16
12
16
7
6
10
-1
1
14
-2
-17
-17
12
30
-16
-23
-3
8
16
15
27
3
16
21
19
26
17
29
19
19
12
8
18
18
7
12
22
31
27
22
35
42
31
21
18
7
25
25
10
22
26
21
14
20
21
18
20
17
15
-9
0
-6
-15
-4
-1
-8
-13
2
0
-10
-26
-4
-16
-23
5
15
9
3
-2
18
8
18
1
0
8
-14
-2
-9
1
7
1
-5
12
6
-2
-10
1
-4
12
22
-12
-5
4
8
-8
1
-8
11
21
17
9
1
3
16
11
-3
15
9
6
15
13
5
19
19
13
13
7
26
20
9
14
10
15
12
0
8
11
7
-3
0
2
-15
0
0
-8
7
0
4
0
-7
12
21
6
1
12
3
4
9
3
-18
-10
-12
-1
-8
-1
13
-1
4
0
2
18
9
-6
-1
0
9
22
17
3
2
17
12
21
24
19
31
3
27
19
16
27
27
23
11
18
20
17
18
31
16
13
16
24
12
17
32
26
25
27
29
22
31
10
37
16
19
34
16
36
26
28
9
19
26
9
15
12
19
27
20
17
16
8
0
22
-7
-7
-2
5
-3
-10
14
-5
5
-1
5
17
-5
2
6
-13
-4
-5
-11
-16
-7
9
14
2
6
2
6
-5
-5
-2
-5
6
4
0
-7
-1
-1
7
8
11
-3
6
11
6
4
-8
25
26
22
19
4
18
0
8
26
20
24
33
20
5
11
17
17
9
18
13
15
7
5
9
9
3
1
14
22
13
20
19
14
26
6
12
15
19
21
8
25
21
3
14
5
8
2
-3
-2
-9
13
2
-3
-2
-3
-4
7
-4
-16
2
-3
0
-17
-9
-16
-27
-16
-13
-15
-18
-15
-10
-8
-24
-21
-31
-33
-11
-5
-4
18
-5
-4
4
-10
2
-4
0
8
-5
-3
5
7
4
-1
-9
1
4
15
26
7
10
-17
-18
5
-15
-9
-15
-19
-2
-21
-34
-18
-8
-23
-12
-7
-28
-12
-16
-6
0
-7
3
-14
-4
-8
-10
-9
-19
2
-26
-12
8
4
-18
-18
0
-12
2
1
-9
-5
-3
-6
6
-7
-9
-19
-14
-2
-10
12
1
1
-12
-11
-16
-15
-15
-29
-6
-16
-27
-32
-27
-20
-7
-1
-8
-26
-31
-38
-14
-19
-34
-22
-23
-22
-4
-33
-30
-23
-20
-7
-16
-15
-1
-8
-12
-1
3
-4
-5
0
-9
-6
-10
-14
-10
-1
7
1
-3
-13
2
1
5
0
-4
19
8
1
16
3
-2
19
12
9
-8
-9
11
20
18
14
6
3
17
12
14
4
8
18
22
29
17
14
14
17
19
9
19
19
-5
9
-5
-4
-5
-4
8
15
-5
4
3
-4
8
-8
16
14
4
9
6
4
22
16
19
23
7
20
-2
5
18
12
20
19
37
39
22
19
19
21
20
23
20
24
31
38
38
34
35
53
37
47
60
56
66
59
51
54
53
43
38
52
46
60
61
52
34
25
37
36
49
45
53
58
36
33
36
31
30
36
30
35
23
37
34
18
23
44
38
22
28
24
34
28
42
45
36
23
12
27
22
17
24
-2
7
8
12
24
20
27
19
17
17
2
2
-3
-4
10
10
34
27
20
20
27
18
27
37
28
19
0
14
16
13
19
16
13
14
16
6
6
5
12
3
10
26
21
17
3
23
24
19
30
25
27
23
40
35
32
43
26
24
28
28
26
18
25
19
16
20
36
11
9
12
17
22
19
24
1
6
-3
6
1
6
11
8
-4
17
5
-9
-1
-5
13
7
14
9
18
5
20
10
-1
18
11
5
-10
-12
-16
-10
-3
-9
-4
13
4
13
2
-1
5
14
12
16
27
27
16
31
30
36
46
48
29
30
30
28
35
38
28
33
50
46
56
36
36
47
35
52
40
59
50
54
40
22
36
30
37
40
30
33
44
75
71
63
53
58
65
57
55
48
41
33
60
47
37
29
30
34
48
32
26
41
31
35
29
44
35
17
37
17
25
22
34
37
31
38
31
27
23
32
33
17
31
31
27
60
54
51
40
24
22
17
21
36
40
27
17
3
1
1
7
19
18
15
16
31
24
13
22
8
15
30
25
19
20
36
27
37
24
22
33
29
49
50
35
61
49
52
42
40
35
37
44
19
59
31
32
31
59
62
54
52
27
58
45
61
32
27
35
55
29
52
55
35
53
34
44
35
56
42
32
19
33
43
31
39
22
23
27
11
21
11
29
36
18
33
23
20
16
16
21
26
30
18
23
26
34
17
32
10
13
47
37
55
34
31
34
38
39
32
42
57
50
50
34
53
43
35
44
28
18
23
49
43
37
31
12
24
16
13
20
36
42
45
48
45
45
43
53
50
37
13
28
29
47
43
39
44
43
36
48
51
50
68
55
48
20
32
24
26
30
40
26
50
82
70
92
73
79
80
63
55
47
59
69
50
62
59
45
52
43
57
51
49
51
49
47
41
48
49
55
66
47
40
15
30
16
21
50
32
24
26
14
24
32
26
35
30
49
47
58
44
32
31
16
51
30
8
21
-3
13
9
43
33
38
47
47
51
74
65
58
56
42
55
33
27
70
39
28
34
26
35
20
55
34
69
38
42
52
36
25
40
46
30
58
46
36
21
25
31
18
15
45
37
28
5
25
25
13
33
2
8
21
9
16
4
-13
-19
-5
4
2
17
8
3
18
18
18
36
16
29
26
20
38
30
27
14
43
13
26
16
49
40
17
18
16
22
12
12
-7
1
23
31
44
31
41
38
40
17
20
27
41
25
13
-1
17
39
30
34
33
38
25
48
36
68
63
54
28
0
37
35
40
25
21
7
23
17
-14
-8
9
-8
-14
-19
-15
-8
19
1
0
-23
-38
-20
-2
23
23
44
38
19
17
17
26
23
47
78
59
82
68
44
41
35
15
12
-5
-16
25
19
42
44
57
108
85
72
93
87
67
99
89
46
41
19
6
30
49
64
67
44
43
44
59
57
83
71
76
83
43
4
-18
5
1
9
-15
3
38
29
40
46
70
45
42
23
21
46
25
48
58
78
50
35
40
0
41
35
43
30
12
26
0
48
23
21
13
29
-15
-6
24
31
87
60
76
38
13
9
26
38
28
43
27
31
25
-6
38
14
26
39
3
16
-29
-17
3
11
38
17
29
34
26
37
12
8
-14
17
8
24
7
26
25
-2
39
26
6
-10
10
-31
-4
-19
0
10
-10
-5
-16
-17
-21
-10
19
25
38
50
64
53
25
66
35
64
78
60
61
57
56
49
46
23
12
-10
-2
-37
-14
-53
-29
-13
-69
-37
-45
-47
-2
-20
7
11
-1
32
20
14
40
34
46
35
29
8
-31
-5
-6
-13
28
51
51
60
38
19
5
-18
-58
-39
-59
-85
-73
-59
-79
-38
-25
-36
16
5
0
-8
-4
28
4
9
-23
-3
9
-21
-24
-34
-36
-13
9
16
27
36
50
69
56
18
35
6
-14
-47
-84
-66
-41
-2
7
26
13
74
25
15
1
-37
-46
-4
-1
11
8
31
9
23
60
51
66
52
60
54
22
-7
-3
-47
-15
8
24
43
-29
-46
-55
-32
9
42
79
62
81
59
66
81
45
-2
-35
-51
-69
-66
-78
-37
-3
-10
-5
-6
7
6
10
11
-3
35
34
48
52
52
4
-9
2
-19
6
1
10
38
41
27
0
-48
-44
-43
-68
-87
-80
-45
-13
21
9
17
30
45
31
19
33
20
5
11
32
21
66
30
4
-54
-84
-114
-148
-134
-160
-101
-56
12
64
44
30
16
20
6
19
40
22
35
4
63
58
78
98
68
80
81
76
50
38
33
9
-3
-3
-17
-62
-61
-56
-72
-56
-39
-19
-5
12
13
0
10
26
72
100
63
79
88
74
73
87
98
87
90
52
66
48
1
0
-36
-51
-23
-52
-56
-52
-75
-40
-21
-1
-4
-22
-48
-19
5
42
42
26
18
1
29
58
64
44
38
11
30
11
5
-29
-47
-35
-29
-20
-25
-28
-2
5
5
36
9
30
44
13
-5
-15
-17
-23
-38
-25
-46
-57
-65
-71
-50
-64
-73
-34
-43
-39
-37
-65
-28
-16
-16
-13
-18
-8
-25
-36
-23
-12
-22
-49
-31
-10
-23
5
15
1
14
15
32
41
6
17
34
26
41
27
24
5
-32
-35
-66
-90
-94
-90
-82
-95
-87
-56
-40
-8
8
42
61
46
67
84
94
97
98
89
85
63
57
24
-36
-60
-79
-110
-108
-111
-123
-97
-69
-48
-16
4
30
44
37
41
72
81
93
104
91
88
90
83
84
60
14
-11
-35
-35
-15
-32
-41
-56
-91
-118
-125
-119
-117
-81
-61
-35
-13
23
60
75
94
119
103
106
104
79
47
28
-13
-54
-100
-104
-133
-154
-134
-138
-132
-135
-128
-116
-111
-101
-67
-35
0
15
42
52
82
96
122
145
145
149
134
145
133
108
66
54
41
22
19
2
12
5
29
36
69
113
133
165
202
245
275
303
312
328
347
358
365
352
350
352
331
315
296
283
259
241
219
203
167
160
139
114
110
83
78
74
56
25
-9
-24
-61
-90
-121
-137
-174
-225
-275
-310
-363
-407
-434
-475
-496
-520
-534
-554
-548
-547
-537
-504
-483
-456
-433
-431
-412
-413
-389
-381
-359
-340
-299
-274
-286
-240
-240
-237
-217
-214
-183
-145
-101
-41
16
91
140
192
241
276
320
375
432
473
530
564
616
668
735
824
907
1005
1062
1152
1224
1317
1418
1501
1584
1664
1747
1842
1965
2058
2018
1682
1286
821
324
-92
-579
-990
-1328
-1631
-1784
-1798
-1618
-1377
-1138
-908
-687
-474
-268
-65
93
238
323
346
411
519
616
699
733
702
620
502
366
209
28
-208
-591
-995
-1325
-1624
-1817
-1913
-1987
-1983
-1924
-1805
-1578
-1277
-951
-681
-488
-299
-160
-58
-9
-27
-95
-206
-355
-459
-503
-534
-574
-643
-677
-702
-701
-663
-607
-539
-472
-445
-417
-300
-155
-38
115
294
476
650
835
1047
1278
1445
1588
1689
1792
1894
1997
2105
2183
2275
2323
2423
2527
2661
2504
1954
1252
363
-396
-1126
-1808
-2255
-2628
-2838
-2897
-2673
-2108
-1479
-867
-320
99
440
702
880
1034
1148
1140
1045
994
987
1039
1104
1074
981
811
546
220
-101
-390
-735
-1114
-1462
-1702
-1831
-1842
-1747
-1566
-1351
-1129
-921
-671
-402
-215
-56
5
32
73
-6
-105
-207
-361
-538
-751
-886
-960
-1031
-1075
-1137
-1205
-1192
-1178
-1131
-1046
-959
-875
-853
-799
-680
-570
-420
-265
-144
-6
96
198
291
359
406
375
323
286
250
268
344
458
587
760
940
1156
1425
1694
1981
2278
2601
2909
3270
3621
3879
3620
2820
1874
684
-312
-1264
-2234
-2826
-3329
-3621
-3605
-3200
-2398
-1595
-894
-261
242
641
984
1221
1483
1652
1617
1545
1535
1608
1687
1703
1614
1358
918
417
-159
-681
-1135
-1640
-2134
-2501
-2693
-2702
-2536
-2221
-1857
-1504
-1167
-829
-405
89
484
800
1017
1053
1072
961
840
663
308
-118
-648
-1118
-1508
-1829
-2028
-2189
-2252
-2212
-2085
-1873
-1597
-1282
-1048
-879
-705
-499
-275
-34
164
314
394
427
387
369
297
168
-15
-230
-347
-410
-358
-203
-18
197
402
625
861
1131
1393
1651
1911
2171
2535
2939
3389
3903
4325
4642
4181
3058
1757
218
-983
-2145
-3249
-3872
-4315
-4441
-4136
-3415
-2212
-1185
-389
320
788
1166
1451
1668
1926
2127
2061
1993
2019
2080
2128
1966
1659
1079
235
-694
-1575
-2326
-2862
-3300
-3625
-3651
-3436
-3000
-2399
-1669
-960
-383
74
458
883
1350
1688
1916
2023
2014
1859
1605
1180
537
-94
-957
-1762
-2484
-3086
-3345
-3491
-3339
-3039
-2680
-2133
-1635
-1172
-679
-328
-107
82
268
471
671
793
848
795
627
433
118
-158
-447
-757
-990
-1142
-1088
-896
-575
-192
130
390
603
750
976
1262
1580
1934
2251
2608
3066
3535
4017
4479
4822
5003
4396
3071
1578
-205
-1648
-2909
-4006
-4523
-4805
-4731
-4294
-3465
-2212
-1094
-235
507
1012
1375
1717
1961
2298
2612
2642
2593
2560
2475
2295
1838
1136
148
-1057
-2173
-3084
-3632
-3833
-3857
-3696
-3315
-2766
-2087
-1320
-537
122
599
973
1260
1527
1909
2221
2370
2340
2193
1843
1322
647
-227
-1236
-2257
-3190
-3834
-4035
-3892
-3521
-3035
-2441
-1872
-1319
-745
-257
126
446
622
693
800
936
1024
959
781
434
-36
-483
-922
-1260
-1441
-1551
-1558
-1425
-1156
-774
-377
-16
258
412
536
690
888
1197
1610
2028
2441
2804
3143
3471
3769
4001
4125
4206
4207
3627
2401
951
-742
-2178
-3302
-4250
-4649
-4749
-4662
-4227
-3507
-2313
-1120
-159
714
1328
1770
2079
2328
2638
2974
3085
2994
2801
2512
2027
1229
317
-720
-1873
-2913
-3751
-4230
-4224
-4009
-3595
-2987
-2286
-1527
-788
-68
624
1213
1637
1941
2164
2428
2600
2589
2365
1923
1326
458
-465
-1357
-2184
-2973
-3614
-3893
-3839
-3402
-2801
-2170
-1488
-941
-507
-146
210
602
876
1031
1121
1107
1016
821
494
144
-288
-804
-1261
-1599
-1702
-1655
-1549
-1323
-1086
-830
-590
-380
-160
23
179
346
552
887
1316
1761
2245
2660
2948
3143
3196
3215
3208
3208
3262
3316
3404
3115
2122
781
-812
-2324
-3436
-4332
-4713
-4631
-4306
-3729
-2921
-1771
-509
516
1271
1793
2045
2135
2211
2361
2694
2884
2842
2602
2160
1503
581
-476
-1514
-2520
-3439
-4036
-4259
-3980
-3399
-2743
-1965
-1233
-623
-120
274
734
1176
1543
1889
2185
2462
2720
2792
2659
2299
1603
630
-536
-1641
-2498
-3116
-3529
-3676
-3480
-3142
-2604
-2056
-1552
-998
-615
-289
20
372
767
1016
1152
1162
955
623
176
-268
-672
-1037
-1288
-1409
-1346
-1163
-892
-647
-374
-194
-159
-154
-212
-210
-154
-41
182
438
783
1138
1429
1718
1901
2034
2129
2161
2229
2364
2506
2740
3125
3458
3804
3537
2450
988
-807
-2365
-3488
-4194
-4219
-3872
-3359
-2732
-2098
-1252
-450
55
424
623
713
881
1233
1887
2694
3263
3467
3293
2719
1835
656
-569
-1605
-2511
-3144
-3389
-3272
-2774
-2177
-1694
-1295
-1113
-1083
-1034
-851
-354
300
1011
1776
2425
2940
3211
3115
2699
2010
999
-93
-1156
-2028
-2530
-2728
-2752
-2740
-2683
-2624
-2601
-2437
-2180
-1822
-1304
-700
-28
594
1144
1523
1578
1405
1056
523
-23
-413
-692
-821
-820
-795
-746
-694
-638
-669
-768
-846
-933
-1012
-944
-737
-425
-69
222
462
704
958
1180
1383
1631
1848
2037
2266
2474
2720
2931
3103
3226
3299
3437
3479
3071
1954
409
-1241
-2672
-3548
-3985
-3948
-3535
-3159
-2807
-2444
-1941
-1294
-710
-109
517
1048
1622
2241
2962
3622
3988
3868
3294
2414
1315
257
-760
-1501
-2032
-2427
-2604
-2665
-2601
-2486
-2496
-2497
-2419
-2258
-1892
-1249
-297
801
1822
2646
3153
3381
3339
2994
2494
1911
1259
541
-196
-884
-1361
-1838
-2249
-2696
-3253
-3545
-3672
-3535
-2926
-2143
-1263
-374
343
889
1204
1320
1276
1066
877
679
448
329
272
198
40
-197
-535
-919
-1287
-1537
-1678
-1639
-1483
-1311
-1028
-673
-296
32
305
535
704
890
1087
1280
1550
1851
2070
2252
2409
2476
2532
2551
2580
2665
2859
2997
3070
2456
1101
-326
-1804
-2753
-3159
-3351
-3088
-2656
-2367
-2077
-1819
-1445
-1027
-736
-257
301
889
1587
2185
2741
3215
3332
3074
2508
1739
975
240
-378
-703
-975
-1245
-1574
-2005
-2312
-2630
-2935
-3057
-2940
-2541
-1888
-1013
20
1001
1711
2140
2335
2387
2375
2208
2045
1883
1638
1285
754
144
-550
-1386
-2277
-2955
-3439
-3586
-3387
-3130
-2642
-2129
-1652
-1190
-807
-360
-39
265
647
971
1228
1397
1360
1172
826
342
-112
-521
-779
-931
-1037
-1027
-1029
-1022
-1003
-996
-978
-952
-890
-778
-646
-475
-213
116
533
957
1343
1721
2050
2299
2523
2649
2704
2748
2823
2913
3043
3249
3429
3367
2413
943
-483
-1722
-2320
-2623
-2732
-2639
-2689
-2839
-2916
-2791
-2546
-2267
-1892
-1107
-124
915
1986
2703
3225
3413
3298
3170
2896
2551
2090
1441
868
367
-150
-723
-1439
-2269
-3005
-3600
-3842
-3623
-3137
-2578
-2066
-1526
-931
-352
246
843
1435
1962
2391
2745
3056
3175
2932
2418
1573
674
-134
-846
-1348
-1773
-2162
-2573
-2930
-3164
-3290
-3248
-3103
-2800
-2334
-1689
-1006
-431
160
538
786
1001
1218
1421
1518
1573
1468
1208
892
482
0
-471
-915
-1298
-1499
-1589
-1591
-1525
-1441
-1336
-1256
-1082
-807
-454
-25
434
878
1317
1761
2163
2534
2875
3193
3472
3702
3941
4121
4263
4372
3951
2786
1341
-103
-1285
-2012
-2517
-2793
-2980
-3293
-3596
-3785
-3664
-3369
-3039
-2490
-1569
-474
659
1697
2343
2758
2975
3069
3216
3338
3477
3367
2953
2403
1735
984
134
-706
-1537
-2276
-2930
-3284
-3320
-3250
-3173
-3130
-2974
-2633
-2154
-1461
-650
142
833
1345
1759
2095
2324
2491
2509
2367
2147
1832
1473
1016
429
-367
-1172
-1896
-2442
-2654
-2738
-2694
-2650
-2558
-2427
-2294
-2058
-1754
-1363
-935
-483
-27
401
738
980
1085
1033
983
911
821
767
656
497
313
90
-111
-316
-510
-740
-954
-1106
-1184
-1157
-1069
-919
-699
-398
-26
440
981
1534
2047
2572
3033
3400
3746
4062
4295
4549
4321
3462
2405
1424
847
396
-130
-620
-1230
-1894
-2571
-3243
-3638
-3793
-3779
-3392
-2757
-2146
-1553
-1102
-628
5
548
1141
1638
2044
2526
2868
3022
3077
2970
2647
2251
1830
1472
1101
545
-131
-758
-1396
-1972
-2485
-2873
-3057
-3129
-3093
-2903
-2670
-2431
-2166
-1852
-1381
-850
-288
173
543
915
1244
1508
1710
1802
1840
1806
1674
1498
1204
837
328
-202
-640
-1053
-1481
-1883
-2251
-2466
-2515
-2497
-2349
-2133
-1907
-1641
-1325
-927
-487
-116
244
597
891
1161
1303
1328
1263
1100
867
626
379
136
-86
-285
-396
-443
-483
-529
-476
-383
-197
76
342
675
1023
1373
1775
2182
2576
2938
3242
3286
2957
2475
2000
1744
1565
1259
891
410
-63
-445
-840
-1213
-1580
-1923
-2159
-2134
-2096
-2072
-2053
-2022
-1806
-1500
-1109
-765
-481
-128
272
716
1175
1463
1634
1677
1675
1693
1705
1643
1526
1388
1185
960
617
170
-291
-754
-1089
-1294
-1413
-1577
-1744
-1857
-1890
-1845
-1778
-1711
-1668
-1584
-1456
-1212
-831
-474
-148
68
171
328
420
532
662
726
791
766
670
509
320
90
-26
-115
-236
-356
-514
-652
-779
-881
-931
-987
-1057
-1120
-1123
-1065
-984
-868
-736
-617
-485
-378
-297
-207
-103
45
256
506
766
968
1156
1305
1444
1579
1686
1752
1758
1743
1729
1804
1864
2016
2159
2058
1759
1486
1322
1313
1263
989
635
282
-35
-271
-503
-833
-1167
-1503
-1671
-1742
-1832
-1933
-1993
-1901
-1664
-1393
-1179
-1012
-837
-532
-136
274
643
904
1008
1119
1257
1383
1456
1412
1339
1262
1140
963
734
469
245
109
21
-131
-356
-667
-982
-1229
-1394
-1526
-1649
-1758
-1815
-1770
-1648
-1431
-1211
-1028
-881
-748
-639
-492
-331
-152
72
266
428
522
534
553
565
582
599
563
468
320
165
-18
-167
-328
-483
-646
-767
-882
-1005
-1079
-1145
-1126
-1123
-1089
-1053
-966
-817
-608
-296
39
358
636
901
1093
1266
1425
1587
1706
1800
1831
1857
1889
1925
2021
2168
2121
1859
1630
1493
1489
1501
1286
975
695
434
236
-12
-349
-703
-972
-1137
-1209
-1337
-1523
-1697
-1804
-1759
-1713
-1726
-1789
-1829
-1689
-1432
-1173
-960
-767
-576
-329
16
395
725
980
1211
1517
1718
1840
1911
1916
1938
1954
1887
1719
1411
973
529
133
-242
-628
-1031
-1397
-1671
-1876
-2101
-2331
-2485
-2538
-2487
-2380
-2213
-1997
-1690
-1275
-823
-420
-103
120
306
517
754
931
1025
1050
1033
970
845
680
440
208
-29
-235
-422
-594
-735
-791
-787
-733
-665
-631
-567
-467
-304
-109
118
316
510
691
825
925
964
1018
1097
1189
1248
1282
1250
1251
1295
1398
1337
1184
1151
1135
1212
1186
1061
935
828
802
790
748
597
386
184
47
-96
-333
-567
-797
-986
-1143
-1333
-1568
-1751
-1857
-1851
-1820
-1782
-1741
-1691
-1556
-1330
-1039
-758
-490
-231
57
389
692
989
1254
1485
1697
1812
1911
1925
1894
1841
1730
1570
1312
1002
609
190
-229
-582
-889
-1229
-1557
-1834
-2039
-2100
-2128
-2072
-1957
-1820
-1641
-1440
-1206
-930
-637
-385
-118
90
228
315
323
319
295
244
178
96
54
23
34
79
92
89
37
-29
-86
-100
-62
-18
76
157
243
317
341
404
505
579
629
599
588
605
706
899
1046
1087
1055
1056
1140
1167
1050
997
962
1009
1029
933
830
705
618
612
595
522
322
87
-59
-113
-108
-145
-217
-321
-418
-517
-633
-756
-875
-909
-961
-1033
-1105
-1189
-1290
-1323
-1205
-1083
-985
-917
-839
-644
-434
-157
121
378
617
849
1107
1377
1620
1774
1862
1822
1660
1421
1126
810
523
278
47
-217
-492
-774
-1027
-1205
-1331
-1416
-1488
-1518
-1538
-1519
-1426
-1310
-1149
-998
-875
-711
-554
-431
-317
-228
-151
-59
-11
0
12
4
13
26
34
39
0
-17
-9
54
119
150
172
188
160
122
136
158
242
329
449
556
620
688
739
821
907
980
1047
1080
1137
1242
1295
1264
1158
1067
997
892
738
545
388
269
258
303
327
289
190
132
112
91
61
-9
-94
-171
-237
-287
-359
-454
-580
-711
-840
-984
-1150
-1312
-1425
-1461
-1392
-1286
-1157
-1015
-832
-619
-384
-122
126
363
565
769
970
1131
1230
1270
1264
1204
1097
1007
872
711
527
357
200
-11
-252
-500
-680
-816
-898
-944
-996
-1056
-1110
-1124
-1120
-1103
-1064
-1026
-1013
-966
-909
-853
-798
-766
-719
-631
-550
-447
-309
-183
-48
90
213
298
336
334
360
425
465
482
453
384
314
247
168
67
10
-48
-67
-35
25
104
162
210
319
457
605
738
850
946
1037
1151
1199
1237
1304
1349
1357
1353
1263
1134
1032
929
859
722
545
342
147
-2
-127
-241
-407
-589
-741
-871
-954
-1000
-1060
-1069
-1065
-1031
-979
-924
-870
-790
-651
-483
-346
-255
-175
-113
-21
85
211
344
412
439
460
472
484
489
461
379
310
248
215
194
179
179
213
206
203
167
99
88
35
-17
-103
-232
-419
-590
-735
-860
-942
-1034
-1109
-1194
-1254
-1252
-1213
-1134
-1042
-912
-781
-656
-469
-308
-151
-13
139
268
330
369
365
363
344
348
329
281
238
195
192
200
228
237
212
210
241
296
359
428
453
494
568
665
751
805
856
879
892
867
838
820
849
913
934
911
847
763
695
724
710
626
465
267
105
-20
-98
-153
-248
-369
-473
-584
-663
-716
-781
-847
-866
-906
-919
-888
-848
-757
-688
-572
-499
-456
-397
-340
-232
-100
36
92
121
88
95
148
223
315
400
471
505
545
562
574
533
512
444
354
264
174
105
50
-36
-153
-312
-484
-643
-766
-828
-879
-907
-938
-994
-1018
-964
-908
-851
-813
-774
-721
-658
-573
-457
-344
-250
-146
-34
75
168
241
301
329
374
419
434
463
479
486
491
500
455
355
240
137
70
40
44
54
102
111
121
187
291
420
538
633
732
831
910
1011
1119
1177
1180
1108
965
833
715
608
538
410
200
-45
-269
-399
-455
-461
-496
-599
-684
-730
-736
-668
-603
-554
-531
-538
-531
-486
-438
-381
-343
-302
-315
-370
-427
-468
-484
-492
-449
-410
-369
-294
-201
-76
62
205
328
423
488
578
655
735
829
910
910
784
614
431
263
102
-26
-216
-426
-623
-765
-880
-941
-1009
-1102
-1186
-1207
-1165
-1090
-971
-852
-733
-623
-483
-358
-215
-98
0
60
152
241
300
345
372
398
399
379
314
226
128
54
1
-43
-98
-140
-174
-220
-209
-206
-205
-169
-89
-2
122
287
410
568
717
852
999
1090
1116
1078
1013
969
945
933
883
738
580
405
314
254
219
126
-23
-155
-279
-295
-275
-271
-290
-382
-446
-452
-388
-277
-216
-179
-210
-260
-301
-298
-280
-283
-345
-427
-474
-490
-456
-402
-328
-276
-225
-178
-109
-46
23
120
206
313
376
411
404
397
414
423
438
396
329
234
166
133
101
69
-36
-170
-270
-365
-453
-520
-578
-646
-714
-789
-828
-851
-848
-842
-813
-770
-701
-597
-505
-391
-259
-136
-15
92
189
259
300
352
367
380
369
333
263
189
136
75
42
12
-13
-40
-56
-35
-24
7
90
155
229
306
398
472
565
691
813
939
1030
1072
1056
1048
1017
995
927
785
624
446
356
314
244
125
-26
-175
-262
-261
-235
-195
-186
-235
-277
-301
-292
-235
-226
-250
-307
-374
-386
-397
-329
-296
-330
-362
-406
-418
-425
-381
-352
-298
-285
-221
-146
-85
5
91
163
213
241
242
284
312
339
333
305
264
174
88
3
-123
-207
-308
-398
-506
-611
-683
-740
-759
-788
-799
-796
-757
-728
-657
-561
-449
-320
-237
-174
-114
-37
23
62
98
95
79
78
69
86
97
89
91
70
57
66
75
59
68
89
105
122
178
240
293
353
380
391
373
344
335
324
326
321
312
329
336
349
334
332
354
392
466
541
592
588
573
592
571
585
594
581
539
441
370
297
186
46
-129
-291
-423
-537
-582
-594
-612
-675
-739
-766
-782
-750
-707
-629
-566
-475
-388
-278
-163
-77
-23
-1
2
5
43
29
12
-10
-26
-42
-72
-104
-140
-205
-271
-314
-340
-337
-351
-368
-367
-339
-333
-319
-292
-274
-249
-245
-207
-170
-115
-118
-149
-189
-228
-276
-305
-300
-288
-264
-272
-255
-210
-186
-136
-98
-72
-39
7
83
155
257
336
391
450
486
496
494
468
422
335
271
182
129
108
38
6
19
15
25
63
75
118
167
230
314
399
483
560
643
738
797
817
816
746
703
672
654
617
549
459
318
206
93
-10
-107
-221
-323
-396
-463
-489
-511
-537
-535
-530
-496
-459
-356
-288
-252
-203
-181
-176
-145
-129
-110
-85
-72
-48
-57
-69
-93
-124
-149
-168
-176
-170
-161
-160
-128
-107
-113
-103
-116
-130
-150
-181
-198
-237
-254
-270
-281
-289
-303
-272
-244
-239
-227
-227
-211
-210
-214
-206
-193
-154
-122
-88
-38
0
46
91
143
175
222
293
354
411
472
504
509
489
441
403
358
339
308
274
218
156
88
51
35
4
20
23
91
146
219
305
367
429
492
566
634
702
750
787
779
771
744
675
587
477
345
207
76
-44
-185
-302
-417
-525
-617
-672
-687
-694
-694
-688
-640
-582
-497
-383
-292
-158
-73
-13
47
96
148
162
155
142
121
90
89
85
54
-1
-46
-110
-153
-199
-224
-257
-309
-324
-347
-361
-365
-359
-357
-349
-315
-309
-275
-240
-235
-233
-244
-217
-197
-179
-163
-181
-194
-205
-195
-178
-160
-120
-77
-36
12
61
110
167
213
284
347
395
453
498
556
570
575
573
508
505
450
401
354
279
232
140
72
12
-44
-50
-63
-43
16
47
95
154
244
320
401
461
520
564
596
622
615
608
587
554
506
426
347
241
119
20
-90
-192
-275
-363
-432
-481
-508
-518
-485
-466
-481
-454
-431
-413
-365
-312
-273
-237
-193
-112
-55
-4
59
92
105
100
104
126
110
122
129
103
91
62
17
-35
-80
-148
-242
-315
-394
-484
-539
-595
-640
-647
-632
-600
-566
-531
-486
-415
-329
-245
-150
-44
65
158
231
297
342
363
366
370
369
366
330
297
269
232
223
229
234
250
283
270
315
348
370
411
434
495
544
625
661
706
763
786
778
785
774
745
720
675
614
523
414
307
194
79
-28
-142
-196
-270
-331
-363
-386
-404
-426
-431
-439
-400
-380
-333
-288
-234
-141
-88
-37
24
51
50
34
16
3
-20
-39
-72
-129
-174
-227
-252
-281
-295
-300
-295
-266
-197
-142
-112
-64
-13
13
38
34
38
33
28
-15
-61
-110
-168
-210
-281
-348
-416
-460
-486
-506
-493
-462
-410
-342
-258
-139
-68
46
140
233
325
380
436
481
493
513
504
468
448
396
335
289
227
193
132
115
124
136
177
196
228
272
313
368
423
471
541
577
629
674
679
694
676
641
595
552
502
421
337
269
196
120
64
-7
-57
-99
-128
-145
-171
-192
-209
-233
-256
-262
-266
-266
-263
-270
-254
-255
-242
-223
-223
-220
-248
-237
-246
-239
-227
-235
-241
-257
-284
-306
-321
-341
-345
-323
-323
-299
-258
-229
-206
-188
-169
-196
-190
-191
-197
-204
-210
-210
-206
-193
-194
-211
-223
-245
-256
-257
-267
-244
-236
-195
-133
-70
-5
43
97
149
178
230
253
273
309
322
316
311
297
258
231
244
267
288
328
366
424
502
582
641
698
763
838
898
933
981
997
974
938
861
741
605
440
275
103
-66
-231
-359
-456
-552
-592
-635
-635
-622
-593
-553
-510
-444
-387
-299
-233
-153
-82
-30
34
60
70
74
63
27
-16
-69
-140
-214
-283
-321
-367
-435
-470
-511
-526
-534
-535
-533
-524
-523
-516
-493
-479
-449
-425
-362
-324
-272
-195
-130
-70
-10
24
67
107
126
154
169
186
172
174
144
111
95
67
58
25
59
69
87
130
172
207
252
289
306
336
349
377
418
439
482
494
494
490
471
449
416
421
416
435
465
490
537
598
630
655
671
678
689
672
620
569
479
388
285
166
61
-83
-167
-268
-372
-418
-484
-526
-546
-559
-578
-548
-512
-472
-414
-344
-267
-187
-123
-64
-26
2
2
-17
-13
-43
-96
-141
-184
-224
-289
-335
-370
-419
-443
-464
-491
-504
-498
-495
-493
-477
-497
-496
-463
-446
-402
-385
-363
-311
-264
-221
-175
-113
-67
-23
-5
40
72
92
133
183
230
258
290
326
350
350
347
370
379
391
414
427
442
462
499
504
517
517
536
561
554
587
585
597
595
588
557
516
496
454
429
400
387
357
353
351
327
341
312
281
266
247
198
141
98
42
-19
-67
-118
-187
-267
-339
-400
-468
-508
-538
-553
-578
-588
-584
-578
-553
-526
-488
-442
-379
-333
-290
-244
-222
-189
-189
-196
-205
-248
-269
-309
-350
-368
-414
-436
-463
-479
-484
-481
-465
-458
-457
-399
-370
-336
-269
-248
-186
-145
-124
-88
-59
-41
-21
5
50
98
126
177
224
276
307
360
385
400
432
447
474
485
496
513
529
544
563
565
602
638
667
709
733
771
778
778
774
777
745
703
673
623
570
506
389
298
213
123
49
-9
-57
-121
-155
-183
-212
-201
-212
-218
-209
-204
-180
-193
-177
-194
-199
-227
-272
-302
-354
-372
-400
-406
-433
-463
-464
-508
-509
-499
-501
-527
-551
-571
-569
-554
-570
-557
-557
-562
-561
-531
-518
-485
-433
-386
-317
-260
-209
-142
-85
-42
11
53
96
124
131
159
164
175
186
191
219
221
236
228
234
228
247
257
266
281
317
355
373
416
445
496
529
569
597
643
691
721
750
764
774
787
780
766
745
682
638
580
530
481
419
349
265
205
160
89
39
5
-30
-57
-90
-116
-152
-173
-189
-219
-254
-290
-322
-343
-378
-436
-468
-508
-552
-584
-603
-602
-612
-625
-603
-590
-572
-529
-513
-495
-453
-408
-385
-350
-317
-289
-286
-274
-270
-275
-285
-298
-306
-315
-312
-313
-322
-344
-350
-379
-396
-386
-383
-345
-302
-257
-203
-148
-92
-3
99
209
305
397
510
606
696
784
850
894
933
944
925
885
848
801
762
695
652
627
574
550
529
527
525
530
526
529
569
561
551
549
537
519
459
413
343
249
162
90
-14
-91
-167
-238
-268
-302
-319
-348
-351
-375
-386
-394
-411
-415
-432
-449
-460
-463
-488
-504
-512
-519
-540
-535
-526
-548
-539
-532
-528
-526
-517
-522
-528
-547
-535
-530
-519
-499
-492
-494
-475
-422
-395
-341
-299
-233
-175
-105
-43
17
74
142
192
227
281
300
316
347
346
348
353
337
311
311
326
338
365
370
399
432
469
506
539
575
603
647
683
714
751
756
764
768
765
758
710
693
670
639
608
531
484
405
324
246
180
124
66
19
-44
-87
-134
-174
-213
-244
-283
-307
-348
-388
-415
-415
-408
-434
-446
-454
-471
-478
-474
-470
-478
-507
-528
-522
-529
-544
-529
-511
-502
-496
-477
-459
-453
-423
-422
-412
-386
-352
-337
-312
-286
-253
-217
-206
-183
-174
-136
-125
-78
-67
-38
11
50
82
117
157
176
202
234
299
319
364
409
464
534
577
635
682
717
749
760
764
775
761
738
728
701
680
650
603
549
513
463
413
350
290
262
215
192
168
136
112
76
40
11
-17
-50
-82
-99
-99
-117
-137
-171
-181
-197
-224
-263
-268
-283
-299
-287
-282
-288
-305
-316
-332
-364
-367
-373
-379
-370
-374
-386
-396
-390
-396
-384
-393
-406
-395
-392
-379
-379
-344
-331
-307
-269
-273
-251
-240
-216
-173
-162
-132
-86
-54
-10
28
63
120
160
206
256
291
317
355
374
378
382
402
421
433
436
448
438
425
424
394
384
364
344
340
349
354
391
412
414
431
456
474
468
469
469
439
406
394
369
322
299
256
213
164
124
89
37
-15
-68
-97
-144
-190
-207
-232
-263
-293
-337
-373
-432
-454
-468
-482
-492
-483
-455
-434
-425
-409
-381
-370
-341
-313
-281
-255
-220
-213
-203
-169
-175
-157
-145
-156
-161
-158
-142
-163
-164
-184
-195
-186
-182
-187
-175
-139
-130
-81
-54
-23
15
47
106
158
208
239
267
328
354
390
399
387
393
387
390
375
373
356
355
355
348
345
337
340
338
344
333
347
338
339
344
316
309
286
264
252
258
250
245
220
215
176
128
102
70
39
-9
-31
-60
-77
-98
-115
-133
-144
-163
-158
-135
-133
-121
-103
-92
-103
-86
-97
-110
-102
-112
-126
-135
-159
-189
-229
-270
-330
-382
-422
-452
-470
-487
-487
-493
-485
-476
-461
-422
-373
-339
-284
-211
-134
-74
-7
49
107
145
175
187
204
218
228
237
215
207
167
149
147
129
125
121
126
135
150
171
192
217
240
281
326
366
394
425
453
483
471
465
458
422
412
397
356
333
314
251
218
167
123
72
17
-8
-25
-36
-63
-50
-54
-65
-55
-34
-28
-20
-1
-9
16
12
31
55
40
30
14
-9
-44
-88
-108
-160
-191
-214
-260
-262
-281
-290
-283
-282
-268
-246
-217
-192
-154
-132
-94
-66
-30
-6
21
29
38
35
1
-17
-24
-50
-82
-94
-123
-151
-167
-165
-199
-208
-187
-167
-137
-82
-23
33
78
121
146
174
228
264
297
338
383
403
406
409
400
377
344
343
322
289
284
282
262
241
222
172
167
151
127
118
138
149
164
175
195
199
207
224
214
238
229
195
189
188
139
109
64
38
-6
-43
-78
-108
-128
-166
-190
-213
-211
-217
-223
-196
-185
-157
-139
-118
-107
-111
-96
-90
-96
-89
-95
-105
-101
-105
-99
-116
-99
-97
-128
-124
-129
-142
-148
-153
-134
-117
-94
-69
-50
-25
11
34
76
114
139
156
175
188
180
199
171
183
169
143
102
87
83
47
58
44
48
36
49
48
47
66
68
86
109
143
164
193
214
255
257
264
278
278
272
264
275
254
251
225
214
199
163
127
85
46
18
1
-27
-15
-18
5
-13
4
-9
-22
17
11
22
25
54
44
51
57
34
32
5
-18
-34
-63
-76
-93
-112
-122
-136
-146
-148
-162
-154
-155
-151
-149
-160
-155
-141
-119
-122
-128
-120
-89
-100
-96
-86
-76
-49
-46
-35
-46
-23
-13
-20
-16
-28
0
11
17
58
72
72
105
144
147
164
192
200
222
228
225
229
227
217
183
183
161
140
117
109
71
66
65
40
27
20
15
11
27
21
29
24
34
45
50
77
63
78
74
71
83
71
79
70
78
80
55
52
40
30
15
23
13
16
22
-4
14
-6
-17
-24
-30
-39
-48
-37
-40
-24
-16
-6
-4
-4
4
5
13
28
17
34
54
28
19
-8
-18
-36
-41
-62
-64
-81
-91
-72
-84
-70
-66
-46
-45
-60
-58
-53
-53
-55
-36
-42
-37
-26
-26
-5
13
18
-5
11
14
22
29
50
66
85
117
127
149
176
198
215
240
251
268
278
267
271
267
241
215
193
159
135
108
90
52
42
19
-6
-30
-44
-70
-86
-60
-67
-58
-41
-37
-39
-27
-37
-19
-16
-14
3
5
30
33
42
50
52
50
53
50
60
60
42
41
32
32
31
10
-3
8
-14
-17
-23
-17
-7
5
5
12
25
12
9
25
34
43
40
29
40
31
18
9
-4
-11
-31
-31
-22
-8
-6
5
19
11
25
7
1
2
-1
8
9
6
21
30
0
-18
-9
-21
-42
-60
-68
-57
-64
-51
-43
-33
-9
19
20
55
78
96
125
128
159
177
181
177
148
159
154
135
137
103
89
77
64
48
44
19
0
8
-11
-17
-27
-38
-53
-57
-47
-47
-61
-66
-53
-59
-68
-65
-66
-71
-57
-56
-46
-40
-52
-15
-24
-19
1
-17
0
-2
7
-1
-1
-18
-13
-1
-34
-20
-15
-9
-14
-7
-28
-4
-9
-9
-7
-6
8
3
20
26
27
14
34
36
27
39
38
33
57
72
66
80
77
59
50
60
59
47
42
33
48
27
25
16
10
-19
-22
-12
-16
-24
-25
-23
-21
-21
-20
1
-3
25
39
55
57
81
76
83
87
70
83
75
65
57
59
61
55
63
63
34
39
43
40
41
52
60
44
42
33
47
31
22
3
-6
-20
-32
-34
-53
-53
-56
-51
-59
-72
-71
-79
-86
-61
-44
-51
-62
-65
-52
-69
-56
-49
-62
-42
-48
-45
-45
-34
-29
-35
-14
-3
18
27
49
57
76
90
84
81
64
78
76
70
40
46
51
38
25
20
12
2
-6
-10
-3
6
29
45
52
74
94
115
130
138
142
132
142
111
105
102
84
88
59
52
44
44
28
17
17
9
-6
-3
-4
20
9
9
21
18
26
19
17
29
40
31
43
45
37
40
22
3
7
2
12
-8
-1
2
-11
5
-1
-11
-2
0
2
4
-5
17
15
17
12
0
5
6
7
-16
-11
-22
-48
-48
-64
-75
-87
-98
-98
-103
-101
-104
-107
-68
-48
-36
12
25
41
58
76
105
132
154
142
151
164
164
163
149
120
118
95
79
59
26
23
10
1
6
14
8
39
59
81
81
101
124
122
137
141
150
157
148
144
141
132
129
128
89
77
51
33
16
19
10
-12
-11
-17
-5
-11
-1
3
16
11
20
21
31
54
43
42
36
35
24
22
-3
-2
-18
-34
-44
-48
-37
-38
-30
-37
-40
-25
-22
-22
-16
-12
3
28
22
31
41
48
65
65
61
61
60
54
53
61
44
39
53
24
35
24
22
-3
-3
3
-3
5
5
22
28
48
54
82
103
128
141
157
188
199
200
194
184
176
159
155
141
130
111
98
89
73
64
55
53
51
58
49
47
39
47
62
77
73
78
74
77
87
71
68
68
40
35
33
11
-6
-18
-27
-49
-57
-71
-76
-101
-102
-93
-88
-89
-80
-73
-60
-36
-30
-13
1
2
12
12
23
22
18
3
25
16
4
14
-3
-4
-23
-15
-6
-16
-20
-17
-21
-22
-14
-15
-7
-22
-23
0
6
20
33
57
62
81
93
89
109
113
120
130
116
119
121
111
100
107
106
91
77
69
47
20
25
23
18
4
11
27
34
26
39
61
64
61
78
78
83
84
82
71
58
52
60
55
29
25
22
23
2
-6
-24
-30
-36
-59
-56
-55
-44
-38
-37
-41
-25
-6
-31
-16
-24
-24
-26
-24
-25
-28
-2
-17
-21
3
-4
4
9
-1
-4
-8
3
3
10
4
14
23
18
21
15
8
14
3
-5
4
-18
-25
-19
-7
0
-1
21
34
37
31
23
32
18
10
18
26
26
25
5
1
17
18
18
6
14
15
34
47
42
79
82
88
100
95
111
104
73
83
79
65
58
59
59
48
42
26
21
10
18
11
14
10
-7
11
9
-11
-11
2
-3
-21
-30
-35
-30
-25
-53
-51
-61
-48
-64
-60
-58
-79
-70
-75
-74
-81
-71
-53
-54
-73
-83
-82
-86
-88
-86
-82
-74
-74
-55
-58
-63
-56
-52
-57
-42
-29
-30
-1
-1
2
10
28
21
18
23
17
4
-5
-6
-20
-21
-24
-23
-28
-17
-17
-12
6
15
23
25
32
32
44
52
45
37
44
37
52
36
16
25
1
-7
-21
-14
-10
-29
-20
-39
-47
-21
-23
-31
-19
-13
-6
8
14
20
20
29
36
33
57
66
68
59
64
61
58
64
61
44
43
12
-16
-16
-32
-40
-53
-74
-72
-96
-95
-95
-108
-104
-118
-98
-91
-93
-69
-56
-42
-25
-11
2
-5
26
41
32
42
43
26
37
3
4
-19
-20
-22
-39
-35
-46
-53
-50
-32
-29
-9
-11
7
15
30
35
56
60
64
82
68
80
89
85
70
82
68
63
52
57
58
68
65
53
68
55
65
60
60
59
82
67
58
59
46
35
27
11
-1
6
-15
-22
-37
-37
-42
-42
-51
-59
-43
-48
-34
-35
-30
-24
-38
-12
-6
11
3
18
20
10
35
25
31
42
52
30
19
14
-3
-11
-15
-8
-16
-28
-34
-39
-50
-54
-56
-59
-64
-49
-52
-57
-61
-52
-39
-37
-34
-17
-10
-12
-17
-8
4
18
17
3
11
2
12
25
26
50
57
47
60
70
81
78
83
86
84
83
81
78
85
89
86
83
108
98
81
86
61
63
64
78
64
80
82
92
110
104
105
101
103
98
91
79
80
87
60
48
53
39
23
0
-19
-30
-47
-60
-56
-61
-76
-77
-86
-86
-84
-74
-88
-58
-59
-47
-31
-49
-46
-28
-14
-3
16
10
11
20
26
6
20
18
22
23
14
-1
-2
-4
-11
-17
-21
-7
7
-2
-2
6
10
6
6
1
2
12
20
16
10
5
1
-17
-3
7
7
22
14
34
25
46
50
55
45
37
58
60
66
73
83
80
85
88
93
109
116
85
76
86
96
80
57
75
73
72
61
64
29
31
27
20
55
41
54
21
33
46
23
20
22
27
13
13
2
5
8
6
-1
13
8
-2
8
-8
-9
-11
-22
-31
-40
-53
-68
-70
-79
-92
-100
-96
-94
-111
-110
-83
-94
-77
-49
-39
4
4
36
74
70
94
87
98
106
121
126
118
123
123
121
103
103
109
99
91
69
75
61
69
78
58
73
72
69
78
91
100
119
127
104
131
150
144
147
136
144
124
144
139
124
110
103
90
89
98
81
68
61
51
43
36
31
32
42
48
37
48
58
64
55
53
57
60
61
52
42
29
11
3
-16
-27
-39
-64
-65
-62
-57
-74
-57
-46
-37
-33
-12
-6
-6
-2
2
26
38
56
44
33
51
35
26
22
0
8
-3
-14
-19
-32
-45
-43
-43
-26
-12
-7
9
4
47
52
56
72
87
118
111
124
125
138
162
166
175
167
147
150
135
137
141
123
142
129
131
124
108
114
94
120
123
96
99
85
79
85
91
93
84
95
89
93
74
72
84
85
61
45
45
30
41
25
16
13
21
5
-4
-12
-8
-3
-6
0
-8
-12
-3
-13
-28
-39
-39
-46
-35
-51
-51
-56
-71
-62
-58
-58
-66
-54
-50
-50
-32
-35
-14
-6
4
-2
-4
5
14
33
19
38
48
56
62
60
55
56
55
53
40
50
51
54
51
59
70
65
70
70
79
80
87
82
89
79
102
100
99
129
105
107
102
98
80
99
84
93
96
90
95
105
106
98
90
103
100
90
92
72
89
49
65
49
29
19
-20
-16
-34
-42
-65
-69
-63
-74
-80
-79
-79
-79
-76
-80
-64
-71
-64
-56
-40
-30
-20
-12
-25
-18
-12
-7
-7
4
-2
3
-3
-18
-34
-23
-33
-32
-16
-32
-32
-50
-51
-46
-50
-37
-18
-13
0
13
2
29
44
62
89
92
88
106
122
124
149
152
171
168
154
135
135
124
121
108
109
95
87
115
97
99
94
93
96
89
80
94
84
78
87
95
78
67
65
64
73
55
59
52
49
46
37
40
50
29
26
41
12
18
-1
-2
-8
-18
-21
-40
-53
-65
-67
-80
-74
-79
-69
-87
-77
-80
-83
-89
-81
-75
-89
-76
-72
-65
-68
-47
-41
-40
-30
-17
-3
2
4
15
19
34
33
38
52
66
76
78
81
82
95
98
88
84
84
73
90
86
85
89
92
112
97
95
99
81
87
95
108
116
116
117
129
124
139
151
150
132
137
136
131
122
115
101
101
99
90
76
79
64
53
44
11
9
-6
-10
-22
-15
-20
-28
-29
-40
-52
-40
-63
-79
-90
-75
-75
-70
-66
-76
-62
-62
-56
-54
-70
-80
-58
-73
-74
-67
-66
-81
-79
-80
-94
-105
-106
-101
-86
-102
-107
-89
-81
-72
-79
-53
-53
-37
-22
-13
-1
1
35
30
53
49
58
76
41
57
60
78
85
86
102
104
122
122
118
131
130
134
148
147
135
128
128
120
108
96
76
64
41
42
44
35
42
21
7
4
7
-8
2
-6
-17
-7
-14
-25
-35
-16
-24
-13
-16
-10
-6
-34
-33
-30
-43
-43
-53
-67
-71
-91
-96
-101
-123
-121
-119
-146
-146
-145
-155
-160
-146
-142
-141
-132
-140
-121
-127
-107
-108
-104
-93
-101
-72
-77
-67
-76
-62
-59
-48
-36
-45
-32
-28
-35
-28
-24
-21
-26
-6
9
-9
-8
21
30
23
28
36
40
53
44
50
43
35
43
44
42
44
47
36
46
38
38
48
34
30
29
38
46
55
54
43
40
25
33
5
10
-4
-9
-17
-47
-48
-73
-83
-100
-114
-121
-124
-135
-132
-146
-152
-169
-164
-149
-158
-156
-164
-153
-160
-155
-135
-127
-141
-142
-145
-134
-121
-120
-121
-122
-108
-115
-110
-113
-104
-108
-92
-94
-103
-98
-110
-101
-107
-86
-81
-70
-71
-54
-47
-46
-39
-25
-12
2
12
-6
0
20
12
14
28
17
40
31
34
26
30
35
43
44
46
39
55
48
57
68
64
71
67
60
54
36
34
20
7
17
11
1
-17
-14
-30
-32
-47
-41
-39
-45
-50
-41
-43
-49
-40
-44
-46
-51
-37
-48
-53
-53
-69
-73
-79
-81
-108
-91
-110
-124
-109
-132
-146
-142
-144
-144
-139
-149
-148
-151
-152
-155
-135
-139
-136
-130
-130
-109
-112
-100
-82
-61
-63
-69
-46
-53
-47
-34
-22
-18
-13
-14
-7
-4
8
-3
-6
17
16
23
9
3
18
48
61
58
47
71
76
74
96
79
87
85
87
90
83
87
84
85
71
80
82
49
58
71
35
47
30
23
21
8
3
9
2
-5
-16
-33
-40
-37
-39
-47
-60
-62
-73
-78
-68
-82
-78
-77
-79
-84
-83
-107
-102
-105
-98
-91
-89
-80
-81
-77
-93
-83
-89
-87
-79
-81
-75
-82
-90
-75
-82
-95
-79
-70
-65
-61
-60
-66
-78
-68
-61
-59
-66
-61
-46
-32
-36
-34
-37
-30
-26
-32
-22
-4
7
7
16
-1
20
31
30
42
45
58
55
56
49
56
56
52
47
32
46
55
54
40
37
49
54
38
46
39
34
41
29
24
5
29
18
-15
-5
-13
-18
-16
-14
-18
-23
-28
-16
-22
-29
-28
-29
-36
-48
-45
-35
-56
-59
-60
-87
-75
-80
-91
-94
-95
-80
-86
-82
-75
-72
-64
-58
-62
-48
-37
-20
-31
-16
-12
-30
-18
-12
-10
-15
-12
4
7
4
3
-2
11
8
36
35
51
67
66
70
62
82
74
77
74
63
77
63
71
67
65
57
63
63
43
47
31
41
20
19
33
33
29
52
46
41
48
37
48
44
42
42
38
50
47
25
24
24
23
17
14
4
5
5
-9
-13
-13
-30
-33
-39
-43
-25
-32
-30
-27
-39
-31
-23
-33
-22
-36
-47
-42
-38
-24
-26
-30
-9
-13
-19
-20
-33
-24
-36
-24
-34
-25
-27
-24
-28
-18
-15
-24
-6
-15
-1
-4
-2
-3
11
11
15
14
33
22
21
48
33
40
57
59
58
64
68
73
75
75
72
83
72
73
84
66
73
75
65
78
62
54
53
37
26
33
20
32
36
14
24
2
-3
5
10
12
10
13
9
8
1
-4
7
9
-4
-5
-1
0
-9
5
-7
-29
-23
-27
-12
-19
-22
-17
-35
-29
-29
-29
-42
-41
-47
-43
-40
-69
-67
-59
-51
-73
-67
-64
-70
-55
-54
-33
-21
-24
-9
0
-1
-8
-11
15
18
28
21
16
26
12
20
24
24
14
8
13
17
24
-3
3
-2
10
11
5
13
19
21
29
42
43
42
50
56
65
57
51
52
56
54
37
48
46
56
35
44
28
33
16
5
22
9
16
8
21
13
7
0
9
12
-1
6
-11
-11
-10
-14
-29
-29
-28
-28
-9
-22
-20
-24
-20
-33
-52
-52
-32
-23
-37
-17
-40
-27
-9
-17
-12
-17
6
-14
0
7
-1
-2
-15
-7
-12
-9
-21
-8
-23
-24
-12
-27
-19
-19
-26
-16
-9
-15
-8
0
9
19
28
12
8
21
35
24
23
38
37
44
27
39
42
25
35
22
3
2
4
0
-3
-4
6
1
-3
-15
-13
-1
12
9
5
7
5
-3
-11
1
-4
-16
-9
-9
-20
-24
-30
-35
-28
-29
-32
-27
-50
-48
-60
-46
-53
-48
-50
-45
-18
-52
-34
-44
-50
-28
-36
-21
-16
-33
-24
-50
-46
-45
-55
-51
-54
-60
-62
-58
-66
-54
-58
-63
-66
-45
-40
-43
-29
-25
-11
-14
-12
1
0
10
-2
14
7
16
15
20
16
2
-4
-11
-4
-24
-16
-24
-20
-25
-7
-8
-20
2
-8
-4
5
14
12
12
14
16
16
28
13
16
43
21
28
41
36
29
24
16
11
7
2
6
-6
-3
-22
-26
-12
-36
-26
-35
-49
-53
-59
-52
-53
-70
-52
-52
-55
-45
-54
-43
-53
-67
-55
-56
-59
-76
-71
-54
-69
-48
-47
-49
-51
-58
-47
-38
-41
-56
-38
-49
-47
-42
-60
-69
-62
-70
-71
-50
-59
-61
-70
-69
-54
-50
-48
-57
-50
-34
-37
-38
-39
-28
-16
-24
-5
1
-11
4
-4
4
10
-6
-11
-2
-11
-19
-13
-17
-28
-15
-40
-27
-25
-36
-11
-27
-19
-21
-25
-13
-6
-11
-27
0
-12
-13
-13
-7
-7
3
10
-22
-11
11
-6
-3
-5
-17
4
-12
6
-8
-9
-12
-10
-10
-11
-9
-14
-12
-11
-17
-16
-18
-20
-39
-37
-21
-37
-38
-22
-43
-30
-32
-29
-13
-43
-32
-34
-22
-40
-8
-20
-11
-8
-9
0
-8
14
8
16
7
25
0
1
8
2
27
-12
15
4
1
2
-5
22
-3
6
-14
-14
19
8
28
27
27
33
26
25
23
20
23
38
33
35
39
39
40
44
32
19
26
30
30
24
30
21
27
32
20
23
32
37
21
26
12
20
27
12
23
20
11
29
32
23
10
10
12
0
18
18
6
19
17
21
19
10
2
9
18
13
30
27
21
20
29
24
11
26
27
15
32
22
4
25
25
19
14
2
7
21
8
18
14
5
10
20
21
9
10
5
12
29
35
21
17
40
32
33
24
41
47
29
40
36
32
43
37
38
29
32
34
31
25
27
21
15
9
18
10
7
11
-7
13
-6
10
16
16
8
3
15
30
13
9
17
11
19
12
7
5
15
19
23
11
7
5
9
2
-4
-7
-7
-13
-18
-27
-21
-6
-28
-25
-4
-32
-27
-22
-37
-22
-2
-4
1
24
18
13
32
20
28
35
28
35
19
26
18
32
26
26
2
-3
4
0
2
2
0
-10
-1
-14
-1
-5
-6
1
5
4
6
18
12
22
20
7
26
21
12
36
42
13
41
38
44
44
17
33
19
28
28
15
26
20
14
12
6
14
9
19
31
23
8
15
5
17
11
8
3
19
1
-11
-5
0
-11
-14
-12
-25
-21
-17
-1
-14
-19
-16
-19
-1
7
1
5
16
26
9
1
7
13
26
11
19
6
-6
18
5
11
8
4
-3
-3
-3
9
15
15
25
39
42
30
37
34
50
40
44
73
56
51
66
60
50
50
55
45
52
58
51
45
47
49
36
32
30
30
25
44
24
41
27
29
41
28
30
23
32
38
28
24
38
32
30
27
24
16
8
10
13
24
8
8
4
8
14
9
19
15
17
16
22
35
27
35
40
30
39
28
35
31
29
30
25
28
18
12
13
2
11
9
13
-2
6
11
8
6
28
17
23
34
24
26
20
34
20
37
31
20
16
11
6
5
10
7
7
4
6
2
14
19
4
3
10
31
28
33
31
26
45
22
32
62
33
41
49
41
33
30
17
30
16
-3
7
4
10
-1
-7
-22
-18
-6
-13
-21
-13
-19
-25
-38
-42
-29
-30
-48
-33
-24
-24
-37
-33
-18
-37
-32
-20
-35
-37
-39
-36
-35
-35
-55
-34
-50
-36
-25
-40
-40
-28
-20
-14
-1
-16
-1
-7
-9
-12
-17
-5
-21
-15
-10
-1
4
-4
-6
-15
-16
-5
-15
-16
-5
-7
-3
-23
-13
7
-6
-2
7
8
-3
-2
10
12
11
-2
16
15
10
16
14
14
16
11
8
17
18
5
4
13
16
10
10
9
15
16
18
2
4
15
18
7
2
8
-4
22
11
23
9
-18
-13
-2
10
8
7
-8
-5
-8
2
2
1
3
16
15
-3
14
11
2
17
19
7
-1
1
0
10
14
-8
-4
6
-16
2
16
0
6
15
23
-2
8
14
8
12
8
14
9
13
-4
18
1
-16
-4
-20
-7
4
15
0
8
4
-11
-3
11
1
-6
4
-4
-11
-1
13
-2
15
18
1
9
1
-11
2
-3
-9
-7
-13
-7
-12
13
11
-3
-3
-5
10
13
13
0
16
16
9
23
26
12
6
20
14
13
8
7
21
9
1
6
18
33
27
32
38
42
37
39
28
13
33
21
18
20
18
32
25
31
34
24
37
35
36
43
24
29
19
24
40
39
37
33
34
39
42
44
35
17
42
35
23
29
15
29
45
23
12
31
19
22
17
10
3
11
21
11
22
27
3
0
0
-8
14
1
-6
18
6
20
9
2
0
-6
-3
-11
-14
-7
-14
-15
-12
-10
-6
-12
-3
-7
1
-3
-9
-4
-2
-6
7
12
11
28
16
29
14
15
11
15
10
21
2
7
15
13
24
5
21
15
16
27
18
22
25
18
35
30
31
39
43
50
60
44
46
51
49
37
32
32
28
18
24
36
20
14
30
23
41
25
30
25
30
16
9
16
11
6
11
20
27
43
30
27
29
28
28
30
12
11
14
9
12
-12
-28
-17
-23
-15
-10
-16
-7
-9
-23
-24
-8
-12
-19
-2
-18
-27
-14
-16
-22
-6
11
21
-1
6
0
14
3
4
13
7
1
-10
9
16
9
19
24
12
23
28
25
24
21
23
27
38
19
21
13
29
31
26
43
36
17
25
33
15
6
18
28
27
33
12
9
9
1
13
9
9
25
16
12
26
18
20
15
26
12
15
11
-7
13
11
13
14
19
19
18
15
18
9
18
16
21
25
25
11
26
38
20
25
20
21
14
20
5
14
21
14
19
15
21
14
13
10
7
5
8
13
12
32
24
4
8
13
17
38
28
29
38
26
43
37
36
42
44
45
57
53
48
62
55
60
63
55
59
52
53
57
69
74
51
58
53
48
46
38
44
30
21
28
32
24
33
30
37
52
48
29
43
40
37
34
30
42
28
23
45
43
36
58
30
45
29
22
39
15
34
16
24
13
21
8
2
3
-9
4
-6
-1
4
3
5
11
16
15
13
19
11
20
24
24
27
27
24
24
46
35
35
44
52
54
50
36
51
44
41
46
44
39
38
47
50
59
50
54
58
64
61
42
68
60
52
47
54
55
43
50
48
52
51
41
49
49
35
55
53
45
35
49
42
38
26
41
39
19
38
22
22
11
10
17
14
20
0
2
6
20
11
5
8
11
10
7
12
9
9
21
18
17
20
4
20
13
2
-1
3
13
1
3
-2
10
-2
-5
-10
-11
-11
-4
-16
-25
2
-21
-17
-5
11
15
-14
-14
0
-4
11
7
-2
0
21
24
17
21
33
29
37
33
41
48
39
50
21
40
46
36
35
30
49
39
32
58
56
48
48
53
45
45
52
43
19
27
30
15
42
17
16
-3
0
10
7
15
13
29
-2
-2
1
7
0
1
11
4
9
7
15
8
19
1
-9
-12
-19
-25
-18
-13
-31
-27
-27
-32
-35
-39
-37
-34
-30
-17
-38
-23
-14
-17
-13
-1
6
-5
-6
-6
1
-9
7
17
0
18
13
12
11
20
14
21
6
15
28
10
23
17
20
20
20
5
12
23
26
20
8
7
18
22
16
6
24
6
18
33
46
29
16
38
17
24
3
4
31
20
25
20
25
34
21
26
28
30
35
17
22
16
-12
-10
-12
-8
-13
-13
-35
-28
-26
-19
-22
-11
-20
-12
-25
-31
-21
-20
-6
-16
-4
-18
-1
8
3
16
3
-14
-2
8
8
8
-5
-8
5
0
8
11
1
8
21
29
14
26
34
20
30
38
28
45
52
42
47
41
56
52
54
44
47
61
55
60
49
46
77
63
60
80
73
67
55
69
61
69
51
61
59
64
61
56
50
49
51
50
46
27
36
24
24
16
28
25
39
30
29
31
23
28
18
11
9
16
13
30
29
15
9
17
25
29
14
15
19
26
25
18
15
9
15
16
8
-5
3
9
-8
2
8
-9
-1
5
11
4
17
12
20
24
24
40
26
35
39
37
41
46
48
54
66
60
56
71
63
63
93
76
76
65
62
77
65
73
82
80
64
78
76
89
76
80
62
67
71
76
73
53
81
54
54
66
73
86
76
67
69
62
69
72
85
59
54
63
53
25
31
46
13
20
13
21
20
25
14
7
11
2
19
9
12
13
26
20
15
18
19
-1
-1
-1
21
-8
-22
0
-7
-3
10
8
2
10
-1
18
4
15
20
15
23
21
22
13
3
11
9
18
29
28
30
16
28
15
31
36
34
37
30
33
25
34
29
37
49
31
41
44
30
30
32
37
39
31
30
32
29
27
34
23
26
14
20
10
1
6
-6
-10
-5
7
-4
-5
-5
-13
4
4
5
-4
-18
-5
-16
0
0
-3
4
9
4
4
3
5
4
-10
-17
-34
-11
-5
-18
-27
-12
-6
-15
-22
-14
-29
-27
-24
-27
-33
-10
-22
-36
-14
-26
-13
-17
-19
-5
7
-6
11
7
11
18
29
32
25
40
30
30
46
41
41
55
47
40
48
39
40
43
34
46
45
43
39
31
34
31
40
31
37
40
23
30
28
23
25
20
22
7
4
6
9
21
13
-3
-4
-21
-16
-22
-27
-18
-32
-40
-38
-38
-45
-33
-46
-54
-42
-49
-61
-56
-49
-62
-66
-62
-73
-60
-70
-59
-48
-80
-76
-71
-65
-57
-63
-63
-56
-53
-57
-62
-50
-38
-34
-29
-15
-27
-25
-31
-23
-35
-21
-5
-4
-7
3
-5
-21
-14
-10
-1
1
10
1
-11
-5
4
-9
5
11
10
9
17
23
19
33
39
35
24
29
25
21
24
35
29
28
28
24
23
29
37
30
16
14
25
17
10
31
15
-4
7
14
1
-2
9
-6
-15
0
4
-18
-10
-10
-25
-18
-18
-21
-13
-3
-21
-41
-27
-36
-24
-26
-32
-43
