-56
-64
-60
-52
-55
-56
-56
-58
-57
-59
-68
-47
-42
-42
-64
-50
-45
-61
-48
-38
-48
-53
-57
-63
-41
-44
-51
-54
-55
-62
-49
-47
-54
-52
-56
-53
-57
-53
-58
-53
-49
-47
-36
-40
-40
-36
-43
-26
-40
-46
-24
-44
-42
-43
-37
-32
-40
-31
-45
-34
-40
-38
-34
-52
-48
-44
-30
-31
-37
-51
-36
-28
-34
-36
-37
-26
-24
-13
-25
-28
-26
-22
-24
-26
-14
-6
-22
-20
-10
-28
-20
-38
-42
-22
-25
-40
-19
-30
-37
-32
-34
-32
-44
-43
-30
-28
-42
-38
-35
-31
-32
-44
-27
-29
-41
-42
-35
-31
-45
-39
-37
-37
-39
-36
-42
-52
-44
-55
-48
-54
-58
-54
-52
-59
-65
-60
-54
-59
-67
-53
-62
-59
-51
-60
-62
-44
-39
-53
-66
-59
-48
-35
-47
-42
-37
-55
-29
-44
-53
-39
-30
-45
-63
-45
-51
-36
-47
-45
-42
-26
-44
-41
-32
-38
-24
-43
-36
-40
-45
-36
-37
-51
-20
-21
-44
-37
-28
-20
-25
-36
-21
-34
-40
-24
-38
-48
-31
-29
-35
-37
-34
-30
-18
-18
-42
-29
-9
-10
-17
-22
-20
-20
-17
-13
-17
-21
-35
-23
-26
-21
-38
-30
-6
-25
-19
-7
-25
-12
-4
-20
-21
-30
-15
-14
-44
-44
-32
-25
-34
-42
-46
-49
-36
-19
-28
-22
-11
-24
-26
-33
-28
-21
-34
-33
-28
-32
-29
-34
-20
-34
-15
-26
-30
-32
-37
-29
-29
-21
-37
-25
-16
-18
-35
-33
-31
-30
-32
-44
-34
-19
-28
-20
-24
-28
-20
-14
-19
-33
-31
-21
-36
-18
-10
-22
-20
-7
-15
-18
-17
-22
-14
-26
-26
-18
-16
-15
-17
-21
-33
-27
-26
-37
-30
-31
-28
-21
3
-14
-29
-9
-32
-32
-30
-29
-29
-19
-13
-11
-3
-3
-2
-9
-11
-13
-3
-6
0
6
3
-1
-3
-15
-5
-5
-7
-7
-12
8
5
-4
0
4
-15
-5
7
-3
-5
1
1
5
28
24
8
8
17
-5
5
8
-14
17
10
6
16
22
15
8
14
15
21
19
19
10
2
11
3
9
9
7
13
15
11
7
7
9
22
-5
7
-1
3
-13
-4
5
-30
-14
-18
-1
-7
-6
-11
-12
4
-8
10
17
3
-6
8
13
11
11
14
9
-7
20
5
11
14
-7
20
6
-2
-2
-3
2
-10
7
8
-2
15
-2
-2
-11
10
1
4
20
0
4
15
16
-3
14
7
17
18
11
21
21
15
16
20
27
25
11
18
12
20
16
35
25
20
30
27
11
10
12
14
28
12
16
3
-3
-1
1
5
22
14
10
22
32
14
5
13
18
17
22
16
19
37
23
27
36
22
31
28
24
24
19
21
25
11
2
4
-5
12
14
2
14
8
28
10
11
33
29
18
1
5
9
17
23
25
19
19
18
19
17
18
21
24
24
23
12
-5
10
7
-1
-2
-1
7
5
14
13
20
28
16
18
13
21
4
-7
-8
8
6
9
21
7
5
7
5
3
14
18
18
11
0
2
-8
-2
-4
15
7
10
24
18
17
12
20
13
27
28
15
34
29
20
36
39
16
4
19
36
1
26
18
17
30
15
22
24
28
24
39
27
20
36
34
28
41
30
32
37
29
44
30
37
42
37
31
42
44
28
41
32
32
22
44
31
45
43
47
44
41
49
34
43
29
26
34
38
36
33
39
32
39
46
42
50
29
30
33
39
46
52
40
38
32
19
43
57
46
24
49
42
33
32
34
33
20
26
21
35
38
28
44
25
28
42
32
57
63
50
44
47
51
45
43
41
40
31
37
38
40
30
22
42
37
49
43
55
67
57
53
64
60
58
52
34
60
61
54
50
56
58
54
46
37
43
38
47
48
51
61
54
57
73
60
46
66
63
54
51
57
51
49
59
45
37
44
31
17
35
38
34
32
46
33
29
29
18
23
21
22
5
19
20
8
11
11
18
13
-1
3
13
-1
2
8
27
19
17
18
14
17
17
11
12
8
18
26
15
22
17
12
4
24
18
-1
9
18
4
-2
0
18
16
14
10
34
13
8
23
12
12
-13
-2
6
5
7
3
7
-9
-12
3
2
9
14
-2
3
25
7
10
21
21
8
-3
-3
3
9
9
19
20
-4
-6
-17
-18
-7
-1
-13
-7
1
4
-1
-1
9
-5
3
17
3
2
13
-1
17
-11
-16
-7
2
4
2
16
17
14
20
18
3
17
3
9
31
21
10
15
34
26
32
19
25
17
9
12
25
24
16
22
11
12
16
6
11
11
14
18
19
17
25
22
17
26
28
39
28
13
2
14
20
2
23
15
22
22
8
24
27
40
30
25
30
45
42
40
35
41
48
33
31
35
35
32
46
45
44
30
37
26
24
28
22
39
35
31
32
25
28
21
28
28
22
25
15
23
18
27
40
39
41
24
21
37
21
25
38
42
30
26
25
20
6
22
26
22
30
12
17
14
17
20
19
16
0
17
33
10
20
45
26
24
28
35
47
44
47
50
39
39
49
58
51
30
47
48
57
57
58
61
51
44
42
48
41
44
46
51
44
47
51
27
29
37
38
46
45
41
44
61
50
49
56
49
48
52
49
50
61
64
65
56
54
62
51
43
58
57
51
48
53
67
67
51
56
46
52
57
51
56
42
46
39
51
52
48
45
41
58
38
35
27
24
42
40
39
37
36
44
33
36
42
41
27
29
44
21
31
41
29
28
19
25
27
38
49
16
26
37
20
30
39
31
44
40
25
38
36
27
32
28
31
26
18
20
37
49
30
40
43
47
43
44
64
37
28
49
48
42
26
45
36
36
42
27
36
47
33
40
46
49
47
50
38
35
45
38
49
36
56
54
53
58
41
45
54
66
36
52
39
46
59
67
62
46
49
59
73
44
44
43
50
52
60
49
61
59
45
67
66
60
58
51
47
54
70
71
66
72
53
40
48
51
55
49
59
61
49
47
51
51
45
56
47
47
52
51
46
47
48
33
43
33
46
46
28
42
38
50
46
31
33
32
34
43
26
39
43
38
37
35
56
34
45
49
35
45
44
58
49
56
56
46
48
40
48
23
25
43
55
40
43
49
52
55
45
64
56
62
55
55
79
56
59
71
67
75
74
80
74
74
78
79
66
72
66
68
85
79
73
77
82
65
64
69
75
66
63
62
60
66
60
65
76
55
65
70
63
54
60
58
51
54
43
56
62
62
62
67
69
72
54
63
58
47
48
37
40
49
43
38
48
46
62
48
46
47
58
70
61
60
61
56
39
61
52
47
38
39
32
36
50
35
52
42
40
37
41
29
25
42
29
40
41
41
36
41
42
34
49
33
47
39
48
58
46
39
29
36
36
50
42
32
26
44
47
37
42
42
31
38
41
34
38
49
28
37
38
27
31
26
18
22
30
42
50
29
35
19
48
47
22
24
28
36
18
18
36
38
35
30
34
24
21
17
20
13
11
19
17
7
-4
4
16
14
7
21
12
7
2
5
13
15
-1
5
5
5
13
-5
2
3
10
-2
3
9
8
17
26
23
10
19
17
25
7
15
26
12
10
27
10
-4
19
4
9
13
18
22
-3
-1
22
42
20
27
28
22
36
37
26
33
44
33
21
38
33
27
29
21
21
19
35
30
23
29
16
2
17
5
15
20
7
21
23
11
29
21
3
9
1
10
-6
-8
-5
-12
-6
4
19
6
10
11
13
8
-2
14
-6
-3
-2
-8
-6
-1
-12
-16
-1
-1
-14
-18
-8
-4
-19
-15
-5
1
-6
-1
6
5
11
-1
14
8
-4
0
-6
4
12
0
-3
6
12
1
2
7
3
6
9
-10
21
11
2
9
13
10
8
13
13
27
1
13
16
15
13
22
26
16
23
22
32
17
8
11
6
24
36
21
13
15
18
9
18
20
22
0
14
19
7
2
-1
10
13
4
2
24
10
9
9
10
4
-1
15
13
5
14
30
17
29
38
15
8
7
9
14
23
18
0
16
14
9
5
-6
16
7
-4
29
16
14
27
2
2
9
13
23
12
18
12
10
18
6
6
31
13
12
27
27
39
28
35
30
23
34
7
33
25
20
20
22
23
5
15
8
29
6
27
16
3
20
29
31
26
21
33
18
27
18
9
13
19
28
-3
-2
-13
14
-2
8
2
12
4
-1
-2
-8
-3
8
19
6
18
18
14
10
10
19
18
17
29
16
13
13
22
27
9
25
17
16
41
26
21
22
12
20
25
24
23
14
18
11
3
19
0
-1
17
24
7
6
21
22
-1
6
18
-1
1
9
18
22
0
6
3
-1
20
26
1
7
4
7
12
-3
29
18
15
13
14
21
17
15
11
8
16
14
22
12
13
15
16
21
15
24
19
23
23
20
32
30
19
24
12
24
14
8
22
3
5
7
13
21
4
9
21
10
2
18
24
20
20
6
6
14
8
-9
9
-6
-2
-8
-7
-3
6
15
3
10
-3
8
16
0
-4
0
6
-1
-2
-4
-13
-2
12
4
14
17
15
7
10
17
20
13
17
34
28
15
23
17
5
12
0
2
10
12
12
11
-11
-6
21
9
15
13
1
10
11
11
-13
-7
3
11
1
15
6
-1
0
6
8
-1
24
-2
14
16
26
29
27
22
16
25
19
18
26
34
35
21
9
21
24
6
14
39
8
3
15
16
14
18
30
17
0
12
16
7
25
19
12
5
12
18
9
18
18
10
31
22
25
23
24
28
27
27
21
15
18
19
16
16
4
21
15
9
11
-7
6
6
0
19
24
26
37
24
18
29
20
28
9
24
16
0
17
16
17
18
20
22
4
11
12
26
26
24
27
3
20
10
6
20
28
33
43
34
28
36
46
25
19
30
27
28
28
23
9
11
22
16
18
20
6
1
18
28
13
1
10
13
13
20
9
22
9
17
34
20
24
15
28
25
10
23
24
18
37
27
26
20
18
15
4
25
27
27
18
14
35
25
21
17
23
26
11
8
10
19
24
8
8
10
2
7
7
5
10
18
7
12
10
19
17
23
23
22
9
13
19
-1
10
3
1
15
12
6
10
13
12
21
9
5
12
13
27
19
27
4
11
10
21
13
-4
3
7
7
8
12
15
-2
-1
14
0
12
8
8
11
27
12
3
5
-7
0
5
24
-5
-14
4
-10
-11
-13
-5
-14
-7
5
-23
-14
1
7
8
15
11
6
9
-12
4
6
-3
-12
-11
2
2
2
-1
-16
-21
-18
-13
-20
-18
-9
-7
-4
-16
-3
-4
-3
-18
-16
-3
-1
-7
-13
5
-2
-14
-11
-13
-19
-15
-31
-22
-16
-12
-17
-22
-10
-27
-29
-20
-17
-6
-13
-10
4
-2
4
8
5
-7
-10
-1
-2
-7
-6
3
1
-7
18
16
16
1
6
15
9
24
1
3
2
16
2
13
27
23
7
-1
6
-11
4
5
9
-9
3
4
0
4
-18
-16
-9
-9
-2
-11
-7
-1
2
-16
-15
-5
4
-8
-10
-1
-9
-15
1
-9
-13
-1
0
15
1
3
14
1
3
0
-7
-8
2
4
11
3
-25
9
-5
-7
8
1
10
-3
3
2
0
6
-14
-9
-8
-14
-8
-6
-10
-15
-3
-24
-16
-2
-3
7
-4
-1
11
-4
-3
-2
-11
7
1
-2
-3
-10
-1
3
-16
1
-8
-7
11
12
13
13
19
15
17
23
16
14
7
14
15
15
18
22
20
13
30
14
15
7
-2
5
11
-1
-3
10
-2
11
17
5
5
-4
14
19
8
-6
-3
11
-1
7
-6
-14
7
-1
1
-3
3
5
6
10
-7
7
2
-15
-7
3
3
10
8
-9
-1
-3
5
11
4
7
0
6
6
10
13
17
8
21
-9
0
5
12
6
-14
-9
-6
-3
3
12
-7
7
5
8
9
15
14
4
4
-5
5
-17
9
0
-13
6
1
-10
15
13
10
19
13
31
18
13
3
15
18
23
18
26
15
9
1
9
10
15
12
14
17
-2
15
-2
14
24
4
1
16
29
13
31
13
17
16
7
25
2
9
10
21
16
21
10
11
9
-1
2
5
15
3
2
7
19
8
5
1
-10
11
-5
-4
7
-2
17
21
-2
18
14
20
22
10
26
6
17
12
15
10
1
5
-11
3
14
0
-13
-7
-13
6
-2
4
3
-5
0
-2
7
-8
11
2
22
22
4
5
12
16
14
12
3
4
10
2
12
19
7
27
17
10
1
8
5
4
7
-3
-7
-11
1
-12
12
10
11
2
-1
9
5
6
9
7
14
19
21
9
18
17
19
22
24
17
3
14
20
21
28
13
16
20
23
14
19
21
12
6
19
15
9
7
9
10
14
24
24
27
24
19
28
21
15
30
13
21
22
17
25
22
21
21
24
30
32
35
32
23
38
34
29
43
29
42
28
22
34
22
24
22
26
30
24
40
26
25
26
31
36
29
32
34
34
39
43
20
35
31
50
41
30
42
18
23
34
34
31
41
41
25
28
22
15
28
35
24
22
31
13
13
21
15
26
19
19
20
11
16
20
-4
-23
14
29
26
39
27
-2
16
20
28
36
22
35
25
17
44
31
33
44
30
19
48
41
54
46
46
61
49
52
40
47
49
58
59
61
45
35
60
53
50
60
59
37
34
55
47
62
54
57
54
65
60
72
63
63
72
50
68
75
77
73
90
68
82
86
73
78
68
81
83
68
59
65
60
57
84
68
66
57
63
74
62
73
56
66
47
58
68
72
61
59
52
45
47
59
58
46
61
51
58
41
44
43
42
33
45
55
58
48
41
40
49
37
44
36
43
45
14
34
26
22
23
11
22
29
15
19
16
30
50
29
22
22
8
4
4
-3
-5
6
5
12
24
19
18
17
9
19
22
22
10
16
17
3
-5
8
9
7
7
-13
20
2
14
21
12
16
-9
0
6
3
9
17
9
11
20
21
15
19
18
23
10
11
23
23
2
13
0
16
12
7
4
5
5
-12
-3
-12
-2
-11
-21
-16
-10
-2
-10
-14
2
-16
-6
-7
-22
-18
-16
-15
-18
-2
0
-1
-5
-13
-16
-14
-8
-6
-8
-24
-18
-23
-19
-29
-17
-20
-19
-9
-20
-1
-13
-24
-28
-20
-21
-22
-36
-35
-29
-20
-4
-21
-20
-25
-19
-22
-24
-14
-18
-28
-24
-7
-30
-9
-17
-27
-16
-19
-13
-28
-18
-23
-29
-21
-7
-20
-25
-9
-17
-19
-18
-9
-10
-20
-30
-25
-18
-36
-17
-12
-17
-31
-36
-35
-26
-22
-28
-32
-22
-25
-43
-30
-39
-36
-30
-33
-20
-24
-35
-29
-26
-32
-32
-35
-45
-25
-26
-41
-31
-17
-28
-28
-24
-33
-28
-23
-12
-25
-35
-26
-28
-23
-15
-8
-19
-20
-26
-12
-2
-17
-15
-6
-11
3
-8
-7
-3
-14
6
15
-8
-1
8
3
6
1
8
-4
11
1
12
7
-1
11
1
7
21
27
7
19
27
18
23
20
4
-1
12
13
12
5
3
5
-12
-5
10
4
10
6
-3
-12
-1
-4
-19
-16
-12
-30
-31
-33
-37
-36
-20
-31
-27
-6
-18
-19
-25
-17
-29
-29
0
-13
-9
-7
-17
-24
-16
-12
-8
-10
-12
2
1
3
-10
-8
-12
-18
-28
-15
-13
-13
-8
-17
-25
-10
-13
-17
-3
-2
8
7
-7
-4
-4
1
-2
-5
6
-9
0
-6
-3
4
1
15
9
11
26
22
2
-4
-10
-3
-12
4
-1
-10
-3
3
-7
-12
-12
-17
2
-9
6
-17
-14
-16
-21
-16
-16
-33
-29
-12
-20
-4
-16
2
-6
-16
-8
-27
-39
-35
-23
-31
-24
-16
-14
-32
-41
-31
-37
-29
-39
-36
-41
-40
-36
-30
-41
-56
-48
-46
-44
-27
-40
-39
-29
-30
-7
-34
-28
-20
-29
-12
-32
-40
-20
-14
-9
-28
-38
-31
-26
-39
-38
-30
-42
-50
-26
-27
-34
-37
-28
-33
-46
-29
-23
-17
-18
-15
-19
-7
-13
-9
-9
-7
-16
-19
-8
-17
-5
-28
-28
-26
-10
-20
-17
-4
3
0
-9
0
10
10
-6
7
11
6
-1
-4
-4
4
9
0
8
-3
-13
7
10
-10
0
6
-15
-14
-10
-13
-13
-23
-29
-37
-32
-21
-32
-16
-22
-12
-9
-16
-12
-7
-19
3
-7
-13
6
-10
2
14
10
-11
-5
-4
-21
-6
-8
-5
-2
-3
-17
-1
-2
-1
-13
-9
15
0
-13
-23
-6
-11
3
16
-6
-1
14
0
7
13
5
-11
-9
-19
-26
-15
-28
-17
-3
-9
2
-13
-1
-6
-18
-10
-23
-30
-28
-28
-40
-41
-17
-14
-2
-15
-20
-10
-24
-22
-24
-23
-19
-4
-4
-3
5
-6
-14
-14
-19
-20
-8
-7
-10
6
-4
-23
-3
-15
-6
-18
-13
0
-12
9
6
2
15
-2
-9
-20
-13
-1
-3
20
22
17
13
-4
2
-21
-20
-23
-29
-11
-7
-15
-24
-15
-22
-5
-3
11
7
7
7
20
24
16
11
5
16
7
9
9
8
20
20
22
9
14
9
5
5
15
29
11
11
3
12
17
19
29
30
33
18
8
14
3
4
1
3
10
-5
2
0
15
14
12
2
-10
-7
-3
8
-15
-18
-8
-17
-13
-6
3
12
1
10
-7
-11
-3
-12
-8
5
12
-14
-7
-5
-16
-25
-14
-27
-22
-10
-9
1
-7
-17
-23
-18
3
-9
-25
2
12
9
8
-10
-27
-23
-22
-17
-21
-21
-10
-4
3
-10
-23
-9
3
-2
0
19
24
8
-3
-9
-7
-3
4
-14
-16
-5
-13
-16
-17
-29
-18
3
-9
-9
-22
-14
0
-18
-13
5
20
20
-7
-14
-12
-29
-34
-20
-20
-16
-11
-31
-17
-27
-32
-28
-20
-19
-19
-2
-9
-10
-18
-10
-34
-31
-18
-24
-4
-28
-20
-5
-7
10
-8
-20
-13
-31
-18
-13
9
1
3
2
-23
1
-14
-3
-35
-23
-29
-41
-36
-49
-35
-43
-30
-13
0
-18
-28
-27
-35
-33
-20
-4
-12
-3
-7
-14
-33
-31
-25
-17
-10
-32
-30
-28
-41
-31
-29
-25
-18
-29
-2
-13
-37
-30
-28
-26
-9
14
-11
4
9
-6
-11
-45
-32
-32
-11
-5
8
22
-2
-2
-16
-14
-12
-23
-19
-6
-21
-21
12
8
1
1
-15
-4
4
9
8
0
-15
-9
-10
-14
6
-7
13
-6
-13
-8
-4
8
6
11
-12
-5
-14
-15
-20
-5
-26
-25
-20
-26
1
-10
-19
-18
24
8
-8
-2
-3
-24
-4
1
0
-3
-9
0
-11
-2
-2
-12
-6
-18
-25
-19
-19
-22
-19
-8
-36
-19
-19
-35
-2
-10
-23
-17
17
8
-15
5
18
-7
2
-3
-20
-3
-35
-17
24
-3
-15
10
-10
-28
-41
-44
-30
-17
2
-33
-22
-3
-8
-10
-5
-7
-9
-17
2
-11
-24
-11
-16
-37
-9
-17
-23
0
-21
-38
-18
-11
-16
10
-13
-22
1
1
-15
2
-2
1
21
2
27
13
19
8
20
-14
-16
17
10
25
0
5
-1
-20
-14
-6
-14
13
0
-9
10
-5
11
1
-6
13
20
15
25
-1
-6
-14
-2
24
9
7
-9
18
-4
-19
-13
-19
-23
-36
-35
-21
-27
-19
3
-44
-5
1
-33
22
-1
-21
11
5
-12
7
13
-20
-32
-9
-37
-13
-12
-25
-11
-31
-33
-29
-27
-38
-19
-35
-37
-33
-29
-24
-16
-17
-42
-33
-21
-6
-3
-19
-25
-34
-45
-37
-26
-32
-13
-29
-46
-15
-19
-35
-43
-36
-43
-9
-28
-27
-16
-39
-40
-18
-43
-15
-12
-48
-8
-17
-15
0
-13
-50
-11
-25
-33
-16
-62
-32
-18
-45
-48
-11
-45
-30
-25
-53
-43
-53
-49
-35
-37
-21
-27
-40
-31
-35
-46
-33
-24
-44
-29
-25
-37
-39
-34
-39
-48
-59
-64
-43
-55
-44
-60
-45
-48
-63
-37
-55
-49
-46
-63
-40
-33
-56
-16
-45
-59
-15
-28
-35
-14
-24
-30
-20
-43
-80
-39
-40
-52
-73
-38
-30
-46
-61
-63
-39
-68
-33
-55
-50
-27
-31
-47
-10
-28
-36
-3
-27
-7
-12
-31
-24
-32
-16
0
-25
-67
-82
-37
-58
-67
-46
-44
-62
-36
-44
-66
-9
-42
-49
-7
-52
-34
-14
-43
-33
-28
-15
-14
-51
-44
-44
-20
-35
-66
-39
-49
-38
-30
-30
0
-23
-40
-8
5
-31
1
-4
-64
-11
-23
-15
-35
-15
-4
-35
-36
-44
-15
-49
-77
-70
-59
-52
-33
-35
-57
-31
-71
-73
-31
-45
-47
-35
-49
-15
-27
-42
-13
-51
-31
-18
-47
-11
-20
-57
-14
-71
-65
-55
-53
-87
-72
-62
-70
-50
-54
-52
-47
-28
-50
-48
-51
-62
-15
-34
-28
-11
-29
-33
-17
-34
-56
-25
-20
-20
-36
-7
-45
-43
-44
-35
-28
-44
-14
-28
-61
-42
-29
-69
-39
-24
-59
-31
-38
-40
30
-41
-21
42
-55
-27
4
-44
-27
-17
-19
31
-17
-12
26
-41
25
-3
-58
1
-18
-28
-16
-27
-23
-2
-35
-19
-13
-47
-45
-46
-27
-51
-50
-37
-15
-45
-44
-33
-51
-16
-42
-26
-35
-53
-27
-29
-28
-19
-41
-16
-6
-34
-3
-5
-21
-12
-22
0
-44
-20
-19
-62
-16
-13
-31
6
-47
-38
-33
-73
-38
-42
-65
2
-34
-40
13
-40
-22
12
-24
-49
3
-11
-40
-22
5
-53
-36
-8
-30
-60
-6
-1
-26
-17
-34
-32
7
-40
-14
37
-56
-25
-9
-20
-51
16
-12
-27
-7
-26
-37
5
-73
-48
18
-79
8
-19
-25
-45
-23
10
-59
29
-2
-36
25
-12
-34
-16
-21
-18
15
-15
-18
-6
-7
-4
3
-12
-11
4
-34
-13
-1
-22
-15
13
-51
-11
-11
-37
-28
-33
-9
-28
3
-7
-37
5
32
-54
26
43
-63
-5
29
-59
-28
-11
-67
-35
11
-71
18
-11
-33
5
4
8
-5
-15
16
-36
-27
55
-66
34
-11
-83
18
-36
-83
0
-33
-39
45
-20
-28
9
-41
-19
12
-18
-29
6
-41
-40
-34
-27
-26
-85
-7
-4
-71
-9
-8
-11
15
-6
-5
46
-18
-54
52
-5
-4
11
-14
-31
-40
-42
-30
-22
-43
50
-37
9
16
-40
-4
2
-21
-16
26
-57
10
-3
-20
-26
-58
-23
-35
-89
-6
13
-79
11
7
-60
16
-6
-28
31
-6
-18
26
15
-41
17
-36
-18
-31
-69
8
-26
-34
11
-21
-9
24
16
-28
-10
-1
-77
-10
-8
10
-60
-3
15
-15
-27
-17
-36
-15
-12
-8
53
-9
-29
3
-56
-83
-41
-76
-52
-65
-95
-77
-67
-125
-19
-20
-136
13
0
-72
54
-25
12
12
-36
31
-65
-20
33
-43
-10
79
-67
28
-21
-65
4
-122
-66
-55
-44
-45
-27
-11
-24
15
30
-42
-5
66
-48
-54
68
-29
18
18
42
10
62
52
41
-19
-10
-19
19
60
-75
46
24
-20
48
45
13
39
24
-7
9
-5
-28
23
5
-15
19
-20
-8
-35
42
-27
15
35
-30
16
32
-3
-22
13
-18
-23
14
-12
21
-55
-40
-10
-47
-36
-18
-34
-8
-29
-5
2
-39
42
-46
-61
10
-30
-20
-36
-30
40
-28
-36
8
-1
-51
67
-13
-65
71
-11
-55
-6
25
-91
5
48
-33
-62
10
-50
-17
-30
3
6
-92
63
-22
18
-37
20
-38
-6
-20
-25
-31
-61
38
-112
8
28
-42
-66
71
-87
-59
0
-102
-30
-74
2
-50
-84
-2
-10
-84
25
-2
-37
-21
13
-76
-37
-29
-74
37
-18
-50
50
-27
-54
101
-106
-24
55
-107
64
1
-132
38
-33
-70
19
-82
-22
-33
-77
-38
-53
-28
-12
1
-25
15
-38
-36
9
-100
12
-54
-63
-47
-22
-82
-4
3
-71
7
-1
-149
26
-6
-172
91
-101
-55
48
-83
-33
-20
-46
7
-48
-7
0
-77
28
-78
-61
-1
-97
-20
-24
7
-90
59
-33
-55
90
-93
-21
1
-77
-12
-60
-61
15
-159
57
15
-155
45
-17
-146
17
-31
-89
20
18
-120
-35
12
-77
-56
-24
-18
-59
-29
2
10
-62
-61
75
-104
14
18
-127
28
15
-136
150
-44
-64
63
-81
35
41
-73
-3
80
-63
10
-4
19
-84
-13
32
-89
10
-61
-82
36
-46
-18
-74
4
-76
24
-25
13
-6
-44
70
-41
51
-27
10
10
-41
37
-48
-23
64
-72
-98
116
-131
-42
91
-129
18
10
-17
-17
-3
0
-150
83
-44
-58
17
-50
6
-68
-41
33
-82
-12
69
-55
2
36
-37
-36
17
-46
-5
-54
3
-16
-26
14
-72
26
-72
1
-35
-12
-85
-3
-1
-57
-38
114
-47
-5
112
-89
28
30
-2
-46
77
-31
12
41
-68
71
31
-94
98
-23
-36
98
-39
-32
25
-51
-9
29
-73
-21
-40
17
-49
6
-15
-27
40
-107
90
4
-73
14
3
-116
35
-41
-184
114
-197
4
50
-100
36
34
-31
5
21
-16
6
-43
32
-33
31
-75
23
44
-138
65
-41
-132
118
-105
-172
168
-140
-113
137
-183
-143
63
-155
-68
80
-138
-70
-25
-31
-133
-98
-27
-63
-75
89
-141
-3
29
-126
82
-104
42
-10
-12
-26
60
-5
-39
145
-86
63
-6
-49
-11
-29
-88
28
-70
-40
-65
-116
-34
-135
48
-122
-79
34
-92
2
-19
-100
50
-154
11
-73
-33
66
-196
63
38
-86
72
-37
-57
93
-80
-11
12
-138
40
-70
-105
6
-85
-39
19
-81
-106
47
-134
-58
8
-46
-12
25
-106
31
-24
-136
35
-74
-45
35
-22
-50
8
82
-176
88
73
-121
198
-20
-33
112
-26
8
88
-91
127
27
-56
102
-39
22
-3
25
46
-32
-26
95
-98
29
46
31
18
51
3
-55
83
-26
6
86
24
52
-23
46
123
-132
96
32
-24
82
-11
-55
69
24
-17
69
-97
-20
89
-46
-33
188
-73
-22
109
2
4
137
-50
78
40
-7
115
48
57
19
27
-68
105
26
58
34
34
-21
-47
53
-7
6
18
-29
136
113
-51
187
32
-44
155
-65
-1
65
16
-58
71
0
31
158
-33
21
173
-177
85
106
-314
190
94
-220
185
54
-151
233
-114
68
25
-21
93
-12
-6
12
-33
1
-27
75
67
-98
128
-75
15
34
80
-91
48
117
-63
-8
100
14
46
34
80
22
21
59
4
-13
36
-29
-1
-2
-12
17
-42
36
47
-17
59
74
-55
195
-174
83
30
-144
133
6
-94
-30
-34
-129
-105
-8
24
-29
-28
103
-66
-11
136
-98
57
89
-44
30
123
-185
23
53
-164
76
-36
-86
134
-135
22
113
-193
139
-17
-71
114
-120
26
36
-76
-10
-54
-23
-1
-73
39
90
-184
27
206
-180
39
230
-125
14
154
-96
-32
85
-36
-26
71
-57
-99
113
-17
5
-44
-18
-15
-24
-38
-1
67
-179
55
-66
-3
-2
-51
-39
18
23
-63
36
-70
-122
79
-32
-42
127
2
-64
118
-90
-81
141
-179
5
72
-102
23
57
-92
28
-42
-41
-17
-30
-12
-30
-9
-33
26
-53
-33
34
-143
-39
122
-175
91
70
-99
119
-110
81
-42
-127
217
-255
118
118
-201
246
-137
6
119
-110
82
-16
58
-38
-79
65
-66
-46
17
-48
-3
20
126
-61
11
127
-128
108
-12
-70
73
28
-29
-40
148
-126
15
54
-99
-24
11
-55
-2
11
-96
107
-240
-16
40
-25
4
102
-8
-38
96
-49
-75
-2
-29
-99
18
53
-85
110
-6
-92
6
41
0
22
28
-26
-74
61
75
-27
106
-73
-18
218
-153
64
140
-179
71
27
16
-9
33
-3
4
148
-14
77
74
-60
87
-40
59
-11
-50
-2
21
-44
-95
38
-109
-179
2
-99
-157
22
-62
-94
66
-75
-141
-3
83
-101
68
70
5
16
28
158
-102
132
75
-114
39
-3
-38
-8
-124
48
-125
-100
-14
-73
17
-135
-5
-41
-152
103
-154
-123
2
-127
-18
32
-71
-7
108
-57
24
57
9
-11
113
-50
15
70
60
-45
80
11
-85
105
-63
-108
64
-84
-114
12
-30
-152
-26
-140
-417
-78
-119
-170
59
-73
-127
40
-107
-7
49
28
178
57
108
236
8
134
179
-29
129
-15
-23
115
-82
-30
29
-93
-40
46
-25
-58
-14
-56
-31
80
34
-103
-32
104
-211
-7
142
-195
67
129
-153
126
55
-251
192
-124
-81
93
-143
30
1
-138
40
36
-112
19
-7
-77
-151
74
-139
-54
29
-107
-4
-24
27
-75
-70
-68
-144
-193
3
-153
-108
-41
-110
-4
-170
123
-15
-121
102
-35
-118
-84
127
30
-54
147
-20
-47
44
-51
82
23
-44
92
2
-90
-37
-85
-114
57
-145
-78
186
-172
25
60
-70
45
61
-9
65
87
-112
158
-18
-78
136
-82
9
90
-80
105
139
-178
262
28
-40
174
-14
4
201
-121
-33
79
-149
151
-47
95
138
86
19
-69
150
-46
-60
155
81
152
-80
17
33
-268
70
-103
-27
72
-98
158
16
20
52
-27
158
69
-38
215
211
29
-6
18
-107
-43
107
68
-15
-42
46
-40
63
177
28
202
183
-46
140
219
-127
111
110
-73
201
23
7
66
-106
-63
131
-73
74
-81
-181
27
-216
-68
-16
-186
16
-20
-95
170
30
-125
218
-23
-73
205
71
69
221
-114
-41
185
-162
36
139
-56
-5
-4
-57
-26
-32
-49
-105
-24
-65
-189
-21
-75
-111
3
-76
-51
112
-191
-190
-34
-169
-157
-113
-369
-261
-194
-198
27
-121
-145
19
-86
-79
156
130
37
104
147
74
144
115
123
52
96
134
-44
6
-30
-240
-111
-126
-188
-60
-52
-185
-366
-121
-196
-294
51
-31
-158
66
172
30
61
248
105
148
295
154
235
228
-17
152
87
26
28
-130
-44
39
-46
111
116
-95
-45
-20
10
21
-90
176
104
-28
9
-2
61
-103
-83
16
-126
-16
118
78
87
126
64
59
187
40
70
203
37
1
130
153
-14
29
166
-94
28
175
119
53
140
20
-48
188
-20
-98
210
-44
-115
105
14
51
-20
-60
-60
-52
31
-24
-75
-82
-211
-32
172
-32
-173
29
-74
-90
124
142
8
-15
81
89
4
-17
-69
-161
-22
55
-1
36
30
-237
-156
-4
-66
-27
-93
-92
-46
-58
34
52
-88
-45
-6
40
88
-25
-28
-84
-109
51
82
27
28
-174
-123
42
-85
-61
1
-141
-78
40
-60
5
12
3
37
66
57
50
7
35
14
-61
84
5
-83
-112
-146
-126
-40
-45
-187
-94
-209
-107
-33
-67
1
22
35
56
86
81
59
7
67
103
23
42
-16
-152
-118
-56
-135
-66
-148
-202
-132
-166
-170
-172
-192
-222
-146
-98
-132
-180
-104
-72
-115
-6
71
-24
-26
-9
11
-43
-70
-64
-109
-81
-12
-131
-112
-86
-161
-143
-153
-106
-109
-147
-69
-44
-118
-144
-108
-75
-111
-53
27
-30
-81
-43
-21
-55
37
61
32
54
5
-58
-106
-79
-27
-55
-9
-39
-75
-62
-136
-53
-63
-100
-15
-3
-27
-110
-90
-101
-102
-37
-5
17
40
13
-2
32
44
1
-66
-25
-74
-62
25
42
-4
-49
11
58
40
8
-10
-50
-16
-28
22
33
-6
7
-17
-25
11
-3
-61
-47
-17
-27
10
57
50
23
41
128
121
122
148
137
81
48
60
57
95
71
18
16
-31
-41
9
-45
-114
-101
-111
-36
-41
-60
-18
9
26
41
103
131
146
120
168
233
151
159
195
185
191
198
194
167
128
120
98
101
95
23
13
16
-14
-6
61
46
-7
21
36
35
67
45
78
110
108
136
197
183
151
158
171
208
162
143
163
136
122
102
98
96
43
71
83
63
88
48
43
46
0
24
33
13
-25
-4
38
54
53
49
95
87
45
52
65
53
44
10
56
47
16
46
73
50
6
33
43
48
36
62
93
86
75
114
165
168
151
204
245
246
261
264
280
297
286
309
362
309
317
335
349
368
339
322
357
363
383
445
456
411
403
437
434
439
461
487
501
485
511
538
530
541
513
561
561
559
549
533
542
510
551
551
506
513
502
525
545
506
523
507
454
437
458
425
389
360
302
290
233
184
135
81
50
-30
-34
-55
-116
-153
-207
-225
-254
-262
-280
-290
-292
-311
-303
-305
-324
-322
-306
-279
-265
-249
-219
-200
-198
-176
-164
-127
-113
-94
-18
6
32
79
127
171
238
331
418
527
637
735
891
1018
1116
1267
1412
1573
1714
1862
2007
2152
2291
2363
2503
2646
2751
2892
3081
3392
3637
3510
2679
1449
615
215
167
90
-102
-279
-803
-1276
-1459
-1613
-1870
-2167
-2026
-1419
-797
-268
101
165
37
123
615
1205
1650
1881
2046
2164
2249
2303
2055
1655
1230
903
852
812
530
-79
-802
-1320
-1632
-1808
-1857
-1987
-2138
-2172
-2047
-1789
-1597
-1513
-1404
-1188
-843
-389
-61
69
52
20
101
308
454
467
354
130
-77
-206
-295
-464
-574
-619
-614
-504
-412
-419
-419
-394
-224
155
612
1016
1367
1663
1892
2173
2507
2835
3171
3543
3927
4327
4627
4822
5001
4767
3597
1990
654
50
-191
-655
-1068
-1418
-1968
-2734
-3227
-3319
-3477
-3665
-3309
-2361
-1311
-493
76
440
563
736
1277
2096
2720
3080
3283
3387
3490
3300
2768
2015
1188
546
123
-123
-392
-924
-1735
-2510
-2917
-3085
-3165
-3119
-2896
-2611
-2208
-1636
-996
-532
-413
-321
18
485
961
1264
1346
1311
1181
982
811
537
126
-415
-933
-1230
-1416
-1584
-1785
-1970
-2115
-2153
-2069
-1909
-1755
-1640
-1391
-993
-503
-78
222
371
388
467
599
833
1009
1127
1266
1352
1384
1379
1333
1274
1255
1365
1639
1987
2344
2680
3056
3381
3729
3759
3132
1838
482
-102
-185
-255
-433
-666
-1013
-1637
-2162
-2329
-2491
-2757
-2731
-2125
-1182
-415
115
342
308
274
502
1062
1638
2066
2251
2379
2424
2242
1741
936
149
-370
-591
-628
-609
-811
-1409
-2099
-2503
-2694
-2740
-2703
-2478
-2156
-1793
-1296
-804
-592
-736
-746
-455
21
515
808
868
655
360
166
16
-170
-440
-782
-1048
-1315
-1537
-1739
-2018
-2231
-2316
-2192
-1974
-1781
-1604
-1467
-1289
-979
-534
-162
124
282
349
415
496
607
730
860
993
1121
1241
1237
1226
1267
1361
1553
1804
2104
2495
2839
3201
3570
3981
4117
3379
1967
487
-294
-474
-574
-695
-915
-1312
-1903
-2402
-2560
-2690
-2910
-2826
-2220
-1181
-209
431
707
652
597
769
1249
1822
2233
2323
2306
2255
1966
1340
372
-506
-993
-1258
-1287
-1207
-1366
-1876
-2531
-2886
-2919
-2856
-2660
-2310
-1747
-1163
-636
-157
57
-98
-277
-174
229
641
813
766
491
135
-227
-573
-863
-1128
-1404
-1596
-1676
-1684
-1811
-2068
-2268
-2345
-2220
-1976
-1671
-1358
-1099
-856
-544
-188
112
295
379
459
517
550
519
490
357
302
390
528
641
672
717
789
967
1249
1624
1975
2377
2803
3356
3912
4408
4535
3862
2553
1038
130
-238
-497
-663
-956
-1388
-1928
-2516
-2843
-3121
-3376
-3226
-2620
-1541
-489
219
592
653
695
886
1336
1882
2322
2534
2531
2375
1942
1238
291
-567
-1138
-1426
-1459
-1474
-1659
-2038
-2599
-2965
-3025
-2901
-2575
-2105
-1542
-966
-429
-24
228
193
121
178
415
733
843
728
414
-14
-409
-782
-1130
-1414
-1718
-1888
-1915
-1869
-1801
-1886
-2051
-2121
-2051
-1838
-1478
-1099
-733
-441
-160
135
348
472
524
533
578
593
553
456
224
-38
-249
-354
-323
-217
-51
193
499
884
1285
1659
2108
2534
2983
3488
4045
4694
5272
5142
4144
2582
953
-52
-697
-994
-1184
-1614
-2102
-2759
-3306
-3626
-3962
-4011
-3610
-2740
-1460
-279
555
1000
1071
1163
1442
1954
2558
3011
3179
3091
2716
2039
1137
57
-852
-1515
-1896
-1922
-1973
-2213
-2651
-3229
-3512
-3518
-3226
-2621
-1950
-1179
-430
207
703
950
959
806
748
950
1228
1325
1112
641
-15
-650
-1225
-1625
-1890
-2140
-2272
-2290
-2228
-2134
-2098
-2041
-1911
-1728
-1422
-1018
-581
-243
0
177
306
453
517
474
394
255
158
60
-96
-318
-582
-827
-1000
-1030
-875
-565
-205
131
462
863
1313
1817
2349
2904
3458
3995
4561
5104
5544
5479
4593
3096
1397
70
-725
-1247
-1599
-2056
-2656
-3301
-3932
-4322
-4527
-4481
-4079
-3253
-1999
-707
321
947
1258
1492
1791
2300
2942
3417
3607
3453
2945
2167
1208
138
-845
-1636
-2145
-2364
-2501
-2670
-3005
-3429
-3732
-3729
-3363
-2704
-1884
-1061
-332
299
826
1211
1459
1516
1541
1564
1624
1685
1522
1120
462
-329
-1123
-1804
-2229
-2458
-2593
-2650
-2623
-2537
-2408
-2256
-2041
-1769
-1452
-1049
-672
-323
-66
82
143
183
258
348
356
312
239
81
-81
-243
-391
-444
-478
-500
-435
-301
-85
184
510
891
1291
1689
2141
2648
3121
3551
3997
4441
4825
5163
4923
3818
2102
306
-834
-1421
-1685
-1864
-2265
-2862
-3614
-4240
-4424
-4323
-4003
-3357
-2402
-1106
116
1007
1535
1702
1820
2056
2478
3084
3515
3530
3124
2387
1453
454
-516
-1318
-1887
-2265
-2415
-2476
-2567
-2791
-3182
-3400
-3291
-2809
-1978
-1059
-184
520
979
1295
1550
1785
1935
2023
1974
1805
1552
1167
541
-326
-1202
-1955
-2440
-2667
-2747
-2771
-2818
-2810
-2697
-2434
-2066
-1648
-1273
-898
-537
-159
213
426
534
566
574
587
627
598
464
255
20
-157
-335
-503
-693
-883
-1020
-1069
-1010
-819
-505
-108
319
792
1283
1742
2218
2727
3232
3780
4304
4773
5186
5465
5354
4395
2619
601
-788
-1453
-1684
-1790
-2049
-2588
-3448
-4298
-4701
-4613
-4190
-3522
-2580
-1355
-96
918
1521
1735
1808
1956
2331
2951
3589
3891
3639
2931
1934
829
-248
-1040
-1543
-1929
-2221
-2418
-2614
-2883
-3298
-3611
-3622
-3294
-2598
-1662
-659
180
759
1136
1444
1727
1983
2183
2278
2182
1940
1459
760
1
-794
-1494
-2058
-2429
-2591
-2729
-2888
-2997
-2945
-2706
-2348
-1854
-1339
-937
-601
-324
-72
191
444
677
850
983
1052
1005
820
535
241
-53
-271
-434
-525
-627
-824
-1041
-1189
-1184
-1014
-653
-217
294
819
1343
1886
2400
2915
3346
3732
4128
4534
4932
5315
5289
4368
2567
440
-1066
-1833
-2069
-2036
-2178
-2617
-3435
-4222
-4568
-4487
-4093
-3475
-2634
-1435
-154
933
1702
2014
2082
2038
2196
2703
3368
3769
3663
3102
2159
1033
-99
-959
-1492
-1888
-2222
-2458
-2632
-2864
-3175
-3440
-3495
-3240
-2679
-1844
-855
75
740
1171
1462
1698
1906
2089
2188
2173
2029
1643
923
39
-799
-1490
-1995
-2302
-2440
-2560
-2712
-2850
-2846
-2699
-2415
-2002
-1522
-1058
-608
-231
92
321
490
639
796
941
1038
1043
874
616
310
22
-244
-468
-655
-857
-1076
-1220
-1306
-1275
-1087
-759
-349
155
667
1167
1678
2120
2547
3010
3463
3921
4354
4721
5026
5141
4573
3197
1328
-331
-1317
-1780
-1809
-1752
-1966
-2568
-3412
-4069
-4215
-3913
-3307
-2529
-1636
-634
276
974
1451
1678
1723
1797
2053
2584
3127
3342
3156
2575
1699
682
-189
-778
-1132
-1378
-1632
-1900
-2191
-2508
-2809
-3010
-3011
-2768
-2257
-1588
-801
-68
469
802
989
1106
1242
1429
1650
1802
1691
1281
725
126
-448
-910
-1255
-1520
-1760
-1994
-2153
-2203
-2180
-2054
-1912
-1722
-1460
-1172
-892
-580
-310
-93
95
251
461
629
705
691
606
462
320
168
48
-64
-224
-383
-576
-723
-786
-776
-635
-402
-112
203
534
878
1209
1537
1857
2210
2605
3025
3420
3793
4083
4303
4259
3617
2444
998
-189
-949
-1303
-1316
-1259
-1403
-1897
-2534
-3033
-3191
-3078
-2752
-2238
-1616
-944
-285
271
682
955
1092
1206
1414
1776
2177
2485
2561
2368
1910
1257
616
46
-373
-656
-906
-1159
-1450
-1744
-2000
-2190
-2298
-2269
-2107
-1828
-1373
-829
-296
173
497
655
720
773
834
875
815
696
459
194
-97
-346
-596
-888
-1155
-1457
-1641
-1697
-1684
-1576
-1460
-1363
-1284
-1223
-1123
-953
-751
-530
-265
-14
215
414
538
581
557
477
388
278
194
121
33
-75
-214
-379
-525
-608
-603
-472
-266
-16
231
478
724
973
1229
1548
1926
2356
2762
3157
3557
3896
4149
4026
3431
2426
1300
394
-227
-507
-531
-591
-844
-1336
-1993
-2502
-2804
-2878
-2747
-2458
-2044
-1546
-991
-406
163
607
897
1074
1285
1541
1849
2159
2333
2366
2177
1824
1418
980
572
161
-250
-655
-1039
-1362
-1588
-1750
-1875
-1923
-1934
-1880
-1747
-1497
-1172
-804
-419
-76
232
409
541
592
583
524
433
316
192
55
-91
-225
-427
-662
-922
-1168
-1327
-1383
-1349
-1270
-1144
-1056
-1001
-910
-799
-582
-352
-151
57
198
316
409
448
466
421
378
307
228
153
53
-69
-188
-314
-395
-436
-442
-372
-263
-130
38
193
410
669
952
1293
1632
1982
2304
2607
2934
3216
3498
3700
3629
3240
2603
1843
1084
424
-82
-378
-609
-838
-1132
-1430
-1709
-1952
-2140
-2278
-2324
-2258
-2047
-1647
-1098
-474
145
562
807
938
970
1042
1164
1322
1504
1611
1644
1587
1465
1262
959
590
177
-245
-623
-930
-1139
-1257
-1306
-1360
-1422
-1448
-1499
-1465
-1412
-1286
-1104
-902
-685
-518
-370
-229
-103
-23
50
104
124
129
91
-8
-81
-145
-210
-268
-309
-331
-360
-407
-464
-519
-553
-595
-573
-486
-371
-228
-163
-103
-78
-45
7
54
85
107
122
126
91
56
-7
-146
-264
-381
-444
-435
-355
-221
-54
116
275
422
594
777
987
1216
1483
1768
2048
2325
2574
2819
3014
3062
2895
2521
1984
1409
826
370
69
-135
-300
-492
-699
-890
-1089
-1263
-1438
-1576
-1673
-1729
-1673
-1497
-1167
-755
-344
4
256
434
556
650
737
815
881
922
947
972
1001
1002
943
808
570
287
-48
-364
-605
-786
-911
-973
-992
-982
-963
-966
-993
-1048
-1128
-1190
-1222
-1181
-1067
-909
-747
-569
-405
-260
-148
-46
31
102
163
241
228
205
188
148
109
95
119
116
71
-5
-43
-94
-113
-130
-154
-151
-148
-128
-122
-109
-141
-214
-317
-421
-485
-495
-438
-361
-274
-195
-100
-43
13
121
262
385
542
671
779
858
929
1025
1094
1198
1307
1422
1516
1649
1764
1876
1978
1974
1877
1697
1477
1205
930
677
440
205
-13
-184
-352
-473
-580
-718
-879
-1043
-1186
-1255
-1242
-1111
-893
-657
-450
-302
-168
-77
20
128
238
345
437
467
486
505
515
523
513
516
518
479
362
190
-8
-268
-491
-642
-705
-705
-662
-622
-598
-649
-765
-901
-1027
-1089
-1020
-865
-652
-450
-286
-173
-162
-159
-151
-142
-111
-66
-35
22
51
66
73
53
34
10
16
42
60
41
-18
-103
-206
-309
-340
-366
-341
-307
-295
-318
-342
-380
-454
-446
-404
-290
-115
70
191
317
396
441
505
585
641
679
735
803
849
916
978
972
979
970
990
1059
1151
1247
1293
1280
1193
1056
924
742
577
429
321
243
199
167
135
79
3
-89
-214
-348
-484
-635
-757
-832
-852
-827
-788
-734
-681
-621
-589
-527
-444
-375
-286
-133
3
154
323
469
579
636
662
643
559
483
381
274
180
80
-7
-119
-233
-366
-493
-607
-696
-810
-912
-1017
-1111
-1158
-1183
-1116
-960
-784
-574
-353
-167
15
106
172
184
171
159
113
97
113
143
128
55
-72
-205
-340
-419
-478
-493
-485
-455
-370
-278
-178
-58
34
101
161
215
290
347
400
407
412
398
366
339
295
237
178
148
132
108
78
48
39
24
63
127
229
369
545
761
996
1233
1408
1550
1601
1608
1578
1543
1467
1358
1202
991
733
445
183
-50
-221
-394
-530
-656
-791
-932
-1023
-1103
-1135
-1048
-904
-696
-441
-204
27
189
305
392
430
490
500
529
585
631
635
600
515
360
201
-9
-180
-328
-489
-597
-703
-760
-759
-722
-631
-543
-479
-425
-413
-400
-342
-291
-232
-175
-135
-115
-112
-126
-155
-206
-281
-354
-450
-541
-624
-683
-765
-795
-775
-708
-580
-423
-261
-128
10
127
208
320
423
534
646
762
832
798
725
554
372
184
11
-136
-257
-336
-443
-544
-616
-693
-741
-757
-747
-665
-508
-293
-72
142
330
492
630
745
864
1054
1259
1440
1645
1774
1867
1924
1892
1781
1599
1373
1142
910
684
454
263
93
-55
-204
-343
-424
-498
-564
-625
-680
-705
-689
-638
-563
-487
-382
-266
-139
-42
18
77
84
77
69
35
8
-3
3
29
85
135
149
151
105
31
-64
-150
-205
-223
-255
-247
-279
-333
-390
-458
-520
-638
-734
-818
-892
-943
-926
-896
-843
-779
-749
-708
-656
-576
-475
-361
-263
-193
-128
-60
-2
80
176
291
384
426
466
462
399
359
287
215
147
61
-8
-64
-163
-253
-358
-492
-617
-723
-759
-743
-723
-663
-599
-534
-448
-341
-199
-54
102
288
475
660
823
960
1076
1163
1252
1354
1457
1555
1630
1704
1722
1697
1622
1504
1357
1154
937
739
556
344
173
-2
-149
-238
-299
-317
-326
-354
-403
-459
-528
-552
-556
-502
-395
-280
-136
-47
39
108
144
166
174
197
218
233
260
277
289
294
268
233
185
106
-26
-162
-279
-414
-517
-629
-713
-777
-821
-836
-868
-887
-923
-965
-980
-980
-936
-828
-682
-515
-353
-245
-150
-68
5
73
127
186
200
185
158
141
143
119
89
55
6
-35
-104
-167
-211
-268
-286
-302
-303
-299
-269
-224
-206
-173
-127
-88
-53
-21
18
81
86
117
145
160
170
160
143
162
217
304
393
444
489
522
606
684
829
978
1160
1355
1550
1760
1913
1963
1895
1761
1534
1315
1047
789
534
272
63
-144
-349
-519
-678
-820
-968
-1125
-1203
-1238
-1196
-1096
-887
-639
-398
-164
67
255
416
572
668
737
761
770
741
716
694
610
471
283
67
-202
-476
-714
-907
-1038
-1114
-1128
-1095
-1018
-943
-851
-756
-651
-576
-517
-489
-473
-431
-365
-278
-183
-80
-25
-16
-28
-72
-136
-191
-225
-255
-266
-273
-284
-300
-304
-300
-287
-251
-212
-190
-181
-130
-94
-37
21
70
119
135
104
67
38
-35
-133
-215
-291
-350
-411
-445
-440
-420
-420
-355
-250
-90
99
296
490
669
840
1005
1204
1414
1646
1854
2033
2187
2289
2337
2256
2016
1682
1259
844
456
102
-187
-458
-682
-865
-1018
-1137
-1203
-1265
-1291
-1283
-1222
-1064
-842
-554
-195
161
456
704
850
942
953
946
926
863
818
724
631
474
310
97
-168
-434
-695
-889
-1068
-1147
-1169
-1132
-1101
-1070
-1006
-915
-795
-653
-497
-352
-242
-198
-192
-165
-143
-47
34
78
123
122
84
32
-50
-142
-220
-310
-345
-345
-318
-301
-327
-367
-417
-467
-475
-436
-366
-267
-188
-141
-105
-88
-111
-118
-107
-98
-84
-108
-145
-181
-246
-316
-334
-357
-342
-318
-282
-225
-146
-32
107
281
454
644
808
987
1176
1358
1525
1696
1872
2057
2217
2308
2288
2090
1761
1314
830
400
47
-214
-436
-637
-791
-959
-1082
-1144
-1157
-1079
-971
-806
-570
-308
2
306
572
803
959
1025
1064
1051
975
893
745
540
323
82
-129
-303
-512
-689
-885
-1058
-1220
-1300
-1297
-1204
-1049
-874
-664
-497
-361
-263
-165
-73
36
166
234
186
77
-58
-184
-313
-435
-501
-574
-648
-710
-759
-793
-809
-840
-880
-878
-849
-766
-638
-504
-360
-260
-180
-121
-64
5
66
124
192
213
217
167
103
41
-45
-108
-198
-262
-338
-423
-480
-514
-498
-446
-340
-210
-28
199
426
642
818
1013
1166
1337
1570
1771
1986
2170
2299
2389
2346
2080
1632
1121
616
137
-217
-439
-579
-687
-770
-845
-897
-878
-859
-823
-740
-552
-304
3
316
585
791
890
890
848
766
640
493
367
225
50
-97
-314
-512
-699
-895
-1046
-1153
-1192
-1164
-1079
-990
-845
-707
-579
-468
-387
-298
-174
-71
20
98
118
77
-41
-241
-472
-629
-741
-777
-767
-734
-733
-749
-744
-772
-769
-757
-717
-643
-541
-398
-282
-183
-106
-44
-22
-12
5
6
31
27
13
43
-9
-60
-95
-165
-193
-242
-278
-287
-308
-334
-363
-372
-354
-308
-227
-99
70
254
450
624
791
934
1056
1205
1370
1542
1718
1893
2071
2176
2181
1983
1590
1108
607
187
-124
-349
-490
-598
-700
-799
-890
-920
-933
-890
-792
-606
-343
-79
212
454
591
669
659
617
549
480
376
254
131
-28
-221
-429
-646
-842
-994
-1082
-1108
-1081
-984
-883
-783
-678
-572
-508
-432
-365
-278
-194
-117
-42
-14
-11
-104
-336
-590
-794
-908
-900
-840
-748
-657
-627
-630
-673
-692
-682
-649
-567
-479
-340
-201
-139
-128
-147
-142
-139
-89
-23
56
118
133
160
129
66
-15
-107
-170
-206
-211
-225
-265
-294
-340
-359
-384
-349
-263
-108
115
356
604
821
973
1081
1226
1365
1530
1676
1830
1946
2007
2011
1897
1560
1070
575
152
-164
-436
-604
-703
-791
-857
-930
-944
-886
-819
-727
-548
-279
24
318
518
643
698
654
573
480
400
294
153
23
-115
-292
-497
-684
-874
-1010
-1054
-1032
-908
-774
-631
-518
-443
-391
-325
-243
-183
-93
-6
74
98
77
0
-149
-412
-735
-954
-1041
-1011
-979
-886
-815
-800
-809
-809
-775
-708
-621
-495
-340
-176
-34
35
72
72
63
32
52
84
125
162
150
113
41
-73
-191
-277
-364
-409
-424
-444
-471
-497
-519
-517
-467
-375
-232
-62
163
399
633
815
976
1136
1259
1407
1565
1728
1838
1897
1906
1895
1784
1498
1045
557
147
-145
-375
-563
-695
-801
-866
-958
-983
-918
-821
-683
-522
-252
69
315
498
598
616
596
539
500
441
330
208
87
-76
-260
-452
-666
-847
-937
-940
-878
-759
-637
-534
-466
-398
-355
-294
-222
-141
-70
5
66
98
63
-22
-193
-484
-769
-965
-984
-950
-916
-840
-829
-822
-848
-850
-809
-760
-644
-505
-351
-185
-51
1
16
15
25
74
131
186
225
203
156
91
-12
-138
-255
-324
-368
-395
-403
-447
-542
-613
-650
-663
-614
-509
-363
-183
14
254
482
709
911
1073
1253
1417
1614
1797
1924
2005
2027
2016
1885
1563
1137
700
323
55
-195
-447
-638
-804
-892
-978
-1002
-934
-849
-688
-488
-248
13
210
332
401
419
440
453
473
419
349
293
165
20
-177
-373
-564
-731
-813
-830
-791
-737
-709
-655
-620
-572
-478
-400
-326
-258
-133
-8
71
103
98
-40
-241
-469
-648
-706
-700
-694
-711
-744
-780
-801
-854
-872
-857
-765
-627
-489
-332
-227
-156
-139
-103
-61
-2
69
129
194
220
232
214
147
32
-53
-144
-197
-243
-301
-376
-472
-570
-641
-674
-661
-617
-540
-374
-189
28
263
460
639
799
957
1123
1315
1500
1665
1788
1897
1962
1963
1844
1570
1210
843
583
369
171
-54
-280
-441
-572
-675
-720
-760
-749
-669
-519
-351
-186
-39
52
121
176
206
239
245
228
196
169
127
59
-50
-177
-310
-427
-463
-496
-489
-520
-510
-498
-475
-467
-474
-456
-446
-399
-339
-266
-208
-173
-194
-263
-396
-522
-621
-630
-599
-571
-534
-523
-545
-569
-568
-575
-548
-488
-391
-286
-192
-118
-108
-126
-147
-152
-142
-83
6
46
101
124
93
62
-7
-68
-103
-105
-87
-93
-111
-146
-208
-269
-298
-316
-317
-246
-166
-58
51
147
252
372
471
591
719
870
1023
1151
1282
1380
1473
1505
1501
1404
1274
1137
1014
897
764
585
389
187
12
-115
-217
-336
-419
-475
-508
-494
-486
-476
-455
-420
-372
-309
-240
-205
-167
-118
-61
-8
12
3
-8
-31
-59
-85
-104
-143
-200
-265
-349
-400
-431
-473
-516
-561
-588
-604
-582
-550
-518
-506
-500
-506
-502
-463
-408
-346
-321
-269
-268
-268
-278
-290
-305
-304
-290
-309
-290
-303
-312
-333
-369
-374
-357
-335
-288
-216
-170
-141
-94
-54
-28
-11
23
51
74
95
108
89
24
-52
-120
-183
-229
-259
-266
-285
-304
-303
-310
-297
-281
-236
-180
-98
33
187
315
464
601
746
887
995
1124
1213
1286
1295
1292
1295
1245
1157
1043
906
766
633
513
387
234
70
-82
-196
-267
-315
-346
-377
-405
-405
-409
-391
-395
-401
-390
-380
-342
-321
-285
-279
-294
-303
-327
-387
-455
-508
-547
-566
-565
-547
-527
-521
-543
-546
-513
-474
-464
-468
-471
-460
-446
-401
-346
-343
-365
-438
-486
-501
-523
-534
-542
-548
-554
-536
-510
-486
-490
-471
-423
-349
-252
-154
-58
-5
50
92
163
226
236
272
290
306
286
258
201
108
11
-43
-99
-100
-77
-72
-64
-58
-33
6
40
82
173
286
457
627
768
902
1026
1097
1176
1220
1238
1240
1242
1244
1176
1109
990
832
690
533
401
257
106
-17
-139
-237
-309
-378
-449
-504
-520
-503
-454
-394
-352
-321
-287
-266
-242
-233
-233
-244
-247
-252
-251
-282
-326
-374
-435
-491
-555
-580
-625
-619
-622
-570
-535
-556
-527
-522
-493
-437
-387
-335
-319
-315
-304
-317
-341
-361
-388
-433
-475
-473
-474
-467
-459
-444
-437
-417
-366
-325
-244
-143
-40
54
146
204
247
291
299
329
326
329
323
273
229
159
99
13
-84
-169
-223
-258
-274
-261
-209
-185
-122
-47
16
119
221
367
522
681
835
1002
1132
1233
1272
1285
1284
1257
1233
1180
1127
1055
934
801
653
501
337
164
-7
-146
-248
-326
-386
-452
-486
-529
-509
-480
-448
-428
-392
-348
-307
-234
-179
-147
-143
-156
-158
-149
-171
-221
-277
-308
-382
-417
-455
-515
-564
-615
-658
-670
-689
-705
-685
-648
-625
-592
-539
-531
-521
-512
-480
-451
-424
-408
-411
-442
-466
-485
-508
-506
-507
-496
-443
-380
-324
-245
-182
-135
-62
19
78
140
210
271
345
377
374
365
316
271
233
200
144
69
10
-54
-107
-127
-152
-144
-119
-93
-45
35
141
261
398
521
670
806
958
1097
1194
1243
1286
1307
1318
1317
1245
1164
1051
908
792
684
532
376
206
37
-112
-239
-324
-402
-494
-574
-591
-597
-609
-595
-589
-562
-519
-450
-381
-310
-264
-252
-217
-206
-192
-187
-213
-215
-213
-217
-233
-249
-295
-366
-432
-474
-545
-607
-641
-641
-607
-566
-546
-557
-584
-620
-606
-559
-518
-482
-448
-397
-359
-332
-339
-344
-365
-385
-358
-309
-256
-199
-157
-128
-89
-68
-31
9
27
69
124
209
229
248
259
228
211
196
194
195
183
182
182
181
163
131
112
108
137
172
238
294
365
431
545
625
717
850
918
973
1008
1035
1050
1051
1020
1010
974
914
843
761
654
555
460
345
246
129
28
-66
-139
-218
-303
-353
-417
-469
-514
-537
-543
-533
-531
-509
-483
-461
-426
-383
-333
-321
-319
-278
-265
-244
-224
-236
-254
-280
-311
-369
-407
-450
-473
-484
-479
-494
-527
-536
-560
-557
-545
-524
-508
-482
-458
-419
-386
-361
-304
-294
-271
-257
-237
-212
-212
-202
-189
-152
-138
-126
-113
-114
-96
-65
-53
-24
-12
40
66
118
167
178
218
248
270
314
354
391
429
416
410
397
385
395
405
411
405
435
472
529
556
617
672
696
712
739
769
758
780
795
809
801
767
758
704
654
597
533
465
383
315
217
128
51
-22
-114
-200
-298
-379
-444
-499
-542
-592
-628
-659
-689
-690
-644
-616
-579
-531
-480
-419
-393
-356
-332
-324
-317
-337
-358
-369
-384
-373
-370
-369
-404
-457
-500
-534
-527
-531
-508
-511
-500
-483
-455
-433
-406
-380
-327
-270
-228
-176
-149
-124
-135
-123
-106
-105
-101
-110
-101
-106
-96
-93
-108
-119
-121
-88
-42
13
69
119
177
209
265
344
394
435
490
539
578
590
605
610
616
619
609
636
656
682
706
722
733
720
689
650
617
617
646
662
661
627
591
531
457
414
362
310
253
231
193
162
109
38
-28
-106
-180
-246
-300
-345
-387
-397
-414
-456
-509
-561
-591
-591
-575
-564
-535
-518
-496
-502
-489
-502
-517
-512
-523
-500
-480
-442
-444
-456
-460
-487
-501
-508
-520
-504
-475
-459
-448
-428
-407
-419
-426
-370
-330
-270
-230
-183
-92
-58
-5
18
29
42
49
67
97
98
80
50
26
19
6
23
48
69
101
125
148
188
188
235
273
319
393
444
500
550
573
582
604
617
631
665
710
744
781
796
811
798
795
748
696
676
659
684
672
657
602
539
465
421
368
303
256
192
165
117
70
15
-64
-130
-194
-240
-289
-326
-361
-375
-378
-377
-404
-445
-493
-523
-515
-514
-501
-497
-505
-499
-509
-523
-534
-530
-527
-518
-494
-470
-457
-468
-464
-481
-471
-468
-469
-463
-460
-452
-440
-422
-397
-396
-368
-348
-327
-277
-238
-188
-148
-88
-62
-5
22
69
119
142
165
177
193
186
201
184
180
149
154
171
173
199
204
228
243
285
301
320
373
405
433
471
524
555
579
613
624
654
666
687
734
732
752
763
744
699
641
579
554
532
515
503
434
359
300
256
229
184
128
77
51
21
-5
-12
-61
-108
-167
-199
-233
-264
-291
-323
-322
-342
-356
-382
-431
-489
-536
-539
-538
-580
-606
-627
-631
-630
-614
-620
-625
-654
-674
-635
-602
-568
-521
-505
-494
-488
-479
-474
-453
-436
-413
-348
-325
-289
-281
-264
-226
-197
-177
-145
-105
-73
-14
16
53
68
74
100
118
110
129
172
185
180
184
198
218
212
199
208
198
206
235
254
294
319
343
393
438
483
517
558
584
622
657
665
672
667
672
674
682
669
658
643
587
551
465
378
356
304
287
254
211
157
78
57
44
30
22
-7
-19
-36
-35
-28
-56
-67
-97
-113
-149
-171
-198
-239
-263
-303
-317
-367
-436
-500
-556
-565
-581
-609
-628
-646
-680
-716
-694
-698
-719
-699
-699
-665
-619
-612
-586
-565
-534
-508
-482
-453
-419
-398
-339
-294
-258
-208
-180
-145
-104
-70
-31
7
52
66
83
117
128
147
131
160
172
161
161
161
163
153
162
150
152
136
152
153
158
194
216
228
262
313
354
417
469
498
555
603
629
657
673
680
674
677
659
629
615
570
553
517
476
436
355
293
222
147
122
97
76
51
16
-28
-50
-30
-62
-93
-89
-66
-62
-55
-52
-48
-70
-94
-105
-109
-131
-175
-205
-254
-271
-314
-373
-429
-486
-510
-521
-537
-567
-598
-609
-609
-621
-604
-606
-586
-562
-543
-525
-497
-489
-482
-448
-409
-386
-378
-357
-328
-304
-246
-204
-195
-157
-126
-91
-51
-21
-5
38
72
108
128
181
218
229
246
268
284
271
282
267
244
233
216
217
205
187
185
178
208
186
222
230
237
279
284
327
354
368
402
448
459
495
521
509
513
518
520
494
483
461
418
394
349
303
251
210
168
128
58
18
-13
-58
-64
-79
-85
-95
-125
-137
-134
-146
-145
-156
-150
-142
-169
-168
-199
-226
-253
-285
-306
-313
-349
-373
-401
-438
-466
-506
-539
-562
-555
-559
-555
-536
-524
-523
-492
-495
-485
-455
-421
-373
-352
-320
-283
-265
-264
-242
-230
-207
-204
-202
-177
-174
-169
-149
-131
-110
-90
-71
-35
-4
38
60
104
154
195
236
280
295
307
325
313
314
322
297
287
280
261
238
221
195
189
194
176
170
182
210
215
218
239
249
243
249
268
291
283
295
295
311
317
296
281
249
232
216
176
121
96
53
18
-14
-48
-87
-117
-136
-158
-184
-229
-217
-219
-238
-218
-211
-222
-217
-205
-193
-183
-195
-188
-200
-218
-220
-239
-250
-269
-291
-301
-328
-346
-361
-383
-399
-402
-407
-401
-394
-374
-375
-347
-323
-314
-295
-269
-257
-237
-207
-214
-176
-158
-148
-131
-128
-119
-103
-97
-77
-71
-38
-20
-7
11
3
23
64
81
112
136
158
181
191
213
212
220
236
231
235
229
220
231
225
216
210
215
213
212
228
227
235
247
233
255
246
229
219
205
196
182
194
175
175
190
186
172
163
145
139
127
109
97
69
59
31
2
-11
-30
-56
-54
-88
-104
-104
-114
-133
-144
-119
-120
-130
-123
-127
-124
-103
-104
-85
-86
-95
-104
-120
-143
-145
-153
-177
-182
-211
-204
-213
-254
-259
-257
-276
-262
-251
-231
-198
-184
-162
-118
-111
-117
-87
-88
-65
-52
-27
-14
-9
11
16
27
22
40
39
36
48
61
62
56
92
99
107
124
132
164
177
186
187
193
180
195
194
181
196
173
175
164
156
145
126
127
126
127
120
107
102
114
119
110
123
134
119
138
150
149
171
170
164
169
186
183
173
155
139
119
111
78
42
27
-13
-39
-55
-87
-107
-108
-117
-122
-114
-108
-90
-74
-76
-52
-16
8
27
47
47
48
45
54
20
8
-17
-39
-44
-67
-88
-127
-151
-173
-183
-206
-206
-210
-195
-183
-171
-144
-125
-111
-102
-69
-50
-46
-24
-3
2
24
33
27
22
27
17
21
16
20
22
24
32
25
58
68
96
112
134
140
137
179
193
200
192
178
180
179
173
168
159
135
120
117
74
58
55
42
37
40
21
33
19
37
50
49
50
64
90
88
126
132
151
162
150
154
170
169
171
149
140
127
103
87
81
63
36
28
33
16
-11
14
-2
6
13
3
18
45
52
61
83
94
117
120
120
105
93
106
73
76
44
26
37
-5
-14
-40
-56
-68
-72
-79
-76
-79
-53
-55
-52
-15
-4
29
45
48
55
72
65
85
76
70
71
48
54
54
32
23
37
30
29
31
42
57
61
89
107
120
138
164
177
204
223
239
258
248
259
260
247
234
227
229
216
204
192
159
119
108
105
83
82
79
93
109
104
109
101
114
113
120
149
168
184
200
219
217
222
211
218
225
227
224
205
227
211
213
195
184
189
159
161
164
153
150
126
124
124
122
140
132
145
161
167
181
172
174
151
157
136
135
122
100
101
80
77
63
36
19
32
43
49
45
64
76
79
108
136
147
147
164
163
170
178
181
181
187
172
159
138
121
111
86
80
80
79
73
85
110
119
127
148
180
217
229
251
262
284
286
292
304
299
303
294
290
313
291
265
247
244
216
224
208
203
187
186
206
184
192
181
159
171
177
180
178
195
214
220
230
227
248
243
254
266
250
253
252
273
246
259
250
216
232
225
211
201
202
188
195
187
202
201
205
216
209
214
213
219
204
206
188
163
166
147
139
118
95
94
83
67
58
55
53
76
84
82
105
108
119
147
158
188
192
212
215
219
219
221
220
203
193
177
168
150
148
122
110
114
95
97
100
100
108
126
132
147
157
186
212
228
242
248
268
266
279
275
260
272
269
255
250
241
234
226
213
209
203
204
204
210
193
180
194
199
205
194
186
186
169
170
176
186
185
179
181
181
176
177
158
149
155
139
148
119
107
112
94
93
99
95
96
99
106
110
122
126
129
140
147
148
144
141
151
152
139
141
123
98
87
78
60
71
35
8
19
0
-7
-8
15
37
23
37
52
78
78
90
109
120
141
127
148
165
185
191
187
193
184
176
174
154
152
160
156
131
131
130
113
108
113
114
107
101
95
103
107
99
106
94
110
108
110
127
122
115
123
120
128
126
116
117
119
125
119
107
90
93
80
75
67
56
41
28
23
19
21
12
28
27
20
9
12
-7
-15
-36
-30
-20
-11
-21
-12
0
-9
1
-3
-8
4
2
0
24
35
48
51
69
76
72
64
73
63
57
40
11
25
19
-14
4
-19
-45
-50
-67
-59
-68
-69
-61
-52
-51
-44
-31
-30
-16
2
12
15
22
44
57
61
84
79
90
79
74
92
100
81
86
63
47
59
30
35
45
30
33
18
17
4
-4
12
-1
-4
-15
2
19
9
18
16
38
33
39
69
63
78
70
54
40
36
39
19
21
31
17
25
14
6
-4
-13
-4
-4
-22
-13
2
-24
-14
-18
-14
-27
-36
-48
-57
-45
-44
-36
-39
-53
-39
-53
-49
-46
-40
-35
-19
-5
-14
5
12
19
24
33
22
37
41
27
15
-2
-1
-20
-21
-21
-33
-36
-68
-60
-60
-83
-70
-86
-67
-68
-61
-56
-62
-41
-36
-18
-7
2
-5
4
15
9
5
14
17
5
10
-5
5
8
-17
-32
-38
-43
-35
-41
-42
-49
-41
-38
-50
-49
-36
-25
-30
-22
-15
-13
-19
-26
-26
-32
-24
-37
-52
-61
-60
-60
-75
-72
-82
-87
-87
-111
-112
-110
-114
-107
-114
-89
-87
-103
-85
-85
-83
-83
-80
-75
-89
-77
-79
-96
-94
-132
-111
-102
-120
-111
-114
-116
-122
-118
-128
-106
-105
-96
-87
-88
-63
-67
-55
-48
-56
-59
-60
-59
-80
-92
-88
-95
-125
-136
-132
-138
-149
-151
-137
-150
-152
-141
-152
-136
-124
-140
-124
-102
-107
-91
-78
-87
-87
-87
-87
-88
-100
-107
-112
-109
-112
-110
-139
-126
-142
-160
-143
-166
-158
-148
-135
-132
-123
-120
-109
-104
-102
-79
-84
-70
-60
-57
-72
-59
-71
-86
-92
-106
-112
-125
-134
-155
-158
-162
-169
-177
-187
-176
-167
-170
-152
-151
-148
-131
-125
-116
-101
-92
-87
-99
-88
-80
-84
-89
-89
-119
-121
-127
-131
-120
-139
-137
-122
-117
-135
-124
-119
-117
-93
-85
-80
-53
-55
-48
-47
-41
-45
-66
-66
-65
-66
-83
-88
-101
-107
-121
-135
-143
-159
-162
-165
-170
-164
-159
-152
-153
-153
-144
-151
-137
-139
-144
-132
-114
-117
-114
-123
-127
-119
-106
-119
-112
-121
-121
-116
-120
-120
-145
-148
-151
-146
-166
-160
-147
-163
-141
-148
-144
-141
-129
-116
-110
-120
-119
-87
-106
-90
-81
-99
-119
-115
-107
-104
-107
-120
-115
-130
-132
-132
-130
-150
-150
-141
-159
-147
-137
-129
-129
-142
-142
-129
-140
-140
-125
-106
-100
-95
-102
-109
-103
-105
-95
-101
-92
-85
-87
-81
-57
-58
-56
-69
-73
-59
-42
-36
-51
-51
-50
-40
-67
-59
-77
-97
-90
-95
-86
-118
-115
-120
-125
-133
-139
-144
-144
-144
-151
-146
-147
-148
-152
-141
-141
-137
-125
-117
-122
-126
-127
-116
-114
-106
-98
-112
-99
-88
-85
-95
-97
-97
-117
-123
-122
-117
-122
-134
-125
-125
-131
-133
-143
-130
-144
-121
-121
-116
-98
-93
-89
-72
-50
-56
-40
-48
-41
-47
-54
-43
-40
-52
-58
-54
-67
-80
-87
-103
-112
-114
-114
-115
-136
-130
-118
-127
-110
-109
-99
-96
-98
-84
-75
-89
-87
-85
-90
-83
-84
-59
-80
-80
-71
-83
-59
-58
-68
-66
-65
-61
-57
-38
-69
-70
-48
-49
-67
-73
-71
-69
-58
-37
-52
-69
-89
-100
-112
-102
-122
-132
-128
-153
-137
-138
-131
-149
-134
-133
-118
-129
-124
-101
-107
-108
-97
-91
-86
-86
-79
-61
-60
-69
-78
-75
-84
-79
-82
-89
-112
-97
-91
-79
-69
-84
-81
-75
-65
-69
-65
-68
-46
-41
-35
-20
-17
-21
-19
8
-6
-18
-21
-1
-4
-18
-20
-53
-42
-46
-46
-57
-61
-64
-68
-71
-65
-60
-79
-57
-41
-43
-28
-17
-34
-22
-40
-43
-54
-60
-46
-55
-50
-71
-54
-53
-55
-73
-74
-63
-68
-68
-67
-66
-52
-41
-46
-33
-39
-22
-22
-27
-7
-6
-5
-1
-5
-11
19
-10
-14
-18
-25
-41
-53
-51
-67
-68
-71
-81
-88
-90
-78
-98
-76
-72
-82
-65
-56
-52
-37
-21
-41
-30
-6
-12
-12
-3
2
9
5
-3
-8
-17
-5
10
6
9
8
18
5
1
20
33
20
19
26
32
26
25
33
24
25
13
17
14
7
10
9
5
-5
-13
-23
-30
-33
-22
-10
-24
-28
-31
-24
-22
-29
-25
-14
-18
-7
-24
-31
-35
-35
-45
-52
-43
-44
-66
-68
-69
-70
-63
-58
-61
-62
-54
-47
-38
-16
-13
-6
12
-1
4
18
31
21
37
48
47
38
33
48
44
27
30
21
2
9
9
13
3
-8
-15
-19
-11
-4
-1
-9
3
8
6
13
11
17
6
13
15
18
25
21
29
27
31
33
35
24
14
29
25
36
31
28
17
24
36
27
40
44
35
40
41
42
53
50
58
54
47
41
36
46
27
23
20
12
11
1
4
-5
5
-20
-12
-9
-15
0
0
-2
-7
0
9
20
8
9
23
16
19
27
10
24
17
-2
-1
8
9
0
14
14
-3
3
15
12
33
43
56
54
57
82
76
72
69
68
84
78
82
74
90
81
63
68
66
71
73
63
77
67
56
64
51
56
58
63
61
55
69
79
86
56
59
76
62
73
71
73
59
50
63
76
49
44
48
50
55
52
53
52
52
48
56
59
51
61
59
69
69
58
71
66
66
68
65
67
81
78
86
81
81
83
69
81
76
66
47
53
35
26
50
33
39
44
41
30
52
47
49
55
65
85
94
91
96
94
74
94
106
97
100
93
104
103
112
101
86
93
101
117
103
96
116
105
113
112
110
116
116
114
116
112
116
113
115
112
102
109
119
105
105
102
99
90
83
76
65
71
75
68
77
79
86
95
82
86
95
98
102
119
118
106
115
117
119
103
102
97
88
95
101
81
88
99
78
87
63
60
72
65
76
59
75
102
95
96
106
116
128
131
138
125
134
137
125
124
111
106
110
103
73
82
75
70
50
41
36
39
51
54
64
56
76
75
104
102
102
100
104
116
112
127
134
143
141
140
140
130
123
124
121
108
119
117
121
117
135
118
116
115
106
126
116
128
136
133
136
138
133
142
140
133
127
126
120
104
108
115
92
85
75
70
65
52
75
80
72
69
70
84
94
98
87
116
112
113
117
116
115
105
102
114
116
87
90
82
76
70
69
60
57
47
69
72
68
65
72
86
87
85
106
98
103
115
113
104
114
121
106
117
90
96
85
92
108
83
67
75
71
72
77
67
66
71
83
79
80
80
83
82
71
83
79
85
93
85
83
92
99
86
75
73
73
76
90
85
73
76
78
71
66
82
85
77
80
77
91
91
87
98
85
81
85
84
77
104
90
82
69
60
46
36
35
19
26
11
31
35
27
32
31
57
47
71
57
60
78
72
75
81
82
99
106
94
98
91
95
83
73
76
59
45
55
54
50
50
31
42
44
42
50
40
50
66
68
78
75
76
82
92
73
71
70
61
74
68
78
86
57
67
72
71
67
24
30
27
30
51
55
49
55
53
57
66
77
67
78
91
90
79
86
98
102
90
69
87
83
84
78
79
92
100
90
94
85
86
91
98
101
101
99
105
109
123
117
105
104
98
103
81
77
72
71
63
49
49
49
49
39
43
46
46
67
59
46
50
63
64
81
95
99
107
98
103
99
94
94
83
91
94
91
95
92
73
76
86
68
67
83
76
78
82
77
80
73
84
77
82
89
89
73
96
87
81
93
69
69
90
71
59
73
78
87
98
87
88
85
83
84
78
87
81
85
75
76
64
57
67
62
63
70
70
63
66
67
61
68
66
59
69
65
63
64
75
74
78
72
66
63
74
89
99
81
84
87
86
91
97
82
74
82
80
77
67
64
63
53
40
47
42
40
30
16
20
26
22
27
40
54
73
72
61
73
69
80
77
74
74
71
76
78
77
70
81
70
73
57
72
58
55
61
61
66
67
74
47
46
38
45
31
23
24
34
14
18
28
18
19
24
32
19
38
33
42
44
37
37
45
36
46
42
24
36
44
38
27
32
40
32
25
42
41
36
41
37
39
44
28
40
44
34
35
53
47
40
48
39
57
48
45
46
52
45
59
64
56
57
49
49
45
52
57
42
48
36
47
30
14
23
16
10
-4
-11
-35
-23
-18
-21
-23
-16
-28
-17
-10
-12
5
-1
12
8
4
27
16
30
21
27
36
21
33
31
29
14
14
6
12
11
11
14
6
24
28
31
34
24
41
39
31
29
50
41
46
50
26
40
38
25
34
29
28
24
33
12
10
2
-3
12
13
8
8
6
17
19
-5
13
18
6
8
6
18
17
11
21
19
24
20
22
31
19
20
21
22
15
12
8
-4
22
7
7
4
25
16
26
40
18
42
48
52
47
36
47
48
49
33
24
23
0
-15
-15
-10
-11
-31
-32
-35
-20
-32
-26
-12
-19
4
28
11
14
33
26
26
21
36
32
15
30
22
29
31
26
24
16
24
22
24
27
25
26
36
39
40
35
33
24
42
45
47
42
55
50
30
44
35
37
23
24
38
30
12
19
27
10
16
12
15
4
-6
8
5
7
4
16
21
22
21
22
14
16
21
22
38
22
19
18
10
-1
-14
-10
-1
5
-12
-4
9
2
23
27
29
27
37
45
36
36
45
42
42
43
29
40
21
27
23
1
24
3
-10
-17
-25
-16
-24
-32
-22
-19
-17
-18
-14
-8
-2
-1
21
33
35
26
41
56
53
65
46
47
43
54
33
25
22
15
12
7
11
-10
9
9
7
5
5
8
25
24
24
30
36
39
62
65
48
46
35
53
31
34
48
47
46
35
31
24
31
23
23
19
25
29
26
21
13
24
10
10
18
14
5
21
10
0
9
-16
3
5
-5
-14
9
4
10
26
26
31
19
34
35
37
46
36
47
31
38
60
37
48
36
26
22
19
20
14
7
-7
-2
-12
-15
-8
-46
-32
-11
-19
-24
-32
-10
-1
-12
-2
-6
13
25
25
31
39
37
35
56
38
28
43
44
42
22
30
44
22
17
7
-4
-22
-9
16
-6
-1
3
0
4
15
15
18
4
26
27
22
10
21
22
14
29
23
17
11
11
6
3
-1
10
3
0
16
12
6
15
21
12
12
15
22
9
-16
-3
-2
1
1
-1
-14
-6
-2
-8
2
5
14
-9
5
3
-1
4
7
1
16
28
28
22
9
29
28
31
44
36
24
33
29
40
32
25
43
45
17
18
34
25
22
17
4
7
-2
-11
-7
-5
12
3
-2
15
5
2
13
16
33
28
39
63
46
55
46
60
51
50
49
44
45
49
36
36
40
18
41
40
35
39
37
34
41
40
31
20
34
29
26
33
44
41
38
41
36
34
39
55
56
56
37
44
51
55
59
47
49
51
48
41
38
40
55
53
60
57
62
64
64
58
62
64
44
69
67
57
64
67
72
51
53
50
35
51
33
53
69
54
74
70
76
91
104
101
80
81
96
91
89
94
76
71
64
80
71
61
78
55
47
37
57
45
41
43
32
41
40
48
40
51
65
55
42
45
55
67
74
78
60
68
70
45
69
48
47
62
62
68
58
65
67
59
75
76
69
70
62
81
75
73
82
79
63
77
77
55
63
49
48
48
67
45
51
54
46
42
45
57
44
46
46
47
69
56
65
78
58
73
86
84
94
89
91
75
93
86
74
72
56
68
61
72
47
44
51
45
40
35
55
40
41
53
75
73
80
84
98
83
79
90
78
88
83
70
84
89
61
73
54
46
55
53
36
40
51
45
50
30
50
42
47
42
40
35
34
58
41
38
52
49
45
51
38
47
44
34
39
41
51
58
66
54
63
63
56
66
38
53
59
68
71
59
64
66
72
64
62
71
72
66
69
61
48
59
52
61
42
40
50
47
56
37
54
46
50
55
67
73
76
69
72
78
78
81
81
80
69
60
69
82
72
51
61
63
41
42
45
38
40
43
53
51
44
53
65
58
45
72
56
62
62
51
56
42
51
49
49
41
43
39
39
18
12
24
33
21
28
25
34
29
19
41
40
39
44
57
55
73
67
76
68
70
78
77
63
73
66
58
81
70
68
63
81
68
56
53
65
63
55
60
71
72
66
65
74
75
73
73
69
64
72
91
84
71
50
56
58
66
53
49
42
23
17
20
39
40
27
23
35
39
41
43
46
57
66
70
65
74
70
71
71
72
81
72
80
68
64
63
50
47
64
70
44
54
40
41
58
59
50
44
49
63
51
56
54
64
62
41
59
57
68
65
61
52
58
69
64
40
41
53
41
39
53
57
32
44
46
32
31
27
39
39
47
54
52
51
54
55
65
71
56
57
53
58
59
63
50
66
66
55
53
54
72
79
82
82
76
72
76
76
75
63
69
69
62
52
56
43
46
49
31
46
48
62
45
46
43
43
40
28
33
36
49
43
49
35
45
51
56
66
57
73
64
61
70
73
87
64
85
79
76
79
67
81
77
70
72
99
83
77
77
83
83
80
92
86
95
76
92
80
79
90
66
68
70
66
58
72
64
71
74
66
52
51
58
57
54
73
71
57
49
64
74
54
72
79
79
74
79
79
80
87
86
84
89
90
76
89
63
73
79
70
59
65
67
60
72
62
83
72
71
84
78
70
72
91
75
76
92
91
91
85
109
108
86
96
81
75
90
74
76
72
63
58
64
55
60
59
49
63
65
57
54
70
81
83
53
70
86
71
61
73
74
81
84
74
93
102
93
103
89
97
101
105
113
102
112
108
120
90
93
82
81
101
90
92
88
91
86
84
88
90
95
87
89
93
84
88
83
93
85
81
104
96
99
96
83
88
82
100
95
109
91
89
98
92
106
87
87
83
87
76
91
92
86
82
76
79
75
74
76
77
90
78
86
86
72
88
82
77
85
90
81
73
82
83
93
70
71
69
62
64
65
47
54
72
56
59
55
65
63
60
68
68
65
56
67
63
64
58
66
48
61
62
62
69
70
83
88
70
65
86
80
84
77
74
67
72
81
70
58
80
81
64
81
67
73
67
66
69
52
68
53
70
57
62
64
58
47
53
59
42
39
37
33
41
46
45
47
49
59
54
61
73
73
88
89
77
91
82
91
76
68
73
67
64
64
70
64
56
62
56
56
61
58
54
64
73
88
73
74
70
57
86
68
82
95
95
88
101
94
83
83
84
86
84
82
86
73
76
71
71
90
78
67
86
85
83
89
79
77
84
87
84
80
100
85
96
85
84
99
85
99
94
101
92
89
92
101
100
108
112
105
98
98
111
97
93
110
102
114
114
111
108
121
112
95
102
102
98
91
93
85
77
94
83
85
80
84
86
99
90
82
83
84
90
74
82
99
106
85
89
96
88
85
87
85
93
101
74
66
58
67
71
75
72
74
72
57
79
60
81
69
63
78
66
66
79
77
70
93
83
91
80
87
76
84
87
92
85
70
87
82
82
84
88
78
74
81
95
84
89
85
81
77
78
80
73
64
54
62
69
62
41
65
73
76
63
68
73
62
56
68
74
61
67
66
68
62
57
59
59
57
63
61
64
59
56
41
57
57
33
51
42
33
45
41
40
48
60
48
33
46
59
46
50
42
43
34
46
54
61
55
50
60
53
49
53
55
42
37
49
40
45
50
53
43
47
47
34
51
51
46
22
41
46
36
37
24
30
39
31
44
28
13
38
33
34
39
46
52
45
34
26
39
33
28
29
21
33
30
22
26
19
35
17
30
35
22
47
44
30
34
46
51
51
42
36
31
30
32
10
22
22
22
24
1
4
11
20
19
14
6
23
7
-6
21
8
0
7
5
5
3
3
1
-3
18
9
2
4
-4
14
-1
3
13
14
21
29
19
26
17
28
35
28
24
25
39
41
45
44
34
38
31
41
50
29
53
53
34
39
47
33
27
38
49
59
33
29
38
45
40
29
37
41
39
28
17
23
16
13
18
19
22
13
32
28
26
42
17
25
20
5
27
27
33
21
15
23
23
32
30
25
26
23
28
36
34
22
21
26
36
34
35
38
18
20
21
29
17
6
11
15
4
13
15
21
38
26
39
35
35
39
38
37
32
34
32
39
43
29
34
28
31
28
20
16
33
45
37
42
34
16
36
24
40
46
23
23
35
41
49
34
22
35
20
16
2
23
6
-7
12
9
12
16
-4
-3
-9
-10
-1
-1
-11
8
12
2
-5
-8
6
-19
1
-9
-14
-6
-23
-21
-21
-7
-7
-23
-21
-22
-18
-28
-24
-33
-44
-23
-24
-29
-21
-27
-20
-31
-40
-36
-40
-31
-35
-30
-23
-46
-33
-17
-27
-20
-26
-28
-33
-24
-17
-30
-20
-1
-5
-11
6
-11
-6
-5
0
-2
-13
4
-1
7
8
1
0
13
-1
-10
-1
-8
-10
-26
-25
-36
-16
-20
-34
-34
-24
-9
-19
-28
-14
-27
-7
-9
-21
-17
-20
-10
-7
-8
-19
-35
-19
-19
-14
-15
-41
-43
-48
-26
-39
-43
-38
-39
-43
-51
-47
-42
-56
-54
-43
-41
-50
-43
-40
-46
-41
-49
-55
-55
-43
-48
-59
-44
-50
-52
-66
-69
-59
-56
-53
-61
-59
-59
-45
-50
-52
-63
-58
-43
-40
-48
-49
-33
-50
-36
-42
-57
-39
-54
-38
-32
-38
-39
-41
-33
-36
-38
-35
-41
-33
-24
-16
-28
-25
-19
-20
-33
-28
-10
-23
-13
-13
-31
-29
-32
-34
-31
-43
-45
-24
-47
-55
-58
-57
-49
-44
-43
-47
-36
-39
-46
-42
-35
-42
-43
-37
-44
-36
-34
-36
-37
-42
-33
-39
-35
-37
-34
-28
-49
-35
-38
-36
-33
-39
-39
-37
-43
-58
-40
-31
-28
-41
-36
-25
-29
-27
-33
-14
-41
-30
-39
-43
-42
-38
-19
-41
-48
-39
-42
-57
-48
-31
-43
-54
-48
-60
-62
-45
-35
-55
-41
-63
-46
-35
-57
-44
-42
-37
-29
-22
-30
-37
-29
-25
-42
-42
-38
-47
-40
-20
-23
-38
-33
-43
-37
-35
-33
-16
-14
-33
-45
-38
-47
-26
-39
-48
-64
-58
-54
-70
-61
-62
-68
-69
-70
-86
-77
-79
-76
-66
-73
-73
-76
-78
-71
-57
-72
-71
-67
-76
-64
-75
-70
-84
-54
-71
-74
-61
-73
-45
-61
-61
-45
-65
-56
-50
-37
-36
-46
-54
-48
-40
-36
-40
-39
-50
-60
-53
-64
-50
-49
-52
-67
-49
-50
-69
-41
-42
-54
-43
-42
-40
-33
-38
-49
-53
-59
-53
-55
-57
-41
-41
-44
-30
-49
-42
-36
-30
-33
-33
-31
-40
-31
-40
-32
-34
-47
-51
-54
-49
-37
-53
-53
-50
-35
-50
-46
-39
-26
-33
-39
-32
-50
-32
-40
-32
-41
-39
-40
-56
-30
-29
-31
-36
-27
-16
-27
-42
-38
-24
-43
-48
-23
-26
-20
-9
-9
-22
-24
-13
-16
0
7
6
-2
-11
-6
-11
-8
-14
-11
-14
-3
-4
4
10
-7
9
4
12
20
30
18
7
6
7
12
10
-7
-5
2
16
11
-5
15
20
16
20
20
-1
10
21
12
-7
10
13
-5
9
-1
-10
-4
-4
-22
-9
-11
-13
-21
-21
-22
-30
-13
-30
-11
5
-7
-8
0
-10
-28
-21
-31
-39
-30
-38
-16
-28
-24
-31
-38
-27
-27
-21
-24
-24
-24
-10
-23
-6
-12
-25
-24
-15
-16
-11
-10
-17
-7
-17
-14
-11
-16
-23
-2
0
-8
-26
-13
-11
-29
-18
-27
-13
-3
-7
-9
-32
-25
-28
-23
-3
-14
3
-10
-19
-2
-20
-13
-14
-22
-30
-39
-32
-33
-26
-32
-31
-18
-25
-38
-46
-40
-52
-44
-43
-35
-34
-50
-32
-40
-44
-48
-51
-47
-47
-41
-62
-63
-62
-59
-55
-50
-58
-58
-47
-42
-37
-36
-44
-43
-51
-35
-43
-39
-27
-44
-38
-43
-39
-35
-44
-35
-34
-47
-30
-56
-44
-45
-42
-39
-51
-35
-43
-31
-53
-42
-41
-52
-36
-41
-22
-33
-29
-40
-40
-19
-18
-27
-31
-26
-30
-34
-32
-31
-25
-23
-28
-21
-25
-24
-28
-31
-38
-43
-27
-33
-45
-39
-27
-39
-40
-33
-45
-30
-21
-31
-19
-21
-34
-25
-30
-22
-31
-43
-34
-27
-35
-30
-24
-49
-42
-46
-48
-53
-44
-48
-44
-31
-44
-64
-64
-68
-46
-42
-44
-36
-64
-61
-49
-48
-49
-53
-43
-51
-57
-43
-54
-52
-41
-41
-38
-33
-26
-34
-34
-28
-30
-15
-21
-27
-20
-10
-11
-11
7
11
9
-3
-13
2
-11
-8
-11
-8
6
-18
-3
-4
-3
-5
3
-3
0
21
6
-5
0
-5
-2
1
-13
-18
-18
-9
-21
-12
-27
-17
-24
-37
-29
-29
-38
-35
-20
-36
-22
-13
-17
-22
-20
-18
-22
-24
-25
-19
-14
-20
-20
-37
-40
-27
-44
-49
-26
-25
-36
-32
-39
-16
-9
-18
-15
-20
-11
-30
-21
-7
-14
-14
-5
-7
-18
-12
-19
-43
-23
-16
-26
-18
-21
-30
-31
-14
-24
-27
-24
-34
-32
-23
-31
-25
-39
-29
-31
-43
-25
-34
-27
-27
-37
-19
-17
-12
-10
-17
-10
-12
-22
-22
-18
-22
-19
-16
-41
-43
-45
-31
-39
-31
-13
-35
-35
-17
-25
-12
-18
-21
-21
-21
-16
-30
-25
-35
-46
-52
-30
-42
-33
-37
-54
-51
-53
-53
-46
-58
-64
-72
-69
-67
-56
-67
-50
-52
-57
-51
-51
-44
-44
-44
-37
-30
-53
-47
-53
-32
-61
-70
-38
-64
-61
-69
-72
-70
-77
-58
-46
-54
-51
-54
-58
-56
-58
-58
-58
-37
-50
-60
-49
-54
-54
-47
-43
-48
-49
-36
-42
-62
-43
-59
-55
-45
-63
-61
-35
-35
-36
-30
-48
-22
-28
-34
-27
-33
-32
-41
-34
-27
-22
-35
-30
-43
-50
-52
-39
-28
-46
-33
-39
-40
-47
-27
-38
-28
-25
-37
-21
-33
-18
-28
-34
-31
-49
-27
-31
-41
-56
-48
-43
-41
-31
-38
-39
-46
-40
-34
-42
-44
-12
-35
-44
-24
-21
-22
-23
-26
-29
-26
-25
-10
-18
-31
-25
-22
-32
-42
-26
-33
-40
-30
-33
-33
-31
-24
-22
-19
-21
-32
-27
-12
-28
-19
-23
-23
-12
-21
-21
-13
-37
-24
-16
-27
-23
-21
-12
-19
-22
-34
-34
-26
-48
-31
-36
-34
-48
-60
-52
-49
-53
-49
-47
-35
-50
-47
-45
-44
-39
-51
-38
-39
-10
-37
-42
-50
-39
-27
-37
-33
-22
-26
-54
-55
-31
-26
-34
-36
-51
-38
-48
-16
-31
-20
-10
-14
-7
-23
-14
-34
-32
-30
-43
-28
-21
-14
-17
-32
-22
-34
-32
-37
-43
-41
-45
-47
-52
-42
-53
-28
-39
-35
-49
-40
-23
-39
-25
-40
-27
-42
-38
-36
-44
-43
-42
-48
-44
-51
-37
-45
-48
-34
-50
-38
-54
-53
-41
-54
-46
-30
-46
-43
-41
-42
-49
-57
-44
-49
-54
-62
-60
-52
-54
-55
-55
-49
-38
-52
-65
-63
-57
-56
-67
-58
-63
-60
-62
-74
-55
-52
-54
-71
-56
-65
-77
-57
-61
-60
-57
-53
-45
-45
-46
-58
-49
-44
-56
-58
-58
-41
-39
-51
-65
-60
-40
-44
-44
-34
-20
-22
-37
-38
-40
-46
-48
-55
-39
-27
-54
-40
-40
-35
-26
-36
-41
-38
-31
-31
-28
-32
-40
-45
-34
-43
-35
-33
-48
-42
-46
-45
-31
-51
-60
-41
-50
-47
-60
-45
-41
-63
-55
-48
-49
-47
-49
-52
-43
-48
-47
-56
-56
-63
-57
-46
-61
-42
-52
-60
-51
-48
-44
-30
-46
-40
-35
-45
-45
-50
-31
-33
-33
-43
-38
-55
-43
-38
-45
-33
-46
-39
-27
-44
-53
-37
-30
-40
-22
-27
-32
-18
-13
-14
-12
-8
-13
-11
-23
-20
-26
-8
-9
-17
-17
-12
1
4
-7
-8
-16
-16
-19
-8
3
-5
-6
-3
-8
-14
-1
-13
-1
-8
-16
6
-8
-23
-16
-19
-6
-13
-9
-2
2
-9
-4
3
4
11
9
6
7
9
7
4
-9
0
6
4
-5
-14
-9
6
5
-7
-5
-1
-11
-9
3
2
-1
-6
4
4
1
-26
-11
-14
-2
-21
-23
-12
-30
-18
-9
-2
0
-13
-30
-12
-18
-21
-19
-25
-22
-27
-32
-27
-11
-24
-9
-2
-9
-9
-17
-8
-2
17
12
-5
-1
3
-18
-3
7
-6
7
14
14
-8
5
8
5
8
1
5
-1
12
-3
-4
-4
9
8
9
5
9
30
23
16
3
12
15
4
4
11
-4
-6
18
7
3
15
21
5
-2
12
-8
7
15
-8
-11
1
10
10
-11
-8
-5
-6
5
-1
6
1
-5
1
-6
-6
-14
0
-9
-5
-14
-9
-10
-23
-18
-16
-20
-16
-9
-12
4
4
-4
-12
-3
-7
-15
-13
-13
-4
-13
-14
-16
-22
-23
-22
-20
-21
-20
-29
-27
-29
-16
-29
-10
-12
-12
-4
-13
-5
-15
-1
-13
-16
-21
-15
-1
-2
-12
-13
-19
-24
-21
-9
-28
-42
-27
-1
-12
-18
3
-1
-4
-11
-13
-21
-13
-14
-12
-20
-22
-25
-20
-27
-22
-36
-32
-28
-28
-32
-28
-31
-39
-31
-34
-33
-32
-37
-32
-20
-26
-18
-25
-26
-14
-17
-14
-22
-25
-18
-20
-13
-22
-12
-5
-21
-28
-18
-29
-10
-9
-13
-18
-14
-18
-22
-29
-35
-25
-34
-23
-27
-28
-17
-36
-31
-34
-36
-37
-46
-32
-38
-27
-23
-14
-17
-15
-25
-22
-39
-47
-36
-36
-30
-38
-31
-37
-39
-37
-16
-27
-24
-27
-35
-39
-47
-33
-35
-40
-20
-38
-21
-38
-32
-25
-23
-22
-36
-25
-28
-17
-35
-45
-31
-40
-27
-20
-29
-19
-29
-19
-18
-19
-20
-8
-9
-17
-6
-24
-26
-18
-19
-28
-22
-32
-22
-11
-26
-26
-24
-30
-20
-17
-31
-27
-29
-16
-28
-33
-27
-19
-25
-40
-36
-30
-12
-14
-20
-5
-18
-16
-21
-29
-24
-18
-19
-14
-30
-26
-25
-31
-14
-29
-23
-25
-33
-24
-25
-22
-19
-23
-28
-17
-36
-20
-35
-46
-37
-36
-25
-48
-28
-18
-26
-27
-25
-20
-26
-23
-15
-22
-20
-21
-29
-30
-43
-41
-41
-43
-44
-36
-33
-45
-32
-40
-41
-57
-41
-37
-55
-56
-64
-69
-65
-64
-58
-51
-54
-61
-45
-58
-47
-58
-67
-41
-58
-51
-56
-45
-60
-45
-44
-56
-24
-46
-41
-38
-28
-52
-48
-44
-59
-36
-50
-45
-50
-62
-59
-49
-49
-49
-48
-67
-47
-50
-53
-53
-49
-43
-40
-44
-44
-48
-51
-46
-40
-32
-27
-29
-28
-22
-28
-42
-31
-13
-29
-31
-48
-32
-42
-57
-44
-46
-37
-27
-27
-31
-33
-46
-44
-32
-32
-40
-40
-28
-43
-52
-28
-54
-44
-46
-35
-42
-53
-41
-56
-51
-38
-23
-20
-34
-20
-17
-34
-6
-14
-16
-12
-15
-12
-21
-23
-27
-28
-24
-34
-27
-19
-27
-25
-28
-38
-11
-4
-29
-26
-24
-22
-32
-5
2
-11
-13
-13
-14
-31
-21
6
-22
-26
-18
-43
-27
-27
-41
-26
-35
-38
-27
-35
-51
-48
-33
-39
-32
-32
-32
-36
-34
-38
-39
-33
-41
-43
-34
-21
-23
-26
-39
-36
-25
-20
-24
-21
-31
-35
-24
-20
-1
-31
-12
-19
-39
-13
-22
-27
-18
-41
-42
-29
-22
-25
-26
-20
-14
-16
-27
-25
-27
-30
-29
-20
-26
-35
-31
-42
-15
-18
-21
-13
-18
-20
-24
-22
-15
-5
-12
-6
-13
-8
-5
-5
-5
-11
-4
-4
-5
-16
-8
5
-8
-9
-4
4
-8
-2
4
9
-3
2
-8
-6
-1
9
7
5
12
2
17
14
4
4
16
-2
7
7
-5
8
17
15
14
13
19
21
25
6
11
-4
9
1
0
0
-1
17
-3
-4
8
5
-15
-9
-24
-2
-29
-12
-17
-30
-19
-34
-14
-29
-18
-12
-25
-26
-8
9
0
7
-3
14
5
2
13
-9
2
-5
-16
-17
-11
-15
-9
-13
-15
-20
-19
-28
-11
-7
-28
-11
1
-14
-1
-11
-6
4
1
4
-10
6
11
2
-5
-9
2
7
-11
3
2
-11
10
12
11
-1
22
22
15
8
-6
11
-1
-9
2
6
-30
-14
-8
-22
-16
-14
-18
-17
-11
-19
-26
-18
-20
-18
0
8
-6
6
7
-13
2
0
7
7
0
-1
-2
-6
1
3
-7
0
-4
-5
1
10
6
-17
-13
-10
-7
-12
-17
-11
-4
-9
-30
-19
-26
-23
2
-21
-20
-5
-15
0
-11
-9
-6
-22
-6
-3
-5
-20
-20
-8
-9
-21
-13
3
1
-7
-2
-12
-21
-14
-15
2
-5
3
14
17
11
16
17
6
6
9
8
-7
1
7
7
-2
4
-8
-16
-10
-9
5
-8
7
6
-13
-3
4
-4
-5
-11
3
13
-2
2
-1
-5
12
0
9
4
0
8
-5
-6
2
-1
-5
-13
-18
-7
-15
-16
-8
-24
-15
-16
-24
-16
-27
-14
-21
-21
-15
-21
-9
0
-6
-22
-19
-13
-17
-14
-6
-1
-17
-12
-17
-23
-33
-16
-23
-9
6
-12
-17
-16
-19
-20
-13
-31
-19
-17
-18
-2
3
-15
-32
-17
-27
-24
-31
-23
-39
-30
-32
-42
-34
-31
-27
-37
-20
-26
-34
-35
-33
-35
-34
-45
-38
-38
-51
-45
-49
-46
-48
-49
-43
-52
-34
-44
-46
-54
-37
-27
-50
-31
-42
-57
-49
-39
-45
-48
-37
-47
-50
-48
-55
-41
-38
-40
-44
-51
-52
-60
-42
-26
-44
-42
-44
-41
-44
-39
-30
-35
-33
-24
-35
-50
-30
-36
-39
-39
-37
-39
-17
-26
-33
-36
-19
-18
-19
-23
-12
-20
-33
-29
-42
-33
-20
-30
-45
-24
-44
-43
-46
-40
-23
-32
-51
-29
-33
-26
-27
-45
-29
-41
-46
-31
-37
-38
-36
-33
-45
-44
-50
-26
-31
-40
-32
-34
-44
-45
-27
-35
-31
-40
-22
-28
-50
-49
-51
-53
-61
-48
-49
-59
-44
-54
-58
-51
-52
-46
-58
-63
-53
-55
-60
-50
-48
-59
-47
-71
-60
-59
-62
-72
-87
-65
-80
-56
-63
-49
-56
-56
-56
-39
-49
-51
-32
-43
-39
-35
-39
-27
-25
-30
-29
-19
-17
-31
-36
-23
-28
-37
-43
-47
-30
-38
-33
-54
-49
-37
-43
-32
-31
-39
-35
-43
-37
-46
-37
-27
-37
-41
-38
-47
-38
-49
-54
-45
-63
-50
-47
-50
-58
-43
-37
-54
-52
-54
-57
-47
-53
-67
-68
-80
-68
-65
-80
-81
-89
-78
-94
-74
-70
-74
-69
-78
-59
-71
-77
-54
-70
-76
-71
-77
-94
-88
-80
-74
-61
-71
-71
-62
-61
-58
-53
-70
-66
-55
-52
-42
-51
-49
-63
-61
-63
-59
-58
-58
-54
-66
-67
-70
-61
-62
-67
-52
-66
-59
-58
-59
-58
-50
-66
-67
-52
-59
-60
-54
-52
-62
-62
-63
-60
-49
-60
-53
-38
-57
-52
-42
-42
-52
