-14
-12
5
-4
-8
-14
-5
-8
-14
-32
-12
-19
-32
-12
-6
-16
-12
-3
-16
-20
-9
-1
5
6
-3
-8
-15
-9
-29
-15
-12
-21
-9
-17
-18
-27
-26
-33
-25
-14
-17
-16
-9
-15
4
9
6
5
5
1
5
14
5
1
16
16
2
1
-8
3
12
10
5
5
8
3
3
10
16
24
14
15
26
21
25
18
3
6
12
4
3
-1
7
-7
5
9
-8
5
4
9
2
11
3
-2
-6
-8
1
-5
-12
-16
-22
-18
-24
-21
-12
-20
-12
-11
3
-22
-19
-4
-16
-8
-8
-4
-16
-19
-27
-18
-9
-25
-19
-7
-11
-18
-18
-14
-11
-11
3
1
10
12
12
13
21
13
19
31
28
50
28
28
21
31
32
23
23
26
19
3
16
3
11
13
9
6
17
13
17
6
6
11
8
8
19
17
9
14
23
26
-7
4
10
21
21
14
6
12
28
16
2
13
24
-2
14
0
1
-8
-2
6
-4
1
-6
2
7
15
4
8
27
9
9
14
10
8
0
17
25
22
19
5
5
10
7
8
14
17
22
32
21
36
32
19
31
40
28
27
38
39
35
35
8
12
19
21
26
6
27
22
28
19
9
14
15
8
7
-2
8
19
16
13
14
21
24
19
7
15
19
11
16
22
18
32
16
19
5
10
13
-4
-11
0
-4
-8
4
4
-2
1
8
16
20
1
-2
25
17
0
6
-2
11
17
17
10
18
11
21
8
-7
-12
18
18
8
25
17
23
20
20
31
23
21
32
35
21
35
40
5
8
5
10
23
11
13
16
15
33
34
27
39
37
28
49
41
29
51
46
52
48
49
49
40
49
44
46
52
45
31
49
33
30
44
42
39
26
27
26
29
25
30
17
37
33
14
11
24
28
18
31
33
21
19
21
8
7
14
18
19
2
12
11
14
3
-9
-17
-12
-10
-16
2
0
-3
5
-23
-9
-13
-22
-14
-17
-19
-2
-4
-31
-9
-27
-29
-16
-21
-12
-20
-16
-13
-26
-7
-15
-15
-5
0
13
-1
-2
-1
1
10
12
0
-11
8
8
-2
5
-10
-9
-14
-8
-1
-8
3
-1
6
3
-9
19
2
-12
8
12
8
9
19
0
3
9
14
15
5
9
1
-2
-5
-5
14
-14
-7
-1
-36
-20
-30
-29
-30
-38
-29
-27
-39
-25
-35
-31
-39
-39
-31
-36
-28
-28
-38
-47
-19
-34
-49
-31
-36
-43
-34
-54
-55
-55
-50
-46
-50
-51
-51
-38
-55
-53
-42
-41
-42
-39
-26
-24
-46
-43
-43
-51
-41
-45
-48
-57
-44
-46
-62
-48
-68
-69
-72
-68
-64
-64
-58
-56
-37
-57
-53
-46
-49
-31
-23
-29
-28
-40
-30
-38
-42
-27
-26
-22
-20
-29
-30
-41
-40
-49
-37
-38
-43
-36
-42
-45
-42
-38
-42
-44
-61
-55
-39
-51
-37
-34
-44
-42
-57
-50
-44
-44
-45
-52
-54
-54
-71
-49
-38
-60
-56
-57
-43
-35
-48
-39
-29
-40
-40
-46
-35
-43
-40
-15
-49
-29
-29
-38
-22
-39
-26
-25
-34
-18
-33
-33
-34
-36
-29
-20
-13
-19
-22
-12
-23
-21
-29
-22
-14
-7
-8
-21
0
1
7
12
18
9
11
10
15
3
7
16
-1
-1
11
-2
-6
-9
-13
13
-5
-15
2
-9
-18
-11
-24
-6
6
3
8
-3
14
-4
-1
-1
-15
-9
-12
-13
-3
-8
-9
-12
-13
-9
-6
-19
-20
-9
-9
-13
-17
-16
-5
4
-15
6
14
8
13
11
10
7
0
-1
0
1
11
0
5
13
0
-8
0
8
-16
-9
0
7
26
14
14
19
15
30
12
15
22
-6
10
15
26
17
6
0
11
6
7
12
0
7
-4
6
7
12
-3
7
15
17
8
20
2
0
14
8
-6
4
10
5
6
-2
0
-3
-12
-6
-6
-7
8
3
2
-7
-16
-28
-10
-8
-4
7
-12
-3
-5
-11
-2
-14
-10
-9
-2
13
-3
-15
-26
-17
-15
-14
-18
-14
-14
-33
-25
-14
-15
-17
-14
-16
-26
-23
-13
-6
-7
-21
1
-8
-11
-11
-8
-4
-8
4
-15
-20
-1
-23
-18
-14
-33
-37
-41
-27
-26
-42
-33
-23
-22
-15
-26
-32
-19
-34
-21
-27
-25
-11
-22
-6
-5
-2
-6
0
-8
-28
-13
-31
-15
-21
-37
-23
-31
-34
-40
-50
-59
-36
-32
-47
-39
-42
-44
-40
-45
-34
-34
-42
-33
-43
-29
-35
-44
-24
-45
-46
-37
-40
-49
-55
-61
-54
-43
-49
-40
-51
-36
-42
-46
-48
-45
-35
-38
-23
-37
-31
-29
-40
-36
-26
-32
-30
-14
-16
-25
-32
-31
-20
-18
-29
-26
-23
-4
-15
-24
-8
-15
-16
-2
7
9
1
16
23
21
13
8
10
8
1
-9
5
-3
-7
9
-27
-37
-19
-26
-29
-27
-25
-32
-27
-36
-20
-43
-45
-38
-36
-29
-23
-19
-35
-23
-34
-42
-44
-41
-35
-40
-34
-39
-49
-56
-62
-61
-56
-54
-53
-43
-53
-39
-28
-27
-43
-35
-40
-31
-31
-23
-18
-19
-5
-24
-26
-9
-28
-35
-27
-20
-17
-10
-26
-23
-15
-30
-15
-34
-15
-27
-13
-7
-15
-15
-14
-20
-13
-21
-13
-22
-31
-2
-24
-1
-5
-16
3
-3
-13
-20
-12
-26
-16
-19
-16
-15
-30
-20
-13
-1
-9
-16
-12
4
11
10
-12
8
1
-5
-12
-6
0
-12
-18
-20
-12
-22
-41
-35
-45
-46
-40
-46
-35
-40
-36
-51
-49
-33
-42
-36
-28
-19
-39
-23
-2
-11
-16
-12
-25
-10
-1
-17
-21
-13
-25
-34
-27
-37
-36
-41
-41
-40
-43
-37
-39
-32
-44
-47
-46
-33
-37
-38
-17
-12
-24
-26
-21
-23
-30
-33
-32
-23
-29
-33
-42
-50
-38
-41
-33
-53
-59
-50
-57
-61
-55
-41
-52
-45
-41
-36
-44
-57
-37
-37
-38
-50
-37
-34
-44
-34
-44
-58
-69
-65
-52
-50
-83
-75
-64
-59
-68
-78
-64
-66
-51
-69
-56
-44
-43
-34
-35
-32
-26
-47
-40
-41
-41
-48
-39
-33
-43
-43
-38
-28
-34
-44
-41
-30
-34
-44
-54
-52
-50
-38
-43
-34
-25
-30
-35
-15
-21
-19
-27
-6
-17
-23
-30
-41
-33
-30
-31
-32
-19
-28
-20
-24
-40
-26
-26
-22
-20
-6
-16
-12
-18
-4
2
-13
-5
-9
-13
-15
-11
-14
-15
-35
-12
-25
-27
-23
-30
-27
-28
-18
-34
-32
-34
-23
-9
-14
-19
-10
-4
-17
0
14
-1
7
7
5
26
17
15
11
-16
-6
-6
-17
-3
-11
-21
-30
-29
-39
-30
-29
-27
-21
-39
-19
-9
-13
-10
-7
-11
11
20
20
14
9
14
10
19
18
20
12
0
9
1
5
-6
-3
-4
-2
-2
-10
15
10
-4
7
14
11
17
31
47
26
48
42
25
33
43
42
45
44
37
36
42
39
27
35
37
42
40
31
32
28
41
39
41
28
46
52
38
38
35
38
35
54
42
35
48
37
29
38
17
-5
2
17
9
9
6
26
28
9
1
4
10
17
21
23
27
29
38
28
23
31
32
36
33
25
23
21
24
17
7
12
6
4
10
-2
-8
-5
-1
11
39
25
16
25
24
29
27
32
30
21
39
44
42
39
53
41
37
40
35
26
22
32
39
32
19
18
20
18
16
25
18
29
36
36
32
44
47
39
43
31
37
29
31
30
12
15
24
8
8
5
1
23
0
28
18
1
22
21
14
35
33
31
14
15
29
31
26
18
26
8
11
12
3
-2
6
-8
-4
-10
6
1
-1
-12
-12
-1
6
13
-1
2
6
11
13
18
9
36
28
30
34
18
28
37
24
22
20
9
22
15
11
16
17
22
-1
3
20
19
30
28
26
40
34
28
24
30
35
18
41
33
21
31
25
45
28
17
22
19
11
8
12
8
14
13
9
2
9
-4
7
19
32
24
6
26
18
28
17
14
1
0
3
2
12
-2
-4
-10
-20
-24
-27
-26
-25
-11
-12
-19
-6
-17
-17
-9
0
-9
-8
7
-3
-5
5
8
8
-3
2
15
14
-12
-17
-11
1
-28
-15
-24
-14
-20
-32
-37
-41
-20
-36
-30
-31
-24
-15
-11
7
20
5
7
0
7
6
-5
10
4
2
3
-9
-10
-13
-14
-10
-3
-13
-14
-9
-17
-12
-9
0
0
-16
-5
-16
-14
-2
-1
-14
-4
-10
-19
-7
-20
-12
-21
-12
-11
-37
-29
-14
-15
-37
-27
-33
-57
-50
-27
-21
-28
-30
-15
-32
-38
-30
-33
-21
-17
-29
-19
-23
-35
-29
-35
-34
-35
-55
-50
-62
-54
-60
-70
-53
-55
-55
-52
-39
-48
-33
-34
-26
-12
-27
-24
-16
-8
-16
-15
-19
-19
-8
-23
-17
-24
-26
-33
-33
-29
-38
-19
-31
-25
-29
-30
-34
-35
-37
-27
-15
-23
-29
-28
-11
-2
-13
-29
-21
-7
-11
-7
-2
-2
-16
-21
-28
-23
-16
-14
-10
-28
-22
-30
-21
-51
-31
-17
-24
-22
-22
-25
-31
-15
-36
-25
-18
-25
-20
-19
-27
-29
-29
-25
-37
-33
-28
-27
-16
-22
-28
-40
-27
-25
-21
-8
-27
-19
-7
-24
-10
-30
-21
-1
-12
-14
-33
-26
-18
-34
-23
-25
-21
-13
-12
-11
-14
-4
-24
-16
-4
-6
-4
9
8
20
10
26
17
20
24
-6
3
16
35
30
9
9
13
12
11
0
17
2
9
5
-12
-5
-8
11
5
3
4
9
4
1
-2
3
2
8
27
22
14
14
15
-6
4
2
6
21
5
4
-22
-12
-13
-3
-11
-16
-10
2
8
-3
-6
0
6
-19
-12
-1
3
-5
3
-2
7
-22
-19
-16
-15
-18
-30
-12
-23
-14
-7
-5
-15
2
-3
-4
-3
2
3
-3
9
-1
-14
-4
16
17
-7
-2
5
-2
-4
3
0
8
-1
9
6
17
15
9
4
-4
22
9
11
1
16
18
6
0
14
3
-7
-6
-2
-21
-16
-8
-19
-19
-19
-13
-26
-29
-21
-38
-27
-32
-37
-46
-28
-25
-33
-41
-53
-50
-34
-39
-41
-29
-33
-33
-30
-24
-33
-47
-43
-40
-36
-34
-29
-42
-40
-39
-33
-27
-34
-27
-35
-48
-50
-48
-33
-31
-48
-39
-47
-54
-42
-47
-46
-21
-22
-29
-47
-37
-38
-29
-31
-24
-28
-18
-30
-60
-33
-53
-40
-44
-35
-41
-42
-37
-37
-24
-46
-22
-34
-38
-38
-35
-39
-50
-32
-44
-41
-38
-40
-37
-39
-40
-37
-43
-42
-36
-41
-34
-30
-35
-46
-23
-33
-48
-30
-55
-47
-38
-48
-43
-53
-54
-37
-38
-54
-56
-58
-64
-58
-60
-66
-58
-46
-50
-42
-37
-57
-56
-58
-68
-33
-35
-35
-39
-44
-32
-20
-23
-8
-6
-24
-24
-27
-13
-28
-40
-34
-24
-41
-38
-22
-32
-33
-35
-30
-32
-28
-33
-30
-37
-46
-33
-42
-31
-2
-31
-23
-26
-12
-13
-27
-29
-28
-22
-34
-19
-33
-18
-29
-16
-9
-17
-3
-14
-10
-14
-6
-13
-18
-21
-17
-19
-20
-21
-41
-36
-33
-34
-29
-35
-41
-43
-33
-37
-36
-29
-33
-34
-42
-17
-51
-34
-34
-48
-34
-37
-38
-56
-42
-27
-29
-34
-18
-16
-25
-26
-27
-29
-21
-16
-16
-9
-8
-17
-17
-25
-30
-27
-27
-27
-21
-35
-30
-24
-23
-11
-29
-11
-8
-5
19
6
2
14
21
9
15
7
0
-2
-9
1
-4
0
9
-9
-6
2
4
6
-12
-4
1
2
-3
20
14
25
14
-7
16
20
27
23
6
12
22
21
17
12
16
5
8
23
20
23
27
18
16
25
4
-3
14
-7
-8
3
-3
1
-8
-4
18
-3
-17
-22
-28
-10
-10
0
-11
-5
-7
-11
-24
-15
-18
-19
-13
-24
-25
-20
-18
-23
-13
-25
-20
-21
-18
-19
-43
-16
-27
-24
-5
8
-8
-14
-17
-23
-9
-29
-25
-29
-22
-16
-11
-20
-24
-29
-37
-14
-18
-9
-16
-1
7
-14
-5
-18
-7
4
18
11
-3
7
9
-1
8
9
-4
0
5
6
-4
0
7
4
-2
21
12
4
13
7
11
5
13
7
3
4
-2
2
-11
-2
-1
1
-18
-27
-20
-23
-28
-31
-35
-33
-39
-35
-42
-45
-41
-39
-27
-47
-33
-17
-32
-43
-35
-26
-36
-54
-33
-42
-49
-43
-39
-45
-43
-28
-48
-22
-30
-27
-8
-23
-19
-25
-28
-19
-17
-37
-28
-11
-2
-21
-10
-14
-22
-6
-22
-15
-15
-26
-19
-8
-23
-10
-11
-17
-8
-32
-22
-21
-31
-18
-23
-22
-25
-16
-14
-16
-9
-14
-17
-8
-19
-28
-19
-29
-25
-25
-14
-9
-11
-16
-30
-44
-29
-29
-52
-42
-51
-48
-31
-18
-22
-23
-25
-34
-44
-38
-39
-25
-14
-20
-10
-26
-36
-42
-43
-47
-24
-31
-46
-38
-48
-29
-36
-21
-36
-22
-12
-34
-38
-28
-15
-21
-11
-18
-10
-10
-28
-19
-22
-25
-11
-3
1
-9
-14
-11
-12
-29
-5
-11
-21
-9
-17
-23
-17
-14
-12
-14
-16
-26
-7
-14
-25
7
3
-2
-5
-6
-6
-8
14
6
-16
-8
-4
-7
-4
-21
-4
1
-14
-3
-4
-15
-26
-13
-19
-20
-16
-13
-10
-13
-12
-15
-10
-7
-14
1
-13
-28
-10
-14
-11
6
0
-12
-7
-11
-18
1
-5
-9
-11
-28
-22
-14
-11
-32
-22
8
-1
-17
-6
-20
-11
-4
-11
1
-14
-12
-11
-10
0
3
6
-3
-9
14
-8
4
19
15
0
10
16
-4
9
0
16
-5
1
7
15
1
8
10
3
20
2
13
11
-4
14
10
12
4
15
26
22
27
16
23
21
21
7
10
3
0
10
-2
-21
-6
-7
-3
-4
-26
-14
-18
-19
-29
-25
-26
-20
-18
-31
-10
-17
-14
-2
-24
-42
-34
-32
-25
-23
-23
-21
-35
-25
-19
-28
-26
-35
-38
-29
-45
-41
-34
-33
-32
-37
-38
-44
-48
-52
-55
-57
-56
-59
-66
-42
-46
-55
-54
-45
-50
-62
-47
-45
-49
-64
-43
-53
-56
-58
-65
-50
-64
-49
-60
-60
-55
-47
-54
-49
-51
-48
-27
-45
-57
-47
-54
-65
-48
-44
-57
-40
-39
-44
-44
-65
-53
-43
-51
-36
-45
-37
-39
-45
-51
-59
-44
-59
-58
-51
-50
-79
-72
-53
-57
-61
-61
-67
-69
-75
-85
-83
-87
-76
-73
-88
-77
-70
-75
-80
-69
-58
-73
-51
-55
-70
-62
-73
-71
-66
-71
-69
-77
-65
-66
-58
-47
-70
-62
-61
-63
-61
-61
-68
-61
-55
-44
-39
-27
-28
-36
-30
-24
-17
-29
-22
-40
-37
-16
-26
-31
-28
-55
-51
-38
-30
-46
-57
-35
-34
-42
-42
-33
-27
-36
-24
-12
-20
-4
-25
-29
-34
-26
-28
-24
-16
-30
-2
-16
-27
-26
-24
-10
-18
-10
-35
-32
-36
-44
-37
-38
-52
-64
-51
-42
-38
-43
-57
-46
-39
-30
-50
-42
-37
-38
-35
-40
-11
-20
-34
-23
-32
-32
-25
-27
-11
-16
-18
4
-19
-27
-11
-26
-8
-17
-13
-10
-14
-5
-4
3
-8
-7
2
-6
2
-8
-7
17
6
-3
3
-5
-19
3
21
5
18
14
7
25
31
17
40
40
27
24
6
15
0
-2
5
-7
0
-3
9
19
-5
10
1
3
10
3
13
3
17
10
-10
15
17
9
6
10
4
8
16
13
12
-13
-4
-8
4
8
21
13
8
-2
-5
-3
-2
-17
-18
-8
-10
-5
-16
-6
16
-4
0
-6
-7
3
-4
-4
-3
12
-6
20
12
2
-8
-10
7
-3
-19
-1
1
-4
1
0
13
7
-1
25
12
18
15
22
21
14
38
27
36
16
20
11
23
14
19
23
13
28
34
26
38
43
33
25
20
35
20
26
12
14
30
38
37
52
69
48
71
40
45
63
33
51
30
36
38
36
43
25
21
20
33
10
16
20
14
24
9
31
27
28
27
44
30
15
29
15
23
28
18
13
31
20
12
9
22
17
6
-6
17
19
5
19
20
25
10
18
6
-1
6
26
11
11
24
18
30
30
31
30
11
8
22
9
26
25
11
12
14
10
11
15
19
12
1
10
14
18
13
7
18
22
23
30
25
20
19
4
16
1
6
3
-8
-16
-15
-23
-10
-22
-40
-16
-24
-35
-27
-7
-25
-31
-31
-30
-30
-16
-13
-26
-30
-20
-3
-24
-25
-12
-9
-25
-20
-28
-14
-26
-37
-24
-39
-9
-24
-21
-12
-15
-10
-30
-26
-24
-24
-16
-40
-32
-25
-32
-28
-41
-29
-33
-29
-20
-15
-5
-5
7
-12
-12
6
19
18
10
-2
4
-4
-3
15
19
5
11
9
-7
-12
11
-6
-2
-3
-18
-11
-12
-23
-31
-29
-30
-39
-21
2
-4
-5
6
9
8
13
22
28
28
18
18
37
36
32
24
20
9
16
16
14
14
12
13
7
1
-5
-12
-7
-28
-13
-12
-3
5
-15
-8
7
6
10
21
18
14
12
4
7
1
3
-3
-4
4
0
2
3
11
2
10
8
10
8
22
0
14
13
20
21
8
17
5
25
20
41
32
30
29
32
28
25
32
23
22
7
1
2
7
6
0
4
-5
4
2
-1
12
8
14
37
22
30
16
31
39
28
42
46
50
34
41
40
42
21
30
14
12
21
-16
-17
-14
-24
-9
-23
-9
18
-1
-10
-10
3
-25
-19
-14
-26
-25
-22
-11
-6
-4
-29
-16
-21
-20
-9
-1
-15
-29
-20
-4
-13
-14
-15
-31
-15
-26
-15
-20
-28
-26
-38
-17
-3
-4
-5
-8
-13
-14
-14
-19
-13
-5
-5
-9
-9
-19
-2
-4
-18
-13
-19
-47
-34
-38
-29
-24
-38
-16
-21
-3
-26
-31
-24
-29
-16
-26
-23
-13
-7
-23
-30
-30
-26
-20
-33
-34
-50
-48
-49
-48
-39
-19
-34
-32
-22
-28
-11
-19
-16
-25
-36
-38
-24
-23
-50
-8
-10
-24
-17
-21
-19
-23
-20
-45
-22
-24
-39
-15
-32
-23
-6
-15
-25
-11
-25
-28
-31
-23
-10
-11
-8
-20
-20
-23
-23
-15
-14
-10
-10
-30
-35
-24
-7
-29
-22
-30
-28
-33
-38
-39
-47
-27
-30
-28
-31
-40
-46
-45
-32
-38
-30
-20
-29
-21
-17
-13
-23
-24
-40
-38
-29
-31
-40
-38
-29
-37
-33
-20
-21
-4
-10
-6
-6
2
8
-8
-4
2
-12
-1
-11
-19
-14
-35
-7
-23
-28
-7
-12
-34
-58
-44
-77
-48
-40
-45
-27
-27
-21
-13
-9
2
3
-3
10
9
20
3
-3
10
11
21
2
-15
-5
-22
-21
-20
-21
-38
-44
-39
-42
-9
-31
-36
-49
-38
-7
-17
16
5
12
19
1
16
20
15
26
24
21
30
34
27
28
27
33
7
19
7
5
14
9
28
6
7
-6
-25
-2
5
12
7
13
4
-15
6
-6
5
-4
12
25
34
32
33
42
23
47
42
28
18
21
32
35
40
28
15
12
29
22
24
31
11
15
38
41
33
40
15
28
26
37
24
24
21
12
32
21
26
16
8
6
31
39
36
16
30
27
19
17
43
15
31
24
11
29
28
28
18
11
30
29
26
16
24
20
17
17
22
12
13
14
0
6
20
7
8
14
10
13
16
6
7
18
1
5
10
-2
2
8
27
32
26
29
37
28
44
35
18
2
21
29
40
34
20
37
22
42
45
37
40
36
49
41
15
8
16
15
14
27
27
5
8
40
28
22
26
14
13
-1
15
-3
3
12
13
24
26
24
17
10
36
23
14
-9
4
-2
8
-13
-13
-8
-21
-18
-16
-20
-11
-21
-7
14
-15
2
0
-14
6
2
9
-8
-18
-4
-19
-9
-33
-1
-10
0
-9
-14
-21
-25
-9
-36
-32
-29
-15
-11
-1
-11
6
-1
1
-19
-24
-3
-11
4
-26
-35
-53
-35
-9
-7
-2
-12
-4
-9
-5
-1
-17
-29
-25
-32
-11
-34
-43
-36
-50
-45
-45
-14
-27
-14
-28
-27
-9
-38
-12
-30
-46
-37
-28
-15
11
9
-10
-9
1
-7
1
-8
-5
-21
-11
-16
-14
-1
-11
-7
-19
-17
-13
-7
-7
3
24
13
-4
-3
-3
7
19
26
31
17
15
10
17
9
5
5
9
10
-2
12
15
18
0
6
4
14
2
5
0
6
4
18
9
20
12
2
1
0
11
4
12
5
2
16
0
4
8
11
-1
-12
20
-5
-3
4
27
11
20
14
0
8
2
13
9
5
11
21
11
-5
-8
-7
3
-15
5
2
4
1
-18
-16
-15
-16
-14
-10
-10
-2
-4
13
4
7
-36
-43
-49
-28
-17
-2
-16
-6
-15
1
15
-23
-29
-40
-45
-43
-31
-25
-18
-16
10
-13
-21
-10
-20
-24
-22
-17
-9
-3
-3
-24
-12
-3
2
12
-10
-31
-34
-18
-1
5
-2
14
4
0
-19
-34
-30
-33
-16
-7
-10
-15
-14
-6
5
-2
-18
-26
-15
-18
-13
-27
-13
-25
-32
-25
-33
-42
-25
-19
-29
-31
-39
-54
-68
-66
-52
-68
-63
-79
-79
-68
-67
-57
-46
-44
-57
-73
-70
-65
-75
-57
-60
-68
-59
-56
-59
-63
-69
-73
-65
-54
-45
-75
-63
-55
-76
-62
-83
-78
-85
-74
-82
-85
-74
-86
-66
-49
-58
-61
-87
-77
-60
-45
-37
-62
-57
-61
-47
-36
-27
3
-3
-18
-8
-14
-1
-29
-40
-35
-41
-31
-27
-23
-52
-47
-38
-39
-27
-42
-41
-21
-8
-11
-34
-47
-53
-44
-48
-65
-57
-54
-41
-38
-30
-36
-31
-36
-34
-27
-36
-40
-37
-56
-50
-46
-43
-60
-76
-70
-83
-61
-63
-64
-58
-66
-47
-47
-37
-46
-21
-10
-23
-16
-39
-39
-35
-9
-31
-31
-39
-57
-15
-34
-40
-43
-16
-38
-47
-10
-12
-1
-23
1
2
7
4
15
25
24
23
-3
-11
-3
-4
-25
-14
-16
-30
-33
-16
-19
-7
-22
1
-12
-19
10
-4
20
4
-8
-29
-35
-14
-30
-12
-34
-29
8
17
18
-20
-16
-4
49
45
34
24
-7
-23
-23
-13
-24
-24
-23
-13
-10
-20
8
-8
-12
15
-7
-9
-12
-29
-54
-56
-48
-43
-24
-10
-12
-9
-7
-21
1
5
-6
-1
4
20
9
-7
20
23
13
-12
7
23
50
60
20
19
5
11
6
-10
-8
-12
0
18
-16
-22
-56
-51
-65
-29
-1
-20
-43
-57
-32
-19
-14
-8
-35
-30
-21
-40
-25
-7
10
-3
-8
-26
-16
-10
-13
-35
-46
-50
-33
-6
-55
-43
-34
-14
-8
-25
-48
-80
-41
-11
-20
-8
-7
-10
31
20
17
16
25
6
-17
-14
-17
5
-11
-12
-12
-16
-38
-48
-48
-48
-25
3
15
45
47
41
64
34
22
-13
-5
1
-43
-37
-51
-32
-18
-37
-6
-18
-26
-33
-44
-74
-63
-55
-24
-31
-62
-35
-43
-51
-2
-22
-9
-38
-19
8
16
24
7
31
11
38
-31
-33
-31
-22
13
-17
-22
2
3
-4
26
-8
-32
-34
-35
-11
-24
-28
-48
-45
-25
-49
-64
-40
-4
22
-2
-17
-28
-34
-33
-30
-9
-28
-48
-61
-63
-42
-41
-40
-31
-53
-52
-38
-94
-87
-111
-84
-49
-22
-19
-66
-32
-69
-37
-16
10
23
-8
0
-46
-29
-22
-7
8
22
25
16
7
22
48
3
27
33
-3
0
2
-4
-22
-20
-44
-68
-60
-35
-12
-37
-44
-38
-13
1
9
-2
13
-20
-13
-32
-21
-12
-15
-12
-20
-3
8
5
-35
-47
-50
-49
-39
-10
-34
-3
-36
-32
4
-10
-11
-24
-24
-14
-1
-9
21
7
-9
13
-13
-17
-37
-39
-28
-18
12
-6
-8
2
33
-11
-3
-30
-10
9
-6
20
3
11
-34
-45
-37
-39
2
-31
-5
-12
-13
-15
-22
-35
-24
2
7
9
-24
-10
24
63
45
67
32
32
8
6
39
-7
27
13
28
7
-19
-13
-40
-11
-19
-24
-34
-49
-45
-29
-8
-22
-37
-31
5
-1
20
-10
-51
7
3
24
12
-3
22
49
38
1
55
12
13
-9
-23
6
-7
-32
-34
-45
-33
-44
-64
-70
-59
-51
-14
-4
13
6
-53
-2
-6
38
71
3
37
9
-29
1
30
1
-5
-1
-34
-33
-44
-20
-27
-32
-37
-69
-39
0
11
-14
-6
-40
-31
17
-6
-45
5
29
-7
62
38
29
13
-31
-47
-43
-36
-54
4
-25
-16
7
7
-11
-33
-16
-66
-40
-52
-72
-19
-13
-11
-6
11
-15
55
44
-23
-4
-55
-52
-59
-55
-37
-24
6
11
7
-51
-93
-90
-60
-27
-2
90
6
-45
-18
-34
-1
-41
-2
-44
-12
24
14
12
-50
-30
-33
-16
-23
6
14
21
23
-12
17
14
31
-3
-21
-20
19
29
-2
35
3
33
20
28
5
-14
-49
-25
-13
19
11
12
32
-4
23
13
-20
-31
-35
41
81
57
13
-1
18
12
-11
-19
-28
-48
-36
-35
-23
-27
6
-2
-5
-10
-12
-28
-24
6
6
35
39
15
25
53
54
11
16
11
23
-17
1
24
12
1
-15
9
20
19
28
4
-17
-21
-26
-10
23
16
33
-16
-41
-70
-105
-74
-32
-10
-9
21
33
54
92
146
187
230
185
134
84
50
53
43
4
-15
-58
-144
-142
-113
-89
-14
28
24
6
-51
-59
13
71
116
82
75
66
51
62
62
41
22
64
78
122
83
69
79
88
135
92
1
-79
-83
-92
-61
-60
-62
2
44
69
60
45
32
2
17
42
62
96
73
51
59
18
7
7
8
-24
-3
21
54
129
160
135
103
89
22
9
7
-30
-30
-59
-34
-23
-6
27
7
44
104
163
110
42
4
0
34
60
64
16
-5
2
27
28
23
50
47
71
76
66
35
51
73
28
20
-21
-37
-73
-80
-69
-37
-47
-38
7
12
9
40
40
44
74
60
20
-42
-13
8
13
26
40
25
20
-17
-38
-42
-11
45
60
23
-7
-64
-98
-97
-82
-55
-49
-22
14
42
42
81
54
61
44
9
-3
-50
-64
-80
-59
6
55
79
97
72
45
-10
-15
-39
-65
-86
-74
-53
-21
-44
-60
-62
-57
-73
-92
-45
-35
-41
-21
-30
-50
-89
-68
-123
-109
-110
-144
-88
-58
-54
-67
-30
-72
-18
-20
-12
31
5
-5
35
31
13
7
-3
12
-56
-129
-217
-226
-235
-231
-262
-280
-306
-324
-260
-200
-193
-108
-47
41
181
233
269
324
316
323
255
206
196
90
3
-54
-37
-96
-132
-180
-218
-220
-224
-185
-167
-127
-164
-121
-32
16
17
-19
-2
-4
30
9
6
-1
15
29
-6
38
31
-48
-65
-30
-23
12
-58
-77
-41
-36
-41
-16
-4
32
28
17
82
105
126
164
166
157
82
2
-28
-45
-90
-150
-161
-174
-143
-102
-66
-23
35
60
63
105
136
133
145
155
76
47
10
-63
-90
-90
-99
-129
-122
-136
-96
-74
4
63
48
34
3
22
52
42
16
4
15
41
55
26
50
85
114
134
87
50
37
61
47
27
-15
-11
8
40
76
52
56
62
79
63
33
-3
-29
-2
23
14
15
38
24
36
4
1
-17
3
73
113
117
73
87
149
155
139
106
49
38
24
36
24
0
12
18
17
22
23
33
34
49
35
59
71
61
95
81
102
100
69
50
52
54
38
15
12
-29
-45
-23
-31
8
22
11
28
55
82
85
59
46
39
59
80
66
41
18
-4
31
28
4
-30
-35
-70
-82
-75
-74
-45
-51
-38
-37
-4
-3
24
23
3
9
0
10
40
61
46
1
-39
-56
-88
-93
-87
-89
-90
-75
-94
-77
-61
-52
-21
-23
-8
11
55
94
71
48
69
71
98
87
65
50
3
-7
9
31
5
-5
-27
-41
-48
-48
-35
-46
-48
-45
-20
-2
18
28
49
69
92
110
123
129
148
155
144
143
112
105
101
117
110
91
68
58
69
68
56
69
92
114
118
126
124
134
154
175
186
198
217
222
207
204
185
160
144
114
67
28
-29
-47
-102
-153
-192
-243
-291
-328
-343
-385
-386
-382
-389
-382
-366
-332
-297
-255
-228
-212
-216
-215
-205
-207
-229
-249
-268
-296
-305
-297
-326
-356
-343
-348
-344
-321
-314
-301
-288
-244
-204
-155
-115
-73
-19
30
63
106
156
222
293
346
403
452
495
531
584
629
675
697
755
796
804
879
948
994
1072
1162
1255
1380
1499
1617
1677
1688
1595
1216
800
384
-93
-437
-845
-1232
-1467
-1626
-1681
-1614
-1429
-1208
-1011
-837
-664
-441
-257
-57
81
217
369
463
595
730
872
950
934
845
739
605
439
186
-79
-352
-642
-946
-1234
-1424
-1613
-1789
-1936
-2017
-1978
-1834
-1634
-1375
-1086
-787
-504
-271
-38
150
250
250
210
142
77
-9
-111
-228
-352
-496
-638
-713
-770
-812
-891
-919
-904
-849
-722
-590
-386
-155
12
225
447
663
881
1061
1224
1376
1509
1647
1811
1956
2073
2172
2258
2332
2461
2590
2549
2249
1762
1024
196
-576
-1359
-1999
-2504
-2909
-3116
-3046
-2727
-2220
-1637
-1042
-500
-24
396
751
1087
1336
1523
1600
1632
1683
1737
1793
1781
1660
1424
1098
646
155
-385
-930
-1480
-2020
-2421
-2662
-2701
-2587
-2361
-2025
-1607
-1198
-758
-290
169
585
912
1166
1349
1487
1555
1546
1449
1236
815
334
-156
-592
-960
-1334
-1646
-1911
-2076
-2121
-2045
-1858
-1643
-1417
-1179
-928
-655
-340
-20
199
397
535
590
653
663
617
490
240
-2
-277
-481
-634
-752
-813
-850
-815
-766
-647
-431
-227
-29
191
450
764
1120
1516
1908
2305
2692
3019
3356
3692
3836
3645
3099
2316
1362
284
-815
-1788
-2611
-3226
-3661
-3790
-3548
-3073
-2438
-1762
-1116
-500
66
545
1024
1473
1824
2090
2257
2412
2569
2652
2604
2394
1963
1302
517
-323
-1104
-1822
-2508
-3023
-3349
-3462
-3308
-2964
-2453
-1843
-1251
-675
-98
486
1064
1527
1894
2175
2313
2371
2326
2182
1891
1442
790
0
-803
-1612
-2276
-2802
-3162
-3301
-3258
-3052
-2675
-2161
-1558
-966
-449
32
480
888
1207
1450
1606
1638
1572
1377
1136
808
392
-82
-617
-1036
-1376
-1586
-1667
-1635
-1539
-1380
-1176
-935
-672
-409
-179
49
300
588
955
1340
1745
2118
2447
2748
2957
3103
3218
3217
3127
2879
2427
1709
860
-17
-921
-1802
-2623
-3198
-3528
-3603
-3418
-3012
-2336
-1619
-919
-213
436
1012
1483
1841
2099
2271
2348
2351
2301
2157
1894
1467
882
212
-508
-1226
-1882
-2439
-2837
-3053
-3074
-2919
-2547
-2022
-1457
-861
-277
305
804
1272
1655
1962
2185
2248
2200
2020
1726
1335
763
114
-578
-1285
-1970
-2575
-2964
-3138
-3122
-2882
-2502
-1955
-1348
-757
-152
364
823
1135
1335
1440
1467
1413
1249
1024
727
393
-13
-423
-801
-1112
-1359
-1532
-1575
-1479
-1308
-1066
-783
-487
-194
24
224
403
566
727
880
1057
1293
1551
1774
1970
2135
2234
2294
2300
2229
2173
2020
1669
1167
547
-84
-699
-1302
-1874
-2287
-2537
-2606
-2458
-2125
-1623
-1066
-516
-18
444
870
1219
1471
1676
1784
1788
1726
1611
1489
1254
906
449
-73
-612
-1121
-1584
-1925
-2141
-2251
-2235
-2066
-1758
-1358
-910
-451
4
434
828
1159
1467
1693
1840
1884
1792
1565
1279
876
351
-169
-751
-1284
-1740
-2081
-2268
-2372
-2348
-2183
-1942
-1535
-1095
-652
-174
200
511
799
1010
1174
1248
1162
1007
765
468
137
-196
-489
-744
-962
-1085
-1128
-1068
-959
-822
-649
-531
-393
-255
-108
38
158
250
337
416
502
625
747
929
1146
1363
1558
1751
1908
2040
2205
2323
2337
2218
1875
1324
728
62
-651
-1349
-1968
-2383
-2575
-2569
-2371
-2011
-1521
-1034
-594
-139
290
681
1034
1327
1577
1775
1884
1891
1831
1668
1324
823
239
-379
-989
-1499
-1914
-2186
-2268
-2226
-2047
-1747
-1347
-915
-494
-94
316
703
1081
1418
1715
1935
2014
1960
1739
1426
969
388
-228
-838
-1442
-1917
-2240
-2409
-2362
-2236
-2026
-1785
-1488
-1155
-838
-471
-72
281
650
937
1138
1253
1246
1121
873
592
248
-121
-411
-641
-835
-966
-1031
-1073
-1048
-1005
-942
-849
-769
-653
-487
-362
-178
37
208
352
440
521
569
568
549
544
565
610
721
887
1091
1294
1486
1610
1716
1876
1970
2001
1894
1512
1032
517
-105
-727
-1323
-1779
-2099
-2264
-2239
-2038
-1678
-1238
-797
-342
156
622
1035
1436
1762
2001
2151
2134
2015
1784
1403
912
323
-284
-866
-1386
-1766
-2018
-2112
-2086
-1954
-1773
-1472
-1147
-785
-380
4
427
819
1207
1544
1798
1938
1904
1731
1440
1059
579
66
-451
-945
-1348
-1690
-1936
-2055
-2067
-2018
-1922
-1704
-1417
-1027
-603
-195
203
516
715
821
859
814
696
494
269
49
-180
-370
-502
-625
-718
-801
-873
-885
-845
-756
-619
-486
-305
-170
-45
83
158
228
230
199
171
200
248
363
544
764
1031
1274
1523
1797
2085
2339
2501
2531
2426
2128
1645
1090
452
-233
-908
-1584
-2029
-2222
-2253
-2084
-1880
-1584
-1256
-962
-573
-152
311
768
1154
1498
1802
1996
2086
2067
1848
1448
919
315
-234
-682
-1020
-1286
-1517
-1641
-1701
-1703
-1603
-1466
-1262
-1012
-734
-332
130
606
1063
1437
1684
1769
1700
1496
1232
900
515
106
-318
-678
-1005
-1330
-1552
-1718
-1796
-1806
-1793
-1606
-1369
-1020
-582
-179
270
596
809
954
998
973
845
685
492
270
71
-141
-385
-630
-870
-1083
-1225
-1236
-1173
-1072
-884
-699
-484
-312
-135
-20
41
82
70
86
114
197
267
324
414
507
618
764
930
1115
1326
1505
1690
1859
1997
2100
2129
2071
1836
1414
927
383
-175
-678
-1206
-1579
-1778
-1868
-1820
-1677
-1488
-1207
-978
-693
-337
56
502
890
1247
1538
1717
1775
1737
1607
1342
1023
602
215
-118
-427
-668
-943
-1182
-1400
-1599
-1686
-1648
-1522
-1253
-925
-542
-119
324
730
1066
1278
1388
1381
1306
1194
1054
855
595
280
-127
-496
-858
-1167
-1419
-1630
-1750
-1792
-1747
-1577
-1344
-1069
-774
-544
-334
-102
90
290
442
572
628
629
574
500
395
244
58
-153
-301
-436
-532
-603
-664
-730
-797
-823
-838
-797
-718
-643
-531
-406
-239
-76
102
285
447
635
798
966
1130
1298
1458
1601
1707
1789
1811
1831
1880
1863
1813
1638
1303
905
473
46
-332
-748
-1177
-1509
-1708
-1760
-1708
-1585
-1406
-1208
-993
-661
-247
221
716
1102
1427
1655
1745
1754
1644
1432
1121
765
374
-11
-322
-556
-795
-1034
-1285
-1509
-1682
-1721
-1656
-1465
-1205
-915
-569
-197
180
524
801
1013
1174
1245
1268
1237
1162
971
684
378
26
-325
-631
-960
-1239
-1425
-1605
-1681
-1632
-1567
-1376
-1166
-953
-694
-427
-125
142
371
605
727
764
752
673
547
435
274
78
-114
-324
-514
-682
-812
-925
-1015
-1055
-1044
-963
-836
-687
-502
-273
-62
124
331
516
677
807
917
978
1046
1087
1155
1245
1337
1411
1466
1496
1603
1701
1739
1796
1680
1404
1004
591
214
-107
-461
-834
-1159
-1375
-1435
-1416
-1363
-1263
-1146
-990
-744
-435
-50
331
635
853
1055
1184
1258
1250
1190
1087
904
688
453
202
-41
-337
-613
-830
-1030
-1165
-1248
-1261
-1228
-1124
-975
-791
-602
-385
-156
55
295
491
655
747
791
779
740
644
491
305
34
-258
-527
-701
-794
-873
-969
-1051
-1052
-992
-903
-801
-699
-627
-512
-365
-219
-85
-31
-6
-23
-6
18
51
40
-30
-124
-205
-265
-303
-308
-289
-278
-244
-190
-136
-48
-19
-8
7
44
73
81
104
113
150
215
286
383
497
637
809
993
1180
1317
1453
1575
1699
1859
1979
1996
1824
1492
1127
805
523
237
-129
-550
-929
-1247
-1448
-1528
-1569
-1546
-1500
-1340
-1068
-724
-357
-51
195
418
655
870
1088
1255
1319
1297
1217
1108
966
763
516
232
-3
-256
-472
-688
-906
-1090
-1263
-1332
-1339
-1272
-1168
-1025
-876
-672
-418
-176
44
232
458
630
757
853
893
877
801
704
560
396
216
-14
-238
-453
-672
-868
-1033
-1148
-1230
-1267
-1225
-1168
-1039
-905
-756
-582
-418
-199
-22
165
336
483
605
677
731
770
760
693
606
476
332
188
45
-88
-224
-363
-473
-567
-618
-641
-664
-607
-494
-302
-58
231
531
807
1075
1332
1551
1792
1999
2206
2391
2540
2549
2271
1859
1463
1091
773
369
-123
-623
-1082
-1423
-1664
-1826
-1939
-1978
-1935
-1723
-1463
-1142
-790
-456
-57
321
652
994
1306
1588
1788
1858
1834
1731
1603
1449
1238
948
571
151
-257
-590
-944
-1250
-1536
-1755
-1823
-1813
-1705
-1583
-1388
-1192
-936
-619
-312
47
324
558
759
896
1010
1027
1044
985
859
676
426
136
-145
-376
-613
-817
-1044
-1207
-1313
-1361
-1324
-1229
-1118
-978
-793
-573
-335
-128
74
240
417
567
682
786
826
847
810
724
626
513
378
214
49
-133
-331
-484
-629
-761
-829
-842
-823
-759
-624
-429
-185
81
332
622
904
1190
1486
1726
1981
2172
2290
2397
2361
2124
1817
1524
1292
1088
713
265
-192
-648
-937
-1194
-1417
-1551
-1664
-1684
-1611
-1488
-1332
-1131
-889
-538
-180
118
369
601
819
1040
1198
1282
1284
1218
1146
1055
938
734
478
216
4
-141
-289
-464
-644
-797
-891
-986
-1023
-1042
-1049
-978
-905
-791
-666
-602
-552
-487
-374
-255
-205
-137
-73
-14
35
70
91
124
151
185
158
104
29
-71
-138
-178
-209
-255
-335
-368
-392
-404
-383
-351
-314
-256
-162
-111
-2
119
184
247
295
329
318
255
214
168
101
24
-76
-144
-209
-274
-252
-226
-170
-104
-8
121
298
490
665
871
1084
1276
1450
1599
1690
1784
1801
1648
1421
1236
1104
996
751
418
110
-215
-437
-578
-730
-858
-945
-992
-935
-854
-820
-719
-615
-473
-239
-115
-32
35
108
224
310
384
377
368
347
344
366
347
293
212
223
232
232
195
115
30
-33
-104
-193
-300
-444
-575
-655
-735
-813
-914
-976
-989
-964
-929
-881
-813
-729
-587
-449
-324
-247
-183
-99
11
89
133
152
150
153
165
132
95
53
-12
-48
-99
-96
-113
-121
-97
-73
-38
-12
-27
-26
-14
-18
-40
-70
-127
-150
-189
-225
-224
-269
-283
-263
-229
-127
-13
114
243
393
549
751
934
1094
1250
1340
1471
1560
1617
1696
1672
1470
1266
1111
989
899
636
321
88
-120
-257
-424
-603
-759
-859
-900
-876
-818
-841
-787
-709
-556
-384
-339
-289
-257
-174
-41
48
112
186
298
399
534
659
725
715
693
684
666
605
483
323
165
26
-143
-312
-451
-625
-789
-916
-1039
-1131
-1222
-1245
-1209
-1132
-1033
-924
-826
-682
-527
-375
-253
-152
-79
4
95
131
150
148
162
151
135
134
99
51
40
32
5
-23
-28
-23
-14
1
15
9
0
-5
-12
-6
-15
-34
-36
-55
-56
-48
-49
-22
-19
25
72
118
167
229
288
393
518
641
777
899
1044
1202
1386
1529
1653
1673
1569
1483
1448
1372
1160
905
678
447
251
42
-172
-399
-596
-747
-855
-912
-1014
-1111
-1157
-1147
-1067
-1011
-980
-895
-760
-580
-390
-198
-23
171
346
513
679
826
876
886
899
899
874
795
681
550
372
186
8
-193
-399
-619
-816
-976
-1088
-1196
-1279
-1312
-1312
-1279
-1234
-1159
-1063
-941
-823
-700
-558
-427
-304
-177
-55
70
169
240
284
328
355
382
388
370
351
292
249
216
148
86
38
0
-2
-31
-52
-62
-88
-118
-115
-99
-97
-81
-84
-53
-28
12
44
36
89
101
136
212
302
394
523
642
695
853
1020
1229
1415
1530
1549
1510
1474
1476
1433
1327
1141
956
749
553
393
161
-83
-313
-540
-715
-881
-1074
-1214
-1320
-1393
-1389
-1360
-1324
-1229
-1090
-862
-660
-481
-282
-84
132
357
566
746
842
897
943
960
941
902
813
656
531
365
203
18
-187
-367
-523
-673
-839
-957
-1089
-1164
-1200
-1233
-1231
-1235
-1188
-1094
-995
-866
-719
-608
-468
-323
-169
-3
127
216
282
352
390
416
433
405
357
309
242
190
105
31
-23
-66
-70
-74
-79
-72
-49
-19
13
64
80
87
114
134
193
220
223
235
224
237
225
243
272
300
348
383
445
565
695
860
1062
1123
1155
1164
1229
1334
1352
1283
1194
1076
950
841
691
505
233
-23
-244
-435
-617
-807
-1012
-1160
-1249
-1278
-1287
-1302
-1242
-1143
-1030
-874
-736
-572
-397
-231
-27
195
381
506
592
681
767
810
805
765
698
625
540
433
329
186
42
-100
-269
-436
-592
-764
-913
-1012
-1116
-1197
-1238
-1236
-1208
-1134
-1004
-869
-736
-591
-431
-278
-129
30
163
261
352
410
466
481
463
427
374
311
229
179
111
57
26
3
-1
-19
-5
7
40
91
114
149
168
195
245
274
282
287
293
278
260
236
218
235
255
290
353
380
467
609
782
924
935
962
1027
1116
1200
1193
1143
1059
931
849
746
618
429
178
-64
-263
-439
-591
-776
-931
-1044
-1116
-1148
-1163
-1119
-1051
-958
-849
-662
-519
-378
-230
-102
88
248
354
438
473
524
551
588
589
544
474
404
349
302
252
164
106
4
-97
-198
-305
-399
-497
-605
-709
-801
-848
-901
-929
-890
-875
-836
-804
-730
-645
-565
-471
-386
-302
-207
-85
-7
74
173
245
296
328
350
339
337
313
289
258
220
197
156
144
104
66
43
6
-21
-25
-36
-25
-1
14
40
79
140
155
217
258
300
349
414
476
518
588
691
837
914
915
925
973
1030
1044
1021
979
895
790
699
614
510
350
111
-94
-253
-407
-541
-705
-839
-930
-1010
-1034
-1036
-1010
-947
-889
-822
-687
-569
-421
-319
-189
-40
77
180
272
376
426
460
488
514
516
489
421
352
289
219
159
76
-39
-176
-295
-374
-439
-527
-600
-687
-753
-795
-813
-849
-855
-841
-841
-794
-741
-667
-577
-489
-408
-325
-224
-149
-68
41
126
198
268
327
371
397
394
405
407
376
351
318
277
222
169
117
50
-7
-72
-133
-171
-170
-168
-142
-104
-18
63
135
238
337
428
531
635
726
822
907
1010
1094
1129
1125
1135
1122
1066
990
897
794
676
529
388
264
111
-37
-193
-307
-416
-502
-579
-644
-695
-727
-758
-757
-727
-694
-655
-628
-537
-485
-393
-332
-271
-199
-139
-78
-36
20
53
105
141
197
227
241
218
180
152
131
98
52
-1
-53
-116
-174
-254
-340
-394
-501
-588
-637
-673
-715
-740
-772
-794
-803
-811
-770
-753
-694
-653
-589
-509
-421
-300
-184
-67
65
178
288
418
508
574
617
642
662
650
608
555
478
361
269
152
38
-75
-186
-273
-348
-398
-410
-374
-323
-214
-132
-11
128
281
452
625
778
892
1012
1158
1210
1234
1262
1227
1179
1079
976
849
691
535
366
210
21
-167
-330
-482
-604
-677
-751
-810
-834
-845
-848
-838
-811
-768
-732
-703
-636
-534
-439
-343
-280
-182
-127
-92
-40
-34
-7
18
49
81
93
101
108
80
75
52
19
-37
-94
-150
-196
-245
-310
-345
-430
-483
-561
-621
-642
-652
-662
-672
-672
-658
-620
-590
-557
-528
-496
-467
-437
-379
-309
-244
-172
-115
-67
19
101
192
268
337
393
437
488
506
517
485
466
424
370
313
222
159
55
-16
-77
-126
-172
-207
-179
-164
-115
-44
45
162
298
425
567
726
861
970
1052
1123
1158
1140
1106
1061
989
868
733
593
431
258
77
-107
-287
-426
-551
-675
-773
-846
-899
-937
-945
-945
-930
-910
-851
-784
-697
-597
-496
-393
-283
-174
-75
21
85
159
204
249
288
311
310
281
242
203
154
73
-12
-107
-187
-290
-376
-452
-543
-636
-705
-753
-773
-758
-737
-727
-693
-644
-588
-514
-447
-373
-312
-238
-190
-149
-97
-23
10
34
72
79
118
152
180
216
240
266
288
291
293
294
300
287
266
241
215
191
163
134
119
90
63
45
29
21
21
53
82
136
202
276
368
500
608
674
748
772
827
835
802
790
732
655
573
485
400
295
164
12
-132
-259
-386
-491
-591
-692
-760
-837
-879
-887
-902
-901
-889
-866
-822
-753
-680
-590
-483
-393
-289
-187
-104
2
66
131
175
193
228
222
214
197
159
84
13
-79
-160
-267
-376
-463
-553
-645
-717
-744
-767
-785
-767
-759
-718
-657
-598
-519
-449
-353
-267
-203
-139
-67
-13
19
45
61
83
97
102
96
111
107
107
123
130
160
188
189
204
224
239
267
273
277
298
267
266
263
267
253
223
207
207
197
184
207
233
272
345
391
440
485
510
539
551
532
519
500
468
433
408
364
299
221
120
24
-76
-160
-271
-381
-482
-571
-656
-715
-743
-785
-808
-812
-795
-793
-753
-700
-653
-569
-479
-399
-289
-179
-82
-8
48
107
135
185
191
180
138
82
24
-41
-117
-212
-313
-423
-521
-610
-666
-727
-761
-804
-811
-763
-753
-681
-629
-576
-482
-391
-281
-196
-113
-45
12
75
121
128
171
164
147
126
120
107
73
86
66
82
91
101
108
130
154
165
183
205
223
258
284
305
328
323
353
356
378
400
418
449
488
545
575
615
615
598
594
547
489
428
336
260
199
108
44
-32
-126
-195
-282
-337
-416
-482
-546
-614
-623
-641
-644
-631
-618
-578
-541
-503
-436
-390
-351
-307
-266
-235
-201
-182
-172
-175
-186
-192
-220
-251
-254
-289
-313
-330
-350
-328
-346
-330
-334
-352
-356
-381
-387
-397
-413
-430
-458
-467
-437
-431
-417
-395
-368
-333
-298
-245
-181
-131
-106
-39
7
35
71
96
124
131
127
127
132
121
110
121
124
140
146
166
186
194
214
271
303
345
369
389
440
445
454
454
447
435
432
462
483
499
502
493
469
467
444
394
336
301
279
231
198
164
141
91
52
-6
-66
-124
-238
-318
-404
-500
-572
-622
-680
-706
-726
-703
-683
-650
-585
-529
-450
-369
-283
-201
-121
-62
-25
-17
-13
-6
-17
-50
-97
-151
-216
-272
-336
-394
-450
-515
-568
-600
-624
-650
-667
-661
-637
-612
-578
-524
-466
-412
-348
-252
-177
-97
-41
19
81
122
161
187
209
238
224
216
214
201
192
171
145
106
86
57
45
47
20
48
76
120
199
257
340
432
516
596
677
771
852
922
959
989
982
952
934
859
746
608
463
298
155
9
-153
-282
-396
-500
-596
-654
-692
-736
-735
-729
-695
-654
-613
-561
-495
-411
-334
-252
-186
-115
-67
-35
-18
-1
-3
-16
-33
-86
-167
-214
-276
-342
-381
-446
-483
-534
-544
-571
-581
-618
-634
-647
-651
-644
-648
-614
-595
-532
-497
-440
-388
-323
-254
-200
-140
-104
-42
-5
18
62
87
101
123
137
167
181
185
200
218
214
221
216
227
222
202
187
158
160
151
154
149
161
163
177
199
219
244
266
321
364
385
437
496
563
619
675
712
722
727
699
655
580
503
402
298
191
81
-36
-140
-220
-281
-358
-422
-453
-506
-535
-558
-592
-605
-604
-606
-586
-550
-513
-467
-409
-351
-282
-218
-159
-114
-117
-101
-91
-104
-131
-162
-214
-250
-266
-304
-322
-344
-355
-374
-396
-419
-469
-490
-524
-581
-617
-649
-648
-660
-621
-587
-545
-462
-408
-305
-224
-117
-41
24
89
125
157
193
225
232
252
280
303
335
364
366
396
394
394
395
378
367
370
378
371
362
386
416
450
493
544
603
645
679
713
731
727
687
663
606
543
468
377
291
192
104
18
-55
-132
-203
-254
-328
-369
-433
-477
-497
-546
-562
-578
-576
-564
-526
-486
-457
-419
-345
-302
-272
-226
-214
-216
-198
-217
-237
-275
-311
-334
-384
-390
-416
-431
-449
-448
-422
-410
-398
-402
-387
-375
-366
-353
-350
-350
-350
-336
-341
-319
-300
-289
-281
-250
-212
-183
-165
-138
-96
-68
-26
5
40
80
118
147
194
239
281
326
360
397
426
427
445
443
435
423
383
381
373
372
370
372
395
434
457
500
581
612
667
684
705
714
668
655
588
535
478
378
293
196
111
43
-38
-122
-196
-249
-293
-326
-365
-398
-425
-450
-461
-462
-452
-447
-423
-423
-398
-370
-372
-332
-341
-331
-308
-298
-298
-307
-348
-365
-394
-433
-463
-502
-534
-569
-583
-609
-613
-609
-593
-572
-544
-497
-454
-406
-354
-301
-233
-176
-115
-56
-8
42
70
97
126
131
148
131
95
92
49
10
-16
-20
-24
-12
7
41
93
161
249
316
395
491
565
652
745
787
865
896
938
982
989
997
985
943
889
831
762
665
541
427
312
188
70
-23
-134
-223
-309
-333
-356
-394
-371
-375
-345
-311
-267
-223
-204
-192
-196
-191
-183
-182
-193
-212
-245
-281
-315
-336
-356
-406
-446
-470
-506
-552
-597
-619
-636
-664
-676
-677
-677
-658
-641
-613
-588
-561
-504
-464
-437
-389
-345
-282
-234
-181
-147
-115
-81
-53
16
31
52
84
102
137
162
192
204
228
250
277
307
333
371
398
419
443
432
439
459
442
449
450
449
443
448
448
448
454
449
469
469
479
501
499
499
503
483
471
453
420
391
343
308
247
197
145
74
36
-2
-47
-54
-87
-122
-137
-157
-150
-169
-184
-203
-216
-237
-267
-305
-340
-377
-431
-468
-490
-509
-519
-521
-525
-500
-494
-484
-457
-447
-442
-453
-443
-428
-423
-415
-429
-443
-459
-475
-471
-471
-463
-440
-408
-393
-356
-316
-289
-251
-226
-210
-174
-162
-149
-121
-102
-51
-47
3
57
111
189
243
323
402
474
540
599
658
708
753
792
815
824
831
846
841
827
803
776
743
715
662
623
586
540
496
444
394
313
220
159
107
41
-26
-76
-112
-155
-169
-176
-190
-204
-187
-185
-175
-169
-153
-158
-170
-177
-213
-224
-269
-294
-348
-404
-414
-444
-492
-519
-527
-527
-519
-533
-522
-537
-533
-520
-500
-512
-537
-551
-554
-568
-569
-559
-561
-553
-508
-492
-462
-411
-367
-333
-276
-191
-150
-101
-54
-5
27
77
115
136
161
164
174
193
188
199
205
217
242
273
309
341
361
381
414
458
484
505
531
567
597
638
655
676
712
729
776
786
805
813
820
804
775
721
653
567
487
381
274
170
57
-59
-150
-221
-293
-348
-387
-403
-424
-419
-425
-419
-420
-413
-410
-409
-404
-411
-398
-405
-418
-417
-423
-439
-444
-461
-461
-465
-484
-487
-485
-497
-475
-474
-457
-453
-448
-420
-419
-386
-383
-368
-321
-325
-295
-260
-225
-225
-201
-178
-161
-129
-123
-74
-47
-13
8
49
84
105
143
190
232
294
345
394
449
501
560
622
681
726
771
797
821
845
854
863
870
842
822
784
723
692
612
548
487
415
351
269
207
144
76
26
-13
-68
-110
-159
-167
-160
-178
-179
-157
-144
-121
-102
-104
-90
-88
-99
-123
-170
-202
-255
-301
-356
-410
-483
-552
-592
-651
-669
-699
-705
-704
-719
-732
-699
-674
-667
-629
-600
-580
-559
-507
-478
-469
-428
-379
-364
-348
-288
-246
-208
-171
-135
-97
-58
-4
36
86
131
184
220
271
321
370
408
436
480
511
533
544
571
594
619
629
630
656
660
666
662
655
687
671
676
689
678
677
658
634
605
573
534
480
440
365
294
243
173
86
21
-60
-121
-188
-254
-290
-326
-368
-391
-428
-456
-456
-497
-507
-533
-535
-538
-539
-539
-545
-558
-557
-538
-515
-501
-458
-429
-416
-393
-386
-369
-364
-370
-375
-392
-398
-407
-439
-441
-472
-475
-479
-473
-459
-444
-433
-416
-360
-328
-265
-205
-143
-72
-6
49
110
185
223
268
315
339
366
399
418
449
463
475
490
508
512
544
549
566
568
585
597
605
628
617
643
642
641
625
602
554
504
466
411
354
291
204
123
58
-28
-95
-167
-234
-283
-341
-371
-388
-411
-424
-435
-424
-414
-399
-365
-356
-357
-325
-318
-299
-292
-283
-273
-279
-277
-287
-302
-324
-345
-337
-380
-401
-415
-435
-466
-495
-493
-514
-498
-501
-480
-469
-426
-400
-371
-310
-281
-217
-176
-109
-60
10
51
114
165
204
249
285
316
341
358
367
380
373
371
339
345
332
329
326
309
304
321
328
309
346
347
355
379
372
376
381
392
384
376
358
328
298
284
246
212
166
128
83
18
-38
-75
-99
-157
-187
-212
-231
-262
-268
-271
-282
-273
-287
-288
-279
-272
-271
-265
-264
-264
-247
-260
-272
-279
-287
-309
-320
-319
-326
-334
-331
-339
-333
-318
-324
-293
-252
-236
-232
-183
-166
-149
-113
-91
-69
-60
-26
-12
-13
9
11
26
34
38
42
49
50
66
80
93
116
139
168
200
234
242
253
274
277
317
341
337
355
380
370
393
409
390
382
375
363
344
322
313
271
246
186
149
126
79
48
17
-8
-59
-86
-105
-120
-125
-144
-142
-156
-175
-151
-159
-157
-153
-163
-176
-166
-164
-184
-183
-186
-167
-175
-171
-164
-172
-178
-178
-195
-198
-195
-207
-208
-212
-213
-197
-199
-212
-206
-174
-182
-171
-155
-157
-138
-118
-106
-92
-89
-73
-46
-51
-16
-5
17
29
70
88
90
133
144
163
173
207
201
230
221
217
219
201
205
186
196
182
159
170
139
140
135
134
137
107
122
126
141
117
122
103
103
104
66
82
70
54
53
31
33
18
10
-5
-15
-7
-23
-25
-24
-23
-24
-41
-44
-66
-93
-96
-97
-130
-155
-163
-188
-201
-206
-221
-234
-243
-248
-248
-247
-237
-241
-213
-205
-190
-172
-155
-133
-137
-106
-90
-72
-57
-65
-45
-36
-22
-5
-1
13
24
26
52
48
42
55
58
84
88
87
91
102
89
105
104
94
113
96
104
105
108
104
117
125
127
140
143
145
166
159
163
157
136
119
111
103
100
86
56
53
38
41
29
8
2
-6
-15
-9
-5
6
9
12
19
25
45
48
45
56
48
46
28
22
11
-22
-37
-53
-78
-101
-113
-114
-131
-132
-117
-128
-120
-111
-96
-107
-94
-89
-67
-51
-65
-37
-36
-30
-39
-43
-29
-29
-23
-28
-21
-13
-13
4
9
19
17
41
46
49
73
96
110
119
139
145
185
181
191
225
226
231
252
231
241
242
235
216
202
194
168
167
130
106
104
86
63
51
33
22
7
14
18
7
2
18
14
27
37
23
39
45
48
58
64
47
38
32
33
16
3
-3
-32
-33
-56
-58
-64
-78
-72
-83
-69
-64
-58
-53
-39
-27
-20
-19
-18
-17
-21
-21
-24
-11
-33
-28
-26
-39
-50
-50
-53
-64
-39
-47
-26
-24
-13
-12
-4
20
34
52
60
79
82
108
103
108
129
121
122
104
112
111
90
84
67
42
32
24
22
16
5
3
-4
8
3
7
19
27
39
56
68
81
108
99
124
135
140
138
116
116
99
79
62
50
31
4
-2
4
-23
-46
-48
-55
-51
-53
-56
-49
-59
-54
-59
-70
-72
-90
-82
-76
-90
-82
-78
-88
-97
-87
-79
-78
-72
-54
-46
-48
-21
-22
-6
3
-1
9
32
44
46
58
48
30
40
29
29
17
-4
-16
-21
-31
-74
-68
-61
-69
-67
-62
-58
-47
-46
-54
-36
-24
-18
-1
24
27
54
58
60
73
88
100
91
81
93
97
84
80
58
41
28
3
-9
-45
-55
-74
-97
-96
-120
-127
-116
-119
-130
-118
-102
-81
-61
-37
-21
17
25
62
79
79
87
106
109
88
87
53
43
10
-32
-53
-79
-110
-121
-132
-150
-151
-135
-141
-149
-130
-124
-102
-98
-77
-70
-57
-38
-47
-16
5
-8
9
8
19
10
8
7
5
26
23
38
35
44
63
82
77
77
87
83
77
60
58
57
48
34
26
13
-22
-16
-57
-38
-43
-65
-56
-60
-45
-48
-39
-25
-21
-2
19
43
69
72
75
88
100
76
75
64
62
60
44
22
-7
-19
-30
-42
-49
-64
-75
-89
-101
-102
-111
-120
-138
-115
-128
-126
-120
-103
-90
-92
-73
-65
-40
-16
-7
21
44
67
85
87
95
89
97
84
78
76
60
41
20
14
-5
-16
-24
-20
-30
-39
-45
-50
-35
-26
-31
-38
-5
6
28
49
78
81
97
116
113
109
113
104
81
89
80
85
84
64
54
35
34
20
20
19
8
0
-13
-14
-25
-33
-34
-28
-29
-34
-50
-28
-41
-24
-32
-30
-23
-37
-7
-16
-1
-10
12
21
20
28
29
13
-6
-8
-2
-17
-13
-39
-46
-33
-50
-51
-53
-55
-43
-28
-43
-25
-26
-15
-36
-24
-18
-8
2
-10
-7
-10
-8
-8
-4
-1
2
12
29
6
25
34
41
54
57
64
73
76
65
80
77
60
56
66
44
48
51
35
45
42
51
47
54
43
48
36
38
46
46
46
38
41
38
47
39
14
4
-3
-14
-20
-31
-31
-41
-19
-26
-34
-26
-27
-26
-42
-23
-11
-3
-1
-15
-23
-21
-8
-9
-14
-2
-22
-28
-21
-39
-52
-41
-27
-31
-41
-19
-25
-40
-26
-28
-25
-36
-19
-3
-23
-11
-1
-18
-15
-7
-9
8
-3
7
19
22
29
40
49
64
77
83
94
110
103
97
95
86
101
69
58
68
57
27
27
26
27
32
30
42
37
37
45
46
64
68
64
80
77
87
79
80
100
82
80
83
67
70
46
34
29
14
-12
-30
-37
-67
-72
-73
-69
-80
-71
-59
-67
-60
-49
-50
-42
-26
-20
11
13
16
30
40
66
69
70
69
68
82
90
93
92
92
70
54
61
36
37
22
-5
-26
-16
-7
-27
-26
-32
-27
-27
-11
5
22
41
65
64
78
97
95
116
117
138
140
140
125
129
128
114
115
117
112
95
87
67
81
61
70
60
49
75
80
76
77
75
68
70
53
77
69
59
62
60
54
55
70
53
45
51
24
10
25
13
-2
11
1
-18
-15
-13
-27
-26
-19
-38
-19
-26
-23
-15
-22
-33
-28
-26
-24
-41
-24
-14
-27
-27
-23
-19
-35
-19
-18
-18
-18
-13
-9
-6
16
24
15
24
48
59
62
67
68
78
98
79
89
105
78
88
61
68
60
51
40
11
18
9
5
8
6
14
24
30
34
55
70
89
106
99
122
120
118
123
119
125
122
123
105
101
104
61
57
43
6
0
-28
-55
-61
-68
-94
-77
-88
-86
-78
-65
-64
-57
-37
-38
-8
-19
3
-4
-4
4
-1
-12
-15
-43
-47
-43
-52
-70
-78
-84
-87
-101
-91
-90
-105
-94
-90
-74
-90
-69
-58
-37
-41
-32
-25
-15
9
16
8
12
15
16
18
13
35
10
7
2
13
22
26
10
12
28
28
37
18
36
34
34
32
30
41
30
36
3
25
27
9
11
0
22
-9
4
6
-13
-21
-29
-35
-49
-45
-40
-46
-48
-39
-50
-62
-48
-50
-52
-32
-22
-8
-4
3
8
5
7
21
14
9
10
-1
-14
-20
-28
-50
-79
-88
-97
-115
-110
-118
-109
-105
-102
-115
-101
-86
-88
-76
-71
-61
-48
-50
-42
-32
-16
-17
-19
-11
-15
12
-10
-8
9
-17
-20
-25
-25
-30
-33
-38
-44
-70
-62
-56
-64
-66
-83
-66
-68
-61
-55
-40
-29
-40
-30
2
1
6
7
2
12
24
24
19
32
12
4
11
8
-6
-3
6
-3
-8
2
-1
5
2
3
5
-16
-9
-20
-12
-20
-31
-19
-20
-31
-52
-38
-50
-70
-60
-70
-81
-62
-57
-56
-47
-40
-36
-41
-27
-28
-15
-15
-5
-1
-15
5
-14
-16
-12
-13
-15
-31
-34
-28
-44
-40
-43
-44
-43
-47
-37
-36
-37
-30
-22
-25
-34
-31
-33
-27
-10
-9
-9
-22
-25
-7
-11
-14
-19
-16
-1
-15
-6
-2
-7
8
-1
9
9
21
16
4
8
-4
-15
-27
-24
-39
-22
-25
-35
-32
-38
-39
-30
-32
-38
-39
-33
-12
1
0
-4
17
29
43
48
51
56
58
44
51
59
59
57
38
31
24
5
-2
5
-4
-20
-28
-30
-66
-58
-65
-79
-74
-72
-92
-100
-85
-96
-72
-75
-77
-63
-33
-28
-30
-24
-22
-24
-37
-28
-14
-32
-11
-22
-39
-38
-57
-65
-66
-64
-68
-82
-77
-85
-81
-76
-76
-71
-86
-69
-71
-66
-63
-68
-67
-66
-51
-52
-38
-40
-43
-39
-37
-43
-42
-39
-45
-23
-28
-20
-11
-13
0
-16
7
2
7
19
8
21
11
18
19
47
31
15
28
-3
-2
0
-11
-21
-14
-37
-46
-35
-39
-43
-58
-54
-55
-44
-50
-47
-48
-47
-39
-25
-6
-31
-14
-14
-15
-19
-20
-10
-7
-10
-28
-33
-50
-43
-61
-66
-75
-79
-75
-109
-103
-110
-122
-128
-121
-108
-129
-105
-114
-117
-99
-115
-95
-80
-80
-71
-55
-35
-45
-22
-8
-5
-3
32
40
34
17
30
34
19
25
17
34
10
8
9
-1
-5
-22
-8
2
-13
1
2
18
12
19
19
21
40
40
52
62
82
81
70
71
79
79
78
80
86
79
70
56
56
75
59
37
41
31
42
39
17
44
28
33
18
4
32
25
9
18
15
3
3
-1
-6
-18
-32
-21
-14
-31
-36
-22
-34
-39
-31
-31
-28
-45
-25
-38
-47
-47
-67
-40
-45
-51
-55
-50
-33
-47
-44
-46
-46
-40
-34
-31
-28
-25
-13
0
-2
0
0
-5
12
13
7
34
39
22
38
47
51
68
61
78
87
90
92
103
108
110
97
107
93
87
78
72
62
50
49
47
47
47
48
41
43
40
61
53
64
71
66
72
83
80
77
80
66
66
61
62
72
65
32
29
29
30
23
5
-11
-16
-21
-31
-28
-47
-52
-47
-49
-42
-52
-53
-55
-62
-61
-51
-53
-49
-62
-44
-56
-49
-39
-50
-34
-40
-33
-27
-33
-28
-33
-36
-31
-28
-47
-41
-28
-33
-10
-18
-14
-10
-9
12
21
23
21
41
46
40
52
66
79
70
72
75
76
83
84
88
72
89
81
75
90
54
56
58
55
63
66
65
70
77
71
73
82
87
83
85
98
93
86
83
99
87
85
88
65
67
47
39
34
5
2
2
-34
-45
-46
-80
-63
-76
-102
-89
-96
-87
-96
-97
-99
-86
-80
-68
-78
-66
-65
-59
-45
-52
-59
-43
-42
-44
-41
-58
-45
-55
-42
-41
-30
-40
-52
-36
-48
-41
-38
-29
-27
-2
-3
7
32
25
38
40
49
58
68
72
70
82
72
77
71
64
64
61
58
51
49
57
49
39
47
49
80
68
64
87
79
82
95
89
101
88
83
82
76
79
58
48
61
41
32
18
11
9
10
10
-16
-3
-17
-27
-19
-35
-27
-42
-48
-20
-40
-45
-40
-48
-28
-51
-53
-53
-77
-47
-61
-81
-84
-95
-106
-115
-121
-110
-129
-129
-133
-114
-123
-118
-121
-122
-106
-112
-75
-67
-52
-34
-18
1
3
24
52
38
64
61
54
68
75
73
73
72
66
85
62
57
65
60
68
75
83
79
70
80
96
93
89
98
77
76
95
85
83
97
100
99
87
82
100
71
81
79
76
65
59
51
27
38
26
6
2
0
-9
-19
-14
-21
-25
-37
-56
-49
-36
-45
-63
-59
-64
-66
-73
-77
-93
-105
-97
-107
-106
-107
-95
-95
-94
-89
-97
-91
-98
-79
-86
-97
-89
-73
-48
-65
-64
-59
-57
-49
-45
-58
-41
-28
-37
-32
-17
-16
-6
-3
15
24
18
45
45
50
62
73
85
88
88
114
131
119
127
142
141
129
140
149
144
152
156
145
123
136
137
105
103
86
77
67
76
67
63
73
55
56
44
20
26
23
9
22
10
6
-14
-27
-21
-22
-40
-46
-55
-60
-58
-66
-60
-75
-85
-87
-86
-104
-91
-85
-93
-108
-98
-105
-119
-120
-119
-99
-119
-129
-131
-125
-124
-125
-107
-97
-98
-103
-86
-98
-98
-86
-75
-63
-51
-47
-36
-30
-13
11
14
11
32
49
30
51
50
52
59
66
72
72
71
74
95
89
88
107
107
118
124
127
129
124
123
113
117
124
129
118
117
108
113
120
96
94
99
93
59
61
55
39
32
5
10
-8
-21
-32
-28
-46
-56
-52
-83
-88
-99
-111
-124
-121
-135
-145
-139
-155
-172
-160
-156
-161
-172
-161
-152
-149
-162
-147
-148
-147
-140
-139
-133
-126
-124
-121
-93
-94
-77
-92
-73
-65
-66
-68
-62
-50
-40
-48
-41
-24
-23
-14
-34
2
9
1
19
15
21
52
56
70
85
83
95
96
106
99
104
109
106
124
117
107
100
100
118
119
97
103
96
71
96
101
81
74
64
43
37
42
32
22
21
16
7
-9
-7
-23
-16
-13
-25
-43
-29
-26
-37
-23
-35
-36
-52
-41
-45
-63
-58
-71
-91
-85
-93
-108
-100
-103
-113
-116
-112
-119
-116
-134
-138
-136
-140
-148
-145
-121
-128
-122
-112
-111
-89
-80
-70
-50
-32
-41
-35
-15
-8
20
29
35
46
54
49
76
84
61
81
76
69
91
91
89
90
86
95
90
87
88
92
97
105
109
90
101
116
121
104
113
112
112
118
113
114
108
114
93
97
88
76
78
75
70
48
47
39
32
16
2
5
-21
-22
-7
-26
-22
-41
-61
-44
-76
-61
-74
-82
-65
-81
-90
-84
-78
-82
-90
-79
-67
-72
-67
-53
-53
-39
-45
-41
-33
-33
-28
-23
-20
-29
-4
3
-14
-12
1
-2
-3
2
7
7
19
10
28
31
22
46
39
52
61
61
95
79
82
120
131
138
143
157
148
158
172
165
182
184
185
169
160
167
163
147
132
128
117
110
97
82
78
64
72
64
39
44
40
36
23
24
35
21
22
38
25
27
12
6
22
6
5
-7
-24
-29
-28
-35
-53
-72
-79
-83
-83
-94
-94
-95
-98
-92
-111
-105
-105
-100
-105
-86
-88
-88
-87
-78
-68
-51
-55
-39
-30
-18
-16
-1
5
8
13
19
31
25
50
46
50
48
69
75
64
74
83
87
100
97
97
102
102
99
111
125
105
109
118
95
89
87
71
69
80
89
80
76
65
77
67
69
43
42
40
31
37
46
31
26
41
33
24
13
12
0
-15
-16
-22
-35
-41
-40
-43
-58
-60
-66
-69
-73
-74
-71
-85
-77
-85
-92
-84
-85
-83
-91
-83
-97
-81
-97
-93
-100
-98
-83
-95
-88
-83
-78
-85
-74
-65
-64
-66
-62
-59
-48
-36
-37
-34
-28
-20
-25
3
14
15
23
29
10
24
30
16
23
31
50
49
46
56
50
60
74
69
66
50
57
66
71
88
83
55
68
71
70
64
71
48
41
45
33
37
25
12
1
-2
-2
-20
-30
-41
-43
-36
-49
-67
-69
-69
-60
-55
-56
-51
-70
-57
-56
-65
-58
-63
-59
-58
-42
-47
-60
-48
-39
-45
-48
-46
-63
-61
-60
-68
-61
-58
-83
-82
-82
-75
-80
-63
-84
-87
-62
-54
-47
-36
-20
-35
-24
-15
-1
-8
10
18
21
24
33
34
31
44
36
46
49
56
62
49
48
46
47
62
59
54
56
52
55
53
37
54
46
33
33
40
39
38
43
42
38
63
55
56
48
42
43
43
34
29
27
15
23
8
8
-16
-15
-7
-37
-48
-53
-51
-60
-71
-65
-67
-88
-94
-95
-100
-110
-109
-93
-92
-110
-112
-96
-94
-96
-83
-65
-73
-72
-60
-55
-42
-40
-37
-37
-46
-32
-36
-28
-38
-35
-40
-45
-28
-26
-25
-31
-42
-36
-29
-26
-13
-11
5
0
3
7
9
12
-1
18
22
23
29
41
42
32
38
59
44
50
36
32
42
26
37
18
25
21
24
19
9
10
1
-3
12
21
-2
-5
-12
-6
-15
-14
-20
-21
-41
-34
-22
-21
-23
-27
-14
-19
-17
-23
-31
-43
-39
-31
-36
-34
-33
-40
-58
-49
-50
-58
-44
-33
-43
-46
-39
-44
-57
-58
-25
-35
-58
-50
-55
-44
-42
-46
-32
-30
-37
-37
-27
-17
-16
-4
-10
-23
-7
4
-5
12
6
2
10
24
9
17
38
22
25
38
50
41
31
32
40
38
37
46
44
35
36
25
29
28
16
15
4
11
9
-7
7
4
-9
3
-2
-10
3
16
20
17
15
13
-1
11
2
14
-1
-4
-7
-23
-29
-11
-4
-21
-38
-26
-24
-43
-41
-27
-21
-36
-33
-31
-32
-28
-29
-20
-26
-31
-37
-27
-25
-21
-30
-22
-25
-22
-5
-18
-22
-14
-26
-28
-18
-17
-11
-18
-11
-20
-37
-21
-17
-30
-30
-14
-17
-13
-14
-4
-7
8
5
11
18
5
19
9
14
28
25
21
30
21
26
28
21
16
32
21
16
1
0
5
-8
-11
3
5
-2
1
-14
-2
-8
1
-19
-18
-29
-30
-34
-36
-17
-38
-45
-45
-45
-48
-58
-64
-47
-49
-47
-43
-36
-35
-39
-31
-30
-18
-19
-18
-18
-19
-12
-18
-32
-14
-30
-32
-27
-18
-22
-28
-21
-33
-43
-25
-28
-33
-20
-36
-23
-22
-21
-13
-32
-20
-14
-13
-23
-19
-16
-6
-6
-8
-12
-23
2
-9
-2
4
-5
-8
2
-2
-11
3
-1
-10
-6
-12
-1
-2
-14
-12
-8
-9
-13
-22
1
15
4
16
5
22
13
10
12
17
21
2
17
6
-1
21
21
18
32
15
31
19
26
29
9
38
16
16
18
3
14
16
14
7
8
13
-19
-11
-3
-5
0
1
13
0
3
16
9
15
25
21
22
23
26
27
23
39
32
38
41
32
30
34
43
41
34
43
50
34
46
41
25
48
40
44
49
38
37
36
38
48
44
39
31
41
37
38
49
39
33
27
33
25
16
20
9
10
24
25
12
32
23
20
23
19
23
4
11
21
10
-6
22
17
11
12
12
5
22
18
10
17
8
23
13
11
15
7
25
22
9
10
9
9
0
3
4
17
33
20
23
13
23
21
10
20
23
12
-3
8
19
13
7
-9
3
-14
-20
-11
-15
-14
6
-10
-32
-17
-26
-10
-14
-23
-21
-15
-3
-4
-7
-13
9
-11
1
-1
-5
-2
7
-4
5
8
1
-3
-6
-5
-19
-12
-20
3
4
-13
-23
-15
-12
-5
4
-14
-24
-26
-8
-5
1
0
-2
3
5
21
7
-2
-1
-2
2
-7
-15
5
5
-8
-13
-10
-19
-2
8
-19
-8
-10
-2
4
-2
-6
-11
-6
-19
-18
-23
-25
-36
-37
-24
-39
-25
-26
-48
-43
-33
-38
-31
-14
-41
-25
-29
-23
-33
-37
-29
-33
-23
-27
-29
-38
-28
-39
-39
-26
-40
-43
-32
-42
-39
-34
-41
-34
-29
-51
-32
-49
-41
-27
-33
-47
-45
-37
-42
-28
-36
-29
-19
-8
-8
-16
-25
-3
-22
-13
-2
3
0
-4
-12
-15
-11
-12
-14
-16
-20
-8
-20
-28
-23
-29
-19
-14
-29
-27
-1
-28
-19
-22
-24
-16
-26
-27
-20
-5
-14
-15
-17
-24
-23
-22
-12
-18
-15
-40
-42
-31
-51
-49
-42
-40
-63
-63
-55
-53
-55
-56
-54
-68
-72
-73
-69
-73
-84
-87
-75
-65
-68
-72
-69
-62
-70
-65
-64
-65
-65
-68
-76
-72
-62
-57
-38
-49
-57
-69
-60
-57
-74
-67
-59
-61
-56
-59
-47
-50
-55
-40
-43
-50
-40
-41
-39
-32
-34
-45
-30
-36
-43
-51
-56
-35
-40
-24
-22
-19
-31
-22
-25
-31
-29
-20
-19
-17
-14
-29
-11
-16
-14
-17
-20
-23
-9
-5
-13
-12
-33
-20
-14
-26
-24
-44
-47
-42
-48
-59
-60
-46
-56
-56
-59
-59
-75
-56
-47
-61
-59
-64
-64
-63
-44
-59
-76
-70
-70
-73
-56
-71
-78
-81
-71
-67
-69
-71
-74
-76
-79
-56
-87
-67
-51
-57
-57
-51
-56
-57
-53
-48
-52
-47
-38
-51
-27
-33
-23
-30
-40
-35
-42
-33
-37
-42
-33
-50
-49
-51
-60
-65
-51
-68
-68
-56
-62
-58
-56
-65
-60
-57
-67
-64
-73
-65
-66
-59
-47
-66
-51
-51
-70
-64
-72
-74
-71
-71
-68
-72
-73
-92
-71
-70
-70
-70
-82
-79
-89
-85
-91
-96
-102
-87
-93
-77
-70
-89
-93
-91
-82
-79
-87
-74
-68
-76
-71
-74
-65
-61
-56
-68
-71
-65
-71
-60
-65
-59
-48
-48
-51
-44
-34
-40
-30
-25
-38
-22
-29
-27
-11
-23
-20
-13
-12
-16
-23
-12
1
-19
-20
-6
-3
2
3
-14
-8
6
-5
-13
-31
-12
-12
-16
-14
-15
-3
-12
-5
-11
-14
-10
-14
-13
-14
-30
-15
-6
-4
-2
-11
-26
-30
7
-20
-12
-10
-10
2
-14
-10
-18
-11
-6
-5
5
5
1
3
8
6
9
13
11
-7
6
-5
-9
-17
2
1
3
-3
-8
-12
-13
-11
-7
5
5
8
10
17
15
4
8
23
18
33
33
36
22
18
18
17
22
15
17
19
21
36
25
26
33
27
38
33
45
39
41
41
40
40
40
27
17
39
20
38
43
39
48
40
50
46
33
32
21
18
21
30
18
9
13
14
20
14
14
6
6
5
4
5
-2
19
16
-1
-4
5
9
-17
-3
-17
-21
-1
-16
-19
-21
-4
-23
-6
-5
-6
12
9
-1
-1
10
6
21
29
22
24
22
13
27
22
25
26
24
16
26
27
24
22
23
25
12
13
24
12
13
11
23
21
22
43
19
25
31
29
18
34
33
30
36
12
39
32
31
25
8
28
19
9
22
13
30
7
21
17
20
13
0
15
14
-2
10
-1
-9
11
-10
18
-18
-16
-12
-13
-7
-8
-4
-11
2
2
4
-10
-10
2
-5
6
3
-6
-4
6
13
-3
2
-6
0
19
-7
-12
0
-6
6
12
15
6
11
17
27
26
29
28
37
28
38
42
46
59
49
49
50
61
54
68
60
62
61
74
63
55
66
55
64
66
52
58
54
45
63
47
40
49
53
43
49
43
34
34
37
35
33
22
14
12
14
15
9
6
0
10
7
-1
1
4
