-22
-2
-30
-17
-17
-24
-4
-12
-17
-14
-15
-15
-4
-1
-15
-9
-18
-21
-9
-23
-18
-7
-5
4
-5
-18
-22
-12
-16
-21
-21
-17
-12
-15
-8
-9
-9
-17
-31
-35
-14
-30
-25
-21
-18
-18
-18
-18
-18
-23
-43
-22
-36
-35
-28
-42
-40
-34
-35
-37
-27
-30
-41
-26
-20
-40
-40
-13
-10
-13
-21
-15
1
-7
-5
6
-9
1
-4
-9
9
6
5
11
-1
-4
-18
-19
-11
1
-11
-16
-16
-7
-3
-18
-11
-21
-11
-16
2
8
-9
3
-3
2
-1
-7
-10
-15
-17
-10
-14
-11
-11
-18
-12
-25
-31
-44
-29
-30
-22
-24
-20
-23
-29
-17
-23
-30
-32
-20
-11
-12
-35
-38
-21
-25
-27
-11
-9
-23
-21
-14
-22
-11
-5
4
-19
-18
-7
-14
4
-6
10
4
-17
-10
4
-12
-1
14
3
2
-12
-2
0
-6
-6
1
-1
-7
-4
-6
-10
-15
-11
-17
-3
-11
-22
-15
-19
-8
-8
-3
-11
-23
-6
-12
-24
-26
-23
-26
-19
-13
-1
9
-19
-29
-16
-26
-6
-7
-27
-24
-12
-11
-22
-23
-11
-14
-11
-2
-21
-21
-16
-25
-26
-25
-17
-18
-38
-31
-20
-32
-29
-31
-36
-23
-24
-31
-19
-21
-24
-23
-23
-24
-32
-25
-25
-13
-20
-11
-11
-37
-36
-35
-18
-24
-16
-1
-20
-13
-10
-18
-22
-26
-25
-29
-29
-11
-19
-12
-10
-3
-5
-11
-15
-11
-36
-16
-26
-41
-4
-32
-20
-15
-19
-19
-16
3
1
-10
-12
-30
-16
-9
-13
-9
-6
-12
-5
-2
-9
-7
-15
-9
-9
-13
1
12
-7
-3
-5
1
-2
-11
-4
-7
2
-22
-11
-20
-29
-16
-20
-14
-22
-23
-24
-15
-30
-41
-28
-39
-26
-18
-16
-21
-22
-3
-16
-12
-5
-5
-15
-13
-1
-17
-20
-26
-18
-3
-21
-37
-37
-31
-36
-40
-37
-35
-20
-25
-37
-32
-36
-29
-35
-39
-34
-25
-22
-32
-29
-18
-31
-41
-26
-30
-25
-43
-27
-24
-20
-14
-19
-10
-3
-16
-34
-14
-7
-23
-24
-4
-1
-19
-13
-11
-18
-8
-10
-6
1
8
20
23
19
18
9
14
12
6
3
4
9
16
6
13
-9
-17
-24
-29
-23
-14
-17
-17
-21
-30
-18
-21
-18
-16
-19
-12
-18
-11
-8
-2
8
0
-20
7
4
-6
3
-8
-3
3
-8
-18
-3
-24
6
-12
-23
-11
-2
8
4
3
0
17
9
15
15
24
24
33
28
30
28
34
45
22
29
14
26
21
20
29
17
13
20
21
18
21
27
2
21
20
21
35
39
34
28
39
28
21
15
22
13
15
32
24
26
25
14
41
20
19
15
20
11
8
25
29
33
9
19
13
18
31
15
8
16
5
11
10
10
15
7
1
12
11
12
-1
12
22
8
25
12
22
24
3
5
17
3
12
5
10
8
3
16
13
5
4
3
-2
17
5
1
5
-4
9
25
23
9
9
9
6
22
1
2
8
16
23
15
16
3
18
4
14
14
5
11
13
30
26
18
3
23
6
-3
2
10
10
15
16
13
15
12
-1
6
5
-6
-13
6
12
7
8
7
-9
-1
8
-7
-9
-7
-3
-15
-11
-9
-25
-17
-13
-13
0
-4
-6
-12
-15
-18
-19
1
-2
-4
2
-17
-26
-26
-23
-30
-35
-28
-30
-35
-26
-32
-19
-28
-29
-34
-27
-26
-18
-10
-11
3
-2
3
-5
-2
11
-3
-3
-7
-7
-12
-7
-3
-12
-8
6
5
-12
-3
5
13
15
23
12
-10
4
13
16
-1
-5
0
1
15
8
2
-11
-17
-2
-7
-5
-13
-14
-13
-9
0
4
-11
1
-5
-5
-6
-17
-12
-17
-12
-10
-14
-7
-20
-11
-3
8
-12
-2
-7
-28
-17
-25
3
-2
9
5
16
3
4
0
-8
6
6
21
14
12
-1
-2
17
14
18
-2
-3
8
-2
5
0
18
14
5
7
14
12
-6
-2
-5
1
8
2
14
10
2
11
-1
5
4
0
4
-11
-9
-6
0
-3
-6
-1
6
0
-7
-9
-9
-15
-10
-10
-14
-8
-7
-2
-2
2
7
6
1
17
-9
-4
10
17
21
13
11
11
24
7
7
3
-2
9
-1
-5
-5
5
-5
-3
11
13
7
6
6
17
17
8
0
-4
-2
13
8
-12
6
5
-14
4
-10
-7
17
-5
-10
-1
3
3
-5
3
-4
-4
-4
-6
8
7
8
-9
-6
8
4
-8
10
-3
-9
10
11
10
5
9
19
9
21
16
12
27
12
9
8
20
12
19
19
14
25
26
37
33
18
16
7
18
19
24
7
19
25
7
9
5
14
8
8
14
-10
3
-11
-5
0
-10
10
3
-16
-2
5
-2
-32
-22
-2
-4
-3
-7
6
2
5
-1
1
2
0
4
-9
3
12
-3
0
-15
-6
-1
-7
-4
-3
0
3
5
4
4
13
-7
-5
1
-11
-7
2
7
-4
1
-8
-13
6
8
-16
-10
-23
3
-4
5
11
-9
1
-1
5
1
8
6
10
20
2
1
5
9
4
-8
1
1
11
9
0
7
26
-2
-4
5
21
9
1
12
-1
24
20
12
7
4
7
2
9
16
7
-7
-3
8
-19
-9
9
7
8
4
13
16
4
4
0
-1
3
21
21
20
7
15
11
-1
12
13
12
-9
1
1
7
-6
-5
-20
-15
-11
-17
-18
-32
-14
-7
-10
6
-19
-4
15
-5
5
12
4
2
-1
-6
-2
12
12
1
-8
-8
-2
7
1
-1
23
5
9
10
3
7
11
19
2
13
3
-8
-9
2
11
15
13
2
15
13
16
11
2
5
16
1
-1
15
-6
-3
7
4
-12
-9
-13
-27
-2
0
-7
-12
-5
-5
-11
-9
-2
-2
-10
-10
-24
5
-9
-21
-3
-5
-14
-16
-23
-19
-25
-19
-19
-19
-24
-14
-16
-21
-28
-33
-25
-27
-18
-23
-8
-36
-36
-9
-9
-20
-17
-11
-3
4
-4
-11
-19
4
1
-14
-1
10
6
6
1
7
-19
-12
-7
-9
-6
-19
-17
-9
-16
-30
-17
-15
-20
-25
-30
-24
-43
-31
-22
-27
-28
-24
-5
-24
-25
-28
-45
-39
-16
-34
-41
-26
-37
-46
-37
-25
-42
-29
-34
-50
-47
-36
-36
-47
-41
-35
-30
-47
-39
-40
-34
-45
-29
-29
-30
-29
-45
-26
-29
-16
-38
-40
-20
-29
-37
-47
-34
-27
-22
-35
-28
-29
-42
-20
-30
-18
-37
-27
-18
-30
-15
-19
-9
-9
-17
-20
-20
-20
-6
-34
-27
-18
-34
-15
-31
-23
-23
-25
-12
-11
-24
-14
-37
-14
-19
-31
-15
-31
-16
-36
-24
-35
-33
-29
-30
-50
-40
-28
-27
-19
-31
-25
-25
-16
-27
-27
-37
-32
-31
-19
-14
-23
-38
-27
-34
-47
-26
-23
-12
-31
-13
-17
-43
-35
-39
-44
-39
-33
-36
-21
-25
-13
-17
-21
-19
-26
-14
-31
-33
-39
-26
-25
-28
-18
-29
-26
-21
-18
-19
-23
-29
-2
-18
-26
-7
-39
-38
-27
-19
-22
-20
0
-13
-25
-13
2
1
2
-5
3
13
-13
13
-8
-9
5
-1
5
-28
-11
-20
-17
-5
-22
-16
-19
-17
-12
-31
-19
-9
-26
-29
-21
-24
-4
-9
-34
-29
-33
-45
-36
-35
-44
-37
-55
-30
-28
-45
-36
-50
-40
-38
-60
-35
-32
-34
-58
-49
-44
-52
-44
-54
-58
-47
-45
-53
-39
-28
-41
-52
-41
-31
-53
-53
-36
-39
-43
-38
-22
-25
-23
-26
-28
-30
-25
-29
-23
-35
-24
-19
-24
-7
-6
-6
-21
-22
-25
-28
-23
-47
-26
-35
-22
-15
-41
-24
-15
-5
-32
-22
-17
-15
-16
-17
-15
-20
-22
-33
-24
-11
-7
-10
-20
-19
-21
-25
-11
-26
-32
-35
-33
-33
-36
-23
-20
-32
-28
-27
-27
-11
-17
-30
-21
-24
-29
-21
-38
-37
-36
-33
-30
-34
-21
-33
-30
-30
-30
-24
-36
-44
-42
-47
-45
-46
-40
-33
-41
-55
-57
-38
-29
-39
-58
-32
-43
-44
-23
-31
-38
-38
-30
-21
-31
-43
-35
-43
-34
-36
-36
-36
-34
-32
-30
-20
-28
-39
-38
-24
-28
-32
-24
-19
-18
-31
-20
-16
-16
-13
-24
-7
-13
-18
-17
-15
-4
-22
-29
-10
-10
-21
-32
-27
-26
-23
-32
-20
-13
-25
-23
-21
-21
-21
-17
-10
-28
-31
-26
-23
-32
-37
-25
-35
-21
-33
-25
-30
-35
-28
-33
-12
-35
-32
-24
-29
-43
-18
-19
-29
-31
-26
-23
-27
-28
-30
-33
-27
-26
-28
-18
-23
-20
-24
-18
-30
-22
-25
-23
-17
-25
-25
-18
-13
-16
-11
-2
-11
-6
-4
-6
-14
-3
-12
-12
-8
-29
-19
-18
-18
-19
-19
-29
-25
-19
-29
-21
-20
-21
-1
-20
-23
-12
-22
-16
-17
-25
-14
-1
-14
-13
-27
-28
-4
-27
-27
-29
-20
-23
-33
-14
-24
-20
-21
-17
-15
-33
-27
-30
-26
-21
-34
-27
-27
-12
-20
-34
-21
-17
-38
-30
-29
-31
-20
-30
-40
-26
-30
-22
-43
-58
-47
-58
-32
-33
-36
-42
-23
-21
-43
-27
-32
-34
-24
-17
-10
7
6
-11
-10
-15
-15
-10
2
-4
-2
-1
-9
-2
-6
-4
-19
-15
-18
-20
-10
-14
-26
5
-4
-16
2
-14
-13
-11
-17
-28
-5
-3
-25
-2
-8
5
1
-2
0
-8
-1
-27
-12
-6
-17
-26
-23
-22
-5
-6
-9
-8
-13
-13
-17
-6
-9
-10
-6
0
0
-2
5
7
4
13
-11
-7
-6
-11
-9
-5
-5
-2
-4
-9
-10
5
8
3
-8
0
-2
-16
-14
1
-7
-9
3
-8
13
-1
2
4
6
17
19
15
12
19
25
22
22
24
25
22
6
17
8
10
15
15
-5
10
6
-19
2
-6
-8
9
-2
7
7
5
11
6
8
18
6
-4
13
3
6
8
-13
-3
-4
-6
-9
-7
-13
-9
7
-13
-7
-3
-11
2
-7
-8
-12
-7
-5
-3
2
2
3
-5
15
-5
-7
-13
-11
-9
-5
-6
-9
-15
-19
-17
-26
-20
-2
-20
-27
-7
-22
-13
-21
-22
-17
-27
-21
-7
-2
-7
-17
-8
-16
-10
-3
0
-7
-28
9
-5
-6
-8
-26
-10
-10
1
-2
-5
0
-9
-3
-19
-17
-11
-6
4
-7
0
-7
-9
-20
-17
-9
-17
-21
-8
-5
-2
-19
-12
-7
-35
-27
-13
-10
-30
-27
-29
-26
-24
-32
-28
-24
-34
-43
-28
-33
-26
-29
-37
-38
-35
-10
-44
-28
-26
-43
-17
-40
-19
-16
-26
-4
-14
-10
-23
-23
-24
-22
-5
-4
-9
-6
-18
-16
-6
-12
-10
-21
-27
-24
-18
-15
-18
-6
1
-7
-11
-16
-15
-10
10
-14
-8
16
2
21
-10
-7
3
-2
3
2
9
-13
-7
2
5
2
5
3
-17
-10
-6
8
8
15
6
-2
-5
1
11
14
23
17
16
21
17
25
17
3
12
23
15
16
-5
1
15
2
-3
-10
13
-12
-5
-18
-19
-19
-27
-4
-22
-5
-14
-6
-17
-19
-4
-24
-22
-19
-13
-15
-10
-18
-6
-5
-11
-2
-12
0
-6
-9
-8
-14
-5
12
-1
0
7
9
18
16
11
20
24
15
19
21
19
15
18
0
19
19
24
22
21
24
8
19
38
31
31
24
20
27
35
33
34
15
27
23
28
36
30
28
16
25
29
38
15
13
28
28
28
23
30
29
14
15
12
23
19
5
1
11
15
10
3
12
17
25
17
2
5
-2
10
2
1
-6
-12
-8
0
0
-12
-18
-23
-10
-10
-30
-28
-14
-3
-15
-11
-27
-27
-22
-28
-30
-15
-14
-19
-10
-17
-22
-24
-29
-17
-16
-5
-22
-20
-13
-18
-23
-29
-24
-35
-17
-23
-24
-27
-26
-20
-32
-15
-28
-28
-18
-25
-15
-39
-32
-18
-21
-15
-6
-33
-38
-23
-16
-30
-20
-22
-25
-28
-13
-19
-35
-33
-32
-39
-37
-43
-40
-39
-50
-25
-43
-53
-56
-55
-44
-39
-38
-36
-26
-19
-24
-29
-22
-37
-33
-34
-34
-28
-25
-30
-38
-21
-41
-30
-24
-21
-25
-34
-18
-29
-19
-33
-15
-20
-22
-11
-19
-18
-4
-21
-32
-18
-38
-28
-29
-24
-38
-22
-35
-32
-25
-25
-19
-19
-13
-16
-17
-2
-12
-13
-1
-7
-6
-17
-20
-16
-7
-21
-24
-23
-22
-18
-29
-38
-26
-20
-19
-2
-16
-28
-20
-12
-11
-8
-14
-30
-16
-28
-10
-24
-27
-25
-28
-18
-30
-25
-15
-24
-10
-4
-19
-22
-32
-20
-4
-23
-28
-20
-35
-31
-42
-39
-40
-43
-35
-49
-37
-45
-53
-44
-35
-45
-41
-47
-33
-26
-32
-23
-23
-18
-19
-28
-25
-16
-8
-17
-13
-12
-20
6
-3
-14
2
-3
6
6
-6
4
-18
-5
-5
3
9
-11
-17
1
11
3
29
15
-2
4
5
5
2
4
-5
-6
-13
-8
8
4
5
-7
9
5
5
15
25
1
0
12
5
10
-2
3
-6
2
-9
-15
5
-15
8
19
15
-1
-1
1
6
11
-2
12
7
5
13
6
3
12
-10
3
11
-4
-2
5
11
12
1
-9
-8
-10
-5
-15
-7
-2
-6
-14
-18
-16
-11
-18
4
2
-19
-11
-23
4
5
-11
-5
14
5
5
9
7
3
-3
5
-6
-5
14
8
5
12
8
17
10
-2
12
20
19
17
10
11
16
10
2
10
18
15
6
20
22
11
3
4
17
8
-4
-1
3
-5
4
-5
-16
-1
-6
-2
11
11
16
7
-1
0
16
14
6
-3
-3
4
3
-2
-3
-6
-10
-6
-1
-20
-27
-13
-27
-19
-9
-7
-11
-29
-27
-10
-26
-22
0
-15
-19
-15
-15
-11
-2
-11
-2
-12
-14
-9
-16
-14
-4
-1
-8
-7
-6
-10
-15
-27
-27
-18
-21
-15
-30
-24
-15
-21
-28
-35
-31
-22
-25
-29
-28
-34
-28
-42
-29
-33
-14
-17
-12
-19
-22
-15
-35
-21
-26
-32
-36
-19
-29
-31
-32
-25
-21
-22
-9
-7
-20
-12
-17
-15
-13
-18
-11
-4
-7
-19
-23
-20
1
-22
-40
-22
-12
1
8
-12
0
-21
-14
-12
3
-5
-11
7
-12
8
17
10
6
9
13
9
20
12
7
5
8
2
-2
4
13
5
5
6
6
5
-9
24
6
-6
2
-9
5
-4
-19
3
12
10
12
14
13
-8
0
11
-14
-4
-1
-10
-8
-15
-4
10
-3
-11
-14
-11
-8
-9
3
3
-6
-2
5
-4
-16
-15
-9
-11
-6
-4
-8
-9
-1
-11
-19
-14
-2
-19
1
-2
3
-7
-4
11
-3
8
5
21
8
2
4
2
1
4
4
4
22
10
9
9
8
7
10
4
0
2
3
7
12
31
18
17
23
19
14
12
19
10
16
10
25
11
4
25
22
20
2
18
10
25
14
-3
6
13
11
-3
8
18
22
14
23
13
15
35
25
10
6
14
32
15
15
28
29
25
23
20
17
11
17
11
26
28
22
16
19
28
16
18
11
2
21
30
33
27
30
28
16
28
29
23
3
22
21
21
27
13
25
18
22
14
8
-6
5
5
1
11
9
18
22
1
6
5
-3
19
9
13
2
3
13
-8
7
8
10
8
-11
-11
-14
-16
-16
3
-6
-6
-9
-26
-12
-16
2
-21
-16
-17
-14
8
-6
-6
-8
4
-5
-6
11
16
10
22
21
24
21
14
6
16
10
3
21
14
9
6
11
17
26
26
16
12
17
19
27
18
14
6
2
7
22
17
4
6
8
6
2
-1
16
9
3
10
4
2
14
-3
-15
9
0
-16
-12
19
7
8
12
12
1
-2
9
3
7
16
11
5
-7
-2
20
2
0
4
-14
-7
-17
-6
2
-6
4
-1
-1
-20
-8
-16
-9
-10
-21
-7
-7
-12
-14
-3
-2
-16
-9
8
-14
-11
-18
-7
-22
-23
-15
-20
-29
-27
-14
-48
-22
-26
-19
-19
-32
-39
-53
-24
-37
-49
-38
-38
-38
-33
-29
-21
-33
-44
-24
-27
-39
-19
-20
-34
-35
-37
-35
-41
-28
-21
-43
-20
-39
-37
-35
-26
-27
-36
-28
-27
-37
-27
-24
-34
-46
-51
-35
-26
-24
-25
-33
-25
-7
-37
-10
-32
-33
-44
-30
-22
-28
-33
-50
-35
-30
-31
-38
-34
-34
-20
-22
-19
-17
-28
-23
-17
-28
-23
-14
-17
-28
-18
-22
-23
-23
-35
-31
-28
-19
-27
-22
-20
-26
-19
-18
-19
-31
-14
-12
-19
-25
-20
-18
-22
-24
-24
-8
-19
-29
-15
-25
-26
-16
-23
-24
-12
-3
-15
-12
-23
-13
-4
-3
-8
2
-15
-19
-3
-8
6
5
-1
-21
-4
-15
-6
-1
-8
-6
-6
3
-10
10
2
3
-8
-4
-10
-12
-10
7
15
5
17
15
-9
1
19
4
13
18
14
7
11
8
1
0
-4
3
15
21
29
25
15
13
15
4
7
6
14
19
22
25
22
3
5
17
1
23
19
19
2
3
20
-4
18
14
13
2
-5
13
18
23
16
2
12
20
13
34
26
14
19
14
13
20
17
27
31
17
8
9
3
13
19
17
15
10
17
3
23
26
21
15
16
12
7
-3
-13
11
-1
10
-7
3
10
-15
-9
6
-17
-8
6
-4
-13
-7
-1
-17
-7
-17
-14
-18
-2
-11
-12
-9
-5
0
-3
-5
-11
-3
-13
-8
7
-4
-12
5
-7
-12
-9
-9
0
-4
-15
-2
2
-12
-18
-9
-8
-9
1
-12
-17
-14
-20
4
-7
-15
-23
-23
-10
-16
-12
2
12
-3
-12
-13
-15
-16
-10
5
-2
-10
-20
-9
-2
-19
-12
-16
-21
-16
-17
-10
-20
-14
-21
-22
-9
-16
-18
-28
-15
-6
-16
-16
-33
-16
-18
-21
-25
-25
-34
-31
-19
-30
-24
-26
-16
-21
-29
-23
-20
-31
-18
-27
-35
-27
-15
-16
-13
-19
-5
-7
-9
6
-16
-4
4
-17
-12
-16
-13
-9
-9
-2
-15
-14
-23
-1
-5
-8
-1
-8
-5
-2
13
10
17
-7
-7
17
-10
-8
-16
-20
-22
-31
-14
-17
-18
-27
-14
-17
-16
-30
-16
-19
-25
-26
-23
-15
-20
5
-30
-28
-12
-26
-25
-6
-8
-19
-12
-18
-9
-2
-21
-16
-14
-13
0
-8
-18
-19
-8
-15
-2
-28
-15
5
6
6
-14
8
-13
-13
0
-5
12
5
-2
5
19
28
24
15
18
10
11
10
10
24
23
29
29
28
21
11
11
26
28
20
13
30
15
24
27
18
44
31
33
48
27
24
27
25
36
41
40
31
43
36
36
31
18
32
32
26
24
39
35
13
23
17
25
22
18
17
12
17
17
10
27
32
16
12
11
17
14
15
7
10
7
12
5
11
3
7
8
14
19
5
5
15
11
-2
-4
11
9
5
7
-3
-10
-5
-18
-25
-11
-19
-2
-13
-3
1
-21
-11
-9
-13
-5
-8
-15
6
7
-3
-1
6
-4
-2
8
4
10
-14
-2
3
1
9
0
-6
7
-6
-9
4
-21
-13
-27
-28
-26
-17
-15
-13
-31
-29
-22
-41
-28
-30
-46
-39
-36
-44
-46
-53
-51
-52
-63
-53
-54
-64
-61
-67
-60
-72
-62
-46
-80
-62
-69
-69
-64
-53
-40
-45
-37
-40
-40
-44
-23
-38
-27
-36
-25
-27
-30
-24
-20
-14
-34
-47
-39
-46
-44
-43
-46
-37
-64
-64
-48
-53
-52
-50
-47
-45
-32
-39
-65
-49
-51
-48
-52
-61
-54
-58
-58
-51
-49
-45
-49
-40
-52
-50
-55
-54
-39
-54
-63
-64
-46
-42
-34
-41
-39
-41
-31
-45
-39
-30
-40
-27
-37
-50
-34
-13
-44
-40
-23
-37
-44
-49
-39
-39
-33
-35
-35
-26
-34
-48
-46
-49
-39
-40
-38
-37
-43
-29
-45
-33
-32
-26
-23
-29
-36
-27
-39
-36
-51
-47
-17
-25
-24
-30
-12
-17
-12
-27
-28
-18
-17
-28
-20
2
-7
-12
-23
-20
-40
-18
-31
-34
-26
-21
-24
-35
-24
-14
-17
-27
-20
-37
-31
-21
-31
-34
-13
-21
-23
-25
-22
-13
-12
-11
-9
-10
-3
-9
-17
-15
-16
-28
-21
-27
-31
-26
-33
-40
-47
-44
-50
-59
-57
-38
-44
-54
-58
-50
-49
-47
-60
-43
-50
-70
-59
-60
-48
-53
-60
-39
-36
-40
-36
-44
-41
-26
-32
-32
-36
-33
-39
-33
-35
-40
-33
-34
-12
-11
-17
-16
-8
-13
-10
-20
-17
-12
-10
-14
-6
-6
-26
-22
-6
-17
-27
-27
-24
-34
-39
-40
-45
-23
-39
-36
-30
-42
-41
-49
-45
-42
-27
-41
-40
-32
-37
-35
-47
-38
-41
-34
-26
-37
-39
-38
-52
-44
-38
-61
-59
-58
-51
-55
-56
-44
-62
-53
-70
-70
-67
-66
-68
-58
-64
-74
-60
-62
-47
-75
-73
-76
-77
-79
-81
-75
-82
-67
-75
-74
-74
-59
-66
-62
-77
-81
-66
-73
-86
-83
-64
-80
-69
-72
-76
-56
-72
-62
-75
-75
-82
-81
-70
-78
-70
-64
-60
-65
-66
-64
-55
-63
-43
-69
-65
-52
-66
-66
-73
-84
-89
-81
-80
-76
-59
-76
-90
-80
-71
-70
-69
-62
-64
-66
-56
-59
-69
-59
-52
-49
-66
-48
-60
-53
-63
-72
-60
-68
-50
-76
-69
-66
-68
-59
-50
-53
-35
-40
-36
-48
-45
-40
-46
-30
-53
-51
-49
-40
-46
-41
-44
-42
-18
-23
-21
-43
-32
-30
-30
-35
-33
-29
-33
-29
-41
-40
-40
-30
-38
-47
-30
-17
-9
-26
-33
-26
-31
-27
-29
-36
-26
-27
-31
-31
-28
-21
-14
-15
1
-12
-8
-15
-12
4
-5
0
16
2
-6
-8
6
1
2
6
10
12
-10
18
21
16
8
-7
-9
0
3
7
17
6
4
2
-7
-11
4
22
0
-6
-12
-10
-10
-11
-11
-19
-11
-20
-32
-40
-29
-15
-25
-14
-28
-19
-41
-28
-17
-30
-33
-36
-27
-21
-14
-27
-7
-19
-22
-22
-11
-5
-1
-13
-23
-24
-20
-3
-6
-16
-15
-22
-29
-13
-11
-15
-17
-10
-17
-11
-8
-7
-9
-7
-13
-21
-23
-10
-16
-11
-19
-17
-21
-10
-5
-37
-17
-14
-18
-25
-19
-21
-24
-35
-21
-41
-35
-14
-43
-50
-44
-37
-42
-37
-37
-33
-25
-26
-34
-39
-52
-24
-48
-42
-33
-34
-43
-58
-35
-38
-37
-23
-8
-29
-25
-22
-4
-19
-35
-25
-21
-14
-30
-28
-43
-25
-19
-30
-29
-35
-37
-26
-37
-29
-10
-36
-41
-26
-34
-35
-33
-21
-37
-63
-52
-55
-52
-57
-70
-62
-47
-40
-43
-41
-58
-48
-57
-66
-68
-55
-42
-62
-45
-44
-52
-30
-45
-54
-40
-49
-32
-43
-47
-45
-41
-41
-33
-27
-34
-32
-22
-27
-21
-26
-38
-23
-26
-29
-20
-9
-21
-27
-18
-20
-27
-18
-22
-20
-15
0
-9
-21
-11
-25
-22
-32
-18
-16
-22
-16
-5
3
-17
-14
-25
-24
-8
-40
-41
-16
-25
-14
-14
-18
-34
-14
-11
-24
-16
-22
-9
-22
-1
1
2
3
0
4
1
-2
3
18
20
10
27
23
23
22
26
31
21
36
31
36
29
33
50
51
37
36
47
51
50
54
45
48
52
46
58
66
48
59
54
50
65
49
63
57
64
55
53
80
61
54
65
61
60
72
69
84
83
83
83
89
73
72
85
93
79
75
76
73
73
63
65
57
61
61
71
76
74
75
79
74
53
76
72
73
62
63
51
54
44
60
75
61
76
62
78
74
79
61
56
68
65
93
85
78
66
68
78
83
74
67
69
77
73
63
60
45
58
62
65
68
56
80
90
69
75
82
64
80
79
85
77
69
91
85
82
74
77
72
84
92
79
78
70
81
75
81
91
83
79
83
79
87
82
75
86
74
80
78
60
61
74
67
60
73
76
60
52
65
59
53
44
40
53
56
49
35
41
49
48
42
33
34
49
42
32
31
42
30
37
30
33
41
45
34
22
30
30
25
14
29
28
35
23
11
29
21
18
20
16
23
15
35
32
37
38
37
43
33
29
39
40
36
39
25
27
37
39
32
34
32
25
25
23
29
29
38
34
42
49
34
33
29
45
48
32
48
30
42
51
39
37
17
40
30
37
46
45
30
31
41
41
34
16
24
35
37
32
52
38
32
41
38
46
39
32
26
29
33
37
30
25
20
23
36
26
22
40
36
20
41
39
44
38
40
55
51
52
53
52
55
41
33
46
49
62
52
53
58
61
47
52
60
55
62
56
75
83
70
72
73
72
81
83
76
75
72
66
67
68
68
74
65
82
77
74
85
75
87
96
89
90
81
67
76
77
102
74
74
85
95
94
108
95
97
95
89
91
95
81
108
116
87
112
96
100
97
93
104
112
94
88
90
90
93
77
98
89
88
103
104
93
93
101
92
91
89
103
106
89
86
99
93
102
86
83
93
93
96
92
100
100
96
86
90
100
100
88
104
91
89
96
96
95
105
97
72
81
88
82
80
79
88
96
76
98
88
81
94
90
94
83
84
90
73
69
72
76
71
79
70
80
84
98
91
80
86
77
87
86
75
92
89
72
91
72
102
89
84
87
91
90
75
82
80
72
89
88
89
86
77
81
83
101
77
89
89
84
86
80
69
70
74
67
81
68
86
66
68
82
83
83
66
88
68
78
71
66
74
55
55
60
58
57
57
75
63
70
75
72
84
72
78
82
67
83
64
67
73
72
76
64
69
79
67
93
82
70
78
59
85
86
83
88
83
59
75
84
85
89
95
80
87
77
67
77
72
79
89
81
74
90
85
62
77
77
67
69
65
64
81
71
76
81
73
59
75
87
59
63
72
76
59
54
64
68
64
61
54
59
60
58
61
58
38
55
57
44
33
45
53
35
37
40
47
36
38
39
28
42
32
48
37
36
41
60
37
34
49
32
34
24
41
26
39
38
30
35
29
39
26
32
24
32
40
34
25
17
27
39
31
30
42
30
42
30
30
33
23
29
52
41
48
55
43
43
42
37
35
47
43
52
40
33
26
42
56
38
27
29
45
34
32
34
31
28
27
29
35
21
28
39
42
39
21
29
30
27
16
15
32
24
32
40
43
29
25
21
30
23
29
32
26
53
24
41
46
33
24
31
23
19
24
14
21
19
25
24
23
23
20
29
4
4
11
10
14
10
12
19
29
9
0
9
6
11
25
33
38
14
27
19
14
28
9
35
34
56
38
43
32
27
28
24
29
23
34
44
42
50
69
48
46
47
48
47
49
37
30
66
49
54
63
52
54
38
42
49
31
38
51
51
53
63
52
47
43
37
61
47
49
63
55
60
51
58
47
44
43
59
61
59
73
57
63
60
63
66
60
52
62
58
56
68
54
56
72
70
70
57
62
74
54
56
53
56
49
70
78
79
76
69
66
52
69
55
45
49
62
54
54
57
49
49
44
58
45
39
58
58
71
75
67
71
66
63
58
49
63
60
48
54
50
50
55
45
51
54
56
49
53
56
46
38
44
55
48
43
40
59
49
48
50
50
41
27
46
27
28
42
38
35
43
33
43
44
35
31
30
39
39
46
41
28
19
26
22
15
28
18
20
7
10
22
7
26
29
31
13
24
28
26
21
15
9
18
21
13
28
34
31
24
40
36
23
19
2
12
7
24
30
29
32
17
20
28
14
12
24
6
32
27
35
19
23
21
19
18
0
11
-5
21
22
24
37
37
16
11
14
2
19
23
11
18
21
9
27
26
20
23
16
12
30
7
-11
0
27
22
24
30
-1
17
-13
-5
-6
-9
-4
-15
-8
-10
-9
-17
-30
-31
-17
-35
-34
-28
-31
-43
-36
-34
-27
-38
-38
-25
-31
-44
-33
-38
-20
-17
-18
-20
-24
-23
-33
-23
-19
-17
-18
-9
-24
-5
-17
-14
-12
-28
-35
-11
-17
-15
-19
10
17
-9
-8
-14
-16
-22
3
2
4
-13
-5
-11
-3
-13
-16
-20
-23
-24
-22
-7
-16
7
-15
8
-8
-21
-12
-9
-28
-19
-27
-45
-23
-34
-33
-21
-31
-27
-8
2
-2
-4
6
-15
-20
-16
-2
-24
-11
-17
-24
1
-14
-25
-31
-37
-26
-17
-19
-15
-13
-2
-15
-12
-19
-18
-29
-22
-17
-17
-13
-25
-15
-12
-19
0
-8
4
10
2
-9
-6
-2
-8
1
-14
8
4
-8
-1
-23
-30
-9
2
-8
-8
17
-2
7
10
-10
14
8
13
-5
4
7
8
27
10
12
7
-2
-10
1
17
6
19
17
13
21
22
29
26
36
34
31
13
29
21
17
36
34
42
49
44
39
54
29
26
25
18
9
32
21
25
43
7
32
26
16
3
16
20
1
5
6
24
13
32
14
31
30
24
25
17
42
41
49
34
53
41
56
36
25
38
43
44
55
25
39
38
43
46
12
49
34
37
21
1
21
9
37
43
35
46
42
35
42
39
33
55
49
49
57
57
42
53
32
26
22
23
30
13
48
6
23
-4
16
11
11
-1
2
11
-5
8
2
15
10
-5
-6
1
-29
-27
-46
-19
-25
-17
6
-19
-33
-16
-26
-41
-36
-32
-6
-6
-12
-9
-20
-22
-42
-47
-58
-63
-38
-36
-28
-32
-16
-62
-49
-70
-67
-52
-44
-41
-38
-59
-72
-45
-45
-28
-43
-32
-26
-23
-63
-35
-46
-63
-22
-40
-61
-20
-53
-52
-1
-48
-70
-49
-69
-66
-48
-35
-40
-62
-66
-91
-54
-70
-74
-41
-79
-41
-61
-77
-69
-90
-65
-65
-88
-77
-26
-53
-59
-33
-76
-96
-78
-86
-74
-46
-59
-29
-32
-47
-40
-105
-70
-54
-75
-45
-68
-69
-90
-83
-88
-76
-90
-72
-40
-77
-57
-62
-98
-86
-76
-83
-100
-65
-89
-84
-61
-80
-75
-79
-81
-67
-67
-69
-47
-51
-44
-54
-40
-33
-51
-42
-78
-71
-96
-61
-64
-78
-37
-102
-76
-75
-103
-56
-70
-44
-65
-73
-63
-92
-71
-53
-56
-69
-12
-46
-46
16
-50
-56
-1
-35
1
5
-22
-41
-47
-25
-48
-46
-31
-12
-34
-45
-24
-72
-53
-51
-50
14
-10
17
-3
-18
25
2
-25
7
13
5
-22
-4
-10
-60
-45
-44
-29
-50
-12
-23
-8
-47
-28
-35
-70
-22
-29
-31
-26
2
-30
-4
28
30
-10
19
-5
-9
32
19
20
-20
8
-25
-5
20
-29
-12
-24
-58
-30
-31
-10
-35
-26
-20
-61
-41
-42
-40
-16
4
-8
-21
-24
-36
-49
-22
-37
-43
17
-26
-21
19
-42
24
-2
-7
31
6
5
8
22
-33
4
-11
-38
15
-8
-6
8
-22
-25
-22
-4
-28
16
-29
7
28
-18
9
-5
-28
-30
-61
-37
-5
-42
-8
-24
17
17
-14
12
16
-18
-9
-54
-15
-21
-20
-13
-18
-30
-50
8
-5
-25
-27
-26
-55
-49
-40
-46
-36
-60
-24
-4
-40
0
-4
-7
9
-56
-20
-16
-16
10
58
-35
10
22
-70
32
-36
-41
9
-16
-42
40
-3
17
53
-2
-23
17
12
-90
7
1
-51
-33
-9
14
-10
-20
-1
-74
-47
-31
-57
11
-35
-24
-13
-24
-5
-25
50
36
11
19
68
7
26
22
-90
-9
-48
-80
-42
-50
-88
-78
-49
-184
-58
-87
-76
6
-63
-46
-46
-46
-70
-29
8
-21
-1
-15
-94
-11
-67
-71
-42
-54
-56
-54
-41
-7
-71
-19
-40
-44
-108
-24
-95
-117
-53
-132
-65
-141
-85
-109
-95
-107
-108
-123
-119
-68
-134
-77
-56
-82
-108
-47
-24
-93
-31
-48
-71
-58
-43
-62
-83
-46
-85
-48
-57
-99
-65
-85
-114
-65
-89
-48
-84
-94
-120
-82
-106
-133
-57
-104
-81
-74
-104
-53
-140
-144
-15
-135
-74
-48
-51
-100
-24
-44
-59
-1
-91
-58
-68
-1
-64
-23
-24
-44
3
-49
-57
-26
-37
-126
-46
-37
-107
-39
-66
-103
22
-84
25
-1
-44
-33
-65
-65
-39
-64
-48
54
-20
-34
32
13
10
13
25
-28
-27
-3
-63
36
-36
-70
41
4
-68
-12
-36
-106
33
-3
-71
93
-31
-57
31
19
-81
2
-39
-61
31
1
-68
20
-48
-91
51
-69
1
44
31
-21
2
-18
-24
31
24
42
106
-41
75
72
-45
92
63
34
131
-11
-2
106
-11
53
22
-27
2
-56
29
-34
6
39
39
48
43
32
19
63
48
-7
89
47
-13
66
-20
-22
13
17
-6
41
-6
-51
28
-32
-8
-2
-22
3
-77
108
2
-8
69
-23
15
-58
36
26
91
48
21
62
-76
70
-75
-12
20
-80
87
-41
-13
67
-43
-27
61
4
29
43
39
-3
7
-32
-14
27
0
67
53
45
12
12
9
20
53
6
4
61
6
-48
37
-26
4
-61
14
42
-7
49
34
-18
37
2
16
68
-92
79
-9
0
45
-32
31
50
-14
88
13
-27
69
-42
65
45
2
-11
119
-43
33
89
0
23
46
-12
21
48
-24
40
-15
-40
31
40
-55
74
21
-20
18
-8
2
32
46
-39
94
-2
9
61
-64
-12
19
5
-5
-2
35
30
18
81
-59
33
-5
35
18
32
25
2
55
-28
91
47
-3
102
-19
7
27
20
72
81
83
58
30
-22
33
-34
2
-13
-65
34
-47
-6
136
-3
62
96
-34
72
83
47
8
-21
-54
9
43
26
21
35
-74
28
57
23
58
22
-10
94
38
20
60
-26
57
49
-18
16
33
-59
33
68
33
67
-26
39
6
-18
69
-23
-48
13
-18
-27
-96
-48
-12
-80
-21
25
-6
-1
-34
69
30
-18
69
67
16
6
33
73
-44
-36
-33
-135
44
-94
-15
46
-163
27
-87
-89
4
-31
42
44
15
-66
71
-67
6
118
50
-13
-36
-15
-110
-86
-57
-37
-16
50
13
-67
9
-131
14
-86
-111
46
2
-65
-19
-90
-34
-16
-43
40
11
33
-48
-2
-1
96
-38
37
66
-32
83
-12
-37
20
-85
-71
50
-67
-8
115
-164
7
48
-104
83
5
13
38
5
60
10
59
-21
152
48
13
9
-80
-72
2
-93
43
22
-35
-22
-43
-14
13
-13
-16
24
-56
56
70
-37
126
53
29
67
37
127
-12
76
-13
-28
33
-13
-20
39
11
-42
21
-33
13
-26
2
6
36
30
49
56
66
-28
7
54
-29
66
62
-26
-34
60
-29
96
129
-51
95
74
-28
29
4
41
13
-14
77
36
41
44
-35
-2
35
-55
26
68
-24
-5
106
-56
14
-9
-81
45
-12
-42
41
-10
75
51
87
17
35
69
24
29
-40
69
-61
25
-6
-137
-39
-79
-28
0
-29
-49
-33
5
-10
-13
-97
-52
-24
62
24
-10
47
-62
-13
-30
54
21
4
-60
-8
-38
-10
-57
18
-15
-52
42
-38
-15
-25
-19
35
-90
11
68
-86
30
94
-3
67
74
-4
0
-98
-64
9
-73
32
3
46
-19
43
-102
-82
-109
-100
-72
4
-2
-78
133
29
-77
8
-82
-113
116
-118
51
24
-76
-11
-21
-11
49
23
-51
-25
-22
-27
52
-75
-81
-47
-64
-6
-7
42
18
-60
-25
-3
-57
38
-90
13
22
12
97
84
-9
50
-57
-7
84
-54
37
65
-48
-62
-13
-77
-54
-86
41
-17
-60
-11
-108
-34
9
-88
-2
-44
-61
-8
-33
7
-114
-22
-37
-206
-67
-172
-66
-73
-84
-53
-57
-79
26
-74
9
24
-133
70
7
-45
35
-38
-39
53
-36
25
125
-91
-20
39
-125
66
-38
25
66
-37
114
35
17
34
-98
-44
28
-114
-6
-67
-78
11
-101
-9
31
-118
-34
-1
-103
82
28
-26
110
-164
-35
62
-78
49
66
-102
49
-23
-31
-17
-51
37
-18
79
-78
-98
-49
-98
-53
-66
-119
-34
-39
1
-51
3
-92
-175
-88
-66
-123
3
-45
-56
26
32
127
68
84
113
35
93
53
29
23
-48
26
-29
-96
12
-60
-146
6
-79
-121
4
-71
26
53
-27
86
36
-16
-13
18
27
28
-98
24
-137
27
117
-63
27
4
-146
6
59
-98
2
36
-8
2
-34
-64
38
-96
64
100
-157
26
-65
-150
-114
-101
-64
-98
24
-83
124
46
-100
68
-38
-110
38
-9
-70
74
-77
110
0
-100
17
-90
32
210
25
40
-60
42
-89
-139
-24
-128
-136
-50
-53
16
17
-46
-3
-69
-138
21
-34
-25
127
26
70
65
57
140
95
37
240
71
83
92
-40
63
45
106
215
-23
72
64
58
-61
-43
-76
-106
-131
-3
7
-110
23
-78
13
251
95
36
147
-6
52
145
101
126
68
-119
70
-86
-41
72
-54
-90
36
68
-9
101
-59
1
-57
1
4
44
7
48
118
15
-2
9
-22
128
89
20
149
26
35
83
84
62
-9
-88
1
-125
32
-32
40
-45
-104
-30
6
16
-112
152
-34
-28
114
-34
69
151
64
177
64
-29
-8
-102
-75
-49
-44
-21
-14
71
-47
-24
-45
-245
93
21
-77
35
-6
-131
-122
-92
43
40
16
108
75
56
68
78
83
1
42
81
146
95
67
-28
-32
-47
-125
18
35
44
-58
35
-86
-184
-67
37
-69
6
77
-13
-1
-6
-78
-82
73
19
39
91
18
24
36
-99
-160
-41
-102
-50
60
-72
-57
-39
-263
-174
-105
-40
25
-87
-5
-93
-109
-24
-111
-57
-68
-69
16
-154
-60
-72
-131
32
33
-59
54
-111
-34
46
-56
-38
-30
-131
20
51
3
14
-60
-69
-51
-22
-75
-63
-43
-74
-33
-81
12
-44
-41
-13
-98
6
-49
-32
-68
-43
-5
-82
-63
-94
-136
-83
-47
-19
-13
-106
-19
-8
-170
-135
-61
-51
-33
48
4
-162
-42
-64
-58
-45
-139
-35
-11
-25
31
60
64
-14
10
17
-50
39
11
13
40
-76
-10
30
-27
-102
-121
17
52
-38
-67
-42
-124
-106
35
59
-52
-78
53
2
-12
31
23
-30
-106
-32
38
7
-40
6
-53
-30
-22
-37
-64
-89
-109
-43
-51
-32
-103
-84
-62
-62
14
-15
68
2
15
78
60
52
-30
-13
18
6
-11
39
-69
-106
-17
-16
10
27
8
23
13
-10
-9
-30
-21
-8
39
77
56
30
70
111
104
83
61
69
29
-8
45
57
0
-25
14
-16
-101
-56
-75
-84
-47
-15
-28
-64
-26
-29
-59
23
-20
-92
34
-20
-63
-7
-29
-76
-80
-65
8
-4
-64
-62
-32
-44
16
-7
-34
-41
-33
4
-4
-54
-103
-23
-72
-37
-1
-3
-12
-45
5
0
11
-13
4
4
-32
6
-27
-23
32
35
29
56
4
-10
38
35
18
51
67
-6
-7
19
25
35
44
36
34
21
32
26
5
-14
3
24
-19
-27
-44
-10
2
-52
-44
-59
-76
-91
-73
-64
-84
-99
-99
-100
-108
-89
-118
-137
-109
-116
-122
-138
-139
-163
-193
-126
-109
-143
-139
-126
-147
-121
-108
-113
-100
-121
-108
-75
-80
-94
-116
-96
-72
-41
-51
-37
-63
-35
1
32
45
38
49
46
61
52
61
37
53
119
139
153
149
147
158
155
198
210
266
254
257
293
299
339
322
330
354
384
410
421
428
424
424
474
484
488
520
512
510
496
501
520
482
442
428
383
301
254
200
133
91
2
-100
-178
-309
-431
-519
-619
-709
-758
-851
-898
-951
-1049
-1081
-1108
-1121
-1112
-1076
-1060
-1043
-1032
-1003
-961
-914
-846
-796
-743
-695
-637
-595
-542
-480
-437
-388
-338
-262
-214
-187
-171
-167
-128
-83
-11
39
81
139
163
219
296
368
452
546
667
746
882
995
1135
1253
1344
1492
1565
1725
1850
1993
2168
2323
2321
2146
1928
1656
1427
1218
1069
934
709
422
99
-239
-587
-905
-1161
-1303
-1399
-1436
-1447
-1484
-1567
-1652
-1644
-1519
-1311
-1086
-805
-530
-340
-142
40
230
403
562
789
998
1130
1183
1161
1009
832
696
570
440
264
54
-184
-525
-821
-1073
-1300
-1516
-1801
-2059
-2185
-2219
-2168
-2068
-2031
-1993
-1907
-1764
-1525
-1316
-1145
-913
-668
-419
-171
-22
80
75
117
272
429
535
532
505
429
365
331
288
235
201
247
324
355
390
403
458
592
782
1101
1421
1723
2038
2316
2665
2988
3328
3258
2735
2208
1923
2014
2063
1845
1499
982
307
-254
-622
-875
-1241
-1669
-1846
-1742
-1711
-1869
-2078
-2302
-2362
-2133
-1586
-961
-586
-417
-259
-12
350
720
1067
1348
1594
1837
2104
2218
2066
1724
1416
1253
1183
1121
954
574
7
-465
-760
-966
-1212
-1497
-1780
-2021
-2206
-2317
-2344
-2446
-2514
-2407
-2166
-1857
-1619
-1455
-1272
-1074
-766
-397
-116
60
132
216
385
540
593
574
494
411
359
310
229
86
-66
-210
-295
-355
-463
-551
-625
-632
-503
-313
-154
22
242
524
904
1327
1707
2116
2487
2845
3288
3813
4287
3941
3054
2477
2323
2539
2527
2103
1596
853
-44
-640
-926
-1235
-1784
-2370
-2482
-2237
-2324
-2588
-2815
-2962
-2791
-2310
-1544
-865
-663
-660
-364
126
719
1216
1578
1846
2046
2248
2466
2464
2146
1760
1489
1388
1314
1101
673
41
-679
-1089
-1293
-1487
-1766
-2169
-2545
-2792
-2945
-2989
-2961
-2957
-2834
-2551
-2187
-1882
-1672
-1471
-1173
-809
-413
-103
80
141
163
292
463
547
515
408
284
170
110
15
-87
-179
-284
-301
-318
-311
-356
-401
-252
-8
317
598
865
1176
1484
1924
2431
2954
3380
3788
3928
3515
2934
2498
2445
2525
2316
1972
1530
880
85
-570
-990
-1309
-1743
-2082
-2101
-2097
-2299
-2588
-2749
-2664
-2411
-2006
-1449
-983
-783
-635
-308
174
685
1107
1452
1759
1948
2035
2051
1963
1808
1602
1441
1314
1138
783
286
-266
-699
-968
-1214
-1487
-1798
-2119
-2397
-2559
-2681
-2711
-2691
-2617
-2432
-2228
-2011
-1768
-1506
-1170
-858
-592
-331
-139
15
155
305
472
550
494
386
260
156
74
-8
-55
-138
-241
-401
-541
-685
-762
-799
-761
-666
-541
-415
-311
-120
158
496
914
1391
1865
2298
2647
3032
3425
3914
4086
3547
2948
2633
2691
2863
2591
2100
1531
731
-44
-480
-731
-1066
-1649
-2189
-2242
-2223
-2424
-2648
-2787
-2689
-2416
-2021
-1474
-1125
-1041
-854
-421
214
837
1201
1430
1631
1779
1975
2152
2130
1986
1787
1570
1423
1214
848
340
-225
-587
-786
-1075
-1413
-1804
-2159
-2415
-2582
-2709
-2783
-2826
-2842
-2605
-2291
-2040
-1800
-1651
-1403
-1090
-774
-441
-173
-7
146
313
448
544
485
387
362
362
374
343
190
20
-158
-302
-368
-398
-428
-477
-479
-376
-222
-62
168
447
758
1116
1524
1945
2358
2802
3253
3779
3844
3259
2680
2382
2546
2928
2851
2467
1799
861
173
-162
-334
-582
-1123
-1657
-1827
-1922
-2153
-2351
-2538
-2506
-2275
-1947
-1484
-1275
-1282
-1129
-675
4
619
926
1089
1221
1351
1592
1871
2000
1951
1748
1530
1434
1260
946
554
121
-196
-411
-651
-980
-1424
-1855
-2099
-2170
-2207
-2324
-2544
-2669
-2571
-2322
-2037
-1819
-1714
-1637
-1459
-1168
-787
-458
-306
-201
-55
89
218
225
219
232
263
365
376
293
106
-80
-148
-112
-85
-165
-291
-437
-454
-333
-178
3
111
228
455
739
1106
1499
1901
2287
2731
3177
3713
3925
3313
2539
2260
2566
2833
2595
2344
1975
1251
319
-277
-280
-454
-1063
-1608
-1621
-1673
-2132
-2528
-2509
-2276
-2240
-2180
-1737
-1405
-1446
-1408
-920
-227
244
450
707
980
1153
1361
1611
1843
1874
1735
1548
1407
1278
1058
708
388
163
-48
-383
-826
-1205
-1519
-1807
-2013
-2133
-2289
-2542
-2685
-2590
-2392
-2221
-2198
-2140
-1982
-1787
-1490
-1108
-752
-547
-462
-340
-103
116
263
377
521
634
631
576
547
481
389
332
303
253
80
-144
-310
-344
-274
-195
-136
-44
36
171
390
783
1200
1549
1909
2378
2942
3500
3724
3210
2503
2283
2633
3207
3330
2939
2270
1384
607
356
441
296
-286
-1056
-1515
-1665
-1891
-2157
-2337
-2466
-2538
-2468
-2211
-1940
-1903
-1897
-1562
-974
-388
-20
99
284
569
967
1451
1779
1858
1708
1477
1440
1598
1640
1394
1002
650
408
134
-125
-359
-713
-1176
-1555
-1735
-1870
-2123
-2381
-2406
-2342
-2370
-2423
-2421
-2336
-2154
-1871
-1515
-1146
-1038
-1037
-936
-615
-204
123
330
405
418
384
462
613
763
765
662
561
463
310
158
58
17
12
-29
-73
-93
-71
18
228
537
885
1145
1382
1736
2215
2743
3291
3323
2643
2053
2208
3030
3569
3273
2579
1854
1185
752
843
1076
736
-262
-1154
-1342
-1226
-1412
-1780
-2011
-2216
-2429
-2427
-2097
-1843
-1937
-1981
-1568
-980
-586
-446
-317
-42
308
763
1241
1493
1444
1264
1192
1390
1660
1718
1448
1048
787
638
496
324
101
-266
-757
-1110
-1280
-1433
-1650
-1899
-2033
-2147
-2367
-2493
-2455
-2317
-2116
-1936
-1743
-1600
-1571
-1477
-1158
-705
-308
-123
-45
26
128
307
579
861
945
877
700
626
633
617
587
524
433
246
62
23
103
247
373
538
712
819
894
1153
1572
2098
2619
3130
3265
2812
2229
2116
2725
3308
3245
2764
2125
1473
987
888
1105
989
211
-752
-1195
-1231
-1298
-1472
-1655
-1941
-2342
-2576
-2387
-1999
-1844
-1813
-1675
-1370
-1106
-887
-616
-265
41
356
698
936
999
943
942
1069
1314
1432
1349
1086
848
732
706
709
636
365
-103
-575
-779
-786
-801
-915
-1174
-1570
-1989
-2201
-2077
-1812
-1666
-1712
-1862
-1953
-1945
-1772
-1442
-1063
-872
-854
-858
-718
-468
-199
93
309
432
414
411
477
614
698
747
728
631
529
412
445
576
685
717
725
763
853
1015
1244
1603
1947
2273
2558
2895
2893
2469
1997
2009
2564
2948
2817
2341
1784
1181
775
815
1061
858
40
-812
-1126
-1070
-1095
-1228
-1394
-1856
-2408
-2549
-2175
-1683
-1587
-1719
-1748
-1660
-1536
-1179
-697
-323
-236
-204
-35
206
412
537
664
761
841
834
867
909
936
901
832
783
730
522
262
46
-19
-33
-184
-390
-696
-1080
-1444
-1515
-1345
-1207
-1351
-1664
-1922
-2009
-1944
-1674
-1359
-1263
-1416
-1552
-1422
-1080
-731
-490
-359
-324
-283
-136
156
434
554
500
470
528
621
744
864
906
883
844
866
983
1099
1219
1327
1450
1545
1709
1909
2143
2346
2582
2538
2195
1827
1785
2152
2416
2284
1922
1480
976
657
645
852
707
94
-549
-833
-910
-920
-908
-989
-1335
-1821
-1958
-1695
-1336
-1220
-1255
-1377
-1478
-1482
-1187
-772
-495
-449
-498
-449
-337
-165
64
231
240
216
263
375
449
561
621
601
503
447
446
410
337
308
312
218
50
-160
-347
-471
-527
-538
-556
-698
-936
-1145
-1198
-1149
-1081
-1051
-1055
-1138
-1176
-1079
-855
-626
-479
-418
-385
-300
-111
124
347
519
565
604
691
818
953
1008
1003
951
879
866
911
980
999
966
901
847
863
914
991
1023
1071
1172
1320
1361
1310
1194
1143
1195
1289
1344
1307
1212
1008
834
756
775
713
545
326
148
10
-73
-106
-183
-352
-573
-725
-747
-725
-724
-750
-830
-953
-1044
-1022
-861
-748
-713
-731
-761
-768
-682
-496
-342
-262
-304
-316
-256
-129
27
200
254
202
92
103
249
352
405
359
248
122
60
82
125
85
-34
-174
-303
-376
-389
-372
-401
-475
-553
-575
-557
-503
-463
-435
-436
-448
-392
-270
-105
5
56
75
100
117
169
287
373
424
447
440
480
514
555
578
598
578
551
540
542
576
587
597
619
612
602
628
656
715
736
747
730
717
721
761
759
755
733
660
575
527
530
477
369
255
159
35
-47
-78
-131
-238
-336
-421
-487
-530
-551
-577
-611
-644
-638
-609
-541
-490
-476
-451
-405
-347
-292
-194
-109
-44
-34
-58
-44
-24
10
60
69
51
14
-40
-72
-81
-96
-136
-190
-216
-235
-254
-291
-320
-346
-372
-381
-375
-354
-339
-355
-354
-322
-314
-270
-217
-169
-147
-158
-122
-79
-57
-14
5
53
58
69
101
119
142
165
181
185
205
214
223
215
202
213
211
234
228
255
280
267
272
254
278
320
354
373
398
386
384
383
424
473
514
487
426
360
318
314
276
276
225
135
41
5
-28
-93
-152
-198
-244
-282
-295
-284
-259
-258
-238
-218
-163
-120
-83
-37
-4
37
55
65
57
56
22
6
3
-8
-40
-101
-153
-182
-212
-287
-322
-333
-358
-378
-373
-381
-383
-388
-361
-327
-302
-277
-277
-238
-198
-159
-108
-80
-42
-44
-46
-29
5
8
25
33
20
50
64
51
35
53
41
49
84
95
103
88
70
75
67
68
76
89
90
75
66
72
53
62
82
104
117
106
89
94
124
158
197
207
238
222
192
221
251
259
268
248
246
219
185
161
140
135
107
66
48
34
6
6
-16
4
38
51
90
100
122
145
147
187
237
249
263
264
245
215
199
198
178
146
107
77
54
-28
-79
-128
-143
-188
-222
-235
-264
-288
-307
-282
-261
-255
-261
-224
-194
-173
-139
-87
-64
-69
-86
-73
-50
-27
-23
-12
-12
-25
-17
-20
-41
-55
-60
-41
-36
-17
-42
-75
-53
-50
-38
-25
-32
-19
-36
-58
-60
-22
-27
-24
3
4
-6
-1
8
34
45
49
61
38
28
20
16
7
12
-20
-45
-76
-93
-127
-133
-126
-104
-93
-92
-97
-113
-68
-39
-21
24
81
90
147
185
244
279
294
323
355
361
363
351
321
335
300
300
259
202
145
105
94
61
38
5
-23
-59
-81
-72
-106
-134
-150
-142
-125
-131
-124
-118
-136
-129
-132
-140
-111
-98
-107
-112
-103
-85
-102
-98
-83
-114
-121
-113
-91
-87
-72
-87
-90
-76
-104
-116
-111
-96
-94
-73
-67
-73
-115
-163
-180
-176
-158
-133
-125
-146
-157
-177
-169
-113
-91
-76
-77
-95
-86
-77
-60
-45
-36
-43
-67
-101
-119
-123
-107
-74
-56
-76
-96
-125
-127
-108
-85
-35
-14
16
25
25
51
92
141
189
200
229
244
226
225
246
246
230
236
212
186
157
153
107
103
102
70
33
14
3
-9
-32
-42
-45
-58
-54
-63
-54
-29
-32
-44
-58
-66
-60
-55
-22
0
5
-8
-33
-19
17
48
60
39
14
5
-12
16
51
44
6
-34
-53
-51
-57
-49
-46
-86
-127
-181
-203
-194
-190
-207
-212
-193
-217
-250
-240
-225
-192
-158
-147
-125
-121
-130
-140
-120
-96
-61
-66
-67
-95
-111
-91
-79
-66
-30
-40
-57
-82
-84
-53
-11
0
-4
12
19
24
56
132
163
159
162
147
164
161
191
219
211
169
138
122
96
104
110
113
76
68
38
3
-12
-27
-17
-19
-13
-4
-40
-36
-26
-38
-20
-3
-4
-12
-6
-5
29
55
47
31
47
68
88
111
107
125
119
92
79
71
86
90
79
78
52
-10
-42
-54
-65
-62
-70
-94
-148
-190
-205
-192
-173
-193
-193
-211
-218
-194
-183
-142
-122
-81
-69
-60
-48
-30
-3
9
15
43
63
55
54
55
46
44
42
45
34
30
25
32
41
31
16
22
34
41
63
82
94
94
83
91
83
96
130
139
142
100
68
78
94
101
95
88
45
25
-19
-25
-24
-34
-42
-75
-97
-96
-85
-78
-68
-66
-67
-65
-50
-23
7
34
57
77
101
126
134
165
181
201
222
215
205
216
216
178
180
171
136
98
63
27
4
-30
-62
-105
-141
-173
-198
-221
-243
-242
-257
-268
-274
-279
-267
-276
-265
-242
-234
-204
-207
-188
-180
-148
-126
-102
-90
-79
-66
-63
-27
-1
3
-9
-22
-16
-11
-1
75
75
67
48
39
62
72
73
85
111
99
107
122
131
115
84
79
91
99
94
74
74
47
25
9
2
-4
-39
-65
-79
-81
-110
-116
-124
-138
-164
-167
-146
-130
-125
-149
-153
-155
-123
-69
-60
-34
-30
-4
11
42
100
112
139
141
152
156
169
168
174
160
147
137
100
47
21
-18
-58
-91
-114
-152
-190
-207
-226
-241
-280
-297
-320
-313
-331
-332
-315
-317
-303
-296
-288
-277
-245
-226
-208
-177
-162
-146
-144
-119
-106
-90
-53
-42
-35
-32
-30
-8
20
59
68
86
81
70
110
142
183
195
202
193
199
218
229
240
222
207
203
178
179
177
146
97
54
13
-26
-27
-68
-98
-149
-194
-225
-225
-219
-237
-261
-277
-263
-255
-216
-198
-198
-193
-173
-141
-91
-54
-18
-22
-18
42
67
118
134
141
162
138
147
151
155
152
142
105
87
48
6
-12
-25
-36
-76
-106
-124
-121
-124
-123
-131
-145
-159
-161
-151
-115
-96
-94
-88
-97
-98
-88
-54
-51
-36
-33
-46
-52
-60
-80
-110
-105
-115
-105
-93
-102
-108
-105
-92
-53
-22
7
9
25
55
72
131
172
214
222
250
265
291
310
321
319
298
290
260
262
239
206
167
104
50
-1
-22
-58
-75
-130
-168
-194
-210
-202
-209
-198
-194
-169
-170
-171
-166
-158
-135
-116
-93
-69
-37
-30
-32
-30
7
45
61
66
69
68
76
84
70
58
40
23
-3
-14
-29
-58
-53
-73
-99
-102
-112
-104
-95
-105
-132
-135
-119
-117
-108
-89
-81
-67
-56
-58
-52
-21
27
28
41
35
27
29
26
24
14
7
-9
-36
-63
-59
-51
-64
-75
-62
-70
-64
-39
-34
-9
11
41
76
103
137
167
188
207
215
213
230
231
232
213
186
162
117
89
41
-6
-57
-81
-120
-155
-207
-250
-289
-299
-303
-291
-270
-275
-266
-258
-241
-226
-187
-172
-147
-115
-87
-42
-17
-5
7
12
31
43
39
50
54
40
29
3
-7
-29
-51
-66
-89
-110
-136
-157
-155
-170
-157
-169
-187
-195
-184
-183
-162
-142
-117
-109
-97
-50
-31
-2
7
38
59
62
90
106
101
92
84
78
69
82
62
38
8
-14
-6
-38
-50
-64
-79
-71
-51
-30
-20
-17
-18
6
18
59
91
112
131
137
153
163
204
215
208
182
158
135
104
82
50
16
-23
-62
-127
-154
-180
-217
-252
-266
-262
-282
-281
-271
-272
-244
-241
-241
-193
-156
-148
-112
-72
-35
-16
13
49
71
109
123
132
133
143
114
126
129
92
57
37
30
5
-14
-33
-72
-92
-100
-119
-121
-140
-130
-125
-132
-112
-94
-79
-57
-29
-8
10
32
72
103
129
149
169
185
181
187
202
189
189
180
145
118
103
66
46
21
-5
-15
-27
-37
-40
-48
-42
-33
-28
-22
3
32
70
94
107
124
160
162
189
174
177
163
152
74
-84
-125
-126
-59
6
82
25
-134
-226
-312
-340
-294
-231
-171
-128
-121
-151
-239
-303
-336
-357
-298
-177
-41
64
130
93
39
-47
-61
-57
46
145
233
285
252
192
120
48
-49
-79
-29
40
87
102
75
19
-49
-93
-119
-100
-69
-19
11
10
25
-5
-31
-21
17
66
111
179
172
167
129
119
102
141
152
130
145
126
128
111
110
68
35
28
4
-18
-22
-35
-23
-33
-52
-74
-77
-58
-54
-4
9
23
54
76
102
135
164
173
175
172
162
153
122
100
75
66
34
-10
-61
-102
-109
-153
-169
-168
-154
-175
-202
-200
-225
-223
-210
-169
-139
-107
-82
-71
-45
2
42
58
125
135
167
203
205
205
180
169
176
197
224
216
176
143
117
94
57
44
14
-15
3
-31
-36
-58
-92
-74
-95
-96
-109
-126
-100
-99
-55
7
38
90
102
121
162
204
231
273
282
307
316
351
357
293
241
213
188
155
137
130
71
-15
-14
-55
-37
-47
-44
-71
-65
-99
-87
-59
-77
30
28
-19
18
85
55
51
123
198
126
104
88
83
33
21
-1
-17
19
-48
-46
-81
-119
-142
-199
-166
-156
-91
-122
-159
-120
-104
-80
-80
-20
17
53
55
29
42
99
153
209
201
212
164
169
173
168
157
188
160
124
126
48
22
-108
-58
-47
-88
-53
-93
-49
-120
-192
-86
-77
-95
-85
-41
22
123
168
169
164
103
169
214
284
326
286
304
232
212
166
144
83
68
67
5
63
13
-7
-80
-148
-164
-116
-109
-81
-118
-87
-106
-104
-25
-65
6
13
-22
6
63
41
89
54
31
62
-47
20
49
35
34
32
28
-33
-78
-18
12
-8
-8
-107
-61
-35
-105
-72
-48
-47
-108
-30
-47
-87
-37
8
53
15
38
13
-10
48
73
52
72
23
47
71
149
73
119
187
86
29
5
25
5
114
56
149
47
16
-77
-55
-22
-10
57
-13
106
17
117
-26
26
98
90
196
155
215
177
172
171
129
233
186
149
142
120
108
20
33
30
-66
-30
26
-51
-45
-25
-19
-68
-10
-29
-90
15
9
-51
59
20
24
44
-52
118
35
57
110
97
106
66
99
149
1
95
94
8
121
28
79
35
17
88
-5
39
86
6
54
-17
-23
103
-32
80
97
35
56
-15
55
50
60
68
21
67
129
76
111
144
76
105
140
92
183
151
120
195
128
134
122
51
96
53
78
71
50
107
93
44
119
116
39
151
114
132
155
200
166
153
165
175
130
188
150
126
141
83
105
58
53
26
114
103
10
22
73
-62
44
31
-42
50
4
-35
-22
10
-40
-39
-30
52
-56
9
18
-64
43
33
-3
31
71
75
103
122
113
33
27
87
135
65
118
141
106
51
153
116
79
166
140
128
171
97
87
41
58
127
57
128
95
68
22
56
87
88
110
79
105
85
13
78
167
86
102
95
31
92
60
66
114
71
126
138
43
36
21
77
147
88
149
112
49
30
65
39
32
95
170
69
147
136
82
57
58
61
7
107
49
140
3
65
90
-4
106
80
62
77
9
86
-6
-17
92
-51
-10
-9
-34
70
-40
-60
-3
-115
-75
-27
-48
-50
10
26
-44
-8
14
-31
4
6
52
92
86
110
89
77
109
114
27
145
182
87
37
27
57
-88
27
39
38
41
65
7
-52
5
12
61
7
175
111
61
198
1
81
102
53
146
61
89
138
19
10
37
-75
108
40
-14
97
-34
-10
-12
-117
19
30
24
65
46
16
24
8
-17
74
63
82
122
65
69
31
21
79
66
27
47
36
26
-6
20
65
25
-10
-8
-31
-28
25
-59
-28
-59
-90
-30
-46
-12
29
-50
-27
-9
-86
-18
19
90
7
73
191
-98
22
15
-67
56
45
107
48
29
72
4
7
57
46
88
106
39
66
77
11
34
70
14
155
138
80
89
111
87
100
69
110
114
29
135
21
74
24
67
136
39
121
73
107
-17
76
104
46
64
50
58
-4
55
-1
83
140
49
60
100
73
-2
60
77
91
92
58
104
-12
29
53
-6
15
57
78
42
-31
-54
-9
-46
19
18
-27
20
-33
-63
53
-34
17
71
30
31
130
49
37
95
115
66
60
96
119
42
48
125
9
100
118
120
98
48
115
73
-22
82
71
79
99
79
101
63
33
76
95
95
113
110
96
43
88
46
44
70
79
114
70
158
62
-20
33
-17
11
12
51
13
-24
54
-38
48
37
120
-30
63
57
10
80
67
78
-43
148
98
26
72
30
92
-33
23
16
22
42
-22
65
0
-32
-56
10
-122
-73
43
-87
-52
-126
4
-27
-79
4
-22
-30
-54
-32
-87
-111
-62
-39
-99
-136
-68
-33
-110
-68
-7
-34
-95
-5
63
-55
-25
71
-10
-28
71
72
-9
72
28
84
77
75
79
67
22
94
62
-11
63
65
28
42
19
16
43
-47
-22
-43
46
20
-75
45
-71
-48
-58
-31
-36
-79
-57
-89
-119
-51
-56
-83
-14
-81
-24
-45
-67
18
-88
-7
-45
-29
3
7
-12
-9
-14
9
-9
-35
-24
-25
-14
-70
-91
-42
-150
-79
-68
-96
-111
-129
-89
-183
-137
-113
-101
-96
-55
-44
-36
-78
-83
-30
-74
-47
12
-46
-5
-33
-73
-85
4
-53
-104
-27
-90
-46
-70
-64
-114
-97
-32
-49
-5
21
-22
24
-8
5
67
75
37
107
75
100
98
47
175
68
52
111
-3
67
-14
29
83
-8
17
22
-72
2
11
-81
35
0
-31
-21
-86
-37
-77
-103
-30
-60
-59
-68
-57
-60
-80
-94
-62
3
-42
29
-19
4
10
19
-52
1
41
-25
45
23
2
-4
-54
-18
-58
-20
51
-58
-35
-20
-104
-52
-15
-58
-23
-58
-25
-13
-37
-60
-2
7
64
33
-13
75
9
21
75
26
60
50
79
-11
20
66
51
26
60
55
7
60
29
42
122
76
94
71
66
98
100
208
52
139
171
110
122
115
116
72
54
87
45
41
57
19
23
-7
26
-27
-29
8
-26
0
-20
22
-2
-38
36
-17
10
41
24
43
23
-38
50
-24
-27
61
-9
80
12
-13
9
-40
-21
2
-13
36
24
-25
-25
-7
10
55
33
75
79
-2
19
25
-67
-11
15
11
56
-24
91
-14
-19
51
-4
-16
20
61
17
60
5
16
-35
-1
23
1
53
51
1
31
-4
-12
5
62
-18
29
28
19
70
-20
92
51
21
60
113
66
68
131
38
43
104
58
95
68
59
38
18
18
-36
-78
-34
-11
-32
-39
-5
-75
-99
-66
-62
-103
-114
-22
-77
-53
-50
-39
-102
-97
-41
-66
-53
-43
-22
-42
-77
-10
-55
-61
30
-3
1
-29
-25
-61
-47
-47
-68
2
-30
-43
-61
-33
-36
-79
-52
-115
-69
-57
-56
-68
-64
-13
-88
-61
-17
-54
-48
-13
-46
-23
-29
5
-64
-28
-3
-16
-27
-48
-8
-112
-54
-42
-72
-35
-11
-17
-10
5
18
-19
3
-23
36
4
46
50
27
95
4
50
21
29
62
84
59
81
25
-41
12
-27
-27
-6
-34
-35
-44
-84
-108
-64
-81
-155
-116
-87
-112
-93
-97
-77
-87
-90
-41
-77
-67
-96
-69
-44
-101
-21
-62
-99
-62
-57
-113
-32
-34
-106
-48
-79
-76
-46
-109
-73
-55
-79
-58
-47
-65
-49
-14
-18
23
2
-8
9
-19
26
53
8
65
80
63
95
64
18
69
-9
35
74
-4
30
5
-30
-15
-44
-52
-32
-73
-25
-11
-37
-15
2
-54
19
22
-2
82
33
107
109
21
113
88
55
115
85
126
146
144
96
135
69
77
73
59
59
35
48
30
43
13
-19
2
-21
-18
-6
-29
4
14
3
19
-6
49
56
9
60
52
42
13
90
55
56
78
43
61
36
75
45
43
44
26
18
5
30
-4
-16
14
-1
-14
-30
-2
-12
20
-3
40
53
35
73
48
114
111
105
132
140
112
107
101
116
129
95
101
62
70
54
23
35
17
-16
-15
-56
-35
-35
-89
-17
-47
-48
6
-22
45
58
13
106
82
52
104
78
95
116
91
111
153
89
132
122
84
145
85
123
102
30
33
9
-3
-17
4
-21
-4
-61
-64
-24
-86
-62
-68
-54
-44
-55
-1
-3
-41
5
-15
24
-1
9
22
6
44
30
53
26
41
1
19
20
26
42
17
12
2
9
3
13
-36
-14
2
-50
-36
-9
-19
-24
12
2
-1
10
18
66
-8
24
27
18
41
35
37
33
33
-11
23
-33
-44
-21
-82
-58
-56
-89
-92
-100
-113
-89
-117
-125
-83
-71
-61
-53
-50
-29
-11
-36
13
28
36
61
8
48
60
38
44
56
27
29
27
-36
-32
-7
-44
-39
-53
-79
-70
-117
-106
-114
-112
-118
-103
-113
-120
-116
-109
-103
-77
-76
-66
-30
-24
-40
-35
-42
-14
-35
-42
-15
-3
-27
-5
-38
-93
-63
-70
-67
-27
-41
-35
-37
-44
-22
-28
-32
-18
-9
-43
53
27
42
56
11
30
14
43
37
63
82
65
67
70
59
41
27
8
34
1
-19
-18
-34
-49
-62
-56
-83
-86
-97
-99
-84
-100
-86
-78
-87
-74
-53
-43
-39
-5
-3
9
32
42
45
80
66
74
82
55
73
56
73
58
17
16
16
-18
-10
-28
-69
-78
-72
-107
-95
-112
-118
-69
-83
-74
-83
-72
-76
-47
-43
-20
2
-10
-1
-10
-6
5
11
8
28
0
-10
3
-12
-16
-18
-39
-40
-38
-58
-62
-63
-52
-64
-39
-47
-49
-32
-15
3
3
15
14
35
45
23
43
70
69
71
35
39
32
17
31
10
9
10
-32
-15
-32
-54
-30
-51
-71
-60
-73
-90
-90
-98
-85
-68
-52
-40
-27
3
-13
2
24
29
34
63
80
61
75
63
60
75
65
67
49
31
34
-6
-17
-8
-14
-44
-72
-80
-97
-82
-64
-64
-59
-44
-43
-44
-45
-48
-35
-28
-47
-32
-17
-1
5
-7
-5
8
-2
9
4
-19
-7
-30
-25
-34
-62
-62
-62
-70
-66
-54
-95
-82
-70
-61
-57
-78
-51
-46
-56
-46
-16
-18
-6
5
27
36
41
19
36
41
28
36
42
45
28
29
24
5
-6
-19
-36
-57
-63
-56
-66
-76
-73
-73
-90
-92
-106
-90
-77
-79
-53
-52
-47
-20
-2
18
34
41
52
63
72
52
66
53
46
12
-1
25
1
-26
-44
-46
-62
-82
-105
-91
-98
-110
-98
-106
-109
-115
-103
-108
-82
-83
-71
-52
-68
-48
-38
-21
-14
9
-8
6
5
6
-19
-23
16
-9
-26
-40
-38
-51
-69
-73
-62
-84
-63
-59
-77
-83
-76
-65
-67
-41
-25
-1
6
9
10
20
20
36
42
59
69
69
69
45
31
32
27
28
33
42
26
2
-22
-44
-40
-63
-65
-40
-30
-64
-46
-62
-83
-65
-65
-54
-66
-74
-40
-37
-38
-13
-16
-15
-11
-2
-6
27
33
40
40
37
33
31
19
-7
5
-9
-22
-40
-33
-28
-57
-70
-80
-65
-77
-61
-55
-62
-53
-61
-49
-39
-28
-16
-2
5
6
17
26
37
33
45
49
57
53
34
28
17
10
-3
-14
11
-2
-11
-11
-14
-12
-27
-17
-12
4
0
-7
-14
-8
-1
0
32
40
44
53
47
67
80
74
61
69
59
78
82
79
76
55
42
21
18
5
-1
-6
-3
-3
-13
-28
-50
-51
-47
-42
-26
-7
-1
-3
4
-18
4
17
11
35
39
50
45
36
30
13
10
3
0
1
-8
-6
-6
-17
-7
-9
-20
-23
-22
-13
-11
-4
-21
-15
-3
-3
18
14
10
17
21
20
32
44
62
62
57
44
38
44
28
32
43
44
58
44
45
39
38
26
20
42
28
33
36
17
14
8
34
44
28
52
63
65
44
59
59
60
83
69
70
90
82
83
81
69
77
70
71
79
83
67
55
49
30
32
21
29
41
25
31
21
-15
1
5
5
35
18
21
26
6
7
8
16
15
13
34
44
35
26
9
27
40
16
6
13
13
7
-8
-1
3
-15
-16
0
-1
-3
21
22
32
27
16
15
17
29
44
64
62
70
82
72
72
69
59
88
91
82
79
77
80
44
46
45
57
52
47
43
43
43
40
44
20
39
44
58
61
55
67
69
40
34
33
37
39
46
46
64
68
62
56
27
34
34
36
29
31
19
37
23
8
11
4
14
6
-8
-8
5
1
-12
3
3
9
14
-2
14
5
6
-2
14
10
13
30
20
36
38
28
25
27
18
22
23
18
20
25
39
25
18
20
5
29
24
18
24
8
-14
-7
6
18
20
7
13
25
24
39
58
58
64
66
74
61
49
47
61
54
72
71
75
79
68
76
70
59
49
66
53
66
76
68
62
62
50
44
56
61
66
74
62
63
79
69
69
73
72
67
60
70
61
48
31
29
47
19
34
23
12
14
-3
10
4
15
-4
6
15
9
20
3
13
13
16
8
8
21
15
25
32
32
38
52
42
35
14
24
24
43
32
14
33
22
45
34
31
26
31
30
38
36
28
35
32
43
30
30
12
20
25
29
51
43
53
54
60
72
64
80
79
69
69
90
75
72
81
67
97
75
59
75
81
72
97
69
55
61
63
59
59
63
55
76
60
61
56
67
69
62
81
87
66
83
70
54
60
53
55
37
44
54
33
31
31
38
20
11
13
14
9
3
5
13
20
16
26
20
36
29
26
45
24
35
38
40
60
39
39
37
46
41
58
58
53
48
47
68
56
62
63
51
56
58
77
82
62
74
77
74
72
67
70
86
88
98
108
103
111
110
117
108
105
113
101
104
103
109
114
111
115
110
115
120
105
106
101
92
105
97
90
87
78
89
88
87
93
87
86
86
82
79
79
94
88
80
76
86
81
71
83
81
69
87
87
70
65
74
77
47
46
63
60
49
51
45
32
46
33
29
39
47
35
23
42
25
13
15
36
43
33
34
39
44
48
61
52
55
57
73
66
73
76
85
79
73
85
71
73
74
73
82
75
59
87
86
72
90
90
94
97
74
79
81
68
84
91
78
95
91
80
75
74
74
59
89
89
80
94
80
67
76
72
56
57
58
52
53
70
51
31
42
50
50
48
55
48
36
35
41
46
49
49
58
57
59
65
53
63
59
67
67
68
47
30
50
41
46
44
42
28
36
27
25
31
22
26
23
36
26
26
15
10
23
34
34
26
32
31
22
23
19
21
30
45
45
47
62
58
52
56
73
77
59
65
50
50
52
48
45
44
50
45
55
45
52
53
45
60
45
49
53
36
37
37
28
22
24
33
16
23
25
16
32
7
13
13
16
9
-3
8
12
13
-3
6
-7
-19
-12
-14
-27
-29
-28
-20
-22
-25
-28
-23
-23
-20
-20
-21
-15
-5
-9
-1
5
-5
10
5
2
15
0
9
8
-4
12
-5
5
-24
-16
-2
-5
-18
-23
-18
-16
-5
-11
-2
5
6
-6
4
5
15
10
38
19
17
21
13
34
17
33
27
25
29
23
25
36
33
34
35
43
44
12
30
33
21
34
24
23
41
28
22
7
9
4
8
14
5
19
26
18
21
16
26
14
10
14
16
13
7
8
-5
0
-11
-36
-33
-24
-35
-27
-35
-47
-50
-47
-46
-43
-45
-57
-50
-34
-37
-39
-37
-33
-47
-38
-37
-37
-14
-30
-26
-20
-8
-7
-10
-18
-19
-8
-3
-11
-23
-14
-11
-27
-27
-19
-15
-15
-12
-19
-22
-1
-1
-16
1
1
7
-4
-7
1
1
6
6
3
11
22
16
22
37
33
32
35
31
34
36
47
29
29
29
22
15
5
9
10
7
11
3
-13
16
5
3
2
-8
12
3
10
5
10
2
6
-9
-23
6
-4
-16
6
2
-11
-21
-18
-33
-35
-45
-38
-39
-56
-60
-50
-56
-56
-38
-47
-39
-42
-49
-28
-31
-37
-38
-34
-22
-41
-27
-18
-33
-22
-30
-27
-17
-12
-15
-17
-4
-15
-20
-7
-4
-21
-11
-2
-29
-20
-16
-13
-23
-31
-19
-17
-15
-13
-10
-11
-3
-1
-16
-10
4
10
2
11
-1
-12
4
7
15
9
-10
1
3
-16
-24
-27
-10
-2
-24
-30
-31
-32
-15
-20
-27
-12
-33
-36
-20
-27
-18
-18
-18
-16
-20
-26
-31
-33
-32
-33
-42
-41
-46
-43
-41
-46
-54
-46
-50
-65
-59
-66
-64
-51
-62
-72
-66
-71
-71
-68
-78
-64
-55
-61
-68
-63
-64
-54
-68
-57
-57
-68
-57
-54
-49
-38
-51
-54
-46
-41
-43
-46
-52
-51
-38
-58
-36
-41
-37
-39
-43
-45
-49
-23
-23
-26
-11
-12
-10
-15
-10
-12
-23
-18
-10
4
-14
-25
-17
-13
-14
-10
-20
-13
-29
-28
-11
-35
-32
-45
-49
-55
-64
-73
-81
-88
-89
-73
-71
-82
-86
-75
-78
-85
-80
-74
-66
-78
-80
-90
-85
-76
-75
-81
-88
-78
-87
-96
-99
-103
-112
-104
-116
-102
-96
-110
-98
-103
-87
-89
-92
-92
-72
-74
-65
-46
-44
-51
-46
-33
-45
-48
-42
-30
-17
-28
-24
-19
-32
-17
-28
-17
-34
-28
-33
-36
-44
-36
-30
-38
-28
-37
-49
-48
-38
-55
-36
-26
-29
-38
-33
-27
-32
-18
-17
-12
-15
-17
-4
-9
-18
-24
-25
-19
-28
-25
-24
-27
-34
-36
-33
-39
-34
-52
-29
-44
-27
-36
-42
-36
-30
-30
-38
-34
-24
-39
-39
-22
-36
-33
-37
-27
-32
-41
-37
-42
-45
-45
-53
-40
-48
-49
-52
-73
-61
-67
-71
-69
-70
-56
-65
-64
-74
-49
-40
-47
-40
-37
-33
-26
-12
-14
-8
-1
-11
-20
-6
11
12
5
2
10
17
22
13
18
19
22
19
27
13
6
8
-5
-1
0
1
5
-7
-8
-11
-1
-1
-9
-16
-14
0
-2
-20
-17
-21
-4
4
-7
-5
-10
-6
-7
-24
-26
-15
-30
-17
-19
-28
-29
-34
-52
-37
-31
-48
-51
-35
-34
-48
-47
-42
-54
-64
-53
-50
-69
-67
-66
-65
-61
-71
-62
-70
-68
-70
-75
-74
-86
-95
-82
-100
-100
-102
-103
-113
-111
-114
-116
-119
-122
-114
-107
-104
-101
-88
-101
-71
-65
-82
-68
-69
-60
-65
-69
-62
-47
-54
-50
-29
-51
-34
-28
-52
-51
-54
-55
-45
-39
-39
-43
-41
-70
-62
-56
-49
-67
-67
-66
-75
-67
-72
-87
-70
-69
-78
-53
-72
-76
-80
-79
-73
-86
-81
-75
-88
-87
-80
-102
-102
-94
-100
-93
-119
-111
-102
-115
-113
-103
-103
-104
-119
-107
-92
-117
-124
-99
-106
-108
-109
-101
-106
-97
-96
-98
-79
-74
-101
-83
-74
-93
-98
-97
-87
-91
-82
-82
-101
-101
-96
-102
-91
-100
-104
-96
-85
-74
-80
-74
-78
-76
-65
-61
-67
-69
-70
-60
-47
-47
-64
-54
-42
-38
-45
-41
-33
-38
-46
-38
-36
-55
-48
-32
-34
-51
-56
-35
-34
-29
-23
-23
-27
-27
-34
-38
-24
-33
-33
-24
-22
-34
-20
-26
-33
-33
-28
-29
-48
-34
-54
-60
-57
-65
-52
-72
-65
-77
-85
-94
-94
-81
-89
-78
-80
-84
-81
-66
-79
-76
-78
-74
-83
-68
-55
-64
-62
-52
-55
-46
-41
-49
-37
-52
-34
-44
-40
-51
-50
-40
-58
-45
-42
-25
-50
-60
-56
-51
-38
-43
-52
-44
-39
-35
-22
-31
-29
-22
-31
-10
-9
-1
6
13
2
3
6
1
2
5
14
4
-19
-21
-15
3
7
1
16
-15
-5
-10
-27
-18
-7
-20
-24
-20
-21
-20
-34
-23
-33
-52
-32
-15
-24
-22
-26
-40
-31
-24
-37
-32
-38
-37
-25
-28
-41
-46
-61
-53
-53
-51
-48
-47
-53
-45
-46
-56
-34
-46
-49
-46
-33
-28
-34
-18
-18
-3
-6
-12
-5
1
-6
-4
2
7
-4
-8
7
2
1
-8
9
-3
-3
5
16
8
10
8
24
32
16
14
15
28
34
21
22
23
31
34
40
57
44
35
34
20
32
19
32
31
25
24
18
10
11
22
5
0
0
9
10
-9
-2
-3
-11
3
-5
-5
-9
5
-3
7
5
0
1
8
4
-6
-10
-17
-20
-26
-23
-18
-39
-36
-18
-29
-39
-57
-62
-70
-56
-63
-67
-71
-59
-77
-72
-71
-72
-76
-65
-53
-69
-46
-59
-43
-43
-46
-33
-25
-27
-45
-27
-33
-29
-27
-21
-23
-25
-12
-14
-36
-22
-28
-26
-23
-33
-24
-11
-16
-35
-22
-12
-15
-3
14
3
6
-4
-8
6
0
1
7
-13
3
-5
-19
-5
-13
-22
-19
-17
-23
-26
-33
-36
-42
-29
-56
-67
-61
-63
-64
-52
-51
-54
-59
-62
-55
-53
-63
-52
-56
-55
-52
-47
-55
-57
-50
-43
-40
-45
-47
-55
-51
-58
-57
-61
-64
-59
-65
-48
-52
-59
-56
-57
-49
-55
-51
-53
-56
-41
-46
-44
-39
-28
-26
-20
-32
-16
-12
-15
-22
-22
-3
-19
-13
-5
3
-5
-14
-14
-4
-7
-29
-15
-16
10
2
-14
-7
-3
-8
-5
14
-4
-8
-7
-12
-3
11
16
16
25
20
26
14
14
23
14
10
13
26
6
3
5
1
3
9
-3
-23
-13
-13
-15
-22
-18
-22
-37
-32
-20
-22
-40
-31
-18
-24
-32
-19
-7
-8
-16
-24
-14
-33
-18
-22
-7
-20
-3
-5
-30
-26
-34
0
-28
-18
-15
-28
-23
-22
-21
-20
-18
-17
-15
-23
-13
-10
-15
-7
14
13
12
7
-8
11
-8
-8
11
23
28
26
24
15
14
17
19
20
17
27
28
20
13
18
-5
-8
3
-10
14
5
0
6
-6
15
0
13
8
-3
-8
2
10
8
9
-7
-10
-2
-6
-17
-6
-18
-20
-15
-26
-22
-24
-24
-10
-41
-47
-48
-45
-40
-36
-35
-47
-49
-48
-31
-41
-38
-36
-33
-29
-28
-31
-39
-32
-36
-33
-19
-16
-13
-22
-18
-20
-17
-30
-24
-23
-21
-26
-23
-24
-19
-14
-31
-19
-23
-7
-21
-15
-19
-22
-9
-13
1
1
-9
14
2
-4
6
-4
-1
-9
-8
-6
-12
6
18
-4
9
0
-19
-16
-8
-5
-3
7
-3
-3
-13
-7
-8
-18
-9
-10
-8
-4
3
5
-2
-14
-6
-7
11
2
-16
-8
-18
-14
-25
-29
-15
-16
-26
-20
-24
-48
-37
-21
-32
-32
-45
-37
-41
-42
-38
-19
-28
-31
-32
-29
-27
-45
-41
-39
-38
-24
-24
-24
-27
-32
-35
-32
-19
-16
-12
-17
-20
-11
-25
-18
-24
-36
-22
-19
-23
-32
-38
-32
-22
-41
-36
-15
-21
-21
-26
-11
-13
-1
-17
-16
2
-2
6
-30
1
-2
-5
6
6
16
3
1
-4
-2
6
-1
7
-5
3
-9
-8
-1
-9
-3
-10
2
-13
-15
-4
-6
-20
-24
-9
-12
-14
4
-2
-3
7
-4
13
18
20
0
13
8
-1
-5
-12
-7
-14
-16
-9
-5
-2
8
-4
3
-15
-15
-9
2
-3
4
12
10
9
10
1
-10
0
-3
-6
-13
-3
-8
-12
1
8
1
-2
0
5
25
14
9
-4
-14
3
1
-2
0
7
7
-8
0
26
22
6
3
8
0
-6
-7
-10
5
-1
15
32
16
19
11
25
27
13
15
7
18
10
0
13
19
17
16
20
32
24
2
20
16
14
14
8
26
8
16
16
29
31
20
40
24
26
37
37
29
13
35
11
20
24
37
39
21
24
24
11
4
23
19
31
42
46
24
32
32
29
19
6
12
17
28
34
37
32
39
32
22
27
31
20
28
25
28
32
18
40
33
29
30
22
29
13
14
35
28
33
31
38
36
28
42
40
23
42
28
34
51
19
34
21
34
25
26
7
13
26
19
19
32
25
8
26
0
19
17
3
19
7
2
16
4
5
3
-4
4
4
-1
0
-13
1
-6
-4
-6
-1
-13
-12
-17
-24
-8
-24
-20
-41
-37
-36
-28
-36
-41
-32
-36
-33
-34
-26
-38
-35
-35
-40
-32
-19
-27
-28
-22
-17
-14
-19
-45
-40
-30
-17
-2
-19
-15
-29
-9
-20
-25
-21
-26
-3
-9
-13
-17
-15
-20
-31
-24
-19
-26
-38
-46
-31
-26
-31
-13
-11
-12
-26
-44
-21
-26
-28
-16
-29
-13
-25
-22
-20
-29
-26
-16
-18
-19
-28
-34
-33
-27
-38
-47
-38
-43
-40
-38
-27
-24
-11
-23
-35
-23
-14
-22
-34
-20
-31
-35
-13
-22
-25
-14
-13
-24
-15
-27
-34
-18
-28
-27
-22
-30
-23
-21
-23
-25
-31
-23
-19
-35
-26
-16
-20
-7
-17
-12
-2
-17
-16
-19
-24
-34
-21
-24
-25
-19
-29
-24
-23
-23
-22
-26
-18
-9
-20
-16
-24
-8
-7
-4
-6
-6
-9
6
19
25
17
6
21
9
5
9
28
25
16
19
38
46
24
23
27
19
22
21
33
40
22
38
23
11
26
18
21
24
8
7
22
22
15
10
19
11
16
28
25
31
37
25
25
42
38
30
22
20
20
19
18
22
14
8
23
3
24
43
19
18
9
18
25
11
17
25
24
30
16
17
25
44
29
28
35
16
31
28
15
12
21
25
21
19
25
9
-2
0
5
10
11
-8
2
2
10
6
-9
4
14
11
-6
26
20
21
29
30
24
31
45
21
23
23
28
26
35
41
40
21
31
31
15
3
29
21
14
14
8
11
10
7
14
21
-2
19
2
27
4
-5
7
-2
16
14
18
18
22
8
17
8
8
17
17
8
-1
0
4
3
-3
-1
-26
-22
-27
-23
-22
-32
-16
-27
-22
-31
-10
-10
-11
-9
12
10
-13
16
-8
-9
-3
-11
-8
-14
-6
8
-2
-20
-15
-9
-20
-18
-7
-5
-9
-15
-10
-9
-9
-10
-13
-2
-4
1
12
-4
10
15
4
11
15
13
10
10
22
23
26
30
10
14
3
6
7
4
11
7
2
-12
-3
6
7
-3
-16
-3
-6
-10
-4
-6
-9
-4
3
-2
-3
5
-6
12
22
1
5
8
7
23
10
12
13
9
8
-3
-1
-3
-8
-23
-16
-20
-10
-17
-8
-11
-10
-6
-14
-2
11
3
-5
-1
-5
-18
-2
5
-1
-3
3
-2
9
7
1
4
-5
-18
-7
6
-10
-5
-13
-11
-20
-25
-17
-15
-11
-16
-7
-6
-16
-29
-26
-19
-6
1
-11
6
7
-4
11
15
-1
5
-10
-7
3
-3
10
14
18
-2
7
5
12
16
-5
4
-16
-10
-3
-4
-7
-4
8
-3
13
6
16
11
9
10
21
6
-1
13
9
10
-2
-9
-12
1
11
23
1
-1
0
-10
-1
-4
-6
-2
-1
-14
-10
-23
-10
-17
-12
-2
-20
-3
8
-8
-4
-10
-10
5
-4
6
-4
-1
-9
-6
-8
-17
-19
-12
-1
-16
-8
-18
-31
-23
-18
-16
-16
-18
-34
-25
-22
-15
-11
-23
-9
-16
-23
-11
-13
-8
7
-15
-9
-11
-13
-17
-24
-26
-18
-9
-19
-5
-10
-23
-22
-9
-20
-19
-20
-19
-28
-28
-16
-21
-32
-35
-19
-34
-26
-24
-35
-37
-25
-20
-19
-40
-33
-23
-36
-16
-29
-29
-36
-20
-20
-36
-28
-21
-19
-25
-31
-29
-43
-36
-5
-23
-28
-16
-28
-50
-32
-46
-41
-39
-38
-39
-43
-30
-46
-33
-48
-40
-34
-45
-40
-42
-50
-25
-27
-38
-52
-55
-43
-49
-62
-62
-51
-60
-62
-53
-47
-53
-55
-56
-45
-62
-70
-50
-60
-64
-46
-47
-45
-50
-43
-47
-68
-58
-50
-52
-54
-42
-44
-47
-47
-42
-73
-57
-46
-62
-67
-66
-56
-75
-71
-74
-71
-75
-76
-68
-73
-66
-73
-67
-72
-91
-74
-68
-61
-57
-71
-62
-74
-59
-54
-55
-62
-54
-54
-61
-48
-59
-48
-62
-60
-59
-59
-73
-52
-48
-60
-50
-62
-62
-54
-45
-39
-38
-44
-41
-50
-50
-55
-43
-48
-49
-32
-34
-29
-40
-49
-38
-32
-39
-32
-41
-40
-49
-51
-35
-59
-50
-35
-47
-47
-42
-54
-58
-46
-50
-45
-40
-49
-43
-47
-62
-53
-54
-46
-41
-30
-26
-22
-24
-23
-35
-16
-12
-19
-21
-27
-29
-25
-19
-34
-28
-22
-27
-31
-40
-33
-45
-41
-44
-40
-44
-53
-37
-57
-52
-36
-50
-51
-36
-43
-40
-42
-54
-55
-47
-48
-54
-42
-63
-57
-60
-63
-55
-48
-49
-61
-55
-58
-65
-66
-73
-66
-77
-68
-75
-74
-66
-81
-70
-82
-63
-63
-58
-61
-73
-64
-54
-47
-43
-59
-55
-61
-58
-47
-51
-48
-62
-56
-66
-70
-65
-43
-51
-38
-42
-66
-43
-57
-63
-46
-54
-55
-47
-43
-26
-43
-43
-33
-33
-37
-43
-46
-34
-45
-58
-49
-31
-38
-44
-53
-57
-56
-66
-64
-59
-59
-52
-69
-69
-56
-66
-58
-69
-72
-71
-67
-64
-68
-67
-78
-74
-59
-52
-53
-70
-75
-61
-69
-88
-73
-69
-63
-77
-90
-90
-85
-72
-73
-75
-85
-70
-86
-79
-67
-76
-76
-70
-67
-75
-66
-61
-47
-69
-61
-73
-70
-73
-74
-67
-49
-56
-69
-44
-46
-45
-58
-47
-55
-53
-58
-67
-54
-52
-57
-59
-48
-61
-69
-48
-62
-48
-42
-32
-33
-46
-35
-39
-38
-29
-19
-29
-26
-26
-25
-32
-34
-27
-27
-11
-39
-52
-30
-28
-39
-35
-36
-40
-38
-45
-44
-37
-40
-49
-35
-38
-45
-44
-31
-30
-42
-38
-33
-31
-33
-28
-27
-16
-9
-8
-17
-26
-17
-31
-36
-30
-27
-33
-22
-31
-33
-26
-32
-33
-46
-41
-41
-27
-34
-31
-33
-38
-31
-42
-26
-25
-31
-23
-23
-24
-23
-19
-13
-6
-29
-33
-15
-14
-22
-25
-25
-31
-13
-24
-39
-29
-29
-26
-42
-45
-38
-29
-41
-39
-31
-32
-20
-22
-20
-4
-17
-6
-18
-5
-9
-13
-9
-22
-8
-10
-1
-23
-7
-10
-32
-23
-20
-11
-26
-30
-26
-30
-20
-19
-35
-27
-19
-32
-25
-9
-33
-13
-14
-22
-21
-31
-26
-24
-30
-38
-17
-23
-35
-23
-35
-26
-31
-23
-23
-53
-38
-44
-37
-28
-46
-46
-30
-49
-59
-39
-47
-40
-37
-52
-47
-43
-43
-42
-32
-22
-37
-15
-19
-35
-22
-29
-34
-17
-16
-35
-13
-22
-35
-41
-34
-34
-32
-33
-29
-25
-37
-36
-33
-37
-38
-40
-31
-30
-43
-37
-42
-53
-47
-46
-29
-47
-57
-37
-38
-39
-39
-43
-57
-59
-41
-50
-48
-46
-47
-46
-55
-55
-57
-46
-47
-52
-56
-70
-61
-56
-63
-71
-59
-69
-53
-51
-63
-65
-75
-50
-53
-41
-67
-66
-48
-54
-45
-63
-48
-47
-40
-45
-54
-58
-52
-58
-43
-33
-50
-41
-42
-47
-38
-60
-51
-34
-36
-22
-40
-34
-35
-27
-32
-37
-41
-52
-34
-59
-39
-37
-40
-23
-35
-49
-52
-41
-54
-53
-56
-51
-44
-45
-52
-58
-69
-60
-66
-55
-57
-47
-52
-49
-58
-59
-57
-54
-37
-50
-36
-54
-49
-48
-51
-50
-38
-42
-45
-36
-40
-27
-28
-41
-31
-39
-45
-31
-55
-59
-65
-53
-59
-41
-56
-50
-40
-55
-37
-39
-39
-57
-50
-33
-47
-51
-40
-57
-41
-35
-25
-31
-33
-46
-39
-40
-53
-41
-25
-45
-49
-48
-48
-41
-42
-37
-38
-39
-48
-41
-35
-41
-32
-16
-33
-52
-33
-27
-22
-37
-39
-38
-31
-26
-30
-23
-15
-22
-16
-12
-14
-3
-19
-14
-21
-25
-25
-22
-18
-38
-28
-21
-21
-34
-30
-46
-46
-55
-49
-41
-41
-20
-37
-24
-20
-32
-25
-32
-24
-13
-6
-22
-34
-27
-34
-21
-35
-39
-34
-36
-31
-22
-37
-20
-14
-23
-29
-21
-16
-24
-22
-22
-13
-23
-22
-27
-26
-32
-27
-30
-17
-32
-38
-22
-32
-32
-33
-31
-30
-22
-29
-24
-24
-30
-21
-28
-14
-14
3
-4
-29
-17
-21
-17
-21
-11
-12
-15
-4
-16
2
1
-6
3
-12
-2
-8
-6
-1
-10
-2
-6
-12
-20
-16
5
4
-12
-16
-20
-6
-14
-9
-10
-18
-5
-9
-15
-5
-9
-12
7
-5
-2
4
-18
-18
-7
-8
-4
-2
-10
-10
-20
-25
-13
-8
-8
-10
-19
-7
-2
-19
-18
-16
-15
-25
-2
0
-18
-13
-27
-26
-18
-14
-18
-4
-5
-26
-21
-17
-9
-23
-20
-18
-10
-9
-11
-7
-14
-19
-14
-16
-40
-28
-16
-25
-28
-28
-35
-23
-32
-17
-13
-9
-3
-5
-7
-1
-7
-9
1
-8
-9
-13
-18
-15
-17
-2
-11
-18
-24
-17
-22
-14
-7
-12
-18
-18
-19
-32
-33
-34
-39
-12
-22
-23
-27
-40
-20
-28
-19
-16
-38
-19
-16
-15
-7
-17
-8
-16
-9
-30
-23
-7
-16
-3
-4
-1
-19
-15
-5
-10
-28
-21
-15
-30
-16
-31
-16
-40
-25
-23
-27
-25
-27
-28
-14
-12
-22
-11
-17
2
-13
-1
2
-12
-2
-10
-10
-12
-1
-12
-2
-5
-17
-14
-7
6
3
-8
-7
-10
0
1
-2
-2
-6
0
-3
1
-21
2
-12
13
0
-17
1
-6
3
-13
2
9
6
2
12
0
-7
5
-6
6
-5
-8
4
-7
-15
-11
-7
-8
-2
-22
-11
-14
-22
-16
-27
-10
-18
-29
-23
-22
-17
-9
-5
-16
-8
-2
5
9
-9
6
2
-17
4
0
-8
-18
-7
8
-4
9
9
-1
0
7
-6
1
4
-2
-4
-6
-13
-16
-17
-5
-2
-6
-7
-5
-9
-8
-5
-9
1
2
-5
-5
-2
-1
2
-3
-6
-9
-16
-18
-14
-5
-8
-18
-13
-15
-36
-8
-12
-9
-9
-23
-5
-14
-1
2
-5
-9
-18
-17
-20
-14
5
1
-9
6
-19
-24
-8
-21
-15
-26
-30
-27
-29
-26
-31
-40
-28
-42
-29
-21
-35
-25
-23
-28
-27
-49
-32
-25
-39
-37
-36
-39
-34
-29
-37
-28
-39
-39
-43
-42
-36
-44
-42
-43
-49
-52
-54
-42
-42
-58
-46
-57
-55
-56
-46
-34
-51
-27
-35
-39
-36
-35
-41
-40
-51
-46
-40
-42
-42
-34
-62
-63
-56
-70
-66
-66
-45
-66
-58
-46
-41
-47
-55
-53
-51
-48
-54
-46
-57
-65
-58
-63
-54
-63
-62
-66
-63
-56
-71
-67
-60
-58
-79
-82
-71
-58
-78
-85
-73
-83
-73
-64
-75
-95
-78
-84
-86
-83
-77
-75
-83
-77
-88
-99
-90
-81
-75
-83
-75
-81
-75
-69
-74
-62
-62
-68
-61
-74
-71
-67
-69
-68
-61
-48
-58
-65
-62
-50
-65
-58
-57
-67
-50
-56
-62
-39
-40
-57
-53
-70
-55
-55
-62
-56
-55
-56
-53
-56
-53
-51
-50
-44
-52
-45
-64
-62
-58
-66
-64
-61
-80
-70
-63
-69
-64
-54
-57
-44
-42
-57
-54
-44
-51
-55
-56
-57
-54
-58
-46
-38
-44
-44
-46
-62
-51
-43
-50
-50
-57
-49
-42
-40
-23
-52
-38
-42
-60
-63
-60
-56
-66
-46
-49
-58
-57
-39
-52
-50
-42
-50
-34
-56
-54
-49
-59
-49
-42
-35
-45
-35
-41
-34
-31
-30
-31
-44
-28
-39
-34
-46
-23
-34
-40
-36
-35
-15
-18
-22
-13
-14
-11
-12
-10
-24
-25
-16
-27
-8
-8
-6
-13
-5
10
5
-12
-28
-24
-30
-26
-19
-38
-13
-30
-27
-21
-25
-25
-39
-35
-37
-28
-35
-38
-40
-31
-18
-33
-28
-37
-38
-35
-40
-25
-20
-35
-12
-26
-33
-27
-17
-13
-35
-23
-26
-15
-26
-39
-36
-38
-20
-22
-42
-34
-34
-23
-26
-27
-20
-28
-23
-39
-27
-21
-32
-23
-17
-29
-26
-25
-36
-32
-17
-32
-34
-41
-45
-23
-17
-25
-26
-36
-21
-16
-22
-35
-39
-24
-26
-26
-33
-21
-29
-7
-9
-17
-18
-11
-7
-23
-24
-20
-8
-18
-29
-19
-27
-19
-20
-23
-28
-25
-19
-43
-26
-33
-38
-38
-38
-46
-48
-56
-39
-39
-44
-28
-42
-36
-43
-45
-43
-36
-44
-51
-41
-40
-49
-49
-32
-22
-17
-22
-51
-50
-36
-30
-40
-32
-23
-29
-31
-43
-31
-38
-39
-50
-43
-43
-27
-42
-49
-31
-43
-38
-42
-40
-52
-42
-42
-44
-38
-23
-46
-55
-33
-38
-38
-37
-48
-33
-31
-32
-33
-50
-44
-42
-46
-45
-47
-52
-42
-41
-38
-38
-57
-42
-30
-42
-37
-31
-27
-40
-34
-31
-43
-30
-46
-45
-31
-29
-29
-33
-25
-44
-37
-40
-42
-41
-35
-49
-58
-41
-63
-54
-43
-51
-51
-65
-51
-47
-58
-41
-49
-53
-42
-52
-39
-36
-44
-35
-34
-45
-36
-41
-55
-42
-38
-42
-58
-47
-39
-35
-27
-28
-28
-33
-48
-39
-37
-39
-31
-26
-29
-40
-19
-26
-28
-30
-19
-19
-27
-15
-38
-12
-19
-25
-14
-23
-2
-15
-16
-7
-9
-19
-20
-13
-21
-7
1
-9
-4
7
-3
-8
-16
-21
-20
-19
3
-16
-5
-14
-29
-34
-18
-16
-12
-21
-16
-20
-32
-30
-22
-27
-39
-42
-47
-30
-29
-34
-32
-25
-41
-37
-37
-42
-23
-13
-17
-27
-18
-10
-14
-16
-25
-29
-21
-21
-31
-26
-18
-13
-22
-29
-33
-29
-31
-21
-11
-13
-29
-36
-27
-26
-26
-36
-27
-23
-29
-10
-5
-23
-17
-13
-6
-10
-25
-23
-24
-24
-14
-20
-24
-22
-23
-15
-21
-12
-16
-18
-14
-4
-16
-5
-2
-14
-17
-11
-2
-20
2
-5
-10
-2
-10
-6
-10
-17
-12
-4
-4
-3
-5
-2
5
-4
-6
4
-1
2
6
-15
-20
-13
-18
-26
-28
-20
-28
-27
-29
-22
-21
-37
-33
-34
-28
-47
-49
-44
-44
-36
-35
-30
-51
-23
-34
-53
-36
-41
-26
-25
-32
-29
-27
-26
-25
-31
-34
-39
-13
-30
-29
-27
-32
2
-21
-17
-8
-26
-17
-5
-15
-10
-5
-15
-7
-6
-13
-12
6
-3
-14
-5
-15
-19
-5
-4
6
-7
-11
4
-2
5
-2
-8
-11
-13
-3
-1
-11
-3
-20
-4
5
-4
-11
-12
-2
-10
-12
-12
-6
-9
-10
0
-17
-28
-17
-18
-20
-12
-8
-15
-7
-8
-18
-14
-17
-14
-22
-24
-11
-11
-21
-12
-14
-8
1
-5
3
-6
6
8
-3
-17
-13
-1
-1
0
-17
3
-11
-18
-8
-25
-5
-6
-8
-13
-21
-18
-4
-18
-6
-13
-5
-8
-17
-24
-16
-17
-24
-17
-9
-12
-19
-21
-19
-18
-28
-28
-26
-13
-36
-36
-16
-24
-28
-25
-24
-15
-22
-17
-25
-33
-38
-37
-20
-41
-47
-27
-33
-29
-14
-47
-39
-22
-51
-33
-38
-37
-33
-25
-33
-30
-22
-20
-25
-32
-29
-27
-29
-31
-30
-30
-32
-22
-34
-37
-20
-31
-21
-25
-30
-31
-19
-29
-42
-40
-25
-26
-25
-31
-28
-26
-26
-32
-42
-38
-33
-27
-6
-9
-23
-13
-19
-14
0
-13
6
-23
-9
6
-8
-8
-14
3
-8
9
0
-13
-4
1
2
5
5
13
3
-1
14
-5
-6
15
22
8
-1
6
3
16
10
14
35
22
28
16
30
22
1
18
7
3
13
9
-1
-3
3
-1
-23
-26
-32
-12
-18
-18
-12
-19
-12
-13
-3
-21
-28
-15
-47
-21
-6
-2
-9
-14
-21
-26
-11
-19
-17
-25
-11
-11
-20
-22
-14
-13
-16
-20
-30
-15
-16
-30
-42
-20
-7
-11
-21
-20
-10
-21
-23
-6
-19
-30
-26
-42
-21
-19
-12
-16
-6
-21
-22
-10
-7
-1
-14
-17
-6
1
-16
-14
-8
-17
-24
-2
-11
-30
-17
-32
-21
-16
-4
-1
-24
-20
-22
-20
-18
-25
-23
-14
-16
-16
-17
-11
-27
-29
-3
-29
-1
-2
2
-9
-26
1
-9
-8
-26
-16
-21
-12
-18
-16
-29
-28
-12
-31
-31
-23
-26
-20
2
-15
-24
-29
-16
-16
-21
-22
-29
-32
-40
-21
-36
-33
-19
-47
-49
-42
-28
-33
-25
-25
-23
-22
-20
-27
-41
-28
-43
-27
-25
-24
-14
-22
-8
-23
-8
-13
-22
-28
-23
-19
-23
-22
-14
-13
-15
-20
-9
-5
-16
-12
-20
-21
-22
-12
-14
-19
-22
-6
-1
-13
-25
-12
-12
-11
-14
-21
-6
-2
2
1
2
2
-7
-14
-14
-13
-2
-11
1
-10
-4
-6
-4
-14
0
-10
-37
-15
-3
-9
-8
-7
-9
-3
-1
-8
-1
-6
-8
-13
-11
-16
-17
-16
-19
-20
-29
-23
-17
-18
-28
-23
-21
-19
-23
-15
-25
-16
-6
-26
-28
-22
-18
-9
15
6
0
9
-6
0
-2
-21
-18
-15
-8
-14
-12
-13
0
-8
-9
-23
-20
-6
-17
2
-26
-20
-18
-14
-11
-1
-13
-17
-2
-1
-4
-5
8
-10
-11
-18
-10
-19
-8
-9
-3
-9
-5
-6
-9
-20
-26
-20
-5
-7
-7
-1
-12
5
-11
-20
1
-5
-1
3
6
-3
-2
2
-19
-3
-1
-15
-13
2
1
0
1
9
12
14
20
-5
11
22
18
4
0
-9
-7
7
0
-22
-12
-11
-7
-10
-7
-13
-12
-16
-13
-2
-5
-11
-11
5
-3
-12
-4
5
6
6
-3
18
6
-3
2
-7
14
-7
-2
9
4
2
-5
3
8
8
4
15
21
25
9
3
16
2
10
1
10
20
21
15
0
-4
15
21
6
17
0
0
1
19
17
7
11
-3
-12
-7
-9
-17
-10
-14
-20
-14
-9
-17
-12
-12
-16
-16
-10
-6
-4
-6
-5
-23
-9
-9
-11
3
-8
-1
9
17
1
-8
-2
-12
-17
-15
-9
-8
-11
-17
-32
-18
-30
-27
-28
-35
-18
-11
-9
-4
-19
-10
-28
-18
-5
-21
-17
-11
5
-4
-8
-4
-6
-14
-17
-14
-9
2
-2
1
0
-12
-12
12
-13
-9
-1
-9
-2
-12
-3
-6
-2
-7
1
6
-6
6
-9
-12
-5
3
