-31
-33
-24
-37
-34
-40
-32
-41
-28
-37
-41
-39
-32
-16
-35
-31
-29
-18
-27
-20
-39
-42
-36
-33
-22
-33
-37
-26
-46
-41
-25
-33
-22
-25
-15
-14
-15
-5
-16
-6
-4
3
-5
-7
-3
-10
-6
-18
-18
-10
-16
-7
-4
-12
-14
-4
0
1
15
15
21
8
21
-1
4
3
-1
12
-11
-14
-7
-13
19
9
-6
-4
-15
-1
2
4
7
6
-3
7
1
1
14
10
5
7
-2
4
-2
7
-8
-11
3
-2
2
14
19
9
17
8
-1
-5
1
-12
-8
0
-20
-12
1
-13
-11
-13
-1
13
0
5
0
-4
-13
-3
1
-15
-12
6
-8
-6
-7
-13
-12
-16
-29
-30
0
4
3
4
-9
-2
9
-8
2
4
3
5
2
3
-2
-10
-11
3
-5
-6
6
5
7
4
-15
5
-10
-5
9
5
12
20
21
28
21
16
3
21
28
9
20
7
-3
0
9
-3
-9
-7
-6
4
0
10
4
-10
-4
3
12
-15
-12
-7
-14
-4
-23
-13
-20
-26
-31
-27
-31
-30
-38
-27
-33
-29
-19
-27
-17
-20
-26
-17
-9
-8
-11
-26
-24
-22
-30
-22
-26
-18
-27
-21
-23
-36
-22
-33
-24
-34
-36
-29
-28
-29
-36
-22
-17
-28
-20
-15
-9
-26
-28
-34
-27
-31
-29
-25
-41
-18
-29
-12
-2
-4
-4
-20
-17
-10
-21
-11
11
-7
-1
0
7
22
-2
-11
8
-20
-13
1
-12
5
4
-11
-13
-3
-7
-4
-6
-1
1
9
6
-9
-12
-11
-14
-18
-5
17
26
11
12
20
7
1
0
2
-1
2
-1
10
-9
-12
-4
-14
0
-12
-21
-34
-24
-25
-39
-25
-20
-20
-17
-5
-12
-17
-13
-13
-12
-22
-6
-11
-12
-8
-5
-6
-21
-18
-11
-13
5
-18
-5
13
6
12
20
16
8
20
3
16
7
2
14
6
18
12
30
12
14
19
5
7
19
20
24
13
-1
4
16
18
10
14
23
15
4
4
8
9
16
20
12
17
17
12
-2
-10
-2
8
0
11
16
0
6
-5
2
3
-7
0
15
0
8
16
5
12
2
19
19
21
9
13
32
26
19
26
7
7
32
17
15
25
0
5
14
15
32
15
36
25
25
29
4
26
32
34
29
33
24
21
16
22
27
17
21
29
29
15
25
12
6
19
-15
0
6
3
17
20
20
20
19
23
24
9
16
13
21
5
10
13
9
24
26
19
18
4
12
9
-5
25
11
18
10
12
12
4
10
-2
13
23
12
9
2
3
-1
3
17
12
1
1
-7
-1
-16
-20
-7
-23
-23
-18
-1
-13
4
-4
0
18
13
5
3
-1
-2
2
-1
-5
-2
12
8
-15
-15
-33
-22
-11
-19
9
-5
-14
10
-8
15
-2
18
16
-4
18
5
17
0
1
-1
-8
2
0
8
7
15
25
22
20
32
29
28
20
13
17
21
5
9
20
-2
24
15
12
16
-4
6
-2
-15
-1
-4
7
26
18
36
9
28
29
21
22
10
2
-7
2
1
-10
-21
-8
-21
-29
-27
-13
-15
-21
-6
-17
-4
-12
-8
-9
-15
5
21
0
24
20
6
-1
-6
-13
-9
0
-1
-27
-20
12
-11
3
3
2
15
4
13
2
2
7
11
21
20
10
14
0
3
4
6
25
-3
2
2
4
0
12
5
-19
1
-2
14
16
11
13
-6
0
21
12
7
-1
-1
-8
-8
-15
-21
-15
-20
-18
-12
-12
-4
11
2
3
8
-1
7
10
6
21
-5
1
3
-9
2
6
6
-4
-11
-3
-3
-6
5
5
-8
0
-2
-9
-8
-10
12
27
17
15
7
-2
0
4
3
-3
5
11
12
-7
2
-4
-12
4
17
8
4
-3
-3
8
8
10
5
4
-7
-10
8
2
-1
1
6
-5
-12
5
-8
-5
1
-9
11
9
6
2
10
16
18
7
1
17
0
-20
-7
-6
11
19
3
6
15
-1
7
18
8
11
-3
-6
5
7
23
-2
4
6
12
1
8
-1
-13
-1
-14
4
-17
-2
-8
-9
-20
-29
-15
-16
-12
1
-5
15
1
-22
-23
-12
-18
-26
-20
-25
-9
-17
-27
-18
-25
-21
-13
-17
-10
-14
1
-14
-17
-5
0
-18
-16
-8
-11
-8
-3
-7
-9
-15
-2
-7
2
-6
-7
-2
-13
13
-16
-1
2
-2
-3
-14
-23
-3
-18
-24
2
2
-8
-2
2
3
0
-13
-3
-5
-4
3
-9
-1
9
-16
0
-3
-1
11
-12
-15
-20
-14
-14
-12
-27
-13
-7
-14
-6
-7
-14
-2
14
15
10
11
19
8
22
11
0
10
9
2
14
-1
11
11
14
23
7
16
2
10
19
-9
5
12
14
16
13
14
11
3
-9
5
1
9
3
7
15
4
11
-1
15
18
12
17
2
0
8
2
21
35
20
38
33
35
21
20
18
16
16
18
20
3
26
34
47
50
34
35
25
27
38
38
35
29
26
14
27
36
20
15
28
30
34
20
31
35
42
38
39
41
26
35
31
31
36
34
20
20
24
28
44
25
20
14
13
24
23
26
11
34
26
23
23
20
17
14
6
14
19
21
23
11
17
6
15
20
4
9
10
6
7
16
7
8
22
1
0
25
10
13
19
4
12
9
5
0
14
13
14
20
18
30
23
31
26
19
30
39
16
29
28
16
21
18
18
1
12
14
23
15
20
10
16
21
16
22
24
12
12
5
20
20
9
12
8
12
4
3
23
34
5
15
7
15
12
11
4
-10
9
-3
-1
-1
7
-2
3
7
20
26
9
26
25
21
9
-8
3
15
16
-6
26
22
-2
20
16
28
6
10
17
12
24
22
11
12
31
6
5
6
7
10
10
26
16
26
40
27
16
20
5
8
1
2
22
10
9
-5
-9
-11
-13
8
6
10
23
10
19
15
9
17
3
7
-8
-5
4
-1
7
-8
2
22
10
3
-2
5
14
12
4
-1
8
-14
1
13
-2
3
13
15
8
11
9
31
18
20
11
19
6
-5
3
3
-7
7
11
16
12
3
26
40
32
38
28
15
29
16
14
4
21
24
18
30
34
27
33
32
28
44
34
29
35
32
9
15
29
32
20
26
35
27
33
28
20
15
20
29
23
20
18
10
13
18
19
5
15
16
8
13
31
33
38
38
36
36
57
48
38
34
30
45
29
12
24
13
15
41
25
23
27
23
29
22
37
22
40
32
20
13
7
17
9
30
34
49
51
41
37
48
24
36
37
23
25
31
26
17
16
34
21
25
43
30
38
46
38
59
77
69
67
69
75
63
58
66
65
64
63
65
57
76
56
62
54
51
60
44
75
71
68
75
79
64
72
90
91
79
90
81
76
81
75
85
79
72
63
59
49
50
72
66
61
77
69
65
81
80
82
87
69
65
62
63
60
62
38
50
52
33
59
52
44
62
83
66
79
66
64
72
64
58
57
59
56
70
65
74
65
79
62
47
61
67
55
61
79
62
69
67
72
67
76
75
68
79
84
82
90
77
88
89
79
82
79
70
85
90
64
77
68
76
86
84
78
74
91
87
87
69
52
50
51
50
49
44
47
57
57
52
50
49
53
58
46
54
58
46
37
36
36
41
41
50
44
46
53
29
19
39
34
23
38
52
40
43
33
40
23
24
36
36
20
36
39
37
62
43
46
45
32
35
31
41
28
30
33
19
45
28
26
33
28
32
48
50
42
37
43
35
38
57
45
26
33
39
37
39
43
45
49
49
50
47
53
50
38
44
36
32
41
31
36
38
41
57
60
60
48
47
58
65
52
55
67
53
63
58
55
39
45
57
36
47
57
62
57
50
50
62
58
58
53
55
43
39
49
50
49
45
48
48
38
58
52
67
62
46
56
54
60
61
46
58
57
48
41
23
59
55
52
53
70
52
65
62
39
50
43
38
39
56
44
43
38
49
67
65
73
72
67
75
72
69
79
60
56
49
58
70
56
42
54
60
59
52
60
62
66
74
57
62
67
64
68
60
63
72
59
57
59
85
73
72
71
67
53
55
81
73
76
82
65
75
66
67
69
57
62
77
69
66
75
57
70
71
73
54
58
66
45
42
44
54
47
60
58
72
58
57
56
48
59
56
56
47
44
50
67
54
60
62
62
53
53
60
47
65
49
33
38
40
35
48
48
43
36
42
38
49
60
44
48
61
46
69
51
57
52
44
55
69
63
46
57
65
53
60
60
41
52
50
60
45
38
39
47
41
40
37
28
30
33
44
42
34
44
44
33
36
22
29
28
36
23
17
30
34
45
37
41
28
30
37
44
30
25
24
26
25
23
26
9
9
10
23
17
32
42
36
51
25
34
30
16
32
14
27
2
-3
5
9
5
2
11
-16
-18
-11
-18
7
4
-18
-4
-30
-20
-22
-17
-19
-27
-6
-19
1
-14
-33
-26
-26
-13
-12
5
-11
-13
-14
-20
-4
-8
-15
-17
-4
-33
-32
-22
-36
-50
-47
-45
-43
-45
-51
-37
-43
-40
-39
-50
-49
-39
-35
-31
-17
-21
-14
-24
-36
-24
-25
-27
-35
-28
-53
-45
-38
-56
-44
-35
-60
-52
-48
-65
-63
-53
-50
-51
-47
-57
-49
-41
-39
-48
-59
-66
-62
-54
-59
-61
-52
-50
-59
-68
-58
-54
-60
-49
-63
-47
-49
-57
-55
-70
-59
-64
-63
-63
-82
-67
-88
-78
-80
-84
-74
-81
-68
-68
-69
-81
-76
-81
-79
-66
-70
-76
-72
-74
-76
-63
-81
-79
-78
-90
-83
-83
-84
-85
-103
-99
-106
-105
-91
-109
-85
-95
-93
-85
-101
-96
-80
-94
-87
-79
-94
-75
-101
-103
-102
-94
-79
-91
-82
-98
-93
-93
-104
-98
-97
-92
-98
-101
-119
-104
-111
-118
-104
-102
-96
-116
-105
-99
-127
-118
-117
-116
-102
-119
-115
-107
-109
-96
-102
-120
-118
-121
-121
-118
-139
-104
-115
-119
-121
-123
-116
-120
-118
-125
-119
-119
-128
-132
-117
-113
-120
-118
-126
-134
-126
-131
-111
-127
-117
-114
-141
-122
-136
-119
-104
-114
-118
-121
-118
-109
-96
-101
-109
-95
-107
-107
-102
-109
-121
-123
-113
-118
-106
-109
-107
-87
-97
-96
-82
-78
-77
-78
-87
-90
-106
-102
-94
-83
-81
-90
-83
-85
-97
-95
-91
-101
-100
-88
-87
-96
-89
-104
-101
-92
-91
-97
-105
-83
-83
-103
-109
-92
-98
-88
-89
-91
-90
-101
-107
-103
-109
-101
-109
-111
-96
-84
-98
-88
-75
-98
-82
-88
-96
-97
-81
-82
-102
-92
-92
-94
-82
-80
-86
-73
-64
-63
-75
-70
-69
-71
-65
-69
-79
-66
-73
-86
-73
-65
-62
-68
-65
-73
-60
-55
-57
-60
-64
-63
-59
-68
-54
-57
-81
-68
-88
-83
-78
-71
-83
-85
-75
-71
-73
-69
-71
-97
-86
-87
-72
-93
-108
-92
-81
-90
-95
-87
-100
-85
-87
-96
-83
-94
-89
-83
-96
-87
-86
-74
-86
-86
-71
-76
-73
-75
-68
-68
-59
-70
-71
-72
-66
-69
-62
-69
-77
-56
-50
-36
-40
-50
-40
-33
-21
-25
-37
-28
-29
-18
-15
-34
-30
-15
-30
-26
-31
-42
-45
-43
-32
-30
-32
-37
-43
-26
-30
-43
-25
-24
-23
-13
-18
-10
-18
-27
-34
-31
-35
-44
-42
-30
-26
-40
-41
-50
-55
-40
-37
-28
-45
-45
-49
-46
-17
-27
-13
-17
-21
-7
-20
-17
-26
-32
-32
-41
-17
-10
-16
-2
-10
-23
-14
-10
-7
0
-20
-14
-11
-4
2
-5
-11
-6
-3
-18
-11
-6
-10
-5
-7
-17
-3
15
8
9
7
-5
15
-3
7
15
10
4
20
0
-10
4
3
18
8
23
15
16
9
12
18
-2
11
12
5
13
13
9
7
3
1
-7
2
-8
-10
-5
-14
-3
1
10
2
-3
9
4
-2
-10
-7
4
4
7
-8
3
11
3
-5
2
0
-2
3
-15
8
6
8
3
14
13
12
34
7
13
15
36
21
18
35
28
30
33
25
31
8
9
17
16
22
16
24
15
36
56
51
31
40
47
47
48
48
54
43
39
38
32
41
43
29
42
37
24
36
28
30
36
35
41
40
37
41
50
39
37
47
38
47
32
18
32
28
23
35
21
27
26
30
36
33
43
31
34
25
36
32
40
35
46
50
41
41
33
31
35
30
33
37
36
46
33
32
30
30
43
45
48
61
56
52
64
57
33
41
35
34
34
42
51
28
44
48
31
35
35
52
58
46
59
64
51
57
43
42
51
62
56
55
56
58
72
48
51
65
51
61
68
64
65
70
59
69
68
66
57
58
71
60
56
58
73
59
63
64
63
55
61
76
61
46
74
70
64
74
78
72
61
54
69
58
56
54
25
51
56
54
48
46
42
37
42
42
45
45
45
52
61
55
41
52
49
50
62
48
42
46
51
49
37
35
43
43
43
45
45
61
46
43
53
47
47
69
72
59
70
58
54
49
43
60
37
59
54
31
27
37
38
66
52
54
49
60
64
60
74
50
64
55
62
52
52
57
45
54
40
34
42
33
31
27
32
28
35
41
56
57
43
39
44
42
20
35
33
44
36
22
40
39
28
26
33
32
30
34
24
30
26
35
35
42
49
32
40
33
53
53
46
42
34
31
50
36
18
17
9
-12
-9
6
2
6
9
20
22
24
30
41
36
32
33
31
37
31
28
20
12
18
22
19
15
16
8
6
13
20
9
33
18
15
32
11
10
25
19
14
15
18
28
21
15
28
27
25
15
0
20
29
35
16
16
24
14
3
-1
4
5
4
10
1
-13
-2
-8
-19
-12
-6
-15
-23
-26
-35
-31
-36
-29
-30
-17
-11
-14
-7
-6
-20
-2
5
2
-21
-10
-25
-23
-32
-38
-28
-37
-16
-8
-14
-23
-5
3
-9
-12
-25
-21
-18
-21
-31
-14
-5
-26
-35
-23
-12
-29
-20
-21
-21
-29
-10
-16
-26
-27
-18
5
-16
8
0
-2
-7
-8
-5
-1
8
-5
-4
-15
-5
-11
-18
-17
-9
-20
-20
-10
-20
-31
-23
-22
-19
-22
-12
-16
-5
-3
8
-11
-19
-11
-30
-24
-33
-38
-44
-29
-36
-48
-30
-48
-41
-34
-47
-34
-30
-30
-23
-25
-9
-34
-32
-20
-13
-21
-31
-23
-41
-52
-41
-25
-43
-29
-41
-38
-50
-40
-18
-43
-23
-22
-21
-25
-5
-17
-23
-35
-36
-29
-20
-30
-28
-46
-62
-40
-51
-39
-42
-54
-38
-48
-40
-38
-38
-37
-40
-26
-32
-29
-37
-37
-50
-46
-44
-48
-39
-49
-59
-44
-43
-55
-34
-45
-45
-39
-46
-54
-41
-37
-53
-61
-46
-40
-59
-61
-46
-45
-54
-50
-51
-51
-66
-65
-50
-47
-59
-42
-50
-67
-55
-59
-53
-57
-58
-52
-39
-53
-61
-53
-41
-61
-43
-44
-54
-46
-42
-39
-33
-31
-34
-34
-37
-16
-29
-12
-16
-18
-11
-11
-23
-33
-14
-18
-14
-4
-15
-18
-1
-12
-13
-11
-5
-11
-6
-2
0
2
-25
-19
-9
-23
-13
-7
-10
-4
-25
-18
0
-5
-10
-14
-13
-16
-14
3
-10
-4
4
1
-11
-1
-9
-18
-14
-5
-10
-13
-10
-8
-6
-14
-9
-9
-22
-16
-8
-22
-13
-15
-17
2
-12
3
0
8
-3
-4
9
6
14
6
2
7
9
-15
-16
-15
-1
2
10
16
4
12
4
20
27
28
32
28
37
31
34
39
42
37
57
65
40
31
55
49
54
34
45
42
49
55
54
75
65
66
59
60
58
65
65
64
37
54
42
47
52
48
59
33
56
54
53
48
64
64
58
77
49
68
66
64
56
52
59
53
63
49
51
52
44
66
59
58
63
55
77
76
74
59
67
54
66
57
57
73
60
77
62
53
57
54
58
59
55
49
55
64
50
52
62
73
58
62
62
52
66
60
81
74
71
64
62
65
54
69
52
59
56
60
78
80
81
99
82
75
97
84
84
79
68
66
78
85
73
83
90
84
82
81
64
89
110
102
114
95
84
93
95
90
92
101
94
85
77
77
86
94
77
100
92
99
95
91
104
88
100
93
94
101
120
91
101
100
102
108
94
97
94
98
93
93
90
111
89
102
118
104
93
106
117
124
132
122
133
130
130
141
134
135
142
135
133
131
124
117
113
114
104
115
118
125
121
110
129
120
114
111
121
117
116
115
121
97
114
117
117
125
107
112
113
121
121
129
130
119
114
120
119
126
121
129
125
115
119
130
125
114
127
123
107
100
92
92
108
106
108
111
119
112
117
110
118
120
122
121
113
115
110
114
109
115
128
121
106
113
118
104
107
91
118
105
99
106
104
97
99
123
129
127
117
131
123
125
145
128
134
135
137
150
160
159
144
153
147
157
149
128
145
134
138
146
134
149
131
134
137
144
139
141
154
131
144
149
129
131
138
141
146
145
137
131
152
146
141
142
138
130
119
128
119
109
113
114
109
106
115
112
109
120
105
100
97
100
112
99
103
105
99
92
81
107
110
89
109
108
103
109
96
80
101
87
95
100
94
108
99
100
102
109
107
113
98
101
93
92
97
91
92
97
104
109
100
101
122
106
111
115
105
129
113
109
116
105
101
107
98
101
113
100
108
102
95
86
89
89
90
93
82
85
86
112
97
87
86
85
84
77
86
74
70
73
91
81
105
84
69
88
73
87
87
95
89
70
89
86
84
80
86
79
80
82
64
71
79
87
64
71
76
81
91
90
94
97
89
80
63
72
71
74
75
65
79
78
67
63
67
56
62
62
56
60
70
70
70
66
70
74
60
76
60
82
61
48
50
51
53
51
51
47
64
54
70
58
62
51
49
47
50
48
59
49
42
44
37
47
34
29
25
25
25
21
22
26
26
23
17
31
34
27
33
35
28
28
36
22
24
28
21
28
17
17
5
18
15
10
18
5
9
10
21
7
17
12
12
23
3
7
-1
13
8
3
-1
-9
0
1
-13
-8
9
0
22
1
7
12
8
14
10
-1
-5
5
2
9
5
3
19
13
-1
-1
2
12
-3
-3
6
3
5
14
10
9
17
10
8
13
2
-7
2
6
3
-1
-12
-13
1
2
-13
2
5
7
12
27
25
11
21
5
13
16
6
5
22
0
-4
4
13
18
0
-1
-10
1
-2
-13
-10
-9
1
9
-4
-16
-25
-11
-23
-21
-8
-11
-13
-5
-5
-27
-25
-29
-12
-31
-13
-12
-12
-6
-20
-14
-17
-9
-25
-19
-20
-29
-32
-26
-10
-16
-11
-13
-28
-17
-13
-14
-8
-10
1
-12
1
-9
-23
-24
-21
-1
5
7
-13
-3
-23
-16
-18
-22
-21
-27
-25
-24
-32
-12
-1
-17
5
-11
-14
-25
-21
-11
-8
-14
-15
-15
-2
-5
-3
13
-14
12
19
-1
1
-3
-24
-15
1
-13
3
-6
-18
-9
-23
-7
-11
-7
-4
-11
-11
-4
-14
-14
-10
-21
-13
-4
2
-19
10
-7
-25
-7
-16
-23
-13
-19
-12
-8
-28
-10
-22
-19
-25
-2
-1
-18
-14
-23
-14
-17
-10
-12
-17
-17
-22
-13
-16
-7
-5
-19
-27
-21
-34
-35
-20
-25
-11
-2
-16
2
-7
-11
-12
-20
-2
-5
-11
-25
-9
-13
-17
-12
-17
-21
-17
-17
-34
-21
-14
-26
-22
-21
0
-22
-11
-15
-26
-15
-21
-15
-25
-23
-35
-33
-31
-41
-34
-41
-44
-25
-26
-44
-33
-44
-36
-35
-33
-34
-45
-43
-39
-43
-56
-52
-67
-48
-61
-65
-60
-57
-57
-65
-64
-58
-39
-57
-58
-58
-42
-45
-60
-53
-55
-51
-51
-37
-44
-47
-48
-49
-49
-39
-42
-41
-36
-27
-18
-13
-22
-36
-31
-28
-39
-48
-36
-35
-26
-41
-44
-37
-32
-39
-36
-47
-41
-35
-46
-41
-39
-35
-49
-47
-44
-45
-57
-46
-36
-27
-29
-44
-29
-32
-33
-35
-39
-37
-51
-43
-44
-53
-59
-41
-53
-48
-41
-56
-56
-56
-52
-54
-38
-46
-70
-66
-64
-69
-66
-66
-66
-73
-70
-66
-51
-49
-65
-57
-71
-57
-51
-68
-63
-84
-75
-90
-77
-72
-85
-82
-86
-84
-72
-71
-74
-78
-71
-86
-81
-78
-80
-61
-69
-75
-68
-82
-91
-71
-64
-80
-74
-73
-81
-61
-76
-68
-83
-75
-83
-90
-75
-85
-80
-80
-70
-74
-77
-90
-84
-80
-90
-76
-74
-83
-89
-97
-92
-87
-78
-72
-76
-92
-83
-72
-89
-83
-70
-72
-77
-88
-77
-80
-83
-72
-92
-91
-86
-78
-69
-60
-83
-82
-75
-67
-72
-65
-71
-75
-66
-76
-71
-72
-68
-70
-64
-56
-64
-68
-63
-48
-74
-55
-56
-49
-56
-68
-51
-60
-56
-58
-45
-44
-48
-59
-70
-54
-47
-45
-57
-44
-51
-40
-42
-47
-46
-43
-39
-29
-47
-49
-31
-48
-39
-35
-35
-33
-24
-19
-29
-28
-23
-23
-23
-23
-29
-30
-16
-46
-36
-29
-47
-33
-27
-39
-47
-50
-29
-33
-39
-34
-33
-27
-33
-32
-23
-32
-25
-27
-44
-23
-42
-47
-21
-24
-37
-31
-37
-26
-30
-41
-35
-28
-24
-16
-30
-31
-10
-26
-26
-26
-29
-35
-23
-15
-14
-5
-19
-12
-21
-15
-13
-24
-28
-13
4
-20
-5
4
-7
-13
-4
-24
-1
-8
-18
-8
-8
-14
-17
-16
-18
-12
-2
-7
-16
-12
2
-3
3
-16
-16
2
-14
-6
-18
-6
-5
-15
-14
-12
-18
-13
-23
-1
4
-3
-9
-1
2
-18
-3
-22
-9
-4
-9
-6
-7
-32
-30
-17
-13
-18
-28
-39
-36
-27
-26
-25
-31
-30
-38
-30
-28
-43
-49
-33
-24
-38
-23
-34
-28
-28
-37
-21
-38
-25
-34
-26
-36
-40
-34
-33
-29
-25
-23
-32
-36
-46
-60
-44
-50
-58
-49
-41
-49
-50
-51
-54
-41
-63
-46
-51
-61
-35
-30
-51
-76
-64
-74
-76
-68
-76
-57
-76
-67
-64
-75
-71
-74
-65
-67
-88
-81
-66
-61
-79
-70
-71
-72
-70
-71
-68
-76
-54
-66
-74
-72
-78
-71
-71
-79
-87
-81
-70
-77
-70
-78
-71
-74
-73
-69
-71
-63
-55
-60
-68
-80
-71
-76
-81
-69
-71
-61
-70
-73
-62
-63
-66
-62
-70
-51
-61
-39
-43
-51
-32
-13
-43
-40
-38
-51
-47
-43
-22
-47
-41
-43
-49
-37
-49
-46
-40
-40
-48
-46
-52
-50
-45
-48
-46
-64
-66
-60
-59
-58
-72
-60
-62
-62
-66
-67
-68
-88
-84
-51
-70
-69
-71
-69
-73
-64
-64
-58
-55
-65
-66
-70
-47
-50
-48
-56
-41
-42
-41
-39
-33
-56
-48
-40
-46
-35
-52
-43
-42
-43
-35
-24
-56
-38
-35
-25
-28
-26
-40
-40
-36
-41
-22
-34
-36
-33
-38
-38
-40
-56
-48
-43
-37
-41
-49
-46
-46
-41
-44
-40
-28
-41
-48
-54
-33
-42
-41
-41
-45
-41
-33
-24
-28
-37
-40
-24
-41
-34
-24
-27
-25
-31
-39
-48
-35
-33
-44
-27
-35
-36
-27
-31
-19
-39
-31
-29
-45
-44
-17
-32
-27
-13
-26
-26
-27
-31
-34
-19
-24
-25
-12
-21
-16
-14
-31
-32
-30
-26
-23
-19
-31
-12
-12
-23
-15
-24
-21
-18
-23
-27
-16
-13
-6
-20
-13
-6
-6
-2
-3
-26
-19
-26
-25
-11
-19
-15
-7
-15
-22
-10
-14
-18
-14
4
-17
-18
-24
-12
-11
-4
2
-16
-14
-23
-10
-28
-34
-27
-25
-25
-24
-38
-45
-45
-18
-25
-27
-24
-21
-4
-13
-22
-25
-36
-19
-26
-37
-27
-31
-25
-32
-23
-28
-36
-40
-40
-32
-34
-38
-35
-42
-46
-37
-43
-44
-38
-42
-40
-34
-30
-40
-45
-58
-49
-37
-24
-29
-45
-36
-51
-38
-44
-49
-29
-29
-37
-37
-32
-17
-28
-30
-29
-39
-23
-35
-22
-49
-40
-38
-41
-42
-21
-27
-52
-40
-20
-30
-43
-27
-44
-50
-44
-44
-43
-50
-50
-41
-52
-54
-44
-44
-53
-53
-67
-56
-49
-42
-51
-45
-51
-41
-64
-61
-54
-56
-30
-46
-27
-26
-38
-45
-44
-45
-49
-40
-32
-31
-38
-49
-40
-39
-36
-40
-45
-47
-48
-42
-32
-30
-32
-37
-53
-37
-48
-51
-50
-53
-56
-54
-40
-57
-40
-39
-25
-34
-38
-36
-29
-37
-40
-42
-49
-46
-39
-34
-41
-24
-30
-34
-34
-40
-30
-28
-28
-37
-41
-32
-45
-40
-36
-41
-25
-14
-9
-30
-17
-4
-7
3
-5
-10
-2
-2
9
14
-5
2
12
14
-1
-2
-12
5
7
0
3
-4
8
2
4
8
3
16
3
-3
6
8
5
3
2
9
0
-3
5
1
-9
11
11
-5
11
-4
13
-2
-15
-13
-6
6
-7
-10
0
-14
-9
3
-13
2
0
-9
-16
-11
-9
-10
6
-8
-8
6
2
-2
13
6
-8
-15
-8
5
1
-5
6
-5
-11
7
-1
-6
-6
3
6
10
17
15
5
10
13
10
12
0
2
-4
-1
-3
-19
-9
-21
-22
-14
-19
-16
-1
-3
10
-13
-21
-12
-12
-4
-6
0
-22
-20
-9
-16
-14
-22
-16
-7
-29
-23
6
5
2
-17
-23
-11
-3
0
14
-7
11
11
6
11
5
21
12
20
6
0
11
0
-9
3
6
2
2
12
4
-11
9
12
0
8
14
-7
0
5
-3
17
11
4
19
15
16
-9
-8
9
-6
24
10
17
12
17
30
16
16
22
22
20
20
13
22
8
7
20
29
21
18
23
6
18
11
9
0
9
15
-4
15
18
13
18
8
20
11
1
9
10
18
22
29
14
9
3
-5
17
-2
-14
-5
-6
8
0
7
3
0
5
4
5
-3
-12
-15
-2
11
27
-4
8
13
-6
-8
2
15
-4
4
8
16
16
27
11
8
23
10
6
19
3
3
12
8
-2
13
-3
-1
6
-3
-5
11
-1
-7
-8
-8
18
9
13
8
0
5
25
12
19
6
10
27
-1
12
2
6
4
19
3
6
0
-2
8
9
15
17
27
3
11
8
2
7
5
2
4
-14
2
-1
16
5
-17
14
8
18
20
21
12
11
16
21
28
12
9
0
17
36
14
15
17
18
23
32
29
25
14
14
21
7
15
13
10
16
23
9
29
27
29
19
19
24
-2
10
8
8
16
6
12
-1
-17
-7
3
-14
-19
-13
-12
-1
-13
-17
-29
-13
0
5
18
15
13
6
-13
-5
0
-7
-6
10
7
-4
-1
-16
-2
10
-6
-8
-11
-10
-13
-12
3
1
3
4
10
-1
18
21
25
26
22
27
28
17
22
35
43
39
40
43
44
55
41
53
49
49
46
48
51
52
58
38
40
39
41
49
43
60
67
68
62
57
53
53
41
37
56
61
60
62
58
58
52
61
63
83
63
69
80
68
71
58
64
61
53
55
43
48
69
34
36
48
47
56
46
39
56
37
55
63
42
48
56
52
54
56
46
49
48
45
51
53
50
45
39
46
43
41
52
54
42
53
46
45
47
52
59
59
34
52
55
49
36
46
51
46
56
29
35
39
30
27
24
29
34
44
50
53
39
35
37
38
54
56
42
46
48
32
29
27
37
23
19
23
14
22
14
13
18
26
25
36
24
35
24
13
29
29
22
39
34
30
23
23
38
34
16
22
30
36
42
49
31
23
50
42
21
19
31
44
40
46
30
37
55
41
41
54
30
42
45
40
40
28
46
57
54
42
60
51
62
54
34
53
31
56
52
40
43
48
55
50
54
57
40
54
62
46
39
29
55
46
33
46
36
29
39
53
37
33
24
20
35
31
30
39
19
8
20
17
16
26
28
17
30
35
21
31
24
38
24
24
28
18
32
23
17
6
13
20
12
12
14
11
11
14
22
15
10
15
-1
11
17
-5
10
14
17
5
21
22
19
5
5
3
-1
12
-8
0
1
-3
3
-4
12
21
-3
12
9
12
9
6
5
18
21
5
2
-2
6
23
15
5
31
25
22
22
31
29
27
31
23
16
9
17
9
24
28
34
23
15
25
6
-5
23
21
30
30
-11
9
26
21
15
19
27
19
11
18
12
7
11
17
19
19
21
7
25
11
22
28
32
30
23
44
40
23
44
46
50
32
20
27
41
28
33
28
35
52
52
51
36
38
41
51
62
68
55
67
63
73
64
49
63
73
59
34
48
41
42
36
34
60
37
53
59
52
50
48
60
55
61
80
79
64
74
83
64
49
57
56
56
73
57
37
60
57
41
45
48
31
36
45
49
50
39
55
47
40
26
32
41
40
51
23
52
44
47
35
30
41
25
34
50
38
45
47
28
36
34
44
17
37
41
27
33
33
53
26
18
28
28
38
29
40
29
31
47
44
33
55
55
39
59
40
39
39
49
27
28
62
26
19
31
23
9
26
44
12
20
38
18
15
28
47
30
41
58
44
25
37
38
37
31
13
27
34
40
16
30
32
10
27
17
30
9
19
34
26
32
23
18
-3
35
9
7
5
-13
39
32
5
19
32
11
17
20
19
33
10
11
-5
-15
2
2
6
-9
0
9
15
4
-19
13
23
-8
-3
-2
-16
-4
4
-16
-23
-10
-7
-26
-7
-11
-21
-21
0
-3
-31
-6
-6
-26
-17
-25
10
-9
-6
11
-22
4
-19
5
-3
0
1
-29
-8
-12
-3
-14
14
-12
-22
6
6
5
-4
15
12
-10
22
-13
-24
13
4
-4
11
16
8
5
30
11
14
20
6
-7
18
27
6
6
26
15
2
9
2
17
6
-12
27
40
21
3
18
12
19
-7
43
39
15
48
30
26
22
87
-5
41
24
-6
50
30
11
16
35
13
13
40
37
-8
14
52
19
39
43
28
52
53
30
50
47
27
39
40
20
35
58
28
19
27
32
10
19
56
30
36
47
29
33
47
27
19
21
52
3
8
41
27
19
27
38
10
39
61
11
3
71
47
-8
13
32
-2
-6
42
17
18
40
22
4
58
45
37
53
44
60
19
67
45
36
51
25
32
8
41
11
32
37
57
47
6
56
22
23
36
36
-9
66
19
18
28
10
39
-25
42
31
14
51
11
-5
21
12
30
36
-7
21
23
3
-18
24
38
-31
38
9
-4
27
6
30
0
-3
54
4
1
47
23
32
-13
26
28
-19
14
2
-3
42
8
29
26
-17
4
24
38
-1
-22
-15
18
41
-14
-6
42
-19
-17
42
-17
27
31
-45
44
-19
23
-14
-38
19
-4
-62
0
39
-67
-1
32
-56
24
-32
-17
47
-32
-12
15
-78
63
-35
-19
33
-83
13
-6
-72
-14
1
-55
-33
-10
-31
0
-36
27
-2
-58
34
-3
-43
20
32
-54
33
3
-38
8
-17
-14
-36
3
7
-63
-12
11
-67
-40
7
-44
-53
-7
-61
-18
28
-53
1
-12
-11
10
-33
-15
-5
-24
-23
-41
-55
2
-64
-38
-27
-27
-48
-66
-18
6
-118
-13
-1
-94
-8
-53
-41
-53
-31
-23
-65
-30
10
-76
-55
-22
-68
-18
-29
-34
-14
-53
-1
-30
-44
9
-29
-67
-15
-33
-24
-36
-62
-2
-66
-51
45
-29
-40
15
-15
-50
-23
-7
2
-19
-10
-26
-9
-24
-52
14
-52
21
-57
-23
-45
-21
-25
-103
-9
-70
-70
-73
1
-67
-82
-19
-59
-10
-58
-75
25
-29
-34
-40
11
-33
-25
-44
-30
23
-99
12
14
-74
48
-31
12
-68
-26
35
-129
48
-81
-51
4
-94
17
-59
-18
-46
-47
8
-108
3
-56
-30
9
-94
25
22
-103
13
-13
-62
53
-48
-35
37
-71
-21
21
-54
-7
-13
7
-35
-36
29
-67
-33
-49
-27
-32
-57
21
-53
53
-5
-48
50
18
-28
-5
5
32
-34
-44
66
-43
9
-26
-1
-13
-55
30
13
-20
2
44
-49
74
-10
-9
80
-73
78
-11
-12
57
-74
85
-14
-6
54
1
36
-7
80
-23
39
17
-30
39
-25
35
-53
55
-24
-45
57
-94
75
-25
-1
18
-10
-20
-30
30
-28
10
-16
25
17
-21
-8
6
-42
-7
-38
-61
-5
-69
21
-75
-70
14
-59
-2
-86
-9
-72
10
-33
-59
35
-93
-10
-68
-27
-32
-35
-23
-11
-31
-14
-37
-5
-40
-7
-25
-20
-13
-84
47
-109
3
-16
-53
-45
-16
-46
3
-40
-18
-62
-15
-8
-39
-15
-71
26
-113
-37
-27
-70
-49
-63
-70
11
-77
-13
-17
-40
-64
47
-20
-69
-5
-63
-42
-23
-17
-26
-19
6
-42
-27
-5
-5
-64
-66
15
-108
2
-56
-79
21
-88
-40
-31
-48
-26
-53
-23
3
-36
-39
-38
-25
-37
-65
-9
-48
-130
18
-126
-40
-68
-81
19
-106
-47
-53
11
-63
-63
-40
-57
-75
-34
-121
10
-113
-90
-72
-45
-77
-108
-22
-91
-41
-77
-17
-64
-72
-7
-78
-87
-12
-69
-49
-82
-31
-38
-5
-83
-29
-6
-111
-12
-51
-78
-45
-116
-14
-58
-127
75
-181
39
-49
-101
23
-84
-16
-77
12
-72
5
-25
2
-47
-59
36
-106
9
-67
-65
-3
-44
-77
-40
7
-145
42
-105
-77
5
-119
-17
-104
-27
-83
-62
-6
-95
-109
65
-128
-62
33
-106
10
-28
-25
7
-84
21
-41
-76
7
-121
-23
-16
-83
-57
7
-24
-63
4
35
-62
-18
38
-62
32
-57
27
-6
-99
88
-95
-18
7
-34
-49
-29
63
-75
37
6
-7
22
-33
-8
78
-112
15
44
-29
13
-69
13
-8
-17
29
22
-67
6
-15
-63
-19
-54
32
-50
-29
52
-38
-122
98
-92
-55
80
-60
60
-115
63
21
-107
126
-87
-96
140
-173
-26
15
-103
7
-82
5
39
-115
-32
82
-197
16
-3
-35
-102
-16
74
-159
15
-40
-69
-115
30
46
-141
121
-40
-37
88
-96
65
-87
22
-25
-99
80
-75
-23
66
-70
-30
63
-38
-14
43
-33
-48
-14
-19
-35
26
-26
-20
0
-26
-29
-37
-35
-43
-120
-18
-56
-64
-47
-90
16
-22
-88
86
-92
44
32
-30
140
-94
86
28
31
36
32
52
-44
51
-68
4
-42
3
-85
-36
29
-117
-7
74
-87
-53
96
-96
-39
-10
-3
-22
-29
17
45
-95
68
5
-87
125
-141
12
12
-71
52
-49
-15
51
-41
-11
112
-128
104
-47
-83
76
-150
105
-133
5
17
-141
76
-38
24
9
-45
15
0
-4
3
-3
13
46
-30
13
67
-107
-83
53
-69
-36
59
3
-30
-18
-66
-14
-26
-25
45
-36
-53
-27
27
-99
-77
-2
-77
6
-3
-16
86
-101
-58
23
50
-44
-12
122
-116
115
-57
-41
93
-137
70
34
-72
110
-52
52
-147
53
33
-249
187
-125
-10
66
-90
-5
-65
45
-40
-4
-3
-57
69
-99
-37
159
-179
95
57
-159
101
4
-56
-11
-24
71
-50
91
10
-38
-4
26
31
-33
-10
5
37
-122
41
27
-144
28
-7
-71
21
-24
61
-155
-3
51
-110
60
77
-50
66
-26
-33
39
-120
109
-58
-43
124
-3
-115
67
12
7
1
30
109
-150
130
-7
-83
57
-7
47
-100
-22
15
-94
-43
20
-58
-73
32
-53
20
-155
129
-85
-123
94
-94
17
-147
159
-117
-81
34
8
-21
-157
217
-167
-61
146
22
-124
-41
215
-154
-55
177
-74
-82
56
75
-258
-20
178
-294
34
177
-195
1
53
7
-61
62
74
-54
55
-38
16
-118
87
-79
-45
211
-174
119
-6
28
7
-88
232
-151
206
23
-77
136
-39
90
-29
124
74
-56
92
-5
23
32
15
49
-4
48
-28
59
38
-68
49
-3
-23
26
100
-162
113
-36
-103
98
-81
129
-31
0
174
-5
34
124
12
115
26
148
103
50
103
68
33
17
171
-31
40
62
9
-33
153
29
-117
268
-95
54
126
4
205
-67
60
55
-26
101
-18
108
91
-137
203
-69
42
134
-102
112
54
45
41
79
88
-3
-21
275
-42
-94
308
-39
-31
132
78
19
-126
280
9
-70
282
-77
-57
128
74
21
-26
166
-5
-108
142
90
-77
11
234
-98
-25
224
-17
-55
121
-6
4
37
59
-69
73
-50
44
-34
22
53
-158
191
67
-62
100
38
-7
-24
22
76
-99
118
39
101
45
64
184
-110
191
118
-11
242
122
29
2
234
-203
-23
175
-23
-143
75
99
-368
230
-150
-34
153
-32
-3
-5
69
-72
13
84
111
-3
232
71
111
108
20
202
72
201
32
-11
159
-169
97
91
-159
195
-114
23
43
-120
86
-125
11
26
6
32
105
-108
-17
151
-135
-48
256
-21
-119
263
22
-200
104
-6
-116
23
173
-240
-118
164
-198
-20
224
30
-96
103
104
-187
140
106
-147
124
90
-95
-52
44
-189
-125
7
62
-172
94
25
-257
152
0
-66
-38
66
63
-105
96
38
-136
-104
52
-182
-57
132
-167
-81
84
-69
-198
17
-52
-290
8
7
-263
27
-78
-131
-124
-112
-50
-104
-116
-23
-44
79
-95
-45
58
-28
67
124
224
-135
184
73
-123
95
174
-231
-16
142
-34
23
138
54
-267
34
57
-241
-72
212
-248
-21
35
-181
-50
53
-196
-123
157
-208
-77
-54
1
-185
-98
199
-117
-54
57
-62
-219
-44
-55
-236
-62
-98
-192
-134
-107
-329
-118
200
-73
13
19
117
-23
15
171
19
122
182
179
196
123
-63
-80
-12
-41
-86
-16
-3
-145
-60
29
-133
-60
-64
59
94
-93
53
201
-128
-19
242
-29
-60
253
52
-78
199
39
-113
124
123
-97
83
130
-84
-68
169
1
-171
-5
138
-82
-15
99
42
18
-11
18
11
61
29
131
146
128
65
94
116
118
55
21
134
-48
29
92
43
-71
-55
1
-17
-88
-22
53
-16
-112
-63
13
-82
-83
73
74
7
7
1
-43
-85
-14
-18
-9
103
10
28
33
-43
-102
26
19
-28
-66
-41
-53
-174
-57
-101
-99
-99
-20
21
-92
-27
-39
-42
5
20
70
65
-18
-63
68
28
-50
9
-4
3
-52
-11
35
-37
-156
-49
20
-88
-32
-95
-100
-85
-101
-20
45
-18
15
4
-4
-19
-46
-34
8
-4
-32
-21
50
-73
-154
7
-44
-124
-3
88
38
-14
5
18
-13
-27
17
84
35
-14
-93
-28
-69
-196
-148
-51
-117
-146
-72
-87
-195
-267
-145
-112
-113
-57
-69
-105
-142
-113
-97
-15
-35
-87
10
56
-57
-48
-40
-80
-67
-53
-16
-54
-93
-188
-119
-90
-189
-125
-102
-127
-133
-80
-80
-111
-117
-140
-169
-149
-53
-14
-2
-26
-138
-165
-114
-76
-128
-53
-50
-112
-95
-11
-71
-137
-67
6
3
14
58
-43
-5
-8
2
8
-74
-48
-45
-41
5
-28
-65
-33
9
103
179
202
195
205
232
286
254
265
274
231
199
192
213
189
115
104
110
100
84
87
70
-29
-22
27
-11
-43
-103
-153
-160
-180
-192
-188
-197
-240
-263
-249
-271
-288
-329
-372
-333
-394
-423
-425
-473
-539
-531
-488
-502
-510
-516
-546
-560
-577
-575
-500
-515
-491
-445
-425
-396
-417
-423
-378
-354
-278
-214
-159
-122
-105
-73
-14
21
62
156
229
317
373
430
462
507
576
632
708
777
828
933
1006
1070
1196
1302
1382
1476
1592
1669
1753
1818
1719
1475
1204
1024
964
927
838
627
338
31
-302
-544
-654
-824
-951
-985
-978
-1000
-1114
-1227
-1290
-1286
-1142
-931
-669
-536
-518
-448
-371
-215
-96
26
159
238
252
201
113
-103
-281
-383
-453
-523
-667
-829
-1050
-1256
-1388
-1465
-1507
-1566
-1617
-1653
-1663
-1673
-1640
-1536
-1407
-1214
-976
-788
-643
-492
-324
-101
169
417
596
737
866
981
1049
1148
1297
1392
1504
1644
1724
1788
1845
1920
1991
2138
2305
2484
2692
2915
2950
2487
1780
1335
1278
1396
1365
1081
634
-23
-696
-1031
-1179
-1387
-1653
-1774
-1650
-1498
-1639
-1861
-2035
-2033
-1770
-1184
-496
-124
-60
-86
118
436
816
1193
1491
1699
1829
1927
1955
1722
1295
975
860
865
778
526
79
-540
-1064
-1378
-1542
-1817
-2126
-2317
-2426
-2455
-2525
-2579
-2584
-2512
-2257
-1838
-1413
-1173
-1086
-894
-577
-238
35
254
387
429
501
624
694
637
495
480
499
476
413
258
76
-56
-23
56
163
207
198
286
487
755
1016
1343
1743
2128
2575
3025
3409
3819
3987
3452
2754
2419
2501
2719
2530
2061
1318
487
-267
-750
-945
-1265
-1727
-2065
-1953
-1840
-2201
-2591
-2711
-2598
-2179
-1492
-703
-308
-326
-299
88
683
1197
1652
2045
2368
2494
2578
2619
2382
1935
1650
1626
1576
1368
900
235
-464
-1116
-1493
-1677
-1946
-2342
-2668
-2860
-3033
-3134
-3154
-3025
-2732
-2385
-1941
-1535
-1307
-1149
-854
-384
111
475
741
898
931
970
1065
1127
1115
1042
953
849
689
445
137
-77
-205
-308
-292
-274
-302
-338
-283
-131
176
613
1085
1505
1828
2229
2618
3162
3669
4255
4526
3766
2980
2696
2950
3263
2924
2309
1484
615
-108
-583
-796
-1288
-1900
-2248
-2023
-1853
-2322
-2816
-2983
-2753
-2165
-1349
-542
-227
-340
-296
261
996
1542
1975
2298
2585
2690
2746
2708
2323
1854
1608
1683
1682
1271
620
-142
-889
-1469
-1739
-1803
-2069
-2497
-2879
-3079
-3221
-3320
-3213
-2909
-2494
-2099
-1710
-1393
-1184
-986
-624
-66
467
774
921
966
917
855
894
943
876
741
582
398
158
-151
-456
-641
-723
-764
-819
-904
-992
-1024
-879
-558
-163
256
740
1192
1623
2036
2473
3021
3736
4349
4939
5329
4565
3528
2978
3069
3527
3369
2694
1714
594
-401
-1146
-1427
-1718
-2152
-2548
-2550
-2353
-2851
-3392
-3596
-3238
-2361
-1454
-555
-103
-97
-165
246
1116
1975
2634
2951
3230
3305
3146
2982
2579
2216
2005
1931
1838
1401
534
-522
-1380
-1869
-1928
-1927
-2184
-2603
-3072
-3411
-3638
-3650
-3386
-2964
-2439
-1947
-1575
-1384
-1257
-1044
-528
211
820
1176
1267
1158
1002
920
954
1042
1007
821
603
289
-103
-449
-721
-806
-785
-752
-783
-928
-1103
-1223
-1094
-732
-284
99
447
766
1110
1555
2038
2607
3166
3654
4215
4723
5217
5348
4404
3270
2830
3166
3649
3345
2320
1049
-165
-1083
-1437
-1413
-1583
-2209
-2777
-2706
-2533
-2901
-3290
-3206
-2588
-1661
-805
-97
128
-82
-36
749
1878
2726
3076
3090
3100
3014
2879
2807
2529
2147
1871
1632
1343
650
-353
-1281
-1845
-1993
-1903
-1932
-2373
-3013
-3487
-3571
-3321
-3089
-2809
-2437
-2036
-1639
-1322
-1073
-904
-587
7
735
1217
1313
1096
810
768
876
1019
1030
799
374
-21
-311
-530
-728
-872
-918
-903
-943
-1065
-1216
-1326
-1215
-860
-371
24
261
366
587
1031
1628
2222
2744
3241
3610
4002
4446
4855
5311
4961
3775
2938
2895
3340
3338
2484
1301
150
-797
-1365
-1513
-1635
-2108
-2835
-3138
-2778
-2746
-3201
-3348
-2987
-2179
-1342
-647
-134
-62
-73
337
1284
2259
2762
2835
2833
2895
2852
2762
2562
2244
1902
1580
1278
819
59
-819
-1498
-1849
-1931
-2003
-2322
-2825
-3255
-3461
-3379
-3158
-2962
-2752
-2404
-1990
-1632
-1308
-1020
-775
-362
230
716
911
857
727
665
748
830
818
625
251
-113
-330
-495
-649
-816
-1004
-1072
-1122
-1189
-1262
-1294
-1230
-1034
-702
-339
-110
32
221
581
1117
1655
2146
2623
2953
3265
3608
4064
4625
5227
5062
3732
2558
2332
2815
3090
2413
1244
24
-1050
-1711
-1937
-1949
-2300
-3052
-3484
-3148
-2958
-3423
-3725
-3430
-2608
-1696
-982
-396
-278
-444
-185
679
1777
2454
2575
2487
2493
2468
2340
2229
2003
1739
1446
1072
627
-128
-1023
-1731
-2111
-2134
-2134
-2416
-2968
-3533
-3809
-3741
-3446
-3096
-2784
-2617
-2451
-2124
-1743
-1359
-1042
-683
-174
252
471
489
432
396
443
601
729
653
327
-75
-365
-434
-484
-573
-740
-944
-1148
-1307
-1337
-1275
-1233
-1177
-1011
-817
-637
-530
-366
-73
348
747
1155
1545
1889
2276
2742
3216
3720
4111
4547
4823
4043
2898
2433
2695
3189
2953
1994
918
-223
-1197
-1610
-1583
-1613
-2132
-2940
-3160
-3065
-3410
-3772
-3631
-3029
-2283
-1751
-1310
-1067
-1139
-1008
-291
808
1796
2189
2157
2123
2122
2180
2360
2451
2373
2124
1637
1097
497
-151
-679
-1044
-1273
-1401
-1787
-2423
-3010
-3384
-3420
-3214
-3007
-2838
-2749
-2758
-2598
-2282
-1815
-1345
-962
-551
-151
89
231
388
565
761
926
1043
1028
815
521
317
227
193
80
-164
-406
-721
-996
-1120
-1143
-1151
-1192
-1216
-1176
-1094
-1013
-845
-566
-229
118
493
918
1331
1716
2221
2787
3218
3612
3998
4521
5019
4484
3325
2728
2918
3396
3266
2389
1299
119
-935
-1392
-1327
-1405
-2080
-3104
-3587
-3528
-3726
-3982
-3932
-3508
-2974
-2594
-2183
-1743
-1560
-1355
-638
437
1435
1896
1896
1878
1993
2264
2606
2774
2636
2226
1627
1064
677
217
-271
-764
-1206
-1511
-1940
-2566
-3118
-3447
-3566
-3490
-3342
-3238
-3296
-3407
-3266
-2805
-2203
-1682
-1364
-1092
-737
-389
-6
389
668
782
797
899
1020
944
738
559
431
287
118
-171
-487
-783
-1041
-1132
-1166
-1249
-1467
-1642
-1634
-1452
-1197
-896
-618
-422
-185
150
660
1237
1734
2189
2679
3143
3576
3974
4365
4850
4706
3832
3111
3028
3346
3379
2664
1579
503
-497
-1120
-1257
-1351
-1839
-2813
-3591
-3706
-3729
-3885
-3925
-3674
-3260
-2883
-2529
-2067
-1690
-1411
-863
9
908
1510
1653
1669
1836
2155
2563
2750
2638
2323
1813
1312
1013
802
518
112
-445
-956
-1378
-1861
-2272
-2506
-2632
-2697
-2790
-2908
-3048
-3137
-3002
-2573
-2083
-1706
-1487
-1348
-1071
-675
-278
130
422
543
556
632
783
841
772
653
541
420
283
111
-77
-317
-566
-760
-846
-927
-1066
-1202
-1200
-1108
-994
-838
-677
-506
-286
5
396
858
1242
1516
1825
2126
2453
2816
3123
3449
3808
4071
3896
3324
2826
2699
2816
2762
2330
1638
738
-89
-674
-887
-962
-1349
-2081
-2693
-2964
-3123
-3234
-3200
-3009
-2822
-2708
-2502
-2176
-1863
-1602
-1210
-607
18
416
588
743
994
1288
1650
1939
2028
1875
1562
1367
1314
1257
1067
735
322
-62
-444
-763
-1021
-1302
-1618
-1902
-2163
-2363
-2569
-2714
-2680
-2503
-2326
-2264
-2246
-2170
-1956
-1584
-1140
-750
-553
-513
-438
-227
89
387
563
601
553
479
390
353
353
297
210
117
-26
-214
-432
-601
-615
-539
-485
-463
-470
-476
-414
-216
112
459
725
978
1242
1506
1783
2146
2578
3010
3342
3724
3865
3425
2782
2509
2853
3268
3083
2338
1391
501
-166
-307
-113
-257
-1041
-2114
-2671
-2745
-2765
-2766
-2741
-2770
-2884
-2952
-2698
-2274
-2005
-1725
-1317
-826
-426
-187
71
413
847
1303
1676
1816
1761
1640
1561
1658
1799
1827
1616
1142
656
324
122
-14
-151
-463
-981
-1465
-1824
-1981
-2071
-2139
-2161
-2190
-2250
-2327
-2321
-2136
-1839
-1556
-1246
-1029
-932
-845
-606
-210
163
374
411
413
398
486
715
919
938
768
545
364
297
278
264
206
73
-121
-313
-361
-345
-275
-182
-10
124
217
319
459
687
1020
1422
1787
2042
2206
2455
2863
3328
3155
2564
2252
2461
2853
2897
2430
1795
945
263
124
400
389
-325
-1387
-2023
-2120
-2118
-2083
-2083
-2300
-2727
-2966
-2744
-2252
-2015
-1977
-1854
-1599
-1303
-949
-557
-193
69
318
643
940
1099
1158
1208
1343
1553
1627
1544
1305
996
808
755
747
648
288
-207
-638
-888
-1000
-1112
-1299
-1534
-1784
-1985
-2091
-2064
-1970
-1923
-1877
-1773
-1645
-1540
-1405
-1177
-881
-610
-424
-273
-103
18
174
408
599
683
661
605
611
656
648
586
492
366
224
138
120
71
-8
-70
-101
-85
-41
51
146
228
335
517
776
999
1200
1407
1678
1960
2328
2525
2217
1836
1765
2138
2468
2373
1950
1354
659
290
389
690
566
-169
-1046
-1516
-1600
-1508
-1359
-1330
-1664
-2266
-2546
-2270
-1759
-1486
-1395
-1389
-1406
-1317
-938
-367
63
191
205
284
421
632
864
1037
1092
1025
908
863
841
826
796
739
590
404
190
-42
-221
-301
-307
-432
-663
-933
-1144
-1233
-1220
-1118
-1074
-1169
-1322
-1376
-1268
-1121
-957
-838
-781
-738
-734
-626
-434
-278
-148
-65
0
37
76
160
300
396
421
414
401
398
378
378
417
428
397
362
319
294
287
319
388
420
416
415
418
502
605
736
830
907
977
1069
1160
1288
1341
1215
1095
1061
1144
1219
1145
958
705
377
256
319
430
327
7
-345
-547
-582
-441
-266
-269
-510
-799
-863
-700
-454
-357
-380
-512
-649
-696
-500
-273
-163
-208
-322
-359
-338
-221
-63
12
-36
-100
-121
-48
48
120
152
190
196
186
200
282
312
266
258
216
164
92
58
20
-57
-168
-238
-325
-391
-450
-470
-490
-534
-572
-593
-586
-576
-522
-440
-365
-286
-185
-101
-12
81
170
250
301
316
348
376
415
440
442
423
385
353
337
326
326
329
296
245
167
131
115
113
106
93
28
-83
-115
-97
-50
-3
-4
-20
-29
-49
38
165
247
281
284
314
435
558
654
702
718
713
699
758
854
899
852
764
650
590
552
523
462
359
238
113
7
-78
-123
-175
-233
-308
-369
-387
-424
-435
-422
-367
-333
-298
-276
-213
-175
-134
-70
17
109
129
153
161
159
153
165
195
203
158
85
16
-39
-55
-52
-75
-133
-229
-291
-312
-333
-323
-286
-279
-298
-329
-326
-293
-255
-212
-176
-111
-77
-58
-5
50
84
128
175
208
267
288
298
269
240
197
175
198
192
163
109
56
-25
-52
-74
-75
-86
-142
-169
-174
-165
-149
-119
-114
-102
-97
-70
-10
27
76
109
160
202
221
241
265
283
296
315
370
377
341
320
295
326
348
358
375
380
343
310
299
328
337
324
322
303
293
275
225
189
156
131
137
145
124
87
32
-12
-20
-10
-21
-24
-47
-72
-105
-139
-141
-132
-135
-124
-140
-137
-169
-193
-192
-184
-137
-144
-165
-193
-195
-180
-193
-188
-168
-190
-200
-191
-190
-214
-231
-232
-228
-204
-186
-189
-169
-194
-221
-200
-166
-135
-129
-107
-80
-85
-70
-42
-36
-3
25
68
80
77
77
75
101
122
147
157
134
104
66
60
57
46
23
3
-10
-36
-42
-57
-76
-81
-68
-58
-16
36
52
54
43
84
141
201
262
290
305
298
290
283
285
291
275
241
220
196
168
143
93
87
65
54
34
16
-13
-28
-19
-1
17
3
6
-7
-28
-12
27
37
37
31
5
3
-6
9
-5
-31
-66
-99
-116
-140
-162
-184
-203
-260
-274
-259
-260
-246
-251
-255
-261
-239
-210
-228
-208
-184
-189
-151
-110
-66
-51
-58
-57
-42
-5
41
90
111
105
81
79
94
131
142
153
162
149
146
144
121
85
74
73
81
78
50
37
19
6
3
11
45
44
31
24
8
10
25
36
39
87
94
85
75
64
86
113
131
138
146
130
129
121
122
158
168
183
171
187
182
169
157
146
142
123
128
113
103
87
14
-31
-48
-80
-91
-105
-124
-155
-190
-218
-200
-188
-174
-179
-201
-201
-195
-179
-136
-115
-105
-73
-52
-23
-19
-8
25
39
28
49
43
27
-3
-15
12
36
39
-11
-69
-85
-72
-55
-27
-26
-22
-41
-37
-19
16
48
45
85
133
149
170
154
156
158
159
166
170
172
147
115
92
71
50
9
-8
-8
-6
-11
-44
-65
-80
-73
-65
-31
-5
9
17
33
47
71
102
128
142
177
196
197
203
213
248
246
255
251
244
262
253
230
211
187
165
145
117
51
6
-43
-80
-113
-152
-197
-200
-226
-246
-276
-310
-307
-322
-284
-262
-252
-250
-225
-219
-208
-163
-139
-127
-114
-92
-61
-26
-6
-2
-30
-47
-41
-28
16
50
25
-17
-29
-20
-13
8
16
21
20
12
29
25
36
47
82
137
147
114
125
117
124
170
191
197
182
149
118
88
88
86
85
95
73
41
-21
-39
-51
-29
7
10
-3
-26
-43
-58
-35
-18
23
29
17
20
13
33
54
73
99
118
117
127
140
182
205
204
204
209
200
187
174
163
136
78
58
22
11
-34
-66
-96
-129
-147
-175
-180
-211
-235
-270
-267
-266
-268
-264
-263
-253
-262
-237
-223
-211
-191
-173
-139
-103
-85
-62
-25
15
23
37
77
100
152
194
221
202
208
227
248
264
255
247
253
251
247
255
240
228
203
190
184
163
138
119
103
85
54
22
-2
-22
-33
-73
-85
-90
-99
-97
-103
-94
-87
-73
-47
-22
-11
2
25
66
88
89
68
65
72
67
63
67
62
39
26
9
-11
15
21
23
23
-1
0
1
1
1
-7
17
27
39
33
31
49
55
72
80
104
97
96
85
74
74
39
35
24
-3
-18
-65
-92
-110
-116
-134
-150
-164
-189
-209
-239
-243
-235
-203
-171
-142
-127
-121
-84
-41
-17
52
130
212
278
323
349
376
436
489
562
610
619
599
546
522
545
509
473
416
315
241
183
118
7
-56
-141
-182
-204
-235
-261
-294
-307
-295
-272
-223
-187
-139
-90
-53
-11
21
78
100
130
147
186
202
196
172
133
136
143
124
69
-1
-52
-67
-70
-85
-98
-141
-199
-221
-221
-196
-162
-160
-167
-150
-123
-73
-34
21
49
89
115
141
175
183
186
218
239
217
222
199
179
128
111
93
83
41
-38
-94
-108
-108
-138
-126
-147
-184
-224
-221
-207
-165
-125
-118
-90
-62
-20
41
101
176
236
298
334
363
389
429
459
472
483
449
394
372
342
292
249
173
95
13
-43
-111
-148
-215
-271
-302
-310
-301
-320
-330
-315
-291
-246
-175
-122
-84
-70
-26
17
52
96
119
137
138
133
127
125
91
49
24
-16
-48
-73
-117
-150
-179
-231
-248
-284
-310
-298
-279
-266
-279
-274
-263
-240
-196
-151
-98
-65
-32
-11
29
83
115
137
180
201
227
208
213
179
157
159
135
131
105
58
-9
-37
-68
-84
-91
-91
-123
-159
-191
-177
-140
-136
-95
-39
-25
6
22
65
118
173
226
257
285
275
255
260
284
283
262
217
160
91
17
-29
-60
-74
-137
-202
-242
-287
-311
-329
-313
-323
-308
-331
-313
-282
-251
-195
-159
-98
-56
-15
42
87
97
135
143
160
169
152
164
156
135
102
54
16
2
-19
-53
-83
-121
-137
-158
-150
-170
-167
-171
-162
-149
-119
-79
-43
-14
1
31
81
124
163
206
210
239
253
269
272
274
268
255
236
213
199
186
143
105
67
23
-13
-40
-59
-60
-102
-120
-102
-96
-82
-56
-16
6
17
34
68
124
185
206
235
263
284
280
283
281
251
219
187
166
140
73
-25
-90
-118
-162
-192
-228
-275
-317
-357
-373
-352
-323
-319
-301
-284
-261
-226
-153
-84
-39
-16
-12
41
94
147
188
186
174
172
156
145
144
131
99
62
40
21
-17
-62
-76
-83
-92
-99
-126
-142
-129
-133
-111
-99
-91
-51
-31
-9
40
83
99
116
162
174
195
231
249
253
251
227
220
224
224
178
136
122
76
41
11
-15
-74
-100
-148
-156
-165
-185
-180
-212
-203
-173
-167
-124
-98
-64
-24
9
62
95
116
135
178
192
194
175
171
151
115
67
21
-18
-66
-126
-146
-189
-244
-289
-337
-357
-369
-358
-344
-327
-332
-330
-305
-279
-220
-175
-134
-94
-39
4
23
78
93
120
138
154
157
150
112
80
70
51
44
18
-38
-82
-131
-165
-185
-188
-195
-226
-245
-233
-226
-203
-189
-175
-150
-105
-74
-43
6
52
116
159
209
227
242
288
337
366
379
351
312
264
227
211
194
147
69
-3
-92
-161
-203
-234
-278
-304
-344
-376
-375
-372
-351
-314
-258
-222
-179
-138
-98
-52
2
66
114
136
145
150
146
116
114
102
75
49
2
-51
-107
-144
-179
-222
-273
-306
-345
-360
-378
-398
-394
-362
-330
-316
-278
-232
-176
-128
-71
-16
40
89
129
164
202
225
230
260
257
232
211
181
144
120
74
36
-16
-69
-97
-165
-190
-228
-264
-273
-285
-279
-279
-290
-279
-241
-203
-165
-134
-95
-23
13
49
112
150
188
188
221
226
216
216
109
50
0
2
38
83
110
111
22
-66
-153
-248
-261
-284
-268
-244
-213
-190
-221
-217
-240
-228
-172
-114
-129
-150
-168
-159
-105
-63
-24
13
28
43
-2
-74
-113
-141
-171
-139
-79
-101
-88
-127
-140
-152
-197
-196
-198
-181
-130
-113
-107
-110
-120
-115
-112
-78
-32
-14
-21
-17
-21
-11
-1
19
39
53
91
103
82
66
51
57
61
38
49
28
50
32
38
28
-3
-18
-53
-51
-59
-63
-48
-38
-26
-20
-41
-20
-32
-9
30
49
86
106
119
126
111
126
127
140
130
114
99
58
21
-18
-53
-79
-108
-109
-100
-111
-123
-157
-192
-239
-228
-241
-209
-197
-166
-154
-161
-147
-161
-144
-125
-83
-49
6
46
61
63
36
57
67
83
110
93
89
85
75
90
93
66
12
-24
-66
-85
-41
-20
37
18
-8
-56
-107
-124
-136
-131
-97
-73
-22
3
-34
-52
-44
-63
-51
-6
31
96
100
124
126
99
73
34
43
69
128
195
187
168
146
92
68
43
55
65
95
80
77
47
14
-24
-52
-35
-26
6
8
38
20
29
13
-14
0
-6
13
18
33
42
33
20
-27
-41
-70
-67
-46
-52
-21
-41
-52
-109
-152
-148
-186
-166
-181
-148
-156
-204
-255
-289
-315
-288
-229
-194
-122
-151
-183
-175
-192
-151
-115
-39
32
61
79
70
84
49
68
81
96
111
119
114
72
47
0
-26
0
-22
-24
-25
-54
-73
-80
-160
-156
-133
-126
-66
-61
-29
-23
-46
-25
-10
22
92
106
140
157
78
73
38
41
103
94
153
122
114
61
-18
-9
-59
-3
10
22
45
29
-1
-22
-50
-67
8
29
48
78
55
27
22
1
41
21
29
51
70
127
57
-1
-9
-38
0
26
46
94
98
10
-44
-71
-83
-95
-36
34
-19
-9
-48
-90
-65
-80
-66
-49
-16
-13
22
-17
-19
27
-33
55
72
53
113
112
92
79
83
102
94
143
126
83
60
23
14
13
56
37
50
38
-17
26
-10
-27
28
-1
43
87
51
90
85
67
99
108
66
105
103
102
118
45
108
83
2
60
61
37
36
8
-4
12
-1
-43
-8
-2
12
28
-50
27
15
19
1
50
92
90
113
111
123
114
146
103
58
161
142
122
181
144
132
59
36
45
29
30
39
1
23
19
-50
25
-51
-55
57
-55
-9
18
-6
36
-1
-4
-38
60
-9
23
51
58
89
88
104
61
64
60
8
112
169
115
147
73
55
33
35
67
109
109
137
54
44
131
3
59
107
111
107
83
76
29
28
-17
35
29
69
119
93
66
60
-8
-30
34
52
57
91
45
96
64
18
-29
-7
48
70
99
65
71
12
-20
-49
-18
32
-18
8
-60
-51
-57
-110
-99
-39
-3
-26
-12
-64
-13
13
-18
8
42
74
74
43
20
37
-57
1
73
49
86
83
28
30
53
34
76
3
107
115
61
89
7
-12
13
-15
-18
40
35
26
-22
-50
-36
-48
-13
30
49
38
45
-9
40
18
-38
-21
-48
-6
-29
5
-7
3
-26
-96
-52
-35
31
34
-83
-58
12
-24
-66
-35
-33
18
18
-53
-33
53
-22
23
-12
8
18
5
-18
21
67
32
36
53
30
-22
46
-33
-16
9
-58
-71
-101
-84
-71
-122
-65
-80
-161
-71
-105
-172
-82
-70
-117
-78
-40
-60
-48
-47
-79
-79
-14
-90
-58
-1
-28
32
22
-65
-36
-50
-51
32
-26
7
93
-55
10
11
12
89
46
123
136
114
123
118
20
125
69
50
135
92
147
55
12
16
10
8
117
85
42
123
1
51
44
16
35
-54
27
29
-43
3
-71
-27
-98
-6
-27
-115
50
-30
-61
32
-26
-5
4
-6
30
-13
110
75
29
21
59
77
-17
62
78
56
42
35
8
6
69
-47
-76
-20
-64
-75
-11
-46
-39
1
-100
-42
-27
-34
71
26
-44
53
19
-16
71
1
90
90
25
51
18
8
43
19
16
92
-5
20
-25
-94
-8
-12
-29
-42
-63
-57
-18
-63
-22
-48
14
64
-29
113
125
65
157
70
77
216
140
137
87
1
118
72
65
111
34
23
79
-14
-20
43
20
-53
13
11
-42
73
-45
-156
-68
-48
-61
19
34
-37
1
61
-81
14
53
-10
42
104
104
80
139
20
18
13
23
1
45
48
18
97
-64
-62
-36
-107
-23
-3
-49
-25
-55
-77
-96
-71
-42
-49
-31
-33
69
-29
-30
79
-51
43
146
27
111
55
46
79
22
31
68
5
66
74
-26
50
-45
-56
44
-69
11
-49
-18
7
-72
10
-36
-39
71
-1
-13
75
81
32
49
80
49
38
63
59
30
47
20
-64
-48
-49
-108
-78
-95
-93
-70
-57
-140
-91
-156
-114
-53
-119
-36
-36
-84
-88
-43
-73
-14
11
-80
20
88
-34
84
45
8
93
70
86
74
71
41
30
24
69
-49
30
-4
-84
-40
-111
-65
-69
-50
-38
-19
-87
-50
-3
-32
48
79
59
104
124
82
74
107
98
145
156
172
96
114
115
31
92
18
41
102
-26
92
-19
-53
78
-101
-26
0
-11
-18
12
13
-35
41
46
-7
-11
116
-74
-69
79
-82
-46
55
-7
-24
54
-10
-106
-23
61
-109
-35
87
-76
4
10
-42
-28
31
12
58
-19
12
9
-92
-32
-18
-77
-32
-13
-97
-32
-104
-76
-6
-93
13
31
-58
24
7
-9
54
-1
50
48
55
100
22
43
98
41
52
145
62
97
170
44
85
92
46
4
126
88
37
123
69
9
38
12
-4
-3
-27
-27
-61
-46
-44
-19
-34
11
88
96
108
157
106
147
215
146
218
205
145
228
109
127
154
23
45
139
47
-40
68
-143
-83
-55
-113
3
-38
-38
-3
-49
-74
35
8
-27
132
73
33
153
101
-19
120
87
-46
160
81
-22
70
17
-63
1
-66
-82
25
-21
-81
9
-96
-88
-16
-125
-40
-31
-44
-46
-63
-46
-47
-79
-80
-64
-28
0
39
61
79
100
141
127
110
165
151
185
169
129
115
103
40
1
-8
-60
-18
-27
-54
-141
-177
-129
-209
-223
-124
-165
-142
-74
-59
-126
-95
-45
-48
8
68
96
38
68
79
-4
20
51
60
30
73
75
25
49
6
-3
10
22
60
50
42
10
-32
-34
-34
-109
-88
-36
-131
-55
-99
-138
-81
-189
-128
-124
-113
-12
-35
-48
-24
-16
-60
-7
35
-15
42
49
12
55
2
-57
7
-20
-16
12
-27
-74
-82
-58
-136
-122
-55
-71
-88
12
-72
-75
-59
-38
-55
-68
25
18
40
54
70
43
10
20
-9
11
77
49
0
-42
-38
-104
-101
-72
-141
-70
-43
-152
-69
-167
-215
-79
-188
-153
-42
-100
-140
-88
-120
-99
-23
-22
-49
18
9
-12
16
-2
0
-67
14
0
-26
-18
-56
-69
-63
-78
-67
-104
-144
-124
-134
-144
-138
-133
-188
-118
-180
-122
-127
-131
-109
-149
-83
-75
-44
-29
-63
-62
-61
-82
-45
-1
-66
-47
-25
-108
-89
-94
-89
-129
-143
-63
-193
-158
-86
-212
-131
-129
-165
-107
-49
-77
-108
-60
-86
-94
-16
-3
-42
0
-15
-3
-28
19
3
-39
-12
21
-59
-36
-17
-133
-99
-74
-130
-114
-92
-149
-116
-185
-199
-163
-217
-154
-113
-102
-81
-81
-89
-63
-47
-101
7
-30
-4
56
31
73
37
18
10
40
44
-21
86
4
-51
-28
-82
-138
-159
-128
-179
-185
-146
-182
-220
-178
-205
-205
-132
-120
-137
-81
-50
-59
-48
12
-11
-38
-9
19
30
-12
-1
-24
-85
-77
-57
-101
-146
-119
-163
-148
-174
-193
-193
-194
-165
-175
-157
-147
-151
-169
-130
-83
-128
-43
-27
-24
20
23
4
9
17
24
43
51
41
64
25
-24
-81
-71
-74
-77
-38
-51
-68
-120
-149
-144
-171
-153
-133
-132
-146
-133
-122
-133
-117
-130
-84
-68
-40
6
-16
40
12
6
42
11
97
99
85
80
69
13
28
55
5
-28
-2
-42
-69
-6
-78
-83
-32
-97
-111
-75
-113
-102
-88
-73
-114
-57
-67
-53
-56
-83
-57
-43
-21
-19
18
-46
12
6
4
6
-20
-7
-14
2
-14
-99
-100
-80
-127
-108
-74
-126
-144
-74
-116
-149
-77
-92
-91
-56
-74
-43
-32
-47
-26
1
12
12
-7
36
1
24
21
-64
-49
-28
-78
-15
-36
-110
-51
-90
-169
-117
-139
-190
-89
-122
-142
-72
-104
-132
-110
-67
-63
-30
-7
-32
-17
-4
4
30
23
39
85
41
14
6
35
10
22
45
-11
-20
-34
-20
-19
-40
-25
-49
-76
-61
-80
-105
-70
-111
-113
-56
-78
-84
-53
-35
-83
-66
-43
-68
-54
-18
13
-17
12
-12
-57
-59
-49
-48
-90
-25
-68
-104
-63
-142
-159
-137
-170
-174
-144
-130
-138
-142
-169
-121
-107
-48
-52
-15
12
16
28
4
48
44
66
77
55
58
34
21
-22
-54
-57
-67
-70
-104
-118
-102
-143
-130
-116
-132
-101
-59
-59
-56
-27
-63
-35
-27
-38
-13
39
44
21
34
12
2
-17
-4
22
33
36
32
-21
-4
-28
-70
-44
-64
-66
-60
-58
-68
-101
-103
-71
-81
-69
-59
-34
-26
-23
-51
-44
-33
-34
-24
-20
7
22
-29
-35
-18
-66
-37
-17
-50
-29
0
-55
-46
-62
-81
-52
-70
-85
-59
-81
-91
-76
-86
-81
-66
-54
-51
-52
-39
-28
-33
-6
1
1
37
36
28
50
17
34
67
30
41
41
4
28
21
-22
-9
-7
-27
-34
-24
-53
-49
-40
-59
-62
-25
-53
-34
-32
-70
-22
-13
-39
-12
-11
3
13
15
13
28
46
33
52
75
82
49
56
34
27
17
-16
-6
-1
-23
-56
-54
-57
-72
-60
-70
-80
-68
-79
-64
-55
-57
-33
-35
-33
-43
-49
-26
-34
-42
-10
10
19
31
24
12
27
19
48
37
11
12
-20
-21
-34
-65
-73
-61
-89
-90
-35
-55
-79
-54
-62
-38
-21
-33
-16
10
23
67
58
70
98
66
74
115
82
94
116
90
74
67
71
51
65
32
-10
14
-9
-63
-50
-61
-79
-62
-73
-72
-81
-59
-94
-65
-38
-47
-64
-42
-62
-59
-16
-26
3
14
12
4
4
5
-8
4
-9
-20
-19
-26
-38
-68
-38
-67
-81
-62
-87
-94
-73
-95
-102
-61
-83
-104
-56
-43
-10
-7
-17
-15
-13
-8
-8
36
24
14
15
34
21
24
15
-34
-48
-81
-65
-62
-74
-89
-113
-125
-105
-118
-100
-89
-77
-83
-82
-84
-98
-71
-75
-50
-32
-8
-10
-7
16
17
35
52
53
52
70
34
9
8
12
7
11
28
9
-5
-33
-56
-64
-56
-65
-49
-21
-41
-63
-75
-104
-105
-84
-77
-75
-50
-33
-48
-46
-30
-61
-54
-39
-35
-46
-35
-30
-55
-82
-96
-112
-123
-106
-111
-96
-115
-127
-140
-143
-149
-141
-127
-135
-119
-117
-118
-113
-96
-110
-97
-71
-61
-52
-37
-35
-42
-48
-29
-58
-40
-39
-37
-3
-16
-39
-39
-28
-29
-31
-48
-29
-28
-25
-29
-42
-39
-28
-37
-33
-35
-34
-28
-41
-25
-37
-33
-45
-32
-34
-48
-31
-32
-20
-30
-36
-42
-30
-39
-35
-23
-48
-38
-33
-30
-12
-17
8
4
-14
6
7
-16
-19
-32
-69
-55
-57
-79
-63
-63
-79
-71
-73
-77
-78
-97
-96
-84
-87
-69
-59
-61
-45
-49
-55
-38
-33
-30
-35
-39
-25
-22
-29
-36
-56
-59
-64
-71
-61
-65
-70
-58
-67
-72
-67
-74
-49
-62
-54
-39
-37
-21
-18
1
21
28
12
12
21
38
48
47
34
51
55
39
34
37
48
51
43
59
64
42
23
29
33
29
35
24
39
46
38
30
10
25
36
33
43
28
45
54
27
22
12
10
16
12
9
14
-3
-8
-18
-47
-35
-48
-47
-51
-35
-38
-37
-53
-61
-72
-75
-51
-46
-36
-27
-56
-48
-26
-28
-19
-26
-25
-53
-63
-51
-49
-45
-31
-42
-40
-40
-53
-63
-80
-65
-56
-51
-49
-43
-36
-21
-29
-30
-28
-21
0
-6
4
-3
25
28
32
30
32
33
16
15
20
15
16
26
4
4
-2
-9
-4
17
21
6
4
-5
-4
-31
-20
-20
-7
-1
3
2
-11
-2
-13
-22
-24
-3
-10
-6
2
4
3
-11
0
-15
-21
-35
-41
-14
-27
-49
-36
-36
-41
-37
-45
-57
-75
-78
-69
-72
-92
-97
-69
-68
-75
-69
-79
-83
-78
-86
-79
-65
-56
-58
-39
-33
-57
-45
-36
-23
-22
-13
11
2
2
-1
-12
-16
-5
-14
-31
-19
-4
-15
-18
-15
-24
-31
-26
-15
10
30
7
8
0
5
39
41
55
62
70
83
74
68
84
80
66
52
54
47
57
50
33
48
38
35
27
22
16
14
14
10
11
10
30
13
-7
-12
-5
0
6
-6
16
35
33
33
21
27
24
20
14
22
25
15
14
12
1
6
0
-22
-23
-30
-35
-33
-36
-40
-35
-33
-27
-34
-28
-25
-34
-28
-23
-14
-31
-13
-15
-5
16
23
19
38
38
26
33
35
34
33
51
49
54
49
54
62
44
43
43
38
61
54
58
59
66
83
69
62
63
67
76
69
76
95
100
104
95
110
96
92
95
78
98
98
78
84
78
76
59
64
74
69
47
46
53
62
58
47
65
61
49
50
56
59
55
59
49
39
50
59
56
55
52
50
44
45
51
35
48
64
51
63
48
32
42
41
38
41
42
35
41
42
26
51
51
26
40
43
42
61
79
41
60
73
64
75
65
72
75
77
73
84
92
97
94
99
97
101
103
114
125
122
119
125
113
115
109
118
122
104
143
135
134
135
128
128
127
137
128
134
121
129
131
125
111
127
121
103
105
93
90
92
78
61
60
57
52
36
53
63
53
39
20
23
13
20
8
6
4
-3
4
14
9
2
18
21
35
38
38
24
37
47
32
51
62
53
57
48
29
28
39
39
35
45
23
21
19
15
17
15
18
8
4
11
14
14
-3
14
29
28
47
39
49
52
61
60
51
61
62
54
62
73
67
77
74
58
45
46
54
57
61
73
52
50
50
37
51
51
54
41
52
44
37
36
37
43
37
33
29
35
34
31
28
25
13
13
17
5
5
7
-12
-6
-10
-34
-41
-29
-36
-46
-39
-34
-49
-63
-63
-67
-58
-54
-47
-63
-50
-47
-58
-52
-60
-35
-23
-23
-43
-8
2
-11
-13
-3
4
-7
-2
-8
6
7
-11
-12
-12
-12
-18
-12
-5
-14
-9
-9
-8
-8
11
19
16
24
29
31
33
36
29
33
32
22
33
40
37
25
23
49
28
39
19
20
43
24
30
19
9
22
13
17
17
9
20
13
27
36
32
41
49
52
53
56
53
53
43
34
44
31
16
-7
9
7
-8
3
-16
-9
-21
-26
-28
-25
-17
-29
-17
-25
-29
-16
-5
-16
-23
-7
1
7
-4
13
19
14
22
30
26
28
18
26
31
16
12
19
27
8
26
30
16
26
30
36
27
30
14
13
20
17
22
30
39
38
44
43
51
54
58
75
52
67
69
59
77
71
71
86
60
54
71
55
52
64
59
59
42
47
51
39
34
34
30
28
38
36
29
31
42
38
46
48
47
38
30
42
33
16
21
21
13
30
14
2
1
-1
3
-12
-27
-31
-30
-30
-24
-33
-30
-45
-52
-44
-41
-40
-20
-27
-27
-26
-21
-8
-12
-17
-18
-15
-16
9
16
30
24
27
21
41
45
35
52
35
36
30
47
52
54
40
34
42
43
38
33
33
38
51
59
47
56
46
52
66
62
61
62
83
73
75
88
66
76
76
68
88
65
61
57
54
48
41
38
36
21
21
34
18
20
17
7
-7
-10
9
-16
-2
-5
-15
-24
-15
-1
-8
-10
-21
-13
-7
-2
-1
11
-15
-12
-19
-20
-30
-27
-23
-36
-21
-42
-36
-33
-38
-52
-49
-43
-55
-49
-60
-52
-70
-49
-43
-51
-27
-27
-32
-22
-11
-18
-18
-10
-10
-3
3
-5
10
24
16
37
47
34
26
38
44
53
48
50
50
33
33
45
33
33
32
26
44
33
43
44
43
69
71
70
58
55
63
62
53
63
61
53
38
39
47
35
35
45
30
21
17
3
3
14
11
9
3
15
21
-1
16
-1
-5
11
12
10
1
7
0
9
-7
-17
-26
-31
-33
-36
-40
-44
-47
-42
-50
-51
-30
-32
-41
-16
-43
-42
-14
-35
-30
-18
-27
-19
-8
-19
-14
3
9
-1
5
-4
-4
13
14
13
16
20
8
17
27
19
16
20
23
26
29
23
28
38
27
26
26
27
32
36
24
18
43
31
41
44
27
37
45
19
23
28
39
22
14
31
15
3
-6
6
-3
-8
-10
-9
-14
-22
-22
-19
-39
-24
-10
-17
-19
-17
-7
0
7
-11
-7
-5
11
14
10
-4
0
14
8
0
-8
2
-8
1
-14
-14
-10
-23
-14
-32
-34
-20
-27
-28
-13
-29
-29
-37
-23
-7
-16
-2
0
10
2
29
33
45
42
44
39
32
51
39
49
57
73
70
57
60
61
66
59
69
57
69
65
68
71
68
54
54
46
52
52
48
46
32
43
26
50
28
30
25
24
32
31
35
31
23
2
8
-6
-6
-14
-18
-22
-38
-19
-27
-30
-33
-54
-60
-55
-53
-73
-73
-54
-63
-76
-51
-64
-54
-36
-37
-41
-41
-36
-50
-37
-32
-27
-26
-23
-20
-22
-15
-15
-10
0
-1
-15
-9
-10
-21
-30
-39
-39
-37
-50
-56
-54
-36
-43
-49
-58
-57
-36
-36
-36
-42
-52
-28
-27
-28
-18
-24
-7
-11
-1
11
-5
3
-12
6
-1
5
8
-12
-2
-7
-21
-15
-20
-31
-14
-9
-30
-53
-46
-53
-53
-63
-47
-54
-58
-45
-51
-46
-51
-51
-46
-45
-60
-35
-41
-52
-67
-72
-71
-68
-63
-73
-78
-93
-85
-100
-100
-118
-91
-114
-122
-87
-101
-99
-102
-97
-88
-95
-100
-81
-80
-70
-71
-59
-71
-66
-59
-56
-49
-53
-49
-40
-60
-52
-41
-54
-59
-52
-45
-62
-67
-47
-38
-54
-49
-61
-50
-46
-55
-37
-31
-21
-20
-16
-8
-1
-1
6
1
-2
11
15
20
24
29
31
10
13
23
8
20
18
17
6
-2
-12
-26
-2
-15
-22
10
-1
-8
1
-12
-2
-4
-5
-12
-13
-5
-4
-15
-26
-13
-13
-18
-25
-30
-32
-24
-34
-43
-33
-52
-51
-32
-43
-42
-54
-62
-62
-52
-66
-64
-53
-50
-53
-47
-43
-40
-26
-29
-25
-32
-2
-12
-25
-11
-17
-12
-3
2
7
7
14
16
31
34
26
31
34
29
22
20
20
6
18
19
9
20
15
25
18
24
39
26
29
38
39
21
24
15
26
27
26
23
22
30
17
23
25
7
11
5
3
5
2
-8
-9
-13
-10
-21
-18
-12
-15
-11
-14
-6
-16
-5
6
12
3
-26
-13
-11
0
11
-9
1
-7
10
-7
4
15
-1
-11
-20
-9
-36
-37
-50
-46
-29
-45
-44
-46
-43
-37
-40
-45
-38
-40
-32
-16
-27
-7
3
-4
-1
4
-1
-10
-1
-2
5
6
1
0
-6
5
16
18
15
5
11
6
14
21
21
40
37
25
25
36
29
29
38
38
37
34
29
23
34
22
20
23
39
22
8
10
5
2
-7
-14
-15
-22
-24
-34
-29
-22
-33
-22
-33
-20
-40
-36
-29
-31
-20
-28
-9
-35
-27
-17
-37
-28
-43
-38
-28
-42
-36
-37
-56
-60
-58
-73
-51
-64
-62
-45
-58
-60
-58
-60
-54
-45
-39
-49
-62
-54
-43
-29
-28
-39
-40
-46
-34
-33
-22
-14
-29
-21
-32
-33
-22
-21
-30
-18
-19
-27
-16
-23
-19
-14
-16
-12
-20
-29
-24
-21
-9
-8
-18
-17
-13
1
5
-5
15
-7
-1
3
12
19
2
7
-13
-2
-12
-26
-27
-32
-28
-35
-47
-56
-66
-66
-53
-47
-51
-65
-72
-71
-85
-83
-73
-92
-88
-90
-85
-65
-55
-72
-53
-45
-48
-56
-49
-61
-34
-42
-58
-27
-56
-60
-58
-53
-58
-61
-76
-55
-61
-64
-62
-84
-74
-78
-81
-71
-66
-72
-61
-46
-50
-49
-49
-31
-51
-39
-19
-30
-25
-19
-18
-26
-19
-21
-24
-34
-21
-23
-27
-43
-51
-34
-48
-49
-67
-68
-62
-66
-59
-50
-57
-64
-52
-33
-47
-60
-40
-46
-53
-34
-34
-24
-33
-34
-23
-46
-42
-44
-37
-30
-26
-31
-41
-36
-42
-51
-48
-54
-53
-48
-66
-41
-54
-55
-61
-59
-61
-73
-62
-60
-59
-61
-61
-57
-58
-69
-64
-52
-52
-40
-42
-44
-36
-31
-31
-20
-26
-48
-40
-43
-28
-37
-53
-41
-35
-37
-50
-51
-39
-35
-42
-35
-37
-31
-40
-28
-34
-50
-36
-10
-2
-15
-24
-19
2
-2
3
-18
-8
-6
-5
-14
-30
-31
-34
-20
-45
-48
-34
-41
-48
-48
-51
-52
-58
-58
-75
-72
-72
-80
-83
-75
-76
-75
-59
-72
-67
-72
-45
-49
-50
-49
-63
-44
-54
-51
-59
-69
-62
-71
-69
-68
-75
-64
-68
-67
-69
-71
-57
-85
-86
-71
-73
-86
-92
-74
-88
-89
-88
-75
-90
-80
-76
-76
-76
-72
-80
-73
-66
-69
-62
-78
-50
-48
-53
-69
-78
-63
-76
-64
-81
-84
-78
-96
-88
-92
-81
-86
-77
-82
-90
-73
-74
-73
-80
-74
-67
-69
-63
-64
-70
-70
-74
-63
-61
-82
-64
-45
-60
-55
-60
-62
-60
-77
-65
-75
-76
-82
-90
-77
-92
-80
-90
-71
-71
-73
-81
-90
-88
-94
-95
-85
-63
-78
-83
-67
-91
-103
-92
-106
-99
-92
-102
-104
-101
-117
-114
-113
-104
-98
-105
-123
-125
-103
-110
-119
-118
-113
-116
-112
-109
-112
-103
-98
-112
-90
-106
-100
-106
-108
-80
-91
-94
-102
-102
-92
-91
-82
-93
-87
-95
-114
-111
-105
-103
-109
-126
-129
-122
-115
-101
-120
-108
-112
-121
-109
-119
-117
-114
-119
-120
-119
-113
-116
-121
-121
-113
-122
-116
-108
-119
-134
-124
-128
-121
-146
-150
-134
-143
-147
-137
-138
-143
-146
-140
-122
-126
-128
-121
-128
-133
-129
-119
-116
-109
-102
-113
-127
-124
-131
-129
-127
-119
-119
-146
-147
-141
-141
-138
-126
-153
-135
-128
-141
-165
-155
-140
-160
-169
-162
-155
-158
-135
-178
-154
-149
-172
-165
-149
-144
-175
-157
-155
-163
-180
-166
-160
-149
-156
-151
-146
-138
-150
-142
-151
-153
-143
-173
-169
-158
-160
-166
-165
-174
-162
-158
-165
-177
-161
-178
-194
-182
-175
-165
-162
-163
-158
-171
-179
-174
-167
-165
-188
-172
-163
-162
-152
-165
-169
-169
-164
-168
-141
-163
-168
-164
-153
-156
-166
-160
-157
-154
-138
-145
-146
-146
-152
-150
-157
-145
-145
-146
-142
-143
-139
-144
-136
-125
-141
-134
-133
-128
-133
-132
-146
-142
-135
-142
-126
-141
-151
-136
-136
-143
-134
-142
-137
-127
-124
-127
-115
-122
-128
-119
-129
-109
-119
-132
-127
-134
-124
-134
-138
-135
-145
-145
-142
-145
-137
-136
-147
-141
-138
-121
-134
-147
-138
-136
-131
-129
-127
-129
-129
-142
-147
-134
-142
-142
-148
-139
-134
-142
-132
-123
-131
-135
-134
-130
-140
-144
-143
-150
-134
-135
-142
-136
-121
-120
-127
-124
-119
-134
-117
-110
-109
-103
-117
-106
-112
-111
-128
-122
-121
-131
-117
-114
-115
-120
-127
-125
-130
-115
-128
-142
-119
-139
-109
-101
-127
-110
-108
-97
-104
-106
-106
-96
-98
-116
-114
-122
-112
-123
-124
-121
-114
-109
-109
-120
-135
-133
-122
-117
-131
-128
-130
-131
-134
-133
-144
-134
-136
-130
-129
-130
-132
-120
-143
-130
-122
-124
-118
-103
-113
-99
-88
-107
-98
-99
-94
-106
-91
-94
-95
-95
-99
-121
-122
-117
-122
-111
-98
-107
-98
-113
-114
-106
-112
-93
-88
-92
-100
-93
-90
-81
-92
-92
-77
-84
-73
-79
-79
-69
-59
-72
-83
-72
-103
-79
-80
-84
-68
-68
-67
-64
-77
-74
-77
-79
-63
-76
-63
-70
-68
-64
-67
-51
-52
-53
-48
-67
-68
-55
-61
-40
-48
-67
-64
-64
-61
-64
-59
-60
-62
-57
-60
-57
-65
-68
-54
-58
-80
-74
-79
-69
-64
-70
-48
-66
-55
-60
-70
-65
-55
-67
-66
-50
-48
-51
-56
-58
-57
-56
-51
-43
-51
-43
-42
-44
-44
-30
-30
-38
-43
-42
-42
-39
-53
-48
-42
-55
-33
-43
-60
-62
-59
-50
-51
-50
-49
-33
-59
-63
-69
-59
-52
-74
-53
-74
-58
-67
-61
-56
-55
-48
-62
-64
-64
-49
-44
-32
-36
-39
-24
-36
-38
-31
-38
-27
-21
-15
-28
-14
-23
-34
-13
-16
-19
-25
-16
-30
-12
6
-5
-9
8
-13
-27
-33
-35
-36
-27
-27
-27
-35
-40
-25
-40
-28
-32
-40
-25
-24
-40
-45
-29
-32
-27
-19
-23
-13
-19
-25
-12
-2
-5
-23
-8
-17
-12
5
-15
-8
-23
-15
-20
-19
2
-19
-10
-3
-5
-1
-5
-4
-1
-4
-12
-3
-3
-4
19
17
17
22
12
20
19
18
23
19
17
17
15
17
13
7
1
1
13
9
14
10
9
-12
-7
10
-19
-13
-14
-19
4
0
-3
-3
-5
11
14
7
2
-11
-4
-5
-8
-6
2
-2
-14
-20
-35
-27
-15
-18
-28
-25
-9
-15
-26
-34
-38
-17
-8
-19
-8
-7
-6
-14
9
20
-1
14
15
10
5
14
20
30
21
4
10
12
18
20
20
25
21
28
36
29
23
24
32
39
42
23
40
42
60
75
44
54
62
56
70
52
60
49
51
57
53
60
32
34
46
46
34
42
44
42
27
35
38
21
22
27
21
37
15
18
39
35
38
38
45
43
34
26
18
27
39
15
7
7
-5
21
3
19
15
6
1
-19
3
-7
-5
-5
-10
-10
-24
-10
-17
3
6
12
17
-4
4
12
13
16
20
19
13
32
26
17
31
27
38
41
35
30
44
44
41
40
37
40
33
34
30
33
29
32
34
38
48
46
46
53
45
47
52
59
55
54
52
60
63
64
56
37
51
46
51
55
45
54
44
43
43
21
23
18
28
25
22
22
19
19
19
12
7
7
-1
10
9
17
12
11
24
6
13
15
21
34
34
31
26
24
11
20
17
18
39
19
14
19
30
20
23
20
14
22
15
26
12
25
19
16
6
10
34
27
37
38
56
44
32
43
49
57
48
58
55
44
50
58
64
68
71
77
68
48
42
53
48
47
47
39
53
39
39
38
42
34
41
40
27
39
31
29
35
57
47
45
46
60
62
63
53
44
37
44
52
43
25
23
28
22
9
28
34
21
12
21
22
24
11
1
10
22
30
28
33
25
26
24
29
35
30
33
22
32
40
38
50
23
45
35
33
31
15
36
23
26
16
11
22
38
16
20
17
19
50
30
35
32
47
47
34
50
49
71
66
59
68
63
59
56
63
66
54
55
56
58
63
42
47
47
42
47
35
20
18
46
44
37
34
54
49
40
36
36
49
41
35
41
40
36
31
21
26
35
43
33
39
38
38
39
39
33
32
36
30
33
30
34
24
24
35
39
37
38
24
37
34
37
56
42
62
54
54
57
44
51
54
58
49
51
45
55
51
35
58
33
40
46
44
39
35
46
41
40
48
39
45
48
54
52
54
66
61
82
83
79
75
79
85
79
84
80
87
89
97
80
69
93
68
65
71
72
60
66
73
74
77
76
51
72
68
50
70
68
72
72
52
52
66
65
72
63
53
56
54
44
70
51
48
58
54
59
48
51
41
45
52
57
42
42
58
49
42
45
56
65
69
65
47
42
56
53
53
51
49
66
59
56
59
72
71
63
76
71
67
52
62
70
57
65
55
56
60
50
58
45
51
51
47
41
41
51
55
49
44
63
49
44
43
53
49
48
56
54
44
45
55
47
45
25
36
34
52
37
24
28
29
37
35
35
25
40
32
40
43
28
31
23
12
25
18
7
5
2
20
12
13
16
13
2
30
16
0
18
-2
17
-1
-22
9
-22
-8
-6
-21
-18
-4
-9
-10
-9
-1
3
1
7
-6
6
9
11
8
11
12
7
13
10
8
6
16
22
12
8
22
33
14
12
23
28
28
35
22
23
26
18
18
14
27
24
18
30
36
26
34
35
26
32
33
33
33
24
25
22
29
21
14
15
7
11
7
-11
0
5
9
1
10
4
8
-9
-9
-1
-15
8
-2
-1
-6
1
-6
-8
-8
-5
0
1
5
0
-3
-12
-13
-20
-26
-23
-9
-23
-23
-16
-21
-31
-41
-33
-37
-37
-39
-35
-29
-50
-51
-30
-17
-33
-35
-21
-19
-19
-10
-2
-9
-6
-1
7
-3
-26
0
-5
-19
-9
-3
3
9
3
-7
-12
-8
-3
2
-4
-1
3
-11
-5
-7
-6
-14
-5
-9
-18
-2
-9
-16
-7
-5
-8
-14
-1
-2
-3
-12
-4
0
-16
-16
4
-6
-2
-16
-25
0
-12
-23
-26
-14
-23
-16
-7
-16
-20
-22
-21
-25
-21
-20
-6
-8
-13
1
-26
-17
-24
-11
-22
-17
-19
-33
-9
2
-7
-11
-17
-22
-8
-16
-24
-9
-17
-12
-13
-26
2
5
-2
-16
-7
-22
-7
-3
-1
-2
-11
0
1
8
-3
-3
-21
3
2
-4
1
-14
0
5
6
6
2
-2
-1
7
-8
-10
-10
2
1
10
13
9
4
13
14
-10
3
23
36
20
5
23
18
-1
5
15
-6
3
-9
-10
0
-17
-7
-21
-8
-15
-22
-32
-18
-27
-29
-39
-23
-16
-28
-9
-20
-17
-30
-38
-34
-30
-31
-34
-33
-27
-22
-19
-30
-22
-16
-22
-22
-24
-17
-21
-24
-6
-13
-20
-21
-17
-22
-21
-23
-17
-17
-23
-3
-19
-17
-17
-3
-12
-20
-11
-16
-3
-3
3
-6
4
-12
-7
6
-7
-11
-3
-8
-24
-24
-22
-13
-31
-16
-16
-24
-18
-30
-35
-28
-19
-20
-28
-38
-39
-34
-36
-47
-42
-49
-47
-46
-57
-41
-27
-40
-39
-52
-41
-49
-56
-65
-65
-57
-61
-54
-65
-55
-51
-48
-66
-50
-45
-57
-68
-48
-34
-46
-59
-53
-42
-45
-31
-41
-45
-31
-42
-45
-34
-24
-30
-21
-22
-22
-12
-9
-19
-27
-34
-23
-16
-29
-27
-30
-35
-34
-23
-44
-44
-37
-30
-23
-23
-21
-28
-21
-28
-22
-28
-28
-15
-18
-14
0
-10
-6
-15
-9
-17
-12
-8
-20
-11
-9
-25
-11
1
-11
-5
-17
-13
-18
-19
-10
-7
-5
-12
-23
-16
-9
-20
-18
-7
-10
-12
-2
-11
-16
-13
-27
-21
-19
-24
-26
-24
-23
-14
-6
-19
-20
-18
-2
-11
-18
-12
-16
-14
-31
-22
-26
-17
-3
-20
-20
-22
-27
-19
-26
-28
-23
-9
-20
-29
-15
-20
-3
-17
-22
-14
-18
-6
-7
-11
-12
-18
-14
3
-5
-9
-6
-10
0
-8
-11
10
7
-12
3
5
7
13
10
18
16
5
23
-3
-4
20
-6
-1
-8
-6
9
4
16
3
-3
-4
3
5
13
28
14
10
13
17
7
8
7
-3
-14
1
9
9
4
2
-6
-8
-8
-2
2
-11
-5
-14
-16
-16
-13
-7
-12
-6
-20
-15
13
10
12
10
-5
-2
-3
-14
-5
2
-1
11
18
20
17
19
12
16
27
20
23
18
15
24
12
12
32
23
17
22
16
15
18
14
12
14
2
4
6
20
5
6
20
8
27
-9
-1
-1
10
12
3
8
15
4
3
13
14
20
2
8
4
5
13
5
-18
7
-8
-11
-4
-9
-13
-15
-22
-8
-7
-7
-4
3
5
-14
-9
5
10
3
-3
-4
5
12
5
1
22
18
21
39
32
22
13
25
19
15
25
16
11
3
7
0
9
2
15
20
12
17
10
28
17
17
10
24
24
12
21
26
37
37
34
30
38
30
39
52
29
41
45
52
43
44
58
53
53
60
52
37
51
63
60
44
60
64
54
55
51
50
50
51
68
68
46
62
44
39
56
56
57
47
57
45
47
44
30
42
31
50
41
33
27
39
37
24
44
35
26
27
34
35
41
34
35
35
46
32
30
46
30
38
47
40
37
42
39
24
35
21
25
42
33
25
35
28
36
47
42
37
37
49
47
43
33
45
45
41
50
37
37
58
58
40
51
47
52
54
46
41
31
39
40
41
38
26
39
38
26
13
39
22
7
24
12
13
14
25
36
30
35
32
33
28
19
30
17
22
29
30
34
31
21
22
26
11
5
23
24
21
13
7
13
26
5
11
5
10
11
15
12
7
32
34
26
11
20
15
22
1
6
21
22
36
17
27
26
39
41
34
47
38
41
24
34
38
46
35
36
53
29
50
47
40
45
38
22
35
47
48
46
57
66
50
68
68
67
73
66
59
67
53
49
63
58
63
56
54
53
61
49
59
58
52
58
52
57
72
42
51
64
56
57
49
59
67
68
66
66
54
71
69
76
74
71
59
55
74
56
52
48
62
56
45
49
49
44
46
52
48
46
62
45
39
34
43
48
43
53
67
58
58
54
56
51
49
60
62
58
58
63
55
61
77
62
44
58
43
54
44
56
53
42
71
60
62
67
77
81
80
77
81
86
80
82
73
77
68
76
76
64
78
61
58
61
61
59
69
67
65
68
55
58
52
55
60
54
59
48
52
54
53
48
33
45
44
53
53
43
52
39
44
43
38
31
36
32
41
54
56
60
54
38
43
55
34
40
49
55
51
52
49
62
53
58
60
64
64
67
53
67
71
64
86
68
59
63
57
52
53
53
61
52
52
65
71
55
66
54
49
60
50
52
59
55
47
47
50
43
52
47
53
60
67
65
60
78
62
67
58
63
59
36
59
37
34
43
49
58
44
50
31
31
43
34
45
49
55
53
44
61
37
30
42
46
34
35
38
44
56
57
62
47
42
47
45
46
67
58
59
53
66
63
54
48
55
57
51
83
57
55
58
61
76
67
56
56
71
63
69
71
73
71
71
75
65
69
65
61
67
66
69
66
78
74
74
73
76
78
70
94
81
82
95
93
86
76
81
95
81
87
97
92
84
88
94
87
92
94
83
86
92
86
82
79
66
85
73
80
77
63
84
74
77
81
98
77
85
69
65
71
67
75
74
65
64
79
73
56
55
54
72
71
73
62
66
74
67
55
67
65
68
71
78
74
64
95
90
87
97
90
83
100
81
86
92
106
89
89
104
103
100
100
99
93
101
109
108
90
110
116
105
106
102
101
109
105
104
97
92
111
108
113
108
113
107
109
117
105
104
107
110
110
115
117
108
104
100
116
113
118
108
113
123
120
113
115
120
103
116
111
102
107
117
90
81
89
91
88
83
91
74
75
102
92
97
97
91
93
100
93
94
85
84
94
86
101
90
85
89
90
92
95
109
99
94
90
83
98
99
109
99
112
98
97
101
97
80
95
101
93
99
102
98
99
110
110
116
103
101
94
106
116
110
107
112
112
115
109
99
124
110
115
116
118
99
104
103
104
103
109
106
97
108
94
108
107
119
112
112
130
118
115
107
115
118
107
114
102
97
112
90
87
90
88
84
85
83
70
72
86
84
82
83
70
70
83
84
70
81
80
76
76
72
78
73
92
103
85
84
86
83
72
86
90
90
88
73
87
85
80
94
89
94
114
107
107
106
105
109
98
108
105
97
89
89
106
109
116
107
112
117
122
144
121
120
110
122
109
110
126
117
122
118
111
101
107
111
104
93
93
94
83
94
93
92
79
72
89
68
79
73
78
85
78
88
83
80
83
89
104
96
83
89
75
83
90
69
85
87
85
69
76
77
87
86
73
87
81
82
81
106
83
72
96
105
100
100
96
92
102
99
96
119
111
113
111
107
111
110
127
120
132
117
124
125
127
134
118
114
115
124
125
128
115
141
126
113
131
118
134
138
134
138
123
132
136
154
138
148
140
145
156
148
138
133
142
138
139
134
130
141
148
134
156
149
146
149
149
137
139
129
143
150
144
141
129
141
132
128
119
120
119
117
126
130
144
131
137
130
118
120
123
126
121
131
138
149
141
132
131
134
127
132
151
132
127
138
135
135
136
129
153
134
126
152
155
140
152
143
141
150
142
149
142
156
158
148
168
157
156
146
131
135
163
151
154
146
150
167
156
161
161
140
162
155
142
152
145
143
140
145
140
140
133
138
149
150
148
145
153
147
150
138
148
136
130
145
135
135
121
139
140
130
123
127
124
108
129
119
125
137
105
127
130
110
119
142
138
120
129
127
131
139
145
126
114
145
149
146
149
130
130
140
154
133
138
150
145
145
132
133
146
139
124
154
135
139
138
133
149
128
133
132
125
125
128
140
154
140
138
119
124
130
136
137
116
127
139
125
113
124
117
125
112
106
122
125
127
110
123
123
113
115
112
106
119
121
123
113
106
116
100
113
115
107
108
117
107
99
98
110
116
109
117
103
104
114
125
116
132
122
100
99
88
112
100
104
100
92
97
85
93
95
93
86
95
115
94
98
102
104
115
116
122
126
104
115
117
113
132
112
116
127
120
127
137
117
130
126
117
132
129
126
131
128
142
134
129
133
143
127
133
144
137
129
131
131
115
129
118
117
121
130
135
117
111
119
118
127
132
118
107
116
114
109
114
98
108
109
110
112
110
115
108
127
119
117
106
111
113
118
108
110
97
97
106
102
111
100
93
91
100
105
90
94
91
86
91
99
91
99
92
81
101
99
106
98
106
101
102
95
98
94
92
82
86
90
97
105
99
92
101
109
111
103
91
105
98
105
97
89
112
96
94
87
88
97
87
96
83
98
97
91
90
97
92
88
81
94
97
97
94
95
99
84
101
96
84
84
87
89
71
75
69
75
85
74
64
79
93
88
87
67
81
101
87
71
78
82
80
79
84
79
69
74
78
91
66
