-15
-3
-8
-13
-11
2
-7
-12
3
-2
1
-8
-2
-4
-12
-5
2
-6
-11
-15
-6
-5
-5
1
1
12
-10
-6
2
9
-1
-11
-4
-24
-6
-17
-13
-16
-27
-14
-1
-3
-11
-1
-14
-16
-13
-24
-9
-18
-26
-18
-19
-10
-7
-1
-3
1
4
8
0
7
-1
-5
-4
-3
6
0
14
-4
-1
7
11
25
18
28
16
1
13
32
16
23
21
10
27
26
24
17
26
22
12
21
3
8
19
29
21
20
6
3
7
22
20
6
16
9
7
3
6
9
13
23
-1
5
23
19
10
14
32
29
30
19
15
16
5
13
21
24
20
15
20
28
23
26
33
22
20
21
10
6
9
5
-5
14
2
9
22
7
12
-1
8
21
6
24
28
15
25
29
32
32
26
31
31
46
36
31
28
17
37
43
30
31
23
28
17
24
11
-9
7
7
-5
-2
-15
-13
10
0
-18
0
-14
-2
3
-14
-10
-29
-8
-15
-6
-9
-3
-3
-8
2
-3
16
9
11
15
9
10
16
11
14
4
0
5
-10
-17
7
-8
-10
-5
-12
-12
-15
-16
-19
-16
-4
-6
-14
-13
-27
-6
-10
-17
-6
-21
-20
-29
-18
-10
-21
-14
-32
-24
-32
-30
-37
-46
-47
-24
-35
-49
-45
-52
-44
-57
-49
-65
-64
-67
-60
-71
-71
-52
-67
-66
-51
-61
-67
-53
-60
-55
-47
-53
-56
-47
-48
-37
-59
-56
-46
-55
-62
-82
-60
-63
-72
-68
-69
-60
-68
-91
-79
-87
-61
-63
-76
-75
-68
-73
-74
-70
-76
-78
-75
-75
-75
-58
-59
-69
-65
-62
-77
-49
-57
-68
-56
-42
-49
-44
-41
-47
-35
-52
-45
-40
-49
-45
-34
-37
-45
-44
-55
-55
-50
-45
-55
-65
-36
-49
-52
-35
-32
-52
-50
-52
-36
-36
-35
-34
-47
-41
-54
-50
-38
-38
-52
-56
-51
-56
-45
-51
-65
-55
-57
-54
-53
-55
-68
-52
-55
-72
-55
-65
-69
-69
-73
-68
-77
-68
-70
-71
-88
-74
-86
-74
-75
-100
-93
-95
-79
-79
-84
-89
-95
-85
-83
-88
-86
-81
-80
-75
-70
-82
-78
-57
-68
-82
-71
-88
-67
-67
-75
-71
-78
-61
-57
-48
-68
-83
-72
-74
-75
-77
-73
-86
-73
-89
-86
-86
-80
-68
-80
-68
-78
-76
-56
-71
-65
-60
-54
-38
-61
-63
-45
-55
-56
-44
-44
-48
-56
-41
-54
-56
-60
-72
-66
-71
-61
-64
-53
-49
-68
-68
-67
-68
-60
-73
-71
-63
-66
-80
-62
-47
-58
-64
-65
-47
-57
-63
-56
-67
-57
-63
-61
-61
-66
-53
-60
-47
-53
-46
-65
-59
-57
-70
-65
-63
-57
-64
-64
-48
-59
-66
-50
-48
-44
-55
-62
-60
-55
-51
-55
-62
-44
-46
-51
-45
-57
-47
-40
-48
-38
-40
-26
-26
-35
-34
-41
-22
-17
-25
-17
-26
-28
-35
-24
-33
-21
-19
-25
-20
-29
-20
-32
-33
-44
-43
-45
-31
-38
-32
-27
-34
-29
-26
-46
-44
-44
-38
-40
-33
-30
-29
-27
-18
-23
-30
-32
-31
-31
-46
-41
-17
-8
-20
-24
-18
-26
-35
-42
-27
-39
-39
-32
-32
-28
-27
-41
-50
-47
-54
-29
-38
-41
-49
-39
-46
-51
-54
-57
-51
-48
-46
-52
-40
-58
-51
-53
-64
-56
-59
-66
-64
-55
-70
-71
-64
-64
-48
-53
-60
-53
-54
-46
-46
-52
-33
-38
-45
-47
-53
-53
-63
-55
-46
-56
-50
-43
-50
-42
-45
-49
-51
-38
-50
-29
-33
-41
-37
-47
-51
-52
-53
-51
-38
-49
-54
-48
-58
-57
-60
-60
-66
-62
-46
-51
-55
-61
-62
-57
-57
-54
-66
-58
-48
-48
-50
-69
-53
-66
-70
-61
-70
-57
-64
-57
-50
-59
-57
-48
-62
-58
-47
-58
-56
-64
-54
-57
-58
-66
-48
-48
-55
-43
-62
-56
-52
-53
-53
-61
-52
-63
-51
-57
-66
-54
-54
-61
-58
-53
-61
-56
-54
-52
-70
-57
-43
-58
-60
-57
-74
-56
-39
-31
-44
-55
-57
-54
-45
-57
-53
-53
-57
-56
-49
-56
-52
-51
-47
-41
-47
-38
-42
-39
-48
-39
-42
-39
-44
-43
-42
-38
-23
-23
-35
-36
-27
-35
-36
-35
-27
-37
-44
-52
-43
-35
-34
-35
-47
-37
-45
-40
-29
-30
-40
-24
-28
-30
-16
-25
-38
-26
-25
-43
-37
-31
-31
-35
-44
-22
-28
-17
-23
-31
-19
-30
-17
-14
0
-22
-32
-15
-14
-4
-18
-15
-31
-29
-22
-27
-45
-36
-38
-40
-32
-43
-48
-38
-29
-27
-27
-32
-28
-40
-47
-51
-47
-39
-43
-55
-34
-30
-37
-38
-42
-49
-49
-59
-46
-63
-59
-35
-41
-54
-44
-26
-27
-28
-28
-33
-34
-11
-21
-30
-24
-10
-25
-20
-20
-22
-21
-21
-15
-22
-19
-19
-22
-19
-7
-6
-2
-14
-9
-5
3
-8
-16
-14
-31
-7
-9
-10
-18
-20
-23
-25
-10
-8
-3
-13
7
9
-3
6
-2
-20
-8
12
-4
14
21
17
33
13
5
16
0
13
19
21
18
12
12
16
23
5
24
26
20
16
9
20
0
-5
19
15
7
11
0
2
3
-2
-2
-4
-3
-14
-16
-7
-16
-28
-41
-29
-30
-30
-25
-10
-16
-20
-23
-25
-26
-25
-27
-38
-5
-14
-35
-36
-30
-22
-26
-28
-26
-23
-34
-41
-27
-15
-19
-22
-40
-26
-18
-34
-44
-40
-24
-14
-15
-28
-27
-16
-34
-32
-20
-13
-12
-25
-23
-14
-15
-33
-28
-34
-34
-36
-39
-37
-32
-35
-49
-36
-38
-44
-61
-49
-43
-41
-50
-53
-37
-43
-46
-60
-33
-48
-49
-57
-50
-50
-60
-43
-52
-55
-51
-47
-48
-51
-50
-66
-62
-54
-60
-65
-77
-53
-53
-53
-60
-71
-69
-72
-78
-74
-70
-69
-71
-65
-81
-83
-89
-75
-66
-64
-72
-66
-64
-69
-65
-71
-78
-71
-74
-77
-58
-77
-64
-54
-64
-86
-51
-75
-83
-67
-74
-73
-82
-80
-92
-82
-76
-78
-81
-81
-80
-80
-89
-79
-88
-90
-82
-84
-78
-84
-87
-95
-86
-82
-83
-83
-92
-74
-78
-72
-57
-69
-67
-64
-75
-45
-45
-49
-58
-51
-52
-47
-54
-53
-60
-61
-54
-44
-58
-47
-29
-39
-49
-57
-53
-50
-63
-55
-36
-46
-33
-28
-37
-24
-40
-41
-34
-28
-31
-37
-33
-39
-27
-19
-26
-21
-25
-29
-26
-19
-33
-45
-37
-36
-46
-30
-27
-42
-35
-26
-32
-18
-24
-33
-20
-28
-16
-12
-11
-12
-14
-27
-7
-15
-3
-2
-12
-13
-10
-4
-15
-10
-17
-7
-11
-16
-5
-11
-2
-12
-16
-19
-20
-20
-7
-12
-11
-11
-13
-10
-17
-2
-20
-27
-21
-20
-5
-9
-35
-25
-9
-16
-3
-15
-21
-11
-18
-22
-23
-15
-6
8
-11
-1
5
-3
-4
12
14
1
7
0
16
16
3
4
-8
2
4
-7
3
9
3
9
7
6
22
7
11
1
18
14
-5
5
6
-1
-11
3
-8
1
1
-2
-4
-2
-2
-4
-11
-16
-20
-10
-3
1
-5
-6
-2
-11
-6
-9
5
-10
2
16
-2
4
0
14
-3
-13
1
9
-4
-14
-6
-3
11
-5
-2
6
3
-3
5
-4
-12
13
-25
-18
-2
-36
-27
-30
-34
-20
-22
-17
-30
-23
-38
-29
-13
-13
-21
-27
-28
-33
-33
-40
-33
-21
-27
-25
-26
-32
-31
-29
-39
-55
-50
-41
-37
-55
-66
-29
-39
-39
-33
-39
-40
-56
-42
-45
-62
-67
-62
-60
-77
-75
-73
-55
-59
-69
-60
-58
-50
-54
-53
-47
-52
-45
-46
-48
-57
-64
-56
-49
-44
-42
-32
-41
-33
-34
-43
-42
-44
-45
-46
-38
-33
-25
-41
-43
-41
-40
-18
-34
-39
-42
-37
-33
-17
-7
-28
-24
-33
-28
-15
-20
-24
-41
-45
-46
-42
-40
-34
-30
-45
-35
-35
-43
-36
-26
-34
-41
-33
-41
-48
-31
-28
-48
-35
-21
-41
-34
-30
-25
-13
-28
-31
-29
-40
-46
-40
-33
-40
-58
-53
-45
-41
-41
-49
-41
-35
-38
-17
-22
-30
-17
-38
-42
-35
-31
-29
-34
-41
-35
-34
-38
-47
-48
-44
-37
-36
-56
-41
-51
-55
-49
-43
-50
-45
-31
-35
-38
-38
-39
-49
-41
-26
-31
-45
-32
-36
-39
-39
-23
-17
-29
-30
-19
-22
-31
-26
-30
-35
-26
-16
-32
-28
-27
-17
-28
-18
-20
-29
-17
-30
-28
-19
-25
-34
-6
-17
-10
-9
-7
-20
0
-1
-15
-7
-3
7
-11
-19
-14
16
0
-4
0
-13
-10
-11
-17
-4
-12
-21
-15
-5
-8
-10
-5
-12
10
1
5
4
5
4
6
5
-5
2
6
0
-2
-4
-1
-4
1
-20
11
2
-13
-8
-13
1
1
-2
-2
2
4
-5
0
6
-13
7
-2
-23
-7
-15
3
5
-9
-4
-9
-11
-14
-18
-16
-3
-6
-6
-9
-20
-10
-17
-19
-19
-21
-13
-33
-18
-11
-10
-26
-17
-10
-12
-8
-16
-12
-10
-10
-17
-14
-23
-13
-29
-28
-17
-17
-17
-5
-7
-15
-13
-19
-6
-13
9
-2
4
6
-20
-18
-1
15
-3
5
1
-7
-10
7
-8
-24
-12
-13
-9
-12
-22
-22
-4
-16
-7
-4
-22
-3
-4
-10
-3
-2
-21
-20
-13
-10
-18
-9
-8
-3
-1
-8
-6
-14
-9
-7
-27
-35
-21
-18
-13
-10
-3
-12
-23
-7
-10
-17
-28
-34
-25
-15
-11
-29
-25
-34
-29
-15
-23
-20
-20
-28
-35
-28
-30
-37
-41
-36
-38
-45
-43
-41
-48
-42
-44
-37
-56
-34
-31
-41
-27
-40
-39
-33
-56
-50
-32
-35
-18
-18
-32
-22
-38
-50
-30
-29
-27
-30
-39
-36
-39
-36
-38
-48
-38
-50
-50
-36
-42
-31
-29
-28
-33
-31
-28
-38
-25
-34
-41
-33
-45
-39
-30
-41
-44
-33
-29
-46
-49
-34
-26
-30
-34
-28
-25
-17
-14
-15
-2
-16
-12
-13
-3
-7
-16
-2
-7
-5
-4
-14
1
6
2
0
3
4
-4
-11
3
9
-13
-1
6
-6
-5
9
9
5
10
-3
-3
-1
5
10
14
5
10
20
26
21
17
10
10
12
23
24
9
17
23
15
27
25
13
23
16
7
15
10
6
13
19
8
-1
15
25
19
28
28
28
28
26
26
20
34
39
35
38
47
35
29
31
25
20
19
8
14
10
18
42
44
28
37
42
28
27
36
37
35
35
34
24
27
26
27
38
42
37
26
26
32
29
24
35
22
22
16
23
30
15
7
25
17
10
28
19
18
6
10
7
29
15
5
24
16
22
27
25
27
24
22
35
36
29
30
35
11
33
25
27
38
25
18
19
16
29
30
25
21
31
23
7
22
17
9
15
31
34
12
25
20
11
33
13
4
21
20
13
20
0
28
19
7
12
5
10
8
14
1
-17
-7
-4
5
11
-4
-9
0
-13
2
-11
-11
-8
-9
-2
-10
-1
-1
-9
-5
-4
-14
-17
-7
-5
-25
-16
-30
-5
-7
-18
-2
-13
-5
-6
-5
1
1
-3
-1
3
-19
7
2
-5
1
4
-15
-14
5
10
9
-20
3
4
7
5
-12
-8
-16
-12
-16
-7
-21
-11
-8
-26
-16
-1
-22
-18
-17
-21
-22
-25
-29
-19
-22
-18
-24
-30
-23
-17
-4
-20
-18
-33
-10
-20
-28
-8
-12
-5
-19
-19
-20
-16
-19
-27
-14
-20
-27
-36
-26
-32
-41
-26
-34
-32
-26
-29
-29
-49
-35
-20
-36
-29
-40
-23
-29
-39
-29
-38
-28
-18
-19
-22
-23
-12
-10
-5
-7
-21
-19
-22
-16
-25
-32
-34
-19
-14
-9
-13
-15
-17
-16
-28
-22
-31
-20
-21
-21
-11
-36
-26
-22
-36
-30
-36
-37
-32
-30
-40
-43
-42
-37
-28
-15
-26
-34
-21
-14
-23
-21
-14
-20
-19
-20
-18
-16
-15
-23
-4
-18
-16
-14
-10
-33
-46
-17
-25
-44
-27
-37
-24
-21
-47
-28
-27
-25
-26
-21
-7
2
-4
-15
0
1
-9
-8
-10
-13
-27
-25
-31
-43
-30
-24
-23
-23
-23
-32
-26
-19
-8
-16
-24
-10
-9
-1
-1
-8
-1
-13
-11
-14
-1
-1
-15
-7
-7
-21
-5
-4
-16
-3
-10
-10
6
1
-5
10
6
16
24
-2
-11
2
-3
15
11
-10
13
4
23
25
11
12
8
14
-2
3
-4
0
6
-2
2
17
18
7
-4
15
21
3
3
15
11
5
11
-3
15
3
9
2
-6
0
-8
-6
-5
-20
-9
-3
5
18
28
32
5
21
17
10
11
24
24
22
16
4
9
1
6
19
4
6
-6
-6
-1
1
14
-3
11
2
10
4
1
-3
20
28
18
17
25
14
20
31
10
10
5
8
18
8
7
18
12
4
-4
11
22
16
29
25
10
4
1
-9
-4
-18
-24
-11
-7
0
-25
-4
-19
-8
5
-3
-3
-7
-14
-26
-11
-12
-18
-28
0
-11
-24
-33
-18
-21
-19
-18
-19
-8
-17
-7
-28
-26
-27
-24
3
0
-15
0
13
16
19
9
2
1
3
13
-10
6
12
13
18
-2
16
9
28
25
9
6
10
11
16
24
23
24
16
15
8
1
-9
-9
-13
-11
-3
0
-1
-5
-12
10
6
3
-6
-10
5
-1
0
7
-6
-1
-1
-2
-23
-12
-1
-19
-2
-15
-15
-20
-33
-24
-19
-32
-28
-26
-14
-15
-17
-25
-25
-32
-24
-17
-32
-17
-26
-17
-13
-26
-34
-20
-8
-9
-17
-27
-21
-16
-17
-22
-22
-14
-4
-5
-23
-18
-24
-22
-22
-20
-8
-11
-7
-11
-9
-5
-16
-8
-16
-18
-17
-20
-23
-30
-25
-36
-13
-15
-36
-17
-14
-27
-2
-9
-9
-10
-6
-13
-16
-7
-22
-3
-17
-8
-8
-18
-17
-18
-15
-26
-34
-23
-28
-22
-15
-19
-20
-10
-18
-10
-5
-3
9
-8
-11
-10
-7
-1
-4
-8
-7
-14
-13
-5
-13
-17
-13
-11
-13
-6
-3
-12
-22
-38
-26
-12
-19
-5
3
-14
-6
-18
-14
-14
-19
-27
-28
-17
-22
-15
-16
-19
-30
-34
-35
-35
-38
-41
-39
-26
-39
-32
-37
-35
-34
-41
-27
-38
-38
-31
-27
-25
-27
-17
-17
-11
-21
-26
-21
2
-22
-25
-16
-15
-9
-14
-13
-17
-1
-9
-3
-10
-16
-17
-15
-5
1
4
-7
11
8
0
9
-7
-5
-10
10
11
10
18
19
21
15
13
12
9
0
8
-6
-7
20
20
-4
-15
-6
-8
-2
-7
-2
7
-3
1
-20
-6
4
5
2
14
11
4
-1
-14
-3
15
9
15
10
6
8
3
21
13
14
14
10
16
16
26
33
10
6
22
11
23
-4
8
2
9
17
1
15
26
14
-8
21
-4
21
7
29
47
34
39
32
38
36
26
30
38
29
40
30
34
37
36
45
35
28
23
27
26
38
29
19
25
20
19
30
17
20
16
21
11
11
11
14
4
4
2
-11
3
5
2
5
-10
-5
8
11
12
7
21
-8
15
-3
-3
5
8
9
3
0
-12
10
-8
2
-1
3
2
-8
-5
-8
-29
-23
-8
-28
-18
-20
-23
-23
-35
-27
-24
-29
-7
-1
-5
8
-2
2
-16
5
6
12
1
-12
-11
1
7
1
-6
-19
11
-8
-2
-17
-14
-10
-18
-23
-33
-32
-24
-24
-42
-36
-45
-43
-42
-18
-34
-42
-27
-36
-25
-24
-18
-22
-28
-14
-15
-11
-21
-10
-27
-48
-26
-21
-19
-21
-20
-18
-21
-9
-28
-20
-15
-44
-34
-51
-37
-39
-34
-35
-24
-47
-31
-35
-36
-27
-22
-35
-36
-22
-28
-22
-40
-51
-52
-35
-37
-42
-35
-31
-37
-25
-31
-21
-15
-16
-31
-24
-14
-21
-37
-41
-27
-29
-30
-36
-44
-42
-38
-54
-19
-17
-31
-22
-40
-21
-16
-29
-13
-12
-1
-11
0
-3
2
-14
-33
-15
-26
-23
-12
-13
12
0
-4
7
6
15
3
4
-5
-3
-13
7
-5
-18
-2
-15
0
-23
-19
-16
-46
-1
-13
-18
-12
-22
-29
-11
-20
-17
-5
-36
1
-11
-16
1
-14
9
-1
-2
-3
-6
14
-15
16
5
2
-6
-17
-15
-13
-20
-32
-33
-30
-25
-15
-12
-22
-13
-12
-19
-6
-21
15
22
11
33
-4
17
5
-13
12
-8
4
23
0
7
13
-1
14
31
17
22
35
34
18
12
25
21
44
31
34
37
15
7
15
28
18
35
31
22
34
30
31
33
39
28
28
23
20
35
26
22
16
16
26
16
5
35
13
18
31
17
26
4
19
0
16
12
-7
-15
18
15
-6
19
-13
35
17
10
23
7
11
5
-10
-20
-14
-27
-14
-12
6
-35
2
-5
-15
-2
-21
-9
-19
-10
-12
-6
-19
-11
-13
-19
5
-10
-12
-6
-22
1
1
1
-3
0
0
-12
5
-14
-6
1
-16
7
-7
-13
-1
16
5
15
10
0
20
7
-12
-11
1
-14
-4
-3
-27
-16
-4
-3
-18
-21
-8
-9
-23
-14
-2
-12
-34
-22
-40
-40
-38
-59
-41
-63
-52
-56
-58
-40
-52
-49
-60
-35
-25
-41
-30
-52
-40
-46
-28
-50
-36
-14
-61
-42
-69
-18
-22
-44
-43
-40
-22
-41
-20
-51
-29
-42
-18
-49
-41
-25
-29
-9
-21
-5
-20
-21
-35
-47
-26
-44
-22
-23
-44
0
-19
-2
-3
-26
2
-3
0
-11
12
-13
-16
9
-18
-25
-16
10
-1
47
3
9
-3
-18
0
-29
14
0
-10
-5
-5
10
3
5
-6
-8
-11
-16
-1
-12
10
10
28
33
18
32
17
6
13
-2
3
7
-4
12
26
21
13
21
14
34
14
12
13
13
35
9
14
4
1
35
-3
23
9
32
-4
12
11
-2
41
-4
43
24
5
25
-23
-11
14
-9
24
6
15
6
-7
-9
-3
-14
-7
16
11
23
14
25
29
25
25
39
31
14
61
45
41
38
32
51
37
53
7
26
42
12
34
4
12
21
-3
38
49
37
38
9
20
11
30
43
32
20
29
52
20
48
36
39
37
3
29
13
43
52
30
16
21
24
46
55
54
38
33
40
10
26
-24
11
-10
16
33
14
30
5
11
-2
-18
-5
3
6
-10
22
8
-5
4
-1
38
54
56
60
35
30
12
17
21
19
54
1
27
33
25
37
-4
46
15
15
37
15
42
6
-8
2
-8
-24
13
1
26
43
25
54
29
36
11
-4
-2
-9
6
2
26
19
16
51
16
23
-8
-7
14
-18
16
36
11
3
12
7
-8
-27
-36
-42
-33
-19
-29
-17
-3
24
-14
-21
-52
-35
-50
-17
-36
-17
-20
-8
4
-31
-15
-32
-42
-35
-4
-28
-43
-32
-50
-58
-36
20
-23
-34
-41
-48
2
-44
-4
-17
-3
-19
-26
-10
-56
-27
-31
-21
-14
-14
23
-17
-21
-21
-6
-2
-18
-11
-47
2
-50
-5
-27
-31
-5
-64
-13
-57
10
-36
-57
-10
-61
23
-4
-12
-9
-56
-10
-55
-17
-26
-12
-2
-6
29
26
56
8
-22
-5
-14
-26
-25
-2
2
-15
23
3
2
35
-14
18
-5
-3
4
-38
9
-44
-10
-29
-20
-17
-24
-21
-45
-55
-34
-19
5
4
-9
20
10
12
13
-28
-38
-7
-25
-16
-24
-38
-2
-43
13
30
18
31
9
0
10
31
25
-13
39
28
28
26
12
37
5
29
7
21
1
41
-5
32
13
42
19
49
40
46
12
-29
-21
3
-3
-3
-6
9
20
-27
13
6
17
3
14
13
25
-7
11
-38
10
-14
-44
5
-28
53
31
61
14
1
-3
-11
26
-16
72
18
45
35
-27
21
-71
-28
5
5
43
-19
-14
-37
-88
-60
-74
-115
-47
-32
9
-25
-60
-61
-122
-74
-58
-91
-90
-122
-161
-136
-83
-73
-64
-33
-76
-26
-26
18
34
21
26
17
54
60
55
50
46
36
13
4
23
-2
-12
-19
-84
-49
-113
-134
-95
-144
-96
-127
-105
-96
-110
-58
-75
22
-3
8
29
-33
11
-49
-8
18
-25
7
-1
-30
-32
-14
-76
-46
-30
-63
-46
-95
-53
-68
-81
-46
-89
-50
-72
-61
-72
-29
-34
-44
0
-24
-59
-48
-56
-103
-69
-84
-65
-63
-63
-63
-99
-67
-30
-10
-15
-10
2
-27
-55
-77
-10
-45
-41
22
20
36
-10
1
-22
-39
-22
-50
-29
18
-19
4
-26
-11
-15
-71
-38
-84
-82
-30
-70
-68
-17
-38
-16
3
-24
-24
-43
-72
-86
-105
-57
-56
-55
-4
-44
-86
-69
-75
-87
-96
-65
-98
-101
-95
-129
-80
-82
-56
6
19
41
39
54
76
82
70
80
90
62
58
49
45
59
34
6
26
20
8
50
-11
5
13
0
-2
-12
32
4
-11
-17
-45
11
36
72
118
126
114
67
63
35
84
53
52
82
40
15
-1
-20
-22
-1
20
27
14
67
79
81
87
82
87
45
29
41
42
32
-2
9
45
37
70
82
62
48
-3
3
53
36
66
87
103
93
97
89
71
39
36
84
81
77
65
99
103
145
139
133
100
106
62
35
65
41
70
64
45
72
61
50
41
34
63
42
42
57
8
32
-28
31
72
63
83
119
88
88
71
25
68
61
35
49
27
26
43
28
96
62
96
48
17
85
91
81
86
91
98
110
134
113
106
59
98
103
31
50
-6
54
-14
-4
7
9
44
-27
22
3
68
79
52
75
51
37
35
9
46
59
27
55
2
2
-17
4
35
41
63
35
-5
-4
8
-55
-29
-36
-67
14
15
4
50
16
26
25
-3
53
57
54
47
52
-12
-27
-78
-81
-74
-117
-44
-45
-31
33
-55
-12
-34
13
47
29
84
31
44
17
-27
-16
-8
-9
21
-36
20
14
-9
-15
-72
-73
-110
-93
-125
-49
-15
-46
-29
-34
-67
-22
15
-50
-24
-45
-52
17
64
97
59
55
18
24
16
46
27
-39
-71
-110
-134
-152
-82
-121
-125
-88
-127
-91
-99
-103
-91
-145
-22
-39
-2
49
-8
32
-16
-6
26
-18
33
54
39
40
54
33
-35
-22
17
-1
27
-1
-54
-34
-126
-131
-132
-103
-43
-62
20
20
47
61
23
7
12
-38
-26
-46
-68
16
5
18
11
-1
26
-2
4
30
-9
-25
-2
20
28
-8
27
18
7
-2
-60
-46
-35
-55
-37
12
-9
30
-55
-39
-24
-33
-6
-34
8
-75
-17
-30
-50
-34
-35
0
8
24
22
8
41
20
3
-49
-1
-28
-20
-23
-32
33
-11
47
-21
5
26
-25
20
-19
5
-5
-51
-13
-44
-71
-58
-56
-21
-22
-6
-77
-41
-38
-42
-25
-10
36
29
40
10
4
36
-10
44
4
-1
76
77
64
42
15
-6
-58
-62
9
3
31
11
16
52
55
25
-2
-62
-24
-39
-25
36
-8
-22
12
29
37
46
28
18
-39
-60
-25
-34
-10
7
40
33
26
17
-25
-51
-43
-43
-15
-32
-14
10
-32
13
2
20
17
90
47
6
4
-33
-11
-33
-35
-46
-9
-16
-32
-39
-37
-49
-61
-59
-42
-51
-87
-39
-39
-76
-15
-54
-38
-9
-6
-6
-17
0
11
-41
-25
16
-23
-37
-7
-27
-20
-14
-52
-24
-31
-6
-27
-17
0
11
-43
3
-45
-116
-102
-135
-127
-130
-86
-45
-35
-20
15
5
-22
-23
-17
-49
-53
-83
-95
-81
0
47
6
45
40
45
27
-9
-28
-64
-62
-78
-55
-62
-60
-76
-54
-83
-51
-25
-32
4
-22
-94
-58
-52
-94
-46
-60
5
16
-22
70
35
26
44
74
82
-11
-4
-65
-71
-6
-77
-89
-108
-145
-117
-64
-44
-9
-37
-59
-46
-75
5
8
-15
12
-14
15
-18
-43
-40
-30
-12
-62
-49
-61
-42
-13
-21
6
-12
-28
-50
-80
-80
-81
-87
-91
-70
-75
-54
23
47
2
-23
-71
-100
-106
-78
-101
-109
-40
8
32
-11
7
-4
-36
-52
-70
-45
-51
-43
-52
-40
-61
-71
-68
-84
-58
-39
-62
-45
-41
-23
31
-17
-22
-11
-27
-21
-15
-60
-94
-102
-81
-51
-25
-11
22
36
9
28
6
24
9
-9
-13
-14
-43
-58
-2
20
38
42
18
34
55
50
74
40
6
19
3
23
53
17
4
-9
-9
4
-34
-2
8
-6
63
25
-16
23
-28
19
6
13
21
-6
6
36
3
-1
9
-41
-51
-45
-62
-40
-74
-56
-17
1
39
55
63
65
59
45
31
24
-6
-3
-17
-21
-11
-21
-25
-72
-39
-21
-10
-23
-36
-2
-27
-18
6
-11
-22
-12
5
2
8
-10
-44
-53
-47
-30
-18
-21
-14
-21
-44
-25
-1
-31
-43
-68
-89
-76
-67
-61
-40
-45
-47
-55
-38
-1
6
18
38
41
30
51
36
24
3
10
22
31
11
19
0
-24
-12
-29
-41
-54
-32
-47
-61
-41
-22
-19
12
-12
-3
-17
-25
-1
-22
-29
-60
-69
-81
-66
-39
-47
-18
-2
-29
-40
-46
-30
-53
-69
-72
-78
-80
-82
-83
-105
-108
-100
-103
-101
-76
-86
-72
-66
-68
-43
-22
-25
-38
-44
-67
-51
-61
-62
-34
-48
-36
-31
-50
-47
-49
-32
-2
-8
-5
11
20
61
58
51
84
86
90
113
110
93
117
96
115
126
139
150
167
174
177
175
170
179
152
153
159
155
134
115
116
116
127
144
156
184
200
226
237
237
231
208
210
192
177
147
123
112
83
61
36
8
-11
-41
-64
-72
-108
-135
-184
-215
-246
-300
-339
-370
-393
-417
-422
-421
-424
-439
-435
-450
-457
-471
-450
-436
-441
-421
-387
-387
-394
-398
-394
-384
-384
-360
-359
-353
-309
-274
-247
-195
-188
-175
-145
-128
-65
-35
-12
43
84
105
158
210
248
325
344
387
433
463
556
583
644
682
719
760
799
864
901
961
1014
1066
1115
1185
1255
1310
1326
1328
1287
1148
991
808
555
287
-25
-336
-612
-890
-1106
-1276
-1369
-1405
-1386
-1306
-1131
-950
-776
-589
-430
-277
-166
-76
-10
57
95
127
157
182
267
342
391
455
508
536
545
515
432
317
137
-89
-303
-540
-815
-1070
-1259
-1412
-1511
-1565
-1532
-1447
-1338
-1189
-1031
-863
-709
-598
-528
-449
-391
-360
-312
-284
-247
-236
-220
-184
-156
-154
-136
-113
-114
-80
-63
-50
-52
-46
-52
-37
-26
28
59
99
205
298
391
512
667
784
955
1088
1255
1420
1549
1732
1851
1988
2069
2116
2109
2001
1866
1577
1304
947
533
84
-360
-792
-1199
-1496
-1755
-1890
-1964
-1953
-1861
-1666
-1395
-1126
-829
-554
-291
-63
131
263
370
448
485
544
595
669
724
808
876
946
998
1022
990
922
794
609
359
64
-230
-555
-874
-1202
-1481
-1701
-1833
-1898
-1893
-1787
-1654
-1426
-1201
-936
-668
-453
-264
-134
-26
3
8
-7
-23
-73
-128
-138
-164
-155
-158
-142
-116
-126
-122
-139
-176
-224
-306
-375
-464
-528
-584
-627
-642
-632
-567
-492
-378
-229
-50
164
391
607
823
1037
1229
1393
1514
1658
1799
1908
2042
2168
2281
2357
2401
2343
2255
2039
1705
1388
954
480
-27
-549
-1015
-1428
-1794
-2062
-2211
-2284
-2251
-2132
-1908
-1595
-1280
-956
-618
-293
-24
230
414
604
729
810
909
966
1040
1099
1148
1163
1195
1193
1136
1044
895
713
437
134
-200
-561
-914
-1253
-1574
-1831
-2008
-2157
-2213
-2145
-2020
-1825
-1592
-1305
-983
-687
-422
-191
8
149
228
253
253
207
139
59
-29
-83
-150
-212
-242
-261
-291
-298
-304
-344
-394
-442
-482
-516
-563
-583
-581
-550
-479
-355
-152
49
289
561
860
1151
1435
1685
1945
2184
2413
2623
2769
2890
2915
2893
2767
2582
2288
1887
1449
944
423
-159
-701
-1194
-1629
-2032
-2325
-2496
-2588
-2554
-2449
-2237
-1946
-1647
-1310
-957
-601
-246
62
340
597
799
965
1121
1251
1342
1413
1482
1512
1522
1485
1396
1269
1053
816
517
154
-204
-620
-1028
-1398
-1776
-2057
-2270
-2404
-2448
-2435
-2297
-2116
-1870
-1591
-1268
-950
-620
-326
-77
143
286
412
450
475
461
403
336
260
164
72
-8
-85
-158
-238
-308
-380
-449
-506
-583
-651
-712
-755
-784
-785
-741
-684
-536
-369
-148
101
372
659
962
1271
1622
1930
2226
2493
2746
3010
3152
3252
3243
3141
2967
2650
2212
1706
1137
509
-130
-764
-1328
-1827
-2272
-2577
-2784
-2877
-2849
-2739
-2500
-2197
-1864
-1485
-1102
-747
-382
-46
244
529
764
993
1201
1381
1543
1688
1786
1848
1880
1844
1753
1587
1335
1034
677
242
-211
-661
-1112
-1531
-1909
-2196
-2374
-2520
-2548
-2488
-2335
-2089
-1837
-1525
-1203
-928
-622
-316
-103
126
271
371
466
495
504
490
460
414
358
283
212
121
-1
-125
-265
-390
-503
-644
-746
-850
-944
-959
-968
-926
-835
-719
-578
-354
-108
174
462
756
1091
1375
1665
1958
2262
2505
2767
3011
3171
3283
3302
3235
3059
2738
2307
1806
1225
582
-88
-757
-1372
-1925
-2430
-2768
-2987
-3114
-3110
-2989
-2745
-2401
-2004
-1583
-1162
-749
-319
65
376
661
928
1136
1312
1470
1613
1721
1790
1845
1859
1813
1735
1570
1350
1079
728
300
-132
-614
-1065
-1489
-1902
-2208
-2477
-2659
-2724
-2701
-2577
-2374
-2126
-1794
-1425
-1049
-680
-325
-11
256
473
650
771
802
812
765
690
616
492
357
234
94
-75
-161
-302
-427
-539
-660
-771
-870
-940
-994
-1037
-1035
-989
-923
-797
-619
-392
-135
163
501
849
1204
1556
1888
2195
2487
2766
3007
3228
3366
3423
3366
3234
3016
2625
2158
1579
971
286
-398
-1062
-1650
-2160
-2639
-2982
-3209
-3248
-3223
-3088
-2810
-2473
-2094
-1665
-1198
-751
-332
65
418
755
1031
1266
1486
1647
1805
1931
2008
2048
2021
1945
1825
1618
1346
1017
640
205
-269
-737
-1163
-1591
-1953
-2245
-2462
-2601
-2651
-2587
-2436
-2221
-1968
-1644
-1309
-948
-603
-284
11
267
471
625
744
795
815
774
721
635
527
388
250
107
-46
-202
-355
-477
-593
-717
-809
-866
-917
-946
-930
-889
-803
-698
-557
-357
-141
128
401
715
1037
1360
1675
1957
2255
2545
2787
3068
3259
3377
3414
3313
3158
2822
2414
1868
1251
597
-122
-800
-1448
-1988
-2511
-2905
-3182
-3301
-3290
-3193
-2947
-2632
-2230
-1821
-1370
-921
-485
-68
282
643
939
1220
1461
1633
1802
1937
2031
2106
2110
2084
1980
1796
1561
1264
899
461
19
-509
-994
-1459
-1906
-2261
-2559
-2768
-2881
-2888
-2781
-2549
-2296
-1972
-1577
-1167
-766
-391
-25
280
541
718
849
916
916
884
792
689
568
447
314
191
62
-86
-206
-330
-434
-562
-684
-767
-854
-932
-974
-975
-963
-905
-786
-601
-371
-113
203
541
910
1290
1637
1989
2322
2625
2901
3152
3363
3472
3502
3379
3205
2913
2456
1919
1312
673
-65
-748
-1400
-1942
-2464
-2892
-3164
-3326
-3345
-3266
-3052
-2749
-2379
-1992
-1534
-1080
-632
-194
172
529
843
1128
1375
1605
1761
1892
1998
2062
2080
2035
1955
1789
1556
1236
898
490
41
-461
-930
-1370
-1790
-2144
-2427
-2591
-2745
-2748
-2628
-2433
-2165
-1875
-1498
-1110
-747
-415
-54
212
458
621
733
843
851
829
761
674
542
411
270
148
2
-167
-308
-442
-568
-663
-771
-861
-940
-997
-1024
-1004
-938
-883
-766
-605
-393
-174
86
395
696
1005
1319
1615
1917
2201
2432
2653
2872
3079
3228
3303
3273
3144
2950
2614
2157
1596
974
304
-395
-1109
-1738
-2279
-2795
-3151
-3394
-3460
-3404
-3242
-2960
-2601
-2149
-1686
-1185
-701
-218
194
555
888
1154
1399
1621
1772
1869
1977
2028
2056
2051
1956
1836
1666
1380
1058
702
281
-206
-714
-1173
-1630
-2025
-2388
-2636
-2787
-2868
-2816
-2663
-2403
-2100
-1759
-1354
-936
-536
-140
185
466
679
813
894
924
892
809
700
584
461
313
168
38
-97
-225
-340
-435
-538
-646
-734
-826
-908
-959
-995
-1002
-951
-902
-786
-588
-390
-145
146
477
807
1139
1462
1767
2058
2337
2600
2809
3030
3196
3265
3295
3182
3015
2715
2274
1765
1166
511
-193
-876
-1539
-2081
-2593
-3023
-3299
-3430
-3431
-3308
-3049
-2727
-2306
-1882
-1380
-909
-444
9
395
747
1035
1284
1515
1717
1807
1915
2000
2053
2023
1968
1856
1689
1428
1092
756
336
-114
-649
-1125
-1565
-1978
-2367
-2627
-2779
-2896
-2867
-2738
-2523
-2234
-1878
-1495
-1071
-679
-271
108
386
651
810
929
1008
985
936
830
712
564
390
214
56
-99
-272
-419
-538
-657
-784
-895
-961
-1000
-1068
-1096
-1077
-1033
-940
-841
-685
-469
-233
10
310
626
918
1212
1501
1790
2053
2271
2487
2710
2906
3083
3178
3217
3138
2978
2734
2314
1810
1213
551
-159
-846
-1536
-2140
-2666
-3103
-3423
-3580
-3563
-3441
-3169
-2816
-2359
-1879
-1366
-849
-348
112
514
875
1186
1420
1619
1794
1879
1957
2022
2046
2029
1957
1840
1665
1419
1105
769
380
-81
-565
-1051
-1524
-1950
-2299
-2603
-2783
-2895
-2864
-2742
-2519
-2203
-1853
-1446
-1026
-589
-204
156
465
709
863
935
981
939
845
752
637
474
312
172
20
-111
-255
-374
-463
-574
-699
-795
-868
-953
-1013
-1058
-1060
-1039
-986
-896
-768
-562
-349
-111
184
479
760
1059
1341
1596
1834
2016
2210
2402
2579
2747
2889
2974
2996
2903
2738
2505
2102
1625
1057
437
-234
-936
-1587
-2133
-2628
-3031
-3298
-3431
-3407
-3280
-3019
-2653
-2221
-1737
-1239
-724
-234
210
583
923
1209
1427
1614
1752
1827
1905
1939
1929
1908
1826
1702
1525
1300
991
659
284
-161
-608
-1093
-1528
-1923
-2274
-2551
-2718
-2817
-2799
-2683
-2453
-2149
-1813
-1404
-994
-559
-168
194
486
698
882
959
1002
947
852
732
585
428
235
64
-103
-259
-395
-524
-616
-702
-793
-878
-948
-987
-1027
-1048
-1056
-1040
-992
-895
-748
-580
-380
-158
116
379
654
926
1200
1432
1647
1842
1987
2138
2265
2390
2522
2658
2746
2770
2734
2601
2411
2053
1662
1169
572
-37
-700
-1368
-1987
-2478
-2922
-3207
-3401
-3432
-3312
-3056
-2660
-2208
-1704
-1181
-629
-142
357
772
1107
1353
1530
1654
1729
1769
1767
1758
1703
1659
1582
1484
1365
1202
967
702
397
20
-351
-800
-1238
-1627
-2004
-2323
-2536
-2663
-2709
-2626
-2450
-2153
-1791
-1380
-980
-542
-159
189
492
703
850
911
910
856
756
595
450
286
136
5
-108
-195
-268
-349
-400
-442
-479
-553
-602
-663
-733
-797
-855
-872
-875
-825
-762
-638
-472
-250
-22
228
516
767
1032
1276
1487
1653
1787
1925
2003
2085
2181
2294
2386
2431
2470
2432
2346
2201
1904
1556
1116
610
40
-569
-1186
-1730
-2205
-2648
-2957
-3144
-3164
-3075
-2861
-2529
-2094
-1635
-1119
-605
-158
313
693
1010
1266
1440
1551
1643
1687
1679
1683
1649
1599
1536
1462
1345
1182
962
720
438
98
-261
-644
-1036
-1406
-1756
-2049
-2249
-2374
-2403
-2323
-2181
-1949
-1642
-1309
-953
-609
-277
30
293
492
624
670
692
635
554
463
359
267
144
49
-26
-93
-142
-200
-240
-289
-357
-401
-480
-532
-611
-691
-726
-773
-777
-753
-669
-544
-408
-234
-12
216
449
675
899
1092
1265
1404
1500
1596
1677
1738
1827
1928
2043
2185
2287
2377
2386
2341
2199
1936
1602
1154
637
78
-522
-1134
-1661
-2135
-2540
-2810
-2952
-2952
-2809
-2572
-2238
-1823
-1400
-929
-473
-65
318
640
874
1068
1239
1317
1384
1414
1436
1453
1447
1445
1421
1366
1278
1151
985
787
497
185
-159
-560
-937
-1294
-1645
-1936
-2130
-2273
-2307
-2266
-2137
-1922
-1674
-1398
-1045
-720
-423
-135
95
271
395
481
521
520
458
392
316
218
133
53
-14
-91
-153
-207
-226
-278
-346
-402
-469
-504
-581
-628
-665
-706
-701
-685
-589
-517
-386
-199
-53
153
343
524
713
852
998
1089
1197
1275
1355
1426
1525
1624
1757
1931
2082
2223
2324
2342
2280
2143
1865
1529
1092
564
5
-578
-1134
-1634
-2091
-2416
-2647
-2763
-2712
-2586
-2321
-1980
-1611
-1189
-772
-390
-21
305
551
748
915
1036
1141
1222
1280
1325
1379
1424
1468
1475
1442
1399
1265
1100
875
575
234
-157
-575
-962
-1339
-1677
-1952
-2151
-2277
-2296
-2235
-2111
-1885
-1619
-1318
-1010
-723
-432
-171
18
185
287
347
373
361
343
314
272
214
194
172
156
124
101
69
33
-20
-86
-167
-260
-356
-460
-521
-605
-629
-646
-620
-541
-459
-336
-185
-13
136
280
427
555
632
719
772
813
831
864
897
980
1076
1215
1427
1630
1863
2085
2286
2388
2431
2386
2202
1910
1510
1045
516
-63
-646
-1158
-1638
-2046
-2339
-2509
-2548
-2477
-2294
-2047
-1711
-1362
-999
-643
-290
-6
235
449
621
753
859
977
1051
1141
1246
1337
1420
1474
1496
1494
1418
1249
1057
789
483
100
-321
-721
-1112
-1491
-1810
-2031
-2227
-2314
-2303
-2205
-2036
-1823
-1572
-1295
-1000
-734
-482
-270
-77
63
178
297
326
354
373
396
402
393
384
376
392
367
353
322
240
164
51
-66
-179
-317
-430
-539
-621
-682
-690
-679
-640
-584
-488
-352
-249
-121
-17
87
185
260
332
397
460
538
647
773
912
1106
1307
1561
1862
2113
2335
2487
2597
2604
2506
2264
1943
1507
1004
463
-106
-645
-1178
-1624
-2019
-2264
-2423
-2424
-2341
-2204
-1954
-1701
-1364
-1053
-744
-459
-217
4
201
374
517
668
790
946
1086
1234
1372
1494
1585
1601
1590
1508
1359
1129
847
475
80
-373
-815
-1219
-1597
-1900
-2173
-2318
-2362
-2318
-2220
-2041
-1821
-1544
-1267
-973
-688
-443
-240
-41
108
234
353
420
507
560
615
665
695
730
719
701
656
580
489
362
193
8
-186
-389
-569
-746
-882
-983
-1042
-1074
-1050
-985
-897
-788
-669
-541
-404
-271
-152
-43
60
163
279
415
555
705
867
1053
1258
1488
1734
1979
2235
2466
2654
2795
2868
2822
2655
2394
2021
1545
1000
412
-163
-743
-1306
-1760
-2118
-2383
-2515
-2540
-2467
-2295
-2064
-1782
-1484
-1177
-888
-609
-364
-126
94
276
467
635
843
1051
1270
1463
1662
1800
1901
1928
1885
1781
1538
1215
841
398
-95
-555
-1043
-1461
-1806
-2086
-2228
-2296
-2260
-2160
-1979
-1755
-1485
-1196
-944
-671
-427
-240
-63
79
206
327
431
538
626
722
803
884
923
922
884
813
716
546
347
131
-110
-338
-550
-757
-896
-1030
-1137
-1135
-1115
-1066
-966
-842
-717
-597
-445
-339
-244
-149
-67
20
70
130
190
273
340
422
534
669
822
963
1109
1291
1476
1638
1825
1988
2130
2224
2275
2312
2254
2116
1934
1661
1340
939
500
83
-353
-797
-1207
-1530
-1802
-1998
-2105
-2139
-2095
-2004
-1832
-1625
-1389
-1120
-851
-585
-309
-56
193
447
682
899
1111
1297
1436
1562
1663
1701
1675
1593
1472
1293
1036
743
439
105
-262
-619
-917
-1178
-1422
-1603
-1682
-1749
-1767
-1720
-1619
-1492
-1368
-1192
-1017
-848
-651
-453
-274
-82
69
240
385
518
628
706
754
750
743
685
604
480
357
206
44
-106
-241
-381
-489
-587
-662
-719
-763
-796
-815
-816
-818
-794
-765
-733
-682
-594
-517
-410
-271
-111
40
219
364
515
666
794
941
1056
1146
1235
1332
1441
1554
1683
1815
1942
2063
2158
2247
2277
2219
2053
1832
1528
1123
618
105
-404
-932
-1419
-1862
-2177
-2396
-2508
-2501
-2365
-2176
-1914
-1623
-1293
-947
-621
-313
-48
215
463
651
835
1036
1211
1387
1548
1672
1814
1894
1890
1818
1678
1494
1204
855
452
42
-391
-843
-1248
-1563
-1841
-2031
-2133
-2178
-2143
-2065
-1916
-1723
-1527
-1319
-1103
-852
-615
-380
-151
91
312
537
738
906
1071
1178
1221
1245
1176
1016
872
671
409
139
-121
-368
-588
-814
-992
-1110
-1205
-1246
-1263
-1231
-1193
-1124
-1029
-911
-778
-626
-443
-278
-67
113
312
516
681
814
919
1001
1047
1056
1073
1055
1022
991
957
949
964
983
1015
1104
1170
1289
1397
1457
1503
1506
1440
1310
1123
899
618
307
-53
-379
-617
-876
-1053
-1188
-1209
-1220
-1194
-1105
-985
-836
-755
-648
-552
-432
-320
-213
-72
61
221
426
605
820
1023
1195
1329
1374
1409
1374
1218
1011
759
466
136
-204
-511
-764
-1003
-1229
-1364
-1443
-1461
-1452
-1409
-1343
-1255
-1163
-1048
-915
-779
-648
-487
-319
-146
45
216
378
515
620
692
720
682
615
512
379
204
28
-144
-310
-475
-599
-684
-725
-765
-791
-753
-698
-651
-582
-467
-365
-261
-143
-5
136
270
381
483
573
612
635
616
571
484
375
280
162
80
-14
-71
-99
-88
-24
60
171
318
497
683
897
1128
1346
1540
1737
1873
1966
2016
1989
1880
1731
1495
1186
819
437
101
-289
-632
-957
-1205
-1410
-1565
-1647
-1659
-1640
-1576
-1473
-1365
-1150
-942
-747
-514
-241
48
331
602
851
1088
1273
1410
1507
1554
1500
1377
1214
1031
802
510
255
11
-244
-491
-720
-892
-1040
-1173
-1282
-1341
-1394
-1434
-1425
-1401
-1318
-1221
-1082
-920
-712
-516
-279
-42
164
325
469
592
639
667
657
595
518
435
345
254
158
63
-4
-53
-99
-146
-179
-217
-251
-296
-335
-348
-370
-395
-384
-396
-397
-383
-370
-336
-345
-339
-335
-314
-306
-283
-239
-187
-105
-4
123
273
431
593
775
945
1102
1251
1407
1552
1670
1785
1899
1994
2043
2058
2044
1975
1819
1601
1339
998
576
127
-310
-700
-1069
-1385
-1606
-1751
-1822
-1807
-1732
-1605
-1416
-1246
-1059
-845
-607
-385
-170
52
289
527
767
985
1192
1371
1506
1567
1545
1515
1413
1217
975
724
440
109
-173
-411
-675
-917
-1137
-1309
-1422
-1515
-1588
-1638
-1615
-1578
-1493
-1347
-1175
-977
-762
-533
-306
-76
123
322
468
567
634
685
671
638
625
554
485
393
310
218
126
33
-79
-188
-319
-432
-516
-616
-683
-741
-782
-785
-783
-749
-706
-643
-590
-532
-448
-366
-279
-200
-116
-7
105
197
316
419
513
595
644
710
763
814
841
891
926
989
1056
1131
1231
1304
1442
1569
1660
1724
1757
1730
1614
1434
1222
940
586
210
-154
-461
-734
-956
-1122
-1219
-1261
-1274
-1241
-1187
-1106
-1042
-959
-848
-712
-547
-386
-189
52
290
526
744
923
1110
1197
1223
1209
1149
1062
897
750
596
415
213
44
-119
-301
-526
-722
-893
-1070
-1220
-1355
-1418
-1447
-1429
-1361
-1245
-1096
-934
-781
-603
-427
-286
-143
-6
99
205
316
399
507
587
646
682
664
627
569
481
346
196
78
-68
-234
-358
-471
-578
-625
-693
-743
-769
-807
-808
-787
-742
-692
-611
-499
-379
-228
-79
35
156
244
308
369
391
416
450
493
554
632
729
829
955
1067
1194
1323
1420
1508
1585
1686
1730
1792
1817
1787
1701
1550
1355
1086
784
402
30
-312
-632
-879
-1093
-1243
-1299
-1319
-1292
-1252
-1192
-1126
-1076
-989
-871
-721
-551
-355
-132
124
400
644
860
1058
1186
1265
1262
1232
1175
1026
843
681
528
342
165
-29
-227
-440
-673
-882
-1078
-1249
-1414
-1535
-1567
-1562
-1503
-1413
-1265
-1061
-864
-657
-446
-258
-63
117
255
426
580
685
767
804
814
783
709
580
409
237
38
-137
-308
-453
-551
-647
-713
-766
-797
-788
-815
-845
-846
-853
-813
-753
-684
-566
-417
-259
-93
74
231
350
457
520
583
637
696
728
781
843
902
955
1014
1062
1077
1099
1103
1101
1102
1111
1140
1189
1245
1312
1326
1273
1174
1017
816
547
206
-114
-400
-590
-733
-829
-881
-898
-874
-845
-798
-783
-773
-769
-752
-680
-585
-458
-283
-112
78
267
437
555
619
621
605
580
526
493
425
363
321
276
232
173
72
-61
-246
-448
-607
-763
-894
-990
-1041
-1021
-945
-840
-759
-665
-595
-526
-463
-415
-387
-343
-281
-223
-148
-87
-19
57
81
69
63
41
17
-53
-101
-134
-180
-172
-184
-180
-180
-219
-263
-300
-347
-430
-482
-492
-503
-463
-391
-322
-207
-114
-54
34
71
83
88
78
91
105
152
220
293
384
512
622
710
816
886
942
1008
1044
1102
1161
1249
1338
1424
1548
1612
1635
1562
1428
1238
992
697
388
112
-107
-292
-411
-500
-603
-693
-793
-902
-1022
-1130
-1212
-1232
-1228
-1166
-1043
-885
-692
-486
-279
-86
89
221
320
376
442
526
630
731
816
911
964
985
938
852
709
524
336
127
-75
-241
-386
-529
-662
-743
-780
-880
-973
-1087
-1162
-1229
-1260
-1209
-1155
-1030
-872
-666
-466
-271
-119
1
102
196
282
351
420
493
553
622
696
712
698
667
602
503
398
288
185
97
-12
-114
-164
-205
-267
-332
-356
-351
-366
-361
-323
-273
-175
-76
33
164
236
377
501
596
667
701
743
754
779
754
749
730
725
719
696
662
634
588
573
570
530
491
427
348
258
173
69
-18
-90
-126
-140
-151
-132
-133
-124
-101
-96
-102
-110
-111
-98
-83
-55
-44
-39
-22
-13
7
-16
-31
-40
-49
-28
-1
39
80
100
120
123
96
71
38
-49
-100
-158
-220
-241
-261
-273
-296
-308
-300
-305
-310
-293
-287
-270
-231
-206
-153
-105
-49
3
55
91
115
138
161
192
216
218
232
225
213
218
178
122
81
26
-51
-112
-170
-219
-257
-291
-331
-358
-373
-406
-426
-415
-410
-387
-334
-256
-204
-130
-49
14
85
132
172
197
214
235
246
244
225
210
183
169
132
81
41
-2
-40
-84
-118
-144
-175
-206
-217
-247
-275
-274
-269
-280
-286
-265
-247
-211
-194
-154
-104
-74
-51
-26
0
26
60
80
116
152
183
211
247
257
283
286
270
236
194
179
135
87
46
14
-38
-74
-106
-151
-188
-195
-216
-233
-223
-211
-171
-142
-127
-72
-32
21
39
93
135
146
177
190
202
214
210
195
207
169
158
145
108
82
48
2
-31
-57
-103
-121
-166
-203
-223
-244
-251
-270
-249
-237
-227
-214
-196
-187
-188
-166
-153
-135
-120
-103
-77
-55
-29
-13
13
54
85
105
122
142
162
167
177
180
179
180
171
162
148
123
126
97
70
38
20
2
-35
-61
-78
-102
-141
-151
-161
-162
-167
-152
-142
-108
-96
-74
-39
-9
-1
18
28
64
109
125
163
188
207
220
218
197
193
162
118
78
29
-15
-50
-98
-147
-142
-140
-147
-154
-159
-214
-216
-219
-210
-163
-145
-102
-87
-41
-2
5
-16
-44
-36
-11
23
74
104
116
138
136
125
100
54
1
-19
-17
-20
-14
-12
-37
-64
-78
-98
-134
-164
-168
-187
-188
-239
-338
-455
-512
-504
-456
-374
-325
-296
-255
-215
-227
-243
-269
-238
-146
-19
119
187
198
183
138
65
-87
-196
-239
-209
-134
-104
-127
-174
-162
-170
-210
-235
-292
-345
-294
-225
-182
-152
-184
-212
-246
-263
-297
-289
-283
-267
-193
-89
14
93
155
187
240
238
220
182
189
207
185
197
181
188
191
175
161
110
97
57
14
-4
-43
-54
-51
-24
-7
-9
-27
-72
-112
-149
-200
-233
-231
-195
-163
-112
-76
-43
-16
-19
-4
14
13
23
21
41
79
100
133
142
112
64
17
-36
-69
-84
-101
-101
-91
-78
-92
-87
-141
-149
-164
-205
-218
-262
-282
-310
-296
-307
-301
-278
-261
-250
-217
-190
-152
-119
-97
-68
-56
-36
-4
32
45
70
95
96
93
110
122
151
162
147
148
176
198
196
185
164
162
162
153
134
127
162
178
194
213
218
265
311
334
392
436
439
443
431
406
375
342
326
318
295
292
267
257
245
221
207
187
189
161
148
133
93
90
59
31
6
-3
-13
-29
-41
-60
-49
-35
-19
-15
-4
1
-3
7
-3
-13
-21
-35
-38
-61
-64
-88
-118
-140
-163
-175
-186
-187
-181
-182
-160
-159
-160
-143
-138
-150
-163
-145
-130
-112
-94
-87
-70
-74
-83
-97
-137
-168
-188
-216
-239
-251
-279
-268
-272
-299
-322
-322
-333
-348
-341
-304
-280
-237
-178
-144
-85
-48
-1
20
58
84
100
132
178
208
220
275
283
299
329
342
364
367
365
393
422
413
422
431
439
437
424
402
344
321
287
270
265
263
244
223
222
190
178
158
121
131
108
94
93
100
100
100
98
121
130
127
111
97
95
93
84
82
108
90
102
73
65
18
-29
-52
-98
-130
-164
-187
-196
-201
-209
-206
-215
-207
-221
-231
-228
-210
-183
-146
-99
-74
-28
-9
7
2
-24
-39
-55
-85
-103
-107
-130
-164
-186
-233
-268
-296
-336
-360
-397
-398
-391
-377
-339
-308
-260
-228
-208
-190
-165
-138
-96
-54
-11
30
63
113
164
191
188
204
180
169
150
131
136
132
154
158
180
181
205
213
194
176
180
174
159
183
208
254
289
311
299
304
292
303
310
297
313
335
372
386
375
370
356
320
279
208
155
131
106
90
67
56
31
12
-12
-41
-50
-71
-85
-95
-116
-132
-127
-114
-109
-114
-116
-105
-99
-84
-76
-47
-36
-13
10
9
22
29
46
40
43
43
23
18
-13
-43
-52
-83
-104
-126
-142
-161
-195
-213
-275
-300
-322
-343
-314
-307
-284
-241
-209
-158
-137
-103
-70
-65
-18
-9
9
26
23
27
14
7
-22
-30
-53
-60
-90
-109
-113
-133
-121
-102
-87
-68
-46
-59
-68
-67
-55
-77
-67
-61
-33
-16
13
69
102
144
188
238
249
273
268
280
294
302
332
347
356
340
313
284
224
189
156
124
110
88
74
47
23
-5
-34
-68
-90
-98
-92
-82
-80
-57
-31
2
3
25
35
13
28
35
57
72
70
92
127
135
135
129
111
91
71
28
4
-17
-38
-50
-69
-89
-131
-149
-199
-218
-215
-233
-232
-211
-191
-172
-123
-93
-77
-41
-8
14
22
38
61
102
105
117
126
124
99
62
40
17
-26
-62
-93
-121
-155
-174
-190
-223
-258
-267
-272
-282
-259
-259
-220
-172
-134
-95
-75
-55
-42
-22
9
36
67
101
126
140
163
177
180
205
217
254
286
277
282
256
230
201
173
117
85
58
32
17
-20
-38
-64
-78
-71
-88
-90
-67
-87
-47
-28
-11
-5
-2
2
16
28
33
70
93
131
159
178
180
193
173
155
146
119
121
92
75
45
26
5
-19
-40
-58
-90
-99
-122
-145
-147
-145
-134
-135
-113
-92
-74
-53
-52
-45
-38
-21
23
38
50
55
80
81
59
53
37
26
6
-3
-20
-59
-72
-88
-102
-139
-159
-185
-206
-207
-231
-217
-203
-210
-186
-176
-158
-142
-135
-114
-107
-102
-100
-99
-79
-67
-61
-52
-64
-46
-39
-29
2
-13
16
47
52
71
82
87
75
83
78
74
74
76
75
70
82
72
71
58
51
41
32
34
43
36
21
8
-20
-21
-42
-61
-74
-71
-77
-93
-72
-48
-36
-14
5
36
59
80
107
148
153
152
164
177
161
131
115
84
70
68
40
24
1
-46
-76
-100
-119
-157
-174
-179
-186
-176
-170
-169
-162
-145
-125
-101
-70
-39
-26
9
24
39
61
88
103
108
109
108
100
93
72
45
51
26
4
-14
-50
-72
-110
-148
-171
-200
-236
-239
-227
-258
-247
-229
-221
-203
-199
-163
-156
-140
-118
-85
-50
-11
2
1
23
30
55
57
68
66
55
46
60
62
66
62
59
48
57
44
34
17
6
-8
-21
-35
-61
-68
-91
-97
-116
-130
-127
-131
-125
-133
-97
-87
-69
-65
-66
-30
-24
17
37
68
105
144
152
176
187
193
190
179
169
156
166
135
95
74
-3
-47
-83
-148
-192
-233
-272
-279
-277
-282
-287
-281
-277
-247
-236
-211
-169
-123
-77
-35
18
58
98
135
168
187
208
215
226
217
209
185
167
130
106
60
13
-39
-111
-154
-205
-240
-279
-316
-325
-339
-348
-352
-335
-312
-302
-272
-236
-203
-188
-139
-102
-80
-40
-15
34
50
84
118
143
160
160
177
157
123
132
88
54
28
-10
-42
-70
-92
-111
-123
-138
-161
-179
-171
-167
-155
-153
-129
-95
-77
-49
-13
-2
16
24
40
48
53
60
66
78
74
80
85
76
75
70
61
50
55
47
33
19
4
-1
-16
-43
-48
-74
-109
-107
-130
-143
-163
-152
-158
-157
-146
-149
-144
-145
-122
-118
-112
-104
-65
-34
-27
-25
7
15
41
57
57
63
68
74
77
79
61
62
50
32
29
8
2
-30
-49
-58
-95
-135
-174
-176
-196
-223
-249
-271
-258
-267
-256
-246
-236
-226
-191
-163
-154
-129
-94
-40
-17
31
60
89
122
145
161
160
150
131
109
95
71
46
13
-10
-36
-67
-94
-130
-158
-168
-175
-175
-177
-174
-157
-146
-119
-92
-77
-68
-59
-37
-42
-28
-12
-15
13
21
37
23
13
22
2
-13
-17
-47
-55
-64
-68
-64
-84
-96
-96
-91
-93
-93
-82
-82
-87
-70
-60
-71
-70
-58
-52
-51
-61
-36
-39
-53
-51
-48
-41
-61
-56
-45
-39
-29
-20
-15
6
15
23
32
43
63
57
66
73
78
70
59
59
49
22
4
1
-23
-59
-87
-115
-155
-185
-208
-229
-244
-263
-262
-242
-245
-225
-212
-195
-160
-135
-85
-54
5
37
75
129
149
179
195
216
209
220
214
200
175
145
92
68
17
-28
-61
-114
-147
-176
-198
-217
-244
-236
-229
-230
-216
-190
-177
-148
-122
-98
-60
-18
-4
13
33
47
67
71
86
76
74
69
56
23
16
-2
-24
-58
-63
-88
-117
-104
-142
-135
-143
-156
-154
-167
-150
-129
-114
-105
-94
-71
-46
-38
-24
-16
0
11
10
31
41
40
47
40
31
42
53
39
51
53
50
58
41
28
44
40
10
12
-24
-32
-43
-74
-82
-114
-122
-135
-136
-157
-161
-172
-190
-179
-180
-169
-165
-148
-148
-150
-146
-135
-124
-122
-121
-105
-89
-78
-42
-30
-8
25
42
72
69
68
62
57
30
22
11
-38
-50
-68
-102
-118
-130
-136
-144
-171
-172
-156
-157
-148
-149
-120
-111
-85
-65
-44
-40
-30
-16
-10
0
-5
1
0
26
29
34
20
16
4
-17
-31
-43
-62
-86
-97
-103
-125
-119
-137
-116
-98
-73
-52
-34
-6
11
28
48
63
53
84
90
87
74
69
55
34
43
26
4
-12
-13
-12
-35
-46
-59
-69
-56
-81
-82
-76
-96
-100
-105
-86
-79
-71
-41
-16
-2
5
12
28
49
80
63
63
60
50
33
-6
-12
-33
-61
-93
-109
-106
-130
-155
-143
-149
-143
-126
-133
-100
-81
-65
-43
-18
-2
3
25
37
48
59
62
65
76
83
95
106
97
98
87
70
60
37
29
15
-17
-19
-38
-67
-64
-82
-104
-104
-110
-99
-104
-93
-82
-76
-59
-37
-34
-31
-24
-20
-18
-4
-4
0
6
4
11
10
35
33
33
26
28
34
26
22
24
22
8
7
13
-7
-12
-36
-45
-62
-80
-95
-114
-102
-113
-131
-131
-131
-103
-108
-92
-86
-76
-50
-58
-35
-30
0
13
21
23
44
39
26
36
41
24
17
18
-7
-10
-28
-39
-46
-57
-71
-87
-108
-127
-129
-157
-169
-178
-171
-168
-166
-154
-151
-134
-116
-96
-61
-56
-36
-6
29
43
61
80
83
96
116
129
113
116
105
99
89
65
58
32
27
1
-11
-12
-41
-42
-74
-80
-89
-104
-118
-123
-121
-120
-101
-106
-101
-88
-77
-68
-63
-46
-29
-23
-7
6
13
31
45
66
51
58
55
32
54
37
45
31
14
-2
-18
-19
-48
-64
-75
-86
-97
-106
-122
-115
-124
-144
-131
-125
-121
-100
-90
-75
-81
-67
-38
-34
-26
-13
-2
4
19
31
49
37
46
47
47
38
27
24
7
-7
-19
-31
-52
-54
-70
-67
-61
-66
-63
-89
-70
-57
-72
-67
-76
-80
-78
-70
-86
-89
-90
-82
-67
-57
-50
-44
-14
-11
0
23
17
51
59
54
56
53
62
37
43
37
29
11
-7
-6
-3
-9
-20
-24
-28
-24
-38
-42
-65
-60
-71
-70
-81
-97
-98
-96
-92
-89
-90
-72
-55
-51
-27
-3
31
47
66
81
86
103
113
97
121
103
88
87
71
61
34
53
21
-10
-4
-13
-18
-43
-59
-67
-84
-90
-72
-91
-107
-103
-94
-71
-72
-51
-43
-31
-13
-5
8
17
37
38
29
40
33
11
22
7
-7
-20
-23
-33
-43
-47
-72
-67
-60
-51
-66
-56
-55
-67
-63
-59
-78
-77
-71
-81
-90
-98
-90
-96
-94
-110
-90
-88
-74
-57
-61
-48
-41
-18
-16
4
2
-6
3
4
12
18
21
9
38
40
19
17
27
33
26
24
11
-8
-16
-34
-60
-76
-91
-110
-123
-137
-142
-137
-128
-132
-124
-121
-95
-71
-64
-27
-21
0
31
34
40
60
51
49
62
55
53
40
53
39
32
21
8
9
-3
-14
-28
-40
-62
-62
-88
-95
-103
-103
-105
-107
-87
-77
-79
-66
-45
-26
-12
-12
5
12
6
13
24
27
27
27
21
15
4
-7
-25
-40
-52
-47
-77
-97
-100
-114
-114
-126
-108
-123
-119
-127
-133
-134
-122
-105
-115
-104
-126
-110
-99
-107
-113
-108
-93
-101
-82
-90
-81
-50
-41
-17
-1
22
37
47
54
73
64
46
61
67
69
59
61
46
51
53
34
17
8
-3
-8
-31
-51
-52
-70
-73
-77
-83
-98
-111
-90
-95
-85
-67
-60
-70
-47
-16
-19
4
5
23
41
52
67
66
66
65
64
60
72
74
49
40
36
28
11
-6
-22
-20
-40
-40
-45
-33
-51
-39
-21
-42
-16
-12
-11
-9
3
16
27
17
33
46
64
57
49
61
70
48
55
36
31
19
-8
-4
-23
-40
-53
-43
-50
-61
-72
-95
-93
-85
-88
-108
-98
-96
-97
-96
-97
-97
-97
-86
-77
-74
-84
-79
-48
-39
-33
-3
0
15
21
33
42
38
40
44
54
46
29
39
56
41
26
24
27
15
25
14
14
9
7
-1
-19
-38
-25
-36
-65
-61
-78
-78
-115
-115
-92
-108
-90
-91
-82
-84
-73
-36
-30
-12
-3
31
33
58
80
85
99
106
110
108
116
88
86
82
79
66
56
27
13
-1
-15
-4
-40
-46
-42
-55
-46
-80
-72
-58
-55
-44
-35
-28
-26
1
5
28
24
35
56
57
60
57
42
31
46
42
33
23
3
-7
-22
-32
-41
-44
-60
-69
-76
-76
-90
-93
-81
-71
-75
-75
-60
-53
-50
-36
-26
-36
-4
7
17
16
18
29
37
41
34
29
40
38
61
53
56
53
53
54
35
48
29
34
32
10
7
-16
-14
-17
-44
-39
-56
-86
-76
-81
-93
-80
-77
-74
-76
-82
-60
-67
-59
-53
-34
-15
-18
4
5
23
38
48
60
78
91
76
87
74
80
75
64
70
58
24
30
22
7
13
3
-20
-10
-3
-7
-7
-9
0
-3
-3
16
21
22
48
42
56
52
56
71
59
84
68
76
82
59
58
53
46
44
46
38
35
3
10
-3
-5
-7
-37
-30
-38
-27
-30
-21
-29
-41
-14
-6
-20
-20
7
11
0
-8
-8
8
0
13
15
12
26
24
21
38
27
33
31
15
17
0
-15
-9
-10
-20
-16
-13
-35
-38
-34
-23
-22
-20
-21
-16
-17
-28
-23
-27
-37
-51
-42
-54
-61
-59
-59
-55
-62
-64
-58
-52
-46
-27
-21
-10
1
13
26
57
59
58
63
76
84
77
94
101
106
111
103
83
84
76
56
61
57
44
38
24
6
-3
-18
-16
-27
-36
-33
-27
-14
-19
-13
-9
7
10
24
18
15
34
27
31
22
40
38
52
51
52
42
44
48
25
18
2
-2
-14
-20
-36
-31
-28
-35
-38
-39
-37
-33
-36
-50
-39
-34
-38
-20
-9
6
5
14
6
14
11
18
28
21
19
24
19
11
21
28
17
16
24
14
20
14
12
3
18
27
-1
-8
-14
-11
-43
-44
-51
-52
-42
-67
-63
-50
-58
-60
-63
-54
-43
-51
-31
-16
-3
1
17
18
35
47
47
60
72
104
114
121
118
117
120
115
108
98
78
90
62
58
43
35
19
13
0
-17
-3
-24
-17
-34
-26
-29
-43
-26
-30
-17
1
-9
8
31
33
50
51
67
74
69
87
91
97
87
73
68
69
50
41
20
23
7
-7
-14
-24
-21
-27
-16
-22
-24
-27
-14
-15
-17
-11
-18
3
4
14
15
7
28
14
21
28
27
39
45
52
70
71
64
66
72
67
69
79
56
50
64
64
53
56
58
46
22
20
16
-14
-23
-24
-27
-48
-44
-68
-74
-78
-75
-62
-84
-71
-67
-58
-44
-29
-20
-20
11
18
21
51
75
88
87
78
93
111
101
92
96
88
84
68
41
40
6
-1
-13
-44
-52
-66
-78
-81
-74
-71
-77
-76
-63
-76
-58
-28
-38
-25
-3
14
27
34
41
40
72
70
74
88
92
98
75
65
79
73
58
56
48
50
38
10
-7
-2
-17
-39
-41
-64
-75
-69
-70
-80
-88
-88
-72
-59
-52
-35
-19
-8
5
4
24
27
66
53
61
62
68
88
79
95
96
90
89
94
87
78
61
43
36
28
9
0
-28
-34
-41
-46
-49
-68
-75
-89
-87
-88
-78
-71
-79
-57
-67
-65
-35
-32
-26
-12
12
15
59
57
57
72
70
86
82
85
77
86
68
40
47
29
17
-11
-33
-33
-48
-63
-71
-67
-77
-79
-60
-79
-69
-62
-60
-45
-27
-10
-3
15
21
45
55
67
93
95
103
108
114
123
128
124
131
113
113
102
100
71
36
31
4
-15
-48
-44
-78
-73
-78
-101
-87
-71
-67
-67
-58
-51
-37
-21
-15
-2
18
25
30
50
72
79
77
86
94
98
86
100
113
97
113
105
105
81
62
67
59
48
40
23
24
14
9
9
11
-10
-18
-15
-24
-40
-45
-26
-25
-34
-27
-4
14
7
1
30
37
41
54
46
56
66
81
81
87
94
94
87
83
91
65
63
46
33
34
20
18
8
3
-20
-17
-28
-35
-28
-30
-20
8
-2
9
16
25
34
46
61
83
90
79
113
115
123
109
130
124
98
111
117
107
90
83
68
47
29
21
-6
-3
-21
-21
-20
-51
-56
-40
-40
-34
-27
-38
-40
-27
-11
-7
2
25
29
34
57
57
59
74
75
79
92
84
106
101
100
94
90
71
68
59
42
52
32
37
49
20
15
9
9
13
-8
-1
28
24
13
5
7
9
2
8
22
33
30
40
35
36
29
30
12
30
18
25
46
35
29
39
65
37
57
65
58
49
37
30
20
45
25
20
4
5
1
-4
-3
5
11
-7
14
4
0
19
20
18
30
30
39
38
50
54
51
49
52
55
44
52
32
43
38
36
38
17
20
-1
-2
10
-20
-27
-17
-21
-18
-15
-23
-18
-5
6
15
34
29
31
34
42
55
50
77
62
66
70
69
72
80
73
58
52
45
56
39
51
38
53
37
36
31
28
25
17
23
22
22
27
38
41
41
36
29
27
34
13
27
20
7
14
9
2
8
-3
7
4
-6
-8
-19
12
-12
-26
-15
-7
5
16
26
28
31
36
55
40
51
39
44
50
33
37
64
49
45
42
41
52
39
39
27
30
28
32
-1
15
19
11
9
0
20
16
19
5
31
28
27
33
26
43
26
38
26
42
23
16
4
9
-1
-6
-4
-9
-13
-16
-2
4
2
5
21
-1
14
9
5
3
17
11
37
25
25
36
40
49
53
57
69
68
66
63
53
62
47
43
40
41
19
22
15
17
8
-5
23
14
9
6
13
13
23
12
-2
-6
8
6
7
16
16
14
18
28
7
27
11
18
10
8
12
20
21
7
23
30
29
40
34
32
33
43
44
27
34
36
32
21
11
17
27
19
23
21
11
-5
-8
-1
-2
-9
3
6
-11
-17
2
-6
5
7
8
12
8
5
3
16
3
6
11
6
-1
12
36
16
12
13
11
14
2
8
4
8
-3
-6
-3
-9
-19
-25
-11
-20
-15
-3
-11
5
-1
4
14
29
33
30
51
38
34
36
34
30
27
17
12
9
6
3
-7
-5
-18
-22
-29
-35
-31
-22
-24
-30
-25
-21
-7
-26
10
9
2
15
23
33
18
42
41
26
18
21
21
18
23
25
5
-1
0
2
-12
10
10
-1
19
16
31
25
28
26
40
34
29
29
38
35
43
44
39
46
37
34
32
23
25
8
1
6
6
6
2
-7
-11
-19
-40
-30
-20
-53
-34
-24
-42
-12
-10
-5
-16
0
4
1
9
-9
5
4
15
6
3
-18
-25
-25
-24
-26
-22
-16
-20
1
-10
-2
-18
-4
-7
-9
14
-1
4
10
2
11
18
6
8
10
9
1
-1
-11
-23
-22
-25
-23
-26
-34
-27
-20
-39
-32
-22
-20
-20
-26
-2
-5
-5
1
-2
-13
12
19
11
42
19
14
1
-12
-12
-11
-9
-17
-14
-40
-28
-12
-18
-6
-9
-24
-15
-19
-10
-11
-5
2
-11
21
18
14
21
20
8
16
11
18
19
21
18
2
-5
3
-4
5
8
-13
-15
-24
-23
-12
-24
-27
-26
-16
-24
-12
-13
-29
-5
12
16
6
4
6
6
8
17
7
24
26
15
11
9
6
-6
2
-7
-16
-14
-31
-17
-35
-30
-33
-43
-38
-41
-40
-47
-27
-31
-24
-10
-17
-15
16
9
13
12
13
15
13
19
9
17
17
5
-2
-3
-6
0
-2
2
6
-9
2
6
-11
-2
-11
-11
1
-5
9
6
19
1
12
17
17
14
2
7
12
0
20
17
3
29
17
15
12
4
20
18
22
36
39
56
54
49
41
53
42
39
40
34
18
12
31
7
24
-1
9
5
17
17
9
5
-14
-12
-11
5
-3
-6
1
-4
17
18
12
21
45
38
35
33
29
28
34
51
22
23
20
23
25
14
-4
-3
-11
3
-11
-32
-23
-36
-41
-28
-38
-43
-34
-38
-30
-18
-28
-23
10
5
7
28
22
26
26
7
20
25
39
29
24
15
19
24
13
4
3
-7
-3
-17
-23
-21
-37
-24
-37
-27
-14
-26
-17
-19
-17
-5
-15
-6
-5
-4
14
8
15
12
13
3
13
20
13
11
1
10
1
9
6
20
11
14
3
20
11
-4
2
3
-6
8
9
2
3
8
13
3
14
2
3
-6
8
11
8
13
6
8
-6
-11
1
-1
5
15
17
17
5
26
13
11
31
3
11
13
17
9
7
10
9
10
-9
-9
-13
-34
-40
-36
-21
-42
-56
-44
-49
-58
-66
-48
-58
-47
-47
-41
-26
-31
-16
-10
19
15
10
33
23
35
46
29
31
23
27
29
11
2
11
11
-10
-8
-5
-8
-34
-36
-29
-39
-23
-27
-28
-23
-11
-18
-19
-9
-3
3
12
11
17
12
31
31
31
38
41
43
39
47
34
36
36
22
24
23
22
18
18
18
-10
-6
-8
1
-7
-1
3
-3
-6
-12
4
5
0
6
15
11
19
11
25
23
11
40
28
3
17
8
1
6
9
26
13
-4
5
12
-12
-10
-10
3
-7
-20
-13
-10
-17
-28
-10
-5
-16
-30
-28
-21
-28
-22
-34
-40
-35
-36
-29
-22
-6
-8
-5
-5
3
7
29
28
41
35
46
56
52
62
52
43
48
43
31
37
10
12
5
-6
-6
-28
-17
-22
-23
-32
-18
-34
-25
-12
-31
-28
-26
-10
-9
4
9
3
7
15
36
23
33
40
34
48
43
40
35
38
38
27
24
19
21
17
5
4
3
10
1
9
7
18
13
6
13
25
34
25
28
25
28
8
10
31
22
36
30
36
34
38
39
34
33
38
34
31
46
34
32
27
12
14
21
15
7
0
-5
-6
-7
-8
-11
-16
-10
-16
-8
-14
-13
-6
-2
-3
-9
-9
-14
-5
-15
-16
-5
6
5
14
5
12
30
20
44
33
32
22
26
32
15
21
13
4
-12
-5
-16
-24
-9
-27
-31
-20
-12
-25
-37
-25
-30
-25
-7
0
8
-13
-4
0
8
6
12
24
12
19
28
15
20
7
12
5
4
-4
8
20
-3
8
-8
-13
-2
-2
-14
-17
1
-20
-14
-3
-7
1
3
-2
11
21
29
34
30
36
44
59
38
43
40
37
36
28
29
20
19
10
8
-13
-6
6
-7
-8
-3
-20
-18
2
-7
-10
3
9
9
-1
11
17
16
26
17
19
29
31
31
31
20
39
45
31
47
36
42
28
23
25
4
12
5
-13
-2
-9
14
8
0
7
9
2
13
-3
0
-14
-11
3
-9
4
-11
-11
-9
-21
-6
-12
-4
4
-1
8
12
19
7
3
6
12
10
-6
-5
-11
-7
-6
-4
12
-8
-5
-6
-15
-14
-20
-34
-28
-23
-27
-20
-12
-2
-15
-23
-16
-9
-18
-4
4
-4
2
-2
1
-4
-7
-5
-3
-7
1
-3
-8
-3
-4
-8
-8
-16
-19
-9
-23
-34
-30
-26
-42
-65
-48
-46
-36
-17
-23
-19
-32
-21
-3
-11
-23
-22
-15
-7
-6
-29
-10
-8
-20
-11
-11
-9
-15
-36
-35
-30
-35
-35
-45
-51
-57
-55
-55
-55
-52
-69
-72
-68
-66
-73
-80
-76
-73
-62
-70
-64
-60
-47
-63
-60
-52
-59
-45
-51
-48
-54
-49
-62
-52
-43
-53
-33
-42
-44
-39
-44
-43
-45
-55
-34
-58
-51
-50
-58
-41
-63
-63
-52
-58
-73
-66
-46
-59
-58
-53
-58
-50
-65
-47
-53
-45
-49
-55
-54
-52
-52
-48
-38
-59
-50
-36
-48
-56
-57
-36
-34
-52
-42
-51
-49
-46
-66
-53
-51
-61
-60
-51
-58
-51
-53
-55
-68
-77
-48
-69
-63
-62
-50
-40
-62
-45
-41
-40
-41
-42
-31
-28
-37
-34
-23
-22
-6
-21
-15
-22
-15
-13
-17
-19
-19
-18
-10
-27
-28
-28
-40
-29
-28
-34
-39
-33
-44
-20
-18
-23
-20
-13
-19
-8
-9
1
17
8
29
17
8
11
15
24
26
15
18
14
6
8
-8
-15
-7
-6
-9
-6
-22
-22
-23
-29
-24
-27
-18
-15
-23
-29
-31
-32
-36
-30
-19
-26
-14
-18
-11
-12
-16
-3
-10
-22
-21
-14
-16
-25
-23
-24
-20
-29
-22
-22
-16
-18
-9
-9
-16
-20
-15
-11
-18
-20
-22
-21
-16
-22
-26
-34
-23
-12
-20
-29
-25
-18
-27
-20
-25
-17
-22
-11
0
2
-13
-6
9
8
10
4
12
7
7
-5
-12
-7
0
-10
5
0
-12
-10
-4
-1
-19
-17
-21
-26
-19
-27
-20
-11
-20
-16
-29
-18
-14
-23
-2
-4
3
10
13
14
11
9
7
13
10
19
-6
-7
10
-18
-2
-10
-12
4
7
-11
-10
-12
-22
-23
-18
-6
-16
-18
-4
-18
-30
-33
-47
-22
-33
-20
-11
-16
-12
-6
-12
-10
-1
-14
-13
-5
-1
-3
6
11
-2
-15
2
-11
-1
-12
-9
-5
-25
-27
-45
-29
-39
-36
-40
-44
-28
-42
-48
-42
-38
-41
-36
-41
-37
-28
-23
-24
-33
-14
-23
-27
-22
-18
-18
-7
-19
-26
-24
-32
-48
-38
-30
-35
-36
-46
-45
-40
-32
-56
-57
-59
-50
-50
-55
-62
-55
-57
-57
-51
-54
-46
-55
-52
-48
-51
-47
-46
-42
-40
-50
-47
-27
-44
-57
-41
-28
-39
-38
-32
-39
-32
-22
-40
-33
-35
-24
-28
-38
-36
-48
-33
-24
-20
-39
-27
-45
-46
-37
-63
-47
-45
-46
-42
-19
-29
-35
-43
-39
-20
-40
-23
-20
-18
-15
-29
-20
-14
-22
-19
-25
-24
-11
-15
-4
0
-17
-4
-16
-6
-15
-33
-33
-37
-38
-47
-34
-47
-24
-35
-48
-36
-42
-36
-44
-29
-42
-40
-28
-16
-8
-17
-21
-27
-23
-18
-38
-39
-27
-29
-35
-30
-29
-39
-38
-32
-26
-22
-25
-29
-35
-27
-33
-17
-17
-21
-20
-20
-21
-18
-14
-25
-24
-20
-11
-13
-8
-27
-15
-23
-22
-11
-14
0
-14
-17
-6
-2
15
11
0
11
17
7
3
7
10
31
19
17
25
15
22
11
10
14
0
6
-15
5
-2
-7
1
-1
-2
-2
-5
8
-7
2
2
0
-1
-3
-8
-6
0
-15
5
10
29
23
30
36
21
23
28
38
22
37
32
26
30
24
26
25
19
20
26
16
16
14
21
5
4
14
4
13
10
2
0
15
-2
15
17
14
20
18
17
24
19
11
33
24
31
21
20
15
29
37
23
36
13
12
14
19
8
3
21
6
7
14
-4
6
1
-3
-13
-11
-7
-12
-3
10
4
3
-4
-1
6
-12
-6
-7
4
8
8
11
-1
6
16
11
18
25
1
13
12
4
0
1
-5
-12
-20
-26
-14
-27
-23
-9
-12
-35
-18
-27
-21
-16
-12
-13
-31
-18
-41
