-4
1
-7
-16
5
-8
-22
-23
-28
-29
-17
-10
-17
-25
-18
-17
-30
-16
-11
-20
-8
-32
-26
-25
-26
-24
-26
-30
-38
-28
-25
-36
-32
-24
-26
-27
-38
-17
-26
-32
-37
-41
-53
-45
-48
-49
-31
-42
-32
-26
-28
-38
-47
-45
-56
-51
-52
-57
-36
-33
-53
-42
-45
-34
-31
-36
-41
-42
-32
-42
-49
-40
-30
-36
-36
-34
-39
-41
-42
-32
-41
-36
-37
-46
-48
-67
-57
-31
-56
-57
-66
-69
-40
-48
-52
-46
-56
-45
-36
-38
-25
-47
-52
-56
-44
-38
-49
-46
-50
-35
-31
-50
-75
-61
-55
-50
-53
-58
-50
-53
-58
-53
-51
-45
-46
-50
-41
-61
-53
-37
-50
-53
-47
-47
-47
-38
-53
-41
-35
-46
-31
-51
-40
-36
-47
-44
-38
-32
-32
-33
-36
-48
-45
-49
-47
-35
-55
-52
-34
-33
-35
-46
-40
-46
-37
-43
-39
-48
-50
-37
-44
-45
-51
-43
-50
-37
-42
-51
-47
-57
-38
-43
-48
-55
-61
-74
-67
-56
-52
-70
-74
-53
-64
-68
-58
-69
-75
-52
-60
-65
-50
-47
-66
-74
-76
-77
-70
-73
-63
-68
-69
-72
-68
-61
-67
-55
-69
-61
-69
-74
-57
-64
-71
-85
-87
-79
-81
-77
-66
-75
-75
-66
-83
-80
-72
-65
-66
-64
-72
-74
-75
-76
-66
-85
-84
-78
-69
-89
-83
-75
-66
-65
-68
-75
-77
-73
-77
-86
-83
-69
-46
-63
-60
-70
-67
-51
-53
-53
-63
-48
-52
-49
-59
-45
-50
-51
-63
-51
-44
-48
-50
-60
-35
-24
-33
-50
-35
-49
-51
-44
-35
-53
-56
-33
-46
-34
-38
-46
-52
-48
-42
-39
-41
-49
-52
-58
-60
-40
-45
-52
-43
-55
-42
-68
-72
-53
-49
-60
-66
-47
-41
-43
-45
-38
-60
-57
-41
-39
-40
-52
-46
-47
-55
-39
-39
-49
-48
-58
-53
-38
-39
-42
-56
-47
-46
-52
-44
-52
-55
-65
-59
-51
-63
-53
-48
-68
-51
-58
-64
-49
-59
-53
-57
-56
-66
-51
-53
-42
-50
-64
-50
-45
-51
-58
-56
-58
-56
-35
-44
-54
-48
-46
-41
-41
-48
-41
-54
-52
-44
-42
-33
-48
-37
-38
-39
-33
-38
-36
-47
-40
-52
-53
-47
-54
-50
-42
-45
-46
-48
-67
-73
-69
-68
-61
-67
-70
-76
-71
-75
-78
-66
-77
-75
-69
-62
-59
-59
-70
-83
-82
-82
-77
-79
-68
-61
-64
-71
-78
-83
-77
-84
-84
-92
-94
-80
-67
-82
-75
-61
-84
-72
-77
-83
-77
-80
-73
-82
-85
-80
-85
-98
-95
-84
-94
-105
-89
-72
-100
-90
-90
-79
-77
-93
-74
-67
-80
-86
-74
-76
-64
-70
-79
-84
-78
-58
-64
-67
-68
-68
-79
-74
-75
-89
-82
-77
-67
-74
-73
-55
-59
-72
-73
-71
-58
-45
-59
-69
-61
-59
-59
-65
-53
-75
-59
-50
-57
-68
-59
-41
-57
-58
-65
-57
-61
-76
-76
-86
-85
-78
-95
-84
-93
-87
-84
-84
-71
-78
-89
-88
-86
-86
-97
-74
-77
-72
-81
-91
-79
-80
-70
-92
-70
-91
-94
-90
-82
-80
-98
-78
-94
-80
-82
-82
-85
-85
-81
-92
-91
-75
-79
-71
-66
-75
-60
-61
-66
-81
-71
-52
-61
-62
-58
-74
-70
-69
-78
-71
-53
-66
-63
-67
-78
-72
-69
-62
-66
-56
-66
-56
-53
-76
-75
-76
-56
-61
-60
-50
-74
-64
-47
-63
-68
-65
-72
-69
-68
-69
-65
-72
-56
-38
-56
-42
-54
-58
-41
-49
-44
-39
-37
-25
-39
-52
-30
-51
-56
-42
-25
-40
-37
-30
-28
-29
-31
-31
-39
-39
-43
-40
-39
-39
-37
-57
-49
-47
-43
-49
-49
-45
-45
-55
-58
-46
-61
-38
-50
-54
-46
-40
-36
-32
-48
-43
-41
-35
-43
-39
-28
-49
-26
-50
-37
-45
-49
-43
-29
-35
-26
-22
-24
-32
-27
-10
-27
-22
-19
-22
-29
-28
-20
-30
-10
-11
-15
-8
-10
-9
-1
-15
-6
-11
-22
-26
-39
-42
-37
-32
-39
-43
-39
-24
-36
-27
-25
-39
-41
-51
-51
-33
-32
-40
-29
-30
-52
-18
-28
-30
-44
-35
-24
-38
-36
-40
-31
-38
-32
-31
-30
-9
-24
-23
-14
-23
-16
-10
-15
-15
-11
-20
-14
-29
-7
-8
-31
-16
-14
-9
-25
-13
-13
-23
-24
-21
-27
-21
-6
-18
-8
-18
-19
-22
-12
-9
-21
-26
-16
-25
-16
-17
-9
-20
-24
-12
-16
-15
-13
-5
-20
0
-15
-5
-16
-13
-22
-26
-29
-30
-18
-19
-20
-31
-27
-32
-19
-27
-25
-10
-21
-17
-15
-24
-15
-19
-20
-23
-30
-28
-22
-27
-40
-32
-26
-34
-24
-22
-16
-13
-24
-22
-23
-30
-40
-24
-18
-14
-28
-20
-16
-27
-31
-22
-9
-22
-20
-14
-21
-17
-12
10
0
-10
-8
-12
-14
-32
-25
-12
-15
-4
-4
-5
1
-16
-7
3
-6
-6
-2
-19
-11
5
2
-14
-13
1
-4
-3
-21
-7
-11
-11
-9
-19
-19
-16
-13
-9
-2
-25
-27
-22
-22
-9
-8
-5
-1
-21
-17
-17
-18
-6
-7
-12
0
-6
-20
0
-14
-1
-6
-18
-14
-30
-12
-10
-7
-6
-18
-18
-23
-15
-18
-19
-18
-6
-6
-31
-19
-7
-7
-11
-2
-15
-1
-9
-2
-6
-16
8
-23
-22
-19
1
-17
-14
-16
-27
-6
-27
-7
-3
0
-21
-32
-18
-24
-39
-36
-24
-37
-34
-38
-40
-42
-24
-34
-30
-23
-5
-12
-18
0
-22
-8
-13
-20
-26
-37
-24
-24
-24
-30
-25
-16
-27
-25
-53
-41
-30
-39
-38
-36
-43
-48
-37
-46
-62
-48
-58
-61
-61
-51
-56
-59
-53
-62
-72
-76
-69
-65
-70
-71
-59
-67
-66
-70
-73
-51
-76
-61
-67
-69
-71
-82
-70
-73
-78
-73
-76
-82
-83
-74
-70
-79
-70
-75
-70
-70
-56
-54
-30
-31
-55
-56
-60
-60
-37
-38
-52
-36
-41
-44
-25
-34
-45
-31
-29
-38
-27
-16
-25
-32
-35
-37
-29
-27
-32
-32
-28
-37
-32
-34
-40
-32
-31
-23
-13
-32
-45
-41
-33
-28
-36
-24
-40
-36
-43
-43
-50
-50
-37
-54
-40
-51
-59
-50
-46
-55
-52
-55
-48
-49
-44
-54
-47
-38
-46
-36
-31
-32
-14
-22
-29
-8
-12
-6
-10
-6
-3
-2
4
-5
3
6
7
7
-3
16
8
12
11
3
-7
-2
4
5
11
1
10
24
20
36
44
36
48
20
27
30
29
40
33
44
50
23
40
36
27
26
39
40
34
36
46
59
27
44
45
41
36
41
54
58
49
49
50
54
52
48
59
57
64
45
39
49
41
44
51
52
52
42
38
33
36
32
29
39
38
30
40
35
23
27
24
29
29
32
29
27
26
23
35
40
30
41
43
40
44
40
44
30
32
53
40
42
46
46
44
50
34
60
45
54
62
41
53
57
53
54
49
47
37
49
63
59
68
61
48
61
55
52
47
61
64
53
55
42
58
45
36
53
44
52
39
38
61
51
46
38
9
18
23
27
27
4
12
10
30
9
9
12
18
16
16
20
9
0
7
18
23
11
1
15
0
17
25
31
27
23
13
17
20
4
17
18
-4
10
12
0
14
25
15
15
-5
2
2
3
8
9
9
8
8
1
-1
3
-3
-6
11
-3
2
7
-5
20
3
6
-2
5
12
27
20
9
35
20
12
6
5
0
-19
-3
-12
-8
-15
-9
-1
3
-3
-21
-17
-26
-11
5
-7
-23
-20
-33
-15
-18
-28
-15
-18
-18
-11
-19
-16
-6
-14
-9
-15
-28
-17
-31
-27
-22
-27
-23
-38
-31
-20
-30
-31
-26
-24
-25
-26
-40
-48
-42
-47
-39
-42
-38
-24
-24
-31
-39
-33
-38
-25
-29
-45
-38
-29
-13
-17
-27
-27
-12
-26
-17
-23
-19
-15
-12
-27
-14
-15
-19
-13
-19
-19
-20
1
-12
-5
-8
-1
-4
-6
-8
-15
4
-3
1
-5
-10
6
5
2
11
1
8
10
10
3
7
2
0
-1
5
15
-4
-1
6
-7
2
-2
-2
-7
1
-7
-26
-9
-2
-14
-27
-9
0
-4
-7
-21
-4
1
-3
0
-12
-13
-15
-8
-12
1
-1
-11
-9
-27
-2
-14
-14
0
-12
-9
1
-9
1
2
3
12
13
16
0
22
5
7
6
12
16
23
26
30
33
18
28
36
26
31
25
39
31
33
50
37
36
43
52
21
24
21
28
39
44
38
33
27
33
30
49
33
43
48
32
27
15
20
9
19
13
20
10
12
27
11
-3
9
13
6
23
15
13
15
10
1
-4
19
2
19
10
7
0
1
5
-1
7
0
-4
11
5
-1
-6
19
10
-2
8
-8
-6
5
4
-5
-18
-5
-27
-18
-8
-29
-17
-28
-25
-21
-4
-27
-18
-23
-39
-22
-39
-37
-31
-24
-25
-18
-26
-29
-19
-33
-34
-32
-30
-17
-26
-42
-44
-34
-35
-39
-27
-28
-31
-43
-31
-30
-39
-32
-25
-43
-42
-45
-32
-27
-36
-39
-51
-39
-35
-38
-49
-49
-54
-34
-34
-42
-35
-50
-52
-50
-47
-48
-51
-50
-38
-47
-48
-59
-54
-53
-61
-52
-61
-52
-56
-55
-42
-38
-13
-40
-47
-38
-36
-25
-24
-24
-27
-36
-29
-25
-28
-24
-19
-21
-19
-11
-21
-14
-13
-20
-19
-15
-31
-13
-15
-13
-17
-1
-5
-27
-16
-17
-8
-14
-28
-13
-21
-28
-17
-11
-3
-20
-20
-23
-11
-15
-20
-21
-9
9
-11
-10
-3
-16
2
-5
-28
-5
-21
-22
-4
-1
-10
-20
-3
3
4
-10
-6
10
-1
9
2
3
23
11
-6
5
7
11
15
16
4
-10
4
8
2
-6
0
1
9
-6
-4
-13
-6
-3
-5
-16
-17
0
-16
-8
-7
-20
-12
-6
-5
-9
-23
-28
-36
-13
4
-13
-2
-14
-17
-10
-10
-19
-20
-22
-15
-17
-18
-9
-29
-16
-7
-10
-25
-20
-13
-18
-4
3
5
16
-2
5
3
3
3
2
13
0
-3
7
5
-18
-2
12
-9
-12
-9
3
4
3
4
-4
-12
-4
-6
-6
-2
2
-9
-1
-18
-5
4
-24
0
-14
2
-10
-11
-5
-13
-2
-5
2
7
4
-16
-16
-18
-24
-4
-19
-27
-14
-7
-19
-20
-8
-14
-15
-10
-18
-28
-25
-15
-29
-33
-8
-16
-6
-11
-5
-1
-14
1
-4
-14
-20
-1
0
-14
-14
-10
4
-19
-13
-7
-13
-1
-12
-9
-12
-13
-22
-31
-13
-29
-11
-6
-15
-21
-31
-3
-12
-10
-16
-26
-20
-15
-11
-1
-21
-15
-10
-13
-10
-15
-18
-10
-16
-15
-12
-32
-9
-8
-24
-22
-14
-18
-20
-3
-14
-1
-20
-14
-18
-6
-13
-6
-5
6
5
-13
11
-4
-6
-14
-11
-8
-1
-22
-20
-5
-5
-10
-1
10
-7
-6
14
4
-10
-1
10
1
4
-11
-4
7
-4
-11
-7
14
-1
-9
-11
-5
-3
15
9
-5
-2
6
2
2
-11
-12
-6
-2
6
-2
2
4
2
16
12
-15
-4
19
-3
-4
16
7
-1
5
2
-14
-3
-6
-8
-9
-3
6
-13
-13
-1
-6
1
3
-3
8
-3
5
2
-14
2
9
0
6
12
11
-7
-14
-12
-13
-12
-18
-7
-28
-32
-20
-15
-15
-21
-26
-10
-18
-20
-4
-21
-11
-8
-7
11
7
-7
-9
0
7
19
11
7
12
2
2
10
13
1
13
20
23
19
16
27
24
38
38
36
32
28
19
21
26
36
34
28
32
29
49
31
41
38
39
43
43
39
26
34
41
49
41
47
53
52
53
48
44
52
37
31
46
48
40
47
50
38
34
43
29
32
38
40
33
53
42
34
56
44
48
52
48
45
46
28
17
29
30
36
44
46
41
34
33
42
31
31
26
18
31
23
31
34
38
32
38
38
31
28
38
36
34
40
37
48
40
46
43
28
34
38
34
35
47
43
26
33
42
48
61
41
43
51
49
61
55
36
45
44
43
29
35
51
46
43
33
26
18
23
37
23
43
47
41
38
11
20
25
31
43
33
20
22
22
30
25
22
34
19
24
15
11
19
19
10
13
21
17
22
33
33
22
8
17
28
26
18
22
18
23
12
7
33
27
23
23
24
29
24
19
19
9
24
14
21
18
35
36
28
29
24
47
37
44
46
29
23
35
33
17
26
38
29
30
19
29
35
27
24
21
24
17
29
16
9
19
22
1
14
20
10
7
23
30
27
25
25
24
8
19
17
4
8
20
1
7
15
4
10
1
14
-7
18
6
-12
-3
-2
1
-4
18
-13
5
3
-3
6
-7
2
3
0
11
-1
7
10
16
9
5
4
19
23
20
18
9
0
2
20
21
32
7
20
23
21
9
13
19
1
0
10
6
7
19
2
18
13
23
26
28
20
18
18
25
22
18
27
20
18
18
16
20
1
16
22
18
26
12
5
11
13
4
9
20
17
21
8
6
14
11
22
8
8
7
9
12
21
0
-5
18
29
14
17
25
24
15
7
5
7
27
22
15
15
15
10
7
18
19
0
1
17
18
9
10
17
20
18
13
22
31
13
14
30
21
25
29
29
26
34
33
27
21
15
24
21
30
37
46
51
44
34
32
41
39
53
59
41
41
43
62
34
46
39
40
60
34
39
41
35
28
43
52
49
37
33
54
28
29
40
31
36
24
36
38
40
38
34
37
49
39
42
52
35
45
40
57
55
56
47
72
66
54
73
43
53
59
47
38
36
30
51
69
53
46
53
65
50
60
46
39
48
38
41
56
47
55
41
38
54
64
48
46
45
42
51
49
56
52
44
41
58
45
47
45
53
54
35
42
48
40
55
43
47
50
55
50
30
40
42
50
28
35
41
36
23
24
15
21
38
33
46
32
36
29
27
43
40
45
26
40
51
56
62
45
46
42
48
39
50
48
33
41
19
24
29
30
29
33
27
31
36
32
33
37
44
13
29
26
17
35
24
21
34
26
18
37
36
29
31
26
41
36
27
20
15
28
24
21
26
31
31
22
35
47
34
31
24
23
33
35
18
13
27
33
32
27
35
40
37
32
38
39
29
17
7
21
22
20
23
20
26
21
28
34
36
24
27
22
20
30
20
8
8
1
29
26
17
8
4
10
7
15
13
21
17
-2
2
7
4
9
1
20
18
7
12
12
6
20
14
14
1
-2
7
23
29
14
7
15
14
10
24
40
39
24
26
44
51
49
44
42
30
26
48
30
41
52
40
39
44
50
45
46
38
46
42
44
42
45
49
52
57
43
35
28
43
46
40
49
43
50
41
51
40
43
39
42
57
38
47
36
41
48
46
47
49
39
35
31
31
53
31
53
41
34
51
42
40
47
46
35
46
43
49
37
47
42
49
35
43
50
44
56
58
59
52
43
44
43
43
56
56
55
56
55
54
45
51
40
43
61
39
45
41
59
53
49
53
62
52
44
54
43
59
50
46
49
52
54
50
50
52
42
34
57
49
52
60
59
58
60
61
50
47
50
50
41
52
61
54
55
54
49
51
63
62
52
51
45
43
34
50
57
38
41
57
46
42
46
40
43
31
41
54
45
40
49
54
37
32
47
63
51
47
34
38
55
56
44
18
32
40
36
40
35
30
41
43
28
22
21
34
38
49
61
36
43
50
38
38
39
37
40
34
46
39
46
49
28
52
54
50
38
41
43
42
41
34
40
54
54
43
45
48
45
35
40
41
54
60
49
56
57
51
57
61
49
60
56
64
56
53
77
57
67
56
62
62
52
54
44
46
57
51
36
38
31
55
52
33
47
54
59
61
46
49
46
53
42
56
51
44
56
53
49
36
44
31
29
26
27
36
48
49
41
33
35
42
47
65
52
54
53
32
21
34
41
38
46
32
15
32
44
45
48
41
46
37
40
54
44
37
36
46
52
51
51
57
60
55
50
45
56
52
51
53
56
45
43
47
46
61
43
40
43
46
41
42
49
32
31
41
40
49
40
40
41
39
42
44
42
23
20
40
38
38
33
44
39
35
40
26
29
26
35
35
36
40
50
57
54
70
50
44
33
35
32
34
41
30
38
61
59
45
43
49
50
57
53
33
51
53
46
55
55
57
54
56
53
58
46
41
37
43
63
41
44
32
52
42
45
39
31
35
35
47
41
32
28
40
24
42
54
32
52
44
37
47
38
16
26
20
5
27
13
9
29
34
19
15
17
9
4
8
11
15
21
21
13
17
12
4
16
-4
2
10
0
13
28
5
-16
-7
4
1
-5
-2
-5
-7
-15
-13
0
-11
-9
13
0
8
7
12
-13
-6
-14
-9
6
-12
-2
-8
-8
-18
-7
-7
-4
-13
-9
-5
-17
-3
-5
-6
-17
-25
-9
-4
-5
6
-7
-11
-9
-24
-17
-23
-10
-9
-14
-14
-24
-8
3
-8
-4
8
4
-6
0
9
4
22
10
5
6
2
4
8
17
10
12
8
14
17
7
-1
20
13
-1
-3
-4
12
2
2
12
-7
-15
-8
2
6
-9
-10
0
12
2
-3
3
4
12
3
2
2
2
-1
3
0
11
7
-11
3
-1
11
1
-8
8
-1
10
-1
-7
8
20
20
18
14
9
16
12
8
13
5
-14
5
15
-3
6
11
1
3
8
0
-11
1
13
1
9
-1
-2
-5
-4
16
-2
16
13
14
19
15
12
5
23
15
6
17
20
22
11
12
17
8
17
10
-7
11
14
12
13
3
9
3
8
11
4
3
14
17
21
18
7
1
8
5
10
3
6
7
-1
4
-12
-5
-5
-5
0
0
9
4
11
3
1
25
28
25
20
9
26
22
13
17
14
26
20
21
11
35
33
22
26
16
27
21
23
13
9
28
9
8
25
25
12
10
24
15
21
20
7
11
8
2
2
11
1
16
21
45
15
0
9
10
24
10
3
19
24
7
26
21
13
25
24
17
7
18
26
27
30
13
10
17
7
16
29
11
17
12
12
13
9
13
10
19
1
8
18
23
31
25
30
16
25
23
23
31
30
21
14
16
3
15
20
22
34
33
29
20
32
36
25
18
20
11
29
26
16
26
24
27
24
30
17
15
6
4
19
5
10
6
11
2
6
22
14
14
-5
12
29
17
27
16
16
20
10
21
24
20
11
25
14
3
5
8
15
2
6
13
14
16
13
17
7
-4
6
-3
13
7
6
8
2
7
-5
17
-3
0
17
3
-8
-9
-4
-18
-17
-23
-18
-16
-10
0
-12
-12
-9
-10
-20
-15
-13
-24
-24
-18
-9
-17
-2
2
-8
-1
6
-6
-17
-26
-18
-3
-9
-8
9
-13
9
14
-6
-1
-13
-2
-8
-9
-4
-5
-1
22
3
0
14
3
3
-6
15
10
-3
9
0
0
-2
11
4
1
17
12
-2
6
15
19
19
9
24
17
11
-1
12
25
13
14
31
27
22
33
34
33
30
34
26
30
28
40
28
24
25
30
22
18
34
47
41
46
56
54
62
37
46
43
32
39
35
40
48
52
46
46
41
46
49
53
55
52
44
44
47
48
58
70
68
57
57
60
70
67
51
53
63
84
67
60
71
74
72
53
79
87
62
76
78
66
76
64
72
73
66
80
62
77
82
76
78
65
79
90
77
71
77
56
61
63
72
80
52
70
65
66
66
62
63
75
77
67
70
61
58
58
65
51
48
47
37
42
43
41
38
31
38
37
23
39
38
32
25
37
24
45
48
53
60
63
56
58
43
35
65
53
56
53
59
56
46
45
53
61
59
65
53
56
60
49
56
55
67
67
62
73
67
64
53
65
86
58
71
68
69
72
95
88
74
81
65
69
60
62
63
73
76
73
65
74
62
66
64
52
72
58
65
57
66
78
52
66
61
67
63
46
52
48
49
39
54
42
45
49
38
49
49
43
44
37
21
41
49
40
34
29
49
40
35
39
43
30
30
29
37
44
40
49
36
48
52
51
48
50
40
53
53
61
56
50
59
58
74
53
43
53
56
58
58
58
58
52
52
63
83
57
55
66
56
65
83
79
76
87
63
61
75
69
65
78
77
86
76
67
86
83
80
69
82
82
93
81
69
82
95
98
67
68
76
63
80
84
70
80
68
89
86
87
83
77
85
84
77
77
74
82
81
77
78
74
66
68
66
82
65
57
73
63
57
75
76
61
89
78
65
50
77
76
59
64
64
64
60
59
73
66
55
66
64
58
60
60
68
68
62
67
36
57
57
47
57
59
50
51
49
53
56
39
47
50
53
54
52
46
52
53
61
58
72
76
60
65
57
62
49
63
58
76
70
55
70
53
65
71
74
67
67
64
60
68
68
79
71
58
64
70
66
51
59
63
75
66
68
68
65
72
81
88
80
82
68
72
66
68
75
45
65
83
68
74
67
76
69
68
73
64
66
59
76
72
81
72
70
90
70
83
84
83
82
81
91
96
88
80
78
88
86
90
86
84
85
91
85
90
101
91
93
104
88
100
85
101
79
77
96
91
76
72
99
91
84
81
91
78
89
86
88
73
82
80
71
63
64
64
74
81
78
60
59
66
53
57
51
57
57
50
42
47
49
45
40
46
58
50
45
39
39
30
43
34
29
24
30
32
24
21
22
15
7
31
34
8
24
23
17
21
26
30
19
25
33
27
11
14
18
17
19
9
5
23
11
14
18
20
15
22
21
24
28
48
34
30
37
34
49
36
34
40
42
15
42
31
29
52
40
51
37
47
38
42
44
44
39
41
45
46
71
41
21
17
34
52
48
42
51
39
42
57
28
42
46
43
47
36
33
38
29
50
55
29
21
19
36
22
24
26
22
26
24
32
12
21
22
17
37
34
29
38
28
26
40
25
23
36
25
37
33
31
39
32
19
22
43
43
41
44
43
17
24
21
39
32
33
23
25
29
25
35
29
24
30
44
34
41
27
36
34
38
28
25
38
19
30
28
31
38
52
42
38
55
27
46
56
46
44
43
51
51
45
47
49
34
41
47
52
53
43
62
51
51
48
58
50
59
59
55
66
55
60
62
60
45
52
68
59
44
53
76
82
78
66
63
70
76
80
82
74
71
78
79
86
84
79
65
77
88
95
92
74
74
81
74
81
54
74
91
75
88
82
93
82
77
82
70
71
81
87
71
61
68
80
68
63
69
60
62
77
78
72
58
61
56
60
76
77
75
72
86
80
71
64
55
67
71
70
64
75
69
72
84
48
42
49
56
66
59
42
54
51
41
59
45
52
50
35
55
52
47
29
39
38
39
49
46
46
41
34
40
30
37
33
46
48
28
40
45
49
50
58
44
58
46
35
57
51
49
57
43
49
46
32
46
50
42
50
48
34
34
36
39
48
57
58
46
35
39
36
39
64
49
42
53
65
59
43
57
53
56
52
45
55
58
40
42
45
41
51
30
28
35
41
48
32
42
29
23
31
27
16
42
31
31
29
39
35
36
41
37
30
25
37
33
38
29
26
37
25
22
20
8
21
26
25
33
27
31
39
45
37
51
46
37
43
33
31
44
52
54
42
51
53
50
58
49
49
57
51
55
45
52
52
39
50
45
36
35
58
39
26
25
43
47
56
53
39
51
51
38
31
39
34
41
42
52
54
44
54
60
58
43
45
43
43
48
48
55
56
55
60
54
54
56
49
37
37
39
44
46
43
38
40
40
30
41
48
46
31
44
43
48
40
47
47
49
44
54
65
46
40
46
47
35
36
43
40
39
43
23
39
35
19
39
35
41
40
49
47
44
49
50
62
54
54
58
45
49
56
60
40
44
55
59
52
54
51
48
54
31
49
39
41
58
60
50
53
40
38
54
47
55
57
52
58
65
57
65
68
50
53
52
56
52
58
51
48
55
44
41
51
53
49
50
59
51
54
51
54
55
42
52
56
60
47
42
50
52
56
55
47
52
47
42
44
58
56
56
51
53
64
62
59
56
48
46
37
51
59
47
60
70
61
52
49
66
53
63
64
75
79
63
67
72
74
55
57
56
57
48
54
55
57
48
36
55
54
48
53
55
54
52
56
53
41
46
45
30
46
35
28
39
36
39
38
44
39
43
34
36
39
45
45
40
26
34
27
30
29
25
31
26
24
35
46
29
53
43
34
36
26
48
51
45
29
28
30
55
50
36
45
27
30
25
21
23
29
21
13
2
9
14
16
-3
10
9
17
21
7
14
8
19
8
15
21
16
-11
11
19
-6
-2
7
8
-6
0
12
25
20
11
5
4
-2
3
23
2
-3
6
13
19
20
17
27
27
34
36
22
5
16
16
20
35
18
23
26
33
36
27
35
24
30
30
26
22
13
27
24
31
23
12
23
14
19
34
41
23
30
36
32
27
31
39
34
39
39
44
49
58
43
49
57
52
44
21
34
41
45
44
52
44
39
31
30
62
39
34
55
42
49
41
32
35
38
32
32
34
29
25
8
13
20
16
15
3
7
5
15
30
18
28
23
7
28
38
20
14
14
32
25
14
16
0
17
30
26
34
19
25
35
32
24
36
27
34
31
42
34
37
36
23
34
19
33
35
33
34
35
36
33
29
43
40
31
39
42
50
37
32
44
36
46
53
40
56
45
50
50
31
47
45
53
57
30
36
37
29
16
34
30
31
46
39
33
33
29
33
36
36
19
27
21
24
37
44
24
31
35
34
55
35
35
38
44
29
57
45
36
51
45
38
45
47
41
53
52
53
52
45
58
54
40
50
34
37
42
31
43
49
45
43
57
48
65
48
44
80
65
69
72
51
59
63
57
77
61
47
47
41
57
58
52
73
53
58
54
63
64
60
80
71
63
68
71
63
60
76
86
69
75
80
75
83
69
74
77
61
53
64
50
53
49
57
61
59
53
52
51
39
49
66
66
49
51
56
64
50
54
72
53
70
62
50
69
57
72
62
52
80
73
62
75
56
52
64
64
48
49
60
58
49
59
44
38
47
38
59
53
53
39
29
38
37
59
64
43
35
50
43
42
62
66
44
28
47
33
38
41
41
35
48
36
38
25
21
29
19
24
23
28
29
17
27
38
36
33
20
40
31
24
20
32
31
37
28
23
8
18
32
27
20
23
31
37
25
-2
11
19
20
15
19
13
1
4
26
28
39
21
17
14
28
35
41
34
31
31
12
15
8
16
13
8
25
34
35
30
27
32
20
47
37
38
45
29
39
52
39
32
43
38
44
36
25
20
25
21
16
40
29
26
35
34
31
33
17
31
37
39
44
37
34
37
39
47
47
45
29
21
21
23
42
32
33
15
18
34
21
22
29
32
21
13
24
21
13
21
15
12
19
21
21
23
24
16
17
23
9
17
24
24
29
31
27
27
32
26
16
18
19
22
18
34
32
29
35
20
51
42
29
19
26
46
27
32
24
34
41
31
32
31
35
25
22
18
22
32
26
36
38
28
17
23
22
8
22
37
28
16
24
8
27
30
24
22
21
22
18
17
10
19
6
3
2
22
-4
4
-1
-3
1
-1
2
-7
2
-10
-8
-9
10
6
8
5
7
15
6
-6
6
16
28
15
8
12
15
14
15
13
14
18
7
23
21
11
18
14
9
13
12
17
14
32
29
19
22
4
19
19
18
13
11
11
10
17
7
13
-1
9
10
11
9
12
16
6
7
20
16
17
24
13
19
3
21
9
-15
5
18
0
4
27
-1
4
16
16
13
4
7
15
-2
-2
8
12
10
5
1
3
17
9
4
-4
0
-1
-1
4
-13
-4
-2
-5
2
-7
-2
-12
-6
-11
-16
-15
-23
3
-6
-7
2
-32
-9
-11
-32
-34
-7
-5
-12
-4
-28
-22
-15
-15
-2
-17
-17
-22
-16
-32
-32
-11
-27
-16
-21
-27
-5
-12
-9
-8
-2
2
-12
8
-17
-13
-6
-13
-10
-7
1
-22
-23
-9
-7
-18
4
4
3
7
12
3
-10
16
14
15
7
15
16
12
13
14
1
-2
-6
-10
-3
-5
15
11
12
12
6
-15
-18
-16
7
-6
1
19
-13
-7
-12
-10
-11
-9
2
4
5
15
22
0
7
6
1
9
-5
11
19
27
19
23
24
23
29
12
23
28
19
20
21
30
16
6
25
34
29
28
22
21
44
29
36
37
25
42
26
31
33
32
35
27
27
30
27
10
36
18
7
24
13
29
21
11
29
44
11
18
10
13
20
6
3
14
13
9
22
13
21
9
-4
-1
-9
12
7
12
3
2
-9
-6
14
3
10
6
-3
-3
-1
-1
0
10
6
8
9
-6
7
8
-5
0
3
1
-13
-1
-25
3
-22
71
-41
-10
-10
-28
4
-29
12
-15
-14
-4
-4
-6
5
-20
8
0
-11
8
6
6
7
16
13
-1
-6
9
11
10
5
4
9
10
3
0
9
16
2
-5
-12
-17
-16
2
-4
-5
-4
-3
-1
-17
-5
-12
-16
-15
-6
-18
-18
-18
-32
-14
-23
-27
-20
-30
-22
-25
-23
-11
-21
-20
-16
-30
-19
-13
-23
-18
-23
-9
-13
-14
-25
-26
-30
-17
-9
-11
-13
-28
-15
-29
-35
-23
-18
-40
-28
-34
-33
-18
-29
-22
-34
-33
-23
-42
-31
-35
-17
-4
-11
-8
-12
10
-7
-14
-5
-21
-13
-8
8
9
5
21
-4
-2
2
-2
-4
-13
-3
-8
-5
7
3
4
-12
-10
3
-22
-15
-21
-13
-10
-18
-5
-10
-22
1
-15
-11
-12
-33
-17
-29
-13
-8
-20
-22
-43
-25
-19
-31
-30
-36
-49
-37
-27
-40
-29
-32
-23
-30
-19
-10
-11
-16
-28
-4
7
-12
-12
-10
-1
4
12
20
25
22
19
22
30
17
13
11
19
28
13
16
15
19
26
34
36
32
27
32
32
31
42
35
25
25
36
40
39
38
33
31
31
28
19
16
24
23
23
28
8
15
15
7
20
11
-3
9
7
4
5
4
6
1
-3
-20
-6
-13
-18
-19
-2
-10
-26
-34
-41
-47
-43
-41
-33
-53
-57
-35
-33
-37
-48
-44
-42
-50
-44
-43
-56
-39
-35
-27
-35
-33
-31
-24
-23
-34
-14
-26
-22
-11
-5
-1
-3
30
11
17
31
21
30
47
42
41
45
38
48
54
69
71
56
54
62
64
59
55
80
68
49
45
53
63
58
66
47
48
49
36
38
47
27
23
37
26
18
16
-5
-11
-16
-6
-5
-25
-19
-45
-38
-50
-45
-39
-56
-55
-63
-58
-74
-72
-83
-92
-86
-89
-83
-85
-84
-86
-61
-72
-66
-66
-93
-91
-79
-75
-90
-85
-85
-68
-55
-58
-73
-55
-43
-53
-41
-40
-26
-10
-17
-11
-1
9
-1
10
21
38
41
32
41
53
64
69
79
90
103
108
107
115
116
114
128
135
130
152
143
147
155
138
140
148
139
115
122
114
113
123
93
95
98
74
51
45
34
16
10
-3
-22
-25
-60
-81
-82
-99
-99
-134
-150
-169
-167
-178
-190
-190
-213
-231
-238
-241
-259
-252
-250
-271
-273
-277
-266
-254
-253
-259
-251
-249
-247
-237
-218
-210
-193
-189
-168
-158
-142
-127
-111
-96
-83
-50
-51
-26
-7
21
30
46
75
81
103
120
142
178
187
217
239
258
278
296
324
344
368
393
411
424
446
473
498
501
510
506
521
549
552
519
513
486
459
440
407
368
336
286
234
183
117
67
16
-48
-96
-152
-213
-262
-296
-338
-394
-420
-468
-499
-532
-569
-590
-593
-615
-638
-639
-637
-648
-650
-639
-629
-609
-610
-611
-582
-552
-539
-516
-476
-461
-428
-387
-360
-326
-281
-260
-235
-195
-152
-130
-107
-63
-16
4
43
80
104
133
175
200
234
268
305
341
375
388
421
451
474
516
535
557
567
619
633
649
684
691
710
737
758
770
776
774
763
743
736
726
682
648
615
560
505
457
395
330
282
194
122
64
-9
-63
-117
-191
-241
-294
-354
-381
-421
-461
-490
-515
-525
-552
-552
-559
-572
-575
-589
-565
-577
-572
-547
-552
-533
-494
-469
-456
-431
-431
-404
-360
-338
-314
-276
-266
-241
-222
-192
-179
-169
-135
-129
-108
-95
-90
-85
-75
-61
-65
-69
-59
-59
-44
-73
-60
-61
-63
-64
-65
-54
-68
-68
-76
-64
-59
-61
-58
-46
-41
-36
-28
-39
-21
-11
2
-9
-4
7
17
15
19
49
52
62
50
66
94
103
104
123
135
160
186
211
233
249
280
312
349
368
391
420
443
459
481
502
510
511
526
513
503
515
481
465
431
395
384
339
306
270
236
189
166
115
86
42
9
-30
-64
-100
-148
-170
-204
-223
-265
-280
-308
-314
-347
-382
-398
-430
-437
-437
-442
-450
-449
-455
-453
-445
-433
-419
-419
-398
-376
-374
-373
-352
-318
-315
-302
-275
-252
-228
-207
-201
-180
-159
-163
-158
-156
-115
-116
-117
-87
-102
-85
-75
-74
-43
-29
-39
-31
-14
4
8
6
17
23
28
28
25
38
44
-85
-169
-14
-14
-37
81
107
68
86
146
105
90
125
118
94
109
107
79
106
88
61
78
88
79
72
70
75
100
91
98
131
173
174
206
210
229
225
236
256
281
309
333
349
373
373
369
361
336
325
308
297
267
261
215
197
159
139
116
90
86
76
58
25
37
4
-33
-35
-42
-49
-58
-78
-83
-93
-122
-140
-161
-186
-186
-191
-198
-206
-208
-206
-220
-226
-235
-231
-232
-228
-233
-226
-204
-213
-226
-216
-227
-222
-203
-212
-192
-196
-212
-197
-199
-225
-219
-194
-203
-180
-166
-195
-190
-169
-178
-180
-148
-155
-140
-128
-110
-117
-127
-99
-93
-106
-74
-65
-92
-50
-71
-58
-35
-48
-32
-37
-34
-39
-16
-14
-19
-20
-4
-12
-27
-5
-25
-7
10
-24
-12
7
4
0
-2
13
31
31
34
49
49
53
54
83
101
115
119
133
167
182
204
233
259
251
275
316
310
325
360
358
369
367
362
352
339
341
324
299
259
272
258
227
197
174
151
118
109
94
69
43
32
14
3
-14
-23
-61
-74
-75
-96
-113
-107
-124
-164
-152
-167
-191
-177
-199
-200
-226
-245
-237
-261
-275
-290
-262
-298
-278
-309
-341
-329
-328
-348
-359
-299
-355
-375
-315
-332
-361
-329
-367
-380
-288
-347
-308
-298
-318
-288
-296
-258
-289
-221
-210
-208
-192
-166
-118
-168
-150
-133
-88
-63
-82
-38
-44
-41
-32
5
16
9
31
12
28
81
23
31
67
3
85
91
34
71
41
64
94
54
56
99
58
80
149
61
55
76
44
-82
-261
-173
-96
-214
-142
-97
-152
-84
-37
-5
38
76
163
198
234
326
348
356
380
414
413
427
430
374
395
395
375
300
281
286
229
232
189
151
156
89
59
35
-14
-21
-29
-60
-88
-86
-89
-115
-120
-126
-118
-105
-179
-156
-146
-168
-160
-182
-183
-233
-243
-236
-255
-234
-236
-258
-281
-296
-302
-295
-290
-235
-215
-195
-145
-316
-449
-376
-444
-527
-359
-416
-419
-348
-328
-296
-266
-273
-188
-170
-84
-121
-174
-122
-158
-142
17
-8
-119
-43
45
-152
-120
90
-27
-190
-41
-159
-413
-139
-164
-434
-85
-184
-345
-115
-126
-187
-160
13
-10
-64
54
-1
53
85
40
163
189
115
123
90
89
150
99
79
173
116
97
194
104
46
127
200
83
109
137
137
169
108
199
217
167
242
262
333
280
275
430
326
386
434
370
346
320
364
326
300
297
272
209
250
211
164
140
75
134
112
9
11
-4
-105
-134
-88
-88
-138
-145
-176
-199
-189
-215
-237
-271
-178
-299
-280
-207
-290
-379
-357
-238
-410
-493
-240
-344
-480
-338
-311
-377
-399
-347
-280
-406
-371
-268
-319
-337
-424
-451
-455
-547
-393
-277
-441
-512
-445
-406
-383
-355
-413
-351
-267
-230
-156
-65
-84
-117
-39
33
-24
130
71
19
102
36
83
147
40
43
103
137
97
-18
96
68
-107
27
189
12
-18
183
72
-82
37
149
54
30
114
96
140
196
35
227
198
91
246
314
296
255
323
416
226
330
399
276
371
405
502
467
434
490
462
565
586
567
516
439
423
399
429
462
419
388
324
296
271
176
160
132
59
45
47
-83
-163
-161
-270
-323
-225
-260
-301
-314
-287
-356
-431
-299
-283
-269
-253
-265
-234
-239
-293
-294
-262
-246
-286
-278
-318
-391
-402
-484
-533
-464
-434
-514
-533
-509
-600
-565
-519
-609
-605
-574
-596
-540
-566
-566
-582
-591
-431
-466
-499
-203
-251
-296
-209
-138
-171
-171
-85
-119
-109
-78
-49
-23
59
185
73
82
231
266
178
254
319
313
176
317
439
292
435
403
369
568
497
423
535
447
487
499
536
595
524
501
507
590
571
711
642
591
757
741
746
818
746
738
877
914
919
963
1040
1156
1036
903
918
864
894
923
916
903
822
612
561
500
427
399
340
293
198
117
39
-106
-242
-285
-284
-246
-220
-297
-434
-452
-510
-513
-437
-393
-363
-342
-344
-308
-225
-328
-335
-311
-204
-140
-129
-112
-116
-212
-259
-156
-184
-158
-219
-264
-289
-328
-480
-522
-454
-476
-463
-542
-459
-615
-649
-665
-716
-680
-630
-517
-570
-557
-588
-623
-506
-506
-424
-314
-333
-310
-316
-163
-214
-276
-130
-47
74
104
-10
0
44
24
10
175
245
-71
64
290
187
0
70
257
212
149
259
433
324
116
189
422
447
365
411
555
419
460
620
708
811
753
721
848
937
805
820
1068
1188
1327
1414
1225
1038
955
993
1209
1270
1250
1063
849
689
555
583
487
429
363
255
130
-84
-265
-507
-667
-621
-530
-552
-657
-828
-949
-1073
-1051
-898
-718
-697
-764
-650
-579
-573
-574
-435
-313
-248
-130
-33
3
-38
-132
-154
-65
-17
-24
-19
-183
-349
-426
-465
-395
-453
-572
-684
-680
-691
-788
-830
-887
-936
-951
-887
-780
-865
-971
-902
-908
-877
-796
-639
-552
-541
-550
-662
-465
-398
-306
-198
34
148
-23
-74
-48
14
-121
78
418
319
111
58
75
159
20
273
622
428
114
212
395
139
9
306
501
448
309
491
490
384
549
743
1066
1091
1053
1101
1156
1168
1287
1553
1801
1833
1550
1353
1427
1426
1444
1495
1539
1438
1077
867
808
677
411
293
297
165
-75
-340
-488
-727
-980
-943
-842
-848
-1017
-1180
-1277
-1320
-1297
-1192
-1024
-940
-924
-912
-795
-661
-622
-542
-348
-174
-84
2
58
10
-7
46
191
278
202
167
85
-38
-257
-368
-353
-372
-487
-623
-748
-1004
-1184
-1233
-1226
-1179
-1275
-1335
-1378
-1449
-1413
-1386
-1316
-1261
-1223
-1056
-934
-931
-881
-754
-614
-433
-267
-214
-136
-19
-130
-42
270
214
67
186
371
236
131
219
278
282
163
141
340
382
231
272
326
344
474
474
564
582
600
725
790
903
1083
1162
1255
1393
1538
1748
1900
2051
2156
2032
1822
1801
1902
2101
2000
1859
1646
1256
1056
1009
1003
814
463
172
-63
-219
-395
-592
-746
-965
-1141
-1215
-1205
-1272
-1470
-1596
-1564
-1434
-1319
-1215
-1165
-1193
-1159
-1006
-728
-505
-445
-383
-325
-239
-80
100
220
210
221
312
372
304
242
192
41
-16
-78
-169
-344
-588
-663
-805
-938
-1041
-1218
-1316
-1464
-1532
-1534
-1594
-1700
-1725
-1682
-1660
-1583
-1532
-1444
-1339
-1244
-1092
-952
-803
-651
-469
-240
-101
-41
30
172
261
368
581
625
539
453
407
402
521
576
472
502
473
400
427
457
557
497
516
677
765
833
875
908
1018
1185
1399
1581
1650
1766
1935
2162
2377
2270
1994
1970
2003
2192
2306
2185
1876
1329
1020
1017
1050
1014
695
233
-167
-430
-598
-718
-916
-1223
-1384
-1478
-1505
-1598
-1768
-1869
-1904
-1747
-1489
-1337
-1327
-1401
-1367
-1130
-787
-472
-277
-251
-280
-176
34
293
439
460
444
433
441
436
420
291
127
31
-58
-171
-365
-618
-814
-1003
-1160
-1201
-1326
-1512
-1712
-1850
-1890
-1890
-1903
-1888
-1837
-1849
-1830
-1733
-1588
-1446
-1327
-1134
-905
-783
-655
-510
-340
-224
-59
176
311
382
398
427
468
520
606
690
685
635
639
684
688
640
601
659
629
613
748
802
844
927
1001
1116
1246
1474
1701
1861
2017
2174
2422
2679
2805
2485
2218
2253
2437
2696
2637
2364
1825
1221
1038
1117
1151
902
450
-54
-469
-727
-865
-986
-1299
-1610
-1749
-1799
-1824
-2023
-2170
-2202
-2171
-1905
-1630
-1479
-1531
-1605
-1378
-1005
-594
-299
-164
-165
-156
29
364
643
714
689
650
600
565
561
558
482
290
194
32
-229
-525
-737
-851
-1040
-1177
-1326
-1560
-1846
-2028
-2036
-1999
-2037
-2046
-2015
-2039
-2028
-1896
-1722
-1541
-1402
-1215
-967
-837
-687
-481
-228
-15
128
285
413
469
516
656
744
771
765
751
742
698
670
733
745
678
651
662
690
653
658
776
865
930
1137
1286
1377
1486
1640
1960
2262
2482
2708
2915
2696
2289
2310
2523
2858
2920
2651
2331
1653
1213
1201
1304
1298
710
42
-408
-757
-1027
-1076
-1136
-1465
-1802
-2069
-2122
-2211
-2383
-2312
-2215
-2032
-1833
-1721
-1696
-1737
-1564
-1162
-731
-367
-198
-187
-200
-61
306
654
814
846
769
638
596
654
744
662
376
190
64
-163
-444
-669
-814
-1033
-1245
-1388
-1633
-1917
-2147
-2208
-2140
-2148
-2214
-2245
-2299
-2296
-2168
-1934
-1703
-1585
-1500
-1314
-1082
-870
-636
-389
-137
10
167
371
490
564
655
784
870
877
871
855
784
759
766
776
752
648
609
633
679
699
752
758
819
898
1034
1273
1478
1649
1881
2114
2363
2632
2880
2654
2247
2296
2517
2890
2919
2646
2230
1560
1233
1322
1382
1175
574
-31
-459
-754
-898
-954
-1244
-1727
-2070
-2160
-2115
-2203
-2283
-2278
-2328
-2213
-1995
-1804
-1747
-1743
-1458
-1048
-696
-405
-247
-235
-212
51
492
829
914
850
783
710
697
823
946
840
582
332
138
-73
-314
-428
-581
-855
-1145
-1371
-1558
-1798
-1944
-1987
-2048
-2151
-2235
-2233
-2236
-2214
-2102
-1914
-1750
-1654
-1513
-1356
-1142
-919
-632
-347
-143
-25
124
322
470
598
770
884
896
849
825
858
847
856
880
866
760
704
726
758
770
799
846
861
901
1055
1262
1485
1602
1767
1992
2235
2564
2836
2954
2473
2237
2427
2733
3028
2837
2547
2010
1334
1227
1393
1437
1017
312
-205
-558
-802
-877
-952
-1353
-1862
-2119
-2114
-2053
-2185
-2216
-2192
-2244
-2103
-1901
-1734
-1673
-1595
-1223
-813
-515
-291
-236
-232
-111
257
702
932
941
873
773
694
794
924
947
738
472
323
116
-88
-229
-431
-716
-995
-1184
-1306
-1584
-1827
-1964
-2073
-2141
-2215
-2194
-2225
-2313
-2271
-2110
-1912
-1780
-1705
-1542
-1368
-1202
-916
-602
-362
-194
-71
110
323
457
603
723
806
859
866
884
875
820
832
815
794
731
672
694
698
693
750
794
821
891
1026
1204
1417
1601
1843
2074
2332
2605
2876
2854
2359
2297
2506
2835
3000
2708
2458
1852
1253
1278
1401
1349
824
150
-285
-655
-881
-858
-973
-1453
-1954
-2179
-2119
-2086
-2173
-2119
-2143
-2219
-2058
-1823
-1586
-1540
-1405
-1024
-682
-383
-196
-45
-9
82
458
820
1013
981
931
852
807
933
1030
940
676
466
308
143
-23
-180
-411
-749
-1073
-1214
-1335
-1526
-1714
-1904
-2052
-2265
-2331
-2230
-2219
-2245
-2239
-2134
-2021
-1919
-1737
-1530
-1353
-1201
-953
-691
-470
-302
-132
79
210
367
516
644
722
714
725
767
775
728
701
655
605
549
548
578
569
551
564
602
665
765
915
1096
1231
1412
1664
1887
2157
2468
2786
3015
2545
2203
2370
2574
2880
2845
2590
2190
1428
1178
1315
1334
1078
503
-49
-442
-787
-882
-869
-1191
-1682
-2003
-2080
-2042
-2082
-2087
-2003
-2115
-2064
-1874
-1648
-1508
-1412
-1104
-756
-458
-189
-12
23
74
299
686
965
1062
1053
946
847
859
1026
1143
998
688
386
133
-5
-57
-144
-412
-860
-1188
-1375
-1509
-1658
-1783
-1928
-2112
-2310
-2328
-2278
-2306
-2307
-2228
-2073
-1951
-1880
-1708
-1505
-1367
-1110
-786
-507
-343
-270
-88
162
324
542
697
732
671
637
737
796
751
736
699
620
526
483
506
493
455
525
585
594
592
672
796
932
1068
1239
1557
1788
2094
2427
2757
2982
2540
2203
2307
2493
2820
2867
2633
2197
1440
1114
1187
1201
1012
482
-118
-556
-902
-1022
-1005
-1322
-1778
-2110
-2230
-2158
-2139
-2114
-2040
-2111
-2076
-1866
-1594
-1442
-1288
-987
-627
-306
-21
162
232
266
496
913
1192
1346
1319
1212
1057
1035
1215
1352
1218
973
715
415
158
17
-69
-302
-730
-1053
-1233
-1437
-1613
-1758
-1892
-2128
-2356
-2353
-2255
-2274
-2256
-2203
-2095
-2040
-1966
-1747
-1561
-1383
-1136
-863
-575
-433
-371
-191
-24
148
389
580
642
536
474
517
517
516
512
486
370
243
219
232
202
155
192
215
248
305
420
571
676
836
1027
1243
1470
1797
2161
2547
2862
3166
2894
2361
2330
2553
2948
3062
2800
2412
1590
1019
1028
1167
1072
482
-179
-679
-1086
-1270
-1256
-1462
-1906
-2337
-2440
-2313
-2271
-2294
-2192
-2182
-2132
-1881
-1563
-1370
-1286
-1008
-555
-107
262
483
522
492
646
1121
1484
1679
1673
1481
1304
1227
1380
1557
1439
1203
933
645
394
136
-78
-330
-705
-940
-1081
-1336
-1636
-1935
-2100
-2179
-2292
-2260
-2234
-2365
-2401
-2333
-2112
-1934
-1850
-1706
-1571
-1427
-1154
-832
-547
-364
-236
-111
38
184
357
515
608
626
596
604
544
464
402
364
335
300
240
180
91
7
17
98
183
247
345
427
542
709
923
1196
1469
1756
2035
2399
2800
3184
3018
2480
2340
2478
2829
3013
2853
2520
1689
1018
1003
1106
1028
525
-142
-666
-1120
-1344
-1310
-1473
-1901
-2305
-2424
-2318
-2229
-2278
-2200
-2160
-2104
-1830
-1461
-1227
-1167
-939
-516
-38
372
664
730
633
728
1115
1514
1756
1780
1627
1406
1272
1345
1475
1381
1180
934
692
472
190
-5
-348
-821
-1041
-1107
-1244
-1448
-1769
-1991
-2206
-2344
-2197
-2098
-2112
-2184
-2203
-2039
-1870
-1694
-1498
-1362
-1240
-1055
-759
-466
-286
-176
-10
170
308
411
485
547
535
552
632
615
500
346
234
145
116
129
105
20
-95
-135
-123
-54
64
163
256
411
554
735
982
1224
1535
1868
2224
2629
3047
3327
2929
2422
2420
2602
2891
2972
2766
2305
1470
972
945
944
659
99
-477
-967
-1321
-1491
-1545
-1805
-2265
-2513
-2497
-2354
-2289
-2355
-2311
-2242
-2034
-1591
-1216
-1068
-983
-798
-357
187
645
943
942
835
941
1223
1563
1788
1765
1613
1381
1232
1293
1252
1085
848
567
383
185
-27
-327
-762
-1140
-1367
-1447
-1535
-1722
-1972
-2197
-2385
-2404
-2254
-2126
-2111
-2108
-2034
-1871
-1691
-1496
-1245
-1062
-920
-697
-475
-266
-102
33
222
383
507
556
576
571
539
550
598
565
469
317
169
32
-85
-130
-152
-180
-252
-300
-304
-308
-235
-86
114
293
438
650
851
1113
1459
1836
2199
2604
2957
3353
3166
2611
2414
2481
2756
2887
2714
2423
1644
926
748
638
492
28
-565
-1022
-1465
-1765
-1832
-2046
-2383
-2624
-2633
-2532
-2425
-2470
-2463
-2365
-2145
-1678
-1285
-1095
-918
-775
-443
84
541
957
1036
969
1083
1255
1482
1694
1763
1715
1543
1400
1360
1249
1015
763
545
356
189
-20
-296
-681
-1140
-1386
-1473
-1584
-1739
-1948
-2158
-2306
-2375
-2286
-2146
-2091
-2031
-1929
-1772
-1568
-1364
-1172
-978
-789
-551
-315
-136
37
158
275
437
557
659
651
603
571
524
514
487
410
278
97
-43
-162
-288
-370
-441
-509
-494
-470
-441
-387
-327
-195
-10
223
460
720
950
1203
1530
1877
2239
2617
3005
3392
3326
2845
2553
2410
2562
2808
2690
2391
1714
1073
833
558
313
-32
-534
-1027
-1418
-1603
-1681
-1979
-2352
-2510
-2478
-2401
-2218
-2184
-2245
-2244
-2093
-1588
-1177
-933
-690
-554
-323
40
466
892
995
979
1098
1243
1412
1552
1611
1551
1372
1266
1301
1222
983
760
507
264
155
31
-156
-511
-926
-1108
-1258
-1360
-1426
-1614
-1828
-2052
-2085
-1934
-1860
-1815
-1771
-1726
-1587
-1356
-1125
-996
-942
-829
-538
-241
17
187
260
291
356
511
654
717
661
606
527
489
480
366
199
15
-134
-185
-256
-359
-512
-654
-678
-680
-593
-494
-414
-319
-237
-82
138
376
585
721
926
1197
1489
1841
2094
2315
2548
2806
2791
2531
2220
1997
2036
2183
2168
1948
1497
1089
829
584
338
28
-338
-596
-768
-903
-996
-1200
-1444
-1661
-1767
-1741
-1592
-1490
-1471
-1496
-1490
-1338
-1079
-814
-626
-514
-361
-131
112
306
383
412
454
553
672
780
794
718
625
549
539
535
502
373
204
82
29
-2
-40
-186
-363
-505
-577
-542
-554
-609
-721
-868
-925
-936
-912
-848
-787
-724
-652
-596
-487
-420
-376
-293
-228
-120
19
108
167
174
188
239
257
282
279
209
208
269
257
188
120
83
78
86
41
-9
-28
-30
-71
-105
-159
-127
-91
-64
-31
-74
-80
-83
-33
-21
-24
-25
-11
44
89
152
180
203
215
226
251
300
356
422
486
523
543
543
567
617
677
716
721
736
760
786
795
754
659
577
541
538
482
402
295
155
63
-16
-66
-126
-229
-330
-417
-450
-475
-541
-574
-624
-655
-638
-599
-574
-559
-548
-518
-444
-390
-323
-295
-293
-278
-243
-188
-121
-83
-56
-75
-92
-70
-48
-8
1
3
2
-8
-16
-16
-19
-17
-59
-91
-89
-94
-122
-154
-187
-225
-218
-200
-200
-226
-265
-267
-253
-251
-251
-259
-303
-323
-316
-281
-277
-260
-281
-268
-257
-239
-205
-187
-121
-65
-45
-22
-6
14
41
31
20
22
61
49
52
43
9
-7
-38
-58
-54
-57
-68
-122
-149
-146
-108
-77
-80
-88
-47
22
64
117
126
169
269
386
491
567
619
633
648
667
678
660
631
606
585
581
554
568
466
313
194
62
-16
-84
-149
-224
-305
-368
-439
-478
-564
-640
-638
-632
-590
-543
-488
-448
-433
-385
-333
-281
-230
-177
-128
-76
-43
-4
44
83
130
109
84
76
58
64
48
14
28
27
4
-45
-95
-100
-156
-242
-339
-374
-377
-419
-514
-579
-583
-546
-543
-595
-694
-742
-715
-649
-618
-655
-686
-676
-620
-588
-565
-542
-481
-406
-368
-306
-251
-199
-177
-189
-119
-60
-19
-4
34
27
-37
-10
72
86
50
1
-63
-83
-49
48
88
79
99
113
101
120
226
289
331
448
573
711
748
836
969
1035
1134
1218
1320
1347
1272
1257
1243
1186
1078
910
763
625
493
385
243
48
-162
-320
-438
-581
-716
-829
-915
-972
-1009
-1030
-1045
-1024
-959
-863
-775
-675
-540
-405
-296
-199
-92
44
199
352
469
517
541
556
600
611
599
577
547
511
472
403
304
195
90
-10
-111
-198
-282
-357
-489
-592
-683
-799
-879
-967
-1079
-1156
-1176
-1123
-1041
-998
-991
-995
-946
-870
-792
-705
-640
-575
-466
-350
-250
-220
-188
-164
-111
-55
9
79
67
67
91
104
119
101
78
29
-70
-105
-103
-118
-142
-128
-79
-52
-42
-1
60
169
264
328
457
598
801
1022
1194
1351
1529
1733
1918
2065
2153
2165
2138
2072
1964
1792
1577
1325
1056
829
615
425
182
-145
-457
-728
-947
-1133
-1284
-1409
-1475
-1529
-1519
-1442
-1370
-1276
-1155
-1018
-872
-660
-416
-189
24
247
466
680
867
1016
1123
1147
1138
1168
1160
1148
1080
1003
858
695
557
368
179
-36
-249
-413
-581
-721
-806
-949
-1075
-1207
-1284
-1345
-1403
-1403
-1416
-1445
-1383
-1237
-1067
-883
-727
-599
-511
-406
-289
-181
-124
-63
21
109
161
215
231
190
135
46
21
-40
-110
-167
-238
-297
-322
-324
-340
-355
-410
-465
-496
-501
-427
-320
-246
-129
2
169
348
548
754
916
1064
1240
1445
1662
1891
2082
2285
2526
2774
2942
2929
2756
2472
2086
1694
1309
963
667
344
51
-238
-550
-880
-1190
-1500
-1834
-2083
-2223
-2241
-2169
-2020
-1841
-1611
-1370
-1111
-840
-609
-370
-133
153
440
770
1131
1429
1676
1811
1890
1891
1811
1681
1488
1287
1062
851
655
405
163
-110
-443
-777
-1081
-1342
-1560
-1724
-1831
-1901
-1938
-1944
-1874
-1821
-1782
-1681
-1535
-1320
-1043
-806
-567
-356
-144
78
207
311
352
391
391
367
347
309
237
148
82
-13
-129
-239
-344
-501
-636
-730
-808
-856
-884
-874
-849
-792
-721
-609
-481
-350
-151
62
313
575
860
1137
1387
1612
1856
2094
2296
2519
2754
3032
3304
3494
3485
3262
2845
2331
1772
1224
771
290
-144
-509
-860
-1144
-1437
-1702
-2016
-2383
-2673
-2813
-2843
-2749
-2505
-2216
-1857
-1460
-1042
-607
-228
93
389
645
905
1209
1533
1853
2095
2261
2361
2324
2210
2009
1703
1330
911
511
157
-165
-442
-692
-947
-1237
-1552
-1815
-2022
-2164
-2276
-2337
-2321
-2231
-2014
-1789
-1548
-1306
-1044
-767
-515
-288
-78
115
266
420
540
657
721
750
677
550
419
275
115
-86
-253
-419
-543
-646
-701
-761
-819
-860
-943
-994
-1001
-964
-887
-808
-679
-500
-311
-50
234
536
802
1018
1212
1423
1636
1831
2032
2229
2403
2608
2874
3171
3449
3551
3439
3089
2553
1936
1294
728
206
-286
-702
-1032
-1268
-1415
-1579
-1762
-2011
-2300
-2502
-2596
-2533
-2372
-2088
-1718
-1316
-842
-330
151
504
812
1030
1155
1331
1516
1698
1865
1975
2042
2092
2013
1873
1616
1184
721
192
-292
-718
-1103
-1359
-1575
-1753
-1862
-1919
-1943
-1958
-1997
-1978
-1918
-1802
-1634
-1415
-1183
-900
-559
-234
101
364
554
670
697
709
680
632
575
493
427
298
180
65
-97
-286
-472
-653
-836
-1002
-1113
-1136
-1128
-1083
-1030
-956
-836
-696
-554
-402
-227
-69
127
379
622
882
1089
1267
1473
1661
1854
2015
2164
2306
2453
2651
2899
3081
3082
2940
2574
2037
1416
789
233
-313
-839
-1242
-1503
-1651
-1720
-1777
-1841
-1920
-2016
-2047
-2023
-1925
-1768
-1546
-1234
-863
-415
96
510
876
1194
1386
1514
1565
1619
1650
1631
1593
1546
1446
1338
1180
928
588
159
-280
-721
-1176
-1547
-1837
-2051
-2172
-2189
-2129
-1999
-1833
-1694
-1566
-1462
-1365
-1244
-1140
-993
-783
-544
-269
2
308
546
667
715
687
569
404
231
45
-128
-254
-364
-456
-513
-532
-559
-624
-691
-763
-823
-884
-881
-840
-780
-657
-485
-281
-66
155
378
578
758
945
1069
1152
1231
1339
1459
1599
1783
2024
2225
2480
2714
2862
2847
2678
2370
1813
1177
516
-56
-598
-1129
-1460
-1648
-1779
-1793
-1757
-1719
-1732
-1758
-1727
-1715
-1632
-1446
-1215
-950
-580
-123
326
733
1057
1351
1533
1581
1614
1599
1498
1367
1219
1070
946
802
647
423
135
-175
-531
-902
-1257
-1554
-1806
-1998
-2071
-2011
-1896
-1739
-1519
-1271
-1057
-865
-714
-600
-520
-448
-369
-278
-136
3
129
221
286
332
303
167
27
-143
-344
-558
-720
-835
-939
-972
-959
-912
-839
-754
-661
-572
-478
-353
-269
-143
5
185
413
641
895
1141
1357
1528
1658
1758
1802
1828
1837
1865
1935
2028
2142
2255
2322
2265
2132
1870
1469
939
327
-241
-812
-1343
-1731
-1971
-2066
-2079
-1993
-1826
-1614
-1415
-1225
-1092
-973
-826
-680
-487
-268
46
379
698
1017
1323
1577
1705
1752
1714
1581
1366
1112
859
575
294
42
-192
-387
-568
-758
-944
-1142
-1331
-1483
-1648
-1765
-1786
-1753
-1639
-1457
-1209
-923
-671
-425
-241
-85
24
118
163
185
188
172
110
44
10
-78
-181
-313
-442
-573
-745
-908
-1044
-1131
-1183
-1183
-1142
-1066
-907
-747
-569
-373
-189
-18
137
293
428
567
702
835
1012
1167
1345
1521
1678
1828
1948
2008
2060
2108
2144
2189
2215
2172
2058
1898
1651
1299
859
400
-99
-585
-1071
-1469
-1734
-1932
-2052
-2027
-1921
-1766
-1574
-1347
-1104
-900
-686
-513
-335
-160
39
253
454
670
912
1091
1190
1291
1342
1308
1215
1030
838
556
249
-52
-356
-620
-870
-1071
-1253
-1371
-1486
-1593
-1637
-1657
-1615
-1559
-1490
-1354
-1235
-1077
-902
-671
-453
-234
-19
171
297
360
422
394
330
216
87
-76
-211
-352
-499
-663
-795
-916
-1029
-1083
-1123
-1133
-1126
-1064
-976
-828
-672
-508
-315
-116
123
374
639
895
1129
1385
1619
1848
2055
2252
2441
2579
2687
2735
2700
2532
2312
2005
1543
1027
486
-57
-588
-1067
-1460
-1762
-1966
-2100
-2118
-2026
-1898
-1749
-1541
-1349
-1123
-893
-676
-423
-182
78
341
596
865
1126
1344
1480
1565
1583
1486
1346
1156
885
559
219
-119
-435
-734
-971
-1206
-1414
-1562
-1692
-1763
-1850
-1854
-1850
-1793
-1682
-1515
-1339
-1163
-948
-692
-451
-237
-14
148
285
373
428
450
439
386
332
246
144
42
-52
-141
-255
-357
-473
-579
-644
-700
-708
-693
-648
-587
-490
-378
-264
-133
-7
136
261
388
526
675
818
960
1114
1256
1396
1513
1613
1717
1835
1971
2035
2023
1940
1803
1567
1207
799
377
-48
-503
-906
-1187
-1386
-1533
-1554
-1491
-1354
-1172
-1022
-840
-686
-573
-450
-373
-313
-214
-94
47
186
352
582
766
894
1007
1093
1114
1034
910
732
489
218
-57
-336
-588
-805
-987
-1110
-1197
-1273
-1347
-1386
-1427
-1438
-1446
-1428
-1342
-1246
-1122
-977
-811
-641
-443
-302
-167
-45
39
101
106
73
52
39
12
7
5
30
36
40
18
32
31
2
-5
-15
-20
-6
59
136
238
370
500
647
821
978
1091
1206
1319
1402
1484
1545
1601
1649
1626
1549
1421
1246
998
677
332
-4
-354
-674
-923
-1100
-1204
-1263
-1268
-1165
-1005
-839
-641
-469
-314
-178
-67
-3
72
151
201
220
271
322
365
367
370
337
235
125
-49
-195
-377
-552
-743
-916
-1022
-1097
-1137
-1155
-1122
-1038
-952
-857
-717
-585
-458
-347
-238
-145
-76
-39
-50
-61
-125
-164
-234
-293
-373
-432
-483
-548
-572
-571
-553
-529
-466
-384
-305
-244
-152
-58
74
201
346
500
662
849
999
1143
1298
1437
1523
1589
1637
1656
1585
1478
1328
1113
873
631
370
67
-173
-383
-558
-681
-730
-718
-689
-573
-447
-284
-114
16
156
262
344
400
392
392
369
314
249
185
118
63
-20
-98
-184
-283
-409
-567
-733
-843
-977
-1090
-1171
-1226
-1228
-1212
-1149
-1059
-939
-834
-692
-557
-451
-358
-287
-232
-205
-191
-194
-189
-208
-241
-234
-243
-229
-201
-183
-165
-125
-79
-29
52
89
124
175
208
237
286
328
391
453
509
596
673
749
802
860
913
954
944
959
966
936
897
825
725
611
477
322
148
-9
-137
-281
-402
-517
-566
-577
-542
-479
-387
-283
-179
-54
53
150
215
240
227
201
140
56
-57
-161
-279
-382
-465
-534
-585
-607
-602
-597
-567
-519
-505
-496
-510
-522
-537
-573
-603
-658
-681
-703
-735
-741
-710
-684
-639
-589
-504
-420
-340
-250
-168
-109
-24
29
66
130
183
241
308
368
445
504
589
684
760
859
926
1004
1071
1117
1139
1133
1113
1102
1047
954
832
706
555
396
270
133
36
-39
-107
-143
-182
-193
-212
-214
-211
-238
-212
-218
-227
-250
-273
-299
-317
-362
-420
-464
-522
-564
-612
-674
-721
-766
-805
-819
-829
-813
-795
-769
-739
-682
-611
-551
-476
-435
-384
-321
-284
-231
-192
-136
-131
-97
-39
-22
17
76
110
123
178
204
252
332
375
431
459
491
521
532
569
605
635
629
638
673
676
703
717
728
736
702
664
599
503
437
352
261
138
10
-106
-226
-309
-413
-495
-536
-582
-623
-630
-661
-661
-657
-655
-645
-616
-592
-585
-562
-553
-520
-508
-493
-468
-453
-475
-470
-439
-398
-369
-321
-283
-256
-208
-171
-154
-146
-111
-81
-94
-63
-42
-48
-23
7
46
76
141
216
280
381
471
557
670
752
826
869
916
937
926
919
884
863
798
730
651
560
487
406
336
269
180
112
20
-62
-121
-221
-311
-381
-469
-541
-581
-653
-706
-720
-749
-773
-770
-776
-762
-741
-739
-713
-694
-703
-717
-722
-721
-732
-731
-743
-743
-722
-700
-658
-611
-581
-497
-405
-343
-231
-139
-67
-2
76
136
172
213
273
301
321
378
403
452
484
534
599
658
696
745
797
823
858
856
852
848
825
792
749
728
674
645
623
576
533
488
439
363
271
153
70
-39
-149
-241
-358
-459
-570
-649
-726
-790
-810
-843
-846
-860
-845
-833
-842
-811
-766
-724
-685
-626
-601
-550
-509
-472
-432
-362
-284
-247
-184
-125
-59
-9
31
81
120
129
167
182
195
222
233
260
268
280
308
314
346
336
346
351
360
379
398
427
433
462
474
455
453
454
441
439
400
370
358
331
294
242
201
138
84
37
-25
-88
-167
-236
-298
-373
-430
-487
-524
-573
-602
-631
-652
-666
-683
-676
-666
-656
-626
-601
-525
-473
-427
-344
-269
-185
-114
-31
34
93
162
220
280
346
398
444
482
502
511
528
522
506
469
447
415
361
323
260
240
208
190
176
141
138
118
116
116
132
153
131
144
133
111
108
86
70
70
34
-4
-25
-71
-104
-142
-187
-240
-269
-324
-386
-418
-457
-497
-514
-548
-566
-554
-565
-543
-516
-498
-452
-406
-346
-271
-216
-160
-85
-31
17
74
133
178
231
271
271
264
278
281
277
276
269
255
255
263
293
302
302
300
279
278
267
261
235
233
208
205
188
151
143
116
97
82
49
0
-37
-89
-117
-148
-194
-221
-232
-271
-315
-329
-350
-343
-338
-334
-327
-323
-331
-327
-320
-301
-292
-284
-269
-273
-271
-261
-235
-245
-223
-202
-200
-189
-174
-152
-126
-114
-103
-53
-62
-24
12
45
102
119
136
190
209
227
256
268
266
286
303
313
329
340
342
346
353
334
305
268
236
183
148
70
26
-16
-78
-119
-143
-191
-235
-262
-280
-317
-338
-342
-349
-367
-361
-332
-330
-277
-259
-228
-183
-175
-152
-130
-95
-77
-81
-61
-38
-34
-34
-30
-19
5
-2
32
49
26
29
30
47
51
62
80
84
100
102
98
85
81
88
78
87
72
49
49
61
53
61
69
61
53
62
64
77
76
58
48
51
52
34
47
21
9
18
5
-34
-48
-67
-91
-105
-115
-108
-144
-171
-178
-184
-194
-198
-202
-228
-228
-221
-239
-242
-209
-194
-167
-151
-120
-73
-40
8
21
59
68
97
120
108
115
134
126
106
99
83
66
44
36
13
-4
-12
-7
-29
-35
-57
-56
-46
-46
-24
-37
-38
-24
15
19
20
45
57
63
82
75
74
76
63
57
51
43
3
-11
-30
-55
-87
-115
-138
-168
-195
-193
-200
-220
-223
-221
-220
-229
-198
-182
-174
-170
-158
-127
-106
-98
-69
-42
-16
-10
19
40
41
64
59
51
45
62
51
52
43
33
17
13
-3
-27
-21
-56
-70
-76
-88
-100
-98
-91
-90
-82
-84
-70
-64
-64
-51
-34
-22
-23
-2
15
46
49
58
80
78
61
53
53
31
34
8
-25
-35
-64
-82
-99
-106
-117
-127
-157
-161
-157
-184
-184
-198
-197
-174
-175
-149
-135
-121
-76
-50
-12
24
40
69
99
119
131
148
166
165
153
144
140
122
74
53
9
-28
-70
-118
-169
-174
-183
-216
-215
-239
-233
-227
-232
-238
-224
-200
-187
-145
-104
-59
-34
-3
28
55
84
101
116
130
144
116
102
77
51
32
-1
-37
-63
-83
-96
-110
-113
-128
-139
-157
-157
-164
-155
-158
-159
-125
-114
-96
-110
-90
-55
-43
-18
1
8
33
23
44
40
44
61
53
58
82
66
70
63
61
72
51
66
70
67
79
68
78
81
57
61
46
41
11
-8
-9
-45
-69
-63
-85
-88
-115
-118
-121
-133
-127
-110
-116
-109
-106
-108
-82
-92
-69
-73
-73
-53
-54
-59
-55
-70
-70
-90
-100
-111
-137
-154
-158
-161
-169
-172
-188
-154
-138
-139
-128
-132
-122
-114
-96
-53
-28
-14
24
50
63
87
102
113
124
133
151
159
171
167
163
153
153
135
113
97
71
49
15
-10
-33
-36
-44
-69
-81
-89
-82
-87
-86
-96
-87
-76
-78
-74
-56
-40
-30
5
3
29
23
43
44
43
61
58
56
30
24
3
1
-18
-44
-64
-77
-86
-94
-82
-85
-74
-71
-37
-32
-23
2
-3
8
13
33
30
26
44
42
28
39
51
57
45
37
32
20
20
6
-16
-15
-5
-4
-17
-9
-25
-17
-29
-44
-33
-46
-36
-35
-38
-34
-48
-56
-60
-62
-69
-75
-72
-82
-77
-61
-34
-43
-5
10
15
38
56
66
63
54
43
58
50
34
55
35
20
16
18
-7
-19
-33
-46
-59
-76
-70
-91
-96
-63
-68
-59
-59
-47
-37
-9
1
26
29
58
78
83
102
86
110
99
121
108
111
103
78
83
79
67
49
47
21
18
34
16
15
12
12
14
-3
-1
8
18
20
9
27
42
25
44
36
41
43
39
50
36
18
-6
-27
-46
-63
-87
-90
-137
-162
-165
-177
-190
-191
-182
-185
-171
-164
-137
-142
-125
-95
-79
-55
-33
-8
7
39
72
98
113
122
126
131
129
148
149
142
144
122
114
113
90
72
68
56
34
21
15
-3
0
-5
-8
-3
-3
-1
-1
-5
-13
-19
1
7
25
49
55
74
105
106
93
117
94
84
77
60
34
11
-14
-38
-67
-96
-119
-159
-175
-194
-203
-220
-221
-214
-214
-205
-185
-167
-145
-114
-83
-62
-37
-11
1
45
57
102
121
139
171
192
204
201
217
197
190
186
173
154
138
110
111
83
55
46
9
1
-34
-67
-84
-100
-101
-109
-114
-95
-96
-59
-50
-37
-24
-16
12
26
64
55
83
83
95
95
75
70
70
46
24
-4
-35
-55
-82
-128
-130
-165
-196
-190
-236
-247
-233
-240
-235
-216
-218
-204
-163
-134
-113
-75
-49
-11
38
66
83
113
144
143
142
163
167
177
144
147
123
94
92
61
48
24
10
-12
-31
-51
-92
-105
-109
-120
-100
-110
-108
-112
-90
-75
-67
-29
-29
-7
18
30
47
43
53
59
81
94
86
82
67
53
40
25
34
13
-11
-10
-29
-36
-44
-37
-37
-43
-57
-57
-74
-69
-63
-52
-26
-27
-6
13
31
41
52
72
75
75
83
82
100
94
102
107
83
88
71
49
29
16
-24
-47
-56
-65
-85
-83
-97
-111
-106
-96
-73
-62
-55
-58
-23
-1
17
39
63
61
92
103
99
102
126
113
117
111
97
100
86
83
68
49
33
3
-18
-30
-49
-51
-61
-79
-88
-80
-93
-84
-92
-90
-63
-64
-58
-55
-45
-29
-5
14
19
30
42
34
36
38
20
33
-1
-17
-16
-38
-45
-56
-48
-60
-85
-77
-68
-88
-87
-75
-52
-48
-38
-4
14
21
43
71
92
97
118
107
124
141
140
140
133
137
133
103
99
88
49
33
18
-37
-60
-61
-102
-122
-144
-143
-159
-160
-155
-140
-108
-87
-67
-45
-12
-11
3
23
40
53
40
58
65
58
51
62
50
48
30
22
12
-1
-15
-42
-61
-88
-101
-124
-134
-150
-148
-151
-155
-149
-144
-122
-99
-93
-84
-49
-35
-25
-11
0
26
22
36
35
45
47
40
41
22
28
20
12
18
18
0
-17
-25
-31
-31
-61
-55
-38
-48
-66
-53
-23
-25
-29
-15
13
-1
23
48
53
37
46
49
45
62
44
58
32
8
20
5
-9
-12
-39
-28
-15
-16
-20
-9
-28
-21
2
-4
14
34
34
27
33
34
51
52
44
36
27
30
24
-12
-13
-41
-57
-79
-98
-101
-118
-122
-142
-135
-137
-129
-134
-138
-118
-116
-108
-99
-76
-65
-70
-69
-60
-59
-35
-56
-50
-41
-34
-4
2
-3
11
23
27
26
24
23
39
27
37
33
42
39
48
47
37
38
28
18
16
20
10
12
-5
-15
-5
-15
-31
-19
-19
-12
2
3
-6
17
17
32
36
24
24
37
37
22
28
14
-7
-29
-41
-68
-77
-95
-127
-125
-149
-168
-169
-168
-169
-161
-157
-150
-136
-103
-81
-73
-56
-24
-12
-10
32
22
39
72
71
89
86
97
83
83
71
56
51
36
18
18
-14
-24
-42
-49
-46
-81
-71
-75
-81
-93
-98
-101
-97
-103
-89
-85
-74
-45
-30
-22
-28
-21
1
-1
12
17
17
39
40
48
49
42
39
35
31
20
17
-6
-13
-24
-30
-33
-65
-63
-74
-71
-51
-51
-46
-44
-28
-34
1
21
29
49
60
83
93
115
115
126
127
131
112
104
119
91
82
60
44
35
-1
-9
-51
-66
-66
-101
-108
-109
-131
-126
-137
-133
-136
-126
-114
-106
-101
-97
-60
-58
-38
-23
-27
-16
-11
-16
5
16
6
5
5
15
3
7
18
10
19
14
17
37
24
32
33
43
28
12
32
23
29
11
26
18
22
15
15
46
26
27
9
25
33
31
48
40
51
69
71
66
65
63
82
81
81
72
56
40
33
22
18
-2
-23
-16
-36
-47
-74
-72
-87
-81
-88
-100
-92
-101
-85
-94
-97
-102
-95
-84
-91
-96
-100
-80
-72
-62
-44
-55
-39
-52
-37
-37
-43
-25
-41
-21
-13
-14
-24
-11
0
-17
-23
-43
-40
-36
-34
-47
-56
-45
-41
-29
-23
-28
-19
-24
-20
-24
-22
-21
-24
-14
-11
-4
-18
-5
13
6
18
37
23
30
48
36
49
41
35
26
48
46
42
47
38
41
30
31
17
14
9
8
5
-21
-5
1
2
-8
-15
-6
-12
-10
-5
-7
-7
-2
-7
-23
-31
-16
-31
-10
-3
6
18
12
19
25
29
46
66
55
52
56
48
55
41
33
20
18
24
16
25
6
2
11
4
-13
-29
-44
-33
-58
-61
-54
-46
-40
-36
-25
-29
-6
-5
13
24
35
49
48
26
43
46
33
33
28
26
37
15
-3
14
19
-4
-5
1
-11
8
-19
-17
-14
-20
-17
-22
-12
-9
4
24
36
53
55
70
87
100
105
95
114
102
102
88
82
89
81
64
68
71
71
70
56
35
33
18
13
26
-9
11
10
9
4
20
35
27
22
23
26
6
15
31
24
18
17
6
6
-6
-18
-34
-25
-27
-40
-39
-49
-57
-45
-40
-48
-37
-46
-24
-16
-28
-29
-21
-7
-20
-30
-30
-45
-38
-37
-47
-40
-40
-50
-39
-46
-42
-36
-28
-23
-7
6
10
34
18
23
69
65
98
107
104
117
118
140
143
145
126
126
129
114
96
101
85
78
58
47
56
44
42
49
38
46
49
55
65
49
49
79
70
87
97
87
78
69
81
76
75
60
68
57
57
73
56
41
19
20
2
-16
-18
-39
-53
-73
-65
-77
-82
-108
-105
-99
-121
-112
-102
-104
-106
-93
-74
-57
-39
-13
-12
2
25
35
55
74
66
75
76
80
86
94
96
111
113
101
94
93
89
83
71
59
51
56
52
40
45
39
38
43
53
49
67
83
87
103
107
126
130
135
127
114
117
111
105
92
77
61
68
55
36
26
-6
-16
-34
-44
-55
-81
-80
-81
-89
-94
-100
-107
-81
-93
-97
-111
-129
-124
-131
-125
-117
-93
-82
-86
-66
-59
-43
-22
-10
4
29
37
37
47
57
66
70
82
72
62
53
23
45
48
19
31
17
17
16
17
16
8
13
8
-15
4
6
6
43
47
52
53
64
80
91
76
84
74
74
73
44
42
34
18
6
-17
-43
-45
-66
-84
-97
-113
-112
-116
-115
-113
-127
-124
-113
-103
-92
-66
-49
-41
-24
-26
-12
-1
7
20
28
37
61
49
68
81
72
75
69
64
62
64
53
51
42
31
19
15
22
8
-3
-9
-26
-23
-29
-26
-27
-17
-18
-26
-12
-4
-13
-10
-9
-13
3
18
11
7
5
14
22
16
25
14
-1
18
12
-2
12
-7
-4
-7
-26
-6
-6
-5
-8
-22
-3
-10
-1
-7
1
0
4
40
52
55
70
87
92
86
99
113
118
108
105
117
105
86
95
98
87
85
73
79
61
44
39
20
27
11
10
9
0
-13
-22
-21
-25
-31
-29
-29
-51
-45
-35
-47
-37
-33
-29
-31
-24
-26
-36
-32
-35
-30
-41
-35
-37
-21
-35
-42
-26
-25
-28
-28
-17
-17
-29
-29
-21
-11
1
-17
-15
0
10
23
25
55
47
52
63
77
78
82
101
106
119
117
129
116
118
122
107
113
109
116
112
106
108
106
87
76
70
75
63
60
53
43
43
32
24
41
47
33
33
23
23
32
16
17
16
25
29
22
28
44
65
59
46
43
65
53
38
34
35
28
28
15
11
12
-7
-9
-2
14
-4
3
9
15
5
-2
3
-19
-15
-15
3
0
4
-14
1
-1
-1
16
5
7
18
15
4
16
21
25
19
10
16
6
-5
4
19
1
12
31
16
28
29
23
34
23
19
29
35
58
54
58
51
61
53
60
47
43
48
27
42
32
18
-3
11
3
1
2
7
1
3
-3
-2
-13
-5
-5
-17
-13
-16
-11
-29
-31
-35
-30
-28
-30
-32
-24
-34
-19
-9
-13
-12
-16
-32
-36
-30
-35
-47
-40
-49
-46
-48
-62
-44
-36
-31
-16
-16
-7
1
2
0
6
25
16
17
10
0
-5
-16
-36
-39
-33
-44
-43
-57
-66
-78
-63
-63
-76
-77
-74
-68
-66
-56
-60
-52
-45
-40
-20
-10
-12
16
25
26
31
37
42
64
80
65
59
81
78
71
64
48
45
40
53
47
29
40
25
26
21
21
32
29
34
28
23
23
32
21
12
16
11
12
0
7
6
-18
-20
-7
-16
-23
-29
-31
-29
-19
-26
-37
-34
-21
-15
-20
-14
-12
-7
-6
-11
-20
-5
-15
-6
-9
-9
10
0
7
21
27
57
55
59
56
60
54
66
89
68
78
76
93
103
91
85
91
100
103
106
92
90
75
84
76
83
74
58
62
58
49
22
18
-3
3
-7
-6
-22
-5
0
-11
-15
-3
-11
-8
22
14
23
13
34
23
35
28
15
31
32
32
46
25
19
28
20
33
13
19
23
15
24
14
22
10
23
9
17
16
5
21
11
7
34
30
25
13
1
3
-8
2
-24
-27
-9
-19
-27
-20
-33
-19
-21
-25
-19
-19
5
-2
-19
12
4
11
19
27
41
21
27
22
31
32
15
26
39
24
31
22
14
10
9
24
2
-20
-3
-6
-3
-10
-1
13
22
36
41
57
73
73
61
78
65
73
78
85
89
83
73
76
74
66
66
52
48
27
27
13
-4
7
-15
-27
-29
-44
-42
-39
-46
-33
-26
-31
-15
-15
-8
3
-1
2
0
-3
2
3
-10
-16
-15
-3
-12
-20
-4
-17
-20
-23
-15
-10
-7
-14
-15
-20
-15
-33
-19
-9
-20
-9
-6
-12
-12
-9
4
18
6
11
18
13
21
25
31
36
37
49
46
56
60
51
64
63
66
51
45
59
44
42
28
25
14
-6
-5
-9
-23
-28
-42
-43
-57
-58
-53
-55
-54
-51
-41
-29
-18
-36
-26
-23
-16
-4
-1
-2
22
28
31
46
35
43
26
22
22
15
27
16
18
-3
-7
-18
-10
4
-7
-15
-11
-33
-35
-15
-30
-17
-16
-8
-13
-15
8
33
30
40
65
47
55
53
59
65
57
58
41
37
22
20
15
-10
-8
-18
-27
-15
-37
-43
-44
-40
-48
-65
-59
-65
-60
-59
-52
-40
-37
-40
-27
-24
-18
-21
-4
33
13
30
26
15
36
42
35
56
42
35
33
39
41
38
44
29
29
33
15
19
11
12
33
29
15
16
20
-5
5
-5
9
21
25
4
16
20
31
50
36
51
22
28
32
18
25
25
23
14
14
14
-7
-5
-17
-20
-20
-25
-42
-41
-34
-39
-41
-44
-40
-42
-22
-39
-29
-22
-20
-18
-8
2
6
31
43
36
43
46
50
55
50
54
46
35
38
33
40
33
29
43
26
26
31
34
31
45
48
48
60
64
71
72
67
83
78
88
86
57
69
61
62
64
46
54
50
43
35
19
34
20
19
19
-2
6
0
13
5
11
10
18
11
24
10
4
13
24
27
14
26
40
20
17
21
22
39
17
23
29
31
14
26
19
17
6
9
18
15
7
23
11
14
8
-4
29
22
37
29
29
25
23
35
32
45
45
37
52
66
44
40
37
19
27
17
24
10
15
6
-15
1
-9
-13
-13
-24
-22
-34
-40
-30
-25
-37
-26
-17
-27
-26
-37
-31
-21
-19
-15
-5
-7
-11
-12
-26
-38
-22
-16
-12
-32
-35
-37
-48
-45
-32
-22
-17
-22
-31
-37
-35
-28
-14
-28
-32
-8
-12
-11
-2
10
8
4
9
28
33
13
28
38
38
44
39
38
38
18
7
4
4
6
1
-2
2
-17
-18
-26
-62
-51
-50
-55
-70
-51
-41
-48
-52
-54
-38
-24
-29
-31
-17
-20
-20
-12
-6
-16
-34
-34
-40
-30
-32
-38
-30
-42
-45
-47
-54
-59
-69
-74
-74
-69
-69
-65
-53
-74
-50
-44
-45
-41
-26
-32
-30
6
6
4
17
21
17
20
21
34
24
24
21
6
22
7
-4
-12
-17
-20
-24
-37
-40
-58
-61
-57
-60
-66
-67
-52
-66
-39
-40
-41
-25
-22
-23
-9
-12
-27
-1
-13
-17
-9
1
5
3
14
2
3
6
12
18
-3
-2
-20
-16
-14
-13
-12
-16
-16
-28
-32
-31
-31
-16
-25
-20
-6
-9
-8
-3
14
14
22
20
37
39
41
49
40
49
51
67
56
54
58
55
50
47
22
34
45
13
17
5
7
1
7
3
10
18
8
6
16
7
11
23
25
17
9
28
16
46
39
33
45
45
52
40
45
43
45
47
27
31
12
13
4
-1
7
-9
-15
-24
-15
-5
-20
-18
-19
-23
-23
-16
0
-11
8
4
16
12
15
28
33
39
29
33
47
50
54
51
40
52
36
41
45
50
34
29
38
28
35
33
38
26
21
16
22
26
14
9
16
17
11
12
15
14
19
5
13
16
6
32
6
10
6
8
15
7
13
-3
-7
7
5
5
29
13
14
28
13
16
7
18
0
9
26
-2
1
1
16
16
3
-1
-1
-5
-3
-7
-15
-10
-5
-19
-20
-23
-29
-10
-16
-26
-39
-20
-10
-29
-32
-18
-17
-32
-41
-29
-31
-27
-26
-33
-35
-38
-42
-37
-41
-34
-34
-47
-42
-45
-41
-43
-38
-32
-30
-22
-20
-35
-36
-36
-25
-16
-20
-23
-11
-3
-18
-19
-12
1
12
12
-1
0
14
6
20
26
16
27
30
21
42
40
31
46
40
43
39
46
42
26
35
28
19
18
19
17
23
27
18
16
1
4
12
-5
-1
-5
7
14
3
15
1
12
18
22
17
24
-2
3
10
12
25
23
42
18
30
22
20
6
1
9
7
-3
-7
-5
-2
-3
8
8
3
23
49
46
31
35
36
36
45
42
40
41
43
44
28
39
26
16
20
16
18
13
7
12
3
10
22
11
22
17
14
30
38
47
35
33
44
57
55
58
67
68
62
70
74
66
73
60
56
67
51
39
40
27
37
51
25
14
15
28
24
14
21
12
16
15
-1
13
20
-3
6
20
19
28
15
21
29
19
20
11
25
16
19
26
1
11
7
10
1
11
3
0
4
6
12
0
9
-4
-2
8
7
18
17
6
4
22
18
11
14
18
21
8
12
1
-4
9
17
30
23
17
4
14
7
2
8
6
13
9
11
16
5
-1
-14
-12
-4
-21
-18
-18
-28
0
-14
-14
-17
-19
-14
-32
-11
-15
-5
-16
-11
-21
-10
-16
-32
-17
-31
-25
-14
-28
-32
-34
-37
-26
-48
-49
-53
-51
-45
-44
-55
-52
-48
-49
-47
-48
-56
-54
-51
-61
-57
-58
-31
-33
-21
-32
-37
-16
-4
-20
-15
-24
-29
-23
-22
-8
-27
-14
-11
-25
-23
-10
-23
-22
-14
-20
-2
-4
-7
-7
-6
-1
-6
-9
-18
-12
-9
-2
-2
-10
-6
2
-5
-6
3
-13
-14
-26
-39
-34
-26
-21
-26
-43
-30
-42
-32
-43
-57
-54
-48
-48
-47
-35
-41
-34
-30
-16
-16
-15
-16
-11
-12
9
14
-11
-7
5
-8
-7
-4
-4
-5
-17
-13
-3
-3
-19
-7
-1
-14
-9
-6
2
-8
-17
-11
-5
-16
-20
-20
-20
-17
-12
-19
-22
-19
-13
-4
-24
-11
-25
-6
12
5
9
-11
-8
-8
-15
-13
2
6
0
1
-4
-15
-20
-7
-1
-19
-11
-26
-17
-14
-21
-3
-20
-8
-7
-3
4
-13
-4
-19
-34
-16
-13
-9
1
-11
-8
14
13
8
7
-2
11
12
5
1
8
11
4
20
6
8
-2
6
-5
7
-5
-5
-10
-20
-9
-15
-20
-24
-7
-23
-14
-19
-30
-32
-20
-18
-27
-31
-10
-12
-13
-13
-17
16
-1
0
0
6
14
6
4
0
-8
2
-13
-9
-6
-21
-1
8
8
-1
1
-1
-14
0
10
6
8
10
12
10
30
35
28
42
44
37
46
67
52
52
49
50
40
32
41
33
37
35
22
18
7
1
-12
-2
8
10
-2
-5
4
-12
-12
-5
5
7
3
13
6
20
27
18
11
-2
23
27
15
21
13
25
20
27
29
13
14
11
4
12
4
-3
-25
-12
-9
-11
-5
-18
-1
-2
-5
-3
-4
18
1
3
7
9
9
22
20
20
40
31
21
27
18
21
26
11
8
19
12
3
14
3
8
-13
-4
-4
0
7
-7
-4
-7
-19
-7
10
1
4
-9
-1
5
1
7
4
-2
1
-4
-4
-2
6
13
-1
0
-8
8
2
-19
-17
-5
-15
-7
-17
-9
-5
-10
0
-19
-14
4
2
-6
-18
-14
0
-13
-14
1
2
9
5
2
-1
-5
7
8
7
8
-13
-9
15
11
8
6
0
6
8
-3
20
8
15
18
13
11
18
15
8
10
0
-3
2
-1
1
-10
-9
6
7
-8
0
0
20
19
18
23
16
22
18
12
9
10
13
15
1
-6
-6
-3
-14
-14
-3
-8
4
3
-7
-2
11
2
12
7
10
16
21
6
-9
-8
-2
-6
-13
-12
-19
9
11
-14
-14
-8
-7
-11
-19
-11
-13
-4
2
-8
-11
-9
-14
-8
9
12
-2
8
20
15
22
27
28
41
25
19
18
29
38
25
23
23
12
8
15
7
9
14
15
22
24
31
19
15
5
9
9
11
6
4
9
12
22
4
24
15
8
25
21
0
3
15
13
13
-3
-12
-16
-13
-15
-20
-28
-4
-2
-22
-28
-25
-23
-12
-11
-14
-8
-19
-26
-28
-15
-29
-38
-33
-28
-37
-27
-41
-28
-24
-31
-21
-24
-25
-22
-18
-22
-19
-28
-12
-15
-16
-7
-19
-8
-9
-17
-17
-16
-12
-8
-11
-14
-11
-6
-14
-8
-8
-2
-2
10
8
-4
2
16
16
14
26
20
19
19
39
33
47
36
43
60
52
44
23
41
34
35
49
42
35
30
26
27
22
16
23
23
18
6
3
5
-16
-10
-21
-31
-9
-26
-21
-3
-1
3
-5
-3
2
9
23
4
12
13
22
12
5
1
5
-1
-7
0
-14
-3
-16
-3
-4
-10
-18
-22
2
-18
-34
-15
-14
1
-17
-14
-14
-8
5
-20
-10
-13
-8
-13
-17
-19
-22
-7
-8
-5
-2
0
-14
-21
-8
-20
-14
-21
-19
-4
-18
-21
-18
-24
-29
-7
-11
-19
-10
-4
4
-4
-15
6
18
11
16
8
4
5
17
27
20
17
21
15
26
12
21
24
19
21
-6
-7
-3
-16
-20
-3
-23
-15
-23
-28
-19
-23
-28
-50
-57
-49
-30
-45
-46
-49
-47
-50
-42
-50
-64
-74
-64
-58
-56
-48
-30
-37
-37
-38
-42
-24
-37
-36
-33
-26
-15
-7
-23
1
16
-7
-4
-5
1
20
13
5
0
-1
8
11
25
12
11
12
28
34
27
14
27
37
45
41
29
50
31
37
35
21
41
25
34
13
29
36
2
11
7
13
-10
-14
6
-12
-13
-18
-9
-15
-11
-10
-11
-9
-26
-17
-16
-14
-17
-8
9
4
13
13
13
2
11
4
5
10
5
4
9
13
17
19
25
21
11
14
30
18
3
22
24
15
23
20
24
28
32
29
12
18
36
25
28
25
3
18
21
17
14
12
25
23
21
19
28
18
18
5
8
21
11
26
20
27
23
18
13
25
19
13
31
37
28
29
24
24
31
15
26
18
19
25
33
25
21
37
27
39
24
38
40
18
37
38
37
21
29
19
23
29
12
17
19
15
0
1
3
0
0
1
-2
-4
10
-3
-22
-10
-26
-35
-38
-46
-41
-57
-57
-47
-41
-33
-43
-38
-45
-46
-32
-37
-34
-31
-33
-36
-20
-27
-31
-28
-22
-16
-24
-24
-29
-22
-25
-35
-26
-21
-27
-17
-24
-25
-12
-18
-12
-7
-8
-17
-11
-7
3
3
-10
-11
0
-2
-3
2
1
10
11
12
10
16
24
8
23
16
27
22
0
6
-3
2
9
-6
-8
1
-10
-7
-16
-10
-11
-24
-32
-30
-22
-28
-24
-13
-28
-18
-30
-33
-26
-30
-15
-28
-11
-14
-36
-45
-48
-29
-41
-35
-60
-48
-53
-48
-40
-52
-48
-53
-56
-72
-70
-73
-75
-70
-89
-71
-69
-62
-55
-66
-37
-55
-38
-21
-12
-1
-11
-2
-4
-5
-1
5
-10
13
17
18
18
17
4
-1
3
12
4
2
4
5
11
9
26
9
7
8
5
11
32
27
28
27
21
20
27
31
21
36
50
30
34
32
35
41
43
34
36
48
37
27
21
47
24
36
23
22
17
7
-1
-6
22
7
11
-14
-7
-10
2
-1
-9
-3
14
14
-6
21
4
18
12
12
16
23
48
20
17
32
45
29
30
24
14
34
40
34
22
36
46
39
45
42
46
54
35
32
40
54
50
65
60
56
59
54
53
58
68
70
62
52
65
65
59
66
70
57
75
68
74
76
76
61
69
58
68
86
57
77
69
77
81
61
40
32
62
53
33
41
35
20
33
53
43
33
29
34
41
39
32
34
47
36
49
41
56
41
31
44
32
21
18
28
30
27
37
30
30
34
29
34
18
39
52
38
30
27
42
39
33
33
23
23
35
38
37
33
25
31
36
33
38
37
41
48
29
38
30
29
46
36
38
50
44
47
58
36
47
42
36
24
37
47
26
25
18
26
29
34
25
35
31
28
31
29
25
21
19
36
32
34
37
17
32
42
36
25
30
22
23
29
35
21
11
12
0
6
-2
1
-5
-9
-13
-26
-18
-17
-31
-29
-33
-19
-29
-32
-23
-22
-23
-26
-18
-17
-6
-4
-20
-27
-7
-21
-1
10
-7
-6
-11
-3
-20
-2
-14
-12
4
3
3
-2
1
4
-2
-2
-6
-5
-3
10
7
-6
19
10
21
19
14
14
29
26
27
33
31
30
26
48
45
47
43
36
49
28
51
64
58
42
44
57
54
37
46
66
43
26
25
40
45
46
56
45
32
41
46
41
40
34
42
39
40
25
45
47
43
48
46
40
34
34
29
38
26
11
15
28
28
22
16
14
11
20
26
31
26
19
13
-3
32
44
36
53
50
45
38
45
65
73
79
62
58
63
55
76
81
71
62
80
81
90
84
80
86
88
92
74
84
76
61
88
81
95
83
74
83
81
70
77
73
76
91
91
97
81
81
92
85
77
67
73
71
80
84
81
84
57
67
56
62
87
93
87
83
76
72
67
56
76
72
61
58
72
63
53
64
47
61
53
60
50
45
44
42
38
32
36
37
32
42
51
40
52
30
42
49
39
49
29
43
27
49
44
39
57
40
49
40
41
34
48
59
51
44
39
38
51
44
53
54
43
57
58
56
39
45
57
57
53
41
50
50
43
48
54
60
44
54
52
56
63
64
57
59
58
58
63
68
59
42
68
53
58
56
44
45
30
36
39
30
31
34
31
33
23
29
41
20
17
37
38
26
42
41
41
47
23
28
40
41
49
47
38
31
39
28
36
38
22
47
34
24
9
17
33
20
12
24
41
18
14
15
11
19
22
13
34
35
21
16
25
16
30
18
12
25
33
30
26
39
31
22
16
12
21
9
22
17
15
21
4
2
19
13
15
41
30
35
29
41
31
28
31
26
38
29
36
25
20
30
31
31
34
34
22
28
22
23
23
19
23
6
12
1
7
0
7
11
-9
-7
3
-3
-16
-6
-26
-23
-17
-18
-20
-29
-32
-30
-20
-29
-16
-25
-24
-45
-47
-37
-32
-12
-23
-30
-16
-10
-21
-19
-13
-8
-6
-9
-4
-2
-9
0
0
-2
-4
12
4
8
14
9
23
9
14
15
12
6
16
28
22
36
31
23
22
31
27
15
27
27
9
28
18
24
10
15
20
12
35
17
25
19
19
15
25
8
13
32
16
14
9
4
20
0
10
25
18
26
8
21
15
12
15
1
6
6
-7
14
13
8
-11
-26
-11
6
-3
-5
-1
-13
1
-2
-9
-5
-4
11
14
9
1
-9
-10
5
-4
7
8
1
29
10
-3
-11
5
9
10
16
-6
17
24
17
12
16
13
21
34
21
18
19
25
26
39
22
20
34
25
28
29
21
18
24
30
25
13
23
28
22
13
22
16
5
4
25
23
28
29
20
22
1
17
8
16
24
13
10
28
16
9
36
16
15
19
-1
16
23
5
-6
-9
-6
-3
-4
-10
-4
-25
-18
-15
-15
7
-16
-14
-9
-8
-14
-4
-3
-12
-8
0
-5
2
-5
-6
-8
6
2
-2
2
3
-3
-10
-6
18
6
-7
14
-4
-5
-1
1
9
4
-5
-14
9
13
9
-6
6
11
3
11
12
-2
4
2
-7
5
8
5
12
16
-6
14
3
6
-3
10
24
23
10
6
0
10
13
4
12
-1
7
20
18
6
-4
2
5
-1
15
10
4
5
4
3
-12
-9
-4
0
-28
-25
-30
-23
-17
-12
2
-1
-15
-11
-13
-9
-17
-14
-11
-9
-19
-26
-17
-27
-32
-27
-18
-41
-43
-33
-28
-26
-13
-20
-33
-32
-20
-18
-36
-20
-39
-20
-15
-42
-34
-40
-41
-35
-24
-30
-22
-19
-13
-4
-17
-22
-10
-15
-1
-7
8
6
-3
-3
4
8
-3
9
4
7
12
4
5
1
3
-4
-2
3
3
1
-10
-1
-13
-19
-17
4
-21
-21
-2
-8
-3
-9
-6
-6
-11
-11
-8
-19
-13
-30
-21
-31
-34
-34
-28
-26
-48
-45
-47
-39
-40
-45
-56
-38
-43
-51
-52
-41
-49
-50
-38
-58
-48
-55
-49
-51
-49
-52
-58
-38
-57
-58
-39
-37
-53
-54
-51
-54
-37
-57
-55
-51
-40
-39
-46
-31
-59
-55
-31
-49
-49
-55
-55
-59
-36
-36
-32
-20
-23
-15
-20
-15
-28
-22
-24
-15
-16
-6
-10
-10
-2
6
8
3
-22
-10
-3
14
8
-14
-7
1
-9
-11
-6
-6
-14
-14
-8
-5
-3
-10
-4
-11
-34
-40
-5
-8
-26
-17
-16
-13
-10
-17
-5
-13
-17
-22
-16
-23
-26
-17
-35
-25
-30
-17
-25
-31
-25
-22
-26
-43
-31
-25
-39
-33
-18
-35
-23
-26
-28
-8
-21
-12
-16
-15
-20
-28
-4
-4
-11
-16
-15
-7
-2
-2
8
-2
-6
-14
-12
-4
-14
-10
-20
-7
-12
-7
-4
-13
-11
-20
-15
-18
-6
-2
-10
-22
-22
-11
-11
-2
3
-10
-16
-17
-17
-9
-22
-5
-11
-15
-5
-14
-25
-28
-28
-23
-26
-18
-15
-40
-27
-33
-47
-31
-31
-34
-32
-32
-32
-30
-42
-42
-42
-32
-31
-24
-31
-42
-24
-50
-46
-45
-37
-53
-51
-30
-40
-23
-50
-37
-44
-50
-42
-34
-40
-40
-36
-66
-51
-39
-40
-55
-48
-56
-73
-62
-62
-47
-40
-45
-50
-53
-48
-52
-37
-44
-50
-45
-35
-36
-34
-39
-34
-39
-37
-25
-29
-36
-18
-26
-22
-19
-27
-11
-24
-37
-30
-28
-34
-27
-36
-36
-32
-46
-30
-15
-25
-19
-21
-32
-20
-20
-14
-16
-22
-33
-37
-32
-34
-29
-47
-30
-24
-44
-41
-26
-22
-22
-31
-31
-38
-51
-43
-31
-36
-39
-46
-38
-33
-23
-20
-30
-36
-33
-21
-28
-22
-16
-12
-18
-21
-8
-13
-10
7
11
0
-8
-14
-15
1
1
-4
3
8
2
4
12
-1
20
0
2
6
-1
0
5
7
12
-2
-12
11
-11
7
-9
-8
2
-12
-12
-13
-17
5
-3
2
-10
-30
7
-6
-2
2
-5
-5
-2
9
3
0
-2
10
23
28
12
2
-13
3
16
22
11
18
12
3
11
10
17
15
22
17
23
19
14
20
13
25
11
7
27
18
-1
11
14
19
5
11
13
2
22
17
19
0
8
0
-1
21
25
18
15
21
24
29
22
26
30
14
21
18
20
28
27
13
22
32
18
21
24
15
20
37
10
-10
11
10
36
32
13
17
28
20
27
20
23
15
22
29
26
22
15
29
25
16
16
18
26
33
19
26
11
7
18
16
11
5
-5
4
19
11
13
23
6
16
15
10
14
11
17
5
2
19
11
18
7
-2
11
-9
16
26
7
10
9
15
6
8
5
11
21
16
6
2
11
9
6
14
14
4
9
2
15
1
-7
17
10
10
20
21
23
36
32
37
30
35
36
19
39
36
20
28
27
26
23
30
23
19
13
7
29
11
7
-6
9
21
15
-10
-1
-7
-17
-12
-4
12
-23
3
-2
-12
-2
-5
-12
-12
-12
-23
-29
-27
-23
-20
-24
-23
-20
-10
-9
-13
14
-2
-20
-25
-11
-7
0
-11
-24
-15
-19
-23
-26
-15
-15
-17
-19
-22
-26
-22
-18
-22
-27
-12
-4
-10
-20
-27
-15
-13
-10
1
-27
-16
-19
-33
-11
-7
-11
-18
-19
-11
-6
-25
-28
-21
-18
-30
-18
-6
-10
-21
-19
-4
-4
-17
-9
-21
-19
-10
-12
-14
-9
-6
-20
0
-13
-7
-1
-23
-19
-16
-15
-19
-30
-35
-41
-30
-33
-32
-33
-36
-35
-22
-24
-46
-28
-27
-35
-34
-20
-28
-27
-29
-22
-31
-26
-31
-28
-27
-27
-26
-23
-10
-31
-23
-32
-31
-33
-34
-23
-33
-11
-19
-25
-23
-10
-10
-12
0
-10
-9
-13
10
13
9
11
4
16
5
8
5
3
3
-6
10
0
15
8
12
15
2
8
-5
12
17
12
9
19
10
6
26
6
13
4
1
10
11
23
17
1
32
0
-8
9
11
13
2
6
11
-9
-4
2
-16
1
-3
3
9
-5
12
6
11
17
5
11
2
-5
-4
15
6
-4
-6
-10
-4
2
-1
-1
2
-6
10
7
6
5
5
16
13
0
-2
12
-2
-10
-15
-10
3
13
22
14
10
14
10
14
15
26
17
24
20
17
10
19
31
35
32
25
38
28
31
41
29
30
27
20
26
33
17
20
11
20
16
-2
12
2
9
-4
4
17
21
-3
7
9
1
9
28
16
17
-1
-8
3
-3
19
17
8
8
13
13
5
-1
7
18
18
11
10
14
4
4
9
14
9
25
17
20
28
9
22
14
28
9
6
11
15
13
9
10
-1
12
8
1
21
22
15
11
6
3
-1
7
12
12
2
16
10
0
19
12
7
19
9
20
26
28
31
4
11
5
23
22
34
44
34
46
22
37
28
31
27
30
43
31
24
27
23
28
35
43
35
20
42
34
44
40
44
41
26
29
35
45
28
26
32
25
23
20
23
21
24
12
38
16
11
19
6
22
-2
21
15
-1
11
0
7
14
19
-1
0
17
25
14
17
11
10
14
18
-2
1
19
0
6
8
17
3
12
9
8
12
2
19
30
13
12
21
18
13
24
8
26
30
13
23
16
41
33
26
23
28
29
19
43
38
37
37
31
40
45
53
55
39
35
32
34
44
35
39
49
20
24
26
29
22
16
30
30
30
14
14
27
9
21
16
-2
18
24
24
17
11
19
8
12
8
6
16
-2
18
17
13
14
8
7
-7
7
5
11
13
19
15
5
8
0
9
-2
5
0
-16
5
0
-2
11
-1
15
24
18
10
18
18
21
15
8
20
11
28
24
17
12
5
6
6
10
15
6
4
0
13
13
5
14
13
25
10
12
7
17
24
8
8
4
3
19
12
11
11
-5
14
7
1
1
-11
0
6
-7
-7
2
-4
-2
-5
-1
-10
2
-20
-18
3
-1
-15
-10
0
-12
-2
-16
-10
-16
-11
-22
-9
8
-10
-16
-10
-6
5
-6
-18
1
-5
-15
-23
-2
-12
-7
-6
-25
-17
-19
-24
-8
-5
-6
-9
-14
-14
-5
-8
0
-15
-29
-10
7
8
-3
13
1
9
13
-4
5
-2
4
1
17
7
-4
8
-5
1
9
9
6
-13
-28
-3
-21
-13
-14
-19
-10
-7
-11
-2
-14
-9
-11
-15
1
-6
-13
-3
0
-6
6
3
-2
-7
-6
-5
-4
-9
-18
-24
-9
-14
-7
-19
-11
-12
-8
-18
-13
-14
-14
-15
-19
1
-7
14
5
-3
15
1
19
15
-7
2
-6
-7
21
21
-6
-5
22
22
13
3
8
18
0
14
15
12
33
24
22
21
23
26
31
12
15
14
17
