1
18
7
-1
-4
3
1
-6
-5
6
-4
-7
-12
-2
2
-4
-5
-1
14
3
-5
3
4
6
-1
-18
-10
-13
1
-13
-16
-11
2
6
6
1
-2
12
3
-12
-6
6
2
11
6
13
16
4
0
1
11
9
17
-6
-5
-13
-8
-3
-18
0
-11
-17
-21
-5
-6
-18
-9
-9
-1
-16
-13
-9
-18
-2
6
-24
-26
-7
-13
-2
-25
-11
-7
-21
-13
-14
-28
-23
-23
-21
-9
-5
-15
-22
-7
-15
-2
4
8
6
6
7
10
23
10
8
16
16
11
13
7
21
23
13
7
8
15
20
21
17
1
-4
18
20
26
1
4
-1
-13
1
-3
-15
-6
-3
-16
-3
4
-15
-7
-8
-13
2
0
-7
4
-8
-14
-3
-12
-7
-10
-5
-16
-9
-5
-1
-6
-15
-2
-7
10
-1
-11
-6
6
2
-11
5
3
-6
1
13
1
-1
3
7
-1
12
4
-5
0
0
5
6
-8
-4
0
9
21
-11
7
9
1
2
15
19
-9
-11
-12
-4
-5
8
-10
-11
-8
-1
-6
2
0
-11
8
3
12
20
13
10
1
5
5
-5
-5
-2
2
7
7
3
5
13
4
2
1
12
10
4
14
7
8
9
14
11
8
12
25
35
14
11
28
23
3
20
7
8
17
-2
15
3
6
9
16
15
25
27
20
19
3
8
6
18
18
3
13
15
7
-5
12
4
-4
4
6
18
3
10
3
21
5
4
13
14
10
21
23
7
12
14
15
3
11
19
22
16
29
24
15
23
17
35
21
22
35
20
28
46
28
37
30
28
32
22
26
17
31
17
4
18
11
30
23
25
22
36
25
7
23
12
20
30
7
10
3
10
17
16
25
11
-1
21
20
-3
0
14
4
4
8
8
-4
-3
22
17
8
8
-3
-6
-7
-5
-12
-22
-8
-7
-23
-28
-21
-13
3
-18
-15
-18
-24
-12
-1
-6
-2
4
12
1
2
9
1
5
1
10
16
15
1
13
13
13
9
12
13
18
17
12
15
22
-1
12
11
11
21
12
22
18
32
32
17
17
24
37
31
36
32
25
10
25
37
19
28
23
18
35
29
23
24
42
23
18
38
35
37
29
35
21
22
28
18
31
4
9
14
11
18
20
30
17
21
26
30
26
26
14
24
38
27
28
2
6
19
24
10
7
14
-4
4
16
2
-1
3
-13
-12
-12
-19
-14
-16
20
-12
-4
5
-23
-13
-3
-10
-15
-11
-14
-15
-10
0
-6
-5
2
16
1
8
8
21
16
-2
9
4
14
7
11
10
16
15
-1
7
15
4
13
14
15
11
5
6
22
20
25
19
10
13
19
26
18
24
29
44
18
14
30
21
30
28
5
26
21
38
41
38
38
22
36
24
23
23
22
31
36
35
19
43
45
22
48
37
25
32
39
38
44
34
44
47
33
32
43
42
27
37
25
31
28
25
34
37
29
32
52
33
35
44
38
33
23
31
30
35
20
25
35
20
13
31
38
25
31
37
25
34
21
32
29
21
24
14
36
19
19
20
19
26
22
26
20
29
26
42
23
28
31
28
28
34
43
20
29
25
28
25
33
23
29
25
15
38
44
31
18
16
17
39
27
18
35
32
21
26
27
15
3
21
16
21
11
12
22
32
35
15
31
21
31
24
16
26
38
26
34
42
32
36
29
28
26
33
41
39
55
36
42
48
43
45
37
39
37
33
33
41
29
23
37
29
30
28
22
43
45
54
44
24
40
17
23
38
28
13
22
40
56
49
35
38
24
32
19
21
33
22
30
32
3
4
20
11
16
29
18
-1
-2
10
6
5
-4
-5
-4
-6
2
-5
4
-4
-1
4
7
15
15
20
17
15
16
7
2
-1
10
14
28
12
-5
6
3
-5
-5
7
2
4
0
4
12
8
-5
8
9
21
9
3
16
18
20
14
17
20
23
21
17
8
15
18
24
17
21
19
23
31
19
24
20
35
36
22
21
23
20
4
4
17
14
17
11
23
24
24
23
17
17
13
10
10
19
25
13
31
36
7
18
4
6
4
-4
-8
-1
3
-10
-15
-2
-8
3
5
-6
-4
7
-16
-6
1
-9
-11
-11
-16
-12
-1
-4
-6
-11
-22
-7
-5
-5
-3
-17
-16
-7
2
-12
-15
-20
-25
-18
-16
-12
-20
-12
-9
-21
-11
-9
-25
-15
-5
-15
-11
-2
-9
-11
-29
-27
-16
-8
-22
-20
-15
-8
-2
-19
-10
-9
-20
0
-13
-4
-2
-13
2
9
1
6
22
17
5
6
27
29
29
20
20
14
24
25
6
17
11
15
11
22
9
12
17
4
5
18
16
16
14
4
11
16
15
13
1
-7
5
16
-1
5
14
-16
-3
-4
-14
-7
-5
-20
-17
-15
-20
-25
-31
-24
-30
-30
-39
-30
-21
-43
-42
-28
-25
-32
-24
-40
-40
-24
-43
-22
-27
-20
-30
-17
-18
-27
-21
-25
-20
-6
2
-16
-18
-11
-3
-9
-3
-19
-14
-10
-26
-11
-13
-10
-9
0
4
-5
-10
-8
-15
1
6
-12
-7
-13
-6
-19
-26
-21
3
-12
-19
-2
-26
-5
-19
-22
-17
-16
-18
-21
0
-20
-26
-31
-13
-27
-17
-12
-9
-21
-16
-6
-9
-10
-21
-6
-5
-4
-14
-20
-10
-18
-14
-24
-13
-6
-24
-9
-30
-13
-9
-9
1
-11
-11
-16
1
-6
-16
-2
-7
-8
-13
-17
-3
-5
-20
-2
-18
-9
-16
-15
-18
-20
-11
-25
-19
-14
-10
-11
-11
-22
-10
-29
-38
-17
-19
-6
-14
-25
-18
-18
-16
-30
-31
-30
-23
-20
-20
-21
-12
-16
-17
1
-9
-14
-16
-19
-11
-11
-22
-12
-3
-13
-6
-20
-19
-7
-18
-20
0
-18
-2
-1
-5
-8
5
-2
0
9
-12
0
2
-3
4
12
-6
11
11
12
2
-5
7
3
12
15
22
21
7
9
13
8
19
22
30
35
33
41
27
40
44
49
38
29
35
26
43
38
19
21
31
30
29
50
37
33
33
31
32
39
28
40
21
4
15
-3
12
8
5
14
22
10
28
15
25
13
32
28
21
28
18
35
10
10
4
7
17
14
21
21
15
9
10
2
25
18
12
5
13
28
11
27
4
1
40
19
13
13
17
10
16
10
3
4
2
-3
1
1
15
16
2
20
8
10
12
0
10
10
0
-16
-23
-7
-16
-5
-5
-9
-12
-2
2
5
6
-7
-8
-15
-14
-13
-18
-30
-6
1
-14
-16
-6
-18
-18
-17
-23
-20
-18
-26
-31
-13
-17
-14
9
5
10
9
-12
-7
-2
2
-1
6
-23
-12
-17
-10
-13
-23
-14
-17
1
-11
-8
-8
-4
-10
-10
-10
-25
-17
-15
-29
-19
-31
-12
-10
-22
-29
-8
-9
-17
-16
-32
-20
-23
-22
-43
-18
-25
-31
-27
-32
-30
-30
-24
-21
-18
-12
-15
-17
-1
-27
-39
-41
-24
-22
-28
-15
-26
-15
-15
-24
-26
-30
-11
-18
-28
-19
-28
-31
-33
-28
-42
-17
-19
-14
-18
-26
-19
-28
-22
-14
-1
-19
-22
-19
-14
-21
-28
-17
-16
-11
-20
-10
-9
-11
-7
-5
-10
-25
-17
-20
-20
-12
-23
-21
-15
-16
-29
-21
-15
-19
-2
-16
-23
-8
-5
-13
-24
-11
-7
-3
-13
-14
-23
-21
-15
-14
-5
-25
-25
-18
-16
-19
-23
-11
-26
-26
-12
-16
-14
-24
-30
-43
-39
-19
-12
-13
-17
-14
-6
-10
-19
-31
-19
-19
-22
-18
-21
1
-12
-5
-7
-13
-6
-20
-4
-16
-15
-20
-2
-3
-24
-17
-3
9
-22
-5
-19
-8
-2
-10
-18
0
-1
-19
3
2
-16
-2
5
-4
-1
-5
-4
7
8
10
15
11
16
16
22
17
18
28
11
4
14
-2
12
22
18
22
26
22
8
23
22
23
29
29
31
34
29
36
24
32
37
19
34
32
37
40
39
19
19
30
33
19
25
20
9
11
4
21
5
14
0
11
14
3
11
5
11
5
4
16
20
15
7
0
7
15
10
19
19
16
8
12
10
3
10
6
11
9
3
8
3
-5
-16
7
-7
-2
5
1
3
-16
-14
-1
7
-11
-13
-28
-17
-5
-10
1
-8
-4
-7
7
10
2
1
-10
-10
-7
-1
-17
-11
-1
-9
2
-1
-6
-8
-7
2
4
-10
13
21
-3
0
-14
-8
6
-3
-6
-6
-5
4
-6
4
8
11
-4
-9
-14
-12
1
-16
-11
-14
-21
-21
-10
-7
-14
-16
-9
-13
-18
-16
-18
-8
-4
-2
-16
-13
-24
-30
-12
-17
-16
-12
-32
-31
-25
-29
-30
-30
-30
-29
-26
-36
-17
-23
-30
-28
-30
-44
-41
-25
-30
-25
-43
-38
-37
-22
-36
-25
-25
-18
-24
-38
-28
-40
-33
-39
-46
-56
-39
-36
-40
-28
-31
-37
-24
-14
-26
-23
-17
-7
-10
-28
-29
-23
-14
-31
-26
-23
-20
-21
-22
-19
-19
-15
-9
-24
-5
-11
-15
-29
-29
-15
-41
-36
-42
-41
-45
-36
-28
-24
-44
-52
-49
-59
-50
-37
-25
-12
-19
-19
-22
-23
-22
-17
-27
-18
-9
-23
-17
-27
-24
-13
-12
-6
-8
2
-9
-6
-6
-16
-19
-19
-4
-26
-19
-17
-27
-17
-28
-19
-21
-20
-30
-34
-25
-15
-26
-49
-26
-17
-21
-15
-34
-38
-21
-38
-26
-19
-28
-19
-11
-17
-30
-20
-13
-24
-22
-15
-29
-20
-38
-27
-22
-30
-17
-32
-39
-23
0
-29
-17
-4
-21
-9
-12
-12
-10
-26
-14
-12
-16
-7
-16
-20
-10
-20
-5
8
-18
-9
-8
-3
-2
-20
-20
-7
-30
-23
-24
-20
-23
-27
-15
-29
-32
-34
-27
-24
-32
-46
-44
-48
-39
-46
-61
-54
-45
-46
-40
-37
-23
-32
-36
-34
-43
-44
-46
-33
-19
-32
-30
-20
-36
-38
-38
-34
-34
-38
-44
-40
-46
-45
-32
-35
-49
-48
-39
-37
-10
-39
-40
-34
-34
-26
-44
-35
-29
-33
-28
-40
-38
-26
-46
-47
-60
-48
-44
-40
-41
-71
-70
-58
-64
-55
-51
-62
-55
-47
-60
-55
-65
-75
-72
-73
-73
-72
-74
-79
-66
-69
-78
-68
-52
-45
-55
-62
-63
-75
-62
-62
-58
-56
-58
-62
-46
-60
-43
-44
-54
-57
-47
-58
-70
-48
-57
-51
-45
-53
-51
-43
-61
-43
-47
-45
-26
-49
-48
-49
-61
-39
-47
-49
-25
-34
-48
-49
-35
-14
-15
-35
-17
-39
-41
-36
-38
-31
-39
-28
-25
-12
-36
-35
-34
-31
-38
-35
-41
-32
-22
-34
-33
-46
-34
-23
-36
-48
-40
-30
-46
-47
-37
-31
-31
-35
-22
-30
-33
-20
-29
-27
-30
-29
-32
-30
-36
-31
-27
-42
-41
-47
-31
-45
-31
-27
-34
-32
-38
-47
-42
-33
-52
-45
-40
-51
-47
-41
-37
-44
-22
-29
-40
-39
-42
-40
-23
-23
-31
-28
-23
-25
-19
-18
-30
-15
-17
-14
-10
-21
-13
-2
-5
-8
2
9
-8
7
0
2
5
-11
-13
-4
5
4
-3
1
-4
2
12
11
7
11
1
13
4
1
2
17
18
-11
-11
-12
2
-13
-12
-18
-3
5
2
4
-5
10
-8
-6
-15
2
9
-18
-4
-10
-18
-17
-9
2
-15
-7
2
-7
-21
-9
-11
-12
-9
-23
-23
-24
-12
-18
-12
-19
-19
-13
-6
-18
-26
-12
6
-8
-22
-15
-22
-6
-6
-18
-26
-27
-13
-13
-16
-1
-18
-18
-16
-15
-17
-15
-24
-36
-14
-29
-13
-24
-26
-11
-28
-13
-9
-18
-22
-30
-25
-18
-17
-14
-18
-11
-9
-2
-6
-26
-8
-24
-16
-9
-9
-20
-4
-13
-12
-15
-13
-5
-21
8
3
7
-4
-8
-4
0
4
7
5
16
9
9
9
6
12
11
16
8
21
5
7
12
16
20
17
6
2
6
1
9
11
21
22
20
16
19
5
27
9
9
18
7
27
7
15
23
19
11
16
22
24
17
17
10
18
20
27
26
29
30
38
19
28
14
10
16
18
16
8
25
6
17
6
13
7
-11
0
-12
-14
-13
-20
-13
-6
-9
-14
-10
-26
-28
-25
-39
-25
-12
-40
-32
-33
-31
-29
-35
-25
-29
-24
-41
-29
-25
-32
-43
-36
-29
-36
-26
-27
-34
-40
-50
-43
-36
-37
-31
-47
-41
-37
-40
-51
-37
-42
-30
-35
-43
-48
-47
-38
-32
-47
-46
-37
-37
-38
-47
-29
-45
-44
-45
-47
-38
-50
-36
-39
-49
-40
-52
-28
-40
-58
-37
-40
-43
-43
-39
-47
-45
-49
-56
-38
-44
-49
-41
-44
-43
-29
-35
-45
-53
-37
-50
-60
-43
-60
-40
-56
-58
-33
-61
-48
-49
-66
-50
-47
-54
-53
-43
-53
-39
-43
-36
-42
-46
-43
-25
-44
-39
-41
-46
-48
-36
-30
-55
-54
-46
-53
-59
-63
-57
-44
-50
-52
-52
-34
-53
-61
-46
-39
-42
-50
-29
-35
-32
-32
-40
-32
-33
-24
-38
-23
-33
-21
-25
-28
-33
-18
-18
-33
-13
-26
-27
-27
-33
-17
-10
-31
-29
-45
-45
-26
-43
-31
-16
-30
-40
-28
-44
-46
-45
-58
-47
-42
-43
-32
-42
-34
-42
-41
-23
-45
-31
-25
-24
-17
-37
-28
-45
-38
-40
-42
-12
-35
-33
-21
-16
-22
-22
-28
-38
-34
-31
-23
-26
-16
-21
-27
-34
-40
-36
-30
-40
-29
-29
-32
-31
-32
-13
-31
-34
-34
-25
-28
-24
-35
-31
-25
-32
-14
-17
-18
-16
-25
-31
-20
-24
-31
-28
-31
-27
-37
-19
-29
-26
-11
-20
-25
-22
-20
-19
-37
-20
-9
-19
-19
-32
-18
-19
-14
-25
-40
-34
-39
-28
-28
-47
-33
-30
-37
-20
-28
-31
-34
-32
-29
-40
-33
-36
-15
-25
-26
-24
-27
-15
-35
-41
-27
-19
-33
-34
-34
-24
-29
-29
-20
-17
-20
-35
-21
-24
-32
-30
-15
-28
-24
-6
-20
-13
-10
-6
1
-5
-11
-13
4
-9
-4
-15
0
5
12
12
13
5
0
16
-2
2
-12
12
9
18
15
9
14
10
21
20
12
25
14
16
5
2
7
6
6
-11
3
6
8
-2
6
-3
-15
7
4
-21
1
-4
-6
-14
-5
14
-2
5
-3
-5
-4
-4
-11
-9
-5
-5
-15
-9
0
2
8
4
-3
11
9
-8
3
9
6
-5
2
-12
-1
3
-6
7
8
16
9
-2
-8
-9
1
2
0
7
3
7
4
-3
0
-19
-1
-2
-5
-6
-17
-15
-11
0
-26
-26
-24
-22
-12
-20
-15
-13
-22
-25
-39
-43
-14
-41
-29
-17
-40
-46
-32
-45
-31
-35
-36
-24
-34
-19
-31
-29
-20
-35
-37
-16
-15
-32
-14
-7
-25
-40
-19
-12
-47
-31
-21
-22
-21
-31
-24
-31
-28
-35
-38
-33
-37
-33
-21
-41
-51
-46
-56
-42
-41
-34
-41
-32
-20
-27
-27
-35
-18
-29
-42
-29
-21
-23
-29
-27
-29
-19
-41
-49
-18
-22
-38
-23
-30
-27
-27
-32
-28
-34
-31
-39
-32
-36
-23
-24
-25
-47
-30
-31
-35
-39
-32
-21
-32
-8
-14
-42
-42
-32
-27
-25
-32
-13
-23
-11
-26
-32
-29
-40
-34
-32
-39
-52
-32
-32
-38
-25
-34
-30
-20
-34
-21
-20
-18
-7
-14
-7
-10
-20
-24
-27
-31
-44
-37
-51
-45
-42
-40
-47
-46
-30
-45
-39
-30
-24
-26
-40
-39
-47
-38
-44
-31
-30
-43
-41
-45
-38
-49
-40
-33
-42
-39
-38
-34
-47
-60
-51
-46
-61
-56
-43
-46
-50
-51
-50
-53
-44
-44
-42
-40
-34
-39
-43
-32
-51
-51
-50
-58
-62
-79
-73
-65
-64
-69
-46
-74
-65
-58
-60
-65
-55
-64
-79
-60
-50
-49
-57
-53
-54
-52
-63
-48
-42
-56
-48
-47
-62
-75
-68
-63
-78
-59
-60
-44
-33
-35
-64
-58
-47
-50
-59
-46
-53
-65
-51
-52
-56
-57
-50
-44
-54
-82
-70
-59
-45
-52
-62
-63
-38
-57
-66
-69
-69
-70
-78
-66
-69
-64
-58
-64
-65
-54
-74
-64
-61
-64
-65
-64
-67
-66
-56
-77
-67
-69
-68
-83
-73
-61
-68
-76
-64
-62
-79
-66
-71
-58
-69
-48
-46
-72
-41
-56
-52
-62
-62
-36
-45
-51
-59
-62
-66
-52
-65
-82
-58
-62
-53
-62
-47
-59
-65
-62
-71
-59
-60
-56
-60
-50
-59
-71
-69
-61
-65
-53
-63
-49
-57
-67
-70
-64
-64
-70
-59
-82
-72
-70
-82
-75
-75
-81
-68
-70
-65
-77
-78
-57
-72
-69
-69
-61
-71
-72
-59
-68
-62
-54
-53
-52
-65
-73
-67
-69
-59
-68
-65
-63
-72
-42
-57
-57
-62
-65
-58
-54
-42
-58
-49
-67
-67
-35
-38
-48
-36
-37
-49
-44
-60
-48
-31
-47
-61
-53
-48
-42
-43
-46
-58
-45
-58
-46
-49
-49
-33
-53
-49
-54
-57
-61
-46
-51
-58
-43
-36
-35
-38
-25
-23
-36
-39
-29
-18
-33
-45
-36
-28
-48
-41
-31
-53
-26
-40
-42
-31
-31
-46
-47
-32
-32
-29
-36
-30
-30
-28
-30
-33
-39
-30
-35
-34
-26
-30
-34
-12
-18
-21
-18
-30
-11
-34
-17
-9
-9
-2
-12
-11
-32
-14
-16
-16
-15
-17
-19
-33
-24
-27
-21
-22
-18
-19
-19
-18
-4
-12
-13
-21
-11
-16
-5
-3
-1
3
-6
-1
-11
-14
-26
-7
-16
-16
-15
-19
-33
-23
-18
-34
-23
-31
-28
-24
-19
-14
-28
-16
-31
-38
-28
-23
-10
-29
-32
-41
-21
-31
-44
-30
-29
-31
-37
-42
-26
-26
-43
-27
-36
-35
-37
-49
-29
-25
-11
-20
-37
-30
-37
-43
-33
-35
-16
-32
-24
-35
-26
-11
-35
-14
-34
-19
-8
-6
-23
-16
-1
-16
-10
-17
-29
-28
-23
-25
-26
3
-17
-19
-18
-21
-7
-26
-23
-19
-16
-21
-18
-4
-7
-19
-6
-18
-27
-23
-20
-24
-29
-32
-32
-24
-32
-39
-38
-30
-45
-55
-53
-53
-45
-34
-41
-44
-43
-23
-36
-25
-15
-25
-26
-35
-18
-23
-16
-21
-19
-4
-26
-18
1
-4
8
-10
-11
-13
-24
-5
-7
-13
1
-3
-2
-4
3
-9
-2
4
-13
-8
-22
0
-9
-9
-6
-24
-5
-17
-14
-24
-22
-16
-27
-21
-21
-18
-13
-35
-20
-22
-12
-3
-27
-16
-20
-26
-26
-5
-8
-20
-15
-16
-32
-32
-13
-33
-25
-31
-36
-27
-20
-15
-19
-25
-37
-23
-16
-41
-34
-18
-27
-26
-11
-20
-24
-25
-5
-14
-17
-18
-23
-11
-22
-25
-4
-10
-13
-20
-19
1
-8
-20
-16
-15
-18
-15
-7
-6
-12
-22
-26
-21
-24
-16
-18
-14
-9
-11
-24
-21
-33
-22
-15
-34
-32
-32
-27
-7
-13
-19
-9
-16
-10
-3
-13
-16
-9
-13
-22
-36
-12
-5
-32
-24
-14
-35
-27
-33
-27
-17
-36
-27
-35
-14
-14
-24
-23
-29
-20
-16
-28
-34
-29
-36
-30
-37
-23
-25
-21
-20
-37
-28
-41
-36
-31
-26
-27
-20
-15
-20
-20
-25
-16
-29
-19
-30
-8
-20
-15
-13
-20
-23
-24
-18
-28
-20
-16
-17
-14
-12
-25
-15
-19
-25
-19
-21
-17
-23
-25
-21
-24
-15
-20
-15
-22
-11
-19
-34
-12
-27
-22
-15
-25
-15
-11
-19
-14
-29
-26
-17
-12
-13
-10
-12
-10
-7
-28
-37
-28
-23
-22
-26
-17
-33
-32
-31
-34
-26
-13
-20
-24
-20
-21
-20
-22
-29
-28
-27
-17
-3
-25
-11
-17
-21
-20
-24
-14
-23
-35
-24
-34
-25
-13
-34
-20
-33
-24
-19
-43
-36
-27
-30
-26
-17
-15
-27
-18
-21
-23
-38
-23
-30
-44
-20
-15
-18
-29
-23
-22
-32
-19
-8
-14
-12
-19
-19
-15
-19
-7
-18
-31
-29
-47
-45
-33
-36
-44
-49
-44
-37
-52
-46
-49
-53
-48
-55
-31
-38
-27
-46
-49
-36
-33
-29
-33
-18
-40
-18
-9
-22
-20
-26
-17
-14
-20
-18
-11
-23
-29
-23
-18
-18
-20
-12
-26
-22
-7
-16
-10
-1
-11
-7
-12
-15
-10
-9
-8
-14
-3
-1
-15
-11
-18
-18
-21
0
-12
-13
-4
-14
-9
-8
-12
-32
-25
-45
-26
-34
-40
-30
-47
-17
-25
-28
-25
-28
-29
-29
-26
-39
-33
-21
-40
-32
-34
-56
-51
-47
-39
-33
-40
-44
-40
-40
-33
-45
-34
-40
-46
-43
-48
-33
-37
-32
-18
-22
-47
-48
-43
-43
-40
-52
-59
-58
-46
-57
-46
-44
-41
-46
-42
-44
-34
-34
-58
-26
-22
-33
-49
-58
-40
-37
-45
-50
-46
-43
-37
-40
-39
-39
-38
-17
-24
-37
-39
-42
-43
-28
-31
-35
-27
-51
-43
-46
-42
-36
-34
-35
-26
-25
-28
-32
-31
-25
-48
-48
-37
-53
-39
-51
-57
-51
-50
-35
-55
-34
-40
-51
-44
-45
-48
-27
-27
-53
-47
-47
-46
-48
-45
-35
-31
-18
-34
-22
-33
-46
-44
-43
-31
-43
-51
-58
-58
-30
-50
-42
-51
-54
-53
-61
-53
-46
-31
-56
-59
-50
-37
-39
-36
-48
-60
-61
-44
-54
-44
-42
-43
-30
-43
-28
-64
-56
-46
-37
-60
-51
-49
-59
-61
-56
-47
-50
-46
-58
-40
-47
-50
-38
-35
-39
-50
-34
-36
-51
-50
-34
-39
-49
-21
-25
-34
-38
-30
-37
-36
-22
-51
-29
-20
-22
-10
-18
-18
-31
-33
-21
-24
-30
-29
-29
-40
-42
-23
-32
-35
-42
-49
-27
-38
-42
-34
-30
-43
-38
-35
-22
-24
-25
-20
-18
-33
-39
-15
-23
-38
-30
-23
-31
-28
-20
-17
-21
-26
-31
-43
-26
-30
-36
-29
-25
-9
-12
-18
-22
-14
-17
-26
-22
-26
-15
-18
-28
-21
-32
-37
-26
-34
-27
-19
-18
-18
-24
-23
-21
-36
-40
-23
-30
-27
-30
-32
-28
-22
-19
-33
-32
-42
-14
-37
-40
-25
-19
-24
-28
-17
-18
-13
-34
-36
-28
-18
-25
-22
-6
-29
-22
-5
-17
-14
-10
-24
-10
-8
-11
7
-9
-8
-19
-5
-12
-4
-7
1
-1
-11
-3
-3
-2
-15
7
0
-1
4
-8
-9
2
-3
-1
-9
-20
-15
-20
-24
-12
-27
-19
-18
-25
-23
-22
-17
-8
-12
-20
-15
-15
-28
-31
-23
-18
-8
-18
-23
-29
-17
-26
-13
-35
-47
-20
-34
-37
-37
-34
-31
-45
-44
-31
-32
-30
-38
-38
-39
-25
-22
-34
-42
-32
-31
-40
-45
-47
-26
-31
-35
-42
-34
-43
-31
-30
-56
-42
-43
-38
-32
-40
-41
-43
-36
-38
-40
-30
-21
-25
-27
-27
-22
-8
-27
-23
-16
-21
-29
-18
-19
-24
-26
-26
-30
-31
-17
-10
-17
-15
-11
-25
-18
-22
-13
-12
-23
-14
-22
-28
-17
-23
-15
-10
-7
-12
-26
-29
-18
-29
-19
-16
-34
-18
-9
-19
-11
-11
-21
-21
-18
-7
-20
2
-3
-12
-16
-13
-23
-18
-19
-25
-23
-19
-11
-22
-27
-16
-15
-10
-4
-22
-21
-13
-15
-12
-21
-22
-26
-22
-38
-32
-12
-17
-22
-21
-25
-28
-16
-23
-18
-19
-11
-19
-25
-21
-14
-18
-14
-9
-28
-18
-33
-20
-12
-7
-9
-25
-1
-7
-13
5
-22
-12
9
-32
-18
-19
-18
-14
-26
-19
-12
7
-6
-7
-11
-8
-13
-10
-8
2
-11
-6
10
-14
-8
5
-6
-9
9
-7
-6
-8
-3
-16
-11
-23
-19
-10
-2
-6
7
-12
10
9
5
18
9
-1
6
7
-7
-8
-6
2
5
5
6
5
-1
-17
-4
-9
-9
5
-9
9
-3
6
10
6
3
4
20
17
10
4
4
-12
-6
1
-2
20
8
-6
-2
-3
-1
5
-4
-1
7
15
11
8
6
24
18
15
22
20
21
23
19
28
29
20
22
27
23
29
18
-1
28
9
17
10
10
24
4
30
21
29
21
8
24
18
26
31
26
32
15
31
44
26
25
27
17
17
24
15
13
34
19
20
12
9
30
22
32
24
12
-4
11
14
-3
9
29
22
16
6
-4
9
-3
3
12
5
17
5
17
6
13
14
20
10
14
20
14
22
14
14
11
17
16
23
12
10
21
11
4
6
1
-8
9
-2
-8
-7
-1
-17
-15
-9
-17
-4
-13
-15
3
-9
-17
-18
-18
-3
-11
-11
-8
-19
-27
-15
-3
-30
-10
-15
-20
-28
-25
-10
-17
-14
-17
-26
-22
-20
-28
-26
-24
-14
-16
-31
-19
-24
-26
-25
-10
-13
-32
-14
3
-30
-17
-17
-21
-14
-19
-6
-8
-13
-20
-30
-28
-22
-27
-32
-28
-17
5
10
-12
-4
-10
-2
-11
-15
-3
-13
-18
-8
-5
-14
-2
-2
-16
-7
-17
-14
-19
-14
-6
-11
-21
-13
-16
-15
-20
-23
-35
-22
-23
-27
-23
-11
-8
-31
-15
-7
-1
-10
-4
-1
-8
-7
-11
-8
-8
-20
-12
7
-5
-5
-3
2
-2
-16
-20
1
7
0
5
1
8
-1
-13
-9
-2
-7
1
-4
-3
4
16
19
13
25
18
26
16
17
24
11
20
21
14
19
22
6
19
20
7
20
7
13
14
23
25
19
13
24
28
13
24
33
38
26
39
34
33
47
36
30
29
23
43
36
29
29
23
35
24
33
38
29
17
22
23
18
11
21
19
18
19
8
9
3
11
20
11
10
14
-1
-5
3
10
11
2
8
-5
9
17
10
16
10
16
15
9
14
17
23
21
11
17
23
8
-3
16
1
0
8
21
4
7
25
23
36
19
14
4
8
29
9
5
16
18
1
12
26
14
13
14
12
10
11
1
0
5
7
12
2
-3
17
-1
1
13
-1
5
4
3
-5
14
2
0
13
3
2
1
6
10
13
-4
6
-11
2
9
4
13
8
4
2
13
6
-2
6
4
8
11
11
-4
8
13
-7
1
0
21
14
14
20
0
8
11
18
24
17
19
8
14
12
23
15
-5
9
10
28
6
10
15
21
31
27
42
21
44
37
20
30
23
35
32
29
41
24
37
26
33
34
35
32
27
41
34
36
28
11
17
40
25
24
25
23
14
39
51
12
26
34
32
35
29
29
32
24
13
16
34
32
28
32
31
29
26
12
26
29
17
23
17
15
3
19
22
19
15
26
16
15
6
2
5
15
18
7
20
14
10
0
15
19
15
5
16
2
-2
3
15
20
13
13
12
4
7
29
6
8
18
25
20
8
13
13
4
16
24
24
25
21
38
22
24
27
29
30
25
39
43
30
15
32
14
22
19
15
25
8
22
26
25
31
24
34
34
15
25
16
28
17
26
34
17
25
21
19
28
42
36
46
31
26
30
29
39
32
20
31
30
25
29
28
31
41
44
43
31
37
28
26
38
27
41
35
37
29
35
22
41
43
33
50
16
48
53
42
43
47
45
49
62
46
33
44
44
51
51
42
31
18
41
36
40
37
31
26
40
37
40
46
35
36
53
49
53
56
72
55
46
59
62
51
47
56
49
59
65
59
63
60
63
71
63
61
70
64
57
66
35
47
56
61
63
49
57
56
54
66
55
56
60
44
65
57
55
64
57
50
51
60
62
36
37
42
49
59
46
61
41
45
53
48
53
53
36
42
59
57
63
53
69
67
63
58
53
73
68
53
62
60
49
54
46
51
52
59
54
66
73
59
76
68
79
79
71
61
70
71
62
70
57
69
43
69
56
69
72
63
55
51
57
54
67
63
66
63
51
43
55
55
52
49
50
43
79
55
51
67
54
54
52
54
51
53
50
56
50
54
49
53
62
60
55
53
43
43
48
57
47
43
54
55
54
56
55
42
37
45
53
44
53
69
45
64
47
47
41
37
42
43
56
40
47
59
59
57
51
38
49
50
50
38
54
48
55
40
48
55
47
50
37
53
43
40
34
52
53
48
45
42
63
64
57
58
60
42
40
41
37
37
44
38
29
47
44
54
58
38
47
40
22
22
33
42
25
40
45
27
17
7
25
27
23
26
16
21
26
33
28
18
14
7
14
25
20
21
20
16
9
3
12
7
5
2
4
14
16
15
7
10
13
14
15
-1
0
-1
6
-1
-2
-3
-4
-3
12
3
-11
0
-17
-5
-4
-14
-10
-1
-1
-4
13
12
3
2
9
13
13
5
-5
-13
4
-4
-9
11
6
9
-3
-6
24
10
4
3
8
20
14
13
13
6
-2
6
0
-4
10
16
11
10
2
18
5
-1
0
-1
-7
-14
-2
-6
-6
8
13
-2
-3
-4
12
2
-13
-1
0
-9
5
15
4
-13
7
11
2
23
10
-1
5
1
12
9
17
11
19
12
4
18
8
8
1
22
25
20
33
23
22
8
15
11
15
8
14
20
14
22
15
27
15
12
4
14
3
10
16
3
0
8
21
13
12
3
14
2
6
0
-6
15
1
0
-5
2
-4
8
8
-7
5
-4
10
-10
-12
0
8
6
-3
6
-7
-5
-1
4
6
-15
-15
-22
-7
-5
6
3
-4
-1
7
16
4
15
3
-1
-7
-3
-11
-1
-3
-10
12
9
-6
-7
-4
-7
-8
-21
-14
-10
-3
-4
2
4
-3
13
-2
17
24
13
17
17
18
5
6
3
2
6
-1
-8
7
16
9
1
5
12
1
7
9
7
4
3
-17
-4
2
7
-1
8
2
-8
-10
3
-6
-9
-2
-21
-6
-4
-8
-17
-18
-18
-11
-17
-25
-9
-1
-24
-17
-1
1
-15
-13
-25
-25
-20
-26
-10
-24
-17
-1
-24
-15
-4
-21
-4
-11
-17
-24
-19
1
-22
-8
2
-15
-15
-4
-12
-10
-7
-16
-13
-5
8
-2
2
18
13
12
22
4
8
10
-4
-2
1
13
4
9
9
-3
1
3
7
17
16
6
-1
2
12
6
7
-3
5
-8
-10
0
5
0
-8
-3
-3
-4
13
5
-10
-2
-12
1
-3
-8
-10
10
-5
-12
-9
2
19
14
17
-6
5
20
11
-1
11
8
2
12
16
13
0
10
1
17
22
1
11
18
24
19
8
21
12
15
25
26
27
11
24
27
31
33
27
23
27
27
28
14
3
11
10
6
16
17
7
11
21
25
11
2
5
1
4
-4
8
7
18
11
5
21
3
11
9
4
6
19
20
25
30
18
19
18
12
21
14
3
9
3
21
20
4
-4
-12
12
18
13
21
14
10
10
13
17
21
25
38
26
12
18
4
23
27
30
25
23
17
26
15
13
18
5
28
27
27
19
11
15
26
17
18
27
16
15
8
8
12
32
31
18
35
22
29
22
36
40
34
32
26
12
17
38
30
29
41
55
57
51
54
40
37
29
42
61
41
31
36
52
21
30
38
35
33
23
46
21
14
43
37
17
22
16
22
19
8
19
31
2
2
15
7
4
-5
1
1
8
-3
0
2
3
16
10
-2
-1
0
2
6
-2
10
-3
-2
-9
-15
3
2
-18
-32
-6
-5
-20
-13
-19
-14
2
-6
-8
-5
11
-12
-6
-14
-16
-8
-10
8
7
-5
-5
-10
-9
-6
-21
-4
-17
-24
-1
-18
-14
-12
-12
-1
-23
-17
-8
-9
-14
-20
-11
-17
-4
-4
1
11
12
-6
3
9
21
2
-14
7
-10
-9
-13
4
-13
-9
-9
-10
-9
-9
12
-1
-16
-20
-13
3
-21
-32
-27
-19
0
-23
-23
-13
-17
-3
-2
-3
-3
-17
0
-9
-24
-26
-16
-24
-18
-20
-17
-19
-28
-19
-23
-22
-17
-18
-21
-22
-24
-6
-18
-17
-18
-17
4
-8
-10
12
-6
3
6
-5
11
2
22
7
7
19
17
17
12
12
1
13
37
12
20
27
17
33
34
30
25
45
44
42
53
43
53
64
56
50
48
46
39
55
45
29
46
45
42
51
56
37
35
43
53
48
39
32
22
26
29
35
20
28
30
20
32
41
24
32
23
18
18
18
10
20
20
10
17
-10
6
8
1
7
7
15
-12
-11
-9
8
9
13
14
-2
12
9
4
1
17
6
8
16
15
18
16
25
11
18
25
46
46
33
36
22
36
23
39
46
36
48
52
58
32
43
41
48
69
67
61
61
55
61
76
70
56
64
69
65
67
55
71
69
86
87
71
84
79
74
74
75
69
56
68
58
54
60
70
58
50
58
52
39
32
18
18
33
28
35
9
1
10
12
-7
-13
-11
-5
-14
-22
-19
-42
-28
-39
-44
-47
-64
-46
-65
-65
-68
-71
-64
-77
-80
-86
-86
-89
-73
-87
-82
-69
-68
-51
-36
-44
-36
-39
-54
-46
-28
-22
-29
-30
-14
-15
-14
4
18
12
27
47
42
65
62
82
76
90
119
110
133
140
141
154
159
172
176
199
206
214
240
223
239
235
246
260
287
280
286
295
304
309
286
300
309
302
289
280
273
264
242
222
198
189
153
127
107
62
43
16
-13
-56
-80
-94
-144
-167
-207
-220
-249
-262
-268
-293
-317
-356
-354
-362
-380
-388
-396
-402
-392
-401
-393
-366
-370
-363
-360
-360
-339
-321
-306
-312
-278
-278
-249
-222
-216
-178
-163
-146
-113
-76
-40
-4
11
45
85
117
132
165
201
224
269
317
342
394
423
461
498
537
564
602
636
676
726
763
796
799
810
795
781
775
764
734
709
667
600
560
471
385
293
236
158
104
60
-7
-48
-112
-156
-207
-255
-278
-316
-336
-339
-349
-328
-328
-332
-344
-339
-335
-319
-328
-325
-292
-298
-289
-282
-278
-284
-299
-270
-275
-263
-240
-218
-191
-187
-193
-167
-156
-154
-129
-118
-117
-112
-101
-104
-107
-93
-90
-85
-82
-88
-99
-117
-92
-79
-59
-81
-102
-99
-98
-97
-92
-94
-122
-118
-111
-122
-125
-133
-142
-139
-143
-137
-152
-166
-169
-158
-133
-139
-129
-117
-117
-85
-48
-16
6
27
67
112
172
234
273
328
381
449
518
569
622
675
700
709
707
709
733
754
756
713
677
618
552
500
434
386
329
273
229
213
170
113
46
-21
-40
-68
-91
-97
-105
-111
-117
-125
-139
-173
-214
-227
-222
-220
-226
-254
-260
-280
-276
-288
-303
-309
-335
-325
-318
-310
-293
-308
-306
-302
-313
-308
-285
-288
-285
-253
-263
-249
-231
-253
-249
-224
-222
-221
-193
-203
-197
-178
-167
-147
-136
-141
-122
-97
-90
-71
-69
-66
-66
-67
-47
-39
-30
-38
-38
-35
-27
-42
-58
-26
-30
-38
-44
-23
-10
-1
17
50
52
81
106
153
183
216
290
317
388
428
492
546
612
678
715
733
720
703
688
702
717
715
680
610
526
458
385
327
239
167
118
76
56
33
-24
-104
-141
-185
-188
-214
-228
-225
-222
-183
-192
-191
-217
-232
-239
-237
-208
-221
-241
-234
-242
-240
-244
-266
-287
-325
-306
-299
-278
-288
-291
-272
-277
-254
-265
-250
-247
-254
-240
-243
-223
-227
-236
-225
-192
-173
-169
-174
-187
-182
-166
-131
-138
-114
-92
-63
-30
-17
-25
-42
-38
-29
-16
-14
-10
-22
-3
3
-5
-12
-28
-39
-56
-54
-43
-22
-40
-33
-14
-7
40
34
53
88
120
172
193
257
304
379
441
506
563
613
679
723
746
757
747
748
753
760
757
717
653
570
481
401
339
243
170
123
64
18
3
-76
-134
-184
-229
-266
-285
-282
-263
-250
-220
-221
-203
-200
-220
-226
-239
-216
-229
-232
-231
-211
-221
-205
-211
-231
-242
-262
-258
-257
-252
-273
-245
-243
-222
-199
-200
-193
-201
-184
-202
-191
-173
-180
-155
-154
-152
-132
-120
-129
-136
-113
-125
-121
-99
-93
-78
-59
-52
-42
-39
-42
-58
-47
-70
-72
-59
-87
-73
-72
-72
-80
-82
-106
-120
-133
-137
-135
-135
-114
-89
-60
-42
-14
2
21
65
107
163
208
273
358
422
504
587
654
718
740
752
746
733
733
768
775
771
719
649
570
470
380
283
191
123
89
23
11
-29
-80
-144
-199
-244
-268
-278
-303
-286
-281
-237
-210
-205
-196
-243
-217
-219
-246
-242
-255
-248
-226
-221
-222
-228
-245
-273
-292
-294
-307
-305
-309
-282
-271
-244
-204
-195
-204
-217
-227
-234
-231
-234
-216
-216
-201
-180
-183
-167
-169
-147
-142
-167
-160
-147
-128
-108
-85
-74
-65
-51
-52
-71
-82
-94
-116
-123
-117
-100
-103
-106
-106
-126
-138
-155
-164
-163
-170
-149
-128
-99
-71
-58
-25
9
50
90
122
183
261
322
412
513
608
668
758
810
827
830
798
803
816
858
850
810
757
696
598
503
395
269
183
122
56
24
0
-49
-94
-145
-183
-218
-257
-289
-286
-268
-235
-204
-192
-170
-171
-191
-174
-198
-227
-241
-255
-248
-243
-229
-234
-258
-260
-272
-287
-312
-321
-334
-329
-335
-316
-280
-256
-238
-219
-216
-231
-247
-258
-271
-248
-219
-220
-191
-197
-182
-167
-155
-126
-148
-153
-162
-156
-126
-102
-85
-91
-81
-77
-71
-91
-91
-128
-136
-138
-164
-142
-148
-161
-172
-167
-155
-154
-169
-172
-172
-144
-122
-78
-56
-5
43
105
166
222
290
352
427
537
646
739
840
892
916
887
833
805
790
803
806
795
732
679
597
479
392
275
164
59
-7
-46
-50
-76
-108
-117
-166
-166
-203
-253
-253
-263
-239
-207
-178
-156
-145
-139
-139
-153
-171
-226
-271
-295
-315
-320
-325
-320
-337
-342
-331
-331
-342
-370
-388
-396
-387
-353
-320
-276
-242
-235
-215
-215
-238
-250
-280
-265
-256
-238
-226
-199
-148
-128
-114
-100
-102
-111
-129
-118
-121
-111
-80
-79
-60
-60
-68
-84
-90
-134
-155
-181
-211
-218
-225
-217
-219
-212
-217
-222
-218
-195
-184
-164
-116
-52
6
92
187
270
356
459
558
659
775
882
980
1041
1029
936
801
599
416
282
233
271
288
323
347
350
282
189
85
-15
-79
-125
-111
-43
40
90
138
182
168
154
99
51
0
-63
-81
-101
-63
-55
-36
-6
-23
-82
-159
-245
-340
-396
-430
-420
-400
-347
-310
-277
-247
-242
-292
-332
-360
-415
-411
-402
-344
-298
-257
-242
-226
-233
-262
-330
-407
-468
-509
-516
-518
-464
-431
-428
-408
-338
-292
-312
-320
-305
-304
-297
-290
-259
-216
-205
-176
-189
-219
-243
-304
-356
-392
-405
-364
-307
-255
-217
-152
-112
-92
-49
28
117
224
365
522
703
849
1015
1201
1359
1535
1726
1913
2072
2063
1851
1444
810
179
-407
-872
-1117
-1125
-897
-561
-239
-7
134
153
126
92
85
165
251
384
542
633
659
573
359
86
-192
-482
-685
-819
-833
-673
-504
-265
-41
115
161
106
-15
-176
-342
-446
-436
-384
-271
-151
-52
-23
-69
-170
-316
-473
-604
-624
-551
-386
-163
54
226
281
250
172
29
-115
-239
-293
-314
-318
-286
-324
-345
-383
-426
-430
-414
-354
-261
-155
-59
-17
-26
-74
-186
-326
-473
-589
-715
-758
-770
-748
-671
-579
-470
-388
-291
-207
-140
-92
-47
2
29
58
83
141
194
264
344
454
571
679
835
990
1158
1337
1536
1760
1957
2139
2142
1885
1362
617
-124
-745
-1207
-1339
-1204
-841
-338
91
463
627
665
593
502
431
415
434
449
464
458
406
264
7
-331
-634
-914
-1074
-1051
-883
-565
-215
164
469
635
644
468
248
-37
-314
-511
-588
-589
-539
-454
-372
-364
-371
-441
-546
-590
-605
-493
-314
-74
178
376
467
450
307
107
-127
-301
-443
-506
-533
-555
-562
-551
-501
-438
-336
-213
-85
-3
59
59
-9
-112
-232
-361
-499
-591
-684
-710
-726
-704
-634
-557
-467
-390
-292
-201
-129
-81
-47
-11
-5
-22
-32
-5
56
164
315
497
687
891
1072
1228
1373
1523
1681
1886
2061
2189
2035
1558
824
-89
-863
-1499
-1782
-1685
-1340
-736
-98
419
797
914
848
726
592
477
428
394
355
343
287
156
-57
-382
-722
-1012
-1178
-1136
-936
-560
-131
234
564
734
760
612
332
28
-313
-570
-720
-751
-721
-643
-556
-471
-433
-423
-427
-447
-404
-298
-117
75
274
406
458
394
248
63
-139
-318
-414
-444
-437
-445
-476
-491
-510
-475
-387
-244
-46
104
191
193
88
-79
-310
-525
-710
-807
-827
-803
-726
-630
-521
-446
-366
-304
-265
-222
-193
-167
-178
-156
-139
-144
-122
-77
-27
62
199
366
588
802
998
1205
1385
1529
1659
1782
1970
2177
2280
2031
1443
569
-367
-1156
-1739
-1899
-1693
-1215
-520
147
676
994
1019
911
725
586
524
480
463
410
404
338
175
-90
-428
-751
-1025
-1106
-999
-679
-261
152
503
770
881
818
584
280
-52
-403
-630
-773
-825
-793
-733
-646
-557
-500
-450
-418
-368
-275
-112
103
310
465
559
520
413
241
44
-156
-347
-429
-440
-397
-365
-391
-475
-543
-551
-491
-352
-177
15
150
197
117
-83
-324
-589
-789
-894
-887
-800
-684
-575
-474
-392
-362
-342
-338
-326
-298
-229
-142
-71
0
30
33
29
40
113
267
422
649
899
1094
1263
1402
1540
1707
1920
2139
2375
2435
2054
1354
303
-751
-1521
-2021
-2036
-1684
-1040
-263
395
877
1102
1060
904
726
620
614
652
652
611
524
330
68
-333
-763
-1110
-1325
-1311
-1040
-644
-182
227
549
752
765
683
442
131
-193
-453
-647
-790
-816
-829
-803
-770
-754
-686
-619
-545
-431
-265
-53
146
337
444
453
391
268
120
-32
-169
-296
-374
-441
-535
-656
-725
-714
-606
-426
-208
9
171
266
243
116
-107
-357
-602
-773
-843
-834
-787
-714
-649
-533
-421
-337
-283
-262
-210
-158
-90
-52
-31
-53
-87
-130
-159
-137
-90
17
183
400
652
892
1077
1243
1383
1553
1740
1909
2085
2290
2322
1902
1183
187
-762
-1449
-1832
-1793
-1386
-756
-86
447
774
884
777
616
500
503
621
745
803
736
604
361
19
-430
-845
-1132
-1246
-1094
-780
-355
49
335
522
586
550
451
257
51
-114
-289
-401
-495
-585
-697
-814
-882
-920
-843
-710
-550
-330
-108
98
265
323
325
275
213
144
74
50
-32
-143
-249
-422
-629
-832
-991
-947
-741
-480
-171
85
247
295
192
21
-234
-457
-600
-692
-701
-673
-642
-640
-600
-538
-429
-309
-195
-100
-29
32
62
26
-13
-47
-102
-103
-100
-44
-1
78
185
309
536
777
1029
1316
1573
1837
2090
2223
2304
2415
2356
1857
1040
-22
-979
-1603
-1854
-1663
-1206
-609
-4
441
710
779
674
556
548
710
961
1139
1129
913
558
132
-326
-802
-1164
-1317
-1279
-986
-586
-177
142
302
352
373
369
336
303
227
147
15
-143
-366
-597
-863
-1046
-1114
-1062
-869
-619
-356
-145
18
108
146
140
134
175
243
320
345
317
172
-49
-298
-602
-827
-992
-1012
-866
-669
-425
-173
10
92
51
-16
-148
-254
-329
-427
-478
-565
-669
-755
-818
-768
-659
-487
-327
-170
-35
17
51
3
-36
-72
-93
-36
23
59
61
38
71
133
256
474
721
975
1258
1531
1768
1960
2144
2337
2527
2516
1967
1076
-23
-964
-1452
-1575
-1309
-827
-341
66
253
261
181
118
164
434
875
1291
1508
1378
980
486
-47
-477
-799
-962
-944
-804
-591
-391
-293
-291
-345
-341
-195
42
300
476
513
425
188
-163
-505
-819
-1003
-1030
-892
-677
-457
-329
-315
-396
-467
-484
-377
-193
77
384
555
619
514
285
48
-188
-342
-502
-633
-709
-790
-773
-771
-713
-577
-431
-252
-127
-15
87
90
13
-142
-296
-480
-615
-681
-702
-617
-503
-376
-303
-279
-299
-290
-248
-156
-60
54
147
144
123
22
-79
-139
-142
-19
180
442
759
1024
1245
1395
1603
1797
2011
2244
2472
2586
2140
1290
220
-746
-1190
-1297
-1075
-684
-382
-165
-117
-195
-276
-245
6
449
996
1452
1608
1380
866
352
-79
-338
-445
-452
-363
-334
-373
-484
-677
-836
-882
-698
-307
116
470
632
542
287
-50
-348
-539
-619
-525
-376
-262
-226
-327
-502
-713
-841
-813
-639
-334
-63
163
294
290
169
41
-80
-92
-24
29
15
-105
-301
-525
-750
-876
-851
-673
-381
-157
-2
63
-3
-142
-300
-415
-460
-447
-373
-324
-267
-252
-310
-387
-470
-488
-458
-369
-238
-159
-93
-59
-64
-101
-127
-127
-131
-104
-24
103
279
473
683
885
1100
1321
1556
1781
1970
2170
2313
2442
2150
1384
478
-325
-631
-661
-540
-320
-264
-323
-453
-586
-571
-413
-53
439
927
1290
1332
1066
577
213
96
116
234
272
180
-20
-361
-673
-883
-974
-840
-537
-150
161
269
177
-49
-290
-391
-372
-239
-84
0
17
-125
-346
-555
-699
-725
-684
-542
-386
-314
-299
-397
-449
-430
-343
-151
34
211
288
228
140
-70
-315
-514
-649
-594
-477
-341
-240
-268
-308
-313
-339
-339
-344
-326
-303
-288
-268
-262
-246
-277
-306
-281
-271
-293
-344
-382
-406
-366
-278
-202
-118
-70
-90
-111
-146
-144
-83
30
211
406
625
856
1045
1220
1403
1605
1798
1996
2149
2289
2171
1515
675
-60
-375
-311
-253
-155
-197
-440
-699
-892
-819
-561
-166
294
672
926
922
681
371
174
304
533
686
682
441
66
-354
-648
-703
-645
-446
-229
-115
-77
-203
-368
-485
-489
-344
-149
17
46
-56
-188
-358
-443
-398
-305
-221
-224
-301
-419
-589
-678
-704
-600
-392
-222
-90
-43
-66
-79
-161
-176
-152
-196
-250
-360
-425
-465
-454
-419
-348
-263
-235
-294
-380
-463
-501
-472
-445
-356
-262
-216
-232
-279
-311
-353
-352
-330
-320
-313
-320
-321
-292
-239
-169
-134
-100
-122
-149
-132
-84
43
261
526
786
998
1142
1328
1464
1604
1777
2006
2231
2370
2042
1305
544
76
114
247
262
167
-195
-652
-974
-984
-696
-363
-55
177
327
339
224
115
79
267
633
819
822
572
207
-112
-314
-281
-140
-53
-61
-188
-378
-553
-665
-623
-532
-395
-328
-362
-464
-591
-608
-529
-392
-206
-68
-71
-176
-365
-487
-537
-486
-391
-299
-243
-250
-295
-369
-384
-333
-209
-118
-113
-213
-392
-546
-533
-406
-236
-145
-128
-185
-266
-343
-386
-378
-310
-247
-236
-242
-283
-284
-253
-204
-160
-133
-200
-312
-385
-400
-362
-279
-185
-113
-76
-141
-191
-250
-230
-122
19
209
349
540
683
803
976
1168
1330
1508
1715
1865
1988
2098
1913
1405
876
558
683
834
653
296
-205
-572
-701
-634
-424
-300
-242
-256
-297
-225
-175
-100
47
234
480
546
483
314
155
152
213
273
269
121
-77
-249
-334
-346
-357
-338
-399
-507
-598
-699
-764
-726
-648
-522
-466
-440
-398
-402
-371
-342
-296
-277
-278
-277
-276
-239
-180
-84
-59
-50
-65
-141
-167
-258
-340
-395
-434
-421
-401
-370
-343
-320
-282
-236
-233
-245
-265
-279
-249
-213
-168
-108
-72
-71
-89
-127
-197
-248
-296
-323
-312
-293
-274
-264
-231
-223
-247
-306
-325
-312
-255
-152
-34
120
296
451
601
757
931
1180
1363
1478
1573
1668
1833
1979
1751
1302
940
863
1004
982
684
292
-148
-445
-513
-410
-289
-340
-419
-490
-512
-423
-319
-272
-162
-7
156
225
152
157
182
277
375
360
263
107
-21
-57
-67
-68
-124
-266
-414
-580
-654
-698
-727
-716
-670
-686
-695
-693
-644
-596
-554
-482
-470
-448
-404
-338
-245
-90
29
56
1
-40
-18
-29
-67
-140
-258
-361
-417
-419
-382
-364
-360
-393
-418
-416
-423
-398
-330
-272
-214
-161
-139
-113
-92
-58
-37
-56
-94
-180
-242
-266
-231
-201
-190
-204
-251
-298
-324
-350
-337
-274
-203
-87
28
159
325
471
688
935
1101
1232
1348
1483
1632
1801
1919
1764
1426
1144
1107
1268
1200
868
468
83
-111
-166
-109
-63
-196
-375
-520
-561
-482
-389
-313
-232
-139
-45
41
48
123
221
290
342
297
239
192
168
219
222
178
59
-137
-287
-372
-423
-463
-532
-591
-651
-747
-739
-692
-660
-624
-622
-623
-638
-621
-519
-378
-237
-105
-17
-15
6
16
56
70
53
-16
-142
-261
-348
-324
-265
-251
-307
-440
-511
-517
-448
-355
-294
-299
-314
-290
-225
-117
-27
23
17
-41
-98
-128
-132
-128
-117
-99
-134
-189
-213
-254
-292
-311
-326
-322
-297
-237
-115
55
231
437
594
729
857
1004
1221
1386
1546
1702
1842
1830
1591
1342
1313
1422
1430
1206
805
430
166
91
103
148
27
-241
-474
-607
-561
-424
-346
-338
-310
-307
-244
-177
-94
40
123
162
169
126
117
155
207
258
202
88
-57
-168
-229
-257
-297
-382
-475
-602
-684
-709
-667
-643
-663
-696
-793
-820
-785
-668
-530
-411
-315
-304
-267
-216
-112
15
29
-21
-83
-154
-186
-199
-193
-195
-213
-298
-395
-450
-428
-350
-321
-307
-349
-368
-324
-218
-92
-5
10
-25
-84
-120
-88
-67
-86
-97
-118
-142
-156
-171
-189
-236
-309
-376
-400
-368
-296
-171
-10
124
240
345
488
654
837
1037
1194
1350
1497
1652
1786
1715
1505
1374
1429
1544
1459
1104
732
434
310
295
276
152
-125
-438
-570
-566
-481
-431
-473
-502
-500
-465
-358
-270
-171
-96
-71
-19
12
30
109
183
215
214
107
22
-63
-107
-102
-161
-258
-384
-505
-585
-622
-630
-627
-723
-800
-849
-879
-830
-740
-624
-537
-460
-407
-363
-326
-219
-41
58
5
-115
-176
-156
-99
-61
-64
-145
-223
-280
-323
-286
-277
-268
-323
-391
-374
-334
-238
-142
-84
-86
-129
-174
-185
-148
-96
-59
-56
-73
-87
-83
-107
-127
-205
-295
-391
-425
-361
-308
-221
-148
-71
-6
120
259
436
626
777
931
1065
1193
1359
1489
1656
1674
1541
1414
1381
1487
1489
1244
953
722
528
474
392
314
131
-121
-309
-395
-426
-411
-450
-515
-530
-537
-477
-416
-340
-221
-143
-114
-55
-14
80
166
196
190
144
82
53
18
-20
-49
-142
-260
-379
-486
-550
-601
-632
-662
-707
-748
-768
-753
-668
-585
-501
-433
-381
-369
-335
-231
-86
-7
-37
-132
-178
-137
-49
-3
-41
-93
-167
-217
-221
-194
-186
-239
-283
-306
-246
-195
-133
-82
-87
-114
-108
-97
-62
-31
10
27
1
-10
-56
-63
-113
-184
-262
-333
-400
-385
-375
-361
-301
-260
-170
-92
27
174
299
457
587
696
811
917
1059
1223
1358
1496
1537
1439
1366
1380
1472
1452
1263
1069
899
752
700
627
486
281
29
-170
-281
-333
-361
-422
-539
-601
-638
-596
-483
-382
-246
-175
-143
-99
-50
33
92
157
168
160
133
119
97
54
11
-123
-269
-389
-471
-539
-576
-585
-613
-669
-700
-686
-650
-593
-520
-467
-411
-356
-310
-223
-166
-139
-129
-173
-184
-152
-108
-50
-63
-98
-161
-226
-221
-227
-200
-188
-221
-223
-201
-155
-101
-93
-91
-78
-62
-13
24
70
75
51
38
21
-13
-46
-117
-195
-278
-363
-389
-417
-429
-396
-337
-306
-229
-146
-52
82
177
298
407
508
606
734
867
1013
1130
1281
1383
1335
1251
1216
1350
1429
1355
1179
1010
898
829
752
649
457
208
0
-144
-206
-272
-400
-557
-654
-680
-630
-535
-424
-327
-296
-288
-260
-176
-73
20
123
159
163
137
111
88
48
3
-107
-217
-319
-374
-436
-466
-511
-560
-612
-659
-673
-634
-529
-482
-433
-402
-357
-316
-272
-238
-200
-171
-153
-142
-136
-113
-93
-95
-122
-183
-214
-210
-201
-175
-182
-200
-209
-214
-172
-121
-71
-56
-51
-17
11
56
70
118
124
101
80
31
-18
-70
-143
-209
-255
-297
-344
-361
-351
-332
-290
-234
-167
-109
-34
29
127
249
354
469
558
671
786
896
997
1117
1245
1222
1198
1245
1398
1464
1378
1204
1083
981
896
826
714
542
270
58
-67
-178
-290
-399
-493
-561
-547
-522
-471
-428
-374
-339
-329
-270
-188
-79
33
96
107
86
42
35
14
-16
-47
-131
-222
-295
-345
-385
-408
-460
-500
-549
-560
-543
-510
-460
-406
-374
-365
-337
-298
-275
-264
-219
-173
-144
-167
-189
-178
-157
-169
-172
-209
-238
-234
-218
-198
-181
-173
-186
-174
-106
-64
-6
36
54
93
118
137
173
191
167
139
86
11
-63
-119
-173
-224
-262
-308
-354
-330
-321
-292
-270
-290
-260
-172
-77
16
119
218
302
377
459
558
678
788
901
1020
1184
1243
1266
1309
1363
1446
1420
1313
1195
1075
972
881
759
614
392
172
24
-77
-127
-197
-288
-372
-444
-473
-465
-431
-391
-328
-300
-250
-179
-100
-50
-16
1
-8
-7
-16
-5
-3
-10
-70
-162
-236
-274
-307
-349
-359
-384
-419
-437
-459
-422
-405
-383
-343
-329
-318
-310
-289
-261
-216
-177
-160
-169
-220
-235
-213
-156
-153
-171
-198
-248
-238
-190
-155
-121
-94
-88
-69
-17
54
124
160
190
207
230
239
250
248
188
118
29
-40
-70
-89
-130
-202
-260
-332
-366
-358
-349
-336
-309
-252
-163
-96
-18
48
119
211
294
418
517
636
746
871
1012
1145
1231
1245
1249
1307
1402
1420
1312
1165
1029
898
811
732
643
453
257
135
50
-23
-97
-203
-328
-390
-420
-396
-345
-300
-252
-258
-241
-199
-174
-115
-80
-34
-32
-44
-61
-84
-67
-78
-100
-148
-205
-246
-281
-283
-307
-323
-378
-406
-412
-398
-380
-374
-346
-352
-349
-357
-351
-307
-234
-207
-221
-245
-278
-246
-186
-156
-159
-193
-223
-236
-181
-125
-88
-79
-105
-78
-20
63
136
163
198
216
243
252
230
213
187
149
124
91
53
15
-46
-115
-174
-238
-298
-352
-342
-323
-296
-249
-215
-181
-138
-83
-3
79
170
268
332
438
554
680
790
926
1078
1163
1200
1234
1262
1309
1325
1243
1106
972
873
809
760
688
541
344
175
59
0
-67
-151
-257
-316
-356
-342
-295
-277
-255
-264
-263
-222
-179
-132
-77
-47
-48
-58
-59
-66
-69
-80
-89
-131
-172
-208
-260
-285
-307
-299
-311
-338
-374
-400
-389
-364
-342
-319
-303
-307
-284
-260
-249
-239
-221
-220
-227
-227
-215
-208
-211
-208
-218
-197
-182
-170
-150
-116
-57
-14
47
94
140
187
203
229
246
230
210
211
213
203
181
146
68
-10
-65
-127
-166
-195
-248
-291
-298
-299
-319
-299
-268
-241
-187
-127
-46
33
105
196
286
411
519
626
745
824
949
1054
1072
1070
1062
1096
1103
1058
980
917
826
753
689
642
548
374
230
130
48
-23
-77
-135
-185
-239
-263
-250
-242
-235
-237
-213
-195
-174
-160
-142
-118
-110
-85
-82
-80
-75
-86
-119
-129
-162
-196
-248
-290
-309
-340
-349
-361
-374
-391
-421
-415
-395
-361
-355
-341
-324
-323
-306
-290
-272
-261
-267
-281
-284
-282
-284
-280
-264
-232
-199
-186
-153
-108
-59
1
37
74
108
137
168
200
212
239
240
241
232
208
170
113
68
36
-22
-57
-108
-142
-171
-211
-218
-218
-228
-229
-216
-180
-132
-88
-27
23
98
190
300
377
470
550
635
736
826
883
926
947
967
979
986
975
939
879
792
717
637
566
495
403
297
210
134
47
7
-49
-72
-90
-117
-156
-179
-157
-173
-151
-139
-136
-139
-133
-112
-86
-71
-64
-50
-59
-73
-113
-174
-194
-243
-287
-293
-333
-356
-376
-389
-378
-366
-361
-342
-330
-315
-290
-260
-245
-222
-202
-237
-218
-231
-247
-271
-298
-284
-298
-262
-250
-236
-189
-194
-170
-137
-92
-27
30
74
106
120
141
178
206
237
242
226
222
203
163
121
91
65
11
-24
-68
-82
-108
-132
-172
-199
-207
-207
-191
-188
-144
-106
-63
6
80
152
215
308
372
438
521
589
662
727
779
837
858
868
849
843
811
783
746
677
630
580
505
439
387
319
260
203
124
99
70
52
23
-7
-21
-68
-81
-105
-119
-139
-140
-132
-114
-111
-118
-120
-145
-168
-207
-241
-264
-285
-337
-340
-367
-382
-396
-399
-390
-389
-378
-370
-343
-325
-290
-265
-227
-212
-215
-229
-238
-276
-270
-287
-282
-300
-306
-309
-305
-292
-270
-246
-213
-176
-131
-83
-33
-2
51
97
122
158
185
221
244
231
226
223
201
204
185
164
132
100
68
47
13
-46
-71
-84
-112
-121
-123
-129
-115
-86
-68
-33
22
76
156
223
282
362
433
506
590
644
699
761
772
773
772
748
729
708
645
602
545
479
430
335
275
195
157
120
94
76
27
3
-30
-45
-69
-79
-105
-116
-122
-132
-117
-114
-88
-97
-108
-103
-105
-119
-134
-167
-201
-252
-278
-275
-299
-323
-341
-354
-373
-355
-351
-330
-325
-305
-287
-262
-252
-230
-246
-266
-269
-266
-264
-274
-278
-301
-291
-294
-292
-298
-272
-251
-214
-182
-149
-103
-79
-31
1
45
85
123
167
180
176
176
196
199
201
190
194
175
130
120
79
48
45
33
-12
-25
-32
-59
-80
-73
-63
-48
-25
2
59
114
156
207
286
349
416
499
589
644
688
723
710
718
715
710
704
658
607
526
456
388
321
254
184
154
105
80
49
23
0
-45
-75
-85
-100
-109
-115
-139
-144
-147
-106
-96
-73
-54
-74
-64
-79
-86
-121
-169
-201
-245
-268
-281
-311
-316
-347
-372
-391
-395
-389
-368
-347
-318
-284
-284
-266
-267
-274
-271
-274
-282
-278
-286
-303
-308
-301
-311
-284
-262
-262
-244
-226
-180
-132
-101
-57
-22
6
53
77
121
133
151
178
190
182
206
205
196
186
200
179
147
143
130
124
106
93
58
40
10
-1
-13
-19
-1
15
59
85
127
192
241
306
393
463
536
574
611
629
638
648
641
628
589
559
480
406
343
278
197
151
88
33
-5
-38
-55
-80
-110
-137
-128
-156
-128
-154
-169
-166
-183
-178
-144
-111
-104
-91
-55
-56
-69
-60
-84
-137
-160
-192
-220
-233
-256
-285
-317
-335
-359
-355
-362
-336
-336
-320
-290
-288
-292
-290
-281
-277
-285
-265
-258
-264
-271
-286
-289
-273
-272
-266
-253
-232
-197
-177
-142
-112
-86
-60
-14
10
56
71
99
122
104
129
143
158
158
151
154
170
156
138
128
130
132
125
110
90
97
63
40
36
27
29
54
78
112
146
176
245
309
361
423
486
537
574
582
585
582
583
564
515
471
399
352
288
211
139
71
35
-11
-59
-81
-100
-119
-147
-145
-140
-139
-153
-160
-164
-164
-157
-142
-116
-77
-57
-59
-31
-14
-25
-34
-56
-89
-96
-116
-137
-179
-213
-235
-281
-303
-330
-358
-351
-348
-331
-322
-299
-295
-281
-268
-276
-275
-257
-255
-258
-249
-247
-243
-243
-238
-242
-232
-204
-187
-161
-137
-97
-77
-57
3
24
52
74
90
103
113
139
149
156
163
181
161
159
165
156
172
168
174
191
190
169
159
153
157
155
137
143
161
180
208
256
288
295
345
407
446
497
529
565
583
564
548
549
527
515
457
390
341
276
214
137
78
5
-39
-66
-88
-105
-147
-159
-148
-147
-136
-144
-155
-148
-138
-138
-139
-108
-94
-74
-44
-29
-5
-2
-29
-24
-28
-50
-61
-82
-103
-135
-173
-212
-245
-307
-341
-369
-388
-394
-387
-375
-366
-360
-342
-337
-316
-302
-278
-251
-245
-226
-212
-196
-192
-161
-160
-164
-143
-128
-105
-77
-67
-56
-36
-17
10
20
34
36
37
55
72
76
72
90
93
91
104
123
137
151
176
185
204
210
212
213
219
211
220
251
269
276
281
315
325
361
391
406
446
457
463
471
465
459
464
456
412
352
309
270
214
153
81
21
-24
-84
-138
-186
-213
-241
-256
-261
-270
-255
-263
-267
-247
-253
-223
-203
-198
-175
-156
-143
-117
-84
-41
-42
-54
-48
-66
-76
-110
-131
-136
-172
-199
-232
-279
-317
-360
-396
-415
-423
-420
-424
-416
-414
-386
-361
-348
-329
-319
-275
-237
-223
-189
-171
-162
-147
-125
-107
-76
-66
-63
-47
-26
-24
-17
6
15
13
18
19
13
16
43
40
52
66
88
102
103
136
153
190
215
244
252
296
319
318
341
356
363
384
414
424
442
461
466
485
501
486
471
461
458
447
438
428
415
364
311
269
215
161
98
43
-6
-50
-112
-167
-205
-262
-290
-313
-341
-341
-331
-336
-324
-321
-323
-310
-304
-299
-287
-251
-230
-197
-181
-157
-135
-117
-101
-89
-93
-93
-118
-142
-142
-164
-178
-193
-250
-282
-309
-356
-370
-367
-374
-371
-387
-374
-349
-332
-298
-274
-256
-220
-190
-162
-137
-115
-97
-72
-38
-19
-26
-6
15
15
34
30
36
28
34
21
26
31
29
37
41
51
66
88
94
112
122
141
151
195
235
291
326
351
390
402
439
451
480
499
517
540
558
545
534
511
483
469
452
428
385
354
326
282
270
207
163
122
65
23
-17
-64
-117
-154
-206
-224
-266
-329
-350
-371
-387
-372
-368
-371
-367
-361
-363
-346
-338
-344
-323
-320
-308
-266
-255
-232
-208
-186
-154
-164
-154
-144
-155
-154
-164
-185
-186
-200
-227
-248
-255
-288
-322
-310
-319
-310
-303
-286
-291
-262
-230
-188
-164
-135
-117
-103
-74
-49
-10
-1
25
25
48
63
65
63
68
74
74
75
60
62
64
57
49
52
69
72
89
101
112
142
148
178
203
241
285
323
370
432
461
486
515
534
536
546
550
540
549
522
498
474
450
382
358
332
268
251
204
169
139
101
58
19
-25
-69
-108
-121
-156
-169
-192
-222
-234
-280
-289
-320
-348
-376
-363
-372
-366
-344
-351
-336
-353
-340
-344
-336
-335
-335
-318
-291
-286
-283
-267
-266
-226
-225
-195
-185
-200
-193
-187
-184
-192
-203
-200
-193
-203
-201
-198
-198
-190
-166
-131
-100
-91
-68
-39
3
27
44
41
60
68
88
102
117
132
119
146
144
164
151
153
160
156
142
139
148
133
147
132
152
175
186
221
235
234
261
301
318
361
403
423
467
497
491
477
473
457
446
447
446
427
403
384
337
307
261
216
167
136
101
82
74
59
14
-11
-30
-67
-70
-104
-122
-120
-120
-134
-146
-169
-182
-209
-211
-221
-245
-246
-269
-289
-295
-271
-291
-290
-286
-310
-313
-324
-329
-349
-350
-344
-339
-325
-275
-264
-261
-220
-212
-204
-181
-159
-148
-131
-113
-82
-75
-68
-47
-44
-32
-34
-7
13
29
51
80
91
106
123
137
141
180
184
198
222
221
208
224
218
220
239
244
241
253
264
253
247
242
248
235
247
266
268
289
305
308
324
341
352
365
383
387
426
410
411
403
399
398
361
345
327
284
254
242
195
161
116
78
54
22
-8
-19
-47
-68
-74
-94
-112
-110
-107
-128
-142
-140
-142
-133
-141
-160
-150
-172
-167
-187
-203
-190
-209
-224
-238
-260
-282
-317
-328
-330
-332
-341
-375
-368
-385
-390
-373
-365
-364
-340
-311
-282
-246
-221
-182
-168
-128
-99
-81
-52
-12
10
40
65
59
71
81
100
103
121
126
144
170
182
185
187
193
199
214
213
233
238
252
261
259
265
249
263
281
281
284
288
274
287
260
249
273
275
296
289
300
317
308
315
319
307
293
286
307
299
295
283
266
240
197
166
148
144
111
84
68
57
27
1
-31
-56
-97
-107
-111
-107
-96
-109
-109
-105
-116
-117
-112
-126
-121
-124
-121
-120
-138
-160
-174
-159
-194
-200
-216
-231
-227
-255
-244
-268
-269
-299
-296
-288
-301
-308
-315
-314
-303
-277
-268
-243
-232
-200
-158
-134
-75
-47
-16
24
66
108
125
150
173
195
223
230
245
262
249
279
298
316
332
331
331
337
353
355
351
326
327
349
340
350
346
337
326
323
335
323
327
334
320
327
328
330
314
296
284
280
268
248
238
237
215
185
163
157
148
125
105
96
79
36
19
14
-17
-43
-50
-73
-74
-99
-133
-148
-175
-195
-203
-210
-218
-225
-215
-251
-250
-246
-263
-251
-254
-253
-235
-227
-222
-202
-210
-194
-178
-171
-146
-144
-134
-135
-132
-124
-144
-133
-128
-130
-122
-114
-116
-131
-137
-133
-125
-128
-134
-105
-71
-60
-18
0
41
74
96
124
161
202
218
249
270
302
312
327
325
336
344
336
346
362
351
361
367
372
363
357
352
340
353
315
327
342
328
325
313
304
290
284
271
258
244
218
192
166
154
129
122
109
87
63
32
12
-16
-11
-34
-71
-87
-107
-110
-131
-149
-154
-169
-186
-203
-202
-205
-208
-217
-209
-213
-234
-238
-240
-236
-255
-226
-214
-229
-217
-208
-188
-190
-188
-169
-139
-124
-96
-61
-51
-29
-11
-4
15
39
33
67
98
100
114
104
119
90
99
98
119
102
93
84
89
74
53
62
57
72
71
95
94
133
149
149
170
187
209
253
279
297
302
312
307
316
324
311
303
304
304
295
292
274
266
261
241
227
220
189
183
171
161
147
127
107
98
82
72
55
32
33
17
3
-18
-32
-43
-62
-66
-69
-99
-102
-119
-131
-144
-162
-159
-182
-176
-188
-200
-193
-206
-214
-201
-218
-226
-213
-211
-217
-188
-178
-168
-161
-174
-164
-158
-149
-131
-124
-104
-103
-94
-80
-66
-39
-27
-25
-8
12
17
53
81
98
109
124
142
151
142
158
166
170
160
169
166
151
163
159
143
125
114
95
79
55
61
46
54
44
62
58
49
48
60
73
77
90
95
123
144
140
133
151
139
147
130
116
121
125
95
80
71
61
49
31
14
11
5
-19
-25
-35
-43
-35
-50
-36
-39
-53
-51
-51
-59
-62
-58
-71
-79
-96
-110
-110
-116
-118
-121
-132
-150
-167
-156
-173
-183
-165
-165
-173
-180
-182
-181
-185
-157
-132
-123
-129
-106
-102
-77
-62
-49
-44
-42
-20
-2
1
27
43
31
44
49
67
73
98
113
107
117
128
148
177
171
170
199
200
192
196
212
208
212
204
204
194
203
205
197
185
163
147
117
93
84
77
53
53
42
23
14
-13
-23
-21
-17
-19
-13
7
-21
3
-6
-14
-9
-5
-2
-3
-23
-21
-44
-54
-64
-74
-84
-72
-78
-83
-96
-103
-112
-116
-101
-94
-85
-75
-76
-66
-52
-69
-54
-64
-42
-53
-55
-29
-46
-57
-58
-67
-64
-81
-89
-79
-84
-89
-106
-97
-107
-114
-106
-117
-110
-108
-95
-76
-64
-47
-43
-17
-9
-4
10
27
33
51
57
72
72
60
73
60
64
53
66
76
72
92
99
90
89
95
94
97
109
116
121
114
121
126
100
100
111
109
105
105
105
98
88
81
51
43
49
41
30
9
0
-16
-37
-49
-60
-66
-74
-82
-96
-92
-105
-109
-94
-112
-104
-101
-118
-108
-113
-111
-132
-126
-128
-134
-124
-114
-118
-101
-98
-89
-68
-81
-70
-60
-35
-30
-21
-29
-6
3
7
18
5
35
38
22
32
35
44
50
35
43
19
13
7
-3
3
-14
-19
-17
-35
-38
-31
-32
-33
-40
-47
-19
-19
3
22
16
22
51
46
43
54
37
48
34
41
32
35
35
22
3
11
17
6
12
-15
6
3
2
12
-4
2
9
7
4
12
8
25
18
13
18
14
36
11
18
0
-4
0
-9
-8
-42
-36
-50
-67
-80
-96
-122
-123
-114
-115
-126
-137
-143
-144
-150
-135
-121
-129
-117
-119
-111
-118
-127
-133
-107
-97
-85
-94
-84
-63
-63
-63
-57
-46
-33
-22
6
20
27
19
23
46
41
35
37
40
49
38
36
30
34
35
40
38
34
21
23
28
2
-5
0
-2
-24
-19
-38
-37
-43
-46
-41
-42
-36
-29
-15
-10
-12
1
-8
5
9
3
-1
-5
1
-9
-12
-28
-24
-33
-37
-29
-25
-42
-34
-41
-52
-34
-42
-43
-38
-17
-22
-22
-17
-14
-2
15
7
26
28
13
20
23
32
31
28
22
2
-18
-7
-5
-30
-43
-55
-67
-70
-73
-77
-79
-92
-88
-99
-103
-89
-78
-69
-73
-69
-67
-73
-62
-60
-67
-48
-28
-33
-38
-27
-22
-14
-9
-20
-1
7
8
20
31
35
18
31
48
28
22
35
22
14
10
20
19
32
8
12
30
9
13
7
2
-16
-8
-27
-25
-30
-35
-20
-38
-24
-23
-18
-25
-22
-16
-26
-22
-25
-18
-15
-10
-9
-20
-43
-52
-68
-67
-53
-66
-55
-63
-80
-87
-79
-85
-62
-47
-47
-52
-48
-18
-38
-34
-10
-5
14
20
16
36
37
31
54
49
56
53
36
10
23
17
15
16
-12
-9
-24
-34
-37
-46
-51
-57
-52
-62
-63
-57
-81
-78
-65
-55
-42
-34
-47
-36
-36
-27
-35
-20
-25
-38
-21
-4
-8
-15
-6
-10
7
6
-6
2
-9
-26
-2
0
-3
-4
3
-2
-20
-11
-15
-16
-5
-12
-5
8
8
-10
-10
1
-16
-1
8
-13
-9
1
-18
-19
-27
-10
-18
-30
-25
-32
-14
-20
-31
-24
-21
-29
-22
-27
-32
-43
-55
-40
-44
-46
-39
-43
-38
-43
-44
-40
-27
-34
-33
-25
-28
-24
-4
9
-5
11
2
16
30
39
41
44
56
58
67
60
73
68
44
50
41
43
32
31
25
13
4
-4
-19
-30
-36
-49
-49
-46
-52
-46
-43
-45
-37
-36
-23
-33
-33
-29
-33
-29
-3
-17
-16
-16
-13
-7
-20
-15
-24
-26
-27
-39
-54
-54
-49
-43
-56
-52
-41
-33
-17
-42
-34
1
-26
-30
-15
-13
-18
-11
-18
-3
7
-7
-1
-3
17
7
15
14
14
24
15
7
-3
-11
-15
-22
-22
-17
-19
-19
-16
-40
-39
-15
-19
-10
-26
-26
-20
-20
-18
-13
-13
-7
-4
2
10
18
17
18
17
33
35
41
41
46
53
40
61
64
55
72
70
75
83
76
60
51
42
51
57
55
43
30
17
9
7
-14
-10
-28
-26
-31
-36
-34
-45
-29
-23
-17
-44
-30
-38
-31
-23
-21
-27
-29
-33
-41
-17
-23
-26
-31
-26
-36
-28
-50
-55
-52
-49
-55
-59
-51
-55
-68
-72
-62
-68
-71
-58
-42
-28
-29
-11
-2
-1
2
18
11
13
24
30
13
29
48
39
37
24
27
29
15
12
15
7
27
11
6
3
5
3
-7
-10
-15
1
-24
-24
-28
-20
-16
-21
-14
-33
-26
-33
-28
-15
-28
-24
-10
-12
1
1
-8
10
4
-1
1
3
0
-5
6
-8
-7
-1
9
5
-3
-7
-6
-12
-7
-13
-6
-18
-36
-21
-35
-40
-23
-38
-54
-40
-53
-57
-41
-48
-32
-49
-55
-37
-46
-44
-30
-41
-22
-30
-37
-31
-56
-41
-45
-48
-63
-54
-53
-62
-59
-53
-70
-68
-44
-52
-58
-50
-64
-49
-31
-46
-48
-32
-27
-5
12
-1
18
26
36
39
31
51
46
43
47
36
44
47
38
34
38
25
18
19
15
21
9
14
8
-21
4
3
-7
-24
-20
-27
-29
-25
-28
-33
-47
-28
-37
-37
-30
-32
-19
-22
-22
-21
-18
-9
-12
-18
-16
-22
-20
-8
-24
-13
-5
-9
-7
5
-11
-8
-12
-21
-29
-16
-23
-31
-26
-40
-33
-45
-44
-43
-51
-64
-38
-50
-35
-38
-50
-37
-49
-55
-39
-41
-39
-38
-43
-37
-37
-39
-20
-22
-31
-43
-47
-30
-59
-65
-46
-56
-54
-71
-56
-42
-45
-36
-51
-58
-56
-51
-62
-46
-17
-16
-19
-6
-14
-1
1
-5
4
-4
12
22
17
21
31
28
23
13
8
19
16
-5
-18
-1
-11
5
4
-12
-2
-40
-43
-36
-45
-42
-35
-49
-48
-47
-57
-74
-78
-71
-78
-68
-95
-87
-78
-79
-78
-79
-73
-72
-64
-69
-72
-62
-72
-68
-76
-55
-55
-58
-44
-53
-48
-49
-49
-44
-52
-65
-47
-54
-45
-46
-55
-56
-45
-29
-48
-44
-63
-64
-37
-45
-48
-55
-34
-31
-36
-35
-38
-39
-33
-30
-32
-27
-20
-24
-22
-19
-27
-20
-35
-28
-17
-23
-18
-25
-30
-41
-41
-25
-40
-45
-54
-22
-54
-50
-15
-40
-30
-37
-31
-6
-30
-42
-4
-21
-25
-33
-22
-2
0
2
-7
-19
-8
-16
-18
-15
-19
-17
-24
-13
-31
-17
-10
-15
-38
-22
-19
-34
-19
-26
-28
-35
-41
-49
-65
-44
-64
-74
-81
-65
-57
-50
-61
-63
-50
-49
-44
-39
-35
-47
-32
-32
-14
-15
-16
-8
-6
-11
-15
-8
-3
-14
-10
-5
-2
-11
-14
-21
-20
-7
-14
-7
-15
-21
-19
-14
-25
-11
-11
-12
-5
-26
-20
-5
-22
1
-1
-10
1
8
8
22
15
6
17
9
27
11
8
9
5
6
8
-9
-10
-29
-42
-34
-33
-29
-40
-37
-36
-32
-32
-20
-27
-29
-17
-25
-5
-4
-8
13
16
3
-3
31
27
28
25
46
47
39
37
56
49
42
38
40
54
39
40
41
33
31
27
15
22
10
8
16
3
0
-6
-25
-9
-11
-21
-13
-6
3
-5
4
-6
-12
-8
-7
11
11
9
22
21
18
29
20
35
46
27
27
18
26
37
13
19
0
8
9
1
0
-4
-5
-8
-11
-35
-29
-32
-35
-23
-30
-24
-18
-23
-13
-8
-11
-17
-13
-11
-15
-18
-10
-9
-9
4
-5
-16
-29
-25
-23
-39
-27
-44
-52
-61
-63
-70
-73
-67
-82
-78
-83
-81
-73
-72
-55
-52
-51
-47
-47
-45
-40
-44
-42
-17
-36
-38
-27
-35
-16
-25
-8
-18
-8
-1
-4
15
14
1
9
5
-14
-4
-26
-5
-30
-33
-33
-38
-36
-36
-37
-54
-44
-30
-49
-48
-30
-41
-37
-49
-48
-47
-49
-38
-47
-34
-30
-33
-21
-30
-4
-30
-16
-7
-22
-23
-19
-6
-25
-30
-28
-29
-22
-34
-44
-32
-39
-49
-42
-35
-34
-22
-21
-29
-35
-35
-28
-10
-18
-3
-10
-27
-5
-13
-5
5
-2
-5
-11
-10
-11
-13
-8
-13
-20
-24
-31
-37
-35
-55
-64
-57
-61
-64
-75
-71
-77
-79
-66
-65
-50
-56
-49
-48
-56
-38
-42
-36
-22
-19
-18
-44
-21
-10
-17
-5
-3
5
-8
0
-11
-14
7
10
9
11
18
11
11
13
1
5
-8
0
-1
-12
2
-4
-6
-13
-39
-24
-13
-18
-18
-23
-9
-19
-12
-12
-14
-19
-24
-14
-19
-20
-28
-20
-14
-23
-17
-26
-25
-39
-24
-18
-23
-29
-25
-30
-11
-20
-37
-10
-14
-16
0
-13
-6
-4
-22
-13
-19
-5
5
2
5
0
-13
5
-1
23
11
30
23
32
20
17
41
18
19
3
36
4
-5
-7
-14
-13
-13
-14
-25
-16
-21
-30
-26
-31
-41
-30
-18
-26
-18
-13
-14
-8
3
-6
-15
-4
-11
-19
-19
-23
-6
-12
-10
-6
-12
-10
-14
-9
-8
7
-11
-9
-2
-29
-23
-16
-20
-17
-18
-16
-22
-12
-24
-32
-23
-23
-32
-26
-26
-22
-26
-24
-31
-33
-25
-46
-29
-39
-46
-42
-43
-37
-43
-42
-46
-34
-32
-33
-34
-34
-35
-34
-18
-40
-29
-29
-33
-21
-12
-17
-12
-5
-8
-9
-9
-15
-26
-12
-22
-3
-11
-24
-10
-14
-24
-12
-2
-7
1
-22
-8
3
2
6
1
-9
-5
6
-8
-15
-30
-23
-28
-25
-18
-19
-27
-24
-23
-23
-12
-16
-20
-22
-4
-2
10
13
3
-9
-6
-10
0
-1
-11
2
-5
1
2
-19
-12
-23
-22
-13
-4
4
-16
-25
-10
-15
-17
-10
-10
-3
-6
1
4
-10
9
1
-16
1
0
5
-8
4
-5
-22
-19
-16
-8
-38
-25
-37
-21
-28
-26
-33
-23
-19
-26
-31
-44
-24
-28
-25
-17
-10
1
7
5
-4
13
32
17
19
13
34
26
16
13
32
43
18
41
36
37
28
30
28
26
8
27
42
38
24
44
39
31
36
30
38
34
23
12
16
10
15
24
20
10
2
-1
-5
-4
6
11
2
-1
-12
-9
6
3
1
-2
4
7
16
1
-3
-23
-6
8
8
-3
5
11
-6
-3
25
0
7
13
4
17
18
23
4
11
21
26
42
28
26
21
27
29
20
34
37
37
39
22
29
20
25
16
21
16
-8
4
-6
-14
-1
5
-14
-4
9
9
4
11
13
16
19
28
30
33
37
39
39
37
55
65
57
57
57
58
57
52
76
48
49
45
51
48
43
60
45
47
36
37
41
42
36
36
37
38
38
34
32
42
30
28
40
30
34
45
34
28
20
12
15
12
2
1
-6
-9
0
-2
6
9
-10
-13
-4
-8
-14
-18
-20
-5
-14
-13
-3
-4
1
4
16
24
0
6
18
37
34
17
34
44
58
58
52
50
45
52
44
45
51
42
49
45
40
23
18
28
19
4
8
32
20
12
25
23
18
1
-2
5
-4
8
3
1
9
-1
6
5
6
9
16
15
17
5
17
33
31
40
35
29
26
18
10
23
23
3
8
3
2
0
-15
-12
-14
-29
-13
-16
4
1
-2
0
-19
-9
-9
1
10
-13
9
18
-1
6
-1
5
-7
-10
-30
-15
-21
-31
-27
-23
-25
-29
-25
-24
-28
-20
-27
-17
-30
-21
-26
-19
-14
-34
-25
-32
-29
-19
-9
-12
-3
14
2
2
20
21
29
22
28
11
30
21
19
47
32
35
40
24
27
40
43
42
38
51
36
27
0
-4
12
0
0
4
-11
12
-2
-14
-4
1
-3
-7
-7
8
8
1
10
-10
-2
-4
-8
-5
5
12
3
-11
-9
10
9
5
-6
-6
-1
11
-14
-18
-6
3
-3
-4
-3
-2
-16
-7
4
3
1
0
-12
5
18
1
17
15
13
25
26
12
24
21
29
30
17
16
33
5
10
20
3
23
14
-7
-1
19
4
13
2
19
28
14
10
21
16
17
15
18
11
13
20
17
37
17
24
22
27
31
26
24
23
24
38
42
21
38
37
23
26
22
33
22
14
24
0
8
8
0
0
-6
-8
-26
-15
-24
-39
-38
-45
-36
-31
-38
-33
-58
-49
-30
-30
-28
-29
-34
-32
-34
-37
-37
-38
-24
-44
-26
-20
-23
-11
-11
-15
-17
-21
-25
-23
-21
-14
-33
-22
-22
-37
-17
-24
-42
-19
-17
-4
1
-19
-13
-5
3
11
11
11
4
10
16
16
10
16
14
8
15
5
3
4
15
0
4
6
14
15
5
12
17
0
-4
12
1
1
7
5
-8
-14
-17
2
-2
-2
-3
10
-6
8
11
7
-7
-6
10
-8
-7
1
-3
7
2
4
-7
-17
-10
-12
-8
-11
-4
-5
-26
-32
-21
-28
-29
-10
-25
-30
-29
-28
-32
-40
-28
-34
-29
-21
-14
-23
-37
-11
-25
-38
-34
-36
-32
-29
-32
-19
-14
-39
-24
-17
-25
-21
-17
-25
3
-17
1
-4
-11
7
-5
-5
-12
-8
-12
-16
-4
-2
-16
-11
0
-8
1
8
-3
12
-3
-1
-3
0
2
-14
-12
-26
-31
-11
-7
-12
-13
-10
-4
-11
-20
-4
0
-13
-12
-18
-2
-12
-15
-4
-6
-9
-9
-13
-17
-12
-12
-31
-22
-8
-11
-28
-13
3
-4
-17
-12
-8
-18
-20
-21
-23
-27
-17
-21
-24
-45
-33
-20
-26
-14
-20
-27
-8
-30
-26
-5
-20
-1
0
-3
-9
-11
2
-3
3
-13
-10
-4
6
16
1
23
23
22
10
4
27
22
29
24
35
36
27
30
39
22
23
27
25
23
10
28
22
27
20
31
26
19
28
17
15
11
9
25
9
1
8
7
16
20
13
6
3
-6
9
10
7
7
-4
0
5
-2
2
7
0
5
2
9
-11
6
-5
8
-3
-6
11
9
4
1
5
-13
0
-6
3
28
17
7
3
-10
-17
3
20
13
7
6
13
5
14
5
12
11
4
18
13
9
17
-2
9
13
22
12
9
25
27
36
41
64
52
43
35
31
35
36
50
43
50
39
29
28
30
42
38
26
44
29
21
29
31
12
18
33
32
26
35
37
29
30
32
24
24
37
23
17
22
34
24
26
19
34
16
21
23
23
23
11
30
32
18
13
21
15
6
10
14
22
25
-3
24
15
11
19
10
23
29
17
20
35
26
37
20
18
27
16
18
6
15
11
17
16
18
7
8
12
5
23
14
13
8
24
11
22
18
-3
10
7
12
11
10
14
10
6
3
5
10
-11
3
0
-17
7
-10
1
10
6
6
6
-2
12
22
28
13
9
13
10
23
20
12
28
14
5
14
20
22
18
8
18
17
11
10
9
15
12
13
0
3
-8
-4
6
4
15
-2
-1
-4
5
19
-4
12
-4
8
14
22
13
-6
13
6
4
7
2
10
10
-2
10
14
9
17
10
12
16
6
-5
1
13
11
7
15
17
15
25
12
24
22
4
14
24
13
6
7
11
11
2
5
-17
-12
-10
-9
10
14
6
3
-10
-4
-3
-4
-5
-13
-14
-15
-7
-3
-8
-13
-18
-15
-6
-4
-4
2
-5
6
4
7
14
-8
6
-1
2
19
-10
10
11
-7
5
-2
-11
8
8
6
5
5
5
-7
-9
8
14
7
6
20
18
26
11
-3
11
16
5
-1
13
14
1
-2
14
10
3
15
14
19
13
17
4
1
2
3
-3
10
21
14
11
-5
8
14
12
17
18
18
15
15
21
12
17
-4
10
17
26
12
11
20
27
20
25
27
17
16
12
12
12
5
0
-7
5
4
8
9
11
17
-2
13
12
13
21
10
6
0
18
5
5
18
-4
-7
-8
6
0
-1
-3
-7
-9
-7
11
-3
1
4
5
7
-3
12
10
7
-10
-4
-5
-4
-3
-8
-1
-3
-7
-18
-10
-13
-3
-4
-6
7
0
2
-4
-12
4
2
3
6
-10
-9
7
-9
1
-5
-16
-7
-14
-6
-8
-1
7
-16
0
-2
-9
-10
-1
4
13
6
-18
1
-12
-1
3
-8
1
4
9
3
-4
-6
-19
-12
-18
8
-1
9
-4
-14
2
-8
-7
-15
-11
-29
-39
-31
-30
-47
-46
-40
-42
-46
-42
-45
-52
-50
-51
-41
-28
-39
-55
-44
-47
-45
-38
-42
-35
-38
-37
-23
-28
-45
-48
-53
-40
-35
-38
-38
-30
-39
-25
-16
-25
-22
-25
-3
-12
-1
-10
-12
-10
-8
10
2
12
0
-7
-13
5
-5
-10
-15
-19
4
-14
-21
-22
-30
-23
-13
-16
-44
-35
-28
-24
-13
-36
-32
-22
-16
-10
-34
-30
-10
-20
-4
-24
-17
-13
-11
0
-13
-2
0
-5
-14
1
13
-4
-9
-11
-17
-14
-10
-5
-10
-3
-3
-15
-10
-16
-17
-12
-12
-12
-4
-9
-5
7
-2
-16
-8
-5
-1
-4
-7
-2
-21
-23
-23
-24
-24
-15
-7
-13
-33
-30
-16
-35
-33
-26
-27
-23
-37
-18
-31
-27
-20
-32
-32
-25
-39
-21
-29
-36
-33
-25
-27
-30
-36
-29
-20
-25
-10
-16
-9
-4
-6
-4
-1
-6
0
1
0
-2
-8
-7
2
-3
-5
-6
-10
-16
-4
-8
-17
-9
-2
-14
-19
-13
-11
-1
-21
-23
-17
-20
-29
-7
-25
-14
-16
-31
-11
-17
-11
-2
-18
-12
11
3
0
0
-8
-23
-18
1
7
10
-15
-1
2
-16
5
9
12
2
13
4
-8
4
-2
-8
-6
8
5
1
14
-8
0
26
-3
-12
-13
-8
-9
8
-2
4
-4
-1
7
1
-3
-18
-4
-5
5
-10
-21
-16
-14
5
3
-12
10
2
-17
-13
-31
-30
-28
-20
-1
-21
-6
6
2
2
-17
-12
5
-11
8
14
15
13
3
7
5
12
16
5
20
32
5
0
18
14
26
22
23
16
10
18
10
-1
-3
4
-16
-17
-18
-21
-11
-25
-38
-16
-25
-30
-10
-17
-9
0
-19
-2
-6
-6
-9
-7
3
-24
0
-10
8
15
7
18
10
20
27
17
11
3
-7
-3
8
8
-11
-8
-1
3
-2
-8
7
6
13
1
-7
26
10
1
16
11
6
3
9
14
13
5
15
12
12
14
25
18
26
14
14
35
20
12
1
-10
14
7
7
-4
4
-1
6
11
5
1
-1
2
3
-5
2
14
-7
12
9
4
14
12
13
21
19
16
28
26
14
11
32
15
28
24
5
30
20
24
20
21
21
25
31
12
11
10
16
15
3
16
17
15
27
20
29
10
11
24
13
7
25
17
15
15
30
27
9
22
23
38
20
20
25
34
36
24
20
21
24
27
24
12
21
15
13
14
14
6
13
25
15
24
25
19
20
24
22
25
19
32
36
17
10
30
40
37
39
24
32
28
31
29
36
28
18
17
12
9
11
17
23
6
13
28
14
16
21
14
34
15
9
38
41
26
31
30
24
30
40
37
36
30
27
43
34
28
30
26
32
18
21
34
13
21
22
3
20
3
4
10
-3
20
14
3
15
20
12
24
22
18
29
27
29
23
26
27
34
34
44
38
46
43
59
50
40
52
38
46
36
45
47
39
33
33
39
45
46
33
39
33
26
39
30
33
46
40
35
36
36
32
18
19
33
22
34
34
36
32
31
45
23
35
38
47
39
42
31
47
43
34
46
36
47
33
21
43
34
30
29
32
33
35
37
36
33
30
48
40
50
49
60
49
53
61
55
56
67
60
65
73
51
65
59
47
58
56
54
54
50
62
64
64
50
62
59
47
73
58
64
49
51
57
45
43
31
46
42
50
38
48
45
45
48
59
60
38
63
40
36
64
52
58
37
47
45
50
54
46
71
68
55
48
50
46
68
58
45
50
59
57
57
40
21
44
35
47
29
38
44
53
52
49
50
45
61
41
64
60
59
69
52
49
60
51
58
50
63
56
57
59
44
44
47
60
55
51
35
30
50
31
31
49
34
34
50
44
44
39
44
34
41
52
50
61
61
68
41
46
50
56
69
53
64
52
56
70
73
85
79
55
60
63
49
57
52
47
49
54
47
45
41
25
58
42
47
25
37
41
28
33
20
30
12
14
12
26
19
9
26
31
17
16
14
20
24
12
21
31
21
0
17
15
24
15
8
10
-2
2
7
3
0
14
-1
2
32
20
-4
-1
-1
16
26
18
35
34
24
20
34
33
16
32
29
20
26
26
30
29
32
40
32
30
36
43
41
36
45
29
15
32
20
32
26
23
14
10
20
27
38
11
25
35
33
23
23
21
39
37
35
31
29
44
29
36
38
39
41
39
39
32
30
34
35
46
42
36
47
46
29
24
32
23
46
38
35
20
36
41
31
48
29
35
30
38
35
46
41
41
47
50
33
51
64
63
64
55
62
38
48
50
53
59
53
42
38
53
38
40
47
35
25
43
44
54
63
48
54
52
46
35
36
33
36
45
28
17
35
35
32
32
32
34
44
47
36
36
33
32
34
32
18
19
49
37
45
38
17
29
25
27
16
13
7
20
1
20
20
-2
12
16
14
19
20
31
35
13
16
27
32
30
38
43
54
41
40
42
50
51
43
38
39
47
49
46
27
47
43
41
52
63
56
55
54
58
64
55
54
55
53
36
39
49
37
39
44
49
49
48
44
53
54
42
55
47
58
50
35
36
37
44
41
44
39
26
30
32
24
20
32
34
24
36
32
21
40
31
39
36
29
21
26
49
37
42
37
53
41
32
44
60
45
41
42
39
44
34
43
42
43
39
40
33
29
45
35
31
31
25
41
49
36
19
28
36
43
49
32
45
37
28
38
45
55
52
45
55
55
53
47
42
65
58
63
66
73
69
71
50
59
65
56
75
63
57
61
56
72
67
69
60
64
67
59
64
64
44
52
50
47
43
46
33
36
44
38
49
23
36
44
45
35
25
33
29
27
46
41
16
31
37
28
30
21
20
26
32
14
12
26
22
36
29
21
24
38
42
41
39
48
57
36
31
35
20
33
39
34
31
34
42
43
48
42
48
44
34
39
34
41
40
26
41
34
36
50
26
26
20
25
31
29
28
29
34
27
32
31
30
21
24
38
36
27
35
26
35
20
31
22
33
39
19
37
30
33
33
34
35
39
28
24
31
32
40
41
41
39
41
31
29
28
35
25
37
35
30
34
25
26
19
33
31
35
37
28
19
0
23
9
13
11
18
29
19
37
9
9
18
22
28
19
14
10
26
18
32
17
24
28
20
44
37
31
25
21
27
40
27
37
20
40
31
27
34
14
41
40
33
45
28
18
23
32
27
29
38
20
23
25
23
11
19
28
37
30
34
28
25
28
25
23
18
10
32
25
25
26
17
28
13
29
29
21
42
34
32
38
39
29
32
33
36
41
36
36
41
39
40
33
49
35
37
52
36
48
25
49
38
48
47
34
39
38
39
26
41
38
58
50
38
40
33
25
41
33
47
51
29
45
34
39
37
36
42
33
38
34
42
32
34
54
49
47
43
36
42
20
19
25
19
26
21
18
18
16
1
6
12
18
18
11
-3
13
23
12
9
16
13
11
5
12
13
21
2
15
2
1
4
6
15
9
22
26
26
22
34
40
42
29
26
26
30
48
35
24
45
40
33
31
25
32
32
20
33
30
19
20
20
47
49
45
40
34
45
41
44
45
33
38
34
29
42
47
42
43
36
34
54
42
36
31
42
37
23
27
21
16
27
25
7
14
36
35
30
26
17
28
25
18
26
18
6
1
22
13
-10
13
16
20
15
16
9
-6
1
13
11
-3
-7
-2
2
1
-8
1
-10
0
12
-1
-4
-16
-7
-23
-16
-13
-6
-9
-12
2
-8
-4
-15
8
-1
-11
-19
-12
-7
1
-7
2
4
-4
-4
-6
-11
-10
-11
-18
-17
-9
-2
-1
2
0
-7
10
12
0
-4
3
10
8
-4
2
10
6
31
30
0
3
6
15
19
6
6
10
4
-11
-7
-8
9
9
1
0
-3
-16
-10
-4
-4
-17
-23
-12
-27
-23
-7
-29
-27
-19
-27
-21
-15
-14
-12
-23
-12
3
-2
-4
-10
-1
7
-10
-3
-8
-22
-17
-7
0
-20
-2
-11
-18
-17
-20
0
0
-11
8
-3
-7
2
1
14
9
10
13
15
13
25
16
17
16
20
12
28
27
19
6
0
4
-2
19
2
27
26
20
30
40
26
21
31
12
29
33
19
14
35
24
18
21
22
27
25
17
12
15
28
17
10
30
18
18
25
22
22
24
20
26
24
22
17
14
14
35
26
16
23
18
25
31
25
10
20
14
16
29
19
29
24
21
20
22
26
6
24
17
12
23
6
18
17
14
30
38
34
46
53
38
37
42
33
34
40
28
29
11
23
36
17
29
18
18
40
22
15
22
37
31
30
27
28
38
30
37
41
34
35
47
40
39
18
38
34
40
39
28
27
26
36
21
23
10
32
33
32
36
41
28
33
26
20
31
17
24
12
20
-1
7
3
-1
16
7
10
10
10
9
14
10
16
7
12
7
21
11
17
22
-5
12
7
11
9
4
13
22
12
4
-1
12
3
9
25
-9
-11
-5
16
4
15
4
-14
4
-8
-18
2
2
-10
-22
-7
-13
-11
-9
-10
8
-14
-15
-21
-4
-20
-28
-32
-31
-21
-17
-19
-25
-29
-51
-32
-33
-36
-30
-27
-34
-45
-27
-43
-39
-30
-38
-36
-46
-33
-29
-30
-26
-30
-28
-30
-34
-12
-20
-12
-11
-7
-11
-23
-16
-32
-24
-20
-17
-25
-21
-15
-26
-35
-38
-16
-29
-51
-43
-45
-37
-35
-49
-48
-43
-28
-33
-47
-39
-45
-50
-42
-33
-45
-41
-47
-38
-36
-27
-22
-41
-25
-42
-31
-29
-18
-25
-31
-27
-27
-30
-19
-17
-25
-18
-22
-12
-35
-23
-26
-32
-26
-7
-5
-12
-12
-10
-5
-21
-18
-28
-23
-27
-12
-7
-21
-9
-5
-22
-11
-19
-21
-26
-20
-18
-21
-25
-26
-42
-35
-31
-36
-25
-31
-27
-20
-28
-29
-40
-29
-26
-33
-39
-37
-29
-20
-20
-18
-17
-18
-20
-18
-24
-17
-11
-19
-29
-27
-4
6
2
-3
8
6
-7
-9
4
0
5
-1
3
0
-11
-16
-3
12
0
4
2
3
-15
6
4
2
3
16
8
3
28
11
5
1
16
4
15
22
15
24
19
24
17
12
4
32
21
6
12
20
15
9
24
19
29
26
15
4
17
29
17
11
20
15
-1
12
2
-11
7
3
15
35
5
12
2
-5
4
-20
-17
-26
-19
-20
-18
-23
-21
-15
-30
-29
-46
-21
-27
-13
-14
-15
-2
-17
-5
-16
-4
-6
-10
1
-6
-14
-13
10
-19
-17
-8
-5
-12
-9
-9
-5
-2
-5
-4
-10
10
1
-5
-13
14
-10
-5
0
-2
2
2
17
-3
-5
-1
1
1
-9
-4
-12
-13
-15
-13
-13
-21
-9
-14
-1
-20
-26
-22
-4
-1
-1
-3
-16
-14
-21
-5
-8
-16
-25
-15
-19
-15
0
-8
-5
-25
-37
-27
-31
-28
-15
-15
-26
-13
-17
-18
-24
-36
-38
-26
-5
-25
-14
-7
-10
-2
-13
-20
-8
-10
-11
-2
-23
-11
-7
-9
-11
-21
-30
-25
-27
-35
-26
-35
-29
-18
-22
-14
-29
-20
-27
-37
-14
-34
-27
-24
-21
-8
-23
-23
-27
-32
-37
-31
-32
-19
-23
-13
-12
-14
-17
-7
-19
-14
-4
-6
-1
-11
-20
-11
-5
-29
-19
-14
-33
-37
-34
-34
-39
-52
-30
-22
-22
-34
-51
-33
-32
-33
-28
-52
-33
-28
-33
-33
-45
-49
-40
-38
-28
-38
-41
-32
-33
-39
-44
-30
-24
-25
-19
-19
-43
-24
-37
-16
-21
-26
-14
-18
-17
-23
-3
-24
-25
-24
-23
-7
-31
-23
-25
-16
-12
-11
-23
-20
-10
-19
-10
-11
-12
-6
1
-16
-13
-5
3
2
7
11
13
10
11
14
10
-2
14
15
8
9
7
17
1
4
2
12
5
17
1
-2
7
6
26
8
8
8
7
23
11
8
14
4
8
18
11
9
7
8
13
37
28
27
37
11
14
9
-3
5
23
17
19
10
6
6
17
12
11
-11
12
29
3
10
-3
-9
6
11
-2
3
6
-6
3
12
8
0
7
8
7
8
13
9
16
10
0
21
6
13
15
20
18
12
23
17
31
23
17
33
22
32
31
37
23
25
38
37
31
33
43
34
45
34
45
34
22
33
26
33
31
32
33
42
41
34
33
47
45
41
42
44
45
30
44
32
47
56
42
51
60
55
69
54
39
50
42
45
48
51
45
43
36
38
35
44
46
25
48
34
25
27
46
50
34
46
39
44
26
29
26
17
25
31
19
24
30
23
40
17
12
22
17
2
18
26
21
7
7
11
33
24
-2
1
7
21
17
13
10
31
4
12
17
8
8
13
-1
-3
11
11
6
6
24
12
-3
9
18
0
-12
1
0
9
-1
-3
7
-11
1
3
-4
2
7
-5
5
-1
14
2
2
10
14
8
-10
17
4
-8
-4
-1
8
13
3
6
15
12
5
10
2
14
3
10
8
6
0
4
5
4
5
0
1
7
8
17
18
6
15
16
32
18
26
18
22
16
15
21
28
27
3
28
25
14
8
-5
8
11
4
10
24
21
27
18
20
19
19
20
38
34
37
36
33
25
27
17
12
19
14
10
17
32
17
28
24
21
21
19
16
23
18
16
23
27
14
20
13
22
26
25
10
15
20
10
11
26
28
27
30
13
3
0
-14
-18
0
7
3
3
1
-7
-12
7
4
-12
-8
-17
-10
-17
2
-5
-8
-3
-7
-4
-13
0
6
-6
-7
-3
12
0
4
-2
-8
2
-7
18
15
2
11
9
0
28
29
29
2
2
22
23
14
14
24
9
17
16
9
21
16
25
28
23
8
15
30
1
3
25
19
25
22
19
17
12
22
36
32
30
28
23
40
46
27
3
30
28
31
30
16
36
28
24
28
23
27
28
54
30
25
26
17
11
11
17
17
13
18
11
10
13
11
19
24
20
5
22
12
8
27
22
23
18
25
5
19
4
0
13
6
12
1
6
-6
7
11
9
4
-8
5
8
-7
10
19
14
-8
8
22
-7
-1
-6
-2
-1
3
2
7
0
-12
-2
-2
2
-5
-12
-10
-11
-3
16
-20
-18
-7
-14
-4
-15
-14
-16
-16
-16
-13
5
-17
-15
-23
-9
-3
-3
-14
-20
-21
-33
-8
-23
-11
-12
-17
-21
-37
-26
-11
-17
-24
-21
-16
-10
-31
-14
-21
-27
-11
4
-15
-41
-27
-14
-41
-54
-22
-19
-29
-36
-19
-35
-32
-28
-29
-33
-20
-20
-21
-6
-23
-18
-31
-38
-40
-28
-25
-32
-17
-30
-27
-27
-25
-17
-13
-28
-29
-29
-23
-30
-29
-34
-49
-16
-31
-39
-35
-37
-23
-26
-42
-21
-25
-27
-16
-25
-21
-27
-27
-30
-6
-17
-9
-3
-11
-9
-10
-12
-22
-16
-21
-15
-22
-24
-13
-32
-20
2
-2
-9
-23
-17
-25
-21
-17
-29
-22
-38
-24
-19
-12
-13
-9
-7
-13
-26
-24
-6
4
-13
-3
-2
-14
-18
-26
-12
-14
-14
-1
-10
-5
-24
-30
-11
-4
-8
-16
-9
-20
0
-13
-13
-7
-5
-4
-15
6
-10
-19
-14
-2
-1
-6
12
11
2
-2
14
16
8
-14
18
26
6
3
20
16
18
14
16
11
5
14
-7
6
-7
-2
-18
-4
-11
-15
2
-6
-9
-22
-13
-32
-22
-11
-7
-6
-28
-10
-12
-8
1
-11
0
-16
-7
-5
-10
-12
-12
-8
-12
-7
-10
5
-9
6
-13
-17
-19
-32
-13
-26
-18
-7
-17
-14
-6
-14
-25
-32
-21
-29
-37
-19
-18
-27
-37
-24
-23
-15
-24
-21
-20
-19
-7
-9
-5
-31
-19
-11
-12
-19
-13
-7
-4
-27
-21
-12
-2
-18
-8
-1
-24
-10
-9
-2
-19
-14
-25
-24
-26
-26
-17
-13
-19
-29
-20
-34
-41
-31
-20
-28
-32
-25
-34
-27
-26
-24
-36
-40
-41
-38
-37
-42
-43
-39
-48
-42
-37
-45
-56
-48
-40
-37
-32
-34
-31
-39
-38
-31
-18
-21
-33
-16
-30
-30
-19
-47
-35
-22
-22
-8
