-5
9
22
9
-1
19
12
23
23
21
17
17
11
34
14
3
27
17
31
8
7
19
12
16
11
8
12
9
1
-1
4
-11
0
5
6
14
14
-3
15
15
17
21
13
44
16
14
15
15
10
2
25
-2
4
21
10
3
11
10
3
6
2
-6
-2
4
-4
-7
3
-2
0
8
3
5
4
-6
-18
3
-3
-16
6
-2
-11
-8
8
0
1
2
-10
-8
0
-10
-2
2
-25
-9
-4
8
-4
-13
5
-23
-10
-7
-18
-2
-9
-3
1
17
-7
0
-6
-17
1
-7
-6
2
-2
-6
-6
-16
-11
-9
-20
-10
-12
-32
-19
-16
-13
-15
-16
-1
-13
-6
-8
-17
-5
-20
-14
-18
-14
0
0
-12
-4
7
-4
7
3
-5
6
3
8
-1
3
7
-2
-9
9
18
0
-11
-7
-23
-11
-13
-27
-27
-27
-28
-32
-19
-25
-28
-21
-10
-13
-7
-20
-25
-17
-19
0
-16
-4
-14
-22
-5
-17
-10
-6
5
5
-9
-7
-3
-6
-7
-15
-12
-6
-14
-26
-15
-15
-22
-22
-12
-14
-10
-14
-10
-27
-32
-24
-21
-16
-14
-15
-18
-20
-10
-12
-8
-8
-8
-7
-4
-9
-5
13
4
10
10
5
-2
-9
-8
-4
-1
1
-8
-2
0
1
2
-2
0
-9
-12
0
0
-3
-7
-5
-6
-18
-13
-14
-13
-12
-7
-7
-19
-9
-7
-24
-29
-13
-23
-23
-7
-35
-48
-17
-21
-31
-10
-10
-7
-6
-6
-11
-31
-18
-4
-9
8
-9
-12
-11
-3
4
-9
-5
-20
-23
-26
-17
-17
-30
-26
3
0
-11
-6
-4
-3
10
13
8
20
4
2
-7
6
11
2
-2
2
0
-5
7
-3
-24
-5
-21
-40
-23
-30
-29
-27
-25
-27
-19
-8
-20
-38
-39
-48
-31
-35
-30
-20
-44
-39
-48
-37
-32
-43
-47
-40
-51
-54
-31
-38
-41
-44
-42
-38
-36
-28
-51
-36
-30
-56
-36
-31
-38
-38
-44
-47
-46
-50
-51
-34
-39
-42
-28
-37
-46
-48
-32
-24
-30
-40
-40
-25
-30
-33
-37
-19
-19
-14
-39
-41
-34
-46
-53
-64
-44
-57
-37
-49
-33
-41
-50
-51
-47
-27
-40
-34
-39
-33
-35
-26
-44
-30
-19
-27
-13
-12
-14
-20
-15
-8
-10
-15
-14
1
-1
6
-5
3
7
-1
-6
0
3
-14
4
0
-15
-17
-9
-14
-13
-13
-14
-12
-16
-2
-14
-10
-12
-11
-6
-17
-18
-20
-8
-19
-19
-3
-7
-9
-16
-34
-13
-29
-21
-13
-8
-15
-15
-14
-9
5
-1
-4
-5
-7
6
4
-1
2
-3
1
-2
-12
-12
-22
-27
15
1
12
14
6
9
-13
-3
-4
9
-2
5
22
9
6
4
-9
1
8
-1
-5
-4
6
-10
-3
19
11
6
17
10
3
-1
4
2
22
9
0
12
6
21
22
19
4
-4
4
6
17
8
-4
2
7
-8
-1
9
5
-15
-14
-8
-17
-5
-8
-12
-5
-17
-5
-6
-20
-12
-12
-6
-11
-18
-23
-14
-5
-8
-18
-8
-23
-14
1
-7
0
-6
-8
-2
5
-12
-11
-13
5
-8
-10
1
-8
-8
-13
-3
-12
-6
-3
-1
0
-19
-13
-9
1
4
-7
-5
11
4
-8
-7
5
10
-2
-13
-17
7
4
-8
2
6
-6
5
7
-6
4
6
4
10
0
-1
6
10
23
3
13
18
-12
9
5
1
-1
-13
-2
12
2
-6
-1
-3
-18
-22
-2
-1
-4
-11
-6
1
-12
-6
-6
-7
2
-6
5
4
12
-3
-9
3
-18
-10
1
5
8
-14
-13
4
-11
-12
-24
1
-5
-16
-20
-11
-16
-15
-13
-17
-3
-4
-12
3
-9
-20
-13
4
6
-4
4
-15
-2
-9
0
9
-10
-12
-3
6
-5
-2
0
1
8
1
2
3
17
9
3
-2
-7
-15
-3
-10
-12
-15
-18
-26
-43
-20
-25
-33
-22
-29
-43
-43
-24
-17
-15
-17
-15
-18
-21
-23
-36
-46
-34
-14
-31
-25
-38
-14
-11
-12
-11
-15
0
7
-6
-14
7
-3
19
3
11
6
15
19
16
15
19
22
13
27
13
5
17
25
1
-9
-21
-2
7
1
0
4
17
15
11
5
-3
23
33
30
8
14
19
21
16
5
15
12
16
9
22
9
19
16
-3
8
10
1
7
9
11
16
12
8
15
8
12
17
17
26
29
7
1
14
25
18
2
15
9
9
0
9
24
18
23
17
5
6
6
7
19
19
4
12
-1
-5
16
23
30
29
6
4
8
6
-2
3
2
13
13
-13
-9
1
1
8
1
5
4
-8
6
10
21
5
1
-10
-9
-17
-6
-17
-6
9
-10
-7
-7
-4
-3
-12
-8
10
7
12
-6
8
6
-7
4
1
6
10
0
5
1
-5
-3
-13
-20
-20
-10
2
3
-7
7
23
-3
0
8
-3
9
9
-7
-7
-13
-16
-18
-30
-20
-11
-13
-32
-9
-11
-12
-19
-30
-25
-26
-27
-17
-19
-27
-16
-13
-9
-11
-15
-1
9
8
4
14
12
18
-5
3
29
35
14
15
25
23
19
26
25
26
24
14
28
17
16
13
14
11
15
3
8
9
4
13
-5
10
1
10
10
15
13
5
2
-4
18
8
22
10
26
20
11
17
20
28
26
25
22
17
19
23
19
13
14
17
0
23
19
15
14
15
12
13
15
16
20
8
31
24
41
30
36
28
11
37
44
41
41
28
25
29
19
36
29
20
18
10
13
13
14
21
12
8
7
-6
16
19
25
18
5
4
20
10
9
12
1
10
0
22
27
9
24
19
25
26
15
27
19
24
8
29
36
25
28
36
25
34
35
28
22
22
25
25
24
19
23
37
37
38
27
17
34
19
30
29
23
30
35
32
16
8
22
19
27
15
7
13
21
25
25
28
23
29
36
37
30
5
11
2
5
21
13
20
18
11
20
27
27
18
19
14
11
12
22
28
31
17
9
17
20
12
15
8
25
35
22
23
25
23
25
17
28
39
27
35
27
32
27
15
5
29
16
8
11
0
13
0
6
3
18
8
-6
10
11
23
16
21
15
14
26
23
24
14
16
23
30
28
19
9
30
28
13
24
10
18
5
35
14
20
22
9
10
12
27
25
20
12
22
8
-2
21
5
3
12
12
30
26
24
16
25
32
13
13
12
40
23
5
11
11
23
21
37
24
16
40
32
22
17
25
4
15
19
11
25
3
-5
11
12
-5
0
8
19
20
7
30
16
2
14
13
15
24
24
29
36
15
30
25
19
24
27
26
32
33
21
20
20
18
16
30
4
19
17
28
31
26
34
35
41
30
53
50
51
42
32
39
32
47
47
34
51
45
29
34
34
19
12
13
10
24
16
13
25
13
9
15
16
16
12
17
11
5
16
18
22
7
17
22
21
17
22
13
19
24
23
23
26
31
20
30
36
28
20
13
20
21
27
18
15
24
21
36
36
32
26
2
8
30
26
31
15
30
32
16
32
32
25
19
36
40
41
38
38
43
40
25
24
35
34
13
19
34
27
14
29
30
30
14
19
15
7
21
19
27
16
18
27
20
18
11
12
19
12
9
12
15
21
6
20
12
22
18
-6
4
3
10
4
-10
-4
-5
-8
-2
-16
-13
-11
-16
-7
-12
-1
-5
4
-7
-12
-5
-5
-7
-19
-8
8
10
16
-1
0
1
4
-2
-4
-2
-1
3
-3
8
-3
-10
2
-6
-14
-11
-15
2
-14
-17
-14
-2
-17
-21
-7
-20
-12
-3
-2
-10
-11
-14
-16
-1
-10
-10
-10
-10
-8
-16
-4
-2
19
0
-2
2
7
7
8
16
0
15
8
7
4
7
6
11
16
13
21
6
13
19
18
18
30
11
29
30
19
26
19
39
23
15
21
24
31
44
35
22
37
36
26
34
36
49
49
40
35
37
44
48
37
27
27
38
41
30
49
40
44
39
43
34
44
54
40
58
47
50
45
46
54
53
51
61
51
48
47
46
52
52
44
41
43
41
38
41
40
49
54
40
37
39
36
52
52
41
40
36
42
56
45
32
45
58
52
44
43
40
50
43
43
54
47
52
51
48
48
53
48
41
47
50
45
41
47
67
52
39
61
48
47
61
52
56
56
61
70
60
53
52
50
64
59
60
60
44
61
76
61
55
48
47
61
54
43
45
52
56
54
57
60
62
60
60
64
65
58
56
61
60
54
40
44
47
55
41
47
21
48
48
42
46
44
35
33
32
34
31
30
50
29
18
27
19
14
24
16
16
16
19
14
12
2
7
-1
-1
15
-2
11
8
8
0
-11
-8
4
5
-4
0
-1
-9
10
-2
-11
-2
-4
-7
-3
8
-5
-1
-5
0
-8
14
-6
-3
1
-11
8
2
10
19
4
11
14
9
17
11
29
7
4
13
8
14
20
15
20
14
1
4
7
-1
8
20
7
12
2
11
23
13
-6
-1
13
11
14
6
0
15
8
1
6
-3
-2
6
15
9
10
4
12
20
14
2
1
-9
-4
8
-7
-12
-4
-3
-10
-5
-2
1
0
7
5
7
8
-5
4
-10
-9
4
-1
3
-1
2
-8
-15
-8
-23
-18
1
-9
-13
-10
-12
3
1
8
1
1
0
3
-5
-7
0
7
4
9
4
-1
6
-3
4
-18
-11
-6
5
9
-8
8
15
-6
0
0
8
7
3
-2
-13
-13
-5
5
-12
0
6
14
4
-4
9
16
9
8
-8
11
22
9
6
13
23
10
22
22
16
18
12
11
6
10
8
2
8
8
4
13
12
8
9
-8
7
15
15
7
0
-6
-7
9
-8
-10
-4
-21
-17
-22
-24
-32
-31
-38
-14
-20
-22
-24
-30
-19
-13
-15
-20
-31
-39
-28
-41
-21
-29
-24
-32
-30
-27
-17
-28
-23
-33
-17
-18
-21
-13
-14
3
-3
-10
-12
-13
-5
1
4
3
-13
-3
-11
-11
-10
-15
-14
-15
-5
-8
-7
-2
-12
3
-9
-4
0
-20
5
4
-4
-2
-9
-11
-10
4
-9
-7
-7
-16
-13
-18
-22
-28
-23
-24
-31
-6
-20
-21
-11
-21
-29
-18
-26
-33
-17
-20
-8
-10
-22
-21
-9
-18
-14
-13
-16
-7
-21
-11
-6
-1
-6
-17
-33
-31
-12
-14
-20
-12
-15
-11
2
-17
-16
1
-2
-11
-2
-5
13
-9
0
12
0
-10
-9
2
-4
8
-4
7
7
-10
-4
9
-1
8
45
18
4
-1
1
3
0
14
10
3
18
20
20
-2
-7
3
9
14
8
9
-14
-8
-2
-2
-15
-29
-19
-15
-2
1
1
-20
-10
3
-10
-2
-3
7
0
-7
2
5
-1
6
6
-12
1
3
-4
-12
1
5
8
16
1
-4
5
12
2
8
4
-1
9
-9
3
18
4
-5
-21
-12
-2
0
1
-1
-7
4
18
11
4
13
7
18
19
3
17
17
24
21
8
14
13
8
24
18
21
7
9
10
18
16
10
20
15
18
4
26
22
16
24
20
12
12
19
11
17
19
9
8
10
4
12
-3
-8
4
-2
-16
2
-3
-15
-7
-4
-11
-22
-19
-28
-29
-28
-38
-35
-31
-16
-20
-35
-19
-33
-21
-17
-31
-35
-51
-83
-146
-203
-181
-119
-73
-22
-27
-42
-14
14
30
45
66
81
72
81
99
87
53
39
48
48
51
28
32
2
-6
-5
-6
6
-11
-4
-1
-11
-23
-33
-37
-46
-31
-30
-26
-35
-43
-35
-46
-15
-1
-2
4
-8
-18
-31
-23
-13
-16
-29
-23
-10
-12
1
-6
-2
11
-1
6
-7
3
22
-4
-3
-14
-42
-41
-43
-46
-48
-80
-103
-131
-188
-212
-309
-439
-488
-554
-451
-341
-278
-225
-183
-169
-61
77
154
93
18
90
46
102
72
-76
-150
-176
-131
-111
-163
-142
-113
-160
-135
-204
-235
-235
-255
-257
-244
-278
-289
-283
-274
-245
-238
-263
-233
-190
-149
-67
-30
-21
74
11
-117
-120
-124
-80
-58
-90
-144
-151
-182
-137
-105
-104
-61
-102
-121
-157
-164
-145
-169
-171
-188
-161
-197
-161
-145
-127
-126
-122
-67
-20
-10
44
55
-15
-1
-13
57
46
48
75
6
-12
-50
-50
-54
-1
-18
-61
-64
-81
-168
-249
-204
-198
-104
-56
-92
-127
-191
-125
-32
-9
61
72
20
34
48
9
-11
-9
-6
-22
-28
-46
-104
-122
-190
-193
-162
-123
-128
-94
-88
-97
-7
-8
-23
-14
20
-7
23
7
-24
-47
-38
-25
13
-7
4
20
-9
16
-30
-79
-73
-54
8
87
36
-70
-99
-100
-155
-40
19
-81
-31
-83
-57
-24
25
32
-7
58
-11
31
78
54
35
90
181
135
118
74
53
90
104
147
155
68
47
18
-32
-59
-86
-6
32
1
-57
-53
-127
-172
-76
-30
12
14
64
59
71
56
30
70
132
146
84
63
17
-32
-8
-30
-135
-148
-162
-119
-96
-108
-101
-108
-72
42
86
61
76
0
55
102
118
204
146
79
37
1
-14
-50
-19
-46
-43
-2
-20
-116
-126
-122
-100
-91
-96
-143
-176
-105
-166
-175
-60
-127
-145
-111
-182
-137
-80
-21
-8
36
54
23
47
15
7
58
115
102
86
36
-89
-111
-129
-153
-183
-203
-210
-236
-212
-199
-220
-183
-134
-51
-17
8
-23
-75
-46
-54
14
25
31
16
-8
6
-8
-5
17
42
47
69
17
-66
-87
-159
-159
-119
-119
-133
-148
-194
-239
-226
-213
-194
-120
-101
-76
-70
-76
-101
-132
-66
-35
9
9
-17
-83
-126
-133
-106
-36
-15
-24
-88
-141
-146
-142
-83
-63
-51
-53
-93
-75
-98
-83
-14
30
61
78
52
-6
-31
-48
-1
42
39
7
-47
-122
-163
-126
-85
-38
4
-16
-85
-89
-119
-169
-147
-75
-15
-19
-33
-91
-157
-224
-198
-134
-82
-85
-50
-42
-68
-28
-30
-42
-43
17
50
53
-10
-54
-104
-121
-93
-118
-104
-119
-126
-112
-124
-132
-142
-147
-106
-76
-69
-115
-162
-170
-156
-110
-75
-42
4
5
6
19
-25
-101
-47
-2
-4
20
33
-25
-94
-98
-108
-140
-109
-56
-69
-105
-141
-175
-258
-231
-189
-205
-214
-170
-162
-180
-159
-140
-145
-133
-82
-37
-46
-51
-46
-76
-57
-16
-8
-54
-80
-66
-128
-127
-98
-145
-137
-113
-125
-128
-43
-77
-109
-68
-87
-84
-65
-43
-37
-25
14
-11
-56
-86
-28
-44
-62
42
82
31
31
69
9
-37
-58
-34
-46
-16
35
-30
-139
-169
-70
-38
-100
-109
-76
-79
-83
-80
-124
-143
-89
-119
-53
29
1
-34
-60
11
43
10
-19
39
109
-13
-44
56
68
-14
-8
102
120
44
2
14
0
17
68
103
124
67
29
35
34
43
42
89
131
71
93
74
-8
35
118
89
29
85
45
-48
-86
8
100
112
173
151
86
-2
56
188
169
170
230
284
189
108
128
192
139
128
255
307
253
194
142
123
240
358
344
301
372
332
195
179
343
384
271
276
358
290
187
265
383
369
314
267
303
391
377
305
262
328
282
400
498
397
389
401
342
294
466
545
566
525
551
509
424
438
423
494
497
530
607
477
436
460
448
441
441
503
516
443
373
448
497
412
304
416
546
562
373
414
423
465
527
491
578
542
499
405
393
547
503
490
472
501
436
369
412
435
387
378
447
374
348
357
400
393
379
409
378
361
343
466
444
426
444
425
410
386
471
392
360
454
431
389
365
416
433
339
314
381
375
392
357
345
374
324
325
336
321
381
389
329
352
365
373
350
365
392
348
289
333
394
353
328
369
359
286
356
371
296
304
349
369
407
356
285
301
264
285
341
332
310
246
280
303
293
303
293
301
314
317
328
275
308
347
271
239
304
301
254
277
257
277
304
289
240
216
276
324
288
263
306
270
228
211
306
283
209
261
248
169
250
319
179
167
291
243
158
217
237
201
179
214
263
248
203
200
222
187
156
199
247
216
282
284
153
131
162
217
205
242
226
145
132
153
199
144
156
201
184
156
199
174
72
115
174
171
196
186
174
177
143
109
126
193
196
192
200
177
138
140
130
135
209
233
183
170
136
147
158
156
209
198
211
175
125
194
164
176
206
168
187
176
115
110
108
96
138
205
232
144
142
134
177
199
168
208
140
178
152
163
161
180
238
187
202
144
138
82
103
144
127
159
170
108
76
77
105
124
72
70
144
158
129
144
123
69
93
141
159
218
174
89
-4
21
138
148
212
216
156
64
3
102
188
180
119
157
134
72
75
94
128
107
76
95
95
91
52
29
81
85
66
57
70
8
-1
38
17
45
28
17
79
49
24
8
-33
-55
-10
21
0
-3
-75
-38
-23
26
66
18
47
10
12
21
27
48
62
67
53
62
42
25
-20
-19
20
44
53
-26
16
3
-28
-26
-20
13
18
-7
-63
3
-30
-58
-26
-43
0
-1
-7
14
17
-48
-48
12
28
42
40
5
-19
-70
-61
-2
-3
-67
-67
-39
-32
2
-2
-71
-96
-52
-9
10
19
-29
-49
-24
-31
10
-22
-48
-45
-28
-25
-66
-30
-10
-72
-103
-95
-51
-46
-75
-63
-56
-62
-87
-52
-63
-68
-61
-101
-28
-43
-81
-57
-59
-26
-74
-64
-43
-40
-55
-62
-73
-72
-32
-106
-103
-48
-64
-107
-118
-70
-74
-30
-57
-123
-159
-127
-95
-69
-20
-47
-77
-80
-46
-59
-115
-117
-75
-35
-35
-12
-34
-50
-32
-54
-39
-37
-23
-14
5
-10
2
-36
-66
-68
-48
0
-36
-46
-34
-53
-99
-80
-17
-10
-50
-67
-65
-47
-9
5
-6
-47
-39
-12
-14
17
8
-19
-65
-74
-29
-8
-48
-56
-92
-130
-135
-136
-112
-153
-152
-127
-135
-178
-186
-203
-240
-264
-270
-231
-192
-197
-228
-272
-286
-285
-256
-223
-204
-200
-234
-268
-270
-233
-230
-237
-235
-263
-271
-299
-304
-292
-280
-269
-283
-295
-273
-258
-268
-290
-234
-169
-196
-196
-198
-180
-189
-155
-125
-106
-54
-97
-148
-129
-48
-31
-51
3
-8
-19
-60
-23
3
22
81
99
126
115
63
72
134
198
262
299
263
213
188
204
259
306
357
373
346
335
332
325
352
395
442
450
418
365
308
242
229
233
213
188
128
25
-101
-199
-253
-264
-294
-352
-431
-538
-640
-714
-768
-782
-792
-818
-858
-883
-924
-953
-932
-915
-863
-819
-780
-787
-769
-745
-742
-687
-631
-572
-548
-549
-539
-550
-506
-443
-424
-410
-379
-380
-373
-357
-340
-302
-300
-279
-258
-249
-251
-250
-236
-204
-107
-73
-68
-50
-19
44
114
195
230
251
308
383
474
531
568
603
653
756
868
961
1030
1057
1075
1131
1238
1304
1220
1098
1005
990
987
924
792
587
333
176
98
35
-71
-294
-524
-699
-813
-863
-885
-943
-1048
-1134
-1166
-1123
-1073
-1039
-1001
-939
-846
-726
-615
-502
-410
-318
-214
-91
43
145
215
233
271
318
346
384
394
376
322
247
189
135
68
-42
-149
-276
-438
-588
-712
-796
-892
-1003
-1091
-1200
-1301
-1350
-1356
-1328
-1305
-1306
-1275
-1221
-1147
-1054
-957
-861
-755
-646
-520
-413
-323
-217
-115
-57
48
104
158
184
199
259
301
322
309
303
263
227
244
312
343
355
373
362
396
453
537
660
779
876
970
1088
1225
1324
1299
1134
1008
1025
1213
1321
1191
876
501
210
117
211
255
79
-311
-685
-912
-937
-877
-886
-962
-1112
-1240
-1273
-1217
-1149
-1099
-1034
-975
-851
-721
-618
-511
-444
-341
-178
-20
134
189
183
179
221
321
412
472
460
410
302
224
213
222
200
104
-32
-187
-361
-499
-547
-608
-737
-908
-1094
-1205
-1301
-1343
-1367
-1408
-1428
-1472
-1475
-1443
-1400
-1316
-1212
-1105
-996
-892
-785
-686
-558
-413
-257
-121
-20
58
99
154
219
309
394
409
424
417
394
398
401
395
424
431
441
450
447
457
511
594
710
816
914
999
1129
1309
1461
1460
1259
1035
1022
1228
1402
1328
994
561
171
74
157
279
145
-282
-744
-1033
-1063
-973
-909
-991
-1166
-1392
-1506
-1428
-1284
-1196
-1146
-1106
-1024
-928
-829
-725
-612
-501
-356
-184
-47
41
33
50
124
259
398
460
482
418
319
278
339
401
381
294
123
-57
-195
-264
-267
-319
-471
-670
-915
-1120
-1204
-1191
-1166
-1219
-1327
-1441
-1522
-1520
-1397
-1262
-1153
-1104
-1062
-979
-896
-751
-597
-445
-281
-153
-40
62
119
196
317
420
517
537
517
473
454
471
494
497
475
416
351
362
404
462
495
519
569
661
738
881
1010
1150
1323
1406
1318
1091
950
1054
1308
1436
1238
843
409
109
135
312
375
96
-422
-858
-1059
-1026
-902
-857
-982
-1250
-1483
-1539
-1417
-1226
-1106
-1085
-1092
-1053
-965
-861
-720
-561
-407
-295
-199
-110
-56
10
109
254
389
461
491
481
458
433
477
550
580
509
405
281
169
100
18
-7
-119
-270
-469
-681
-804
-911
-981
-1041
-1106
-1182
-1310
-1418
-1439
-1377
-1318
-1241
-1180
-1125
-1054
-1008
-881
-705
-532
-411
-309
-195
-96
2
127
255
348
400
425
436
444
466
462
451
417
375
331
283
236
194
201
225
247
277
306
346
415
524
652
859
1012
1156
1165
987
850
917
1201
1412
1331
1011
662
409
366
513
620
451
-23
-497
-706
-705
-589
-590
-733
-1000
-1285
-1420
-1331
-1178
-1097
-1134
-1219
-1253
-1230
-1105
-928
-772
-672
-623
-576
-486
-382
-254
-101
31
131
205
237
316
392
444
529
597
611
580
491
456
432
387
355
287
123
-51
-197
-272
-348
-484
-651
-834
-987
-1083
-1134
-1156
-1232
-1364
-1437
-1443
-1392
-1312
-1209
-1164
-1131
-1067
-950
-794
-660
-507
-384
-298
-207
-84
62
186
268
299
318
318
352
377
372
355
330
289
210
167
153
133
104
94
108
154
186
215
278
354
442
609
805
984
1127
1061
919
870
1019
1319
1455
1278
999
708
546
582
712
735
449
12
-308
-399
-382
-366
-447
-623
-857
-1078
-1130
-1036
-940
-937
-984
-1077
-1084
-1052
-958
-804
-671
-613
-645
-613
-544
-398
-262
-120
-15
25
48
98
238
355
412
443
466
484
481
457
482
476
408
373
302
225
129
21
-80
-196
-310
-443
-580
-675
-752
-827
-915
-1029
-1116
-1184
-1193
-1127
-1073
-1066
-1097
-1090
-1007
-892
-762
-643
-548
-508
-416
-307
-187
-56
-2
57
97
100
146
165
173
206
193
172
115
79
76
67
81
69
23
14
34
103
206
288
352
433
535
666
871
1074
1254
1288
1150
1090
1204
1434
1608
1500
1249
986
807
802
862
844
600
198
-122
-232
-263
-320
-427
-602
-803
-1019
-1120
-1096
-1062
-1056
-1086
-1123
-1172
-1184
-1128
-968
-809
-739
-699
-699
-629
-519
-357
-155
-37
5
2
64
232
397
467
495
506
475
493
547
587
568
470
405
351
309
223
59
0
-56
-125
-270
-470
-658
-695
-718
-732
-769
-943
-1111
-1175
-1107
-958
-902
-966
-1011
-1048
-935
-788
-622
-513
-512
-487
-419
-327
-195
-67
-26
31
33
43
88
121
192
249
223
185
101
51
112
167
221
177
93
72
106
214
349
440
468
473
513
664
876
1098
1263
1304
1180
1083
1152
1394
1592
1552
1308
1037
847
795
861
889
746
381
34
-146
-177
-169
-236
-363
-555
-760
-900
-925
-860
-820
-832
-906
-937
-985
-993
-877
-685
-534
-527
-559
-550
-464
-323
-131
-4
28
3
-28
90
266
372
443
421
374
344
375
466
507
476
393
318
274
219
193
154
68
-42
-160
-258
-330
-380
-433
-493
-591
-686
-769
-809
-803
-782
-792
-841
-885
-887
-818
-735
-664
-628
-625
-591
-543
-469
-338
-227
-165
-120
-96
-37
64
141
231
268
294
267
240
263
313
366
363
354
318
261
236
297
387
431
469
465
479
539
644
789
935
1044
1134
1196
1148
1086
1114
1307
1462
1430
1198
992
877
849
910
891
734
421
129
-2
51
34
-96
-296
-473
-623
-727
-720
-683
-684
-778
-858
-882
-869
-840
-756
-646
-586
-598
-662
-639
-533
-415
-273
-182
-184
-223
-214
-79
92
196
203
185
185
202
285
407
485
444
376
336
354
398
415
411
326
196
99
30
1
-26
-93
-181
-331
-450
-522
-536
-570
-618
-680
-775
-878
-898
-829
-779
-743
-745
-750
-745
-671
-550
-402
-298
-271
-251
-195
-83
31
148
213
249
231
219
241
294
348
363
339
295
260
246
265
291
300
284
273
271
309
370
440
510
582
673
792
917
1029
1082
996
956
1069
1263
1345
1198
1000
873
834
846
855
793
573
275
120
137
153
16
-138
-302
-406
-466
-532
-512
-561
-655
-737
-746
-750
-752
-758
-719
-654
-668
-698
-708
-646
-570
-497
-416
-378
-395
-403
-313
-145
-3
37
51
64
105
206
329
424
433
380
379
425
483
494
466
420
342
252
163
136
94
38
-67
-234
-371
-433
-476
-494
-562
-658
-758
-806
-777
-735
-708
-710
-720
-704
-641
-564
-501
-431
-385
-329
-259
-194
-126
-61
-16
-31
12
53
67
56
80
91
84
61
35
46
31
48
48
48
7
10
29
96
175
209
231
288
374
452
582
704
818
926
975
943
931
1018
1205
1284
1207
1003
870
865
903
950
883
691
394
204
204
265
186
8
-221
-371
-436
-503
-518
-558
-674
-821
-899
-889
-879
-906
-889
-871
-859
-897
-903
-800
-699
-614
-566
-516
-499
-456
-324
-155
-7
13
36
80
154
268
381
449
453
387
370
428
481
502
413
301
247
239
233
138
30
-86
-142
-181
-202
-257
-377
-521
-590
-513
-474
-551
-642
-711
-722
-667
-630
-616
-645
-709
-699
-634
-561
-505
-538
-527
-483
-417
-343
-317
-271
-256
-215
-140
-106
-86
-91
-108
-66
-18
2
-9
-10
4
36
83
97
112
143
199
270
343
380
427
500
606
755
871
955
1039
1079
1029
1044
1175
1343
1356
1170
1025
1020
995
958
913
830
619
346
211
254
241
43
-188
-351
-421
-510
-590
-580
-640
-798
-909
-916
-854
-847
-862
-822
-813
-830
-843
-780
-652
-562
-526
-495
-433
-420
-349
-211
-56
1
-20
4
72
177
262
365
412
386
337
372
458
519
527
470
429
380
315
291
287
263
198
92
-27
-109
-183
-241
-311
-380
-459
-579
-659
-674
-689
-726
-761
-818
-844
-818
-782
-714
-681
-652
-614
-577
-506
-393
-315
-236
-179
-148
-81
-26
49
94
135
164
153
167
182
210
223
243
258
256
259
268
290
319
358
393
441
457
498
537
630
701
795
873
949
1014
956
942
1038
1189
1224
1101
951
920
897
888
878
786
646
390
239
268
274
131
-70
-238
-309
-384
-460
-471
-503
-603
-740
-753
-711
-707
-756
-755
-716
-714
-705
-695
-592
-515
-518
-466
-376
-345
-287
-200
-56
34
55
83
167
278
351
436
474
503
454
467
551
608
576
493
448
409
353
295
247
184
99
-18
-146
-232
-275
-352
-417
-477
-567
-656
-727
-731
-731
-728
-750
-778
-767
-746
-708
-651
-582
-553
-500
-463
-399
-290
-210
-153
-134
-96
-30
40
91
122
132
149
160
175
192
185
197
186
182
194
180
177
182
170
165
197
233
250
287
320
362
420
492
576
655
738
812
865
837
849
945
1085
1116
998
841
822
840
849
806
697
527
336
226
247
253
123
-65
-220
-269
-311
-351
-396
-451
-546
-637
-647
-616
-606
-636
-643
-610
-597
-606
-577
-515
-447
-411
-369
-332
-289
-243
-156
-27
28
23
23
111
174
272
349
337
325
300
338
406
464
459
387
319
294
295
274
220
169
93
20
-50
-95
-131
-212
-294
-342
-367
-424
-479
-523
-524
-525
-550
-561
-572
-539
-527
-491
-429
-381
-346
-338
-279
-206
-140
-99
-73
-24
32
45
107
162
177
177
172
209
234
267
244
256
247
230
256
281
292
300
281
279
310
343
367
412
435
443
489
545
617
716
773
839
860
798
825
929
1100
1123
989
823
815
897
952
936
855
719
538
477
558
619
487
265
129
133
126
90
17
-44
-163
-280
-266
-219
-224
-320
-393
-383
-347
-374
-359
-316
-283
-269
-275
-220
-165
-110
-80
9
113
109
127
193
302
379
418
436
454
468
503
560
620
599
538
496
495
525
495
441
373
329
275
232
164
142
120
30
-8
-53
-82
-137
-158
-149
-168
-197
-216
-226
-198
-143
-132
-84
-65
-48
-16
32
121
164
195
214
255
319
377
398
416
450
447
436
438
460
480
453
407
383
360
350
314
293
295
273
228
225
250
268
293
317
348
372
437
527
643
734
811
913
987
1006
1052
1169
1358
1464
1366
1240
1224
1320
1399
1393
1313
1141
955
891
916
971
826
568
370
315
308
255
154
16
-122
-262
-292
-257
-220
-307
-406
-430
-417
-402
-355
-285
-237
-249
-275
-212
-115
-48
2
96
132
136
146
226
360
452
475
467
453
477
511
582
660
615
523
456
452
457
447
410
348
261
162
96
89
90
40
-44
-107
-157
-179
-189
-171
-155
-183
-195
-216
-189
-119
-74
-37
-15
-23
-13
33
95
146
174
175
157
151
183
214
231
186
159
134
115
131
127
123
77
25
1
22
41
36
11
11
22
18
81
131
172
207
241
309
385
476
554
640
702
779
859
928
960
950
998
1111
1217
1181
1033
938
955
1011
1031
952
818
628
484
496
553
519
311
90
-22
-24
-17
-46
-139
-267
-383
-452
-402
-340
-352
-454
-504
-491
-462
-426
-396
-363
-363
-363
-334
-288
-248
-215
-151
-94
-72
-80
-52
31
87
140
151
144
142
164
209
253
282
235
186
186
178
193
224
212
161
101
38
29
46
60
-3
-81
-124
-152
-141
-122
-133
-199
-264
-293
-260
-236
-219
-229
-290
-314
-309
-271
-209
-185
-188
-205
-217
-187
-147
-100
-82
-103
-115
-118
-92
-53
-42
-42
-83
-109
-114
-118
-117
-135
-134
-174
-173
-161
-161
-147
-111
-106
-86
-46
3
61
138
211
267
340
412
507
623
685
666
691
769
882
912
859
778
714
730
767
755
672
524
368
299
330
323
191
-7
-156
-221
-245
-250
-324
-448
-580
-676
-686
-633
-639
-701
-770
-814
-799
-770
-721
-706
-697
-695
-664
-612
-516
-459
-424
-346
-285
-244
-192
-121
-55
22
76
105
124
142
186
251
302
293
261
201
187
217
237
233
186
78
-9
-23
7
18
-15
-120
-224
-262
-253
-238
-245
-283
-357
-420
-422
-377
-351
-357
-387
-438
-444
-395
-350
-333
-353
-350
-343
-312
-286
-253
-234
-236
-251
-274
-229
-224
-214
-198
-216
-247
-266
-250
-241
-213
-224
-225
-224
-218
-171
-131
-74
-20
14
43
134
204
291
386
456
520
598
680
771
854
852
825
863
951
1021
997
885
788
741
748
751
697
531
326
202
180
162
96
-65
-258
-362
-412
-406
-419
-499
-614
-726
-738
-684
-655
-651
-700
-723
-717
-681
-623
-591
-565
-562
-534
-486
-429
-393
-355
-313
-261
-224
-203
-141
-114
-56
-4
38
68
54
78
138
186
214
196
153
118
128
157
176
140
52
-52
-92
-99
-72
-77
-177
-280
-345
-382
-363
-351
-396
-459
-526
-530
-495
-478
-470
-494
-512
-529
-501
-449
-426
-422
-433
-426
-397
-371
-354
-323
-320
-301
-315
-314
-285
-293
-264
-247
-233
-235
-234
-187
-158
-129
-110
-85
-41
-34
12
67
116
153
179
223
290
349
402
448
473
513
562
608
647
683
678
635
577
615
674
701
627
494
411
369
404
403
342
207
53
-25
-29
-4
-34
-144
-283
-375
-353
-326
-319
-372
-475
-552
-567
-522
-457
-440
-500
-539
-534
-488
-428
-405
-367
-364
-384
-359
-298
-224
-178
-150
-112
-85
-79
-48
12
74
128
133
132
137
146
194
248
259
217
171
130
151
181
169
115
54
-13
-48
-63
-79
-114
-179
-254
-307
-311
-320
-358
-386
-424
-444
-468
-476
-457
-450
-460
-454
-455
-435
-384
-366
-331
-313
-287
-264
-217
-179
-171
-159
-142
-120
-103
-92
-56
-55
-63
-51
-43
-21
-24
-11
-19
-36
-40
-12
7
20
42
45
60
79
113
142
173
193
210
223
271
298
324
379
390
398
390
384
401
443
460
421
341
273
287
313
310
261
154
54
4
12
39
24
-70
-177
-237
-215
-167
-166
-233
-286
-357
-378
-332
-286
-281
-320
-361
-360
-340
-294
-261
-271
-281
-300
-260
-228
-184
-164
-154
-152
-149
-122
-78
-22
-20
6
1
-15
18
42
36
63
51
-10
-55
-63
-47
-42
-88
-150
-209
-236
-219
-242
-252
-297
-350
-369
-382
-366
-345
-384
-396
-393
-374
-343
-333
-334
-328
-309
-303
-272
-243
-237
-244
-222
-213
-185
-176
-202
-186
-189
-193
-197
-176
-173
-196
-185
-178
-168
-175
-170
-178
-166
-145
-144
-130
-124
-103
-69
-61
-47
-20
4
34
61
99
111
141
162
180
209
248
288
294
321
302
299
295
326
371
384
351
292
257
258
293
318
299
229
158
118
122
147
140
85
-7
-79
-61
-49
-54
-94
-173
-227
-260
-259
-231
-251
-302
-328
-372
-360
-343
-323
-326
-345
-375
-370
-334
-332
-301
-306
-283
-268
-288
-268
-243
-222
-207
-203
-209
-214
-190
-180
-175
-151
-145
-135
-135
-157
-153
-105
-88
-91
-126
-162
-162
-162
-144
-135
-171
-227
-244
-254
-217
-210
-228
-269
-303
-300
-287
-263
-245
-285
-325
-301
-285
-256
-240
-251
-269
-270
-257
-235
-218
-225
-233
-247
-245
-222
-203
-214
-207
-228
-215
-203
-194
-174
-183
-174
-164
-153
-159
-129
-115
-91
-80
-64
-55
-44
-25
9
37
60
73
97
128
149
193
229
253
251
257
270
320
339
359
355
328
305
309
320
299
260
194
153
138
135
103
44
-30
-89
-146
-156
-159
-199
-256
-310
-344
-333
-315
-329
-322
-369
-393
-371
-345
-335
-315
-322
-318
-325
-303
-269
-232
-214
-218
-213
-200
-163
-166
-129
-99
-117
-132
-128
-98
-96
-86
-91
-107
-141
-168
-162
-151
-145
-169
-194
-242
-254
-242
-244
-227
-268
-303
-323
-315
-290
-290
-295
-332
-323
-288
-283
-280
-271
-281
-288
-260
-222
-196
-189
-210
-232
-211
-183
-154
-173
-179
-195
-198
-173
-177
-183
-200
-209
-210
-211
-200
-186
-182
-173
-158
-148
-116
-112
-93
-58
-48
-4
29
65
75
99
138
160
190
220
239
259
277
315
329
313
297
298
307
284
271
246
208
198
166
160
134
107
69
25
4
-2
13
-21
-44
-80
-98
-99
-94
-95
-108
-125
-134
-151
-140
-108
-110
-123
-146
-164
-154
-154
-149
-156
-169
-187
-189
-175
-162
-144
-143
-162
-173
-168
-152
-144
-146
-133
-139
-144
-153
-143
-148
-163
-163
-166
-176
-212
-210
-213
-201
-208
-239
-234
-270
-277
-233
-225
-251
-270
-274
-266
-262
-234
-230
-229
-242
-235
-218
-212
-195
-184
-201
-224
-196
-193
-158
-139
-144
-162
-158
-135
-140
-123
-121
-124
-103
-79
-56
-50
-38
-34
-19
12
23
36
52
47
56
73
91
117
97
120
126
129
142
136
148
138
145
149
152
166
161
166
159
180
183
175
171
164
180
185
187
180
161
157
170
154
140
149
121
98
100
90
95
78
48
35
31
20
-13
-17
-44
-72
-87
-89
-83
-103
-103
-124
-136
-126
-140
-138
-135
-158
-139
-139
-117
-98
-111
-108
-114
-108
-93
-81
-79
-99
-112
-118
-124
-147
-160
-178
-197
-230
-266
-289
-277
-284
-317
-341
-366
-366
-381
-382
-394
-398
-399
-387
-360
-339
-328
-318
-300
-277
-231
-194
-176
-151
-124
-93
-66
-34
8
25
14
14
23
33
54
51
53
18
21
14
0
-8
-17
-15
-45
-54
-60
-66
-84
-90
-86
-71
-75
-78
-88
-71
-49
-23
-25
-22
-25
6
56
50
59
88
116
124
164
193
198
209
230
250
280
281
268
269
269
282
272
265
236
232
219
204
182
157
120
106
76
44
27
-20
-33
-60
-73
-94
-93
-116
-114
-113
-122
-121
-125
-113
-106
-95
-87
-69
-68
-71
-64
-54
-49
-53
-68
-70
-81
-102
-124
-126
-159
-203
-225
-263
-274
-298
-325
-364
-384
-419
-443
-419
-417
-435
-439
-436
-405
-378
-359
-350
-326
-290
-277
-220
-186
-139
-105
-98
-62
-38
5
27
46
51
40
61
66
75
68
54
25
6
5
-17
-18
-47
-85
-99
-135
-127
-151
-156
-163
-174
-169
-179
-173
-171
-169
-151
-133
-141
-114
-115
-86
-54
-29
-7
12
38
56
97
112
149
168
174
207
246
260
276
287
299
299
302
310
319
331
312
298
288
283
276
276
245
229
215
185
180
158
137
123
114
94
82
81
57
24
37
25
22
26
0
1
-26
-20
-7
-51
-54
-66
-91
-99
-123
-135
-146
-166
-203
-225
-240
-268
-286
-291
-333
-348
-357
-362
-352
-357
-361
-375
-360
-353
-337
-312
-299
-271
-259
-250
-230
-208
-189
-153
-126
-103
-70
-75
-52
-48
-19
-4
-13
13
21
23
33
36
28
36
21
-5
-6
-13
-16
-35
-49
-38
-57
-60
-77
-93
-92
-117
-112
-122
-105
-92
-97
-77
-88
-95
-71
-58
-50
-35
-28
-4
15
29
46
72
97
99
114
139
163
159
166
183
193
208
215
239
244
248
258
275
298
289
290
283
279
251
254
268
263
233
226
201
189
182
164
138
115
96
82
59
42
45
11
9
-21
-48
-67
-91
-94
-119
-138
-177
-199
-188
-203
-222
-237
-246
-276
-277
-267
-268
-276
-283
-283
-274
-276
-274
-281
-280
-285
-274
-248
-228
-231
-226
-193
-191
-171
-167
-143
-136
-119
-103
-89
-67
-63
-36
-18
-12
-1
24
31
45
58
67
70
78
84
90
91
97
83
91
86
81
76
61
79
48
51
47
29
35
18
2
20
16
1
2
9
8
35
29
35
28
35
35
27
53
49
74
79
86
103
122
133
133
128
143
155
168
177
165
165
176
176
175
176
179
179
176
186
158
155
148
158
147
128
106
100
94
92
97
67
65
66
59
55
50
55
35
32
43
13
-2
6
-4
-13
-13
-10
-24
-41
-45
-58
-58
-55
-76
-95
-80
-95
-117
-114
-127
-123
-132
-138
-143
-160
-158
-146
-132
-158
-137
-141
-126
-130
-114
-112
-104
-85
-100
-54
-50
-36
-21
-4
5
14
31
41
68
68
64
90
90
93
107
100
114
102
106
120
107
104
96
102
96
96
103
88
71
84
79
62
74
49
58
41
37
43
33
31
13
6
8
0
11
11
-14
-9
-14
-19
-6
0
-3
3
-4
-14
-2
4
10
13
23
5
16
14
18
32
29
39
55
57
56
65
75
89
93
93
94
93
99
124
106
118
128
113
121
109
130
127
120
128
122
113
101
99
97
94
84
76
56
43
34
26
25
10
1
1
-14
-20
-30
-46
-46
-50
-62
-70
-73
-71
-74
-75
-94
-88
-67
-85
-89
-106
-97
-98
-103
-92
-99
-106
-112
-100
-87
-73
-65
-40
-55
-22
-8
0
27
26
37
55
74
92
86
90
107
110
106
112
103
113
104
104
106
88
80
85
76
66
78
62
56
56
49
37
43
25
18
25
12
2
4
12
10
26
-7
-12
-14
-21
-7
-17
8
-12
-16
-5
-11
16
12
14
20
26
43
57
62
73
68
76
89
90
101
109
108
115
115
108
123
130
123
116
120
117
129
114
135
147
139
140
137
128
142
145
147
153
168
156
150
164
157
155
146
154
139
126
148
149
113
116
96
93
75
39
20
10
-11
-19
-37
-64
-64
-87
-93
-90
-86
-74
-91
-95
-75
-70
-62
-45
-32
-27
-21
-10
-5
16
38
25
43
63
53
76
79
90
99
78
87
87
84
105
86
77
71
78
77
65
62
59
62
71
55
50
32
33
31
20
7
-13
-8
-23
-28
-25
-35
-48
-65
-63
-74
-84
-90
-108
-101
-111
-116
-119
-125
-124
-123
-109
-96
-115
-106
-99
-86
-72
-81
-65
-63
-73
-45
-43
-45
-25
-18
-3
9
4
11
9
27
36
52
75
82
85
88
106
118
141
146
149
165
162
170
175
171
191
177
156
146
143
143
118
126
125
100
67
66
66
31
37
15
-5
-20
-28
-41
-35
-47
-56
-50
-77
-75
-70
-67
-73
-80
-77
-73
-74
-73
-80
-73
-71
-57
-45
-32
-31
-26
-8
-6
8
20
26
27
33
30
23
38
47
36
39
22
6
16
14
9
-12
-15
-12
-21
-30
-45
-51
-40
-72
-80
-71
-84
-101
-103
-92
-119
-105
-110
-112
-106
-119
-126
-115
-100
-126
-115
-114
-133
-118
-132
-128
-116
-129
-134
-138
-132
-124
-107
-105
-84
-102
-81
-68
-67
-58
-55
-32
-31
3
8
26
43
40
48
51
83
97
98
114
119
132
149
159
160
166
169
170
157
162
150
151
151
140
134
129
117
90
94
72
66
50
38
37
25
29
16
15
-8
-9
-22
-14
-15
-22
-27
-24
-11
-30
-26
-6
-18
-19
-1
-4
-2
1
7
14
23
12
17
14
17
35
19
11
2
9
3
27
22
16
5
-3
-6
-12
-14
-25
-20
-23
-21
-23
-17
-16
-33
-31
-36
-25
-19
-31
-36
-33
-51
-54
-52
-66
-60
-58
-59
-71
-80
-78
-68
-88
-81
-98
-106
-105
-102
-75
-75
-82
-93
-95
-96
-85
-81
-72
-60
-72
-70
-58
-44
-43
-45
-42
-28
-17
-17
4
12
14
40
43
56
57
58
56
73
72
79
72
60
80
68
78
77
73
72
73
52
74
78
58
55
50
55
68
60
64
64
74
75
71
85
84
85
83
93
103
96
103
105
117
102
96
89
97
96
92
93
85
83
70
63
56
50
33
38
30
20
4
13
2
-9
-5
-2
-23
-23
-30
-30
-33
-57
-53
-63
-56
-70
-80
-75
-97
-85
-78
-93
-87
-78
-83
-75
-73
-78
-72
-69
-54
-56
-65
-64
-72
-56
-50
-64
-51
-54
-66
-60
-63
-57
-55
-33
-45
-51
-74
-76
-53
-47
-47
-37
-46
-61
-53
-57
-46
-45
-46
-41
-41
-41
-48
-36
-37
-35
-19
-27
-22
-20
-16
-16
-16
-12
-6
1
-4
14
9
17
21
4
8
20
43
42
43
58
61
55
55
79
93
104
115
101
128
130
137
152
157
182
172
162
184
180
190
187
167
168
157
151
149
134
121
115
111
101
80
62
48
50
38
10
-9
-6
-22
-44
-44
-51
-53
-68
-72
-77
-81
-82
-99
-100
-100
-106
-101
-112
-119
-101
-99
-102
-94
-77
-88
-97
-80
-78
-74
-65
-49
-41
-40
-45
-27
-37
-34
-27
-30
-15
-32
-18
-21
-15
-17
-15
-36
-39
-37
-55
-50
-66
-54
-71
-76
-70
-77
-70
-75
-72
-70
-63
-78
-80
-90
-93
-84
-95
-83
-77
-86
-89
-89
-87
-74
-81
-74
-78
-71
-68
-67
-75
-63
-67
-59
-57
-55
-37
-41
-18
16
19
18
17
36
68
66
67
90
110
112
119
126
142
152
159
167
157
162
174
181
184
169
170
154
150
146
141
136
120
105
90
69
72
46
33
25
16
-1
2
-1
-43
-33
-49
-53
-57
-67
-65
-54
-67
-73
-61
-68
-80
-79
-69
-64
-61
-53
-49
-57
-43
-51
-40
-27
-20
-11
-23
-15
-5
-8
-5
8
10
-2
2
-9
-25
-19
-48
-29
-22
-37
-48
-60
-49
-41
-55
-54
-39
-41
-28
-42
-51
-43
-36
-37
-43
-38
-49
-48
-45
-41
-47
-58
-57
-58
-74
-89
-88
-100
-119
-101
-99
-109
-112
-112
-123
-97
-110
-96
-85
-91
-53
-51
-39
-32
-34
-12
3
14
22
34
57
77
89
90
107
124
124
124
164
159
139
154
161
189
173
164
183
166
166
160
161
154
167
150
146
148
127
121
113
91
77
62
62
64
51
37
19
9
2
-3
-18
-13
-27
-16
-12
-28
-18
-37
-27
-30
-46
-46
-51
-31
-44
-58
-57
-72
-65
-68
-66
-69
-69
-49
-47
-44
-62
-65
-59
-35
-36
-45
-29
-10
-7
-5
7
24
21
13
13
11
20
12
25
17
24
9
8
7
-6
-9
-13
-25
-23
-36
-61
-56
-57
-70
-75
-94
-97
-103
-123
-114
-129
-123
-136
-129
-123
-116
-109
-116
-120
-94
-103
-94
-65
-65
-47
-51
-51
-37
-32
-12
4
2
11
9
39
43
55
57
58
57
72
83
87
106
97
102
111
114
117
112
115
132
124
127
116
122
135
118
115
111
121
104
92
97
103
79
63
59
52
50
29
12
-10
-4
-20
-32
-32
-59
-61
-83
-84
-78
-102
-84
-83
-113
-119
-128
-133
-114
-103
-105
-104
-113
-94
-85
-70
-62
-55
-48
-25
-18
-10
1
2
27
20
17
13
34
27
27
35
36
31
22
22
5
6
0
12
-1
-24
-11
-38
-28
-41
-37
-41
-46
-38
-52
-59
-72
-87
-76
-73
-68
-64
-64
-72
-84
-72
-59
-62
-57
-73
-77
-67
-69
-60
-59
-41
-54
-42
-35
-47
-42
-42
-27
-24
-23
3
-7
3
24
30
30
34
54
61
69
72
84
95
96
110
109
126
138
133
127
137
149
144
131
131
135
140
152
140
144
128
101
102
97
105
75
71
66
41
39
27
28
12
5
-1
-9
-8
-19
-29
-32
-26
-20
-29
-30
-25
-22
-28
-9
-13
-7
-14
-20
-13
-17
6
-4
-14
-2
-8
-3
-4
-15
-5
-11
8
-11
-19
-22
-20
-40
-39
-33
-44
-32
-38
-34
-52
-53
-58
-56
-54
-43
-49
-45
-48
-43
-46
-44
-47
-50
-41
-38
-53
-47
-46
-49
-53
-76
-71
-76
-79
-77
-79
-75
-81
-85
-90
-88
-88
-80
-72
-100
-67
-67
-63
-58
-58
-55
-43
-40
-39
-17
-32
-16
1
7
12
29
27
26
28
43
43
62
47
47
51
49
58
50
56
51
62
43
59
70
65
53
65
62
74
73
47
71
59
51
37
45
35
45
39
38
33
5
11
3
1
-10
-20
-36
-39
-48
-46
-34
-57
-75
-69
-75
-81
-79
-80
-90
-86
-89
-94
-78
-92
-100
-106
-107
-100
-99
-86
-77
-71
-67
-73
-73
-74
-67
-73
-72
-74
-63
-66
-51
-55
-48
-60
-58
-40
-75
-55
-58
-38
-30
-30
-36
-46
-35
-47
-46
-47
-46
-58
-45
-45
-61
-45
-63
-59
-65
-59
-72
-66
-68
-82
-71
-64
-55
-66
-76
-63
-49
-57
-45
-56
-69
-60
-58
-50
-58
-53
-63
-50
-29
-31
-29
-27
-21
-20
-14
-16
-13
-5
-3
12
8
12
26
33
40
43
46
47
51
49
74
64
63
70
74
58
71
77
62
63
59
52
38
38
19
18
17
13
-2
-25
-15
-18
-39
-38
-40
-51
-60
-47
-54
-64
-69
-67
-67
-77
-84
-60
-66
-78
-60
-49
-45
-70
-72
-57
-61
-51
-41
-57
-66
-52
-44
-36
-34
-33
-39
-36
-30
-39
-38
-33
-48
-34
-37
-47
-32
-37
-52
-53
-37
-49
-67
-63
-59
-69
-65
-73
-76
-67
-68
-84
-81
-87
-93
-86
-94
-94
-99
-97
-108
-91
-110
-115
-108
-117
-117
-119
-129
-116
-121
-106
-98
-103
-90
-99
-96
-102
-72
-67
-78
-70
-55
-59
-43
-33
-34
-20
-4
10
0
16
26
36
34
41
57
64
50
50
48
43
53
53
48
31
40
51
53
41
28
28
17
17
26
23
19
24
29
16
16
13
2
-5
-16
-27
-16
-24
-15
-25
-33
-26
-33
-35
-33
-25
-25
-46
-26
-35
-36
-35
-31
-23
-46
-42
-44
-52
-55
-50
-65
-53
-64
-51
-50
-57
-53
-52
-49
-49
-51
-55
-56
-56
-55
-58
-54
-65
-78
-67
-84
-64
-65
-90
-77
-72
-71
-81
-70
-77
-64
-63
-69
-74
-79
-85
-74
-72
-73
-75
-79
-54
-70
-73
-60
-57
-58
-57
-57
-53
-58
-40
-35
-35
-28
-24
-30
-18
3
-7
5
13
16
16
16
29
24
30
20
30
40
31
27
43
49
31
45
30
38
22
10
12
25
26
13
0
17
24
10
21
32
21
31
21
15
14
24
39
32
19
6
18
10
20
14
8
17
10
22
9
2
12
-3
-16
-17
-4
2
-15
-3
2
1
-19
-12
-9
-14
-7
-3
-10
-18
-16
-19
-16
-25
-32
-39
-54
-62
-48
-49
-46
-44
-65
-65
-67
-66
-67
-58
-56
-56
-68
-50
-71
-84
-75
-67
-67
-74
-62
-68
-63
-53
-64
-59
-65
-69
-57
-66
-55
-41
-42
-39
-48
-38
-40
-39
-38
-52
-26
-22
-39
-22
-20
-34
-17
-13
-19
-27
-32
-24
-30
-29
-34
-55
-44
-38
-44
-36
-36
-55
-44
-29
-34
-16
-22
-17
-10
-18
-15
4
11
9
11
9
-1
2
16
1
2
12
22
29
27
21
29
28
33
35
40
38
32
30
34
31
30
37
32
15
12
14
13
-1
15
13
8
9
19
21
8
2
20
10
12
11
3
15
2
11
-12
1
-14
-28
-36
-44
-36
-50
-51
-58
-71
-71
-63
-82
-75
-89
-90
-77
-85
-79
-94
-103
-94
-87
-87
-84
-84
-95
-89
-90
-84
-72
-69
-71
-63
-53
-56
-51
-44
-53
-36
-33
-38
-32
-49
-33
-42
-49
-48
-68
-67
-40
-26
-52
-52
-39
-52
-34
-50
-34
-36
-32
-30
-26
-18
-30
-2
-20
12
2
1
2
14
26
6
10
9
25
18
33
31
30
37
37
27
38
49
49
59
56
61
74
64
66
53
63
78
68
80
63
71
85
85
83
91
87
88
93
108
125
114
111
121
120
101
114
110
122
116
105
114
120
101
84
75
90
80
62
61
50
48
39
28
24
13
16
-8
-14
-13
-3
-13
-27
-27
-22
-29
-30
-19
-15
-17
-35
-23
-25
-42
-25
-11
-26
-13
-25
-28
-29
-22
-29
-12
-9
-12
2
-23
2
-7
7
3
0
3
6
9
2
4
7
18
11
21
26
20
8
28
9
15
19
29
29
14
21
13
13
13
17
27
29
20
28
30
36
32
33
44
29
28
21
13
16
8
15
30
30
11
21
34
40
21
12
38
41
39
41
46
52
51
66
65
69
88
72
76
93
93
77
75
92
92
83
78
97
96
78
97
95
77
72
66
60
62
50
48
45
37
27
11
16
-3
-25
-18
-17
-16
-19
-16
-23
-36
-27
-40
-35
-29
-48
-34
-48
-40
-34
-50
-47
-41
-38
-47
-39
-54
-27
-33
-33
-13
-27
-6
-20
-17
-14
-5
-8
-29
-2
-1
-2
12
8
16
23
28
23
30
22
20
31
26
24
25
27
8
8
5
15
0
9
8
2
-5
1
0
-9
-6
7
-6
-15
-2
-14
0
-5
-2
3
1
-15
-19
-12
-4
-4
11
-6
-4
-8
-3
10
14
20
14
23
35
44
40
50
63
65
63
80
89
79
75
91
90
95
103
76
87
88
83
107
108
105
113
107
111
118
111
116
112
116
108
96
97
99
104
89
83
63
67
54
45
50
43
46
45
31
24
32
14
17
4
16
0
-3
-15
-18
-24
-10
-3
-9
-16
-13
2
-22
-2
-7
-3
9
10
14
18
27
31
32
32
21
39
21
22
15
29
29
34
27
23
25
27
18
27
32
16
18
2
13
18
15
5
2
-6
4
-3
-5
4
-5
-3
-3
-15
-1
-11
5
15
13
5
14
1
19
12
18
20
