31
40
17
16
1
21
23
4
1
16
14
7
14
-1
-2
16
4
17
4
7
16
0
18
9
12
-2
13
-6
-1
3
4
13
11
12
8
19
6
2
2
-4
-23
8
10
26
12
7
-1
-5
25
18
-5
-5
2
19
13
2
10
0
7
4
19
6
22
25
15
15
1
7
-8
2
-6
-4
-7
-13
-19
-16
-23
-29
-24
-4
-16
-28
-12
-15
-4
-19
-17
-13
-21
-32
-22
-20
-19
-12
-19
-20
-11
-17
-8
-2
3
-1
-21
-8
-9
-12
-18
-21
-8
-20
-12
1
2
5
10
23
14
4
-12
-14
5
-1
-12
-12
-5
-3
6
-4
3
-8
-20
-11
-2
14
10
10
-4
3
2
-17
-6
-9
-17
-7
-7
-5
13
15
8
-3
4
13
12
13
14
14
14
15
0
5
25
11
7
15
12
14
7
23
18
8
12
27
5
3
5
5
6
3
3
10
17
23
12
31
30
17
30
31
49
24
22
30
22
21
23
17
18
19
33
20
18
11
5
13
2
-5
3
16
9
22
25
18
23
33
24
20
12
18
28
33
26
12
14
22
9
13
23
27
33
20
26
24
18
20
30
29
27
27
26
23
26
27
17
13
17
8
16
11
23
19
1
7
9
17
6
19
14
4
9
4
3
9
-7
-3
4
-11
-13
-19
-17
-12
-2
8
-24
-29
-23
-21
-11
-9
-22
-13
-16
-19
-7
-9
-7
-16
-28
-33
-19
-7
-13
-24
-24
-2
-3
-15
-20
-13
-16
-21
-19
-17
-23
-24
-18
-18
-21
-17
-21
-41
-29
-18
-20
-19
-10
-21
-9
-12
-18
1
-15
-4
-15
-31
-15
-8
-9
4
-12
-17
2
-6
-17
1
-13
-14
-14
-15
-7
-11
-18
-20
-14
-30
-8
-13
-6
7
-26
-26
-24
-28
-13
-15
-13
-13
-32
-18
-25
-15
-16
-39
-26
-21
-18
-32
-20
-41
-37
-36
-36
-37
-49
-30
-26
-23
-29
-29
-23
-34
-39
-35
-42
-36
-45
-44
-40
-43
-22
-31
-42
-32
-48
-31
-42
-47
-42
-30
-42
-31
-28
-34
-42
-45
-34
-39
-24
-43
-38
-39
-38
-31
-28
-26
-41
-29
-34
-24
-36
-42
-41
-40
-32
-37
-15
-18
-21
-28
-17
-15
-15
-21
-33
-20
-33
-37
-26
-18
-23
-27
-36
-24
-29
-23
-7
-16
-5
8
-12
-11
-26
-15
-7
-15
-6
-3
-10
-28
-43
-33
-20
-25
-32
-30
-11
-31
-24
-30
-24
-26
-38
-48
-52
-32
-20
-29
-34
-23
-27
-39
-41
-25
-38
-51
-47
-41
-37
-51
-41
-44
-45
-37
-34
-30
-14
-18
-40
-18
-21
-29
-23
-12
-3
-29
-28
-10
-14
-5
-22
-15
-11
-9
-12
-10
-13
-2
-3
-12
-11
-11
-5
-1
-14
-4
-2
-11
-16
-32
-14
-13
-20
-25
-26
-27
-31
-16
-9
-40
-20
-25
-21
-37
-31
-38
-48
-45
-49
-41
-33
-35
-34
-33
-43
-36
-18
-29
-31
-39
-46
-39
-45
-31
-49
-55
-42
-51
-36
-34
-43
-47
-49
-63
-61
-47
-53
-39
-40
-44
-66
-55
-39
-49
-31
-49
-50
-46
-33
-41
-42
-37
-28
-31
-37
-38
-33
-32
-25
-34
-37
-25
-38
-38
-38
-34
-48
-39
-50
-51
-53
-61
-46
-46
-44
-49
-50
-49
-50
-49
-47
-43
-41
-33
-49
-31
-31
-47
-38
-48
-34
-28
-54
-42
-39
-51
-39
-46
-47
-47
-44
-46
-37
-40
-48
-42
-48
-55
-52
-47
-54
-41
-17
-26
-26
-38
-21
-23
-18
-28
-41
-23
-46
-39
-53
-59
-50
-58
-54
-43
-54
-47
-43
-51
-46
-47
-41
-42
-32
-25
-11
-27
-33
-16
-30
-14
-12
-2
-16
-12
-6
-17
-6
-17
-26
-25
-39
-19
-23
-20
-31
-46
-24
-24
-29
-25
-18
-38
-22
-16
-21
-15
-23
-35
-29
-22
-35
-42
-32
-18
-36
-37
-31
-28
-17
-34
-31
-20
-32
-35
-36
-27
-30
-32
-35
-27
-19
-18
-23
-40
-25
-24
-43
-20
-28
-36
-19
-40
-35
-20
-14
-28
-30
-32
-33
-22
-35
-21
-24
-25
-44
-25
-22
-38
-36
-22
-23
-29
-36
-28
-21
-6
-5
-6
-8
-18
-7
-30
-7
-7
-16
-16
-17
-23
-18
-5
-19
-20
-22
-17
-19
-3
-6
-19
-8
-18
-30
-29
-31
-26
-26
-20
-23
-27
-38
-31
-11
-21
-43
-26
-30
-47
-23
-26
-37
-32
-48
-51
-46
-37
-32
-39
-44
-47
-58
-46
-37
-52
-30
-47
-39
-34
-36
-37
-36
-20
-34
-40
-28
-45
-46
-35
-50
-42
-51
-50
-57
-34
-41
-43
-47
-57
-47
-48
-52
-44
-26
-45
-48
-42
-56
-66
-60
-63
-62
-60
-65
-64
-66
-60
-72
-69
-56
-57
-58
-49
-68
-69
-55
-63
-49
-66
-59
-53
-60
-65
-56
-60
-71
-68
-57
-57
-54
-38
-68
-53
-44
-57
-41
-52
-39
-36
-31
-44
-34
-35
-33
-38
-58
-48
-40
-50
-48
-50
-56
-49
-42
-53
-53
-49
-54
-53
-41
-38
-41
-36
-44
-41
-49
-45
-53
-54
-64
-45
-49
-55
-57
-54
-47
-45
-43
-49
-48
-47
-29
-30
-30
-21
-22
-24
-31
-43
-49
-35
-23
-47
-50
-36
-43
-22
3
-27
-34
-24
-26
-10
-8
-27
-19
-20
-15
-12
-20
-12
-8
-21
-25
-20
-27
-20
-21
-22
-28
-19
-21
-21
-15
-38
-10
-26
-11
-10
-33
-11
-24
-13
-7
-17
-21
-27
-29
-25
-25
-35
-43
-32
-24
-12
-15
-23
-7
-24
-27
-33
-33
-18
-26
-24
-18
-15
-19
-22
-23
-25
-13
-24
-27
-8
-27
-21
-9
-12
-34
-29
-8
-14
-4
-13
-11
-1
-5
-12
-4
-4
-2
-17
-17
-15
-15
-1
-8
2
1
-15
-23
-20
-28
-24
-42
-28
-46
-36
-12
-32
-22
-22
-23
-40
-29
-28
-22
-27
-33
-32
-19
-26
-31
-29
-34
-29
-31
-43
-31
-44
-38
-34
-29
-25
-33
-25
-31
-19
-33
-24
-31
-35
-30
-7
-26
-41
-38
-41
-41
-50
-50
-35
-32
-21
-14
-35
-24
-29
-29
-31
-29
-27
-27
-20
-25
-28
-34
-23
-20
-31
-26
-16
-40
-22
-20
-22
-20
-26
-36
-28
-38
-17
-22
-29
-12
-31
-28
-36
-37
-33
-31
-21
-17
-27
-19
-27
-24
-13
-9
-29
-25
-33
-32
-25
-22
-39
-34
-21
-34
-24
-28
-15
-16
-10
-7
-12
-12
2
0
-3
-16
-5
-3
-2
-7
-11
-4
5
0
7
23
12
7
3
-12
21
9
1
8
15
18
3
7
1
8
4
-5
-2
23
2
-5
-12
5
11
-3
2
-15
1
-11
-6
13
-2
0
23
11
0
-9
-6
-8
-8
-9
10
0
2
9
-8
1
13
18
1
11
14
17
21
22
6
15
11
7
4
-6
2
-3
-8
1
5
9
2
23
25
12
14
13
13
-2
5
17
-4
0
9
-5
9
13
17
8
11
15
2
13
6
5
-5
-2
3
16
1
13
3
3
13
-14
0
-2
-7
8
-3
-1
0
-2
19
17
24
17
1
6
4
1
-3
9
12
2
21
7
15
19
11
18
6
5
-2
10
7
1
-9
-8
-15
-7
-1
-6
8
6
-7
9
26
9
8
5
10
-2
9
15
4
-3
5
2
4
9
7
10
8
10
19
5
-4
13
9
18
10
5
1
26
22
2
15
-1
1
14
15
-4
-5
-2
2
2
1
9
15
9
5
34
15
11
7
13
17
23
30
29
31
24
26
26
36
32
28
26
37
40
37
31
29
29
30
15
16
31
28
28
22
18
14
13
3
13
10
9
17
13
22
15
20
12
24
28
32
19
30
24
27
40
30
43
50
59
49
53
52
44
29
48
42
42
46
32
53
30
26
24
27
32
48
53
30
44
38
45
41
39
32
34
33
32
34
31
33
30
41
27
35
51
33
19
40
32
34
36
39
34
34
47
38
38
30
25
30
34
38
26
25
32
32
24
14
29
17
28
21
28
38
32
27
24
29
38
39
24
31
51
28
41
29
24
53
33
31
38
53
44
43
36
52
53
46
47
32
39
33
25
30
38
50
53
37
28
28
12
28
26
13
38
34
19
24
26
32
42
52
47
40
48
45
45
31
33
32
31
21
29
21
15
15
17
18
29
19
8
2
0
1
-5
-2
-4
0
2
-14
-9
-8
-4
-3
-15
-17
-18
-3
-3
-7
-12
-14
-15
-6
-10
-6
-11
-12
-15
-17
-8
-14
-7
-13
-12
-12
-16
-14
-21
-20
-9
-14
-8
-8
-4
-14
-12
0
-4
-8
6
-1
-12
-1
-14
0
-15
-8
-4
1
-20
-14
1
-8
-11
-8
3
-2
-2
-22
-20
-21
-27
-15
-21
-17
-12
-14
-23
-9
-14
-25
-20
-8
-5
-10
2
-11
-7
-4
-22
-12
-14
-35
-21
-23
-29
-29
-24
-21
-29
-34
-19
-24
-23
-11
-8
-20
-13
-11
-24
-23
-30
-30
-33
-22
-42
-41
-36
-36
-10
-20
-14
-15
-16
-27
-10
-13
-32
-27
-21
-11
-9
-15
-16
-10
-23
-9
-11
5
-19
-20
-17
-13
-21
-7
-10
-22
-28
-33
-8
-23
0
-6
-13
-15
10
0
-10
-3
-11
-13
-11
-13
-8
-7
-14
-18
-26
-8
-15
-9
-15
-3
-11
-8
-7
-2
7
2
3
4
12
13
17
10
-5
3
-12
-12
4
1
2
12
5
2
12
10
19
10
5
7
17
9
19
7
10
24
29
19
8
25
17
28
33
25
34
37
34
24
31
20
28
26
6
17
20
25
14
18
23
5
17
13
17
20
21
33
12
26
33
20
29
29
20
29
9
4
14
12
-3
-12
6
12
10
13
17
22
11
27
24
19
29
16
15
12
8
3
8
10
13
15
16
18
30
17
22
39
34
41
45
33
15
7
37
41
23
12
16
33
31
11
8
11
8
8
14
14
3
23
5
8
24
27
6
3
20
6
16
-2
2
7
3
0
1
6
-1
13
-4
2
26
2
3
2
10
3
1
3
-14
2
-19
4
-16
-18
-1
-3
-9
-26
9
-6
-6
6
-10
-19
-19
-26
-7
-10
-11
-5
-16
-12
-8
-11
-1
-10
-18
-22
-11
2
-16
-6
-8
-7
-9
-8
-6
-8
-17
-17
-13
-18
-22
-25
-20
-34
-23
-42
-34
-31
-51
-39
-50
-24
-33
-50
-69
-52
-33
-44
-40
-44
-50
-39
-46
-45
-34
-43
-40
-44
-27
-27
-40
-34
-42
-52
-38
-37
-38
-33
-43
-40
-39
-53
-39
-33
-35
-38
-48
-37
-50
-38
-37
-35
-43
-45
-23
-48
-41
-30
-40
-22
-39
-40
-43
-55
-39
-46
-36
-37
-46
-36
-31
-37
-45
-46
-32
-36
-20
-34
-43
-35
-31
-29
-27
-12
-16
-29
-33
-28
-40
-27
-20
-33
-24
-16
-15
-8
-12
-4
2
-5
-2
-3
-2
-1
4
-9
-5
1
5
4
-4
0
-5
5
0
-4
6
7
1
8
8
7
-8
-3
1
-9
3
-1
0
-11
-3
-6
-11
-16
-23
-10
-20
-15
-10
1
-12
-23
-12
-25
-10
-16
-9
-1
-3
0
-3
8
9
7
4
2
13
0
2
3
-5
4
12
6
8
13
7
5
6
3
12
0
-2
11
9
6
11
7
6
10
0
6
2
13
12
6
7
9
2
1
11
6
-5
-11
6
9
5
5
9
5
-13
-10
-16
-14
-3
-14
-4
0
-20
-15
-11
-36
-17
-20
-20
-2
-3
-15
-23
-13
-15
-12
-4
-5
-19
-17
-19
-29
-15
-12
-34
-21
-9
-12
-16
-20
-9
-7
-14
-9
-6
-16
-5
-9
0
-6
-7
-4
-18
-7
-4
-11
-13
-7
-7
-2
-1
-2
3
-3
-8
-11
17
-2
-2
-10
-26
-14
-20
-20
-27
-30
-24
-33
-26
-30
-27
-21
-15
-26
-24
-22
-9
-30
-24
-26
-30
-6
-24
-17
-17
-26
-12
-12
-10
9
-20
2
-13
-6
1
-21
-21
-6
-8
-12
-20
-20
-14
-8
-26
-29
-21
-29
-12
-22
-14
-20
-9
-8
-20
-9
-18
-22
-20
-22
-16
-17
-24
-17
-21
-29
-31
-38
-42
-51
-44
-41
-40
-49
-39
-54
-50
-47
-50
-45
-51
-50
-37
-37
-52
-55
-51
-47
-36
-33
-50
-30
-27
-33
-30
-21
-27
-41
-37
-49
-51
-44
-31
-31
-23
-35
-33
-35
-43
-34
-36
-23
-38
-31
-48
-53
-42
-33
-51
-35
-45
-36
-30
-53
-34
-29
-33
-26
-24
-25
-22
-13
-11
-34
-27
-24
-18
-7
-16
-21
-21
-18
-15
-23
-15
-16
-13
-4
-2
-24
-14
-28
-34
-18
-20
-21
-11
-13
-30
-14
-26
-27
-18
-17
-47
-4
-24
-24
-27
-23
-7
-19
-28
-30
-23
-47
-35
-22
-11
-35
-39
-47
-49
-41
-51
-55
-58
-51
-50
-63
-58
-71
-59
-63
-70
-68
-67
-75
-62
-47
-53
-58
-71
-51
-58
-66
-73
-70
-49
-55
-56
-48
-45
-49
-42
-45
-49
-59
-70
-52
-45
-44
-62
-61
-59
-45
-42
-72
-54
-51
-32
-40
-35
-29
-32
-28
-31
-34
-28
-26
-27
-15
-26
-28
-16
-25
-29
-22
-28
-25
-30
-31
-31
-28
-30
-27
-31
-31
-34
-38
-41
-34
-33
-23
-27
-33
-28
-26
-8
-29
-20
-15
-27
-26
-26
-24
-22
-27
-36
-37
-43
-36
-40
-39
-47
-36
-43
-51
-52
-61
-48
-45
-59
-73
-60
-56
-39
-44
-40
-41
-41
-34
-35
-34
-34
-53
-46
-25
-30
-37
-35
-44
-40
-15
-37
-26
-36
-38
-36
-31
-29
-35
-43
-46
-19
-38
-33
-34
-41
-33
-37
-33
-45
-36
-34
-31
-30
-27
-28
-30
-34
-26
-42
-34
-28
-37
-27
-36
-40
-31
-21
-41
-28
-23
-30
-20
-24
-31
-31
-27
-22
-17
-21
-29
-26
-35
-31
-36
-19
-22
-23
-25
-17
-29
-24
-23
-49
-20
-36
-24
-29
-26
-16
-14
-7
-22
-26
-23
-17
-19
-9
-16
-32
-12
-10
-12
-3
-10
-9
-15
-11
-8
-13
-6
-19
-14
-32
-23
-8
-9
-8
-7
4
-19
-5
-19
-27
-8
-10
-15
-23
-21
-4
-4
-1
4
-11
-4
1
-9
2
-10
-2
4
10
28
9
14
27
4
-2
-6
4
7
-6
-14
-1
12
-2
5
3
-12
-20
-16
0
-30
-20
-6
-14
-8
-17
-36
-41
-24
-25
-31
-47
-22
-25
-23
-36
-31
-26
-27
-25
-24
-22
-26
-27
-30
-26
-28
-25
-27
-6
-24
-22
-14
-12
-23
-33
-15
-33
-18
-3
-14
-16
-11
-7
-8
-5
-11
6
-4
-11
-20
-18
-16
-25
-7
-23
-24
-36
-19
-12
-9
2
-7
-14
-24
-12
-5
-11
-2
2
-11
3
-6
-10
2
-12
-13
-3
-8
-9
-11
-11
-18
-17
-16
-9
-4
-8
8
5
-1
11
2
13
3
-4
0
-15
-1
-5
1
-2
-7
6
-6
3
10
17
9
6
12
0
-6
-2
-16
-17
-2
-5
-8
-8
-1
-4
-9
-8
-9
-3
-19
-8
-16
-22
-16
-21
-27
-26
-14
-25
-16
-22
-15
-13
-14
-4
-9
-8
-3
-5
-16
-23
-21
-16
-21
0
-12
-9
0
-15
-8
-8
-13
-12
-16
-10
-24
-15
-4
-10
-18
-21
-5
-9
-3
-7
-2
-2
-12
-5
-6
-10
7
-7
-3
3
5
16
-1
1
-1
1
-12
-21
-30
-15
-13
-28
-30
-29
-17
-29
-5
-17
-26
-16
-15
-31
-46
-24
-24
-17
-26
-32
-20
-23
-38
-42
-28
-34
-31
-40
-37
-39
-32
-46
-45
-54
-46
-45
-32
-37
-49
-32
-39
-36
-45
-24
-29
-51
-32
-37
-38
-30
-46
-40
-38
-33
-38
-39
-44
-47
-37
-47
-42
-43
-34
-31
-36
-32
-37
-40
-28
-30
-51
-42
-31
-41
-34
-30
-23
-15
-28
-30
-38
-42
-50
-36
-20
-35
-33
-30
-38
-34
-31
-33
-27
-28
-33
-29
-42
-34
-43
-50
-33
-36
-29
-31
-17
-35
-37
-24
-50
-36
-26
-38
-17
-18
-36
-26
-24
-33
-36
-30
-19
-26
-30
-26
-28
-16
-31
-27
-35
-21
-20
-24
-33
-26
-17
-33
-28
-29
-19
-20
-25
-26
-36
-23
-23
-37
-43
-25
-24
-22
-19
2
-2
-9
-25
-21
-24
-34
1
-17
-28
-22
-16
-20
-17
-12
-24
-34
-25
-29
-33
-21
-29
-23
-29
-31
-37
-39
-37
-43
-45
-62
-37
-42
-35
-40
-64
-49
-52
-53
-47
-46
-53
-59
-62
-31
-43
-38
-44
-48
-42
-53
-36
-41
-35
-50
-41
-35
-40
-33
-57
-44
-38
-49
-42
-28
-46
-43
-40
-22
-24
-45
-31
-34
-33
-38
-25
-31
-23
-11
-22
-29
-21
-12
-19
-40
-25
-26
-9
-16
5
-3
-17
-7
-9
-8
-8
-10
-22
-24
-25
-17
-37
-32
-35
-14
-37
-42
-30
-47
-38
-36
-42
-24
-23
-20
-27
-30
-18
-15
-19
-36
-27
-33
-47
-32
-27
-35
-36
-50
-52
-51
-52
-55
-45
-43
-49
-37
-55
-50
-42
-47
-57
-39
-31
-48
-44
-18
-37
-45
-31
-33
-55
-37
-48
-35
-16
-48
-37
-32
-41
-46
-33
-22
-19
-33
-39
-27
-33
-29
-23
-31
-21
-17
-15
-10
-22
-21
-12
-5
-2
-5
-4
-5
-16
-17
-17
-14
1
6
0
-1
-5
3
-3
-24
-15
0
-12
-7
0
-14
-9
-4
-15
1
1
-16
-11
1
-7
-1
6
-1
4
-25
-28
-20
-7
-17
-22
-4
-25
-29
-12
-15
-10
-8
-7
-6
-6
-17
-29
-38
-20
-27
-18
7
-19
-8
1
-9
-14
-24
-18
-6
-17
-16
-16
-17
-7
-9
-23
-4
-21
-14
6
-4
-11
-17
-12
-20
-26
-21
-9
-7
-8
-15
-4
-17
-18
-18
-17
-17
-26
-23
-19
-3
-9
-5
-12
-18
-32
-18
-12
-17
-9
-11
-26
-32
-10
-29
-25
-20
-33
-27
-10
-21
-20
-13
-21
-5
-16
-24
-15
-30
-22
-31
-33
-30
-26
-24
-18
-14
-17
-14
-27
-6
-17
-28
-19
-13
-24
-29
-29
-17
-15
-8
-14
-19
-13
-20
-17
-21
-18
-14
-13
-5
-12
-8
-3
-15
-17
-24
-19
-6
-5
-1
-6
-25
-18
-6
-2
0
12
-2
-8
2
7
2
4
7
7
-5
0
4
11
8
-5
7
2
0
-11
-2
4
1
-16
-10
-15
-20
-14
1
-14
-21
-20
-22
-17
-8
-18
-20
-14
-18
-30
-29
-22
-27
-15
-24
-13
-27
-35
-41
-44
-39
-27
-23
-29
-16
-4
-15
-10
-7
-10
-4
-11
-7
-16
-8
-12
-16
-10
-14
-7
-9
-7
-2
-3
-23
-15
-14
-15
-14
-11
-12
1
-13
-10
4
8
-1
-24
-5
-20
-8
-4
-11
-6
-15
-8
-31
-32
-23
-2
-8
-2
-7
-7
7
-17
-7
-15
-19
-21
-23
-22
-14
-24
-16
-18
-32
-23
-34
-24
-24
-20
-24
-20
-29
-19
-19
-34
-31
-22
-17
-9
-28
-36
-18
-7
-7
-14
-33
-19
-10
-21
-19
-15
-13
-12
-13
-10
-21
-25
-17
-20
-29
-20
-14
-24
-23
-25
-11
-33
-21
-29
-25
-13
-24
-14
-9
-14
-19
-25
-26
-23
-27
-14
-12
-13
-18
-17
-12
-1
0
-7
-15
-9
-17
-10
-18
-17
-21
-8
-3
-16
5
-9
2
4
-1
3
-18
-6
-5
-7
-13
-22
-3
-7
0
-9
-12
-17
-19
-1
-14
-3
-6
-14
-9
-15
-9
-21
-20
-29
-22
-17
-27
-19
-27
-13
-19
-14
-34
-20
-24
-22
-2
-17
-5
-33
-14
-12
-19
-8
0
-15
-9
-3
-12
-5
-3
-18
-32
2
-15
-21
-15
-7
-16
-1
-5
-15
-3
-14
-6
0
-8
2
-11
-1
2
-4
12
2
8
-3
9
9
24
3
13
19
4
11
12
9
-1
-4
-22
-4
-7
-2
11
6
15
8
-3
-11
12
9
3
0
-10
-3
-15
-3
-14
1
4
-6
-4
-7
-8
-8
-3
-10
-9
-2
-6
3
10
-6
-3
-1
7
1
-3
6
2
2
7
15
20
13
32
23
17
11
2
15
-5
1
5
15
14
6
6
14
10
8
21
4
16
19
9
28
22
14
21
20
22
19
23
18
30
24
28
42
28
8
-3
13
21
2
14
13
10
14
7
13
5
22
15
11
25
15
28
18
12
12
17
28
9
8
16
13
9
19
25
9
11
15
28
39
26
19
19
19
22
14
-1
9
11
23
24
23
33
21
11
23
30
30
40
25
15
24
25
19
9
3
16
17
14
8
15
28
35
29
22
13
15
16
26
16
5
21
26
36
33
28
17
18
24
13
30
19
7
18
23
19
15
14
23
9
16
15
10
17
16
16
24
23
24
18
15
16
15
20
32
30
9
18
6
1
12
5
0
1
-2
-3
-4
-1
-6
4
-15
-18
-2
-1
-6
-16
-7
-8
-8
-8
-5
-4
4
-6
-13
-18
-13
-18
-23
-16
-7
4
11
5
4
-5
-11
-5
-3
-12
1
0
-9
-1
-13
-3
4
-12
-1
2
-2
-2
-16
-19
-18
-10
-13
-14
-10
6
-5
-23
-18
-10
-17
-5
6
-17
-16
-8
-18
-4
-22
-4
-21
-16
-20
-38
-14
-27
-29
-34
-37
-34
-42
-29
-34
-41
-45
-56
-43
-45
-57
-52
-53
-48
-52
-55
-44
-51
-53
-37
-42
-54
-38
-50
-42
-28
-43
-25
-26
-32
-32
-46
-38
-34
-28
-19
-16
-47
-33
-23
-25
-16
-16
-28
-23
-29
-28
-21
-26
-13
-19
-23
-21
-9
-20
-23
-15
-33
-17
-17
-17
-20
-6
-14
-11
-9
-14
-11
-12
-30
-34
-28
-26
0
-14
-4
-23
-19
-25
-13
-10
-20
-9
-25
-25
-9
-28
-8
-4
-11
1
-15
-7
-14
-14
-18
-9
-6
-19
-15
-18
-10
-15
-14
-4
-13
-11
-13
-25
-15
-16
-15
-21
-17
-5
-25
-6
-6
-4
-9
-10
-8
-19
-25
-9
-15
-24
-10
-7
2
-21
5
-7
-4
-6
-7
4
9
10
4
10
-3
1
-12
-6
-8
-1
-3
3
6
19
11
16
14
-1
-6
3
-18
-10
1
14
0
-8
-8
-11
-14
-22
-12
-9
-10
-7
-12
-30
-26
-18
-34
-23
-23
-9
-26
-17
-17
-31
-11
-29
-47
-32
-23
-26
-29
-33
-53
-56
-39
-60
-49
-56
-59
-59
-69
-57
-66
-53
-51
-68
-51
-58
-64
-67
-55
-60
-56
-60
-62
-45
-60
-82
-54
-43
-56
-54
-72
-61
-63
-65
-60
-60
-53
-48
-57
-45
-52
-54
-39
-48
-53
-35
-41
-49
-49
-48
-53
-65
-66
-74
-61
-71
-51
-51
-61
-59
-62
-63
-63
-71
-76
-51
-59
-59
-47
-78
-79
-72
-74
-65
-88
-81
-92
-100
-74
-65
-94
-83
-78
-95
-95
-83
-95
-104
-86
-82
-86
-92
-82
-88
-103
-85
-84
-97
-91
-94
-93
-96
-91
-93
-97
-88
-85
-97
-86
-97
-107
-113
-107
-82
-111
-90
-99
-99
-82
-84
-88
-90
-104
-94
-96
-102
-99
-96
-93
-98
-99
-105
-113
-103
-101
-101
-105
-85
-88
-103
-101
-108
-104
-114
-98
-102
-98
-110
-99
-100
-119
-107
-103
-108
-116
-105
-116
-120
-123
-121
-120
-112
-124
-121
-138
-126
-125
-128
-127
-141
-118
-119
-134
-146
-134
-141
-129
-141
-135
-143
-166
-140
-140
-139
-140
-144
-149
-143
-147
-147
-133
-147
-140
-136
-146
-135
-151
-142
-138
-141
-146
-152
-140
-142
-148
-150
-139
-160
-153
-144
-158
-163
-154
-163
-171
-170
-162
-150
-170
-169
-165
-162
-153
-157
-185
-170
-156
-176
-152
-162
-167
-169
-170
-151
-174
-157
-169
-168
-158
-163
-175
-174
-174
-175
-164
-179
-176
-170
-172
-172
-172
-174
-179
-163
-167
-171
-167
-189
-184
-173
-177
-201
-196
-207
-213
-199
-188
-202
-198
-208
-195
-202
-211
-210
-221
-218
-217
-221
-226
-216
-228
-214
-224
-241
-224
-229
-232
-239
-238
-227
-222
-220
-214
-227
-226
-217
-227
-222
-214
-215
-221
-216
-214
-213
-212
-218
-218
-230
-209
-210
-209
-202
-223
-212
-208
-214
-218
-221
-217
-227
-227
-220
-236
-219
-220
-227
-217
-225
-220
-222
-217
-227
-221
-229
-228
-210
-228
-214
-218
-213
-235
-226
-228
-239
-240
-241
-239
-228
-233
-246
-229
-228
-235
-239
-237
-242
-231
-230
-228
-233
-216
-220
-235
-236
-236
-246
-243
-251
-252
-238
-245
-233
-244
-234
-224
-243
-238
-237
-247
-251
-245
-237
-245
-245
-239
-247
-243
-240
-253
-267
-240
-248
-248
-254
-244
-236
-251
-241
-252
-247
-244
-234
-238
-232
-249
-238
-240
-248
-239
-227
-230
-240
-244
-238
-236
-230
-222
-247
-224
-234
-239
-232
-238
-248
-236
-239
-240
-239
-249
-263
-258
-248
-249
-243
-247
-245
-249
-245
-244
-245
-254
-272
-287
-277
-261
-276
-271
-251
-265
-256
-247
-247
-237
-241
-253
-257
-251
-250
-253
-247
-230
-257
-259
-252
-254
-239
-251
-248
-246
-244
-238
-250
-232
-242
-241
-244
-238
-233
-241
-239
-231
-243
-244
-234
-226
-241
-228
-232
-241
-239
-253
-237
-234
-231
-230
-238
-235
-238
-235
-223
-226
-224
-220
-226
-213
-214
-229
-210
-207
-200
-201
-210
-206
-205
-200
-201
-193
-197
-200
-208
-198
-196
-193
-192
-200
-178
-191
-190
-199
-189
-194
-186
-207
-201
-197
-200
-185
-196
-179
-179
-185
-189
-196
-195
-197
-193
-195
-184
-178
-196
-189
-200
-185
-184
-187
-183
-173
-187
-204
-188
-190
-181
-171
-167
-186
-175
-177
-186
-190
-192
-183
-186
-171
-196
-194
-192
-202
-187
-193
-190
-193
-188
-183
-182
-197
-178
-180
-191
-186
-189
-180
-184
-196
-194
-193
-200
-205
-198
-194
-192
-193
-200
-208
-206
-212
-220
-210
-221
-224
-217
-211
-229
-233
-224
-238
-233
-233
-238
-237
-239
-241
-243
-241
-231
-234
-241
-234
-253
-238
-238
-252
-239
-235
-245
-240
-232
-244
-253
-249
-230
-239
-244
-254
-246
-248
-245
-229
-244
-239
-240
-251
-250
-241
-239
-236
-231
-234
-234
-239
-241
-246
-244
-236
-238
-237
-237
-223
-235
-237
-228
-242
-244
-236
-229
-232
-218
-222
-234
-216
-208
-209
-211
-215
-227
-221
-220
-218
-216
-207
-194
-203
-208
-200
-184
-186
-191
-180
-193
-196
-192
-182
-187
-186
-176
-182
-179
-171
-183
-168
-158
-172
-160
-165
-142
-152
-139
-145
-134
-142
-131
-139
-128
-129
-134
-110
-127
-131
-145
-129
-143
-137
-121
-126
-121
-117
-119
-120
-120
-117
-131
-117
-98
-109
-103
-112
-110
-98
-92
-88
-78
-78
-78
-72
-61
-62
-84
-76
-66
-76
-76
-64
-78
-90
-76
-73
-72
-78
-83
-79
-72
-74
-83
-56
-53
-68
-52
-59
-44
-51
-62
-50
-53
-43
-54
-64
-61
-61
-61
-46
-43
-34
-33
-37
-48
-42
-58
-44
-41
-49
-28
-49
-44
-45
-30
-39
-33
-33
-18
-19
-16
-10
-9
-1
-13
-24
-19
6
1
-3
5
-9
-5
14
8
18
18
24
28
37
43
46
53
53
57
65
60
61
65
55
61
70
76
75
72
67
80
76
76
74
73
82
76
69
100
87
84
91
89
87
79
95
86
93
99
86
73
90
96
98
77
74
102
101
103
103
107
98
103
97
97
110
112
121
111
117
132
117
124
117
120
121
130
128
124
139
120
125
133
125
122
127
143
147
137
126
140
129
139
130
144
153
140
149
139
142
162
155
145
156
150
171
163
168
170
163
167
168
192
188
188
180
184
173
192
171
181
179
171
172
167
176
168
180
184
185
188
188
182
179
176
206
198
195
199
198
185
202
197
188
190
193
193
195
193
195
199
204
212
207
197
205
200
198
205
192
210
207
214
210
202
216
220
214
206
209
225
224
225
211
210
224
230
215
208
205
205
211
220
229
221
222
211
211
204
225
225
218
224
216
207
208
201
202
214
224
226
226
222
211
214
210
217
222
213
204
199
213
206
210
218
216
224
224
213
234
230
222
213
223
225
225
226
245
253
227
234
231
253
233
239
243
223
232
224
219
228
225
231
237
236
233
232
239
236
239
253
250
240
252
247
234
250
250
243
234
234
243
236
229
234
242
221
220
219
225
215
228
213
224
242
236
245
235
236
248
246
245
252
234
232
231
254
257
245
256
258
251
260
250
237
253
259
263
250
244
253
264
266
281
272
264
265
258
261
256
257
249
262
258
256
264
252
266
268
265
274
276
261
278
273
263
273
265
258
271
270
269
286
259
273
282
297
285
296
276
273
286
276
285
280
293
277
288
278
279
295
277
290
297
300
306
300
295
300
303
306
286
280
299
311
308
301
293
288
304
310
303
299
300
310
304
304
321
313
316
309
325
317
318
316
321
336
320
335
337
341
324
336
341
324
309
331
338
332
324
328
336
322
338
328
320
336
342
335
335
322
330
334
330
341
344
339
340
338
343
343
335
327
328
341
338
352
355
346
357
345
353
360
344
346
350
350
347
358
346
339
344
349
348
350
355
370
358
364
377
360
369
371
356
359
370
364
365
374
373
380
379
381
381
356
377
366
358
363
372
381
381
377
376
378
372
363
351
356
371
359
378
388
380
393
391
381
374
387
386
368
368
388
374
378
372
379
384
373
381
377
372
366
381
377
373
379
364
373
370
376
374
385
389
370
392
396
373
379
376
370
380
369
362
384
380
377
361
372
385
364
375
374
369
370
372
375
368
371
367
371
353
366
365
352
362
357
361
363
361
370
352
364
361
365
364
377
369
369
363
361
364
354
357
362
353
361
355
348
353
356
375
360
374
353
356
359
358
367
372
359
365
377
361
366
359
350
353
352
357
354
350
368
355
347
364
368
359
370
373
371
370
357
365
371
371
361
372
366
374
376
365
380
384
374
358
376
363
359
367
360
391
376
360
360
379
365
372
369
347
368
369
380
367
361
366
376
366
370
376
366
358
359
365
350
342
351
368
356
348
367
350
358
358
344
358
348
356
363
347
352
350
350
353
346
349
338
342
348
336
367
347
338
345
329
341
332
345
341
343
334
338
346
344
336
339
341
333
348
330
337
327
339
358
349
326
344
351
354
359
353
366
343
344
330
337
344
328
329
336
349
333
335
344
353
342
337
339
350
346
343
339
331
346
338
363
346
350
353
344
346
334
344
342
341
341
359
358
350
340
335
346
346
364
351
356
361
357
365
358
361
362
357
359
358
354
358
347
358
364
362
372
355
360
355
357
353
354
355
367
365
359
354
356
342
351
344
353
350
338
340
353
337
331
335
335
347
326
331
345
346
339
336
330
342
320
333
335
329
334
326
328
323
318
315
324
318
309
310
316
309
308
298
292
290
274
283
284
276
297
314
305
291
287
288
287
309
303
294
310
290
289
298
285
278
283
280
286
284
295
288
267
299
298
299
304
290
292
298
295
287
284
287
282
272
276
268
270
278
281
278
281
276
274
270
267
261
265
258
259
256
263
283
275
272
273
268
267
277
271
276
274
267
255
267
253
255
266
254
263
258
241
255
253
241
254
227
241
226
241
239
230
225
225
231
223
225
222
218
216
206
212
209
212
210
207
213
207
225
213
206
212
209
210
209
210
204
208
192
199
211
192
203
196
200
196
186
173
184
184
182
202
185
188
189
183
193
195
198
178
197
194
190
206
192
191
201
196
191
194
204
206
209
212
206
209
204
216
205
204
199
207
201
185
189
194
194
184
193
197
183
182
191
193
186
193
180
202
192
195
205
205
203
192
194
193
189
177
192
194
184
191
190
210
206
211
203
199
216
209
196
193
194
201
203
199
199
204
216
216
193
197
209
218
205
198
205
200
194
194
196
181
189
192
194
206
188
205
217
210
208
201
203
202
205
208
194
188
200
202
187
206
189
183
195
188
194
193
183
181
191
200
209
184
193
189
184
203
196
189
182
189
183
190
200
195
180
190
189
198
184
173
177
184
197
188
187
197
185
195
192
195
198
181
183
179
177
181
169
152
166
180
169
176
181
160
186
171
183
168
163
169
149
173
171
172
174
166
172
175
169
175
176
164
180
170
157
176
168
175
165
158
181
175
176
189
176
170
179
190
198
186
173
175
184
176
174
175
167
171
170
175
181
180
176
179
177
170
183
170
172
157
155
166
152
153
140
137
144
144
146
128
136
148
140
142
140
135
138
128
136
139
140
129
123
129
117
126
129
112
141
115
114
130
123
142
128
128
131
124
117
110
119
111
113
120
112
112
93
119
121
105
114
99
109
116
116
120
104
108
120
110
112
118
111
120
105
107
100
84
107
105
96
110
83
87
73
82
92
83
101
92
105
86
94
82
89
82
84
78
73
84
81
83
72
86
85
67
80
62
72
83
72
79
73
75
83
72
69
75
70
65
59
65
90
79
54
67
66
54
54
56
54
78
65
65
82
79
84
83
67
61
65
73
68
69
64
57
50
52
63
53
53
56
52
46
44
48
39
48
35
27
42
39
26
34
33
15
47
45
45
49
39
53
51
67
51
53
68
51
43
54
48
51
52
36
52
43
46
50
53
64
70
52
47
63
63
61
79
62
70
82
71
71
62
67
72
74
68
68
69
74
73
68
54
77
77
69
71
63
64
60
63
68
58
66
55
56
61
42
52
43
62
56
48
56
41
48
51
46
47
41
48
57
57
63
52
55
59
52
57
56
55
64
63
52
56
48
54
53
52
49
55
50
51
28
36
43
51
53
50
49
41
61
45
46
39
38
40
38
41
51
45
41
35
31
24
10
20
22
9
17
14
8
4
4
11
-5
19
15
0
9
3
1
20
6
2
-3
-1
-5
-2
-1
-4
-9
-4
6
-12
-10
-15
-22
-15
-11
-18
-13
-12
-5
-19
-33
-16
-18
-12
-12
-12
-36
-17
-27
-21
2
-16
-20
-11
-27
-28
-7
-22
-6
-25
-22
-9
-16
-25
-31
-22
-6
-24
-23
-23
-34
-18
-31
-25
-29
-12
-7
-16
-23
-25
-14
-18
-28
-34
-10
-24
-30
-31
-33
-27
-15
-22
-22
-19
-30
-35
-33
-34
-29
-30
-34
-40
-46
-59
-36
-35
-39
-41
-40
-30
-47
-40
-50
-42
-38
-25
-44
-29
-39
-37
-38
-46
-31
-41
-33
-41
-32
-51
-39
-38
-32
-30
-29
-52
-49
-48
-53
-19
-31
-42
-43
-45
-44
-34
-37
-28
-38
-45
-40
-37
-34
-34
-40
-55
-45
-52
-43
-50
-61
-63
-68
-51
-51
-50
-53
-41
-41
-60
-50
-47
-49
-42
-40
-42
-63
-52
-45
-54
-38
-38
-44
-46
-52
-61
-44
-57
-56
-57
-65
-57
-53
-44
-58
-45
-63
-57
-62
-60
-55
-70
-59
-68
-65
-61
-49
-70
-69
-63
-68
-64
-66
-66
-75
-72
-71
-68
-69
-74
-72
-76
-75
-71
-71
-79
-73
-72
-78
-86
-87
-78
-73
-76
-71
-58
-67
-57
-64
-58
-59
-67
-68
-87
-72
-68
-73
-72
-64
-68
-65
-84
-91
-70
-73
-64
-73
-88
-82
-70
-89
-101
-79
-83
-93
-85
-79
-94
-97
-85
-88
-97
-105
-96
-96
-96
-73
-94
-89
-94
-107
-103
-110
-111
-90
-94
-99
-92
-94
-105
-109
-83
-79
-92
-85
-92
-97
-104
-100
-108
-96
-108
-112
-98
-113
-96
-103
-106
-101
-107
-99
-102
-111
-97
-87
-103
-111
-110
-104
-112
-107
-108
-110
-112
-121
-111
-108
-115
-109
-110
-126
-112
-113
-110
-98
-112
-115
-120
-113
-118
-128
-106
-116
-127
-122
-120
-140
-132
-133
-131
-143
-139
-132
-136
-153
-143
-152
-152
-141
-147
-135
-149
-134
-137
-133
-125
-119
-125
-124
-133
-124
-111
-120
-118
-127
-118
-122
-105
-121
-117
-122
-121
-123
-124
-115
-133
-113
-127
-123
-116
-136
-128
-137
-128
-118
-128
-122
-136
-130
-123
-130
-117
-119
-139
-115
-115
-121
-122
-111
-108
-111
-119
-123
-111
-117
-117
-119
-110
-121
-96
-117
-123
-107
-114
-111
-106
-103
-96
-107
-112
-111
-111
-99
-114
-122
-122
-109
-107
-106
-106
-96
-102
-94
-103
-86
-98
-102
-100
-108
-93
-114
-101
-103
-117
-96
-104
-107
-101
-102
-104
-106
-114
-132
-133
-115
-116
-109
-109
-122
-120
-107
-111
-124
-115
-102
-130
-122
-115
-114
-102
-100
-103
-119
-118
-109
-104
-115
-112
-117
-104
-104
-122
-102
-108
-118
-113
-99
-101
-121
-118
-111
-111
-106
-109
-107
-103
-103
-99
-95
-86
-90
-88
-88
-78
-75
-85
-83
-89
-87
-95
-93
-86
-104
-94
-80
-91
-100
-104
-93
-97
-89
-98
-103
-86
-108
-85
-91
-91
-79
-83
-92
-100
-101
-111
-93
-102
-88
-91
-98
-87
-110
-100
-81
-87
-80
-76
-80
-60
-54
-59
-62
-63
-68
-55
-57
-69
-66
-69
-57
-73
-71
-72
-68
-64
-79
-73
-73
-74
-80
-81
-95
-85
-93
-89
-78
-73
-76
-86
-64
-82
-83
-76
-81
-72
-78
-83
-83
-90
-72
-88
-87
-97
-103
-87
-85
-85
-91
-87
-92
-93
-92
-87
-99
-85
-104
-96
-91
-92
-84
-85
-76
-72
-62
-69
-75
-73
-71
-78
-75
-78
-75
-76
-70
-68
-68
-60
-69
-75
-79
-88
-79
-89
-76
-79
-90
-84
-97
-76
-88
-90
-86
-87
-85
-84
-80
-84
-92
-79
-70
-69
-66
-90
-88
-82
-95
-106
-90
-96
-102
-67
-80
-81
-77
-84
-97
-87
-79
-92
-83
-69
-82
-86
-64
-67
-66
-72
-72
-64
-77
-61
-59
-64
-56
-66
-60
-57
-56
-53
-62
-80
-72
-69
-76
-70
-74
-85
-69
-77
-77
-73
-83
-73
-77
-75
-90
-79
-85
-83
-95
-91
-88
-95
-81
-91
-88
-90
-80
-88
-77
-82
-92
-83
-98
-97
-67
-69
-86
-90
-71
-72
-67
-74
-73
-64
-76
-70
-73
-74
-69
-72
-72
-84
-72
-67
-69
-66
-69
-51
-50
-76
-65
-64
-85
-68
-83
-78
-59
-86
-72
-60
-75
-67
-63
-72
-65
-82
-81
-72
-62
-75
-75
-65
-78
-60
-83
-68
-65
-77
-64
-63
-68
-70
-60
-75
-66
-66
-71
-59
-54
-49
-66
-54
-48
-63
-77
-70
-65
-71
-73
-66
-63
-69
-71
-64
-59
-69
-68
-61
-70
-75
-81
-69
-79
-76
-58
-62
-77
-72
-62
-73
-65
-69
-69
-62
-67
-65
-69
-88
-68
-72
-73
-71
-74
-69
-76
-72
-57
-51
-55
-70
-64
-55
-67
-58
-47
-55
-57
-38
-65
-62
-55
-44
-53
-63
-50
-55
-42
-51
-38
-51
-43
-41
-37
-44
-53
-43
-56
-45
-51
-51
-47
-48
-43
-43
-35
-41
-49
-35
-24
-23
-23
-8
-26
-23
-21
-17
-17
-31
-22
-26
-22
-30
-26
-12
-27
-37
-24
-16
-24
-37
-40
-8
-23
-39
-30
-36
-25
-36
-27
-30
-33
-27
-28
-16
-27
-32
-34
-30
-37
-40
-32
-39
-37
-48
-38
-40
-47
-35
-37
-55
-65
-56
-60
-60
-63
-44
-61
-67
-66
-73
-47
-58
-61
-56
-52
-35
-38
-55
-53
-54
-67
-46
-54
-53
-45
-68
-59
-47
-65
-48
-70
-76
-65
-62
-64
-64
-60
-55
-61
-48
-43
-54
-55
-46
-48
-72
-59
-45
-42
-40
-45
-52
-69
-67
-57
-51
-50
-57
-47
-65
-58
-64
-69
-65
-71
-61
-52
-57
-45
-49
-52
-42
-62
-58
-61
-65
-62
-59
-68
-63
-69
-54
-55
-57
-43
-59
-54
-53
-52
-60
-57
-52
-55
-63
-60
-62
-57
-58
-39
-40
-49
-57
-42
-44
-58
-48
-45
-46
-45
-47
-40
-40
-50
-54
-43
-45
-30
-30
-46
-41
-58
-38
-43
-38
-37
-41
-43
-32
-44
-42
-36
-35
-26
-46
-15
-34
-48
-56
-54
-38
-47
-47
-37
-32
-28
-39
-42
-46
-49
-48
-44
-37
-51
-41
-46
-33
-29
-51
-41
-42
-39
-47
-47
-46
-61
-38
-27
-37
-36
-31
-30
-32
-25
-26
-31
-29
-30
-22
-31
-118
-125
-71
-14
-15
-102
-148
-168
-125
-89
-79
-124
-156
-193
-174
-156
-86
-117
-249
-253
-251
-141
-98
-164
-207
-214
-175
-133
-117
-82
-115
-127
-86
-72
-18
-25
-42
-79
-71
-45
-16
5
-17
-55
-57
-65
-59
-52
-49
-48
-79
-57
-51
-35
-38
-47
-25
-6
21
37
46
69
92
110
146
180
174
173
200
211
252
240
221
272
259
281
295
295
293
247
229
201
185
162
121
53
-43
-111
-178
-230
-255
-315
-393
-495
-561
-593
-604
-617
-636
-667
-691
-675
-616
-566
-531
-467
-400
-329
-249
-137
-51
33
148
295
408
496
548
604
688
790
835
852
842
843
920
883
864
768
679
163
-220
-99
-6
55
-338
-815
-875
-787
-676
-651
-723
-787
-909
-803
-572
-390
-230
-226
-254
-145
9
134
257
323
339
348
290
234
231
245
200
120
26
-78
-234
-310
-321
-396
-431
-510
-632
-637
-659
-665
-606
-517
-425
-377
-363
-351
-194
22
175
229
287
346
416
545
645
728
722
705
690
697
723
737
723
698
639
540
478
469
430
353
206
47
-26
-88
-177
-293
-392
-495
-583
-665
-728
-781
-795
-825
-829
-824
-809
-811
-767
-699
-617
-521
-476
-408
-300
-183
-47
94
231
331
432
493
554
623
637
637
623
624
627
600
562
448
325
263
203
142
29
-108
-142
-117
-76
-135
-232
-207
-120
77
196
265
362
542
669
753
1003
1320
1557
1650
1607
1440
1433
1519
1623
1717
1520
1147
770
530
500
464
294
-67
-505
-822
-1016
-1108
-1129
-1239
-1424
-1627
-1805
-1797
-1656
-1505
-1399
-1331
-1285
-1214
-1027
-767
-465
-234
-76
-37
-21
80
265
516
645
598
425
269
244
311
349
243
-19
-295
-470
-591
-602
-654
-796
-958
-1156
-1258
-1247
-1147
-1036
-1009
-1017
-956
-846
-631
-367
-94
160
402
575
818
1225
1681
2009
2202
2342
2481
2715
2990
3151
3247
3118
2961
2911
2829
2576
1845
1381
1248
1223
842
-28
-734
-1092
-1319
-1541
-1739
-2028
-2478
-2891
-2917
-2687
-2449
-2373
-2387
-2279
-2016
-1655
-1183
-726
-360
13
354
625
938
1367
1743
1980
2113
2202
2194
2097
2060
2069
1935
1729
1302
915
514
45
-222
-554
-879
-1340
-1933
-2405
-2697
-2764
-2787
-2993
-3158
-3314
-3301
-3092
-2806
-2455
-2181
-2001
-1808
-1447
-995
-493
-85
260
522
748
1041
1321
1635
1855
1983
2015
2059
2095
2184
2208
2259
2340
2336
2337
2230
2310
2469
2565
2424
2169
1932
1787
1687
1068
704
704
747
480
-377
-975
-1102
-1154
-1236
-1422
-1629
-1946
-2386
-2369
-2021
-1699
-1607
-1697
-1660
-1397
-1037
-602
-165
116
368
578
796
1084
1429
1759
1947
1935
1910
1878
1770
1708
1685
1597
1357
883
444
144
-66
-210
-436
-901
-1496
-1915
-2111
-1986
-2005
-2257
-2669
-2968
-2847
-2590
-2347
-2222
-2264
-2178
-1974
-1685
-1253
-961
-751
-598
-418
-132
130
328
483
604
740
812
800
840
872
910
930
829
746
693
646
680
759
849
880
941
1069
1321
1649
1847
1991
2119
2269
2503
2588
2482
2269
1918
1814
1949
2004
1701
953
320
102
0
-127
-409
-887
-1386
-1824
-1925
-1791
-1729
-1826
-2021
-2100
-1982
-1748
-1445
-1132
-914
-681
-468
-219
105
469
840
1153
1318
1390
1463
1516
1634
1763
1796
1685
1414
1142
975
867
648
346
12
-462
-780
-1032
-1218
-1474
-1868
-2220
-2460
-2519
-2543
-2596
-2627
-2678
-2663
-2492
-2300
-2096
-1894
-1736
-1520
-1253
-982
-707
-465
-249
-24
181
349
494
607
687
782
863
883
814
755
729
713
749
748
756
780
842
975
1185
1430
1720
1925
1999
2211
2612
3022
3246
3019
2710
2328
2114
2406
2679
2641
1755
646
177
203
263
38
-438
-1074
-1809
-2268
-2158
-1856
-1820
-2118
-2428
-2491
-2357
-2105
-1640
-1186
-970
-857
-699
-404
29
558
1066
1385
1453
1454
1520
1643
1837
2002
2052
1834
1400
1088
954
899
760
507
67
-528
-1073
-1362
-1336
-1472
-1757
-2186
-2596
-2746
-2800
-2700
-2551
-2551
-2537
-2569
-2486
-2215
-1900
-1570
-1353
-1204
-1047
-897
-679
-333
-33
167
226
190
251
392
543
649
637
574
478
371
343
383
388
336
301
250
304
404
603
882
1082
1279
1568
1953
2300
2794
3077
3343
3559
3475
3415
3039
2792
3032
3237
3081
2231
1274
884
683
530
258
-224
-900
-1741
-2310
-2235
-2020
-2123
-2486
-2886
-2995
-2915
-2701
-2222
-1801
-1609
-1509
-1386
-1012
-482
51
618
984
1102
1188
1307
1569
1861
2073
2185
2019
1702
1499
1425
1362
1259
991
655
47
-621
-1058
-1216
-1185
-1439
-2034
-2683
-3102
-3204
-3025
-2883
-2894
-3073
-3305
-3276
-2929
-2433
-2047
-1885
-1799
-1650
-1330
-906
-445
-84
142
275
388
630
858
1061
1169
1162
1113
1010
933
858
823
760
643
515
421
368
376
524
723
1014
1162
1424
1739
2099
2609
3118
3605
3794
3561
3248
3017
3046
3455
3679
3425
2484
1388
877
879
933
640
-50
-960
-1888
-2462
-2413
-2108
-2146
-2646
-3228
-3493
-3387
-3054
-2497
-2028
-1859
-1909
-1863
-1437
-761
-74
533
929
1004
1014
1159
1540
1997
2263
2319
2112
1778
1552
1526
1568
1538
1219
783
6
-743
-918
-831
-818
-1421
-2289
-2916
-3135
-3058
-2870
-2885
-3137
-3515
-3680
-3407
-2920
-2479
-2294
-2275
-2118
-1789
-1369
-876
-465
-152
37
219
445
760
1027
1164
1234
1232
1206
1131
1038
962
897
794
641
470
375
330
332
375
507
683
829
959
1265
1583
2009
2552
3004
3622
3958
3696
3156
2521
2823
3825
4243
3683
2270
1170
855
939
1207
1198
378
-1036
-2350
-2649
-2067
-1749
-2040
-2731
-3445
-3832
-3791
-3235
-2402
-2076
-2233
-2476
-2438
-1885
-1118
-309
363
596
547
551
784
1370
1969
2307
2363
2095
1696
1601
1657
1835
1863
1548
720
-116
-572
-697
-637
-972
-1462
-2145
-2787
-3185
-3220
-3030
-2965
-3119
-3336
-3506
-3430
-3098
-2675
-2197
-1872
-1735
-1637
-1386
-913
-312
161
409
446
458
592
859
1184
1356
1245
1048
817
679
690
680
604
416
220
74
49
100
303
463
616
770
876
1131
1477
1967
2557
3096
3592
4029
4262
3901
3120
2713
3356
4426
4520
3286
1722
895
784
903
1040
813
-308
-2082
-3279
-3056
-2253
-2111
-2780
-3589
-4168
-4460
-4185
-3228
-2284
-2186
-2663
-2847
-2387
-1555
-646
220
805
857
696
858
1448
2134
2623
2795
2654
2262
1884
1848
2004
2119
1917
1478
384
-653
-992
-818
-518
-1054
-2029
-2900
-3495
-3561
-3272
-3001
-3040
-3601
-4039
-3980
-3509
-2859
-2460
-2307
-2206
-2124
-1798
-1181
-556
-48
149
233
387
677
1010
1296
1467
1473
1315
1141
1055
977
995
910
689
469
304
187
198
295
468
597
584
636
806
1199
1623
2047
2439
2682
3046
3489
4016
3804
3037
2468
2902
3909
4022
2953
1677
1009
733
632
702
707
-248
-1938
-3048
-2794
-2099
-2166
-2842
-3395
-3775
-4119
-3929
-3087
-2259
-2274
-2737
-2711
-2081
-1394
-773
-37
518
609
516
814
1396
1898
2191
2332
2346
2083
1782
1745
1839
1658
1350
1022
512
-213
-899
-1176
-1159
-1407
-2003
-2672
-3173
-3382
-3461
-3332
-3163
-3265
-3529
-3681
-3491
-2974
-2519
-2203
-1965
-1783
-1557
-1247
-735
-168
192
308
436
626
899
1134
1265
1389
1347
1206
1067
1008
1043
965
799
642
516
419
382
473
619
755
828
942
1209
1595
1878
2245
2599
3090
3543
4005
3980
2916
2108
2324
3687
4397
3366
1777
802
401
264
519
944
413
-1679
-3497
-3474
-2415
-1937
-2489
-3162
-3697
-4420
-4481
-3426
-2138
-1777
-2477
-2838
-2342
-1626
-879
18
769
945
595
621
1267
1891
2269
2455
2462
2228
1801
1589
1691
1673
1477
1179
631
-193
-987
-1333
-1225
-1286
-1709
-2400
-3117
-3522
-3611
-3344
-2959
-2935
-3237
-3594
-3596
-3092
-2441
-1951
-1685
-1602
-1552
-1317
-847
-122
390
501
491
533
765
1028
1254
1399
1322
1116
926
806
846
837
702
543
406
311
272
316
454
680
792
925
1057
1315
1701
2121
2606
2978
3255
3555
3886
3341
2524
2255
2941
3822
3507
2399
1472
676
142
173
658
752
-592
-2353
-3065
-2737
-2275
-2228
-2451
-2845
-3701
-4244
-3652
-2541
-1792
-1898
-2233
-2153
-1838
-1303
-375
481
884
715
556
902
1344
1710
2045
2219
2111
1763
1446
1442
1403
1295
1196
840
182
-566
-1073
-1176
-1176
-1400
-1819
-2454
-3007
-3278
-3240
-2945
-2787
-2872
-3093
-3303
-3106
-2683
-2242
-1823
-1601
-1502
-1402
-1156
-630
-76
276
444
478
588
747
935
1175
1280
1225
1031
822
756
762
734
699
603
436
269
235
394
671
859
990
1069
1158
1430
1862
2466
2976
3277
3497
3935
3587
2673
2229
2895
4146
3947
2556
1462
955
499
294
617
1016
-123
-2216
-3226
-2792
-2097
-2234
-2697
-2969
-3655
-4449
-4131
-2942
-1945
-2078
-2645
-2514
-2051
-1576
-803
184
814
728
418
786
1420
1819
2119
2347
2445
2121
1696
1702
1798
1752
1629
1352
788
181
-655
-1145
-1111
-1104
-1164
-1949
-2831
-3315
-3528
-3258
-2758
-2586
-2805
-3516
-3684
-3111
-2441
-1795
-1534
-1623
-1729
-1759
-1130
-208
288
434
199
125
405
775
1113
1268
1169
953
669
611
791
792
678
474
323
265
150
219
471
630
790
951
1063
1253
1531
2026
2581
3058
3410
3821
4053
3272
2368
2230
3401
4369
3678
2287
1298
688
256
256
840
920
-792
-2745
-3310
-2692
-2197
-2405
-2620
-2997
-3978
-4526
-3806
-2458
-1724
-2124
-2426
-2205
-1873
-1297
-308
667
1052
727
593
1108
1595
1973
2278
2474
2388
1956
1673
1765
1799
1732
1614
1209
639
-66
-411
-540
-1020
-1348
-1600
-1826
-2304
-3008
-3259
-3127
-2961
-2713
-2761
-2955
-3161
-3202
-2663
-1954
-1491
-1335
-1563
-1628
-1230
-591
111
385
361
218
130
411
912
1185
1127
844
558
458
470
634
665
447
186
-23
-7
153
370
570
704
752
935
1189
1525
1953
2409
2812
3244
3624
4106
3712
2462
1919
2672
4168
4184
2732
1503
748
159
117
730
1386
234
-2187
-3300
-2829
-2006
-1828
-2107
-2424
-3324
-4392
-3955
-2487
-1436
-1546
-2233
-2251
-1905
-1497
-576
443
967
748
288
648
1316
1663
1935
2147
2164
1845
1403
1446
1606
1494
1437
1229
709
16
-496
-562
-700
-1082
-1330
-1652
-2180
-2709
-2980
-2782
-2595
-2592
-2645
-2883
-3047
-2941
-2558
-2013
-1620
-1486
-1526
-1608
-1332
-738
-251
85
164
120
83
153
501
872
905
753
517
362
354
404
531
485
304
118
-30
17
307
575
741
765
823
998
1283
1737
2256
2652
2906
3198
3649
4058
3409
2474
2127
3018
3996
3582
2363
1356
620
82
81
762
1019
-557
-2510
-3241
-2715
-2115
-2098
-2247
-2652
-3713
-4323
-3565
-2214
-1441
-1783
-2169
-2077
-1773
-1191
-214
699
1018
649
491
976
1515
1895
2109
2243
2129
1726
1496
1664
1686
1504
1321
1000
571
-86
-454
-538
-827
-1185
-1465
-1777
-2223
-2707
-2836
-2645
-2567
-2552
-2672
-2838
-2939
-2836
-2398
-1886
-1610
-1503
-1587
-1575
-1191
-669
-233
-27
20
11
-2
168
566
793
764
556
409
383
346
408
506
446
281
130
116
263
444
653
791
885
1007
1199
1534
1927
2370
2708
3031
3347
3879
3877
3002
2148
2241
3369
3911
3159
1945
1035
337
-26
208
948
622
-1193
-2800
-3035
-2403
-1968
-1997
-2151
-2768
-3826
-3992
-2999
-1738
-1341
-1771
-2024
-1900
-1562
-835
157
891
950
546
608
1095
1547
1899
2112
2128
1910
1550
1507
1638
1600
1497
1281
847
328
-176
-380
-406
-701
-1110
-1613
-2043
-2227
-2401
-2496
-2519
-2605
-2678
-2798
-2822
-2633
-2480
-2312
-2018
-1748
-1539
-1500
-1364
-984
-675
-365
-96
67
148
151
321
577
725
733
650
496
379
354
381
439
356
226
108
79
172
323
497
660
801
944
1183
1505
1910
2286
2613
3030
3474
3904
3750
2933
2182
2394
3419
3826
3094
1924
992
338
40
348
948
430
-1292
-2739
-2919
-2360
-1972
-1969
-2184
-2865
-3746
-3758
-2819
-1743
-1434
-1750
-1939
-1880
-1501
-711
184
768
796
549
653
1040
1464
1831
1986
1941
1781
1580
1575
1568
1476
1370
1194
831
314
-85
-243
-401
-739
-1120
-1494
-1824
-2153
-2332
-2377
-2441
-2535
-2638
-2687
-2697
-2653
-2479
-2262
-2030
-1791
-1618
-1522
-1400
-1136
-811
-509
-268
-68
16
69
174
378
552
578
561
460
374
320
328
377
402
385
338
268
284
445
682
892
1060
1206
1391
1667
1960
2317
2721
3084
3489
3750
3305
2428
1881
2447
3484
3533
2538
1362
530
73
-56
429
854
-53
-1793
-2960
-2816
-2129
-1816
-1885
-2232
-3034
-3717
-3441
-2410
-1466
-1379
-1741
-1953
-1859
-1320
-418
371
734
625
477
652
1005
1490
1833
1921
1812
1633
1569
1573
1471
1415
1386
1170
751
223
-89
-320
-604
-817
-948
-1289
-1851
-2357
-2491
-2386
-2335
-2360
-2512
-2758
-2933
-2830
-2501
-2122
-1893
-1802
-1809
-1768
-1505
-1081
-667
-450
-353
-236
-133
10
247
440
516
493
468
450
396
342
347
409
463
522
485
372
334
471
772
1029
1229
1348
1503
1642
1887
2297
2806
3234
3543
3561
2901
1986
1662
2549
3593
3411
2105
822
145
-70
60
588
750
-354
-2102
-3084
-2707
-1858
-1464
-1706
-2314
-3156
-3540
-3024
-1999
-1288
-1285
-1620
-1863
-1703
-1057
-126
508
617
466
487
714
1049
1376
1649
1722
1602
1443
1405
1399
1295
1165
1065
902
639
286
-109
-429
-676
-715
-784
-1054
-1598
-2090
-2332
-2216
-2032
-1939
-2094
-2469
-2722
-2671
-2275
-1850
-1557
-1572
-1729
-1814
-1554
-1067
-625
-442
-438
-461
-369
-140
125
349
409
373
348
331
338
401
442
503
586
648
652
547
488
612
945
1266
1417
1464
1489
1605
1880
2294
2768
3127
3388
3270
2614
1743
1489
2343
3305
3137
1824
475
-171
-128
142
533
480
-519
-1967
-2813
-2528
-1725
-1240
-1436
-2157
-2992
-3172
-2553
-1668
-1218
-1278
-1439
-1518
-1413
-929
-154
421
551
434
502
790
1055
1242
1346
1437
1509
1532
1461
1282
1104
1017
1017
934
716
373
22
-303
-554
-686
-766
-957
-1296
-1690
-2002
-2115
-2065
-1947
-1982
-2192
-2430
-2489
-2337
-2056
-1755
-1604
-1645
-1722
-1628
-1352
-976
-649
-483
-434
-409
-286
-69
163
352
466
498
439
397
460
574
679
785
880
868
746
630
701
987
1299
1487
1492
1423
1429
1605
1999
2453
2796
2997
2960
2466
1689
1187
1635
2673
3076
2206
723
-297
-399
61
539
558
-168
-1324
-2238
-2366
-1888
-1298
-1087
-1479
-2304
-2876
-2629
-1799
-1188
-1143
-1312
-1344
-1236
-986
-576
-84
279
431
504
571
676
786
920
1067
1191
1270
1301
1150
884
674
688
812
817
600
208
-156
-410
-428
-429
-594
-930
-1271
-1506
-1663
-1727
-1708
-1725
-1884
-2075
-2187
-2146
-2012
-1882
-1720
-1627
-1638
-1584
-1445
-1240
-1036
-808
-523
-337
-242
-170
-36
175
424
600
674
679
636
668
785
957
1076
1096
967
788
723
835
1044
1260
1303
1158
1019
1016
1308
1680
1966
2064
2134
2111
1792
1239
850
1186
1940
2314
1737
634
-268
-420
50
621
717
39
-943
-1582
-1608
-1270
-890
-737
-967
-1580
-2082
-2068
-1566
-1069
-887
-1012
-1189
-1224
-1054
-674
-315
-147
-69
95
251
306
244
276
469
723
928
932
799
596
430
473
691
814
710
430
81
-151
-177
-81
-59
-306
-725
-1121
-1280
-1218
-1101
-1179
-1451
-1769
-1911
-1835
-1704
-1615
-1585
-1587
-1564
-1468
-1330
-1178
-993
-742
-470
-246
-130
-37
95
283
494
734
866
865
809
794
839
891
951
983
926
779
636
601
647
724
757
715
634
559
577
686
876
1035
1101
1138
1216
1216
1081
719
509
711
1134
1312
1024
462
-24
-94
155
497
520
99
-422
-675
-612
-496
-470
-535
-668
-839
-973
-1013
-953
-906
-836
-749
-704
-716
-741
-676
-552
-432
-302
-147
-35
27
-4
-58
-4
152
366
533
513
401
292
273
349
481
544
457
275
123
77
27
-45
-162
-301
-486
-640
-707
-754
-791
-916
-1025
-1090
-1089
-1056
-986
-963
-965
-891
-745
-561
-449
-371
-305
-195
-37
148
272
317
311
332
442
578
648
639
564
482
424
435
447
430
454
377
270
160
83
77
72
86
55
-34
-104
-114
-47
1
35
54
68
93
144
198
240
237
215
257
380
511
591
591
523
458
473
563
634
644
528
372
270
248
289
283
193
58
-36
-73
-46
-19
-84
-215
-319
-285
-175
-87
-101
-210
-249
-223
-116
-3
88
97
15
-47
-1
82
116
89
11
-29
-76
-90
-92
-123
-201
-284
-324
-335
-359
-442
-488
-530
-535
-512
-499
-514
-555
-595
-586
-495
-367
-290
-313
-319
-317
-213
-71
36
85
97
137
155
202
285
323
311
266
206
188
228
226
190
145
56
-16
-57
-99
-95
-130
-173
-208
-230
-273
-291
-274
-255
-215
-219
-215
-225
-204
-159
-122
-63
-19
11
52
93
139
187
222
283
325
330
351
345
380
400
430
463
449
422
431
440
445
463
471
454
420
379
406
426
434
413
364
335
298
287
282
264
251
187
108
66
32
4
-46
-98
-145
-227
-289
-334
-359
-403
-461
-498
-523
-536
-567
-592
-600
-580
-583
-573
-559
-565
-552
-521
-479
-373
-286
-258
-230
-243
-168
-89
13
79
112
101
47
66
122
169
161
123
83
54
12
10
26
1
-66
-124
-167
-164
-144
-176
-202
-208
-202
-183
-175
-132
-94
-97
-84
-57
-6
-5
4
62
58
77
86
86
105
90
86
105
103
58
44
57
59
80
100
112
133
130
133
164
229
271
313
333
342
326
339
401
447
451
409
397
371
385
375
339
304
267
193
134
121
74
16
-65
-108
-145
-187
-233
-288
-325
-390
-417
-433
-433
-449
-478
-507
-522
-509
-491
-465
-455
-433
-405
-389
-336
-251
-185
-138
-119
-97
-56
-18
44
58
55
71
59
79
68
34
14
-27
-45
-40
-89
-126
-173
-192
-220
-237
-252
-259
-263
-293
-268
-259
-216
-188
-158
-110
-89
-59
-37
-10
19
57
67
99
102
102
127
100
91
71
75
82
67
50
53
48
37
40
57
86
75
80
104
121
128
132
159
212
252
228
221
243
279
280
287
292
291
274
226
218
224
181
129
79
49
1
-90
-130
-151
-191
-220
-274
-323
-351
-407
-437
-437
-429
-428
-433
-409
-396
-380
-355
-351
-291
-226
-168
-105
-83
-68
-33
-2
80
137
180
209
178
175
188
207
200
182
165
95
41
20
5
-16
-85
-155
-183
-198
-220
-236
-235
-257
-270
-262
-237
-188
-165
-152
-115
-58
-5
37
51
62
87
118
161
178
195
186
158
150
145
147
126
97
72
37
43
29
16
-5
-15
-21
-27
-3
4
15
4
8
64
109
113
127
147
183
201
227
256
281
257
208
195
214
218
193
150
57
-23
-73
-108
-118
-148
-211
-307
-362
-398
-403
-397
-418
-434
-430
-401
-406
-378
-319
-282
-238
-221
-209
-154
-76
-2
58
112
143
149
146
185
221
252
293
270
227
202
173
165
123
77
61
32
2
-75
-136
-180
-181
-174
-198
-232
-259
-272
-285
-239
-187
-135
-131
-124
-113
-82
-18
47
110
131
123
98
95
159
201
217
193
151
111
89
91
83
53
13
-25
-45
-82
-104
-77
-98
-96
-91
-75
-67
-57
-18
26
50
77
90
104
127
157
191
201
234
194
174
156
157
157
134
108
36
-23
-71
-89
-127
-168
-207
-253
-280
-319
-348
-335
-316
-349
-352
-360
-339
-284
-256
-228
-214
-218
-197
-111
-54
15
20
25
56
77
100
170
193
210
193
203
207
173
176
164
148
113
81
50
27
-16
-53
-86
-105
-124
-139
-147
-167
-180
-198
-194
-177
-142
-112
-120
-112
-82
-52
-7
17
21
25
28
54
69
91
90
81
44
9
22
25
-7
-44
-74
-115
-115
-124
-107
-102
-133
-142
-140
-95
-55
-23
-11
18
38
44
95
126
154
181
182
197
200
180
184
187
180
174
137
85
48
11
-8
-9
-49
-121
-181
-216
-229
-219
-217
-214
-235
-271
-282
-283
-208
-158
-140
-124
-157
-167
-136
-85
-2
34
49
46
35
60
94
171
201
186
165
144
137
154
177
191
176
130
84
48
58
55
61
36
6
-27
-50
-51
-58
-33
-47
-44
-53
-53
-72
-65
-35
9
38
5
-18
-25
3
42
64
62
45
-2
-27
-24
-7
-10
-39
-62
-80
-92
-115
-107
-95
-66
-67
-84
-90
-83
-56
-4
43
71
78
65
73
114
148
168
204
200
189
148
152
158
176
164
145
109
70
35
7
10
-1
-21
-78
-120
-145
-149
-148
-121
-106
-157
-179
-177
-163
-140
-84
-63
-69
-56
-58
-59
-13
27
61
77
50
46
65
109
116
144
107
98
97
81
78
74
64
30
16
8
4
21
13
-18
-26
-21
13
22
43
27
18
18
58
87
100
80
60
62
89
103
82
83
73
62
40
68
67
48
36
8
-30
-37
-39
-50
-57
-63
-89
-106
-111
-76
-71
-84
-81
-79
-52
-33
2
48
51
61
68
59
93
123
139
159
147
131
96
101
112
86
97
80
67
15
-14
-23
-42
-44
-49
-56
-64
-103
-127
-111
-78
-59
-60
-73
-80
-29
-21
2
18
31
40
17
59
101
100
101
85
63
99
112
98
93
58
38
31
32
34
16
-29
-47
-63
-57
-37
-30
-30
-55
-63
-38
-15
12
46
58
57
49
73
103
137
130
133
133
123
107
94
105
92
85
57
21
12
4
1
-16
-16
-26
-64
-89
-98
-82
-63
-45
-38
-24
-27
-27
-1
19
42
71
93
97
130
136
148
168
162
167
160
173
167
164
137
103
90
58
75
26
-2
-14
-34
-45
-52
-71
-116
-119
-126
-87
-64
-52
-49
-57
-68
-59
-13
47
74
100
105
97
132
153
190
214
202
187
175
165
143
159
149
143
108
46
11
-17
-1
-29
-49
-68
-114
-146
-138
-137
-94
-102
-85
-64
-82
-69
-37
4
26
65
64
91
112
137
152
164
169
132
128
108
106
111
80
81
37
-12
-42
-41
-38
-43
-61
-73
-105
-116
-105
-63
-13
-14
-21
-14
16
53
86
116
151
172
181
209
223
229
255
236
240
253
242
239
208
168
145
155
167
143
91
17
-24
-45
-37
-32
-68
-92
-125
-146
-133
-111
-72
-64
-80
-91
-85
-26
24
61
79
77
85
112
158
177
219
220
205
179
179
189
196
218
196
157
109
69
47
42
45
22
-23
-52
-78
-99
-91
-91
-60
-65
-66
-58
-56
-18
26
40
52
72
73
94
111
137
141
151
148
130
114
90
100
71
57
17
-4
-25
-61
-68
-73
-72
-97
-109
-121
-102
-87
-65
-45
-35
0
25
47
86
134
148
193
225
249
260
279
288
298
308
295
298
281
271
221
190
178
164
132
99
60
11
-32
-43
-56
-74
-78
-99
-126
-133
-129
-108
-90
-88
-83
-56
-37
-7
9
38
50
78
96
122
140
153
155
145
135
149
157
146
138
120
102
62
52
41
31
-5
-35
-62
-96
-100
-87
-103
-89
-93
-92
-80
-64
-34
-24
5
17
22
35
58
92
94
99
104
91
84
102
91
92
69
32
17
4
-9
-32
-32
-54
-88
-100
-111
-112
-97
-99
-63
-54
-45
-24
14
37
55
82
95
125
138
169
189
188
204
203
226
226
197
180
167
152
149
102
78
63
37
31
1
-29
-57
-74
-92
-87
-111
-103
-97
-108
-97
-94
-83
-62
-50
-15
19
25
42
65
71
99
103
136
139
123
137
119
110
97
97
98
86
63
33
2
-4
-7
-22
-50
-79
-105
-110
-112
-93
-75
-80
-73
-68
-51
-32
-17
1
44
60
76
95
109
127
128
136
141
130
130
115
126
110
91
60
57
40
-3
13
-14
-43
-36
-47
-40
-30
-29
-27
-29
-8
21
37
65
77
84
112
129
131
142
158
183
170
158
146
133
137
125
127
119
90
47
17
13
23
26
-2
-24
-44
-46
-53
-56
-49
-56
-56
-56
-46
-32
-47
-38
-27
-8
5
18
29
38
43
42
85
101
106
96
98
92
103
113
128
131
89
73
66
64
44
39
29
0
-36
-48
-23
-17
-10
-24
-23
-34
-24
-15
20
13
17
20
36
56
57
60
74
70
70
60
32
34
23
38
25
11
-16
-17
-19
-35
-44
-36
-15
-13
-14
-10
11
10
34
45
64
87
81
88
113
130
129
130
132
98
107
119
123
123
99
82
50
38
47
62
48
14
1
-6
-16
-22
-44
-42
-42
-60
-42
-52
-55
-53
-64
-49
-55
-45
-45
-61
-53
-56
-29
8
11
11
-15
-18
7
49
66
75
54
51
28
34
56
72
80
58
33
29
33
34
51
55
28
-1
4
-19
11
43
24
18
14
15
13
6
15
21
33
30
10
9
14
5
3
-7
-22
-37
-63
-49
-48
-65
-61
-66
-77
-68
-65
-67
-49
-15
-7
12
37
45
59
95
124
137
123
119
145
142
158
169
154
141
116
99
98
102
97
71
37
20
12
-6
-20
-16
-28
-22
-36
-33
-25
-23
-19
-25
6
5
9
5
-7
-6
12
3
16
24
-8
-31
-18
-11
-10
-1
-12
-11
-25
-24
-18
-1
13
24
10
2
5
32
38
27
40
58
52
21
33
64
58
49
55
69
72
78
88
80
79
76
59
73
64
48
54
37
36
13
-24
-23
-16
-27
-45
-57
-72
-84
-79
-81
-98
-84
-75
-78
-53
-54
-33
-19
-8
37
47
66
89
114
123
150
180
162
163
168
178
175
165
151
123
108
101
93
54
35
18
-9
-19
-13
-20
-38
-33
-58
-47
-31
-6
1
-20
-20
-28
-2
11
23
23
23
22
13
33
42
50
7
-12
-14
-7
-5
-22
-23
-36
-42
-40
-40
-38
-42
-45
-33
-32
-29
-36
-28
-31
-12
-16
-14
-8
4
5
-4
7
6
5
14
30
22
28
18
3
5
11
7
5
10
-5
-4
-42
-45
-78
-81
-140
-219
-384
-593
-647
-563
-427
-305
-304
-453
-600
-621
-535
-428
-381
-446
-450
-317
-187
-106
-119
-159
-76
141
374
520
562
478
431
466
490
479
465
477
542
593
513
341
148
21
13
33
23
-2
-70
-111
-141
-223
-328
-399
-419
-354
-212
-164
-165
-229
-255
-250
-207
-123
-50
62
148
207
181
150
90
79
111
154
197
227
208
151
61
-29
-86
-105
-75
-31
-32
-43
-78
-102
-106
-139
-85
-31
44
123
174
206
213
239
270
347
413
486
542
559
540
483
415
355
344
324
310
269
201
130
1
-65
-148
-191
-213
-216
-189
-194
-217
-219
-236
-226
-175
-108
4
74
140
181
210
227
282
338
386
461
494
491
457
392
361
299
254
226
189
152
59
-25
-108
-169
-215
-222
-202
-205
-206
-203
-197
-170
-156
-99
-41
-3
65
102
187
246
263
286
288
315
342
397
394
373
337
269
220
180
170
134
96
56
9
-29
-86
-105
-124
-145
-148
-142
-113
-85
-70
-47
-50
-15
23
66
130
175
188
210
234
234
240
250
259
266
250
244
198
161
117
96
71
25
21
-22
-57
-74
-108
-113
-97
-118
-113
-106
-69
-32
5
31
42
73
77
124
154
190
241
258
259
243
251
230
240
237
220
200
178
142
94
61
26
16
-4
-35
-44
-56
-75
-90
-102
-91
-90
-79
-63
-35
-5
24
37
66
99
71
81
92
116
124
116
104
89
64
29
39
23
14
-11
-38
-44
-58
-67
-51
-54
-58
-67
-58
-34
-1
13
15
35
41
70
88
94
129
140
137
125
112
114
110
114
94
85
62
44
22
-23
-30
-28
-48
-59
-72
-76
-87
-99
-77
-69
-60
-60
-63
-36
-29
2
34
36
31
27
19
44
46
59
65
60
52
20
27
24
8
31
29
11
2
-21
-33
-41
-30
-21
-7
6
-6
-27
-18
-8
-3
7
4
-7
-12
-36
-34
1
5
-6
-22
-38
-47
-38
-39
-43
-58
-78
-83
-89
-100
-82
-89
-79
-82
-96
-82
-83
-56
-32
-8
-5
-19
-9
7
33
59
66
68
76
85
75
68
78
93
75
80
49
47
43
11
25
14
-11
-19
-22
-59
-65
-55
-38
-34
-31
-53
-65
-64
-66
-41
-36
-15
-25
-29
-36
-33
-16
0
16
3
-8
-28
-27
-24
-20
-32
-49
-53
-45
-50
-73
-66
-59
-58
-58
-53
-47
-35
2
30
48
58
46
51
70
95
106
107
88
64
57
51
54
37
-4
-12
-45
-64
-72
-67
-69
-92
-84
-117
-138
-120
-108
-104
-102
-105
-98
-79
-73
-45
-10
-7
-2
16
21
15
27
32
51
73
76
72
68
69
81
75
83
88
69
59
41
47
39
40
41
35
36
-8
4
7
0
29
21
16
-9
-13
1
22
24
8
14
-6
-13
-6
-4
15
24
12
-25
-10
-19
-14
13
-8
-8
-10
-39
-31
-23
-20
-15
-15
-21
-23
-23
-21
-14
-19
-24
-29
-45
-21
16
9
28
25
24
2
-1
4
26
45
43
26
4
12
10
24
7
9
14
-15
-29
-22
-22
0
-7
-28
-30
-40
-37
-24
-1
3
-20
-35
-44
-33
-35
-31
-12
-23
-31
-44
-27
-30
-23
-25
-8
-17
-13
-2
-16
-3
17
27
0
15
9
1
17
27
22
2
4
-8
-13
-30
-32
-42
-40
-44
-70
-79
-86
-78
-77
-84
-88
-101
-118
-124
-125
-95
-79
-86
-84
-83
-68
-61
-60
-43
-19
-25
-27
-25
-8
-13
-7
-2
-12
-26
-42
-52
-52
-48
-55
-68
-80
-84
-77
-65
-71
-74
-79
-76
-77
-71
-53
-38
-34
-23
-22
-33
-30
-15
4
10
3
-7
-23
-30
-17
-28
-30
-38
-56
-53
-57
-65
-54
-59
-58
-53
-63
-65
-68
-68
-70
-51
-29
-48
-51
-35
-19
-24
-8
-1
-9
8
27
8
18
8
7
1
-5
-3
-12
-22
-42
-43
-58
-45
-61
-79
-93
-90
-99
-89
-100
-106
-126
-124
-131
-118
-110
-111
-102
-106
-102
-87
-80
-68
-60
-78
-80
-69
-53
-59
-32
-27
-44
-49
-48
-31
-42
-27
-21
-33
-34
-47
-46
-47
-39
-39
-40
-54
-31
-15
-8
-14
-8
-7
8
20
17
25
27
21
27
29
27
24
19
-1
-21
-7
-31
-28
-26
-25
-27
-56
-50
-51
-36
-42
-64
-48
-56
-54
-49
-39
-33
-18
-33
-40
-36
-27
-13
1
2
-14
-12
-27
-11
-3
3
-12
-18
-14
-18
-42
-44
-39
-43
-36
-57
-58
-67
-63
-56
-47
-79
-100
-105
-87
-84
-74
-86
-96
-102
-96
-82
-96
-92
-102
-98
-88
-71
-72
-86
-80
-75
-75
-56
-39
-37
-15
-17
-22
-23
-34
-18
-13
8
0
-1
-3
-5
-6
-11
5
0
2
0
6
3
24
27
23
35
14
16
35
34
25
36
42
30
22
24
18
-2
7
-17
-43
-18
-15
-39
-61
-53
-53
-56
-56
-64
-72
-84
-84
-81
-85
-73
-57
-65
-67
-61
-40
-45
-34
-27
-28
-11
-1
3
12
-3
8
3
-10
3
3
17
22
14
8
-23
-18
-3
-13
6
11
-27
-38
-47
-34
-35
-30
-28
-41
-38
-65
-54
-42
-46
-51
-39
-56
-69
-46
-21
-7
-21
-19
-20
-7
4
14
46
43
43
37
40
57
48
62
52
49
60
55
45
47
45
32
40
63
65
69
75
67
51
57
60
46
58
55
63
56
42
22
32
23
9
8
1
-5
-12
-14
-40
-56
-63
-71
-54
-59
-59
-77
-100
-104
-97
-89
-83
-84
-91
-87
-92
-74
-62
-59
-53
-59
-53
-51
-43
-35
-9
-35
-26
-24
-37
-5
-7
10
15
7
-17
-24
-30
-17
-1
10
3
-24
-36
-35
-10
-15
-18
-10
-30
-38
-14
-26
-23
-7
-14
-31
-46
-48
-22
-11
-15
-32
-36
-40
-37
-20
-24
-5
-6
-9
-6
5
12
16
1
16
4
-6
12
3
10
4
4
-6
-6
-7
6
23
27
12
0
4
17
18
14
21
6
14
11
23
8
-3
4
-10
-6
-4
-21
-30
-50
-52
-47
-56
-45
-57
-76
-82
-93
-93
-97
-89
-94
-92
-105
-95
-89
-82
-60
-61
-56
-58
-54
-48
-39
-16
-8
-8
-6
-9
2
3
19
28
17
16
29
35
32
34
40
38
46
35
24
29
21
21
5
6
2
-13
3
10
5
6
1
-6
10
-1
5
14
2
-2
10
15
28
48
36
40
34
43
41
44
39
26
35
5
-4
-7
-4
-9
-23
-17
-20
-19
-27
-43
-25
-41
-41
-23
-28
-14
-26
-14
-16
-4
-2
2
7
8
20
7
18
10
18
7
4
6
-19
-12
-21
-15
-26
-38
-43
-71
-58
-63
-52
-38
-44
-50
-60
-48
-57
-47
-33
-30
-38
-28
-15
-8
20
29
25
25
47
27
45
60
50
42
38
47
27
31
23
36
16
20
11
-8
5
-5
-14
-14
-18
-27
-35
-47
-48
-48
-44
-33
-39
-35
-23
-25
-29
-23
-4
4
8
8
6
-7
-4
-6
4
8
-11
-11
-13
-25
-18
-23
-15
-21
-53
-34
-39
-29
-36
-34
-32
-54
-56
-46
-37
-30
-24
-22
-41
-57
-50
-21
-22
-23
-20
-24
-26
-24
-11
-17
-10
-37
-32
-47
-36
-18
-40
-22
-33
-38
-40
-56
-43
-47
-37
-32
-31
-36
-35
-36
-20
2
2
2
2
-7
-9
2
21
32
15
25
26
31
18
30
38
31
22
25
7
6
6
16
20
5
-4
-17
10
-7
-12
-23
-14
-13
-12
-10
-40
-35
-40
-37
-36
-29
-26
-36
-40
-37
-44
-17
-27
-40
-4
-16
-31
-7
-8
-17
-1
-6
-1
-10
-1
2
3
-4
-7
13
9
4
11
2
4
2
2
9
2
21
14
22
28
31
26
30
41
35
32
29
49
40
46
51
43
38
44
41
31
34
39
47
45
39
21
29
18
18
8
6
22
13
6
15
33
20
33
47
49
55
71
52
54
63
63
62
59
73
77
83
86
83
73
70
58
59
65
67
60
64
55
64
56
50
52
51
45
37
48
32
20
12
20
25
7
18
28
16
19
13
21
12
19
27
4
12
20
16
16
13
5
13
12
25
17
10
15
14
2
6
31
28
17
12
5
22
17
-3
30
25
21
38
34
31
25
34
52
45
73
66
74
78
74
74
62
89
70
66
78
70
69
75
59
71
56
36
44
45
53
43
53
63
56
52
58
48
60
50
61
50
51
60
68
73
54
66
64
70
59
76
71
73
67
56
44
46
63
47
44
47
37
37
45
35
36
37
25
16
27
25
19
53
41
20
25
22
21
21
21
39
37
22
26
30
25
10
33
18
25
27
13
28
14
30
31
26
35
34
33
14
24
31
34
32
26
41
44
45
45
44
53
52
51
57
67
74
78
76
82
83
68
75
79
66
87
82
53
51
35
44
34
45
54
45
37
18
10
17
20
26
26
17
26
27
13
21
23
15
27
20
-11
-15
0
-4
10
6
24
21
13
20
18
18
13
3
10
11
24
15
18
16
7
15
7
18
32
28
29
22
26
17
15
15
21
31
18
16
7
28
-1
18
9
11
4
1
12
9
12
-14
-6
4
4
16
13
29
24
14
19
17
5
12
37
20
38
37
44
57
42
49
33
46
48
58
68
45
64
63
91
74
74
81
62
79
76
84
79
86
68
72
87
77
81
68
66
64
72
50
58
59
62
62
53
57
59
67
45
39
30
38
35
21
6
30
9
15
8
-19
-18
-16
-6
-28
-4
-18
-13
-23
-19
-25
-12
-9
-26
-2
1
13
30
28
32
34
29
35
41
57
55
45
55
46
51
44
48
41
46
44
49
50
44
37
42
52
72
55
47
58
45
64
48
48
49
57
49
46
62
54
53
56
74
66
74
72
82
84
76
87
86
85
81
71
77
58
58
75
58
65
49
46
57
40
27
31
24
37
21
50
49
32
28
32
36
37
27
40
36
31
42
51
61
44
64
42
42
36
34
37
34
24
28
30
13
15
-1
24
13
3
3
4
13
8
8
22
24
30
15
21
36
30
54
68
70
52
76
72
80
87
75
83
92
93
75
75
94
80
71
85
74
74
67
71
68
84
82
61
79
81
93
85
73
76
78
75
84
107
108
81
80
94
84
103
103
97
102
99
84
88
90
89
92
82
82
88
66
89
92
83
80
79
55
78
70
39
63
64
67
58
63
50
75
69
82
80
68
83
64
82
82
89
84
76
95
86
95
83
73
87
82
86
77
67
64
80
73
69
83
76
94
73
74
86
83
94
91
105
102
112
104
112
124
126
138
121
125
143
139
141
129
137
136
135
137
139
131
131
119
105
121
115
118
111
90
102
107
107
115
108
105
96
111
113
100
113
118
115
94
105
112
122
114
110
120
110
114
108
103
100
94
98
90
111
96
94
92
84
88
77
80
90
76
58
68
76
54
39
62
87
83
74
70
83
73
76
78
81
104
80
90
91
98
79
71
91
94
79
62
67
78
79
72
83
78
82
103
104
111
103
104
116
125
121
128
114
125
132
126
143
126
124
130
130
143
137
137
139
127
125
107
118
112
114
119
94
105
89
99
88
100
84
73
72
74
82
77
79
81
89
78
87
87
83
82
81
76
84
94
93
103
91
82
74
63
73
71
65
66
63
55
59
56
63
60
53
47
48
59
54
62
58
63
86
64
85
79
75
96
79
83
92
100
80
88
96
95
99
97
94
112
111
109
109
108
109
115
117
112
111
119
104
98
106
118
110
112
124
117
120
120
132
130
138
126
131
122
131
121
111
122
99
102
106
104
94
82
92
78
75
59
57
69
59
75
48
37
57
46
52
51
46
53
52
53
60
65
70
69
77
82
81
85
109
103
97
103
96
100
99
87
85
90
80
101
87
95
102
92
79
78
78
86
82
72
68
61
79
72
83
89
82
87
91
91
95
90
90
89
83
90
94
84
88
106
86
97
96
86
82
80
83
61
77
66
63
62
65
78
72
83
73
72
81
87
98
91
72
87
86
76
81
95
83
83
84
72
83
74
90
75
89
87
83
86
74
86
73
62
52
59
84
64
62
59
34
39
36
64
46
37
57
54
59
61
63
60
70
76
77
88
67
97
84
79
84
94
79
80
94
92
106
97
95
88
95
97
105
95
102
104
113
113
111
122
101
122
118
106
122
105
104
105
112
112
109
101
85
86
89
89
90
90
93
93
76
67
71
67
63
51
48
62
50
58
55
57
58
60
52
46
57
59
61
46
47
60
48
64
53
53
49
33
61
52
40
50
41
42
37
32
32
39
23
18
21
9
19
15
24
1
20
33
11
22
21
12
32
38
50
66
31
35
43
50
39
41
55
67
64
47
66
69
87
75
60
80
61
54
71
73
48
51
58
49
52
39
39
37
35
49
49
36
54
50
54
47
41
37
56
70
51
50
58
58
54
49
52
46
47
54
44
45
51
39
40
37
24
36
43
29
10
42
42
41
51
44
61
53
63
66
60
56
52
56
55
57
51
77
71
65
57
73
65
55
53
43
49
38
39
39
37
34
36
34
24
17
7
14
24
12
10
13
0
3
4
12
22
18
27
20
14
19
27
34
52
46
47
36
49
38
52
67
47
62
63
50
46
55
57
60
57
61
71
50
48
38
38
48
34
31
30
35
24
34
27
31
22
20
17
11
30
25
10
6
-1
3
9
14
0
2
-4
-10
0
-15
-18
-15
-1
-16
-14
-19
-18
-14
-14
0
-8
4
17
6
21
22
32
9
13
20
21
36
38
45
28
36
50
62
54
45
58
59
42
36
31
43
28
26
50
13
15
16
1
-10
2
8
-8
-13
-13
-7
-20
-7
-10
-11
-13
-19
-15
5
6
3
21
8
2
20
29
27
50
43
21
21
25
30
38
40
50
31
23
21
26
15
5
23
24
-4
1
25
0
-6
2
11
17
10
11
10
17
19
16
20
-1
19
35
6
14
4
-10
14
7
-9
0
-6
-14
-15
2
-6
-32
-32
-38
-29
-29
-19
-19
-23
-14
-20
-15
-6
-8
-8
-7
4
1
4
15
19
25
32
44
40
31
48
44
27
52
43
24
38
22
19
15
20
5
-3
6
-5
-5
-17
-16
-17
-18
-22
-18
-3
-20
-4
-14
-9
7
3
20
6
7
5
12
20
17
25
46
24
28
45
56
15
23
44
37
35
13
6
27
33
17
20
13
38
22
30
31
29
31
15
25
19
27
21
19
15
13
-8
-6
5
-7
2
5
-1
15
20
17
3
15
5
4
11
7
12
6
3
18
29
13
13
5
1
14
9
11
33
35
39
35
42
21
19
33
28
53
50
40
40
50
59
65
61
43
62
63
55
46
35
39
31
33
16
19
11
19
11
4
-14
-7
8
2
6
-22
-5
-6
-13
3
4
11
13
15
24
18
27
45
52
43
37
32
32
38
63
51
39
53
55
52
51
56
48
53
47
54
48
55
55
57
45
46
58
40
26
35
20
34
37
25
25
30
32
25
26
18
45
29
13
28
36
40
22
26
30
41
24
30
32
36
38
24
26
37
19
26
31
29
26
29
24
38
32
41
36
26
29
9
36
49
36
31
45
36
28
39
34
47
34
39
31
33
41
15
19
2
-1
2
18
34
14
18
14
1
27
15
15
32
26
42
31
24
42
37
24
33
23
31
38
38
40
36
30
25
47
43
21
42
29
34
37
33
44
36
42
35
31
45
48
37
37
31
23
44
46
46
53
40
47
52
42
58
39
27
49
40
59
51
49
38
36
48
26
31
27
28
36
26
28
33
29
15
9
18
19
28
35
27
36
25
15
19
22
21
11
18
30
27
7
11
22
11
16
9
3
13
10
19
10
2
3
18
16
6
-5
-15
-11
-5
-2
-10
-6
-8
-12
-8
-2
0
-7
6
2
1
-1
-4
21
11
15
14
10
14
3
17
15
13
28
22
15
22
27
20
28
8
19
25
20
25
17
24
22
44
32
7
16
27
18
30
5
15
11
3
11
23
16
20
24
1
6
3
26
4
5
7
11
1
6
2
5
8
5
10
11
15
-6
15
13
-4
6
-4
-2
-6
0
7
-13
-8
-30
-23
-19
-11
-13
-26
-6
-15
-17
-14
-15
-20
-13
-20
-7
-15
-7
-12
-12
-2
-9
-20
-11
-13
-2
-6
-18
-7
-13
-3
3
0
-14
4
9
0
-9
-4
2
2
1
-22
-4
-2
-4
-13
-5
-18
-14
-23
-23
-26
-26
-22
-24
-24
-36
-28
-3
-14
-34
-11
-21
-3
3
-7
1
3
-13
-11
-9
-30
-22
-15
-10
-3
-8
-12
-2
-20
-20
-20
-15
-14
-17
-14
-27
-12
-15
-12
-27
-21
-29
-42
-40
-37
-41
-46
-54
-60
-38
-37
-56
-41
-51
-61
-62
-64
-51
-45
-53
-70
-48
-50
-49
-58
-53
-52
-52
-53
-48
-42
-41
-37
-32
-15
-35
-39
-45
-36
-41
-31
-41
-44
-41
-28
-26
-34
-31
-22
-20
-21
-31
-32
-26
-30
-12
-24
-24
-5
-12
-11
-1
3
5
-10
-16
3
6
3
18
3
3
14
-2
-9
-20
-17
-6
0
-17
-20
-6
-6
-14
12
-11
-7
1
-18
-18
-16
3
-23
-20
-20
-10
-9
-16
-5
-27
-5
-15
-21
-13
-27
-15
-20
-17
-7
-4
-21
-8
-5
-11
-12
-29
-32
-38
-31
-35
-24
-30
-35
-28
-43
-28
-34
-39
-29
-30
-20
-17
-24
-20
-16
-24
-18
-11
-13
-16
-13
3
-7
-8
-20
-2
-4
-17
-11
-2
11
5
4
-12
-9
-9
-10
0
-8
-22
-13
-1
-12
11
18
17
6
8
2
10
19
13
7
3
-4
-8
-4
-7
3
18
2
-2
-3
-17
-11
1
-15
-2
-1
-8
0
-14
6
-15
-32
-16
-23
-23
-33
-39
-31
-18
-25
-29
-25
-37
-34
-25
-24
-41
-30
-39
-52
-34
-48
-44
-44
-29
-38
-22
-38
-40
-18
-47
-45
-44
-39
-37
-38
-44
-42
-40
-42
-37
-60
-47
-37
-49
-55
-56
-61
-48
-38
-36
-42
-44
-46
-46
-33
-35
-33
-29
-15
-18
-18
-22
-22
-17
-8
-6
-25
-24
-1
-7
-1
-7
-11
-10
-15
-20
-14
-16
-17
-32
-39
-26
-14
-13
-7
-24
-31
-30
-28
-25
-13
-30
-41
-29
-25
-37
-31
-33
-36
-33
-33
-22
-29
-25
-20
-17
-43
-37
-51
-32
-46
-51
-33
-35
-42
-45
-30
-34
-31
-39
-29
-42
-35
-33
-11
-7
-7
-6
-8
-16
-21
-6
-28
-10
7
-3
-1
15
0
-1
-1
-16
-19
-31
-12
-19
-11
-7
-27
-4
-8
-19
-4
2
-7
-10
-22
-32
-15
-17
1
-13
-13
-10
-11
-19
-1
-8
-11
6
-14
-8
-1
18
13
16
15
0
7
0
12
6
-3
9
6
-14
-18
-14
-7
-13
-13
-7
-9
-19
-18
-16
-22
-21
-20
-24
-37
-48
-35
-36
-34
-23
-28
-39
-38
-28
-33
-30
-38
-44
-28
-22
-40
-31
-46
-39
-24
-32
-26
-33
-28
-29
-21
-19
-21
-28
-10
-8
-4
10
-6
15
19
20
15
23
20
20
17
6
11
16
18
-2
12
-15
-15
-20
-1
-10
-18
3
-10
1
-5
2
-1
-3
-15
-11
-13
-12
-17
-20
-29
-17
-11
-8
-21
-12
-13
-22
-21
-16
-13
-38
-42
-43
-28
-48
-30
-38
-50
-40
-53
-44
-48
-32
-26
-37
-15
-30
-39
-24
-36
-30
-24
-33
-35
-7
-10
-17
-6
-14
1
-8
-10
-24
-20
-12
-36
-28
-31
-45
-34
-25
-30
-25
-28
-32
-27
-20
-32
-20
-18
-20
-7
-17
-2
-19
-7
-4
-13
12
9
-6
-3
8
6
15
1
-3
-1
-9
4
13
10
6
-8
2
-4
-3
-6
3
10
-3
-12
-28
-4
-21
-12
-13
-12
-21
-19
-13
-16
3
-3
-7
-3
-15
-14
-7
-20
-14
-17
-22
-22
-41
-28
-33
-28
-29
-41
-42
-38
-23
-32
-20
-33
-26
-12
-28
-27
-22
-37
-17
-20
-35
-19
-19
-22
-31
0
-13
-11
15
2
-3
15
-3
-18
10
5
-1
3
2
3
-3
-15
-13
-6
-21
-9
-8
-14
-23
-21
2
-8
-13
-17
-19
-22
-4
-1
-20
1
-10
-12
11
6
2
9
8
10
12
9
13
9
25
1
1
15
-7
1
-16
-4
2
-19
-12
-28
-25
-7
-31
-24
-17
-41
-40
-27
-17
-33
-40
-40
-43
-17
-23
-34
-35
-48
-36
-41
-41
-38
-29
-22
-29
-24
-25
-22
-33
-22
-27
-30
-13
-18
-38
-36
-18
-12
-22
-24
-25
-31
-32
-20
-32
-23
-9
-14
-20
-18
-2
-19
-11
10
-3
1
4
-23
-18
-4
-16
-12
-8
-39
-24
-31
-50
-40
-37
-34
-29
-27
-24
-38
-26
-32
-34
-22
-29
-16
-1
-12
-19
-19
-7
-7
2
-9
-5
-9
-23
-11
-3
-8
-18
-7
-19
-9
-29
-33
-16
-28
-20
-22
-31
-41
-37
-35
-27
-28
-38
-47
-61
-34
-39
-37
-42
-44
-48
-54
-49
-43
-37
-58
-45
-57
-70
-62
-64
-54
-74
-60
-51
-75
-58
-69
-72
-64
-79
-64
-50
-51
-42
-48
-34
-32
-23
-15
-10
-15
-22
-19
-13
5
-6
-12
-9
-16
-12
3
5
3
-6
3
-6
-14
-3
-10
-11
-20
-13
-31
-22
-15
-29
-29
-43
-20
-33
-31
-22
-12
-20
-17
1
-24
-11
-13
-21
-16
-17
-17
-20
-30
-36
-33
-41
-26
-40
-38
-39
-37
-38
-34
-24
-49
-56
-50
-45
-39
-40
-60
-53
-52
-45
-42
-50
-42
-49
-56
-57
-56
-45
-41
-48
-35
-39
-56
-45
-56
-56
-53
-54
-48
-38
-37
-41
-30
-42
-49
-41
-36
-29
-43
-30
-34
-28
-40
-66
-47
-50
-48
-53
-56
-50
-65
-58
-41
-48
-54
-45
-41
-29
-18
-37
-43
-33
-38
-33
-18
-24
-14
-20
-33
-36
-38
-31
-30
-36
-39
-49
-36
-34
-53
-39
-43
-40
-40
-48
-36
-39
-40
-42
-36
-34
-26
-11
-20
-23
-38
-35
-36
-38
-38
-22
-19
-20
-24
-24
-21
-30
-24
-38
-39
-37
-34
-47
-50
-26
-42
-39
-35
-45
-41
-50
-40
-45
-52
-39
-40
-33
-46
-41
-30
-41
-51
-40
-44
-47
-32
-33
-37
-32
-44
-49
-41
-40
-43
-35
-39
-39
-34
-51
-47
-38
-29
-45
-13
-19
-23
-16
-24
-8
-26
-20
-30
-19
-19
-19
-31
-39
-33
-45
-36
-41
-46
-46
-45
-42
-41
-38
-44
-55
-56
-50
-47
-59
-53
-72
-61
-56
-67
-68
-73
-74
-75
-66
-87
-71
-72
-78
-61
-71
-68
-57
-64
-54
-64
-66
-68
-69
-61
-67
-62
-65
-72
-61
-41
-45
-52
-50
-51
-46
-54
-47
-31
-38
-31
-25
-20
-28
-31
-33
-22
-31
-17
-18
-35
-12
-22
-26
-24
-36
-30
-36
-31
-27
-10
1
-33
-19
-19
-15
-29
-31
-20
-44
-35
-36
-38
-54
-46
-28
-22
-34
-33
-37
-39
-35
-22
-30
-25
-30
-30
-19
-27
-31
-29
-35
-32
-29
-48
-52
-48
-41
-29
-36
-39
-32
-26
-34
-38
-43
-35
-25
-36
-25
-25
-20
-36
-32
-38
-22
-23
-34
-36
-37
-28
-26
-11
-37
-29
-42
-43
-34
-27
-25
-31
-28
-38
-32
-29
-32
-36
-29
-32
-28
-32
-39
-29
-29
-27
-29
-30
-35
-33
-24
-25
-22
-28
-25
-37
-36
-26
-26
-22
-13
-22
-18
-19
-6
-1
-15
-4
-6
0
3
-4
-6
8
-3
1
8
10
7
-4
-18
13
13
5
19
0
-9
5
18
2
1
-3
3
7
0
6
-6
-8
-14
-23
-15
-9
-14
1
0
-6
4
-9
-16
-11
-13
-27
-15
-28
-20
-34
-38
-32
-19
-34
-34
-26
-33
-27
-36
-28
-32
-32
-28
-4
-10
-14
-10
-22
-13
-8
5
3
12
13
9
9
12
17
11
19
17
7
28
45
29
15
18
39
16
19
31
26
16
12
5
16
31
16
8
15
15
24
17
8
7
-8
-9
-4
-5
-2
-14
-10
-6
-6
-11
-1
0
-20
-6
-8
-14
8
-2
0
0
4
17
5
8
9
0
-2
-2
0
6
-8
-4
-15
-4
2
-11
-10
0
4
-14
-1
-9
8
-8
-13
-2
-13
-6
-16
5
0
5
0
9
-31
-10
1
-6
11
-15
0
-2
1
-11
-8
-2
-11
-4
2
5
-23
-15
-7
5
-3
-11
-1
2
6
12
-1
0
11
18
10
3
11
9
-8
-11
-14
-10
-8
-4
-10
-13
-8
-4
-11
-18
-9
-17
-10
-11
-5
4
-12
-21
-34
-15
-24
-30
-22
-28
-18
-25
-36
-34
-31
-27
-21
-22
-31
-35
-30
-33
-31
-31
-40
-25
-11
-9
-22
-30
-21
-26
-21
-24
-24
-23
-26
-6
-23
-17
-12
-5
-19
-14
-12
-29
-40
-24
-35
-31
-40
-28
-3
-31
-23
-46
-25
-36
-33
-20
-29
-30
-25
-14
-27
-9
-12
-16
-28
-18
-13
-11
-7
-16
-12
-15
-5
-17
-9
-15
-12
-10
-8
-5
2
17
-1
9
4
8
4
2
-4
4
-6
-23
-11
-16
-13
-13
-11
-20
-20
-17
-17
-12
-8
-21
-10
-16
-11
-26
-32
-31
-37
-32
-13
-34
-33
-25
-27
-31
-38
-44
-22
-15
-28
-23
-19
-19
-42
-16
-6
-17
-21
-3
-12
-12
-10
-17
0
7
12
-2
2
4
-17
-11
-10
-12
-11
-37
-3
-10
-10
-1
-21
-21
-15
-12
-12
-9
2
-6
-20
-8
-5
7
-12
-17
-18
2
-9
-22
-7
-16
-25
-23
-3
2
-14
-16
-13
-21
-9
-3
-12
-7
-14
7
7
-1
-6
-7
10
2
-7
7
8
6
1
1
5
-18
-14
2
5
8
-3
-15
-5
19
7
-3
-6
0
-12
-26
-29
-28
-16
-10
-14
-12
-3
-30
5
-8
-12
-13
-14
-27
-26
-10
-9
-6
-10
6
1
-1
-5
-1
3
9
6
-7
-1
20
7
-2
-9
7
-2
0
10
6
-5
-17
-14
-11
2
-7
-12
-2
1
-15
-5
-6
-9
5
12
4
6
9
-6
7
4
10
-1
4
14
-5
-4
-9
-14
-1
-11
-12
-5
3
8
-8
-6
8
-3
-18
-11
-8
-13
-14
12
-7
-12
-12
-20
-10
7
-6
-23
-7
-5
10
-5
0
7
12
8
24
21
19
13
22
30
14
17
13
-1
5
10
-6
18
22
3
14
-5
-1
-17
3
-2
-6
-9
-1
4
-12
8
-2
4
0
16
-1
-3
-7
6
10
-4
14
1
10
-4
1
1
-9
-1
-11
-16
-24
-9
-11
-12
-15
-6
-13
-1
-11
-11
14
-5
-8
-9
-1
-14
-5
-8
-10
-8
-12
-1
12
-5
-8
0
0
8
-8
-9
-7
-2
-14
-19
-12
-13
7
0
8
4
-6
2
6
0
6
-11
-2
-7
1
2
-15
1
-8
13
5
5
6
4
-6
10
-2
-12
-3
3
-11
0
12
-2
-2
3
-4
6
4
-2
0
10
19
3
1
8
18
7
13
3
13
9
15
23
26
23
7
27
33
29
24
29
41
41
41
22
39
34
46
39
25
38
32
30
18
19
16
26
13
9
16
0
-4
24
15
4
16
9
16
9
10
5
14
17
20
13
4
9
6
22
18
11
28
23
11
12
14
14
14
14
8
13
24
14
3
11
10
4
-1
8
1
17
35
14
27
20
28
23
27
17
8
22
20
9
19
24
25
16
4
10
12
17
25
26
25
27
20
19
32
33
13
24
27
41
28
25
25
32
27
4
20
33
10
12
15
4
7
17
11
9
10
7
9
3
12
11
26
24
22
25
16
29
20
5
4
15
-8
6
7
11
20
17
11
12
26
7
12
17
5
1
31
3
13
23
14
12
15
8
10
25
12
22
19
20
30
19
30
5
6
13
-1
2
17
15
10
6
-3
3
0
1
-1
4
7
-5
7
-7
0
-3
-8
6
3
6
10
-1
-12
-11
3
3
-6
0
15
5
0
6
17
10
0
-9
1
4
-5
-4
-6
-12
-14
9
-8
-7
15
17
-7
-8
13
1
2
1
8
6
16
2
0
16
22
14
5
21
4
1
-7
-6
-4
-17
-19
-15
-15
-21
-14
-8
-5
-18
-15
-15
-12
-25
-26
-32
-21
-12
-26
-18
-30
-34
-47
-40
-22
-19
-22
-24
-23
-26
-26
-24
-27
-20
-26
-20
-20
-29
-13
-13
-6
-19
-20
-4
-15
-13
-16
-26
-12
-21
-21
-31
-21
-14
-12
-6
-3
-3
-9
-6
-18
-5
4
-7
8
-1
8
-3
2
-4
-9
-1
-8
11
1
6
-9
-15
-11
-13
-13
-17
-7
-12
-15
-14
-18
-25
-26
-19
-31
-38
-27
-19
-19
-28
-17
-26
-24
-15
0
-6
-9
-20
-9
-4
-6
1
-17
-15
-17
-20
-29
-7
-12
5
7
-2
4
5
3
-12
-3
-3
-12
-3
-3
-13
-7
8
6
13
9
2
9
8
-4
5
2
13
6
4
5
2
5
11
24
24
14
9
17
8
6
7
8
10
9
10
7
22
15
9
23
27
18
19
4
11
16
4
0
-2
35
22
23
35
10
9
28
22
14
18
21
16
4
24
11
8
-4
6
20
19
12
12
22
13
24
17
14
0
8
-11
-14
4
11
4
1
-2
-5
-8
-1
-7
-10
-2
3
-5
-10
-10
-15
-11
-23
-15
-11
-10
-2
-3
-20
-21
-21
-26
-37
-27
-12
-21
-11
-18
-6
-1
-17
-22
-7
-2
-10
-21
-3
-3
-2
-4
-7
1
-7
-2
-12
-3
-3
-9
-15
-13
-14
-8
-17
-6
-9
-8
-13
-12
-19
-34
-21
-23
-17
-30
-46
-48
-40
-54
-41
-47
-28
-40
-36
-26
-39
-29
-32
-29
-35
-23
-32
-40
-24
-8
-12
-3
-3
-4
-1
-1
5
-14
-7
4
-6
-7
-14
-24
1
-4
-16
-19
-19
-24
-16
-16
-17
-15
-17
-7
-26
-12
-16
-1
-11
-18
-17
-15
-15
-25
-35
-31
-17
-11
-19
-27
-8
-34
-16
-30
-30
-23
-29
-16
-5
-15
-9
-3
-7
7
-11
-16
-10
-1
-5
-15
-4
-4
18
3
2
13
-1
7
-3
3
-8
-3
-13
-5
-2
-7
-3
-11
2
6
-7
0
13
-4
-1
13
5
1
-7
12
1
2
0
-7
-5
1
15
-13
-14
-16
-5
-7
-13
7
-5
13
-4
-16
-4
1
-8
-19
-4
-7
-2
-5
-13
-4
2
-1
-13
2
-5
5
6
7
8
1
4
-20
-28
-1
1
-7
11
5
21
13
17
23
-4
20
0
-5
20
11
25
18
19
18
16
15
25
28
16
30
34
22
32
33
33
25
11
16
12
25
18
17
19
17
16
19
13
13
17
12
24
-10
3
-10
-3
6
-3
-7
16
14
9
23
14
5
-2
12
21
20
16
16
12
4
5
5
-6
12
-5
-9
3
4
7
-14
1
7
0
7
-1
6
-11
9
28
20
3
17
27
13
14
32
40
18
18
26
13
15
8
0
6
5
10
7
4
12
14
11
24
23
31
29
26
30
32
30
38
23
29
29
31
47
35
41
43
27
32
34
30
35
32
31
27
27
11
14
11
12
14
24
24
30
31
27
35
16
10
10
16
19
19
25
25
28
18
17
32
5
4
12
15
23
30
14
4
12
8
0
18
23
-1
13
15
13
-2
12
