-15
-13
-9
-12
-10
-12
-8
-14
-19
-33
-16
-18
-31
-22
-29
-48
-32
-35
-42
-22
-18
-19
-33
-24
-18
-24
-25
-26
-29
-26
-23
-27
-23
-34
-26
-16
-32
-40
-33
-36
-42
-33
-34
-29
-23
-24
-18
-26
-14
-5
-14
-37
-22
-19
-19
-8
-29
-10
-21
-25
-14
-18
-10
-20
-26
-37
-13
-21
-52
-13
-29
-40
-14
-31
-43
-26
-24
-29
-22
-32
-28
-49
-30
-30
-34
-27
-30
-39
-32
-42
-53
-42
-38
-33
-46
-38
-47
-45
-50
-27
-39
-28
-43
-50
-21
-32
-33
-27
-35
-30
-28
-45
-36
-18
-24
-34
-14
-22
-21
-19
-41
-29
-27
-36
-41
-25
-19
-17
-22
-15
-3
-20
-13
-26
-31
-27
-28
-24
-26
-40
-33
-32
-30
-26
-35
-37
-46
-28
-31
-42
-51
-40
-45
-46
-33
-52
-47
-38
-36
-54
-49
-32
-39
-35
-41
-53
-45
-46
-50
-64
-73
-66
-51
-60
-61
-57
-66
-62
-61
-62
-63
-58
-62
-61
-61
-65
-54
-52
-62
-56
-45
-28
-26
-42
-43
-37
-30
-23
-41
-48
-46
-48
-45
-57
-41
-29
-33
-51
-55
-58
-74
-67
-51
-73
-54
-53
-50
-46
-49
-51
-62
-59
-52
-54
-53
-55
-52
-43
-63
-58
-47
-41
-44
-47
-38
-53
-58
-45
-68
-44
-61
-62
-44
-49
-43
-54
-45
-49
-50
-49
-44
-64
-65
-45
-50
-65
-48
-52
-53
-60
-65
-61
-54
-48
-58
-48
-51
-49
-40
-38
-29
-43
-48
-36
-40
-38
-37
-57
-43
-44
-52
-54
-43
-37
-39
-36
-35
-49
-33
-31
-46
-39
-42
-38
-33
-25
-20
-26
-36
-39
-34
-41
-38
-36
-42
-45
-49
-31
-49
-46
-41
-35
-32
-35
-34
-40
-39
-46
-33
-31
-38
-38
-45
-46
-53
-53
-39
-48
-54
-49
-62
-44
-54
-59
-53
-53
-64
-63
-61
-59
-56
-58
-57
-56
-65
-73
-55
-65
-74
-68
-71
-65
-76
-71
-70
-60
-53
-62
-57
-62
-49
-61
-71
-68
-69
-67
-59
-59
-70
-61
-73
-69
-74
-70
-65
-68
-72
-78
-66
-70
-61
-61
-87
-78
-76
-73
-89
-74
-66
-75
-67
-68
-73
-58
-58
-71
-54
-68
-69
-60
-71
-74
-67
-55
-75
-76
-70
-73
-61
-66
-47
-54
-59
-61
-78
-80
-90
-87
-68
-73
-83
-77
-72
-78
-66
-67
-66
-67
-63
-51
-58
-58
-62
-53
-56
-55
-49
-46
-41
-61
-41
-52
-62
-53
-63
-51
-68
-65
-63
-55
-58
-85
-73
-58
-70
-68
-53
-59
-53
-53
-89
-75
-60
-66
-70
-81
-66
-73
-81
-74
-57
-70
-61
-61
-59
-51
-61
-44
-44
-58
-56
-51
-56
-39
-50
-36
-42
-37
-51
-48
-47
-59
-57
-48
-51
-49
-64
-53
-56
-63
-52
-58
-44
-44
-68
-61
-48
-42
-46
-46
-46
-52
-39
-29
-38
-38
-45
-46
-42
-41
-53
-46
-34
-33
-43
-24
-35
-58
-44
-49
-39
-57
-49
-64
-44
-41
-44
-34
-42
-47
-41
-54
-56
-55
-62
-41
-52
-47
-45
-42
-51
-63
-40
-35
-39
-35
-46
-30
-43
-31
-20
-33
-40
-35
-28
-10
-23
-37
-34
-26
-34
-33
-19
-22
-22
-35
-34
-46
-52
-28
-34
-31
-32
-36
-36
-51
-44
-43
-40
-40
-27
-34
-39
-42
-45
-45
-40
-38
-28
-32
-29
-10
-30
-35
-41
-36
-43
-41
-36
-31
-20
-21
-27
-20
-20
-38
-23
-25
-38
-31
-12
-22
-33
-27
-24
-31
-42
-30
-26
-36
-28
-40
-27
-39
-33
-24
-37
-45
-47
-36
-19
-29
-28
-23
-34
-33
-29
-26
-35
-29
-37
-22
-30
-42
-53
-51
-36
-46
-56
-50
-35
-50
-52
-32
-24
-34
-40
-38
-55
-39
-47
-38
-48
-40
-21
-40
-31
-42
-29
-31
-33
-35
-43
-42
-32
-26
-21
-20
-20
-15
-25
-7
-17
-21
-21
-18
-11
-20
-13
-32
-25
-6
-3
-18
-14
-7
-13
-19
0
-4
-23
-15
-18
-8
-8
6
-6
-12
-9
-14
-1
-9
-8
-10
5
10
-3
3
3
-2
-13
-17
-8
-3
-15
-21
-21
-7
-16
-9
-7
-15
-13
-19
-12
-22
-8
-17
-17
-32
-38
-37
-32
-16
-23
-21
-34
-23
-12
-5
4
8
4
6
14
17
27
27
16
21
13
3
17
3
13
17
16
11
18
6
-5
9
13
18
11
-4
-8
15
-6
10
10
17
16
15
25
19
26
15
22
16
19
26
18
33
40
22
19
25
27
30
37
36
34
44
54
34
28
30
20
29
25
15
13
19
13
16
13
19
25
23
22
10
26
27
25
33
36
32
35
34
32
39
45
47
43
50
55
48
55
55
60
50
29
42
60
53
47
31
28
50
47
41
50
40
48
53
33
28
29
36
39
45
26
33
46
52
42
27
27
21
19
32
33
36
31
42
39
33
32
42
42
15
60
37
35
43
31
41
43
48
49
54
42
47
43
40
32
54
50
46
35
22
44
32
28
28
20
15
12
27
34
34
27
29
16
21
29
39
42
57
48
37
51
32
39
37
47
31
19
2
21
11
15
27
25
23
13
35
43
32
38
44
39
39
16
26
27
32
39
32
33
43
43
39
43
44
43
45
49
38
36
52
48
58
43
28
43
54
46
25
35
37
43
28
45
44
39
38
34
29
36
37
28
20
26
18
18
22
22
24
16
19
18
15
3
1
-11
4
10
1
14
1
-10
-17
-1
4
-2
7
8
28
2
8
19
11
12
25
13
4
20
7
8
-3
5
11
8
16
13
4
6
3
-4
7
-10
7
11
14
18
13
12
26
31
15
36
15
25
21
0
19
22
26
27
18
25
11
7
14
13
25
19
14
16
8
9
7
27
34
37
18
19
25
25
27
28
8
2
26
16
22
32
30
11
6
21
30
34
37
26
24
30
39
32
24
34
31
17
36
36
39
50
39
29
39
45
46
28
28
38
34
31
24
36
24
28
39
29
35
13
30
13
27
27
6
22
30
27
30
30
19
25
22
10
17
28
28
17
15
14
23
17
29
18
18
18
24
27
11
40
33
24
19
2
17
21
24
36
18
6
8
14
9
5
14
18
11
13
8
1
7
-10
-5
4
-2
14
-3
5
20
19
37
31
38
29
34
26
21
35
22
13
5
15
14
-1
12
20
12
8
34
20
29
37
24
31
30
19
29
31
40
51
26
25
22
27
34
24
24
31
24
34
29
17
24
22
5
8
21
22
11
2
15
14
10
11
11
10
5
9
19
24
8
-4
11
-5
-9
-5
-9
-7
0
-2
6
9
-3
-8
-10
8
3
-1
14
15
7
3
-2
12
18
8
4
25
24
19
11
18
3
1
18
15
27
13
29
10
-3
33
31
37
41
26
27
20
19
21
19
16
33
18
15
21
7
16
1
-4
-23
-20
-22
-18
2
-15
-19
-20
-6
-18
-14
-9
-19
-16
-7
-15
-23
-18
-5
-14
-25
-2
-7
-20
7
-5
-14
1
-18
-10
2
-1
-3
1
-7
-12
-16
-8
-3
-4
-4
-7
-6
-8
-5
-19
-25
-18
-2
-4
12
1
-19
-20
-3
6
-7
8
-6
0
8
-8
-8
2
-6
-1
6
8
14
-7
6
4
4
2
12
-1
0
-7
-22
4
-14
-13
0
7
3
-7
-13
-17
-25
-19
-34
-35
-14
-18
-14
-22
-30
-38
-24
-26
-18
-24
-26
-31
-22
-2
13
9
14
10
13
-2
-4
5
-20
-4
1
-11
1
-14
-14
-19
-20
-14
-5
-13
-24
-14
-4
-3
-7
1
-5
-9
-10
-16
0
-8
-1
9
-7
-13
0
2
-2
-3
6
1
-8
-22
-15
-13
-24
-3
-30
-30
-10
0
3
3
6
-10
-8
-5
1
6
-9
15
16
1
2
-4
-9
-18
-15
-30
-24
-22
-18
-9
-16
-16
-16
-31
-16
-11
-17
-16
-17
-10
-26
-26
-11
-23
-17
-17
-18
-9
-16
-24
-25
-17
-27
-24
-25
-20
-11
-5
-20
-9
-8
-18
-16
-19
-17
-17
-17
-23
-28
-23
-12
-20
-20
-8
-1
-2
-13
-11
-5
10
-3
2
-8
3
20
19
12
10
9
16
19
5
1
-7
-5
-9
-19
-8
-2
-13
3
-13
-6
-22
-23
-12
-9
-3
0
-8
-9
-5
-39
-5
-6
-28
-23
-32
-19
-34
-34
-25
-48
-46
-23
-24
-26
-28
-23
-36
-31
-15
-26
-25
-43
-34
-49
-37
-31
-29
-48
-35
-25
-35
-54
-54
-47
-53
-49
-52
-39
-30
-46
-38
-26
-38
-25
-22
-28
-24
-29
-29
-26
-24
-28
-22
-21
-26
-23
-17
-22
-27
-8
-14
-13
-36
-20
-24
-15
-16
-34
-28
-23
-12
-9
-13
-19
-15
-14
-27
-20
-18
-34
-41
-33
-28
-26
-25
-14
-25
-24
-18
-18
-18
-28
-21
-31
-24
-15
-21
-24
-24
-30
-31
-34
-33
-33
-35
-33
-33
-30
-29
-36
-32
-25
-30
-33
-39
-46
-40
-41
-32
-38
-33
-23
-30
-40
-27
-24
-31
-23
-37
-36
-30
-23
-32
-7
-7
-19
-26
-19
-16
-23
-16
-23
-17
-20
-19
-23
-15
-5
-13
-28
-24
-32
-30
-22
-36
-21
-24
-29
-2
-4
6
-4
-16
8
17
22
7
9
0
9
5
9
19
-7
13
-5
14
18
-10
10
0
14
10
16
4
3
16
-8
2
-2
8
-3
-4
-1
14
-2
-8
1
0
-7
-13
-1
-2
-3
-14
-11
-21
-7
-16
-1
-11
-23
-10
-14
-7
-14
-23
-7
-16
-27
-1
-17
-26
-12
-11
-12
3
-20
-23
-18
-11
-27
-10
-21
-28
-24
-13
-17
-16
-12
-3
9
7
8
5
11
1
9
-6
15
16
16
16
9
29
22
12
24
16
10
28
16
9
12
7
16
14
7
22
13
10
13
11
17
15
11
6
12
-1
5
11
11
11
-5
-4
-9
5
18
9
9
9
9
8
11
22
13
2
1
-1
6
10
-4
4
10
2
9
3
9
-4
-8
1
-7
8
6
18
15
-2
16
17
12
17
16
26
12
12
32
30
26
42
29
17
38
13
32
28
18
12
22
30
19
26
19
24
28
35
11
28
14
5
14
26
26
13
20
30
36
7
19
36
35
14
17
24
16
16
12
14
12
29
13
19
44
21
11
15
18
3
9
14
18
10
5
17
6
18
23
30
17
6
9
5
-1
14
4
-10
-8
-24
3
-12
0
-6
-19
-28
-24
-9
-1
-5
-8
1
-2
-4
-11
5
-4
5
11
24
11
8
17
9
19
1
9
14
18
22
11
4
18
16
26
15
-7
-1
21
27
11
34
19
11
24
17
28
16
13
31
25
25
31
25
20
17
35
24
12
14
8
3
11
9
6
11
12
15
4
5
15
18
12
21
17
9
27
19
16
-1
-9
-2
0
-5
5
9
0
3
-7
0
11
8
3
15
21
15
17
13
2
5
10
10
14
9
1
6
13
5
1
6
14
10
7
11
2
15
15
8
17
22
19
14
12
37
32
30
39
21
20
23
27
12
22
26
24
21
37
17
24
21
10
22
19
24
39
32
35
60
52
51
51
51
54
55
51
41
43
47
49
46
47
37
24
31
37
34
31
30
36
35
49
42
32
26
12
33
7
5
5
-5
1
8
-8
-11
1
5
-2
2
4
15
-1
1
7
-7
4
1
4
3
12
-11
-16
-15
-20
-13
-11
-16
-20
-5
-11
-1
17
14
-8
4
10
-2
6
-1
-1
-1
16
17
17
13
18
25
16
32
13
14
20
27
24
31
17
19
32
26
19
15
29
29
30
24
14
11
22
34
33
43
61
40
37
24
32
33
37
34
34
19
26
32
35
23
23
35
28
21
15
23
16
12
1
21
3
14
9
10
9
2
10
-2
-2
7
10
13
5
10
-1
19
21
7
20
5
17
13
14
-1
-8
3
-10
-5
-8
-15
14
16
16
-9
-3
-2
8
30
13
10
-2
6
21
22
21
22
16
26
19
33
19
29
22
22
20
8
29
19
14
19
35
33
27
3
21
20
22
23
21
16
0
16
13
25
21
9
10
19
17
2
25
2
9
11
4
8
9
7
0
6
2
2
-1
-1
12
17
8
14
13
8
17
11
11
6
3
10
5
3
9
14
-7
6
-8
-5
12
9
6
-5
7
-10
-7
-2
-6
-2
-8
-16
3
6
-8
-8
-10
-19
-11
-5
-10
-9
-2
-9
-17
3
4
-11
7
-3
-5
2
-3
11
-16
-12
12
-6
6
-2
-4
-9
-18
-3
-1
-2
-6
15
4
6
2
-1
17
10
22
35
29
38
20
28
34
16
9
8
13
7
8
8
3
-10
-10
9
2
1
-2
11
17
6
8
12
4
11
1
1
-6
1
7
-11
-2
-7
-10
0
-6
-5
0
-7
10
22
8
11
-7
-6
9
-5
2
-3
-4
-1
6
-4
0
-5
-4
8
15
13
16
21
23
16
16
17
3
8
3
-11
11
28
20
29
10
0
18
4
13
14
17
4
0
26
8
14
5
-2
3
10
11
-8
-1
-12
6
7
4
15
9
10
4
1
-10
-8
-4
-6
-6
-15
2
-10
-7
13
-2
8
-5
-11
-7
-10
-5
-24
-16
-17
-17
-23
-19
-13
-3
0
-11
-18
-18
-4
-13
-7
-10
-13
-6
-23
-2
-16
-5
-8
-26
-23
-7
-3
-28
2
-6
0
-2
4
9
10
9
15
1
6
15
24
21
10
18
29
20
9
25
27
21
29
29
26
21
18
37
45
22
31
30
27
25
31
37
44
27
32
42
28
50
32
30
37
23
28
32
29
27
36
34
31
15
16
18
21
18
24
14
12
14
17
34
21
20
7
21
3
3
3
14
19
11
8
-15
-12
14
-4
3
16
19
7
-12
-5
7
7
-6
-12
8
-4
-10
4
-3
6
3
1
-1
-2
12
22
-4
5
3
-4
13
3
6
7
11
20
19
26
27
24
32
39
40
27
25
24
29
38
45
43
21
30
29
31
23
17
19
26
15
16
6
6
15
0
2
-14
-23
-27
-11
-14
-16
-27
-33
-23
-22
-29
-21
-24
-21
-28
-29
-11
-28
-12
-22
-19
-15
-28
-21
-29
-25
-17
-23
-24
-12
-18
-17
-22
-24
-23
-23
-28
-15
-8
-8
-11
-13
-1
-1
1
-11
-14
-10
-11
-27
-18
-13
-14
-4
-6
6
0
3
-9
-4
6
10
19
15
22
21
30
24
24
27
16
25
27
22
15
20
36
33
36
16
25
32
15
29
12
9
19
3
24
33
16
23
32
33
18
15
9
9
19
26
8
12
21
16
12
7
7
15
20
3
14
0
10
5
-17
-2
-6
-11
-13
8
8
-9
0
-8
1
17
-6
-4
4
-6
-14
8
5
0
11
3
3
7
2
6
22
21
21
10
16
26
29
31
29
51
47
42
58
52
49
44
41
45
47
22
36
47
39
39
22
29
45
33
42
47
37
38
34
42
53
54
48
48
37
40
39
49
48
27
47
39
23
39
30
29
29
20
12
20
13
11
9
10
7
3
1
-2
8
16
22
32
27
24
32
29
27
32
31
17
21
15
21
29
15
22
28
23
28
27
28
37
41
36
13
30
21
23
35
34
37
42
40
31
33
33
47
32
51
49
41
25
32
42
22
28
28
48
23
19
49
43
39
32
24
46
48
46
48
37
30
35
26
19
30
35
38
29
28
40
28
47
43
31
35
34
39
25
29
18
14
24
23
7
11
0
-6
9
13
9
4
5
-1
0
-10
-11
14
21
18
9
19
14
17
17
18
7
22
30
24
9
-2
9
10
16
2
9
4
5
-2
-1
4
-9
-2
10
4
-6
10
9
30
20
16
22
25
31
23
31
32
8
4
16
29
9
11
17
-3
16
11
13
9
4
13
9
3
13
15
11
13
11
13
16
14
30
24
24
14
8
4
12
2
13
7
15
20
16
17
13
14
6
3
3
10
7
-6
14
8
6
17
15
23
30
32
11
16
19
21
17
3
7
21
8
13
16
2
-3
1
6
-4
-2
4
5
27
39
33
40
36
32
41
41
39
52
62
49
46
42
54
46
55
54
57
61
55
54
35
50
38
45
58
46
53
28
38
43
33
40
32
34
37
28
36
29
32
38
37
29
40
24
26
35
31
32
24
23
32
31
41
43
27
47
41
46
24
36
33
17
31
22
38
44
41
27
31
15
24
35
30
21
15
23
30
17
16
16
26
22
23
16
7
26
14
16
13
9
4
13
27
20
10
12
18
14
15
15
4
-1
4
13
20
1
1
-13
-8
6
4
3
0
-10
-19
6
-5
-8
0
-7
4
11
8
-8
15
7
-6
22
17
15
8
12
18
24
10
7
21
13
-3
-4
-1
4
7
-1
-5
-4
1
-2
-5
-8
-8
-13
-11
-20
-23
-20
-11
-17
-9
-3
-13
-12
-21
-19
-18
-25
-22
-12
-15
-13
-7
-14
-15
-16
-13
-17
-11
-7
-10
-6
9
4
-15
-10
-5
-2
-15
-16
-13
-41
-24
-27
-24
-30
-19
-28
-30
-26
-38
-13
-32
-23
-10
-15
-23
-11
-10
8
-5
-12
-8
-9
8
6
4
4
0
-9
-14
-7
-6
-16
-2
-7
-18
-2
-9
-14
-7
6
2
-13
-18
-2
-1
-16
-3
-17
-31
-25
-12
-24
-29
-20
-27
-16
-6
-19
-23
-24
-24
-12
-23
-16
-12
-20
-21
4
-8
-18
-17
-21
-18
-30
-17
-20
-42
-26
-15
-16
-30
-26
-11
-24
-32
-25
-12
-15
-18
-17
-20
-8
-19
-15
-10
-13
-13
-4
-4
-19
-14
-15
-20
-16
-8
-17
-12
-11
-12
3
-10
-6
2
-15
-15
2
-15
-14
-6
-3
8
-13
-16
-12
-8
-15
1
7
-3
2
-26
-9
-7
-17
-4
-9
-11
-2
-13
-17
8
-5
-12
9
-3
9
-2
2
2
-17
1
1
-5
-7
-2
7
1
-15
-12
-17
-16
-14
-12
-22
-22
-5
-21
-8
-26
-8
-10
-12
4
-23
1
-18
-14
-32
-35
-30
-16
-2
-18
-7
-14
-13
-13
-18
-21
0
-13
-16
-12
-30
-37
-29
-33
-44
-28
-32
-36
-36
-38
-43
-33
-40
-38
-35
-41
-12
-25
-42
-39
-35
-33
-35
-41
-30
-22
-27
-23
-29
-38
-30
-49
-46
-29
-49
-50
-36
-43
-33
-36
-44
-43
-29
-25
-37
-39
-32
-51
-52
-46
-57
-51
-63
-60
-49
-51
-48
-44
-50
-35
-58
-59
-55
-61
-49
-71
-55
-44
-56
-54
-51
-49
-64
-55
-60
-67
-54
-49
-57
-67
-51
-51
-49
-43
-44
-55
-44
-68
-60
-59
-74
-63
-60
-59
-44
-51
-68
-54
-53
-48
-55
-45
-49
-38
-59
-58
-67
-64
-46
-54
-48
-46
-54
-41
-38
-42
-50
-58
-48
-45
-31
-41
-35
-35
-62
-40
-34
-45
-48
-48
-57
-38
-37
-44
-30
-38
-39
-38
-39
-50
-39
-41
-30
-35
-29
-38
-42
-29
-18
-19
-30
-26
-34
-32
-34
-35
-41
-30
-4
-15
-35
-29
-35
-21
-30
-29
-28
-33
-34
-23
-34
-33
-51
-60
-35
-41
-33
-33
-42
-39
-36
-32
-48
-48
-51
-56
-43
-60
-46
-36
-45
-42
-43
-35
-37
-36
-31
-29
-12
-27
-23
-30
-27
-25
-26
-20
-13
-19
-22
-32
-30
-26
-24
-24
-24
-28
-32
-32
-36
-36
-28
-47
-41
-41
-41
-36
-41
-28
-32
-25
-26
-35
-30
-29
-22
-26
-27
-21
-26
-23
-20
-22
-19
-18
-9
0
-22
-24
-17
-17
-10
-14
-12
-21
-38
-27
-41
-45
-31
-54
-38
-43
-38
-38
-42
-48
-40
-31
-26
-11
-40
-39
-30
-24
-24
-29
-13
-20
-31
-20
-26
-15
-7
-8
-13
-24
-25
-15
-18
-4
-4
-7
-14
-8
-2
3
-13
-24
1
-22
-22
-13
-7
-17
-14
-17
-6
-4
-16
-14
-14
-9
-12
-11
-10
-12
-8
-5
-1
0
-2
-6
-6
5
4
-6
-13
0
0
-19
-1
-8
-3
22
-5
-5
-6
-12
-8
-10
-5
0
-1
-4
3
12
0
14
13
14
11
9
11
29
32
2
21
20
7
18
23
26
31
39
23
23
35
35
33
28
38
27
28
27
26
36
30
37
25
32
40
39
15
1
18
16
15
10
22
13
22
34
31
18
11
28
25
34
19
21
33
34
22
19
24
31
40
32
44
31
50
50
36
30
18
48
28
27
44
26
34
47
32
34
29
27
38
27
32
33
25
30
27
33
24
32
35
28
27
29
30
32
41
31
40
49
40
39
50
50
49
55
53
40
43
45
45
46
36
45
41
51
32
19
24
31
34
37
35
36
32
22
34
20
17
24
31
20
26
23
21
24
10
6
23
31
16
18
26
20
25
25
13
19
8
15
23
22
17
8
9
5
12
7
11
27
19
9
23
5
8
13
15
12
4
3
-2
9
7
9
13
13
11
-4
27
12
12
4
-6
16
15
17
7
15
12
14
4
8
19
6
15
14
10
-15
-1
18
1
-9
14
10
-14
12
3
9
10
-7
12
18
15
12
9
10
6
0
11
-4
-14
-7
-11
1
11
5
-10
-2
-1
-4
-6
7
0
7
5
2
-3
-6
3
-4
7
-11
-11
-15
-6
3
-13
-14
-5
3
-8
-19
-23
-25
-18
-23
-5
-21
-24
-11
-15
-1
-8
-10
-5
5
1
-2
2
-10
-12
-6
0
13
-5
-21
-14
-1
3
-26
5
7
-9
-3
-9
-12
-21
-15
-26
-12
-23
-15
0
-20
-21
-26
-10
-16
-33
-22
-4
-16
-23
-22
-25
-4
-12
-18
-13
-25
-34
-30
-28
-28
-34
-25
-27
-31
-40
-44
-43
-55
-49
-49
-59
-50
-53
-52
-63
-75
-159
-350
-390
-300
-389
-684
-913
-882
-716
-596
-542
-520
-442
-310
-268
-429
-588
-523
-256
-8
50
21
-9
-51
-92
-138
-94
55
272
402
482
561
560
503
441
501
528
584
639
632
699
723
711
683
593
529
481
418
389
363
369
339
287
215
116
46
-30
-172
-270
-344
-400
-454
-512
-516
-507
-485
-516
-562
-588
-607
-641
-671
-638
-581
-495
-436
-375
-332
-327
-333
-323
-344
-333
-297
-253
-182
-105
-38
-18
-39
-81
-134
-126
-94
-79
-53
10
129
205
227
257
287
311
317
352
416
542
671
799
916
1019
1084
1112
1153
1167
1197
1262
1319
1392
1419
1391
1317
1203
1085
920
779
586
425
296
137
-12
-144
-292
-448
-603
-776
-899
-1003
-1113
-1186
-1168
-1130
-1109
-1071
-1026
-952
-877
-823
-767
-649
-505
-364
-217
-72
72
192
273
341
383
414
435
439
454
476
459
431
403
346
264
172
79
-11
-90
-157
-203
-257
-298
-363
-380
-393
-435
-438
-450
-437
-419
-375
-303
-233
-118
17
122
223
291
368
433
502
571
633
732
813
906
960
962
962
888
810
742
661
593
512
463
404
354
272
148
18
-131
-265
-431
-530
-630
-688
-719
-735
-739
-770
-781
-820
-815
-834
-822
-792
-743
-644
-520
-414
-321
-216
-110
-32
13
44
75
116
158
222
293
352
388
397
427
430
381
331
278
243
238
205
183
156
149
152
125
100
37
-9
-56
-89
-116
-124
-93
-72
-32
3
31
44
56
65
78
71
98
130
183
249
280
332
362
391
424
426
422
385
362
347
308
310
311
292
227
176
113
40
-11
-87
-159
-238
-296
-339
-395
-451
-475
-501
-512
-500
-527
-556
-575
-552
-544
-510
-471
-431
-386
-329
-280
-232
-189
-122
-46
-3
29
91
127
163
195
218
235
237
262
244
224
211
215
195
176
154
129
109
64
63
60
66
58
59
62
86
116
130
176
203
260
309
356
416
461
504
539
570
590
606
602
618
602
600
610
608
591
550
524
478
410
357
306
237
167
81
14
-35
-104
-164
-226
-273
-315
-358
-407
-437
-449
-488
-517
-539
-530
-573
-586
-597
-610
-618
-640
-628
-597
-598
-597
-588
-596
-602
-630
-646
-650
-645
-648
-642
-610
-571
-555
-509
-470
-454
-403
-354
-310
-250
-179
-122
-39
49
128
214
298
411
486
565
688
771
873
962
1056
1153
1275
1434
1537
1672
1813
1905
1914
1868
1819
1753
1638
1418
1224
1020
772
510
266
77
-116
-377
-616
-796
-963
-1158
-1367
-1513
-1615
-1711
-1810
-1793
-1712
-1607
-1524
-1409
-1221
-1067
-915
-763
-548
-349
-202
-59
137
353
499
604
714
842
912
985
1036
1105
1085
1022
971
899
832
727
624
495
378
200
35
-117
-252
-403
-575
-746
-939
-1082
-1243
-1387
-1527
-1633
-1713
-1734
-1737
-1666
-1585
-1465
-1342
-1180
-1022
-856
-681
-521
-330
-162
17
177
371
512
663
815
974
1109
1197
1317
1413
1473
1512
1530
1537
1566
1589
1643
1726
1798
1873
1903
1903
1830
1740
1577
1378
1093
813
500
201
-87
-364
-567
-794
-969
-1144
-1265
-1363
-1441
-1512
-1574
-1622
-1648
-1631
-1586
-1484
-1399
-1254
-1075
-836
-598
-341
-71
180
394
582
734
890
1017
1072
1140
1167
1216
1241
1257
1247
1231
1180
1127
1083
1005
915
761
617
445
293
85
-128
-327
-565
-791
-1018
-1186
-1348
-1486
-1652
-1733
-1798
-1855
-1889
-1884
-1861
-1833
-1757
-1660
-1489
-1354
-1192
-1042
-827
-626
-417
-204
10
235
388
579
747
923
1045
1169
1260
1360
1432
1477
1553
1578
1594
1589
1647
1721
1804
1878
1992
2072
2029
1958
1870
1795
1590
1325
1002
728
446
105
-175
-413
-604
-885
-1095
-1191
-1231
-1317
-1429
-1482
-1468
-1505
-1564
-1525
-1430
-1347
-1349
-1220
-1002
-756
-562
-326
-55
217
400
579
833
1016
1106
1104
1183
1240
1235
1168
1130
1095
1042
977
939
945
893
788
676
564
419
258
17
-218
-463
-761
-1053
-1301
-1483
-1656
-1845
-1977
-2015
-1998
-2001
-1944
-1851
-1740
-1642
-1552
-1402
-1247
-1133
-1002
-841
-670
-469
-262
-20
227
450
681
929
1184
1367
1499
1619
1700
1759
1783
1775
1756
1731
1710
1725
1787
1878
1958
2033
2052
2066
2043
1990
1880
1663
1390
1074
770
412
82
-230
-531
-830
-1068
-1205
-1292
-1337
-1399
-1400
-1398
-1371
-1354
-1318
-1274
-1258
-1234
-1218
-1128
-1012
-848
-675
-477
-225
22
279
575
830
982
1117
1215
1286
1307
1273
1186
1104
1037
912
845
789
731
665
559
485
428
319
146
-49
-260
-505
-758
-1039
-1307
-1542
-1774
-1977
-2064
-2105
-2093
-2035
-1928
-1758
-1578
-1401
-1191
-986
-831
-663
-541
-375
-213
-49
98
267
465
672
879
1090
1291
1456
1644
1778
1887
1969
1970
1957
1906
1840
1759
1686
1641
1611
1575
1542
1558
1548
1545
1495
1419
1311
1166
937
686
436
137
-165
-484
-736
-938
-1127
-1295
-1383
-1416
-1403
-1379
-1299
-1197
-1112
-1019
-954
-855
-783
-712
-674
-607
-511
-430
-311
-177
-7
148
310
468
651
803
932
1013
1083
1121
1092
1036
951
859
708
575
424
273
135
-10
-142
-267
-397
-541
-676
-796
-915
-1095
-1245
-1363
-1484
-1590
-1676
-1760
-1781
-1784
-1730
-1650
-1550
-1395
-1198
-995
-771
-540
-302
-61
183
408
619
804
984
1149
1259
1376
1486
1604
1673
1739
1820
1874
1943
2009
2071
2112
2139
2126
2090
2043
1928
1794
1627
1444
1227
996
730
458
204
-47
-292
-510
-681
-842
-1001
-1110
-1200
-1249
-1295
-1314
-1321
-1337
-1320
-1311
-1279
-1236
-1184
-1109
-1023
-906
-769
-613
-445
-283
-102
71
260
423
567
689
816
886
927
973
976
959
927
885
832
768
686
612
504
408
284
158
31
-136
-288
-474
-635
-800
-985
-1141
-1278
-1400
-1505
-1587
-1609
-1622
-1607
-1551
-1474
-1373
-1240
-1090
-909
-737
-552
-357
-162
36
223
423
592
762
930
1065
1222
1344
1441
1520
1591
1642
1685
1678
1689
1718
1706
1708
1687
1669
1615
1556
1473
1359
1269
1143
1011
845
662
491
285
64
-125
-318
-498
-666
-802
-924
-988
-1036
-1111
-1120
-1139
-1157
-1127
-1099
-1051
-1001
-968
-881
-819
-735
-623
-516
-421
-301
-180
-80
63
159
255
342
418
495
569
612
618
645
662
653
652
603
566
522
454
379
288
166
52
-56
-234
-367
-501
-642
-777
-885
-979
-1086
-1133
-1199
-1213
-1245
-1247
-1226
-1183
-1141
-1088
-976
-882
-782
-665
-515
-372
-208
-52
109
275
430
580
746
893
1028
1151
1251
1321
1401
1445
1476
1514
1525
1567
1573
1576
1567
1572
1545
1511
1477
1419
1356
1278
1169
1040
906
716
537
327
105
-144
-366
-565
-757
-906
-1051
-1135
-1224
-1278
-1307
-1317
-1273
-1228
-1187
-1103
-1009
-935
-822
-735
-641
-552
-447
-345
-245
-168
-100
-10
90
195
286
372
466
554
617
676
725
770
784
798
774
713
640
535
397
247
82
-89
-285
-438
-581
-732
-865
-975
-1073
-1157
-1211
-1225
-1241
-1253
-1225
-1185
-1128
-1073
-996
-908
-808
-696
-573
-437
-267
-100
74
248
434
619
787
954
1096
1220
1304
1398
1464
1508
1547
1576
1584
1591
1597
1610
1578
1537
1510
1479
1419
1358
1274
1174
1074
923
770
585
387
193
-10
-225
-410
-592
-758
-924
-1021
-1128
-1211
-1251
-1277
-1268
-1266
-1224
-1181
-1114
-1048
-963
-869
-790
-692
-610
-516
-423
-332
-265
-169
-74
6
99
189
267
333
387
446
516
552
597
633
633
632
606
563
484
367
253
111
-39
-172
-333
-489
-626
-750
-880
-996
-1064
-1122
-1161
-1168
-1181
-1162
-1136
-1092
-1036
-959
-856
-775
-660
-542
-402
-256
-107
44
201
356
501
634
763
872
964
1051
1123
1199
1241
1304
1338
1354
1387
1410
1438
1449
1450
1455
1426
1392
1328
1249
1161
1041
905
732
579
381
210
27
-162
-352
-532
-669
-810
-922
-1037
-1117
-1182
-1236
-1251
-1274
-1264
-1229
-1176
-1107
-1048
-978
-895
-809
-727
-610
-515
-424
-349
-251
-145
-53
36
132
207
290
362
442
509
564
633
669
692
678
663
627
548
467
359
249
118
-23
-199
-352
-497
-642
-775
-893
-982
-1062
-1103
-1131
-1151
-1121
-1074
-1024
-954
-898
-826
-753
-669
-580
-480
-358
-234
-87
47
185
349
488
634
751
877
988
1062
1139
1190
1228
1267
1295
1303
1285
1295
1304
1316
1308
1301
1296
1253
1224
1166
1112
1009
876
738
571
400
228
16
-174
-341
-516
-681
-814
-910
-994
-1073
-1098
-1105
-1092
-1065
-1029
-967
-929
-863
-805
-745
-673
-607
-553
-469
-379
-297
-218
-150
-57
33
119
183
268
342
400
472
505
506
536
532
516
492
466
411
353
304
222
138
22
-76
-200
-298
-430
-554
-661
-770
-866
-942
-976
-1037
-1057
-1050
-1025
-978
-912
-828
-724
-625
-521
-411
-272
-142
-13
104
244
385
505
633
764
884
981
1073
1146
1219
1266
1322
1346
1371
1403
1417
1429
1427
1431
1420
1406
1380
1343
1268
1182
1102
984
832
670
522
346
179
-27
-205
-377
-547
-688
-831
-944
-1042
-1110
-1140
-1185
-1178
-1159
-1139
-1071
-1020
-956
-872
-789
-705
-616
-533
-449
-378
-296
-212
-139
-70
29
91
181
272
336
424
479
546
609
631
660
661
644
625
572
511
435
356
247
128
12
-100
-217
-340
-460
-576
-670
-753
-828
-889
-919
-927
-929
-923
-871
-818
-747
-675
-581
-488
-360
-240
-124
-1
123
262
381
504
633
740
844
911
976
1056
1088
1135
1153
1198
1222
1227
1244
1262
1269
1286
1276
1272
1246
1217
1177
1099
1027
916
782
633
468
299
133
-55
-215
-383
-526
-646
-764
-857
-932
-980
-1017
-1025
-1019
-1000
-950
-915
-859
-807
-750
-674
-597
-530
-448
-392
-319
-234
-174
-71
-30
41
125
188
242
305
355
398
449
458
492
499
490
482
471
426
372
314
244
152
60
-35
-148
-251
-349
-448
-544
-617
-690
-763
-789
-825
-808
-792
-776
-764
-706
-641
-569
-477
-391
-284
-189
-72
28
135
233
349
463
542
644
725
790
835
896
928
937
957
988
1001
1009
1026
1040
1080
1112
1131
1131
1148
1141
1128
1060
1021
939
816
681
525
379
189
31
-127
-280
-435
-576
-682
-781
-846
-896
-923
-925
-906
-879
-862
-823
-786
-741
-701
-636
-562
-507
-433
-363
-307
-248
-180
-127
-68
-21
34
92
138
195
254
291
340
371
382
416
442
460
465
460
432
402
365
280
224
133
29
-64
-163
-276
-393
-470
-553
-635
-690
-749
-774
-787
-778
-743
-690
-648
-589
-517
-435
-353
-250
-176
-73
22
110
221
302
388
468
569
636
707
743
799
845
880
894
954
1005
1044
1092
1117
1155
1175
1190
1198
1206
1186
1158
1090
1011
937
823
713
563
401
239
89
-70
-222
-355
-498
-612
-696
-763
-824
-856
-877
-880
-871
-852
-789
-756
-713
-660
-614
-544
-496
-434
-390
-340
-287
-250
-205
-174
-113
-67
-17
29
90
129
164
215
259
311
320
347
366
346
343
304
261
213
153
85
5
-60
-150
-229
-310
-396
-474
-522
-568
-606
-625
-635
-635
-613
-574
-548
-501
-423
-375
-311
-220
-141
-43
56
126
226
295
370
430
486
545
565
597
616
649
650
698
721
729
791
810
877
929
969
1013
1046
1068
1054
1026
1002
946
880
798
676
557
436
283
142
21
-114
-242
-346
-466
-565
-630
-694
-755
-781
-799
-789
-773
-766
-731
-681
-632
-582
-528
-483
-445
-407
-373
-308
-274
-245
-200
-178
-127
-92
-57
-19
27
51
97
124
148
165
193
211
203
192
172
139
116
78
24
-41
-99
-143
-201
-264
-339
-388
-448
-468
-501
-523
-533
-547
-534
-530
-481
-443
-405
-370
-282
-219
-133
-49
26
134
206
298
381
451
490
538
579
631
653
661
693
705
761
804
858
913
969
1032
1083
1136
1151
1177
1176
1140
1082
1020
923
811
680
554
409
253
113
-45
-169
-300
-408
-530
-636
-710
-779
-844
-883
-910
-916
-919
-889
-855
-796
-733
-655
-564
-510
-414
-342
-306
-237
-184
-131
-96
-66
-23
19
42
69
112
122
158
191
208
232
242
251
258
239
225
203
165
117
68
3
-53
-126
-203
-263
-309
-367
-412
-437
-467
-485
-504
-500
-492
-468
-422
-384
-327
-266
-186
-96
-16
59
161
244
309
386
437
494
521
542
558
558
586
580
591
605
629
652
682
711
763
776
810
845
868
893
896
893
850
817
750
659
562
488
392
276
162
33
-71
-174
-273
-361
-450
-531
-571
-623
-662
-684
-692
-701
-694
-661
-610
-552
-509
-446
-384
-333
-278
-224
-186
-152
-124
-99
-88
-102
-89
-70
-78
-71
-66
-49
-22
-16
-12
8
14
19
23
6
2
-35
-59
-101
-142
-198
-261
-301
-333
-367
-391
-406
-420
-449
-435
-429
-423
-407
-379
-344
-309
-241
-192
-121
-67
10
92
161
219
290
361
386
441
484
519
550
570
593
617
632
649
652
675
740
749
774
824
842
858
860
883
862
828
784
735
670
578
477
373
277
146
19
-110
-221
-323
-428
-514
-575
-642
-692
-726
-755
-773
-782
-768
-742
-699
-651
-609
-551
-486
-431
-383
-324
-268
-226
-166
-132
-112
-82
-57
-44
-44
-39
-55
-44
-44
-50
-38
-43
-56
-56
-55
-65
-99
-126
-132
-160
-204
-217
-251
-280
-309
-330
-337
-353
-356
-356
-346
-346
-326
-289
-260
-216
-173
-128
-63
4
56
122
182
236
293
357
397
436
477
531
560
579
611
627
649
653
664
682
685
697
710
729
735
753
743
734
736
693
668
640
592
552
484
395
305
230
142
25
-55
-154
-262
-348
-429
-504
-580
-614
-644
-675
-685
-707
-685
-674
-657
-623
-590
-540
-498
-450
-403
-347
-309
-268
-250
-220
-191
-174
-149
-141
-124
-127
-114
-115
-124
-130
-137
-127
-155
-186
-189
-195
-207
-231
-234
-257
-275
-286
-288
-288
-294
-295
-295
-287
-272
-259
-241
-218
-193
-167
-123
-90
-25
26
60
122
171
231
271
326
372
418
466
510
564
599
610
639
644
645
650
640
622
624
630
623
615
609
606
584
548
539
510
456
411
357
296
248
169
98
30
-49
-134
-205
-281
-357
-417
-487
-559
-600
-635
-677
-683
-695
-697
-687
-649
-601
-568
-523
-459
-403
-344
-303
-250
-204
-156
-117
-88
-80
-72
-88
-91
-97
-120
-131
-172
-219
-240
-272
-316
-353
-385
-423
-452
-464
-495
-512
-504
-497
-499
-476
-458
-436
-426
-389
-351
-325
-271
-240
-203
-172
-129
-103
-57
-20
24
55
115
169
199
245
270
321
343
371
392
417
440
458
474
494
495
479
482
462
465
443
411
398
387
381
368
363
347
333
310
317
286
268
243
219
181
147
134
58
8
-55
-114
-175
-234
-306
-364
-410
-471
-504
-544
-569
-595
-609
-600
-598
-572
-554
-514
-457
-430
-387
-362
-339
-316
-292
-260
-238
-249
-252
-252
-264
-282
-306
-334
-366
-386
-426
-434
-463
-504
-525
-549
-548
-568
-555
-545
-530
-514
-484
-431
-411
-360
-309
-277
-226
-165
-132
-102
-54
-3
33
59
84
125
156
180
206
228
270
301
333
354
393
429
450
472
503
530
525
546
549
554
560
537
525
521
501
487
470
434
420
371
348
320
286
240
221
178
134
95
52
21
-36
-79
-124
-168
-206
-248
-301
-344
-393
-427
-455
-493
-511
-525
-524
-523
-518
-491
-491
-484
-448
-415
-409
-374
-360
-354
-340
-321
-292
-299
-294
-273
-280
-286
-298
-307
-334
-350
-368
-387
-392
-414
-439
-446
-446
-467
-458
-455
-451
-406
-377
-360
-329
-283
-234
-178
-120
-99
-50
-12
10
72
87
124
165
186
206
224
256
280
304
332
348
376
405
437
474
518
551
559
582
602
635
622
612
622
612
596
569
565
540
514
503
472
443
403
351
298
248
173
98
53
-27
-83
-161
-244
-298
-355
-405
-458
-503
-538
-567
-584
-602
-621
-623
-624
-622
-616
-587
-575
-552
-532
-511
-475
-440
-406
-386
-358
-332
-314
-307
-297
-295
-293
-299
-312
-338
-348
-389
-408
-401
-444
-473
-480
-507
-507
-526
-540
-534
-525
-520
-482
-462
-419
-377
-325
-259
-197
-126
-90
-24
23
64
131
166
214
260
287
330
362
394
402
432
475
499
529
552
562
599
626
633
641
654
669
659
656
658
646
643
642
628
602
573
549
509
440
383
307
238
172
91
19
-78
-162
-248
-315
-377
-441
-493
-542
-572
-584
-597
-592
-573
-558
-530
-504
-484
-463
-421
-400
-382
-343
-326
-307
-274
-258
-248
-242
-233
-226
-256
-264
-255
-283
-299
-317
-354
-360
-398
-427
-453
-470
-493
-495
-507
-519
-489
-491
-466
-442
-388
-359
-349
-301
-249
-209
-183
-130
-89
-46
2
42
77
129
167
202
256
293
329
357
418
432
448
486
501
526
551
579
608
612
616
655
670
680
694
695
721
744
730
729
722
713
681
636
583
527
462
392
323
229
144
35
-63
-136
-229
-314
-386
-449
-488
-527
-551
-556
-564
-568
-570
-535
-513
-487
-469
-431
-410
-375
-350
-353
-333
-313
-304
-297
-301
-315
-333
-328
-339
-374
-380
-417
-428
-445
-459
-458
-501
-513
-521
-535
-535
-541
-510
-515
-487
-441
-421
-386
-347
-313
-277
-200
-174
-124
-82
-29
15
51
72
123
142
159
200
236
277
296
343
371
406
424
464
488
488
522
527
557
572
593
600
617
640
640
656
664
688
704
717
707
696
679
650
612
568
502
428
357
277
198
112
20
-64
-143
-236
-309
-375
-432
-474
-502
-536
-536
-554
-540
-538
-525
-495
-498
-459
-464
-436
-430
-444
-436
-412
-400
-409
-398
-423
-424
-424
-441
-442
-454
-469
-494
-502
-502
-512
-522
-526
-533
-508
-504
-480
-451
-418
-375
-339
-291
-252
-214
-159
-119
-79
-64
-17
17
42
82
110
135
160
202
220
252
267
288
329
352
370
399
417
419
453
469
478
497
515
529
540
570
582
612
627
641
675
685
706
732
747
739
740
706
675
628
576
509
437
387
305
210
134
52
-21
-101
-182
-245
-323
-359
-402
-447
-467
-501
-503
-520
-528
-521
-511
-513
-497
-492
-443
-441
-452
-431
-444
-427
-428
-426
-429
-428
-439
-434
-425
-449
-444
-436
-448
-438
-439
-426
-426
-427
-404
-385
-367
-342
-310
-280
-255
-223
-166
-136
-96
-55
-25
11
31
68
99
128
153
162
211
232
240
291
315
339
345
365
404
427
430
446
464
479
491
505
513
532
541
541
533
540
566
550
551
562
561
566
575
565
559
537
511
467
431
398
338
295
231
167
93
32
-26
-82
-153
-209
-261
-311
-362
-388
-437
-464
-462
-490
-505
-505
-503
-512
-502
-501
-512
-501
-514
-494
-490
-485
-491
-490
-482
-488
-490
-499
-513
-511
-484
-477
-471
-468
-441
-436
-399
-363
-328
-313
-299
-254
-229
-182
-154
-129
-91
-57
-17
32
74
112
139
173
192
214
246
255
279
305
312
323
349
365
378
393
410
431
439
438
465
473
484
482
481
498
488
488
472
479
481
461
450
445
440
432
413
390
371
345
325
279
273
242
190
163
100
83
21
-38
-66
-114
-155
-207
-242
-294
-333
-366
-407
-432
-460
-495
-490
-510
-517
-521
-522
-510
-509
-497
-492
-476
-462
-427
-427
-416
-404
-402
-374
-376
-372
-349
-333
-315
-301
-288
-275
-261
-224
-219
-205
-181
-158
-137
-124
-77
-59
-43
-10
10
40
68
89
111
146
155
167
199
217
262
264
293
289
303
333
344
371
365
379
382
406
420
428
424
438
430
433
455
441
431
436
418
410
380
361
356
314
290
253
249
213
191
153
121
86
77
45
19
-7
-60
-60
-87
-114
-134
-168
-188
-219
-274
-280
-309
-337
-374
-387
-412
-430
-437
-442
-446
-454
-455
-446
-435
-439
-432
-422
-418
-397
-377
-384
-363
-347
-337
-337
-318
-305
-295
-268
-262
-230
-213
-211
-194
-156
-141
-133
-100
-82
-41
-16
-7
23
50
77
96
129
159
178
221
233
251
254
289
291
300
320
310
328
328
330
334
342
340
341
328
341
339
340
331
331
322
299
293
276
256
246
234
219
208
178
159
147
129
122
95
94
84
61
51
33
23
17
5
-19
-24
-37
-60
-60
-101
-105
-124
-174
-200
-211
-233
-271
-297
-310
-340
-369
-369
-410
-402
-408
-407
-397
-400
-384
-368
-358
-334
-338
-316
-292
-277
-261
-248
-243
-218
-195
-181
-166
-175
-156
-146
-145
-114
-108
-102
-75
-63
-43
-36
0
19
38
80
99
125
132
155
175
179
199
221
233
256
275
272
283
300
304
309
306
301
321
313
328
307
299
295
289
272
264
247
223
219
194
160
147
136
126
96
86
75
59
45
43
33
10
6
-14
-1
-24
-47
-39
-52
-76
-84
-86
-87
-79
-118
-128
-119
-151
-156
-186
-193
-204
-226
-245
-252
-266
-275
-276
-288
-285
-294
-277
-276
-270
-263
-246
-235
-218
-210
-194
-165
-166
-134
-119
-102
-93
-85
-63
-67
-45
-21
-34
-24
-11
3
30
47
77
82
97
120
131
163
188
192
206
225
242
256
235
264
265
274
287
277
294
265
271
269
257
260
250
249
257
258
221
211
204
188
191
159
156
144
132
133
106
110
98
96
87
70
78
50
38
38
15
14
-3
-9
-13
-38
-46
-61
-65
-73
-68
-85
-86
-100
-106
-99
-124
-134
-125
-153
-150
-142
-161
-175
-180
-183
-176
-182
-186
-164
-171
-166
-148
-141
-133
-123
-124
-102
-106
-103
-93
-90
-73
-75
-71
-57
-50
-52
-42
-35
-33
-27
-31
-19
-10
3
6
8
26
46
64
77
73
88
116
129
147
158
179
191
200
206
208
223
223
214
212
224
201
222
202
180
176
168
158
135
128
102
93
69
66
49
40
18
18
-2
-14
-20
-35
-37
-40
-44
-69
-66
-71
-78
-90
-93
-94
-88
-102
-108
-100
-114
-125
-108
-129
-122
-122
-136
-140
-156
-158
-144
-166
-181
-172
-167
-173
-182
-191
-184
-168
-177
-164
-158
-143
-136
-128
-123
-109
-91
-82
-81
-61
-63
-57
-33
-32
-36
-47
-39
-28
-35
-9
-14
-9
-3
1
16
11
23
24
37
45
61
77
82
104
116
133
126
137
136
149
161
163
164
157
168
171
169
157
167
164
161
140
126
121
114
121
89
88
65
49
39
31
12
0
0
-10
-22
-31
-20
-28
-36
-57
-70
-78
-96
-105
-102
-103
-117
-115
-144
-151
-149
-151
-166
-159
-155
-170
-163
-162
-161
-165
-145
-164
-152
-140
-146
-151
-151
-130
-124
-119
-98
-85
-67
-43
-47
-50
-41
-37
-21
-13
-9
-6
-1
13
12
17
10
10
16
6
14
-5
16
-2
-8
-10
-4
3
2
13
5
27
14
33
62
72
88
93
107
113
102
108
118
128
130
125
118
134
116
121
122
92
107
96
99
81
47
62
41
21
21
2
-6
-16
-26
-35
-36
-53
-57
-54
-78
-87
-89
-106
-94
-100
-108
-106
-116
-100
-115
-118
-124
-111
-114
-109
-108
-113
-89
-108
-108
-109
-115
-119
-130
-123
-137
-136
-110
-116
-126
-116
-118
-94
-94
-84
-77
-62
-57
-46
-39
-23
-13
-17
-11
-1
-8
-3
15
34
24
14
24
44
41
12
23
19
24
32
26
20
22
32
36
37
40
49
53
57
62
77
77
61
65
83
75
83
76
56
65
59
44
30
37
34
24
14
14
-1
-6
-14
-23
-39
-43
-34
-52
-61
-82
-86
-76
-91
-84
-93
-105
-91
-111
-111
-117
-110
-110
-119
-103
-107
-109
-114
-124
-119
-124
-135
-129
-116
-103
-102
-96
-100
-101
-98
-104
-100
-96
-105
-91
-88
-91
-85
-78
-61
-55
-45
-30
-33
-15
14
39
26
42
38
48
61
43
61
60
50
32
44
46
33
29
25
15
18
12
-2
-19
-12
-7
-12
2
-12
-17
6
13
7
16
11
31
36
24
27
44
35
45
55
37
43
52
47
41
43
29
33
26
15
38
12
-2
5
-4
-10
-30
-40
-31
-44
-51
-46
-50
-66
-58
-77
-75
-74
-67
-80
-93
-88
-91
-94
-100
-102
-117
-120
-114
-105
-101
-104
-107
-101
-110
-99
-97
-84
-86
-82
-66
-75
-66
-59
-43
-32
-46
-30
-17
-17
-2
9
27
32
29
47
67
67
76
71
77
83
101
68
60
57
43
42
41
37
46
41
22
16
9
6
2
10
1
5
8
1
2
8
25
32
-7
13
28
12
8
28
20
24
30
27
36
18
30
15
26
20
-5
2
-5
-8
-24
-20
-52
-49
-47
-73
-68
-65
-89
-102
-103
-113
-113
-118
-117
-123
-114
-123
-118
-111
-129
-118
-102
-96
-92
-85
-78
-83
-70
-65
-62
-48
-56
-54
-57
-33
-55
-42
-39
-54
-30
-33
-25
-15
3
-3
9
9
2
4
24
33
22
16
26
41
26
42
38
38
31
34
23
17
18
18
19
-2
-6
-15
-31
-16
-25
-20
-28
-51
-35
-35
-37
-33
-19
-9
-17
-28
-4
-13
-3
2
0
18
28
21
17
24
31
24
40
33
17
32
18
6
11
12
2
-4
-25
-40
-48
-50
-38
-41
-38
-61
-66
-63
-67
-83
-89
-82
-101
-90
-97
-96
-94
-83
-79
-86
-73
-86
-67
-71
-76
-61
-62
-60
-50
-39
-47
-42
-11
-25
-28
-26
-8
-11
-15
-10
4
22
19
42
47
57
47
59
64
75
86
79
67
73
89
73
81
94
77
65
71
58
73
53
43
33
22
19
6
3
-14
-21
-15
-12
-16
-12
-9
-22
-38
-38
-27
-27
-12
-19
-18
-27
-28
-25
-36
-27
-19
-5
-19
-22
-20
-25
-38
-48
-46
-24
-38
-42
-52
-45
-44
-58
-60
-63
-54
-55
-60
-67
-49
-60
-67
-61
-61
-73
-62
-75
-76
-64
-81
-79
-59
-73
-73
-60
-66
-62
-49
-46
-44
-39
-38
-13
-26
-29
-28
-21
-6
4
2
6
17
3
11
29
40
26
34
63
68
60
63
70
64
55
64
72
63
63
32
32
30
24
23
9
7
-7
-21
-19
-23
-19
-19
-35
-40
-36
-27
-27
-25
-41
-36
-22
-39
-38
-29
-32
-23
-29
1
-3
-9
-1
12
-3
-19
5
-19
-5
-18
6
12
-8
13
16
13
9
13
15
25
24
7
-1
6
2
6
-12
-16
-31
-35
-37
-54
-65
-65
-67
-71
-58
-53
-57
-73
-64
-54
-70
-51
-47
-39
-35
-16
-13
-22
18
6
29
38
50
50
34
49
54
58
59
72
80
80
82
81
85
96
100
95
87
82
83
74
74
69
66
53
53
42
20
14
-3
5
5
-4
-9
0
-6
-2
8
-13
-12
-8
-18
-27
-4
-4
4
-2
1
-12
1
4
3
2
2
-7
16
29
12
17
7
29
21
16
30
32
53
55
53
57
45
60
63
55
54
54
33
22
34
26
17
5
-5
-13
-5
-9
-33
-19
-29
-32
-17
-23
-25
-20
-28
-21
-18
-21
-8
-15
-19
-16
6
-5
1
6
-4
25
26
22
28
28
39
41
52
39
49
55
43
52
62
73
79
71
65
65
70
66
56
59
60
65
54
41
49
61
54
55
51
40
59
64
61
67
54
67
45
52
52
28
51
28
25
32
25
11
-1
0
5
7
-1
-7
-1
-6
-18
-9
5
-1
6
3
14
13
18
36
32
29
25
44
27
26
19
24
28
2
8
0
1
3
-14
-22
-13
-20
-23
-8
-8
2
-8
5
0
5
10
7
19
12
24
30
23
25
40
36
39
50
50
56
53
57
60
73
65
64
78
70
63
66
69
50
64
67
48
48
63
59
51
43
37
32
20
32
22
28
28
17
6
-5
-13
-1
10
-2
-6
-15
-18
-25
-27
-12
-11
-26
-24
-41
-28
-46
-26
-32
-32
-24
-39
-26
-29
-18
-22
-15
-31
-29
-14
-15
-14
-4
4
-2
-2
5
1
-2
-4
-8
-10
-6
-14
-16
-22
-41
-56
-34
-48
-53
-45
-62
-44
-47
-55
-45
-44
-45
-34
-43
-35
-23
-20
-19
-22
-21
-12
-10
-16
-4
13
16
-2
10
22
22
22
35
30
29
29
29
20
38
42
36
42
26
37
28
29
21
21
7
-4
3
8
2
-4
-12
-6
-26
-51
-38
-40
-47
-50
-47
-43
-43
-52
-43
-47
-46
-58
-44
-57
-60
-54
-62
-73
-70
-42
-54
-43
-38
-32
-36
-29
-34
-32
-27
-28
-36
-30
-19
-35
-31
-32
-36
-45
-36
-34
-16
-20
-42
-40
-42
-42
-53
-39
-47
-61
-65
-63
-59
-58
-55
-64
-57
-54
-47
-33
-46
-38
-20
-17
-32
-22
-27
-26
-9
-9
2
0
12
3
15
21
20
23
14
26
26
29
29
19
36
38
27
36
32
25
27
29
22
42
26
7
24
22
12
-10
2
1
-2
-3
-15
-9
-10
-27
-34
-37
-30
-37
-70
-42
-61
-67
-74
-81
-64
-75
-72
-73
-75
-79
-90
-75
-84
-92
-76
-75
-71
-70
-66
-64
-51
-52
-67
-60
-42
-35
-38
-34
-27
-22
-42
-28
-20
-20
-25
-22
-20
-36
-33
-40
-25
-36
-42
-25
-24
-16
-28
-45
-39
-35
-31
-40
-24
-24
-22
-19
-5
1
-12
9
9
9
20
20
11
13
18
27
32
28
48
47
48
50
47
48
42
46
39
43
46
19
23
21
16
8
-2
5
9
5
-15
-26
-31
-39
-34
-40
-48
-83
-76
-63
-83
-84
-83
-78
-93
-99
-95
-105
-101
-105
-116
-98
-90
-98
-98
-80
-85
-94
-67
-63
-60
-38
-32
-37
-23
-30
-25
-18
-25
-17
-8
7
13
18
12
18
12
5
17
4
8
18
7
-23
-10
-7
-23
-8
-18
-13
-10
-17
-8
-11
-11
-14
-15
-8
-1
9
9
26
22
8
24
20
19
1
19
24
19
22
13
14
14
9
4
-5
8
16
8
6
0
2
-2
-18
-28
-20
-32
-42
-40
-36
-46
-43
-46
-41
-61
-56
-61
-59
-49
-72
-72
-82
-65
-82
-92
-93
-97
-99
-106
-111
-92
-88
-82
-82
-87
-83
-90
-77
-69
-59
-72
-52
-44
-46
-53
-44
-44
-40
-34
-22
-4
-7
-12
1
12
-5
13
17
35
47
40
46
37
27
30
32
25
28
24
36
39
32
31
31
47
35
37
27
31
41
25
25
30
33
19
26
25
20
11
-1
-1
6
8
-2
24
15
0
11
13
6
-15
7
-2
-5
-6
-8
-9
-3
-7
-25
-24
-34
-30
-29
-24
-46
-41
-33
-60
-76
-65
-51
-69
-76
-72
-65
-66
-71
-86
-93
-84
-87
-89
-106
-95
-92
-91
-98
-103
-80
-75
-56
-59
-47
-45
-41
-23
-31
-19
-8
2
2
5
13
24
19
17
26
24
35
46
45
53
57
48
55
57
41
52
51
44
50
58
59
57
58
65
71
71
81
77
85
80
73
68
71
62
52
52
40
33
46
37
31
38
19
27
29
9
3
6
4
-2
-9
-2
-9
-20
-2
-38
-33
-13
-43
-49
-46
-49
-42
-38
-47
-56
-54
-45
-65
-63
-48
-52
-61
-58
-62
-59
-55
-63
-68
-81
-66
-63
-64
-62
-75
-64
-60
-64
-64
-56
-47
-35
-29
-34
-33
-23
-15
1
5
24
44
33
28
50
61
61
60
56
58
60
75
83
72
89
82
76
79
73
99
81
78
100
87
84
81
75
94
73
100
92
76
71
72
72
55
67
52
50
52
39
45
32
12
18
-1
-4
-10
-7
-13
-23
-33
-19
-26
-37
-37
-51
-37
-37
-50
-52
-56
-50
-61
-58
-51
-70
-60
-48
-69
-65
-59
-71
-70
-44
-47
-43
-29
-39
-27
-29
-18
-18
-24
-28
-24
-6
-10
-12
-15
-19
-27
-30
-5
-16
-7
12
20
5
26
29
30
33
35
33
29
38
43
47
34
31
35
38
35
37
26
17
26
14
23
12
14
11
17
23
27
43
33
44
36
37
25
21
19
24
29
13
17
-1
-2
6
-4
-1
-10
-4
-13
-24
-35
-39
-32
-40
-47
-56
-54
-58
-78
-87
-76
-79
-92
-86
-83
-84
-81
-90
-85
-78
-82
-77
-97
-81
-82
-74
-72
-80
-63
-66
-43
-48
-58
-39
-50
-36
-34
-29
-26
-34
-32
-23
-28
-14
-9
0
-9
-24
-18
2
-4
-4
-4
-17
-1
2
12
13
19
2
17
34
38
26
22
27
15
28
27
23
33
33
41
38
30
35
33
34
31
28
23
17
15
12
6
-3
-7
-9
-3
-19
-14
-10
-22
-16
-12
-25
-23
-34
-28
-36
-50
-44
-51
-42
-57
-65
-72
-70
-71
-74
-82
-78
-75
-74
-90
-97
-95
-81
-74
-82
-77
-83
-95
-73
-81
-86
-70
-71
-63
-69
-42
-41
-48
-25
-19
-17
-12
-12
-19
-18
-14
-13
-10
0
1
-14
-5
17
2
4
15
14
