-28
-15
-9
-9
-18
-18
-22
-10
-3
-14
4
-4
-16
-5
-7
-12
-1
-18
-10
13
-3
7
10
-14
-4
-15
-13
7
-19
0
-3
1
3
-11
-5
-14
2
-5
0
-6
-9
-11
0
1
13
17
-10
11
3
11
15
9
-7
16
10
-5
-13
1
3
-2
7
-14
-2
-6
2
6
9
4
4
23
13
3
18
31
18
11
17
23
35
21
16
20
15
12
35
32
13
16
20
18
20
29
29
24
24
14
10
21
37
41
29
36
28
28
37
27
23
20
6
9
6
21
15
14
16
7
-2
1
3
13
16
10
10
12
12
-6
-9
-4
-18
2
-16
16
25
-15
-3
-3
4
12
1
7
21
9
21
12
20
0
12
-2
2
15
12
15
-7
12
7
39
36
27
34
27
31
47
41
37
40
39
41
33
36
38
30
21
24
19
19
18
27
17
20
17
22
8
6
13
19
24
23
21
29
20
23
31
21
19
5
8
16
11
30
16
10
22
8
9
-1
-3
2
1
-1
-3
1
0
4
-6
4
-4
-15
1
-4
4
14
8
3
11
3
-5
15
15
14
15
-1
22
5
4
9
-5
19
12
11
3
-15
-14
-8
-10
-28
-25
-12
-3
-1
-3
-8
2
-6
-9
6
-3
-13
7
-1
-19
-14
-11
-3
-7
-22
-28
-14
-12
-15
-16
-6
-6
-11
-9
-14
-23
-13
-22
-16
-15
-10
2
-10
-10
0
-20
-8
-5
-17
-1
5
1
-6
-6
-8
6
-14
-7
-7
-11
-8
-9
-2
18
4
8
25
-4
-2
-9
-2
-1
1
-8
-12
3
-2
13
-13
1
-7
-5
1
-8
-4
-11
-17
-28
-4
-13
-25
-23
-21
-18
-24
-16
7
-4
-3
-5
-12
6
6
-7
1
15
13
-4
-4
-13
-4
-10
-2
-4
12
5
-9
-14
-16
6
4
5
17
15
10
17
12
18
16
16
15
20
23
29
38
48
48
39
34
28
28
40
34
35
53
42
42
37
22
25
38
14
4
22
20
9
12
14
-8
1
7
10
2
2
-2
-11
2
0
-17
-9
5
2
-23
-32
-23
-21
-14
-27
-22
-20
-21
-20
-25
-25
-13
-21
-21
-18
-20
-36
-29
-12
-22
-12
-10
-25
-19
-2
-14
1
-6
7
-1
-20
-7
-11
-32
-15
-15
-16
-8
-19
-28
-26
-15
-16
-3
-6
-16
-29
-9
0
-17
-24
-22
-14
-21
-15
-14
-1
5
-9
-3
16
9
7
4
-3
15
4
-4
-3
2
-20
-20
-7
-13
-3
0
-13
-1
-22
-17
8
-6
-14
-7
1
-7
-4
-5
-24
-13
-22
-27
-21
-35
-25
-12
-17
-36
-32
-22
-21
-11
-29
-23
-24
-17
-21
-17
-6
-16
-12
-17
-8
-11
-10
-14
-10
-12
-4
-18
-21
-19
-13
-14
-31
-19
-34
-20
-19
-30
-22
-19
-20
-23
-11
-13
-6
2
-19
-15
-7
-17
1
-5
-4
0
-9
-7
-2
3
9
-2
-17
2
-3
0
-5
-4
-9
-5
-3
-10
-3
-24
-9
-13
-17
8
12
7
-11
8
-2
-14
-1
-11
-6
-13
-13
-12
-24
-20
-24
-37
-33
-44
-39
-33
-33
-33
-45
-40
-29
-31
-26
-24
-37
-34
-32
-24
-28
-49
-25
-26
-29
-13
-27
-44
-24
-27
-36
-21
-27
-22
-31
-38
-31
-35
-37
-24
-37
-33
-43
-42
-28
-34
-41
-32
-19
-18
-16
-34
-40
-24
-26
-30
-31
-11
-18
-23
-13
2
-6
-14
-6
-10
-18
-13
-19
-16
-13
-26
-34
-27
-27
-22
-31
-34
-18
-37
-34
-39
-15
-27
-6
-25
-34
0
-20
6
-14
-17
-17
-26
-27
-29
-24
-36
-31
-34
-24
-9
-28
-27
-21
-42
-23
-31
-23
-27
-21
-24
-26
-4
-16
-2
-12
-4
-13
0
-5
-5
-2
-2
0
-18
-10
0
-11
10
16
3
16
6
15
4
-14
-6
-3
3
-16
-13
0
-6
-3
-4
-3
-10
-8
-8
4
7
5
5
-3
-14
-12
-13
-18
-1
-22
-15
-24
-24
-23
-32
-37
-14
-30
-28
-20
-25
-5
-22
-22
-23
-4
-12
-15
-10
-11
-24
-1
-13
-6
0
-24
-10
-3
-17
-14
-22
-36
-12
-35
-37
-32
-44
-48
-30
-35
-31
-37
-6
-34
-46
-31
-47
-14
-35
-25
-32
-39
-25
-30
-55
-33
-16
-33
-22
-36
-34
-31
-33
-39
-37
-44
-44
-21
-35
-48
-55
-51
-40
-51
-54
-40
-43
-38
-27
-26
-30
-19
-22
-19
-22
-10
-1
8
2
1
12
-4
-2
-4
-11
-24
-11
3
-3
1
-12
-9
-7
-9
-3
-6
-9
3
-9
-23
-11
-8
18
6
-8
-18
-5
18
-7
-15
-9
0
-7
-13
-4
-11
-19
-14
-16
-22
-46
-41
-32
-33
-6
-18
-25
-16
-21
-24
-19
-33
-29
-29
-33
-22
-33
-23
-22
-21
-20
-25
-37
-15
-27
-34
-23
-31
-31
-33
-27
-36
-34
-30
-27
-38
-35
-28
-27
-33
-34
-14
-28
-12
-28
-20
-13
-19
-11
-21
-15
-14
-1
3
2
-10
-2
-5
-22
-16
-17
-31
-18
-23
-24
-25
-17
-10
-18
-15
-11
-23
-21
-13
-11
-5
-8
-1
-3
10
14
0
-9
-5
-7
-9
-5
-21
-28
-11
-19
-33
-28
-7
-6
-6
-7
-8
-6
-16
-15
-8
-29
-22
-23
-27
-18
-20
-15
-15
-21
-8
-20
-22
-11
-21
-24
-40
-30
-37
-31
-26
-9
-30
-32
-24
-47
-43
-43
-33
-44
-44
-34
-34
-44
-41
-35
-54
-39
-33
-45
-49
-45
-52
-60
-65
-43
-45
-49
-55
-45
-39
-43
-52
-72
-65
-55
-61
-63
-57
-64
-45
-64
-58
-43
-45
-31
-43
-31
-34
-31
-8
-23
-30
-21
-28
-32
-11
-35
-42
-40
-51
-32
-44
-38
-46
-54
-56
-36
-39
-44
-36
-60
-65
-64
-67
-62
-57
-52
-68
-52
-45
-67
-66
-59
-64
-50
-53
-73
-52
-62
-48
-50
-53
-65
-75
-64
-66
-55
-51
-61
-70
-55
-63
-51
-59
-53
-62
-41
-36
-56
-60
-72
-51
-64
-60
-51
-43
-34
-47
-38
-55
-64
-52
-62
-53
-65
-60
-52
-43
-57
-54
-61
-64
-67
-72
-55
-60
-67
-52
-64
-76
-69
-69
-47
-58
-57
-62
-61
-51
-68
-63
-64
-79
-63
-59
-76
-80
-70
-69
-61
-60
-63
-55
-71
-60
-68
-54
-40
-43
-40
-36
-30
-34
-21
-37
-30
-22
-27
-33
-38
-34
-39
-17
-27
-25
-27
-33
-33
-36
-18
-23
-15
-21
-13
-11
-11
-26
-17
-12
-21
-13
-22
-25
-22
-25
-27
-31
-29
-29
-38
-27
-31
-42
-33
-31
-31
-33
-28
-37
-50
-46
-39
-39
-31
-28
-47
-33
-19
-35
-33
-24
-31
-11
-17
-7
-20
-26
-22
-29
-25
-31
-21
-17
-22
-11
-6
-12
-20
-16
-5
-11
-3
0
-14
-8
-2
4
-8
-3
2
-7
-3
-4
3
8
10
9
8
-18
-1
7
-8
-19
-15
-28
-22
-18
-31
-17
-23
-26
-17
-24
-42
-27
-35
-43
-36
-19
-7
-20
-14
-19
-4
-10
-29
-13
-19
-29
-26
-24
-40
-46
-31
-44
-41
-44
-29
-29
-47
-45
-55
-43
-39
-36
-51
-38
-42
-41
-32
-35
-32
-24
-26
-37
-25
-22
-17
-17
-39
-40
-31
-36
-21
-19
-37
-41
-31
-46
-45
-42
-35
-43
-39
-45
-42
-47
-41
-37
-42
-39
-40
-28
-34
-46
-31
-30
-20
-23
-17
-30
-29
-47
-53
-45
-53
-46
-58
-65
-65
-60
-65
-70
-65
-58
-76
-79
-56
-62
-63
-52
-58
-43
-62
-45
-30
-31
-39
-34
-18
-37
-36
-40
-37
-47
-55
-28
-39
-42
-50
-66
-48
-56
-57
-60
-67
-61
-54
-49
-57
-57
-68
-53
-43
-65
-48
-45
-39
-43
-43
-32
-46
-38
-32
-33
-31
-39
-30
-39
-46
-28
-37
-48
-36
-33
-58
-66
-72
-69
-55
-55
-36
-47
-57
-55
-55
-58
-61
-41
-45
-34
-44
-32
-32
-37
-19
-31
-48
-36
-38
-35
-43
-40
-46
-64
-53
-38
-35
-42
-46
-47
-49
-51
-52
-53
-40
-44
-53
-47
-29
-27
-40
-21
-27
-42
-38
-37
-29
-40
-56
-32
-36
-56
-40
-14
-32
-21
-4
-33
-28
-24
-31
-32
-21
-25
-32
-27
-16
-12
-18
-1
-20
-36
-22
-13
-3
-17
-6
-3
-14
-8
-7
-9
-14
-23
-27
-10
-12
-7
-21
-31
-39
-37
-25
-19
-24
-38
-14
-23
-12
-6
-11
-12
-3
8
-1
8
-4
-5
-24
-30
-2
-13
-28
-17
-22
-30
-20
-32
-42
-38
-25
-11
-32
-40
-32
-37
-14
-16
-30
-15
-5
0
-16
1
5
-7
10
-10
4
4
-2
-8
-3
3
-4
9
-15
-11
-11
-24
-16
-19
-13
-27
-24
-19
-6
-6
-12
9
-8
-2
-8
-11
-12
-13
-7
-7
-12
0
-1
-6
-3
-9
-5
-10
-4
-18
-18
-3
-11
-10
-17
-19
-16
-22
-11
-15
0
-12
-21
-10
-18
-11
-6
-6
-20
-14
2
4
-10
-19
-14
13
6
-4
-10
-14
4
-4
-2
-13
-20
-11
-17
-9
-11
-10
-10
-17
-7
-6
-6
2
5
9
15
20
20
25
14
10
-1
10
13
0
20
-11
-11
-1
11
20
10
31
8
17
12
2
11
9
19
0
14
14
11
16
7
9
13
11
-5
13
41
20
2
17
24
13
3
17
21
3
3
4
-1
-3
1
6
5
3
-6
-4
2
-2
-9
0
3
1
-8
-2
0
-15
10
4
3
19
6
9
13
6
5
7
5
7
4
12
0
22
18
-5
9
-1
21
3
15
15
13
11
7
23
-1
23
19
28
24
18
26
34
30
14
4
4
9
16
17
11
9
11
12
22
25
11
27
10
10
11
14
23
15
3
6
0
5
6
-3
14
7
4
3
7
-14
-3
-1
-2
-4
-2
-14
11
21
22
11
-2
6
-1
10
-1
-5
-3
9
-2
9
-2
12
-8
8
17
0
9
-3
7
11
3
2
-7
-10
-15
-27
-16
-17
-27
-36
-22
-33
-44
-18
-22
-28
-34
-26
-27
-27
-31
-33
-24
-20
-25
-31
-24
-26
-30
-35
-33
-36
-48
-36
-42
-42
-46
-47
-49
-61
-49
-49
-48
-49
-35
-40
-26
-26
-37
-36
-36
-13
-13
-40
-25
-25
-12
-19
-31
-25
-29
-17
-18
-20
-17
-20
-23
-21
-26
-13
-17
-22
-22
-21
-26
-4
-5
-16
-11
-29
-15
-24
-7
-8
-15
-21
-12
-15
-19
-14
-26
-19
-20
-19
-18
-29
-22
-16
-24
-12
-8
-2
-6
-11
-25
-16
-14
-10
-17
-15
-5
-21
-6
-27
-39
-15
-23
-26
-15
-1
-5
2
-1
-11
0
-2
-10
-9
-4
-5
-15
-10
-5
-7
7
-15
-3
-10
-16
-22
-12
-14
-13
0
-23
-2
-13
-27
-13
-14
1
-12
-22
-6
-15
-12
-4
-10
-7
-13
1
-4
-9
5
-12
-21
4
14
-1
4
-3
-1
3
-8
4
2
4
10
10
9
9
17
13
10
17
24
7
-6
-3
6
7
7
8
1
-11
-9
0
7
4
10
0
-1
-12
-9
5
7
-1
-19
-11
3
-13
-15
-2
-19
-8
-9
-6
3
-15
-14
-16
-7
-4
0
-1
3
-10
-13
-17
-24
0
-9
-12
-9
-15
-22
-28
-19
-9
-6
-11
-7
-13
-10
-22
-15
1
8
8
10
13
-5
0
3
6
7
4
6
2
-1
7
-4
10
-6
-30
-17
-1
-32
-32
-11
-21
-14
-15
-15
-17
-10
-12
-20
-17
-21
-24
-20
-10
-6
-14
-16
-28
-25
-34
-25
-24
-32
-21
-37
-32
-31
-38
-44
-55
-29
-47
-42
-46
-47
-49
-32
-54
-53
-41
-48
-30
-40
-21
-35
-21
-17
-22
-24
-34
-33
-29
-24
-19
-37
-38
-20
-29
-24
-30
-33
-20
-37
-36
-38
-34
-33
-42
-41
-31
-43
-41
-14
-34
-23
-14
-28
-10
-35
-43
-25
-22
-24
-37
-27
-34
-39
-54
-41
-24
-30
-34
-57
-37
-40
-61
-46
-50
-54
-42
-55
-44
-47
-40
-36
-26
-34
-42
-35
-35
-41
-39
-38
-39
-37
-32
-50
-51
-35
-46
-43
-47
-41
-55
-59
-55
-68
-49
-51
-63
-55
-41
-49
-57
-34
-39
-37
-17
-21
-36
-42
-31
-23
-22
-27
-39
-36
-34
-25
-31
-43
-35
-38
-30
-38
-46
-59
-42
-22
-40
-41
-48
-55
-50
-40
-39
-37
-21
-28
-31
-24
-34
-22
-17
-9
-21
-15
-4
-13
-8
-22
-18
-1
-9
-20
-25
-24
-25
-23
-38
-26
-18
-12
-25
-15
2
-8
-1
-2
-3
-9
1
5
8
1
0
14
6
13
18
12
27
14
13
10
0
8
-1
-1
6
2
12
2
22
10
3
30
14
15
17
31
23
20
14
7
26
37
31
22
22
13
2
32
25
17
17
14
30
19
17
26
32
30
21
11
33
31
6
17
6
-8
0
19
13
-3
21
30
12
11
18
24
30
32
25
29
13
5
17
21
38
20
19
2
5
2
9
1
-2
8
4
13
-3
6
1
5
-4
-16
3
-2
-8
7
-5
-6
-4
-11
-10
-6
-10
2
-13
-7
-1
-2
-1
8
-3
-9
5
16
0
-23
-15
-15
6
-8
-8
-22
-19
-12
-22
-9
-7
-5
-4
0
-7
4
-9
-16
-9
-15
9
15
-5
-16
-1
-1
-20
8
-2
-1
-1
-15
9
7
-3
2
8
7
2
-6
-5
-8
-5
5
0
-9
-8
-4
-4
-7
-6
-13
-11
-18
-20
-24
-25
3
-15
-9
-2
-5
-13
-12
11
-17
-6
1
13
6
-7
-4
-7
6
6
6
6
4
-2
-6
5
24
10
12
9
13
11
2
11
17
12
6
9
-5
8
3
-13
-3
5
-1
3
0
12
3
-1
1
1
-5
-7
-1
-9
3
3
16
10
8
10
12
28
1
14
34
22
33
23
26
7
17
25
16
3
0
23
7
-5
-3
23
2
1
0
2
8
-7
22
33
21
13
20
26
21
7
17
16
11
14
29
29
18
29
17
34
26
32
23
6
15
29
23
33
47
34
25
25
32
11
16
35
38
48
31
32
47
43
43
26
28
43
44
21
30
41
38
30
23
27
47
33
15
26
19
43
24
14
27
15
13
5
18
16
14
18
17
23
14
20
22
13
21
17
21
25
13
7
24
15
9
-7
3
11
8
0
-2
1
5
1
8
8
5
7
1
11
21
14
1
21
3
15
16
10
13
21
8
11
14
14
21
22
21
9
17
-4
15
16
12
11
11
14
8
6
-1
10
2
4
13
8
13
9
8
16
18
41
15
18
32
34
19
12
28
18
14
-7
23
34
25
17
14
14
15
4
7
5
3
-2
17
8
20
16
23
42
29
41
17
31
17
32
39
17
28
24
26
28
21
35
38
13
27
22
21
31
39
28
17
24
27
40
25
42
34
19
37
39
32
19
18
23
31
28
42
35
22
31
14
20
2
5
24
-3
0
-13
-11
-20
0
-3
-6
13
3
-4
-3
-3
-10
14
8
14
15
19
25
24
22
28
32
34
28
30
26
24
17
7
19
27
25
22
15
14
21
20
21
29
16
16
-6
6
27
11
7
25
23
13
26
12
7
4
14
-1
4
-1
-4
8
-4
-18
-5
1
-3
-13
-19
-9
1
-14
-8
4
0
-1
6
-4
-3
0
-22
-20
-12
-11
-14
-13
-21
-34
-31
-16
-29
-14
-18
-25
-19
-24
-13
-14
-18
-11
-11
0
-10
-13
7
1
6
2
-6
2
18
5
4
-1
6
16
27
17
20
7
8
9
-18
7
-14
-7
-6
4
7
-13
-28
-8
-16
-20
-10
-9
-6
-3
-6
-27
-20
-1
9
12
0
-18
-4
-5
2
5
0
4
-3
-6
10
10
-8
-2
4
-2
-7
-3
-4
-1
3
12
9
-5
22
14
11
18
6
19
17
21
18
22
17
28
20
12
19
24
28
21
20
5
8
18
18
13
22
15
20
21
18
11
25
-1
11
11
10
26
9
17
-4
12
10
9
18
13
5
4
21
14
4
20
4
3
16
22
15
15
18
15
9
8
19
10
15
17
27
27
26
15
17
32
19
5
17
8
2
4
-1
4
-8
16
1
7
7
-9
8
-14
-15
-4
-8
-10
-8
-9
-25
-17
-11
-9
-6
-4
10
4
4
8
10
-15
-8
6
-14
10
14
-2
-18
-9
2
-19
0
-8
1
9
10
7
-2
-16
-8
14
6
10
20
6
-3
18
15
3
15
6
-5
-2
-5
-7
-7
8
-4
6
8
-5
-5
-16
-4
1
6
0
2
-8
-3
0
5
0
1
5
14
3
-2
1
13
16
-4
-6
8
10
-13
-10
-9
-7
-13
-5
-24
-5
-12
-15
-9
-22
-10
-5
-6
-13
-13
-15
-16
-11
-4
-2
-11
-6
2
-7
-6
-1
-2
-5
-3
-1
15
-19
4
-4
-18
-5
-23
-8
-11
-4
-23
-14
5
-1
0
-2
-2
5
8
-8
17
18
6
3
4
3
8
11
18
1
8
18
22
18
15
13
4
3
4
5
-6
-1
-4
18
14
11
16
3
6
2
11
13
19
6
20
32
15
21
17
-1
13
4
7
3
0
4
-1
-2
-38
-18
-11
-17
-6
-5
-5
-12
-6
-14
-14
9
1
9
4
-7
-2
-9
12
-21
-10
-1
3
4
-14
-8
-14
-16
-18
-3
-12
-11
-16
-18
-28
-6
-1
-18
-16
-21
-12
-5
1
12
7
-9
-3
1
5
19
7
-17
-3
8
-17
-4
7
-1
-10
-10
-9
-2
-8
-15
-15
-15
-31
-25
-18
-18
-12
-20
-20
-13
-15
-20
-20
-19
-14
-30
2
-7
-14
-20
-25
5
2
-12
-8
-18
-28
-19
-18
-10
-19
-34
-26
-32
-20
-18
-23
-35
-29
-19
-34
-19
-21
-29
-23
-9
-19
-21
-27
-29
-15
-20
-19
-11
-23
-25
-25
-22
-17
-19
-13
-22
-23
-28
-30
-28
-34
-20
-36
-20
-16
-28
-25
-24
-6
-9
-9
-24
-12
-28
-27
-39
-35
-38
-32
-22
-16
-25
-31
-28
-15
7
-16
-21
-9
-18
-20
-8
-13
-9
-10
-18
-10
-16
-17
-3
0
-12
-9
-11
-21
8
9
-17
-11
-5
-17
-8
-15
-6
-3
-25
-15
-8
-28
-39
-33
-19
-19
-29
-27
-26
-31
-19
-27
-31
-15
-17
-5
-5
-9
-23
-18
-15
-13
-3
-16
-24
-23
-19
-22
-16
-19
-23
-16
-32
-36
-32
-27
-41
-40
-30
-45
-39
-34
-27
-45
-28
-17
-29
-20
-24
-23
-10
-28
-23
-19
-39
-28
-28
-33
-39
-28
-21
-33
-41
-29
-19
-36
-29
-21
-18
-29
-35
-18
-10
-13
-19
-33
-14
-16
-19
-17
-4
-3
-15
-27
-7
-20
-17
-11
-19
-17
-18
-19
-28
-28
-28
-24
-26
-11
-25
-16
-10
-2
-16
-10
-19
-30
-26
-19
-12
-18
-25
-29
-19
-37
-31
-37
-45
-28
-13
-27
-16
-30
-28
-31
-34
-29
-41
-47
-35
-26
-27
-32
-19
-17
-26
-35
-28
-31
-40
-18
-28
-34
-26
-51
-42
-33
-40
-30
-39
-36
-29
-40
-43
-38
-41
-41
-42
-40
-42
-46
-30
-37
-33
-31
-37
-29
-38
-42
-41
-47
-48
-37
-31
-30
-34
-30
-33
-29
-36
-34
-48
-43
-41
-63
-51
-45
-64
-48
-50
-58
-36
-45
-52
-50
-43
-60
-48
-54
-54
-34
-54
-34
-43
-39
-44
-50
-38
-24
-34
-41
-37
-64
-51
-44
-57
-55
-48
-34
-41
-53
-44
-51
-42
-49
-48
-41
-39
-37
-45
-43
-43
-37
-24
-37
-47
-53
-37
-40
-41
-48
-29
-49
-43
-56
-38
-40
-53
-50
-46
-28
-39
-28
-32
-29
-34
-17
-27
-24
-31
-34
-24
-29
-28
-28
-28
-35
-35
-27
-20
-33
-40
-12
-21
-13
-16
-9
-27
-7
0
-10
-6
-7
-7
-16
-19
-17
-30
-21
1
-24
-17
-21
-32
-20
-16
-14
-31
-30
-7
-5
-23
-8
-19
-29
-23
-37
-26
-22
-13
-25
-43
-39
-27
-30
-42
-38
-35
-36
-27
-30
-40
-42
-18
-23
-19
-22
-29
-44
-25
-22
-23
-30
-25
-27
-30
-25
-43
-28
-43
-29
-20
-32
-27
-13
-40
-38
-29
-30
-14
-12
-21
-37
-20
-35
-42
-30
-27
-25
-28
-15
-28
-24
-17
-38
-38
-24
-25
-9
-16
-26
-19
-18
-14
-33
-38
-14
-24
-39
-35
-29
-27
-27
-21
-14
-27
-21
-24
-25
-16
-31
-18
-11
-8
-25
-20
-17
-27
-23
-21
-13
-26
-21
-21
-24
-28
-14
-32
-18
-24
-23
-8
-33
-17
-18
-19
-13
-18
-23
-43
-19
-7
-30
-22
-19
-28
-29
-30
-24
-8
-20
-29
-27
-26
-31
-21
-21
-22
-17
-26
-10
-24
-18
-11
-38
-21
-14
-35
-41
-41
-32
-18
-28
-20
-22
-23
-35
-33
-35
-16
-3
-23
-10
-11
-14
-19
-13
-27
-11
-19
-25
-15
-20
-29
-28
-18
-5
-11
-23
-13
-4
-5
3
12
-1
0
8
-6
-6
-5
-23
-30
-17
-21
-21
-25
-27
-17
-11
-8
-1
-4
-16
-6
-7
-8
-1
-15
8
-9
2
-10
-20
1
-14
-5
4
-13
-22
-14
-11
3
-13
-7
-22
-14
-15
1
-6
-26
-5
-15
-6
-16
-4
1
-9
15
-4
-4
-13
5
-5
-20
10
-12
-4
1
-22
-12
-13
-5
-3
-2
-11
-1
0
-13
-8
-28
-12
-11
-16
-24
-19
-8
-11
-11
-6
-14
-15
-26
-20
2
-11
-15
-2
-13
-3
-9
-15
-10
-5
-5
-13
-8
-7
-3
-26
0
-20
-2
-6
-10
-3
-24
0
0
0
3
10
-3
-6
0
-6
-24
-3
9
9
7
13
18
27
20
8
17
6
10
-4
-16
-13
11
-3
-14
-8
-4
-1
-1
5
-13
-25
-14
-9
-8
-15
-12
-10
-3
4
-3
-7
7
-12
-7
10
-2
-5
-5
-6
-17
8
-14
-16
-11
-3
-7
-30
-19
-27
-10
-12
-21
-8
-9
-19
-13
-8
-15
-5
-7
-10
-27
-4
0
-13
-6
-18
-4
-21
-45
-28
-18
-38
-35
-18
-23
-14
-19
-21
-27
-31
-15
-13
-19
-20
-23
-31
-34
-35
-28
-25
-19
-22
-17
-24
-23
-20
-17
-29
-22
-22
-37
-30
-24
-25
-28
-32
-33
-29
-23
-31
-30
-21
-29
-27
-11
-17
-14
-23
-32
-21
-37
-32
-35
-24
-5
-26
-17
-16
-20
-14
-33
-18
6
-18
-6
-24
-38
-14
-23
-12
-21
-4
-11
-8
-8
-17
-17
-15
-6
-21
-11
0
7
14
7
-4
3
2
-15
4
14
14
9
2
14
-5
-13
18
4
6
16
8
13
-2
11
9
6
6
1
12
0
-6
20
6
-4
1
2
11
7
2
-2
-2
0
14
2
12
-10
10
13
11
14
4
15
7
26
18
21
22
3
21
13
17
17
24
21
27
21
10
23
19
17
17
11
14
17
-4
3
-7
8
2
8
7
-8
7
8
-5
-1
9
1
7
-4
12
10
9
13
11
12
8
-1
4
8
-11
-8
-9
0
11
12
-4
7
4
2
-3
-4
-6
0
4
-3
3
2
-8
3
12
5
8
13
8
-5
-15
-11
-9
-9
1
1
-3
5
0
-11
-15
-26
-8
-15
-12
-15
-23
-25
-16
-22
-14
-14
-28
-10
-10
-7
-10
-11
1
-22
-29
-22
-20
-2
1
7
-6
-5
3
-16
-8
-9
-7
-20
-22
-9
-21
-18
-15
-12
-12
-20
-19
-31
-33
-23
-3
-23
-23
-20
-17
-17
-25
-20
-21
-20
-41
-35
-36
-27
-16
-35
-22
-24
-41
-20
-20
-29
-18
-1
-24
-23
-7
-34
-22
-13
-15
2
-9
-18
-15
-5
-2
-15
-10
13
3
2
-10
-2
-5
-18
-9
-5
2
1
0
-14
-3
9
9
7
-14
-1
-4
-10
-6
-10
3
6
19
-2
-8
-15
-13
-6
-39
-18
-10
-21
-38
-14
-26
-17
-11
-24
-11
-19
-34
-24
-14
-36
-5
-16
-21
-22
-5
-11
-14
-6
-27
-19
-17
-17
-13
-11
-5
-4
-20
-9
-12
0
0
-4
-1
2
-5
-1
1
-4
-2
-10
-7
-2
-2
-15
-3
-14
-10
-1
-1
-4
-6
5
9
13
7
13
5
-5
9
19
0
-5
8
-2
-4
3
-4
-6
4
6
2
-5
0
-4
-17
-13
4
7
10
6
11
17
-12
-30
6
11
2
19
6
-5
9
-3
1
15
10
16
15
22
10
12
11
11
5
16
22
18
23
41
29
27
28
35
25
19
27
25
37
34
29
34
41
28
32
41
38
44
47
28
41
32
14
31
22
33
20
26
25
22
26
12
10
-7
6
8
11
20
16
19
28
33
28
28
26
41
55
62
80
51
48
75
64
62
63
60
50
54
48
41
33
46
38
56
55
47
49
34
41
39
40
35
36
35
41
37
49
42
53
55
36
37
30
39
47
34
33
35
31
27
36
35
27
29
32
33
25
27
45
46
43
42
27
43
42
36
28
27
30
36
46
26
27
29
24
34
25
31
30
33
45
27
23
36
42
31
31
25
31
29
20
32
27
28
50
40
44
65
53
57
49
47
60
55
54
61
55
58
56
46
47
56
62
47
45
47
50
48
53
53
47
45
33
51
27
41
25
19
33
27
31
37
48
37
50
49
41
33
45
20
19
29
31
44
29
33
32
46
39
45
27
41
51
37
31
30
28
14
13
27
26
28
24
23
24
12
20
27
26
20
17
13
8
20
27
24
19
11
7
20
23
24
46
19
18
13
14
31
5
29
25
20
27
20
34
26
28
33
45
49
28
34
31
40
40
38
52
50
51
28
48
28
36
41
40
35
33
33
19
44
41
36
47
45
41
36
34
44
48
49
45
56
55
54
67
74
64
52
49
51
43
55
48
43
56
50
57
40
50
59
58
46
43
33
37
44
35
36
23
39
33
31
17
15
21
15
28
33
24
20
27
21
36
26
22
23
24
17
23
29
21
27
34
42
40
32
30
31
23
29
27
29
16
32
23
18
18
3
24
22
8
18
17
24
30
33
34
43
28
16
28
16
25
34
23
29
28
26
29
38
37
37
51
51
38
53
44
26
35
51
45
43
56
41
33
51
47
33
42
42
48
50
46
38
38
31
30
34
54
47
50
36
35
45
22
44
42
42
38
33
29
38
23
35
43
43
34
12
37
30
23
32
10
44
29
27
35
41
39
32
33
38
42
43
35
32
38
25
25
35
34
24
58
49
45
55
48
55
50
51
38
43
32
35
45
33
45
34
40
47
39
36
36
39
50
38
49
38
33
44
50
44
22
22
37
50
42
38
44
43
47
40
48
59
45
38
48
48
31
38
41
33
38
41
66
57
44
51
45
47
50
54
58
55
70
72
50
58
70
56
58
62
61
39
56
61
42
47
39
46
45
54
44
53
29
52
57
47
51
40
56
53
49
31
44
52
31
37
43
27
32
44
43
38
33
44
49
45
45
41
52
44
49
54
51
38
37
48
47
50
44
45
44
50
55
41
48
39
41
38
25
46
50
43
49
48
36
47
55
49
56
47
45
55
50
42
61
39
42
39
46
53
35
45
43
34
39
40
32
31
36
32
26
15
21
21
20
28
22
11
16
10
4
17
30
11
30
33
21
28
24
16
27
30
23
23
0
8
8
19
28
19
12
6
30
17
13
18
8
18
8
-3
13
19
4
1
6
23
0
4
11
25
12
9
21
20
23
11
25
18
31
19
32
34
8
19
21
14
-6
3
23
10
33
21
14
25
22
14
19
17
22
31
32
30
25
31
27
26
8
22
15
23
16
16
38
26
26
17
20
13
12
16
32
24
19
19
24
26
17
15
12
13
0
18
11
5
-2
3
-2
-4
4
-7
6
-1
-10
2
25
17
7
21
18
34
26
42
22
19
17
7
14
23
21
19
12
23
25
16
22
-1
20
20
27
16
19
20
9
18
14
-2
3
14
18
16
11
19
21
13
16
17
25
20
11
9
12
3
12
11
7
27
12
7
-6
-4
-8
-5
-4
19
19
-3
2
-1
-3
-6
-1
0
5
-3
-3
5
-12
0
-2
5
2
-1
2
7
16
-3
4
1
-7
-6
11
8
-9
1
5
-14
5
6
12
8
-2
12
-3
4
0
-12
-5
4
1
8
1
-5
-4
-5
-5
-13
-13
-7
-2
-24
-15
-17
-10
-5
-25
-4
-8
-10
-6
-13
-2
-8
-11
-3
-7
8
5
-3
13
-5
5
-1
-1
-1
-2
3
-3
-7
-13
1
-17
-24
-11
-6
-7
-18
7
-13
-2
-4
-27
-12
-22
-26
-18
-8
-21
-29
-14
-24
-25
-13
-11
-12
-17
-17
-30
-22
-34
-33
-14
-20
-31
-16
-28
-31
-21
-33
-40
-26
-28
-28
-18
-34
-30
-27
-7
-22
-16
-10
-12
-18
-28
-18
-13
-23
-23
-12
-18
-6
-31
-48
-21
-18
-27
-21
-30
-27
-27
-33
-22
-31
-41
-37
-19
-32
-38
-31
-21
-39
-33
-36
-42
-39
-34
-30
-37
-32
-23
-40
-27
-22
-34
-36
-33
-21
-41
-36
-41
-26
-26
-44
-19
-33
-31
-11
-17
-19
-17
-3
-10
-14
-9
-7
-9
-10
-18
-17
-14
-23
-29
-15
-13
-22
-25
-11
-21
-32
-30
-34
-32
-37
-23
-20
-29
-43
-32
-31
-44
-33
-40
-37
-31
-40
-31
-34
-50
-29
-42
-55
-38
-39
-16
-27
-33
-20
-32
-35
-58
-36
-36
-48
-31
-27
-28
-22
-28
-36
-40
-16
-29
-37
-22
-26
-7
-8
-13
-7
-19
-25
-17
-16
-22
-16
-22
-21
-5
-25
-19
-25
-18
-19
-24
-6
-34
-26
-20
-36
-38
-39
-39
-38
-31
-35
-20
-32
-15
-21
-25
-24
0
-1
-23
-24
-41
-13
-25
-16
-28
-30
-21
-35
-15
-34
-31
-38
-26
-24
-32
-21
-28
-20
-18
-16
-13
-17
-13
-18
3
-22
-11
9
-3
-10
-12
-10
-18
-10
-7
-25
-19
-8
-18
-25
-37
-29
-21
-24
-10
-11
-16
-16
-24
-12
-15
-35
-29
-25
-25
-23
-18
-24
-17
-13
-21
-14
-21
-15
-11
-20
-22
-23
-37
-36
-37
-44
-34
-42
-36
-44
-20
-34
-32
-19
-50
-36
-43
-15
-11
-15
-24
-29
-16
-19
-18
-4
-25
-27
-16
-20
-30
-26
-24
-26
-24
-16
-5
-18
-8
-15
-8
-20
-6
1
-2
-10
-7
12
-1
-13
5
-17
-18
1
-18
-13
-1
-7
-4
-2
-3
-12
7
-1
-17
-3
6
10
-5
11
1
3
3
1
1
-2
-9
3
12
8
13
4
-4
-10
-3
-2
-3
-2
0
7
-18
-12
-1
-5
8
30
9
-9
10
1
21
35
26
33
21
20
20
18
34
25
15
25
39
20
33
27
21
18
12
9
3
5
-5
16
12
16
8
27
28
18
18
21
28
21
14
29
19
14
40
26
41
36
20
8
18
39
23
37
22
28
32
22
33
36
35
23
16
8
23
19
20
35
19
23
43
24
30
14
13
-1
8
12
6
25
11
15
13
8
20
29
11
27
25
17
19
7
0
10
8
3
9
-2
-10
0
3
24
6
8
11
28
25
9
24
25
26
21
17
16
11
19
21
1
13
25
8
5
23
7
15
13
6
15
5
15
4
13
20
3
16
14
9
23
9
3
18
3
11
10
14
10
12
7
8
18
4
10
12
15
-8
15
20
22
11
-1
4
8
12
3
5
11
10
6
15
2
3
1
7
7
12
16
4
0
8
14
9
21
14
15
7
4
4
10
1
3
4
7
6
-13
-2
-28
-13
-8
-3
-12
-18
-10
-17
-11
-22
-2
-1
-16
-14
-14
-21
-1
-2
-13
-3
-8
-10
-12
-18
-8
-5
-2
4
4
10
5
1
11
3
-6
2
-13
4
1
-12
8
-3
-4
6
13
8
-2
-5
-1
-17
-8
-11
4
4
2
1
11
21
14
16
21
31
4
10
13
9
19
0
2
22
13
16
7
18
6
19
32
14
37
25
2
32
33
42
40
39
49
28
25
47
29
17
26
43
53
27
30
37
21
40
49
27
38
32
48
39
47
53
51
38
37
42
52
52
51
55
56
51
30
59
54
32
36
35
31
33
39
45
50
43
55
52
50
46
37
37
50
46
59
68
47
48
60
70
63
57
43
57
55
53
45
39
50
47
46
47
57
54
69
59
56
60
55
50
50
47
45
58
48
38
32
34
29
36
39
38
38
28
40
22
17
22
23
36
31
44
37
42
51
42
38
42
31
50
37
30
41
17
24
18
42
39
32
16
36
28
32
38
18
28
21
32
43
42
42
48
44
23
37
42
50
47
36
48
26
28
48
39
50
43
44
47
23
26
30
23
43
43
28
42
39
42
47
40
31
41
43
46
53
46
43
31
35
38
38
35
43
38
44
58
45
45
59
62
66
65
62
70
56
35
37
21
32
45
53
59
59
58
40
52
60
55
66
80
64
75
69
59
61
48
48
67
53
67
65
56
57
65
69
60
86
67
70
60
64
66
33
68
63
55
74
64
58
59
57
66
58
51
62
39
59
58
40
43
51
52
42
31
43
42
49
62
61
78
59
51
56
45
57
52
55
61
63
64
36
51
58
52
45
51
44
47
26
12
35
37
33
32
33
52
41
37
59
36
40
50
33
31
34
30
58
49
56
52
38
35
34
50
49
58
45
49
51
59
52
36
18
22
39
41
40
41
50
49
50
34
51
63
35
49
57
47
47
53
58
62
65
41
63
70
77
63
47
59
54
59
40
48
48
43
39
54
54
60
69
70
36
70
60
55
69
53
57
60
63
33
61
55
18
27
32
26
26
36
27
27
24
20
36
20
19
50
37
69
75
92
93
85
116
80
92
81
75
60
65
75
46
50
41
31
33
43
46
46
40
61
56
24
40
59
66
66
90
76
71
63
65
77
62
54
69
56
82
79
88
81
70
94
57
55
58
58
30
57
60
39
40
60
94
65
70
89
102
109
108
116
112
114
95
56
112
64
64
94
87
86
67
72
72
56
46
52
54
64
78
76
73
93
60
62
84
56
65
73
91
97
104
107
108
85
97
91
107
72
59
76
51
64
66
88
75
43
80
81
74
101
84
102
84
94
114
71
79
77
79
99
72
122
95
79
105
73
71
49
65
57
50
62
44
62
59
43
83
53
79
80
83
105
99
71
87
84
64
78
78
59
67
58
33
43
21
26
26
40
32
48
25
52
58
53
102
69
89
79
69
37
44
50
52
70
64
50
81
79
35
53
10
37
14
34
60
34
37
57
66
40
44
42
54
49
51
44
43
77
49
77
80
46
39
10
7
41
-1
14
27
-13
43
17
-15
38
18
23
27
11
5
10
46
32
48
54
45
65
71
27
71
50
12
31
13
-1
-7
-8
-13
2
13
40
17
13
67
15
50
50
54
95
93
98
73
58
41
53
35
46
41
37
62
24
48
38
36
5
24
10
21
40
13
45
2
46
60
41
54
65
50
64
20
61
49
51
37
-12
-13
-33
9
-16
-24
20
-19
-10
10
21
-1
-14
25
21
29
47
73
65
59
51
55
57
56
6
47
57
37
50
30
25
-13
13
9
2
-12
26
-10
0
-7
27
5
-4
42
7
6
29
47
10
17
50
36
31
29
41
33
37
43
36
43
1
52
-4
-3
16
-33
48
8
10
40
26
12
56
-1
53
25
15
43
-5
40
13
7
47
-14
1
9
15
39
30
62
51
38
48
63
64
33
77
50
19
87
50
57
79
63
87
75
71
59
54
32
64
15
15
39
29
29
60
79
79
73
81
30
46
78
32
93
16
96
25
55
79
38
88
26
60
40
0
81
29
87
97
86
89
58
84
37
46
22
4
48
23
30
25
31
32
7
37
8
75
47
57
86
49
72
23
51
27
34
3
41
57
12
37
49
46
71
33
53
42
46
59
39
59
41
39
6
39
52
66
16
65
29
5
66
58
77
61
62
88
37
74
75
50
31
39
78
32
79
40
67
53
26
19
17
45
-5
62
-6
22
33
39
35
7
63
0
66
78
-9
68
24
-3
78
0
65
44
24
54
37
10
-14
17
29
9
18
-4
5
-34
10
18
10
72
-4
6
41
-25
22
8
13
8
22
40
65
41
32
66
8
33
33
-10
19
7
-17
-10
-1
31
13
-2
15
0
14
-5
7
16
-4
69
35
17
13
-5
-13
0
-4
-7
25
1
6
0
48
14
34
64
-32
-4
4
-12
15
47
-19
8
16
-35
16
26
-14
68
-16
63
17
1
1
-14
14
30
-11
38
22
-48
38
-4
1
27
8
28
40
-20
9
-79
-53
-33
-22
-14
-19
-30
0
12
23
52
-32
57
-16
-34
29
2
-13
-25
-43
32
-63
18
-1
-27
33
-27
23
7
14
-26
-22
-28
-24
25
-23
15
30
-26
20
-21
-16
-18
-42
52
2
-30
42
-26
13
-53
-23
10
-58
-25
-23
-78
-11
-3
-29
-11
21
-25
26
-4
-23
-2
-72
13
-20
7
44
25
76
12
25
7
-10
-6
7
44
10
-17
0
-57
-23
-39
-23
-31
-46
-47
-59
-11
-64
32
-18
36
66
-14
-19
9
-37
5
-28
-3
13
-41
-66
-20
-44
-33
-18
-67
-49
-16
-22
-5
3
4
6
33
19
-58
18
-85
-60
3
-33
33
40
-7
62
-21
16
9
-38
-16
-77
-30
-93
-43
-22
-52
-4
-35
-17
22
-16
21
-4
-12
-10
-39
-6
-46
-47
-20
-39
-22
-32
14
-44
19
5
-40
-11
5
29
25
-12
40
-43
-8
2
-21
29
-1
-3
-6
2
-40
14
-14
-40
0
-93
-48
12
-25
-13
-10
-28
-62
0
-76
-16
13
-85
18
-78
10
2
12
0
-43
-18
-16
-22
-1
-39
-67
-26
-43
-17
-35
42
-47
-17
-12
-61
8
-16
33
-22
5
-47
-33
-2
-37
85
-79
66
-38
5
53
-61
27
-83
-23
-20
-71
22
-60
-27
-69
-77
-89
-123
-39
-60
-30
-20
5
-87
-33
-56
-19
77
-22
14
9
-20
21
-14
-10
-16
-17
-38
-46
-44
-68
-40
-12
-57
-38
-26
-31
-27
19
-60
39
59
-5
58
-26
-27
1
-36
-54
44
-26
21
-25
-16
-19
-34
-66
-5
-73
-57
-23
-65
46
-47
-8
-10
-30
34
-30
-22
12
-90
56
-30
18
-35
-58
-53
-82
1
-49
-45
-14
-92
-31
-32
-81
8
-30
15
33
-9
64
-56
23
17
-39
47
-46
33
-48
-43
0
-56
74
-31
-32
-15
-77
-11
-17
10
-30
-19
0
-42
12
5
24
6
-18
45
54
48
38
52
41
7
-6
-4
-22
37
-27
21
23
-87
-6
-63
-168
-69
-107
-63
-49
-45
4
-19
72
10
82
-51
2
100
-62
120
17
28
10
-78
91
-60
45
-15
-72
-16
-62
-28
-85
-77
-25
-77
43
-100
-122
-26
-187
6
-121
-124
-59
-159
17
-44
-111
3
-79
3
2
-22
88
-37
48
8
41
73
-2
103
56
51
46
38
-28
-22
-53
2
-61
-23
12
-77
-62
-68
-73
14
-94
-29
41
-72
-103
-22
-107
-81
-23
-100
-94
-76
-86
-34
-36
-135
-32
-103
-125
-38
-93
-8
-57
-23
26
-45
24
-120
-69
-75
-80
7
-8
-3
71
-13
43
-131
-67
-5
-122
6
0
-91
9
-43
-57
7
-21
-71
41
24
-106
124
-70
-67
-73
-6
-37
2
9
-48
-68
-96
-73
-92
-48
-125
-7
-27
-109
-31
-113
-42
-16
-106
-39
-137
9
0
-126
55
-121
-66
-8
-68
-26
20
-5
60
7
-41
41
-4
-17
53
-7
-33
-43
-74
-25
-67
39
-36
-129
28
-165
6
-57
-98
-40
-170
72
-120
-64
76
-175
42
-114
-95
0
-111
69
-37
-21
18
-57
22
-58
31
-65
-61
-15
-44
-23
-46
-34
-10
-60
-106
-31
-125
-104
7
-149
-124
-21
-37
-30
-25
-67
-115
-79
-46
-2
8
-52
3
-136
-7
45
-47
-63
-44
-41
-26
-57
-24
-65
-126
29
-51
-22
-88
-36
-120
-162
-18
-109
-74
-43
-105
-5
-50
-126
38
-50
-38
47
-10
-15
-48
-55
-6
-156
-8
-9
-90
49
-66
-54
-120
-79
-33
-99
-39
-134
-211
-77
-226
33
-60
-62
68
-128
83
-9
-74
43
-90
132
-21
7
-43
-180
-115
-81
-196
-102
-142
-195
-46
-170
-38
18
-111
-30
-60
10
-11
-3
-7
-83
-59
-107
-22
-144
-143
-160
-90
-43
-33
-144
-133
-150
-78
5
-47
-14
-128
-105
-14
29
-46
27
-64
-71
-14
21
-70
-68
-59
-24
-61
-37
-96
-154
30
-110
24
-75
-37
-63
-44
-32
-155
-107
-79
-200
-18
-79
-34
-32
-108
-21
-76
70
-78
34
68
-35
123
-149
57
-109
44
79
-37
77
-64
26
-46
-56
-15
-61
-65
-35
-21
-110
-69
-79
-31
-113
33
18
-96
-31
-179
19
-65
-1
48
18
160
-4
232
-83
-41
43
-49
26
10
31
-89
14
-2
23
32
-65
-107
158
-243
-27
-151
-89
-12
-22
191
-76
100
146
-45
96
-103
26
-15
-36
11
-80
-103
-154
16
-123
91
-204
-86
49
-90
47
76
-86
-98
-15
-54
-10
-34
-86
-4
-112
-144
-74
-99
-38
-102
-112
-101
-175
-51
-112
53
-87
-61
57
-176
-14
-72
-170
-11
-225
-23
15
-221
-77
-1
-44
-96
-80
-53
-84
-72
44
-163
-39
-242
92
-54
-31
96
-13
-28
-53
117
27
-204
122
-20
-48
-63
-162
-96
-272
-129
-52
-79
-221
-220
-8
-215
-149
-14
-217
-26
-43
-8
-12
8
87
82
66
73
15
-72
-105
-72
58
-92
156
-87
7
116
-217
15
-89
-204
-194
-57
-46
-142
-18
-199
-20
35
-108
116
-75
-177
-40
-92
-127
-82
-86
35
-122
-30
-42
21
-73
-5
79
-143
145
5
38
100
-128
19
-39
37
-41
-142
18
-41
-155
-108
-98
-167
-43
103
49
-80
50
-125
-5
-93
-141
64
-106
-40
-13
-58
-43
-92
-31
-17
16
-92
50
-65
-107
118
86
0
59
100
-48
47
-137
-116
3
-34
-77
36
84
-207
93
-54
-77
-19
8
4
-153
47
-11
-13
18
-15
-13
-77
22
-60
-32
-99
-109
35
-70
-132
49
-14
-135
14
-74
-21
-83
-26
0
-16
28
42
-62
-181
-62
-40
-20
-41
-84
43
14
-33
-90
-19
-37
-40
71
-52
-104
-51
-75
-22
8
-75
54
-102
-108
76
-170
50
-31
-4
-74
-160
94
-112
-71
-19
-110
34
-117
-14
-21
-28
-120
12
74
-39
-69
77
24
-90
70
18
-119
-63
-139
37
-22
-46
105
-84
64
1
72
139
79
-7
-56
-27
-97
-120
-139
-178
-128
-122
-128
-191
-322
-138
-103
-95
-69
23
-136
-83
0
-98
38
-53
-99
14
13
-81
-6
26
-129
78
72
22
89
-84
-58
-46
21
14
19
-11
-171
-204
-61
-157
-177
-23
-82
-16
-60
-113
-123
-102
-38
-117
26
-65
-60
-12
-47
-111
-112
-6
-71
-10
-123
31
-68
-170
-2
-120
-62
-56
-10
-14
-45
-28
1
75
20
5
18
46
-79
8
-40
-76
-90
-42
-17
-152
-99
-150
-112
-148
-213
-56
-98
-35
-74
-11
-43
-129
-51
0
9
-27
36
17
-74
-50
10
20
-24
58
38
44
-43
-35
-31
-30
-76
-2
19
-95
-107
-114
-113
-182
-118
-56
-50
-59
-97
-28
-95
-123
-49
-46
10
69
43
27
-66
-55
60
30
36
-25
6
22
48
63
-79
-80
-55
6
93
16
-86
-131
-125
-97
-43
-21
-107
-143
-121
-73
-49
-145
-153
-116
-92
-17
22
-39
-117
-85
-95
-6
13
-41
-7
-9
6
-9
4
-78
-170
-119
-61
5
-70
-56
-94
-152
-134
-124
-89
-148
-149
-107
-83
-98
-145
-192
-173
-135
-98
-55
-108
-136
-190
-127
-88
-118
-116
-149
-122
-107
-87
-92
-116
-123
-100
-75
-54
-29
-51
-85
-49
4
27
42
44
44
13
-1
1
-4
-12
-19
-14
3
-2
-23
-42
-39
-28
-14
-22
-35
-28
-35
-22
-17
-9
-41
-14
-4
14
4
-15
-8
-30
5
9
1
-3
-35
-29
-33
-42
-68
-64
-38
-41
-30
-46
-32
-44
-47
-55
-61
-53
-41
-29
-27
-49
-60
-59
-93
-83
-50
-31
-19
-62
-48
-37
-45
-40
18
27
19
5
2
2
-7
-11
6
-16
-21
20
15
7
-19
-3
-22
-17
-6
2
7
-26
-20
-24
-18
9
17
34
25
56
79
77
62
65
71
73
101
117
93
58
64
74
94
99
74
122
126
113
135
110
121
120
119
137
118
106
120
119
123
124
117
99
94
114
124
102
113
70
61
84
70
64
62
41
9
12
2
0
-19
-41
-34
-53
-66
-90
-99
-92
-106
-119
-92
-98
-108
-102
-88
-72
-115
-89
-106
-111
-113
-101
-109
-112
-117
-150
-147
-155
-157
-165
-154
-181
-203
-205
-217
-219
-232
-237
-253
-274
-277
-255
-261
-247
-228
-215
-200
-174
-130
-93
-89
-50
-6
36
66
105
147
193
232
296
368
431
513
563
649
785
879
999
1108
1203
1306
1422
1534
1611
1673
1728
1809
1853
1934
1847
1607
1417
1309
1305
1104
690
306
57
-129
-268
-545
-779
-1087
-1401
-1454
-1443
-1409
-1497
-1634
-1552
-1348
-1108
-922
-801
-684
-492
-212
172
401
489
566
669
826
901
866
681
469
221
-21
-164
-379
-650
-936
-1189
-1441
-1676
-1913
-2091
-2186
-2211
-2152
-2066
-2016
-1994
-1917
-1701
-1442
-1151
-846
-546
-233
41
335
614
912
1158
1411
1742
2009
2194
2295
2394
2555
2755
2945
3168
3357
3492
3710
4041
4331
3664
2572
1592
1404
1761
1860
1394
649
-306
-1263
-1787
-2096
-2203
-2643
-3096
-3026
-2690
-2464
-2754
-3240
-3221
-2667
-1766
-830
-328
-241
-296
-48
738
1537
2143
2417
2496
2676
2841
2939
2727
2263
2011
2023
2065
1814
1168
319
-494
-1031
-1124
-1068
-1270
-1866
-2576
-2968
-3173
-3325
-3396
-3335
-3105
-2766
-2394
-2078
-2005
-2059
-1830
-1244
-400
264
565
599
590
692
928
1203
1363
1379
1307
1215
1119
899
616
341
188
176
185
22
-293
-624
-795
-738
-548
-333
-124
130
284
610
961
1360
1878
2527
3271
4210
4162
3172
2322
2103
2824
3437
3330
2754
1940
821
75
-444
-647
-990
-1727
-1970
-1822
-1879
-2395
-3344
-3793
-3470
-2799
-1911
-1402
-1506
-1778
-1773
-1075
-49
699
1216
1449
1644
2005
2336
2481
2334
2231
2428
2729
2685
2182
1402
703
221
140
283
84
-594
-1620
-2344
-2581
-2797
-2935
-3045
-3113
-3151
-3128
-3052
-2904
-2892
-2744
-2167
-1404
-744
-486
-405
-299
-38
404
871
1212
1286
1195
1091
1123
1125
1048
895
737
651
508
282
-18
-357
-528
-475
-363
-299
-294
-258
-120
124
472
932
1301
1747
2396
3179
3979
3568
2651
2039
2353
3222
3615
3154
2419
1620
711
235
-61
-197
-730
-1531
-1738
-1614
-1753
-2397
-3214
-3403
-2877
-2261
-1744
-1616
-1874
-1954
-1652
-780
175
662
828
869
1159
1723
2134
2245
2151
2123
2306
2282
2019
1630
1098
664
423
406
382
-208
-1175
-1922
-2211
-2196
-2260
-2489
-2707
-3013
-3250
-3208
-2983
-2737
-2647
-2401
-1912
-1461
-1128
-948
-800
-499
-75
373
740
843
765
699
737
871
952
903
738
532
424
316
159
-45
-260
-345
-287
-296
-292
-289
-192
-11
313
673
1018
1271
1610
2304
3063
3795
3516
2761
2148
2352
3067
3475
3187
2461
1717
975
494
183
-59
-543
-1216
-1513
-1486
-1561
-2141
-2917
-3215
-2812
-2222
-1804
-1722
-1914
-1953
-1708
-938
-69
430
534
578
902
1455
1958
2069
1986
1929
2015
2040
1856
1530
1150
804
607
512
340
-232
-1027
-1663
-1874
-1915
-1986
-2255
-2570
-2918
-3182
-3110
-2877
-2631
-2521
-2355
-2091
-1772
-1505
-1233
-962
-636
-246
133
397
488
477
511
661
839
960
956
808
647
510
457
420
261
102
-41
-101
-175
-240
-190
-84
92
247
468
673
895
1224
1739
2362
3109
3508
2889
2083
1695
2337
3180
3423
2897
2163
1423
739
351
252
266
-229
-896
-1166
-1140
-1369
-2139
-2735
-2650
-2115
-1747
-1657
-1749
-1973
-2063
-1712
-850
-126
82
-30
31
469
1039
1383
1488
1483
1433
1437
1460
1403
1273
1071
861
781
648
363
-204
-814
-1143
-1139
-1080
-1283
-1731
-2265
-2639
-2711
-2522
-2263
-2187
-2299
-2410
-2307
-1998
-1653
-1381
-1189
-948
-692
-449
-295
-181
-62
124
391
628
740
673
505
443
579
735
750
592
386
265
225
263
336
416
409
445
578
791
978
1201
1464
1897
2460
3137
3542
2756
1784
1309
2049
3074
3328
2734
1800
944
231
31
250
458
-173
-1132
-1471
-1318
-1364
-2024
-2546
-2396
-1962
-1740
-1637
-1630
-1824
-1954
-1594
-626
130
191
-89
-92
386
997
1438
1577
1492
1249
1112
1191
1361
1328
1076
788
585
415
100
-381
-802
-1026
-998
-1005
-1221
-1713
-2266
-2591
-2528
-2221
-1944
-1900
-2173
-2428
-2390
-1975
-1511
-1233
-1131
-995
-825
-681
-488
-262
-24
143
308
520
664
611
491
531
717
875
889
752
568
461
420
460
572
507
373
293
424
683
861
990
1085
1282
1606
2095
2660
3116
2576
1837
1436
1800
2538
2714
2437
1835
1236
562
348
377
402
-105
-813
-963
-913
-995
-1465
-1868
-1916
-1846
-1758
-1510
-1383
-1548
-1675
-1510
-927
-480
-418
-397
-288
11
418
849
1053
972
712
659
868
1064
1120
954
750
507
320
144
-19
-263
-480
-577
-716
-945
-1355
-1695
-1949
-2003
-1852
-1716
-1769
-2105
-2412
-2401
-2057
-1692
-1420
-1310
-1300
-1243
-1106
-773
-372
-99
70
214
394
542
617
659
747
892
991
978
901
741
575
495
478
521
441
225
85
38
209
417
581
706
804
1026
1467
1980
2416
2797
2358
1790
1583
2113
2931
3104
2638
2020
1504
1016
775
752
862
452
-381
-808
-852
-957
-1456
-1990
-2089
-1973
-1994
-2047
-2057
-2136
-2191
-2153
-1690
-1157
-946
-931
-810
-372
219
612
719
750
729
818
1036
1298
1492
1393
1021
761
713
765
625
336
126
-64
-327
-671
-1015
-1287
-1511
-1697
-1706
-1711
-1935
-2278
-2517
-2445
-2147
-1875
-1763
-1757
-1758
-1629
-1328
-928
-552
-348
-264
-164
63
383
621
718
737
807
893
912
858
782
710
627
538
462
345
175
30
-43
44
163
243
278
359
530
850
1242
1728
2232
2665
2355
1896
1654
2104
2861
3046
2732
2212
1704
1148
886
897
1094
654
-204
-726
-872
-942
-1410
-1894
-1992
-2022
-2223
-2300
-2225
-2191
-2329
-2383
-1881
-1348
-1140
-1096
-920
-521
-100
200
476
665
628
665
830
1179
1371
1275
993
785
736
758
777
658
445
86
-298
-569
-730
-878
-1077
-1320
-1509
-1697
-1851
-2008
-2173
-2242
-2147
-1974
-1807
-1737
-1686
-1571
-1405
-1140
-870
-627
-445
-316
-118
151
361
495
544
590
695
776
841
855
804
706
604
536
507
472
382
339
386
407
427
446
538
728
932
1173
1501
1890
2163
2532
2274
1894
1631
1857
2487
2677
2422
1917
1431
871
652
612
803
483
-315
-827
-1002
-1001
-1275
-1632
-1822
-1968
-2199
-2140
-1878
-1752
-1845
-2001
-1751
-1464
-1294
-1089
-824
-548
-359
-196
20
182
149
212
436
704
925
912
784
614
487
601
749
784
678
385
81
-111
-273
-281
-339
-530
-812
-1050
-1149
-1253
-1404
-1522
-1585
-1623
-1579
-1602
-1532
-1491
-1477
-1379
-1245
-1032
-872
-726
-552
-370
-222
-112
26
126
232
347
504
611
620
608
559
574
602
658
701
668
619
612
679
775
857
904
990
1096
1205
1359
1535
1734
1994
2296
2218
1890
1518
1493
1793
1992
1940
1662
1195
617
257
204
326
131
-383
-847
-1100
-1202
-1338
-1475
-1600
-1785
-1998
-1980
-1797
-1642
-1675
-1797
-1734
-1562
-1359
-1083
-797
-606
-514
-452
-278
-28
135
301
449
600
734
774
714
656
651
722
809
804
707
468
207
10
-50
-31
-111
-331
-589
-797
-906
-1031
-1139
-1256
-1393
-1488
-1531
-1448
-1359
-1358
-1384
-1392
-1346
-1173
-968
-801
-675
-580
-496
-424
-306
-144
89
248
327
388
424
483
548
643
762
844
834
807
813
840
869
870
885
887
889
895
962
1062
1108
1125
1173
1320
1536
1691
1462
1190
950
1109
1278
1290
1162
985
606
217
58
82
174
-148
-525
-740
-765
-889
-1013
-1105
-1163
-1411
-1591
-1459
-1224
-1161
-1332
-1419
-1368
-1275
-1157
-831
-581
-517
-651
-680
-487
-304
-156
-21
86
89
58
62
190
250
279
308
347
354
310
283
210
137
105
116
85
-7
-123
-214
-296
-404
-521
-610
-685
-729
-779
-799
-791
-870
-980
-1042
-1019
-904
-772
-668
-587
-550
-552
-477
-300
-104
29
124
231
335
453
552
621
665
683
684
727
747
717
652
577
529
500
471
423
341
262
210
208
252
287
323
360
366
448
533
561
527
495
511
618
669
640
593
502
401
323
266
281
262
95
-86
-191
-229
-300
-387
-433
-489
-630
-707
-685
-661
-663
-700
-740
-717
-700
-636
-543
-461
-453
-493
-466
-428
-373
-346
-294
-250
-254
-269
-241
-176
-158
-175
-168
-100
-33
-65
-68
-42
-49
-77
-91
-32
9
-8
-43
-83
-121
-158
-190
-148
-119
-121
-152
-197
-230
-286
-318
-293
-243
-223
-223
-189
-165
-158
-161
-128
-57
-8
29
51
77
77
76
90
113
70
22
-8
36
116
132
109
41
-4
-22
41
97
113
119
94
84
86
114
139
117
65
83
154
191
206
202
166
136
151
176
195
171
138
120
113
129
128
133
152
155
163
197
221
223
219
242
241
252
231
185
177
147
102
49
1
-55
-115
-157
-190
-247
-347
-439
-484
-492
-499
-527
-563
-581
-571
-577
-521
-457
-424
-415
-393
-348
-297
-215
-151
-79
-49
-59
-77
-85
-61
-27
2
36
34
14
-56
-112
-103
-90
-66
-104
-118
-140
-189
-222
-233
-240
-253
-277
-306
-286
-294
-278
-281
-289
-270
-258
-203
-195
-181
-143
-140
-93
-34
-3
39
37
22
32
53
73
68
68
49
23
0
-31
-75
-112
-120
-116
-143
-166
-188
-211
-171
-102
-30
9
25
48
82
166
264
344
372
353
377
422
463
491
487
483
448
433
436
388
311
269
242
192
145
83
45
-3
-49
-87
-117
-166
-202
-221
-248
-248
-274
-284
-268
-232
-227
-239
-267
-274
-270
-248
-187
-127
-118
-174
-182
-178
-149
-103
-91
-79
-76
-92
-125
-133
-151
-159
-168
-160
-150
-209
-275
-370
-416
-405
-397
-372
-378
-405
-408
-420
-388
-322
-282
-255
-246
-196
-143
-97
-61
-38
-1
13
-8
-5
4
-3
10
25
1
-45
-118
-158
-141
-133
-143
-172
-193
-195
-178
-144
-129
-112
-122
-100
-48
28
86
90
65
55
99
159
229
216
188
196
219
260
292
311
301
263
244
282
338
360
331
282
281
267
258
218
209
200
189
155
133
113
53
-17
-57
-28
-2
30
-14
-41
-71
-94
-111
-115
-84
-71
-59
-75
-99
-100
-118
-117
-111
-110
-114
-144
-168
-191
-175
-202
-231
-267
-274
-282
-292
-309
-293
-268
-258
-232
-235
-239
-258
-250
-238
-211
-197
-200
-232
-288
-306
-334
-325
-314
-289
-274
-289
-293
-307
-309
-305
-273
-213
-174
-127
-113
-80
-73
-40
23
67
129
140
123
131
129
144
166
169
142
98
55
22
18
16
10
-2
-56
-90
-76
-76
-44
-25
-30
-40
-56
-54
-11
51
68
88
93
86
78
80
97
149
152
145
153
154
155
126
110
121
101
108
112
102
100
80
71
46
29
-9
-16
-9
4
-10
-46
-49
-80
-104
-123
-115
-108
-124
-160
-157
-134
-130
-108
-100
-108
-126
-133
-138
-107
-69
-84
-91
-107
-145
-186
-208
-195
-169
-148
-168
-194
-217
-257
-247
-219
-171
-149
-142
-128
-116
-134
-100
-84
-20
28
9
15
-13
10
32
56
95
114
94
68
61
48
53
63
77
95
71
56
39
9
0
-18
-32
-25
-30
-43
-66
-88
-105
-127
-149
-140
-115
-86
-85
-68
-47
-6
26
48
116
160
162
170
191
235
268
307
291
251
217
164
156
143
106
42
-32
-107
-165
-205
-245
-309
-345
-374
-400
-407
-422
-432
-417
-411
-398
-368
-342
-288
-226
-188
-137
-78
-36
-21
-7
29
76
86
106
117
108
104
54
18
-1
3
-8
-28
-38
-83
-140
-157
-162
-126
-96
-76
-67
-70
-88
-62
-34
31
92
114
132
162
179
198
218
243
272
287
290
263
220
188
132
100
87
50
12
-42
-101
-137
-171
-199
-219
-234
-248
-256
-240
-228
-202
-178
-123
-50
6
43
59
114
182
243
281
299
311
300
290
304
314
277
229
181
124
86
16
-48
-104
-171
-249
-285
-293
-333
-381
-423
-432
-435
-430
-427
-410
-386
-351
-322
-244
-206
-197
-170
-118
-46
4
36
74
105
124
142
144
155
175
168
157
178
163
124
72
36
26
14
3
-16
-29
-76
-119
-119
-108
-98
-84
-74
-71
-70
-52
-55
-35
22
53
62
69
62
55
24
27
61
77
68
31
-30
-70
-85
-97
-91
-110
-127
-176
-209
-195
-182
-172
-150
-139
-113
-107
-77
-37
2
48
96
167
210
209
219
249
279
329
336
338
307
257
201
167
166
123
65
7
-33
-105
-159
-194
-235
-272
-327
-375
-398
-405
-416
-433
-412
-412
-389
-367
-367
-330
-313
-267
-215
-186
-147
-142
-156
-125
-88
-61
-42
-37
-40
-47
-35
-5
15
29
22
19
28
11
32
47
67
72
82
86
102
99
107
118
137
174
178
196
179
168
130
111
88
84
82
34
5
-36
-59
-112
-166
-183
-190
-184
-224
-243
-255
-276
-288
-295
-276
-237
-220
-209
-194
-151
-127
-94
-46
14
41
75
125
153
190
184
216
220
224
211
184
171
141
120
93
57
8
-56
-99
-137
-151
-168
-205
-241
-296
-331
-351
-335
-344
-339
-327
-296
-259
-256
-227
-191
-152
-126
-80
-41
-19
-29
-2
21
21
37
19
14
15
20
24
25
28
-12
-45
-41
-20
-7
15
34
53
67
81
101
142
168
214
257
258
281
273
283
293
295
275
238
189
132
112
87
48
26
-46
-107
-142
-156
-179
-206
-241
-267
-260
-258
-233
-233
-237
-233
-185
-147
-116
-95
-81
-51
-42
23
52
85
76
70
95
98
105
87
74
65
36
12
21
6
-34
-82
-111
-118
-109
-130
-144
-148
-167
-178
-204
-198
-181
-172
-147
-134
-120
-106
-110
-89
-66
-32
-2
10
38
12
1
4
15
30
28
18
-12
-9
-12
-9
-14
-29
-26
-36
-29
-21
2
10
12
42
57
95
124
157
194
229
254
255
268
286
293
295
298
296
263
219
172
133
101
40
5
-19
-60
-81
-122
-182
-226
-222
-205
-188
-199
-187
-201
-208
-181
-158
-111
-87
-69
-35
-10
21
43
64
79
88
81
94
104
99
100
78
53
12
-11
-42
-48
-82
-117
-138
-164
-184
-233
-241
-240
-253
-260
-251
-236
-222
-201
-175
-152
-119
-86
-37
-20
33
63
102
125
152
169
171
193
198
198
188
174
154
142
109
92
53
23
-1
-26
-37
-57
-57
-66
-70
-57
-49
-27
11
49
112
126
126
162
167
183
206
205
226
230
228
207
184
142
99
72
64
40
-8
-41
-87
-118
-185
-207
-239
-248
-250
-261
-272
-270
-282
-286
-256
-234
-186
-174
-127
-110
-103
-52
4
50
88
111
134
161
180
186
208
201
190
152
116
105
76
42
10
-35
-69
-106
-150
-178
-206
-238
-255
-237
-250
-237
-225
-208
-190
-154
-115
-88
-33
-9
44
67
89
124
141
167
178
187
173
175
171
156
134
104
89
67
49
33
14
5
-4
-3
-21
-35
-34
-17
-19
0
37
40
71
75
98
109
116
124
125
126
105
85
49
23
12
1
-18
-53
-112
-131
-153
-172
-183
-213
-229
-252
-272
-273
-253
-253
-233
-227
-224
-193
-179
-163
-161
-128
-96
-76
-55
-29
-2
18
17
34
54
58
66
58
61
60
55
38
45
49
30
12
14
-76
-157
-190
-148
-94
-63
-61
-89
-92
-85
-129
-155
-118
-62
14
103
178
234
261
262
244
201
187
185
183
210
216
228
194
174
114
8
-56
-115
-139
-151
-137
-107
-77
-79
-71
-46
-70
-123
-146
-157
-138
-85
0
64
129
166
157
111
92
24
-19
-40
-34
-3
-24
-43
-99
-136
-167
-191
-197
-231
-230
-227
-253
-255
-251
-241
-224
-195
-172
-168
-149
-123
-107
-66
-20
25
49
82
107
134
147
149
149
148
133
145
130
111
101
75
50
29
22
-9
-28
-51
-68
-78
-86
-89
-93
-98
-102
-95
-72
-23
-22
10
45
71
106
160
185
188
238
279
286
277
276
267
251
241
239
204
168
139
69
28
2
-32
-61
-70
-81
-106
-127
-132
-121
-131
-87
-43
-26
5
15
29
52
87
108
106
97
101
88
83
83
82
70
23
-10
-43
-97
-129
-152
-175
-221
-239
-243
-246
-246
-263
-257
-269
-252
-253
-237
-216
-183
-129
-82
-50
-29
-6
20
56
93
130
173
187
191
222
236
231
232
224
166
146
107
95
82
48
41
-10
-43
-56
-89
-142
-173
-159
-154
-127
-94
-90
-62
-40
-16
9
36
87
130
171
215
217
244
258
261
276
278
259
202
171
119
50
6
-20
-55
-87
-113
-137
-184
-205
-207
-241
-236
-185
-148
-115
-100
-111
-112
-124
-77
-22
19
41
48
42
54
60
33
43
69
50
56
30
36
23
-24
-37
-81
-126
-125
-159
-169
-117
-129
-129
-147
-205
-199
-187
-154
-95
-83
-46
-72
-54
-33
-42
25
36
41
71
120
139
91
104
100
128
102
114
86
64
72
55
75
43
3
-26
-2
-62
-55
-35
-61
-64
-84
-81
-97
-61
-13
-23
-3
34
61
39
67
89
76
109
117
114
115
120
49
22
12
-29
6
-16
-28
-72
-96
-106
-168
-87
-142
-141
-133
-177
-160
-218
-211
-229
-169
-144
-179
-133
-179
-191
-150
-122
-26
-64
-27
20
-68
7
-30
-26
52
-18
123
32
50
66
-16
47
49
25
2
5
34
0
12
17
-12
2
-17
3
-49
-84
-61
-78
-79
-10
34
14
31
-8
-33
32
25
71
20
75
77
39
100
84
77
42
35
67
34
45
44
25
71
30
41
24
56
64
74
81
35
54
59
51
119
58
112
130
62
102
38
32
-10
37
33
5
61
-26
-63
-42
-58
-87
-78
-72
-86
-62
-46
-30
-90
-79
-123
-99
-65
-69
-34
-51
-77
-67
-96
-53
-67
-122
-6
-75
-84
-67
-105
-87
-82
-35
-53
-32
-22
-57
-43
5
-65
2
54
55
99
52
10
-23
14
37
100
67
110
97
72
62
74
4
25
45
70
99
91
100
43
23
60
63
71
101
58
83
11
-1
-15
7
-31
4
39
-23
-66
-27
2
9
26
40
-12
-23
33
60
87
59
111
106
25
58
20
23
66
53
40
-56
0
-79
-78
-6
-20
-40
-65
-52
-98
-122
-88
-61
-86
-44
-40
-78
-70
-86
-154
-157
-69
-45
10
4
-84
-81
-105
-72
-56
-2
-39
-32
32
-5
-50
-27
-24
25
30
61
62
19
34
55
17
71
60
-1
79
-2
2
20
-23
20
2
15
4
-25
-19
2
9
66
35
66
18
45
64
74
100
80
118
47
89
97
73
74
49
73
50
-9
9
-35
-50
-58
-28
-33
-45
-27
-63
-39
-32
-24
-57
-13
-17
5
14
-40
49
-19
-13
37
4
100
27
49
-15
-13
-26
-21
7
31
-4
-14
4
-76
-81
-63
-66
-79
0
-9
2
30
9
-52
-98
-20
-8
36
122
66
-12
-4
-15
-23
-10
16
11
-4
-40
-56
-83
-54
-52
-35
14
-17
-42
-25
-47
-50
46
7
50
95
35
55
2
-32
-6
46
39
49
126
37
54
-14
-21
39
23
56
10
50
-15
12
11
-20
7
-17
-48
39
45
69
57
39
-26
-64
-3
6
28
46
0
-27
3
-21
21
-20
19
11
0
-20
-68
-50
-80
-71
-20
-40
-9
-32
-27
-100
-92
-48
-30
-5
5
8
-69
-49
-41
-25
-19
26
-26
-26
-51
-21
14
1
-30
0
36
26
82
106
86
88
80
90
112
94
134
148
175
142
107
120
88
145
89
124
145
82
62
32
-10
-25
42
-24
16
-2
-60
-53
-31
-96
-81
-17
-7
63
26
19
13
-76
48
40
29
66
54
36
30
13
17
27
-15
78
5
-1
63
-130
-72
-41
-52
-17
-21
52
-36
-80
-56
-114
-68
-43
1
11
28
5
-24
-34
-18
-94
-77
-63
-28
-63
-17
-27
-60
-50
-101
-49
-19
13
3
-45
-60
-64
-85
-5
-145
-73
-66
-103
-57
-62
-113
-111
-64
-34
-66
26
-17
-120
-8
-28
-22
34
40
-11
47
35
76
87
99
79
49
77
71
86
111
38
72
39
22
106
58
61
29
55
40
-40
-4
-7
0
19
30
-17
-131
-13
-23
-62
-43
-30
-75
-49
-49
-30
-89
-106
-99
-98
-81
-58
-42
-50
-58
-38
-72
-146
-29
-21
14
15
42
13
-50
-14
8
22
2
75
40
-16
-15
-76
-121
-124
-83
-51
-52
-28
-95
-133
-183
-187
-189
-74
-11
-19
-28
-62
-66
-136
-73
-59
14
13
1
-9
-102
-91
-107
-77
-21
43
54
55
-8
-19
-29
-17
-17
48
121
136
151
51
4
35
55
94
88
99
85
-10
-19
-19
-73
-40
32
15
65
63
48
-40
-36
-81
-18
29
30
103
68
38
-18
-68
-55
-60
16
38
15
16
-54
-120
-79
-92
-61
4
-27
-49
-75
-151
-103
-87
-26
8
-17
14
-56
-25
-69
-86
-36
-10
-34
13
22
-55
-123
-116
-62
-102
-46
50
-43
-63
-10
-118
-100
-60
-56
-4
-31
49
16
-39
-7
-60
-23
-71
-40
-17
-96
-89
-137
-160
-126
-136
-78
-23
-41
-25
-125
-67
-8
11
35
-8
57
-16
61
93
40
38
38
19
79
65
27
40
-11
30
29
-10
24
-47
-62
-90
-120
-80
-128
-47
-100
-129
-99
-53
-121
-78
-75
-80
-115
-114
-126
-119
-78
-58
-70
-108
-39
-119
-88
-73
-109
-43
-98
-53
-29
-100
-55
-32
-58
-36
-76
-71
-36
-74
-6
-63
34
53
-25
-59
-6
-63
-47
-11
-48
-50
-19
-7
-37
-21
-29
-87
-54
-13
-55
8
-9
-50
-55
-47
-22
15
16
23
40
14
-24
-20
11
23
56
80
79
84
51
36
30
43
90
112
130
116
157
131
88
119
108
88
94
125
70
9
15
-16
-13
-40
-4
7
10
-16
-19
-77
-95
-48
-50
-5
-19
16
12
-49
-46
-32
-52
-19
-20
-15
-36
-45
2
11
-27
1
-5
2
-13
47
25
-57
33
-21
-52
-33
-43
-55
-18
-22
-75
-40
-68
-93
-20
-18
-17
39
-8
28
-16
-14
9
55
76
82
93
53
24
21
46
2
66
71
75
19
59
42
-18
4
40
-14
-13
1
-23
-23
-63
-44
-78
-37
-63
-53
-24
-32
14
51
22
56
77
73
94
131
109
158
172
147
126
156
144
156
133
83
92
-2
3
0
12
-48
-10
-53
-72
-81
-61
-29
-95
-78
-73
-65
-64
-60
-24
-64
-106
-29
-6
38
37
-4
-4
-40
-20
29
8
47
49
17
-24
-26
-16
-68
-54
-91
-60
-39
2
22
-37
-50
-36
-68
-25
10
31
21
7
37
21
15
25
6
30
37
77
116
62
118
67
36
70
24
70
63
42
-1
-29
-45
-85
-54
-69
-71
-64
-55
-62
-87
-38
-58
-54
-25
-23
19
66
58
-20
42
-17
23
83
74
80
107
72
16
60
2
17
35
46
54
2
-27
-80
-133
-89
-75
-81
-68
-107
-50
-82
-108
-98
-105
-73
-23
6
24
13
9
-8
-14
-13
-11
-20
-6
2
-9
-24
-38
-17
-54
39
40
-1
15
-36
-29
-81
-73
-4
-17
21
45
-6
-81
-44
-51
-62
0
48
39
23
65
-32
-12
7
38
87
77
64
51
24
21
43
49
24
26
25
30
12
-2
-77
-95
-78
-104
-43
-3
-24
-56
-68
-75
-62
-57
-41
-37
-37
-1
9
-3
-4
27
20
53
82
95
73
76
26
0
3
-26
3
31
5
-13
-43
-97
-117
-99
-117
-107
-66
-55
-3
-29
-31
-74
-33
-51
-51
24
-4
-17
-26
-7
-9
24
58
30
42
62
4
40
28
22
60
18
25
27
6
23
-22
-3
-7
-17
8
16
20
5
-11
12
33
34
67
95
34
56
67
37
61
71
99
98
133
124
114
82
93
69
21
44
54
41
23
3
-88
-68
-36
-87
-87
-62
-70
-76
-71
-27
-6
-12
22
70
65
60
104
97
87
139
191
151
137
140
130
119
110
96
86
42
-4
19
-3
-18
-62
-58
-74
-102
-101
-126
-120
-112
-100
-66
-74
-90
-62
-49
-35
4
33
49
89
68
62
44
39
54
38
55
73
33
18
0
-29
-51
-33
-4
-18
-9
-21
-24
-20
-44
-61
-35
-79
-37
-29
-10
43
50
52
30
34
24
48
72
82
97
85
95
74
78
62
35
53
26
23
15
-17
-32
-31
-44
-72
-66
-85
-117
-126
-157
-152
-124
-113
-87
-88
-49
-54
-55
23
12
34
47
71
96
105
123
110
105
99
118
104
66
79
67
44
25
-18
-21
-61
-62
-73
-75
-87
-88
-93
-131
-114
-83
-116
-130
-132
-126
-121
-129
-107
-111
-66
-69
-73
-43
-37
-29
-14
-32
-15
-27
-16
-20
0
13
-7
-13
-38
-63
-48
-19
-56
-25
-26
-10
-31
-36
-29
-65
-55
-58
-54
-44
-19
5
-6
-5
-20
-9
16
39
37
56
50
28
8
8
14
-35
-13
-43
-52
-51
-76
-90
-91
-123
-132
-84
-81
-94
-71
-63
-78
-52
-38
-25
1
38
3
28
36
17
41
64
82
89
100
103
87
76
31
21
2
14
42
28
19
-1
1
1
-9
-39
-61
-45
-23
-11
-11
-7
-18
-4
-13
-12
12
-15
-4
14
32
29
19
29
11
28
25
35
18
6
-5
-34
-30
-21
-20
-49
-28
-30
-51
-62
-61
-59
-37
-39
-43
-21
-33
-37
-23
-1
0
19
14
15
36
5
30
49
71
74
64
84
56
41
32
10
10
-7
-30
-31
-26
-17
-31
-33
-51
-59
-67
-63
-41
-28
-20
-4
8
16
24
16
56
44
60
85
91
106
122
120
100
88
69
61
27
13
7
2
-18
-31
-49
-78
-69
-75
-83
-85
-72
-85
-88
-72
-48
-56
-51
-21
-24
-9
15
25
36
29
9
24
36
39
79
62
56
65
40
37
27
27
8
20
38
8
0
-1
11
-1
0
-11
-28
-14
2
18
26
54
69
64
52
75
78
80
65
63
84
93
105
95
81
76
69
64
48
48
31
11
41
40
-2
-22
-49
-61
-63
-59
-57
-65
-60
-43
-23
-20
-18
-7
14
41
20
55
82
87
89
94
135
120
106
98
60
65
74
45
54
58
31
27
15
-6
-11
-28
-57
-76
-65
-86
-79
-68
-69
-36
-28
-27
-21
-16
1
17
39
69
63
72
66
59
78
55
54
34
54
32
21
48
18
17
-1
-7
-21
-9
-12
-39
-42
-49
-49
-31
-10
-4
21
27
57
69
103
121
113
144
140
119
146
156
154
154
135
121
114
101
75
69
67
59
52
69
51
56
49
38
27
6
12
9
14
27
37
33
25
21
6
1
13
38
37
42
43
52
39
34
36
59
28
23
55
37
35
29
32
30
28
21
20
13
8
-4
-21
-26
-48
-25
-38
-14
-5
-2
6
-1
2
-4
12
58
74
73
84
76
68
50
73
69
75
77
81
68
37
32
31
12
5
-2
-6
-22
-31
-30
-21
-15
1
13
24
36
35
54
42
39
64
73
79
92
117
122
117
111
103
80
96
104
119
121
105
106
58
56
52
57
78
77
79
70
61
58
44
12
28
53
72
73
64
73
64
56
32
39
41
39
37
58
52
53
46
41
42
26
26
15
19
28
23
23
25
13
-1
2
3
19
42
38
46
48
64
64
67
71
49
60
50
65
64
62
86
67
77
74
72
71
58
57
69
71
81
76
62
69
83
60
58
50
50
65
67
71
81
94
85
81
83
82
83
86
99
97
102
102
108
114
103
109
103
79
82
75
70
74
78
74
79
74
62
49
39
37
30
45
45
52
62
61
44
36
43
39
51
52
65
51
58
60
44
63
61
54
55
51
46
46
46
45
48
46
56
48
37
45
19
36
31
30
16
22
33
27
31
13
33
37
36
33
34
40
35
40
41
38
58
63
70
80
65
78
72
66
81
78
77
69
87
81
98
97
80
113
90
86
91
99
80
87
89
95
114
101
112
90
98
88
94
77
74
91
85
80
77
83
75
69
54
53
56
49
51
40
46
32
29
30
28
16
5
-6
-1
-1
-17
-6
5
7
14
-2
7
-13
-24
-13
-6
2
8
18
6
19
3
2
19
28
14
15
29
22
24
29
18
17
15
10
11
34
37
31
22
8
9
22
56
49
38
54
40
49
60
51
83
79
69
74
98
87
80
97
78
86
75
71
60
70
63
71
80
77
77
77
69
64
62
68
67
78
91
89
83
86
86
93
91
84
103
95
84
96
86
81
77
66
53
33
35
35
33
38
43
39
20
27
19
22
26
17
20
22
21
8
19
28
33
24
30
23
32
28
26
22
27
37
43
48
22
32
43
50
40
51
47
41
54
76
60
48
42
43
53
45
67
75
69
60
77
77
61
64
61
61
71
68
76
68
78
77
82
91
106
103
90
104
80
78
86
111
110
89
108
98
86
75
62
68
69
65
55
60
63
59
59
49
43
60
81
73
64
51
68
75
68
65
100
87
87
72
74
80
51
67
76
61
41
37
34
33
21
10
16
12
15
14
14
-2
5
19
4
10
21
23
5
9
8
13
25
22
27
18
9
15
24
14
22
28
40
40
37
32
45
38
21
32
30
37
50
55
53
63
67
72
71
79
83
89
85
95
93
94
92
95
87
103
97
90
81
64
61
60
64
53
69
77
70
60
64
54
45
35
38
30
14
4
10
11
0
-2
8
8
-7
-2
-9
-4
-17
-3
-5
-11
14
3
-1
7
9
22
20
2
8
-2
1
3
-7
2
-15
-10
-11
-25
0
-23
-25
-26
-36
-29
2
-12
-26
-10
-24
-19
-13
-17
-16
-12
2
8
1
7
3
6
17
29
18
33
32
21
28
34
38
48
62
60
51
59
66
68
71
46
58
62
43
44
56
38
49
40
43
32
19
29
36
42
40
38
47
50
37
47
36
33
30
40
32
17
0
11
6
-15
-18
-23
-25
-29
-40
-46
-34
-40
-41
-43
-41
-43
-42
-52
-61
-65
-42
-34
-47
-53
-62
-52
-46
-33
-27
-49
-32
-25
-32
-18
-13
-17
-8
4
5
-1
15
12
13
13
13
3
-1
21
-10
-16
-12
0
-6
-14
3
-3
-14
-12
1
-18
-8
3
10
12
25
31
39
54
48
49
61
61
55
62
59
68
60
85
77
76
70
68
69
66
74
66
63
51
60
47
60
49
46
80
71
70
56
59
57
42
55
43
49
52
43
33
34
22
12
4
-1
-6
-27
-13
-21
-22
-39
-33
-38
-53
-37
-35
-36
-28
-46
-53
-41
-42
-18
-24
-29
-16
-14
-11
1
12
0
-6
-1
9
15
-5
5
10
10
3
5
14
9
22
5
-3
14
22
25
16
24
34
19
37
33
52
61
49
54
39
44
52
68
57
57
52
56
60
56
58
63
50
47
55
47
69
66
57
57
48
40
46
44
58
57
50
59
47
43
43
40
38
27
46
39
40
49
25
28
24
29
26
2
10
8
-14
-17
-10
-22
-33
-29
-28
-35
-47
-53
-52
-56
-47
-47
-39
-42
-51
-35
-25
-31
-25
-21
-15
-16
-12
-3
-12
6
14
13
12
8
7
11
18
5
4
5
-4
1
1
-6
8
1
-5
-6
-12
-7
-12
-17
0
6
11
5
13
22
11
37
19
20
26
26
33
28
31
31
40
25
16
17
12
3
1
-1
-13
-31
-10
-21
-46
-55
-40
-38
-37
-26
-41
-40
-37
-46
-41
-35
-38
-38
-21
-38
-34
-44
-39
-37
-43
-38
-35
-37
-46
-34
-52
-49
-42
-55
-69
-59
-76
-79
-69
-74
-65
-68
-59
-50
-64
-80
-76
-80
-64
-63
-67
-40
-67
-62
-38
-47
-40
-27
-18
-22
-23
-17
-7
-3
0
-1
-10
-6
-2
9
7
-4
19
8
18
10
9
9
30
9
17
13
1
22
13
16
22
34
32
43
37
36
34
33
36
58
53
75
56
45
41
22
37
22
30
18
13
11
-2
-4
-12
-21
-26
-21
-16
-13
-12
-26
-19
-38
-16
-19
-21
-6
-13
-14
-29
-18
-23
-15
-21
-15
-9
-21
-29
-15
-27
-32
-23
-30
-35
-17
-16
-31
-21
-19
-25
-24
-17
-16
-14
-18
-26
-24
-10
-17
-12
12
3
12
18
13
19
13
23
17
26
19
30
49
37
34
27
13
20
25
36
26
33
25
11
16
25
36
18
19
24
29
21
20
13
15
33
28
30
25
29
33
28
49
42
9
12
21
17
3
5
3
10
-10
-2
-6
-6
-14
-18
-21
-31
-19
-33
-30
-28
-22
-36
-31
-31
-40
-55
-56
-56
-70
-46
-51
-51
-55
-67
-77
-81
-86
-84
-81
-95
-99
-106
-104
-118
-115
-107
-114
-119
-120
-122
-90
-81
-83
-74
-69
-52
-64
-49
-55
-51
-35
-46
-27
-19
-20
-22
-7
-3
0
-4
-9
-1
-4
7
-6
-22
-12
-17
-47
-27
-15
-37
-37
-38
-36
-19
-24
-32
-28
-28
-17
-17
-27
-24
-8
-12
10
12
-16
-11
-22
-19
-21
-25
-30
-25
-33
-40
-35
-50
-60
-69
-73
-77
-69
-70
-68
-63
-56
-57
-52
-53
-38
-42
-42
-55
-46
-42
-46
-21
-25
-39
-46
-31
-38
-22
-26
-31
-28
-54
-59
-62
-70
-57
-67
-70
-84
-77
-54
-70
-69
-59
-70
-66
-47
-51
-37
-55
-32
-10
0
5
17
8
1
15
-3
11
22
24
27
15
25
21
18
33
22
25
4
-1
8
6
-10
-6
2
-17
-6
2
0
-15
-9
-30
-23
-12
-22
-14
-21
-21
-22
-4
-6
8
3
-15
-7
-20
-22
-26
-24
-37
-35
-43
-39
-47
-57
-61
-52
-68
-74
-57
-91
-72
-61
-74
-54
-64
-76
-58
-58
-57
-53
-50
-60
-54
-50
-40
-33
-36
-18
-29
-27
-29
-26
-36
-39
-15
-32
-37
-48
-53
-47
-70
-74
-51
-49
-53
-48
-47
-34
-41
-38
-30
-15
2
18
14
9
20
14
38
46
33
40
52
47
43
41
52
33
28
38
37
33
33
28
25
17
27
14
9
2
3
1
-8
1
8
11
-9
-12
-11
0
-9
-9
-25
-16
-21
-26
-23
-28
-35
-46
-36
-48
-39
-54
-47
-65
-76
-78
-84
-90
-86
-84
-94
-92
-100
-93
-94
-107
-96
-81
-79
-78
-72
-73
-85
-71
-71
-48
-48
-35
-38
-47
-35
-30
-32
-33
-23
-28
-30
-50
-34
-36
-37
-35
-35
-28
-26
-20
-29
-29
-23
-19
-40
-29
-25
-28
-21
-24
-13
-11
-15
-13
-7
-15
-4
-13
8
-4
-9
15
14
19
5
11
1
6
0
2
4
10
-1
-2
0
-15
-8
-12
-5
-6
3
0
-8
-10
-7
-15
-10
-9
-10
-5
-7
-8
-6
-16
-26
-23
-31
-29
-35
-47
-42
-50
-43
-53
-59
-58
-71
-67
-68
-66
-70
-67
-64
-62
-67
-58
-57
-58
-52
-41
-41
-20
-19
-16
-13
-17
-11
3
-1
-14
0
-10
14
17
14
16
13
11
15
12
25
26
0
13
14
4
11
22
32
29
16
28
47
38
26
17
39
43
44
41
44
53
59
62
34
29
21
36
14
17
21
14
8
5
7
-3
-12
-2
-8
-25
-19
-20
-13
-14
-21
-24
-11
-13
-27
-10
-1
-9
-6
-12
-17
-17
-2
-11
-5
-2
-9
-13
-19
-21
-27
-31
-37
-43
-45
-42
-43
-48
-43
-51
-60
-32
-29
-27
-48
-20
-14
-31
-17
-5
-2
0
16
-7
14
18
22
18
19
21
17
30
29
14
20
12
8
18
7
16
9
18
-7
6
15
9
12
2
17
12
25
22
30
27
25
31
23
43
23
31
32
19
38
9
-6
11
-1
-1
-1
-15
1
-10
-30
-32
-35
-28
-28
-36
-22
-40
-43
-51
-54
-23
-34
-49
-38
-39
-39
-58
-55
-46
-37
-33
-37
-22
-31
-28
-35
-28
-55
-52
-45
-58
-64
-58
-56
-70
-74
-75
-68
-62
-67
-61
-60
-63
-63
-54
-43
-41
-40
-44
-36
-41
-26
-25
-11
-12
-10
1
-16
6
-4
-17
-4
-2
6
5
-5
-4
17
0
3
17
13
15
13
11
13
22
1
12
6
11
16
20
37
31
39
53
40
27
26
28
19
2
6
2
-13
-11
-9
-21
-22
-14
-30
-29
-6
-9
-30
-22
-29
-26
-27
-31
-17
-32
-26
-37
-45
-35
-20
-13
-32
-42
-42
-39
-50
-17
-25
-40
-28
-33
-38
-41
-52
-41
-34
-27
-41
-33
-32
-31
-29
-38
-23
-24
-34
-30
-9
-2
2
-20
-11
3
14
13
4
8
20
31
22
8
24
15
12
25
13
5
-6
-7
1
-4
-13
-22
-23
-24
-40
-28
-26
-17
-28
-7
-6
-17
-15
-11
-14
-15
-10
13
1
-8
-8
-19
-8
-16
-13
-15
-10
-8
-11
-10
-17
-19
-20
-28
-19
-10
-26
-32
-36
-35
-53
-34
-26
-55
-47
-46
-53
-51
-53
-56
-45
-49
-51
-50
-39
-37
-40
-35
-34
-22
-31
-24
-23
-41
-35
-25
-25
-21
-19
-22
-29
-31
-32
-33
-26
-21
-36
-24
-17
-16
-13
-6
-16
-11
-8
-24
-7
-9
-7
4
5
-1
-12
-9
-10
-6
-10
-21
-32
-18
-11
-28
-24
-35
-28
-34
-37
-19
-20
-24
-33
-34
-41
-40
-38
-64
-49
-53
-51
-44
-29
-35
-43
-50
-51
-37
-39
-26
-30
-32
-22
-18
-19
-15
-37
-43
-42
-23
-40
-58
-33
-53
-45
-24
-39
-33
-42
-43
-36
-50
-51
-36
-32
-28
-31
-39
-33
-42
-38
-47
-34
-24
-49
-30
-33
-35
-15
-14
-32
-21
-15
0
-6
2
-7
-1
-2
3
4
-3
4
2
16
2
4
9
-5
12
17
6
-3
6
12
10
4
8
16
14
7
23
20
14
13
33
6
3
19
19
26
3
10
12
5
8
11
11
0
-3
1
8
6
13
7
-2
1
-4
0
2
-2
-7
-3
-12
-8
-7
-1
1
3
-8
0
0
-4
-10
-10
3
1
-6
-4
2
-8
-7
-10
-26
-13
0
-1
-13
6
11
-12
-10
-12
-17
-22
-11
-2
6
12
4
4
5
7
26
26
24
6
-3
1
-8
1
3
3
2
9
9
5
2
10
12
35
27
20
20
45
42
25
30
40
35
37
39
35
44
36
30
11
23
6
10
23
10
0
-2
2
10
10
-7
9
5
10
0
-10
2
-4
16
9
-5
-14
-12
-15
-9
-7
-14
-10
12
-3
-13
-6
-18
-25
-22
-11
-22
-17
-9
-18
-18
-29
-31
-32
-19
-18
-28
-45
-37
-29
-53
-52
-39
-43
-34
-36
-38
-34
-43
-32
-34
-15
-9
-25
-22
-14
-11
4
-3
-9
-13
-16
-20
-27
-21
-21
-14
-21
-4
-14
-24
-17
-16
-15
-30
-39
-28
-26
-28
-30
-27
-23
-15
1
-16
-25
-18
-23
-25
-17
-11
-14
-19
-19
-11
-14
-6
-12
-20
-24
-35
-8
-24
-17
-20
-26
-42
-30
-17
-30
-33
-32
-11
-32
-46
-55
-19
-23
-47
-42
-42
-33
-36
-39
-31
-28
-17
-43
-50
-22
-30
-32
-28
-23
-11
-18
-21
-11
-22
-21
-8
-16
-10
-19
-27
4
-3
-16
5
2
8
2
-2
7
-2
17
9
10
0
-8
-4
-9
-9
4
10
21
16
22
19
21
17
12
14
23
30
11
26
23
28
33
21
18
42
30
26
43
24
27
29
27
28
21
19
22
9
1
4
0
-5
3
-2
14
5
-6
1
-21
5
-2
-11
-13
-2
6
2
8
7
7
23
15
10
18
11
37
20
8
18
23
8
15
15
2
10
5
5
22
14
15
13
17
9
-5
19
14
9
18
25
27
27
32
17
20
16
13
33
32
18
15
27
29
41
37
16
15
21
17
4
11
11
4
1
5
0
-1
-4
-4
-11
-1
1
-5
2
3
16
-5
3
9
5
12
15
17
27
29
26
16
23
27
17
19
7
-4
3
11
13
-19
-18
-1
-4
1
-14
-1
8
10
-4
-9
4
-11
11
16
11
15
9
6
12
11
17
10
5
38
22
24
15
24
17
9
21
7
5
0
8
26
4
-2
5
0
12
14
-6
7
7
4
15
5
9
-10
2
4
-8
4
5
13
3
-1
9
0
6
7
2
-18
-10
-7
-19
-9
-30
-4
-23
-9
-15
-7
17
0
7
-5
1
7
6
13
27
8
27
26
33
27
38
40
29
48
26
34
30
23
31
21
35
6
19
27
15
16
18
21
14
27
24
13
20
21
26
31
44
55
34
26
57
50
42
56
56
57
40
57
63
57
57
43
48
52
59
28
38
39
31
46
36
37
29
46
40
33
38
35
32
29
40
41
28
34
48
32
30
43
43
34
14
21
23
30
25
11
22
23
17
23
17
20
20
11
18
5
6
8
20
-4
8
18
7
13
7
9
12
16
-1
8
10
12
28
30
23
15
4
5
22
22
23
15
21
19
6
29
22
27
23
28
37
17
-1
12
23
3
18
21
20
17
0
21
17
30
30
23
46
26
33
32
31
43
38
30
15
27
39
30
34
35
26
13
-3
25
28
18
31
34
11
14
12
11
14
17
15
0
5
18
25
9
22
20
20
21
20
9
9
16
4
16
18
16
12
-4
7
7
-2
3
-7
-3
-9
-4
-2
-8
-4
10
-2
10
20
25
31
27
25
25
23
17
40
14
25
25
18
23
26
19
19
17
17
18
14
11
16
7
11
7
6
21
3
5
20
-4
-1
13
13
19
16
27
16
12
-1
21
21
12
25
7
9
21
23
16
1
10
9
0
5
-6
1
-15
5
-10
-11
-1
-9
-9
-26
-23
-30
-2
6
-7
-3
-9
0
8
6
-1
12
7
13
10
-6
5
-22
-9
-5
-16
-8
-14
-9
-12
-12
-13
-24
-16
-25
-12
13
-20
-15
-10
-11
-8
-27
-19
0
-13
-7
2
13
24
12
5
22
20
17
28
21
15
20
20
24
26
15
11
21
20
21
6
12
19
8
8
20
33
35
25
32
24
25
44
28
34
30
30
48
48
28
30
30
33
26
32
32
37
32
26
32
21
21
3
27
29
20
24
8
5
23
19
14
17
20
34
31
14
21
18
20
25
28
31
36
23
18
28
9
27
10
26
35
20
24
1
11
16
10
15
17
23
23
18
16
15
12
8
6
-11
-5
2
13
18
26
24
26
25
7
23
29
24
16
11
19
28
14
17
15
-1
-1
13
-3
2
12
-5
17
7
11
-2
4
15
17
3
-13
-4
1
3
-11
-8
11
-5
-3
8
-10
-14
6
-10
-1
4
-20
-8
5
-15
-12
-15
-18
-19
-21
-29
-37
-22
-34
-22
-33
-27
-40
-31
-21
-21
-28
-13
-9
-11
-23
-17
2
-7
8
-3
-10
-10
-7
-11
-1
-3
0
-1
-3
6
6
7
0
2
-5
-16
-8
-13
1
10
-9
0
-12
-9
10
-10
-9
-12
6
19
5
20
12
8
31
11
12
21
26
10
11
-1
3
-7
-7
3
-6
-11
-8
-8
-34
-19
-25
-20
-20
-8
-4
-15
-12
-15
-7
-13
-11
-23
-10
-1
-14
0
13
11
14
6
-5
0
-2
-1
-7
0
0
-22
-1
-13
-17
-14
-16
-13
-26
-9
-11
-10
-4
-4
-2
-13
-4
-3
-4
6
-1
-18
-6
7
-2
3
9
7
-3
-13
-7
-4
4
0
5
-9
-11
18
2
-1
1
-1
-6
-7
5
-13
0
5
26
13
16
14
-2
17
13
39
31
43
36
31
29
31
40
21
20
29
29
26
23
6
19
19
30
23
28
39
22
17
17
16
18
22
0
24
9
0
13
7
20
14
-7
10
-3
8
6
-8
5
-5
-3
-3
6
-15
-6
-22
-28
-18
-20
-12
-7
-30
-29
-12
-10
-11
-11
-4
-12
-11
-8
0
7
4
-1
3
17
2
5
25
13
12
15
32
32
31
12
7
29
7
7
11
7
6
9
18
24
20
16
7
16
1
9
16
15
14
15
24
21
32
30
33
19
35
14
32
19
20
30
8
22
0
14
-5
-3
-1
-5
-4
-17
10
13
7
25
13
21
7
1
5
8
-5
2
5
7
13
7
-1
12
10
12
18
14
17
-2
7
3
-4
-3
-11
-21
-8
-13
-21
-11
-29
-20
-1
-4
-8
2
-7
5
1
-19
0
-20
-8
-5
1
11
3
16
9
5
12
16
16
9
3
9
12
9
4
17
-14
-1
14
6
5
2
6
0
6
0
-17
-12
13
22
9
13
5
-6
14
-6
-1
-10
-3
9
11
12
16
13
-9
-3
-5
-26
1
-9
-8
-13
-15
-1
1
-9
-15
-20
-14
-9
-12
-4
-7
-8
-14
-8
-10
-7
-4
-4
-10
-8
-4
-19
-17
-11
-22
-20
-13
-5
-6
-7
-16
8
3
-10
-2
3
7
-12
-1
-3
2
5
3
-3
-4
2
-2
2
-2
5
10
7
18
14
5
22
11
17
22
7
26
27
16
25
34
33
33
29
32
35
30
41
41
56
39
31
40
17
31
24
25
16
35
27
19
17
22
28
27
19
26
23
16
32
24
16
22
19
8
10
7
25
21
9
33
11
20
17
3
17
21
12
12
20
17
15
18
21
13
12
24
11
13
9
-9
4
5
9
3
3
11
1
8
19
8
-6
2
21
16
4
12
17
24
17
17
27
27
34
29
48
50
59
53
49
53
37
54
52
49
40
49
38
46
49
30
54
56
57
38
59
70
41
50
34
35
48
40
40
53
46
55
51
41
64
46
51
58
52
54
43
63
56
57
50
47
48
26
45
27
19
47
27
10
8
9
11
18
17
20
19
27
31
10
25
26
19
26
26
25
48
29
10
31
23
49
39
25
31
41
39
35
53
36
43
61
39
36
41
46
47
30
31
31
30
47
42
54
41
40
31
37
25
36
38
31
40
34
43
30
37
26
36
28
33
41
21
9
14
23
24
20
28
15
25
20
7
18
1
-14
-5
4
-1
2
4
10
2
5
7
10
9
14
21
22
20
24
19
12
20
12
17
19
27
25
29
30
35
20
12
16
25
30
25
23
9
10
15
12
27
16
14
7
12
13
0
10
11
20
6
18
18
12
4
19
20
13
24
18
23
21
14
11
21
16
26
43
28
33
29
38
27
41
41
27
41
49
45
33
45
55
50
56
44
45
55
34
42
42
44
36
40
32
26
26
36
30
27
28
34
34
34
38
20
34
25
31
27
21
33
26
29
21
47
29
23
30
26
22
22
29
18
19
11
11
15
17
10
8
12
25
-4
5
3
-3
5
-8
-1
-12
6
-9
-4
-3
-13
-10
-10
10
-2
-16
-1
-17
-8
7
16
10
0
10
18
12
0
6
12
2
3
25
12
13
22
-1
13
31
13
24
29
43
47
40
36
33
46
43
50
38
39
28
28
39
33
31
26
15
24
26
19
32
35
31
36
28
22
20
21
29
43
46
40
29
34
39
36
26
33
21
17
40
43
43
33
51
25
30
34
40
42
26
57
39
29
26
31
45
43
51
40
51
48
42
56
34
30
44
34
28
40
34
48
52
41
57
47
47
52
50
40
27
27
40
40
38
42
31
39
36
21
29
26
30
26
29
48
37
35
35
39
48
35
38
54
46
43
63
46
53
55
48
41
42
44
39
33
49
49
27
41
27
15
31
24
19
15
15
8
9
11
-3
9
8
-1
-21
-9
-2
-27
-3
2
-14
-16
-11
-23
-22
-11
-26
-20
-16
-24
-27
-26
-22
-24
-21
-33
-29
-11
-12
-18
-20
-20
-25
-21
-12
-10
-18
-16
-23
-21
-5
-18
-29
-19
-5
-8
-12
1
0
-1
-6
-7
-10
-7
-17
-20
-25
-19
-13
-27
-28
-16
-13
-17
-14
-18
-19
-11
-19
-21
-27
-21
-16
-24
-26
-28
-21
-36
-24
-26
-16
-22
-27
-28
-35
-32
-24
-18
-53
-23
-47
-56
-32
-41
-54
-47
-44
-59
-49
-53
-51
-55
-43
-73
-60
-54
-58
-45
-44
-47
-55
-34
-38
-38
-64
-44
-41
-41
-38
-34
-39
-51
-29
-32
-27
-27
-30
-41
-27
-26
-44
-37
-39
-38
-39
-34
-32
-29
-48
-37
-33
-30
-29
-35
-31
-26
-22
-31
-29
-14
-24
-23
-18
-25
-5
-22
-27
-32
-31
-29
-28
-26
-35
-34
-28
-25
-25
-30
-26
-23
-23
-26
-28
-24
-28
-37
-40
-38
-29
-18
-23
-27
-19
-34
-21
-3
-20
-4
-25
-22
2
8
12
-1
8
-2
6
-10
-11
-12
-24
-21
-22
-35
-38
-17
-27
-22
-33
-25
-19
-38
-19
-15
-7
-19
-24
-22
-18
-11
5
4
-23
-11
7
2
-10
-6
-5
-8
-9
-19
-11
-11
-16
-34
-12
-18
-24
-14
-22
-21
-17
-12
-25
-11
-26
-23
-5
-11
-20
-8
-7
-16
-8
-5
-1
-10
-1
2
1
-4
-9
-8
7
-7
-13
-4
-20
-17
-13
-31
-31
-25
-26
-20
-17
-24
-37
-25
-23
-32
-19
-31
-19
-22
-27
-12
-30
-24
-25
-22
-37
-38
-34
-33
-31
-44
-39
-34
-30
-24
-24
-19
-29
-47
-34
-46
-46
-54
-58
-44
-24
-21
-31
-31
-41
-33
-38
-41
-33
-17
-17
-28
-48
-30
-36
-29
-25
-33
-33
-34
-18
-24
-23
-42
-26
-40
-34
-28
-35
-18
-24
-26
-11
-18
-4
-5
-11
-13
-24
-15
-15
-13
-21
-27
-26
-22
-30
-27
-9
-20
-38
-32
-23
-33
-36
-25
-31
-30
-39
-37
-44
-37
-25
-36
-26
-44
-27
-19
-30
-23
-22
-43
-40
-33
-35
-46
-48
-31
-47
-41
-56
-57
-75
-69
-47
-57
-49
-56
-50
-48
-60
-53
-50
-66
-47
-38
-30
-51
-66
-42
-38
-40
-29
-40
-43
-28
-39
-31
-34
-32
-18
-28
-26
-28
-39
-40
-39
-42
-35
-35
-33
-29
-26
-21
-16
-11
-26
-15
-25
-22
5
-13
-7
-6
-17
-17
-20
-6
-3
-6
-22
-17
-14
-13
-7
3
3
-13
0
4
16
-3
-6
-4
-2
-11
-4
-7
-22
-16
-5
1
-14
-11
-1
1
-6
-13
-14
-12
-9
-21
-25
-1
-8
-17
-28
-12
-4
-12
13
2
-2
-14
9
6
-6
-5
3
0
-6
3
-22
1
-11
0
3
-6
3
-10
1
1
-1
1
16
8
4
-8
5
11
7
16
12
8
17
30
25
19
16
32
22
17
21
24
19
9
32
38
18
26
18
26
32
22
31
22
27
11
9
21
35
22
39
19
20
31
25
41
27
39
24
29
37
32
31
23
8
13
24
26
31
34
35
26
31
18
30
30
23
20
29
13
-3
20
8
17
9
14
18
5
2
-5
10
3
3
-7
14
16
-5
-2
0
3
2
1
3
-1
1
-14
5
0
7
18
8
13
9
8
11
8
11
19
12
14
11
30
18
20
34
16
26
31
23
28
27
33
32
21
36
28
34
41
33
38
47
43
28
42
41
35
50
38
45
37
27
35
42
36
34
27
34
39
53
44
43
33
21
34
11
37
40
14
15
8
13
17
12
7
15
18
1
12
19
34
15
-2
8
-1
24
17
11
11
8
22
3
-12
-1
4
-16
13
4
11
3
6
-9
-7
3
8
12
16
32
6
26
32
21
21
31
52
30
31
33
22
31
40
42
43
52
59
59
57
52
41
40
35
25
54
57
48
45
53
54
49
54
57
45
38
26
26
43
33
39
23
30
24
31
27
21
48
22
26
22
20
32
21
16
24
11
23
36
29
35
27
21
36
20
14
28
31
24
15
25
39
24
16
19
34
32
23
21
18
20
13
11
15
20
22
16
17
11
15
26
13
6
8
14
23
23
26
39
24
19
32
31
54
32
35
49
51
47
35
30
36
47
26
36
40
26
33
49
40
33
43
37
33
54
50
59
45
46
52
52
63
65
57
56
51
48
56
37
48
39
41
35
38
43
25
45
35
30
32
38
53
51
26
30
41
22
17
25
32
30
24
22
33
34
32
28
36
36
26
35
22
21
16
26
29
41
28
24
28
22
16
31
26
32
40
22
57
44
41
53
64
44
52
58
61
43
46
66
64
75
65
64
67
69
55
65
60
74
70
52
61
65
58
61
66
72
65
43
46
56
60
55
63
64
57
54
77
63
56
64
68
64
54
70
65
75
74
56
43
44
42
31
52
38
36
37
35
30
37
39
41
23
23
35
30
11
5
26
34
44
32
38
26
48
32
19
28
10
21
23
31
20
4
7
-1
8
18
17
13
18
13
-3
14
13
-16
-16
1
-3
-7
-11
4
13
16
13
9
19
11
0
1
14
13
18
19
14
19
23
21
21
10
8
3
11
6
-1
15
17
8
12
17
5
11
25
20
35
19
11
20
19
25
14
38
28
17
27
37
19
34
19
16
30
2
23
11
19
8
1
8
-5
8
-1
-3
-2
-5
12
-9
-15
3
2
12
-1
-4
7
-7
-3
-6
-4
2
8
14
16
20
20
17
-4
14
-6
1
18
16
11
10
30
6
8
21
23
24
31
34
45
45
56
44
52
43
32
55
43
39
44
46
50
46
51
54
46
33
49
50
43
51
55
51
49
53
66
61
48
47
54
58
45
50
54
46
46
59
43
41
54
41
53
37
23
26
45
55
36
40
39
28
31
33
44
53
39
28
38
38
30
42
47
45
44
43
51
34
37
50
51
51
49
38
62
68
50
55
50
54
54
40
45
61
46
50
66
72
60
69
67
45
50
69
78
56
57
65
43
55
56
52
61
60
66
65
60
65
54
63
73
69
65
73
77
75
74
63
67
63
56
66
68
87
83
85
82
65
74
62
72
54
65
64
44
49
41
55
57
45
43
40
43
40
38
45
54
41
40
39
44
46
41
41
46
48
45
46
67
38
35
39
34
42
28
36
27
42
21
23
30
13
28
31
39
32
21
13
20
17
4
-6
9
31
23
15
19
26
30
31
32
38
31
32
32
38
30
37
54
48
40
58
50
52
50
45
35
50
61
47
58
60
70
64
68
58
63
55
58
65
54
57
48
58
48
41
43
49
46
46
54
46
54
37
36
30
35
41
36
40
26
27
25
32
39
39
33
29
20
30
20
10
29
34
21
27
38
33
30
28
24
38
29
32
41
15
43
41
47
39
34
36
47
45
35
38
37
42
49
50
34
40
29
20
48
45
38
26
30
44
36
49
39
31
36
29
50
34
34
35
36
49
24
41
27
39
21
27
28
21
38
38
41
24
41
43
33
19
43
23
23
40
32
29
30
31
30
30
31
30
36
32
18
21
34
16
20
20
21
37
39
24
22
17
13
15
9
17
17
26
40
15
28
35
27
31
15
37
27
18
14
29
29
22
32
16
14
26
37
29
34
30
15
20
27
20
17
35
27
35
26
25
28
37
29
21
33
27
24
35
32
12
16
24
6
17
27
34
30
33
28
31
52
41
29
31
29
34
30
28
52
24
28
25
37
45
27
30
44
42
37
40
21
13
20
19
17
20
13
14
13
14
27
16
9
10
23
7
2
-5
2
14
16
-5
-6
8
-10
-18
-1
-2
-12
8
-9
-16
-13
-7
-10
5
-7
-18
8
4
6
2
2
-9
1
16
-13
-4
12
28
24
15
29
25
16
28
28
16
29
35
25
32
29
25
28
20
28
31
22
30
31
19
18
17
29
33
27
19
17
24
47
41
38
35
25
24
20
18
23
37
16
2
25
9
24
30
29
37
23
33
23
20
29
39
50
46
41
49
49
31
40
32
39
22
23
36
36
36
24
21
19
14
21
21
25
38
21
14
24
37
39
28
16
28
34
34
48
31
29
45
55
48
30
24
27
31
43
21
24
43
31
29
44
30
32
33
25
46
31
36
19
39
33
34
49
36
30
24
43
43
31
41
24
21
40
19
30
37
28
51
39
38
35
33
22
23
21
41
40
30
38
22
44
41
43
39
41
37
32
39
27
33
17
34
48
28
35
33
40
40
42
57
55
40
26
29
46
43
35
56
56
66
42
49
54
36
47
54
55
42
44
67
63
72
71
59
78
54
58
56
63
71
54
62
62
62
60
68
70
72
52
50
50
54
58
61
59
65
55
50
