-15
-30
-31
-32
-22
-18
-18
-7
-26
-35
-26
-26
-22
-21
-35
-31
-28
-26
-19
-2
-9
-15
-14
-17
-7
-6
2
-1
-11
1
9
6
17
26
13
9
4
9
21
2
4
6
-2
26
8
12
8
31
19
17
30
12
26
16
25
24
32
11
12
16
11
-7
-8
6
-10
-6
-5
-8
-8
-27
-16
-16
-17
-16
-2
-7
-7
1
3
4
-11
4
0
4
8
-2
5
3
7
5
7
-14
-8
0
-5
-1
-1
20
11
12
11
11
5
4
4
5
15
4
-1
3
-8
-6
7
-8
4
-4
-1
4
5
10
19
6
7
16
3
3
17
32
7
16
16
17
23
20
7
9
32
38
27
15
18
19
15
19
13
28
22
13
24
16
28
33
44
44
37
45
43
45
26
27
27
18
27
8
16
16
6
3
8
-3
17
-5
6
24
13
4
1
27
22
28
18
8
18
-5
-5
-3
-4
-11
-6
-4
-14
-21
-3
-2
-18
-7
3
-3
2
5
8
12
-4
15
21
15
17
30
25
8
13
5
13
-2
16
11
10
25
26
30
22
31
22
23
23
23
12
21
19
22
29
35
35
33
45
34
40
34
15
20
3
8
16
30
23
24
14
11
31
26
30
34
16
26
20
24
28
26
17
-4
11
10
14
1
7
2
16
27
9
22
24
17
22
12
28
33
21
22
9
21
14
7
9
5
7
3
12
0
12
3
-7
0
-8
5
2
3
5
13
18
16
22
18
11
27
20
14
15
27
18
23
19
19
15
24
24
16
21
17
19
35
26
23
30
23
41
16
14
32
28
32
28
18
20
44
31
40
23
7
39
22
27
24
40
38
32
23
22
22
27
16
20
27
15
21
18
28
17
-1
10
26
23
25
24
13
21
10
13
19
12
7
11
13
14
-6
11
10
2
-2
-12
5
-4
-4
-1
0
10
-3
-9
-9
1
10
7
17
-5
10
15
-3
1
15
17
11
-6
7
12
14
5
8
25
14
23
23
22
15
11
18
31
23
33
24
35
33
18
22
23
25
12
16
22
5
16
21
16
30
29
24
18
37
35
6
17
11
31
30
41
34
32
45
28
35
35
52
40
42
58
41
38
36
38
38
16
12
17
17
12
16
4
12
15
7
7
6
0
-13
5
7
-6
-2
-5
-14
-16
-29
-24
-25
-15
-10
-7
-1
2
9
10
12
17
12
4
11
16
10
14
15
17
2
14
21
-3
6
-2
-2
22
-1
12
14
16
18
9
34
18
16
28
34
32
14
9
6
11
7
-3
0
5
4
11
12
-5
13
22
21
2
15
22
8
30
14
13
13
6
12
13
22
0
-13
-1
-5
-17
-6
-14
-6
-6
-24
-14
-18
-11
-22
-29
-31
-22
-28
-27
-20
-18
-25
-37
-40
-40
-43
-42
-40
-37
-48
-30
-31
-39
-33
-29
-41
-57
-33
-37
-28
-36
-30
-32
-22
-23
-35
-32
-41
-30
-21
-35
-24
-31
-32
-22
-22
-22
-28
-24
-21
-28
-28
-22
-18
-15
-30
-27
-19
-25
-15
-28
-26
-24
-44
-43
-46
-36
-31
-36
-25
-32
-39
-27
-39
-50
-37
-37
-42
-36
-38
-44
-50
-42
-25
-27
-35
-35
-39
-44
-19
-43
-36
-35
-33
-32
-35
-31
-64
-39
-46
-48
-53
-58
-63
-56
-60
-69
-60
-65
-48
-57
-60
-60
-52
-61
-68
-64
-64
-56
-76
-75
-74
-75
-69
-67
-76
-75
-73
-62
-59
-52
-63
-69
-50
-65
-67
-62
-49
-51
-65
-67
-63
-39
-41
-41
-36
-39
-40
-48
-36
-43
-36
-40
-22
-28
-28
-25
-35
-37
-43
-37
-25
-26
-39
-33
-27
-23
-18
-30
-27
-21
-22
-30
-38
-30
-30
-36
-42
-36
-26
-48
-45
-46
-36
-40
-48
-48
-54
-65
-67
-58
-38
-60
-66
-56
-57
-45
-72
-69
-62
-49
-47
-67
-65
-57
-64
-61
-62
-45
-74
-59
-55
-62
-41
-56
-53
-57
-58
-45
-54
-64
-53
-34
-58
-50
-45
-55
-64
-67
-69
-66
-66
-77
-74
-75
-52
-81
-76
-71
-89
-64
-68
-65
-64
-57
-42
-62
-51
-43
-61
-58
-46
-51
-45
-36
-43
-56
-62
-31
-31
-39
-27
-26
-21
-16
-34
-20
-19
-16
-22
-33
-21
-27
-10
-29
-28
-11
-41
-31
-23
-22
-26
-39
-28
-23
-39
-43
-49
-43
-37
-41
-43
-37
-45
-30
-35
-36
-43
-46
-44
-65
-52
-55
-62
-76
-60
-64
-79
-81
-70
-54
-65
-64
-66
-69
-76
-60
-82
-75
-81
-82
-75
-63
-62
-76
-63
-69
-67
-64
-50
-55
-57
-50
-61
-58
-55
-47
-41
-40
-54
-46
-56
-41
-33
-43
-47
-51
-45
-38
-45
-48
-57
-45
-32
-52
-48
-37
-36
-56
-53
-45
-46
-49
-54
-56
-58
-53
-64
-64
-68
-81
-88
-46
-55
-74
-76
-86
-78
-70
-68
-75
-74
-85
-76
-73
-75
-88
-99
-82
-87
-78
-73
-87
-89
-97
-73
-83
-103
-94
-100
-94
-94
-86
-117
-98
-89
-101
-110
-105
-108
-116
-109
-111
-106
-110
-106
-95
-102
-104
-95
-94
-101
-79
-90
-79
-70
-78
-81
-83
-65
-78
-79
-77
-79
-78
-69
-89
-83
-78
-79
-76
-88
-76
-74
-92
-58
-58
-70
-74
-73
-72
-69
-69
-71
-79
-86
-57
-76
-81
-79
-74
-80
-61
-63
-52
-47
-65
-52
-70
-75
-64
-59
-61
-58
-57
-69
-45
-72
-74
-63
-74
-70
-73
-75
-68
-73
-86
-74
-85
-83
-69
-84
-80
-87
-78
-80
-92
-84
-79
-82
-59
-84
-78
-90
-103
-73
-71
-88
-86
-92
-80
-71
-83
-65
-72
-83
-86
-67
-67
-74
-69
-74
-83
-71
-81
-74
-68
-84
-80
-69
-76
-75
-79
-68
-56
-65
-55
-50
-64
-51
-45
-48
-41
-39
-34
-37
-39
-18
-34
-36
-35
-44
-35
-47
-34
-37
-41
-44
-37
-35
-47
-32
-37
-59
-44
-27
-38
-16
-38
-33
-37
-39
-40
-47
-43
-45
-50
-51
-39
-42
-51
-56
-58
-57
-50
-58
-65
-64
-47
-57
-54
-51
-52
-43
-54
-55
-48
-56
-58
-73
-81
-68
-81
-75
-87
-93
-80
-76
-80
-79
-92
-70
-60
-70
-70
-67
-63
-64
-52
-54
-32
-33
-53
-44
-46
-52
-60
-55
-57
-53
-45
-47
-36
-33
-47
-43
-47
-42
-41
-39
-53
-52
-45
-49
-43
-34
-35
-57
-35
-48
-70
-45
-46
-44
-50
-49
-61
-56
-50
-54
-40
-45
-44
-48
-30
-32
-47
-49
-46
-34
-35
-65
-48
-60
-84
-83
-66
-77
-84
-59
-70
-62
-71
-73
-70
-69
-66
-71
-64
-56
-62
-62
-53
-63
-65
-62
-46
-48
-55
-59
-49
-68
-79
-62
-69
-73
-73
-77
-64
-63
-51
-65
-54
-35
-51
-46
-37
-42
-48
-67
-50
-48
-56
-45
-55
-59
-51
-50
-47
-39
-46
-43
-43
-36
-31
-27
-30
-25
-10
-28
-17
-5
-16
-11
-29
-31
-23
-24
-39
-28
-18
-32
-18
-25
-25
-14
-27
-22
-28
-35
-25
-38
-41
-57
-45
-35
-49
-45
-49
-36
-53
-62
-58
-68
-68
-72
-63
-73
-61
-66
-59
-71
-81
-56
-74
-68
-70
-68
-59
-47
-65
-48
-57
-53
-43
-69
-60
-65
-50
-47
-41
-40
-45
-40
-48
-34
-26
-38
-33
-28
-38
-40
-29
-38
-33
-46
-48
-59
-52
-52
-34
-36
-48
-34
-61
-56
-37
-21
-23
-23
-28
-33
-6
-9
-6
1
-20
-9
-17
-13
-22
-18
-6
-39
-13
-19
-14
-26
-39
-46
-23
-14
-35
-31
-39
-29
-32
-31
-30
-34
-40
-37
-40
-37
-40
-36
-52
-38
-38
-48
-45
-48
-48
-51
-40
-39
-53
-40
-39
-43
-33
-46
-30
-29
-39
-44
-39
-50
-40
-32
-38
-40
-30
-24
-29
-20
-27
-26
-35
-39
-31
-26
-26
-30
-34
-30
-35
-35
-24
-34
-35
-30
-50
-31
-33
-28
-21
-9
-21
-31
-26
-37
-26
-15
-4
-20
-13
-11
-17
-10
-9
-1
6
-11
-18
-9
-21
-14
-8
-4
-15
-19
-8
-22
-11
-43
-8
-20
-28
-30
-42
-39
-23
-19
-24
-22
-22
-24
-36
-25
-30
-25
-44
-33
-38
-47
-45
-33
-53
-38
-44
-42
-30
-38
-34
-41
-19
-10
-36
-45
-36
-42
-43
-46
-40
-44
-45
-47
-43
-44
-60
-44
-43
-47
-42
-55
-58
-50
-41
-54
-54
-48
-49
-39
-41
-48
-37
-42
-41
-42
-41
-46
-43
-51
-38
-25
-24
-16
-28
-29
-35
-32
-37
-34
-18
-14
-17
-23
-26
-23
-18
-27
-40
-31
-43
-27
-24
-21
-17
-31
-32
-30
-33
-34
-37
-32
-48
-41
-54
-67
-45
-58
-51
-54
-52
-48
-53
-51
-49
-50
-55
-66
-66
-55
-42
-35
-59
-69
-71
-71
-69
-61
-68
-71
-68
-69
-69
-66
-82
-93
-91
-86
-89
-92
-90
-97
-69
-82
-78
-76
-79
-85
-79
-77
-80
-63
-75
-70
-59
-60
-64
-72
-76
-66
-77
-80
-74
-78
-63
-47
-56
-43
-45
-55
-46
-57
-45
-46
-55
-53
-56
-59
-53
-51
-50
-49
-42
-60
-62
-65
-68
-69
-64
-71
-57
-56
-55
-55
-52
-63
-54
-45
-66
-48
-57
-45
-49
-63
-56
-58
-66
-65
-54
-56
-73
-56
-62
-49
-47
-64
-65
-57
-50
-47
-48
-71
-49
-48
-65
-50
-40
-72
-65
-75
-63
-62
-65
-65
-58
-64
-70
-64
-55
-66
-69
-58
-71
-55
-58
-44
-44
-43
-55
-49
-46
-46
-40
-70
-46
-43
-54
-52
-38
-41
-49
-41
-27
-42
-51
-44
-57
-46
-59
-46
-48
-64
-47
-38
-46
-34
-41
-40
-43
-31
-30
-35
-26
-28
-27
-30
-35
-34
-38
-23
-32
-34
-33
-37
-24
-41
-47
-33
-43
-44
-43
-46
-45
-49
-44
-63
-67
-55
-61
-74
-69
-56
-69
-70
-62
-66
-52
-45
-78
-63
-52
-73
-66
-60
-47
-58
-56
-63
-73
-63
-68
-61
-65
-59
-56
-54
-39
-40
-41
-44
-43
-35
-31
-30
-30
-39
-43
-33
-31
-39
-44
-48
-36
-36
-40
-45
-44
-31
-36
-37
-35
-38
-34
-23
-21
-29
-35
-29
-31
-38
-42
-34
-40
-40
-37
-18
-21
-21
-29
-23
-15
-27
7
-5
-3
-3
-18
-20
-25
-19
-26
-9
-14
-8
-27
-32
-18
-22
-22
-45
-27
-20
-19
-46
-38
-28
-42
-38
-36
-39
-40
-47
-54
-45
-53
-56
-62
-62
-58
-49
-58
-48
-52
-50
-45
-55
-51
-51
-45
-59
-61
-53
-38
-54
-55
-56
-51
-55
-55
-51
-56
-35
-37
-51
-45
-37
-29
-45
-37
-32
-28
-24
-17
-15
-21
-20
-17
-23
-23
-14
-2
-2
-18
-10
-12
1
0
5
-16
5
3
0
-7
-3
-6
-8
-3
-5
2
5
-9
-4
-11
-19
-23
-35
-36
-38
-22
-38
-47
-43
-31
-32
-38
-61
-65
-49
-50
-41
-56
-62
-65
-61
-58
-52
-49
-60
-51
-52
-53
-51
-43
-33
-41
-50
-49
-54
-34
-27
-38
-38
-31
-46
-21
-12
-29
-28
-34
-22
-31
-33
-30
-35
-38
-42
-31
-21
-22
-32
-18
-27
-35
-22
-19
-20
-27
-35
-28
-18
-8
-9
-27
-36
-21
-25
-4
-6
-27
-23
-22
-24
-23
-16
-22
-2
7
-7
-20
0
1
1
-1
-8
-11
-22
-7
-17
-5
-3
-12
-2
4
-9
-22
-14
-22
-14
-5
0
-26
-16
-28
-34
-17
-11
-9
-22
-5
-15
-18
5
-5
-5
5
-6
-20
-5
-15
-12
-6
-3
-11
-14
4
0
5
-13
-13
-22
-18
-12
-9
-16
-11
-7
-17
-14
-17
-17
-27
-2
2
-2
-16
-9
-17
-6
-2
-8
16
17
-5
17
12
15
20
14
22
19
9
-1
29
14
14
2
15
23
17
24
25
29
16
11
20
21
14
33
15
39
19
20
22
13
12
10
18
10
0
1
-5
-3
-10
-14
-16
-23
-11
-9
2
-16
-10
-20
-16
-8
1
5
-8
0
2
-1
-7
-16
1
17
-14
1
0
5
-2
-1
-17
-13
2
-13
-15
-6
-7
-20
-23
-26
-28
-37
-26
-37
-46
-31
-18
-40
-31
-20
-34
-15
-24
-21
-13
-18
-27
-26
-16
-20
-28
-21
-17
-14
-28
-5
-4
-14
-21
-12
6
-15
-29
-28
-17
-27
-17
-22
-22
-18
-22
-22
-21
-22
-10
-5
-12
-11
-2
-18
-16
-11
-5
-4
-23
-19
-11
-20
-9
-9
-13
-1
-11
-13
-8
-8
5
-5
2
4
-10
-7
-6
-6
-11
-13
-19
-17
-39
-38
-37
-50
-52
-39
-47
-55
-48
-49
-30
-41
-30
-19
-24
-15
-29
-40
-28
-20
-8
0
3
-6
-14
-15
-5
-1
-18
-14
5
7
-12
10
21
12
12
17
18
-5
14
20
9
30
26
12
13
24
26
20
26
30
17
23
14
16
13
7
31
34
24
29
33
28
11
9
25
29
33
21
23
11
25
29
9
3
3
4
-8
-1
-18
2
2
14
10
12
31
5
19
8
7
-5
7
-1
-15
-9
-14
-1
-19
-17
-5
-12
-15
-11
-20
-24
-22
-33
-5
-14
-21
3
-9
-18
-27
-23
-7
0
2
-19
-4
-9
-27
-15
-14
-15
-4
5
3
8
0
14
8
14
34
31
28
24
8
23
25
24
22
26
17
39
37
28
25
37
39
27
37
32
45
35
49
46
51
49
28
36
15
16
26
21
26
20
19
11
11
17
16
3
5
13
21
20
16
39
25
7
-3
16
16
18
10
4
7
8
-2
-19
0
5
-7
7
2
-8
-12
-13
-15
-4
-4
2
6
-15
11
5
-5
-3
-1
-2
-7
4
12
8
8
1
5
5
3
13
8
20
23
13
14
25
21
27
21
25
30
13
22
18
22
17
21
31
17
11
24
12
21
20
22
32
27
37
50
31
33
43
39
40
40
41
40
50
41
38
32
33
26
42
13
29
33
21
31
24
35
21
28
22
24
10
23
16
13
21
20
28
4
16
12
7
-6
-7
10
9
12
14
0
-3
12
6
-4
-1
4
-9
13
11
2
3
-15
-4
-5
-17
-13
-8
-21
-13
-12
-22
-24
-33
-7
-24
-1
-12
0
10
-6
16
-5
-2
16
7
-6
16
13
3
10
10
27
30
30
11
21
30
19
26
28
47
25
27
43
35
48
53
44
22
27
32
20
29
35
10
24
30
22
25
21
25
28
25
17
21
12
27
17
19
12
18
19
-3
17
11
-4
6
6
-8
-3
-16
-12
6
-3
-16
-16
-7
-4
7
8
7
9
-12
17
18
6
8
12
14
16
15
15
12
10
7
15
18
5
19
10
28
29
29
24
28
23
18
37
32
42
28
32
44
36
21
42
43
29
45
45
48
32
17
35
19
14
31
31
24
23
11
17
24
6
39
27
18
23
25
30
29
22
13
11
18
32
19
26
11
17
23
29
34
26
24
25
35
29
26
37
23
26
35
41
42
38
35
24
36
24
38
45
41
42
36
41
37
31
36
27
28
38
42
36
30
31
28
22
27
20
17
39
27
28
21
16
37
32
26
23
26
38
34
26
26
13
24
27
28
31
26
25
23
34
22
25
31
31
19
19
23
17
16
26
31
24
29
44
33
25
13
25
40
22
53
64
33
29
36
35
48
33
50
24
22
27
19
16
24
20
19
18
-13
-12
4
0
5
3
-7
-4
-17
8
-4
-3
10
16
15
17
31
15
18
24
22
18
33
12
15
24
16
14
14
18
19
19
20
24
7
26
45
30
39
48
43
54
32
42
34
29
33
21
29
42
37
38
44
45
48
46
56
50
61
66
64
66
55
61
53
72
70
42
54
63
52
64
59
66
58
48
54
43
62
53
80
61
56
74
45
57
62
55
56
72
61
54
49
56
72
60
69
64
66
56
63
55
50
60
50
57
48
46
45
56
50
41
49
57
72
55
59
63
55
44
47
51
40
57
48
47
39
48
49
56
49
57
76
55
66
70
69
72
85
76
81
67
83
75
81
86
90
73
74
86
80
87
92
91
80
88
93
84
86
103
89
97
89
94
80
83
81
82
82
80
85
70
79
74
70
75
66
74
67
71
80
76
72
77
83
65
80
92
89
85
69
63
61
77
69
54
57
60
71
60
76
69
80
66
65
69
73
86
71
74
68
70
75
73
72
78
50
71
79
74
84
70
67
51
58
69
53
67
60
72
82
82
75
79
88
95
90
77
94
104
87
88
109
96
101
111
97
101
111
101
120
99
105
97
86
101
98
98
91
106
117
105
106
106
98
101
112
102
92
97
107
103
114
97
92
105
109
103
88
93
89
93
96
87
84
78
79
80
94
79
70
84
74
82
63
70
77
69
74
85
72
80
83
81
86
73
88
90
93
91
93
95
100
83
82
85
65
86
80
75
92
98
99
87
91
110
104
97
105
110
113
115
102
106
107
103
116
106
103
93
93
107
99
82
88
93
101
99
102
100
101
116
100
99
108
103
106
108
97
88
102
107
106
103
102
109
83
89
87
92
93
89
94
87
78
77
87
78
79
76
80
60
47
65
90
75
60
79
75
85
70
98
90
78
97
80
76
82
82
84
74
77
72
64
62
69
72
77
78
85
69
58
73
78
81
75
66
67
84
78
72
52
55
69
70
74
69
80
74
64
67
78
64
47
55
63
62
74
82
67
59
62
81
88
84
92
89
96
100
85
93
100
86
100
87
89
92
82
86
87
102
88
95
74
88
68
79
83
72
94
94
99
90
107
104
97
96
106
86
97
85
74
85
79
84
71
69
62
58
60
55
53
40
42
58
54
47
58
41
45
40
40
39
59
67
56
62
61
69
51
63
76
62
70
71
73
76
59
65
76
74
72
52
62
74
69
81
76
80
98
98
93
84
85
92
71
61
36
60
70
83
86
82
76
57
69
83
91
90
70
72
70
78
97
89
68
76
87
91
84
75
71
76
67
65
59
60
72
62
62
51
65
63
58
45
58
73
82
77
70
84
74
79
91
92
80
75
77
89
90
87
81
85
70
80
64
67
68
61
50
53
75
70
64
64
65
65
55
37
54
62
60
81
85
78
81
81
99
82
73
82
89
92
88
102
93
77
79
83
86
69
90
79
95
84
77
78
80
100
85
100
90
82
67
83
86
67
81
92
99
88
83
89
103
104
96
100
85
74
61
68
37
50
62
62
48
59
69
53
63
59
64
70
66
74
87
69
61
61
42
39
45
55
53
49
56
72
45
36
58
68
74
56
51
26
28
20
30
34
34
24
13
33
22
26
56
52
32
39
46
57
48
55
44
43
59
72
88
76
84
70
72
73
82
94
78
66
73
81
82
88
80
72
61
73
63
85
65
76
89
87
82
60
54
57
78
86
80
77
76
48
73
77
71
71
70
78
81
103
72
101
87
85
89
86
86
77
68
82
92
76
101
95
84
72
81
69
76
70
73
56
65
73
70
73
74
74
75
82
84
78
75
84
95
78
71
69
77
86
82
79
49
42
45
41
31
50
68
67
55
55
47
60
69
65
70
35
55
73
63
73
80
86
74
63
71
82
73
57
65
57
66
55
63
66
50
57
41
44
66
75
88
78
90
73
81
82
76
74
68
91
85
97
88
103
98
75
75
55
65
55
61
59
48
49
31
38
34
39
40
28
30
41
43
41
48
50
35
43
28
33
41
21
31
29
24
18
30
22
43
19
21
41
42
48
67
30
54
63
33
65
73
38
29
48
35
51
48
29
32
31
50
41
44
48
55
83
87
89
79
77
82
98
77
89
72
70
89
83
76
55
68
43
39
60
53
61
54
64
54
48
61
56
57
79
87
78
64
64
77
58
58
49
46
49
50
63
25
22
50
27
31
19
24
7
10
15
13
26
4
27
11
18
38
31
46
51
47
58
55
68
48
58
67
49
51
54
47
33
57
21
31
23
40
43
20
33
41
36
41
51
47
50
40
47
31
30
43
50
55
68
50
62
63
60
55
52
51
36
33
23
34
41
41
26
41
46
38
52
52
56
51
41
46
67
59
60
60
59
69
71
63
48
47
61
64
53
47
32
49
53
59
52
40
34
37
53
56
70
44
54
53
41
47
26
30
32
13
20
19
20
9
-9
15
30
43
21
23
14
15
29
18
27
28
37
36
52
54
50
43
56
44
28
59
39
44
52
53
53
73
63
67
68
63
59
56
84
65
77
80
57
59
55
44
66
47
44
43
62
73
57
57
68
72
62
81
56
68
53
47
67
55
66
52
62
48
37
52
34
48
45
43
47
29
46
30
27
39
33
55
59
47
27
47
43
54
65
36
63
38
73
31
24
38
25
43
30
36
29
4
15
2
23
14
8
20
28
41
39
38
5
13
-11
23
9
13
30
1
9
23
19
18
24
14
22
16
29
25
38
12
18
20
17
27
23
29
17
22
0
15
10
33
25
17
49
20
25
30
43
43
37
41
47
37
32
36
30
41
47
24
37
51
44
41
38
60
37
67
46
27
25
30
27
27
31
21
55
21
30
20
11
30
36
44
39
44
37
49
32
27
31
50
62
60
48
52
35
43
24
40
40
15
39
31
52
21
55
43
22
23
24
51
33
26
61
32
44
31
39
51
59
53
59
59
38
39
20
30
11
9
4
18
16
24
24
27
20
23
11
17
30
20
22
27
24
25
-1
29
22
14
19
26
8
3
19
25
21
19
18
3
-13
1
10
29
20
15
19
6
6
-2
19
18
29
-2
-11
3
13
6
18
-4
17
5
15
31
15
14
7
15
16
19
16
4
19
11
8
1
-3
14
2
24
16
15
0
0
0
-14
-36
-36
-31
-34
-24
-19
-15
-8
-13
10
2
17
12
-1
3
-13
8
-30
5
3
2
-2
11
27
5
26
19
32
-3
30
13
28
29
1
20
15
20
14
42
38
20
23
24
24
15
32
22
21
43
35
24
3
11
-13
15
-17
-2
-23
-13
-17
-22
-14
-38
-19
-36
-13
-36
-67
-26
-30
-16
-26
-35
-10
-34
-34
-63
-47
-47
-59
-38
-38
-28
-41
-31
-35
-33
-25
-36
5
-8
7
-5
-20
-17
-39
-15
-24
-13
-7
11
23
16
34
38
29
42
26
19
29
7
31
5
11
36
41
42
33
42
25
47
18
21
24
15
14
5
21
5
-15
-4
-29
-3
-21
-10
-3
-10
-10
-24
19
10
20
-12
-7
-29
-26
-19
-51
-52
-56
-43
-40
-19
-42
-38
-29
-34
-24
-35
-33
-39
-39
-25
-29
-30
-45
-1
-32
-26
-17
-27
-17
-16
-4
-18
-18
20
-3
-2
-5
12
12
-8
2
1
4
-5
-3
17
25
-3
6
2
30
1
5
-4
-31
-42
-43
-18
-46
-25
-41
-26
-27
-12
-34
-29
-30
-23
-29
-34
-28
-27
-37
-26
-20
-11
-25
-27
-39
-25
14
-9
30
22
14
3
5
-9
19
2
10
13
10
13
-9
4
-15
7
10
-1
16
2
-2
-7
2
-4
-5
-11
-24
-8
-30
-33
-45
-30
-18
-22
-34
-29
-37
-35
-30
-23
-28
-33
-23
-24
-44
-27
-44
-8
-36
-28
-21
-25
-14
-25
-10
-21
-27
-42
-43
-26
-51
-51
-26
-41
-28
-52
-40
-55
-66
-45
-39
-32
-37
-30
-13
-1
-19
-36
-29
-15
-14
-16
-20
-6
0
-12
3
-8
3
-7
-19
3
-15
22
-13
-8
-21
-34
-16
-32
-24
-17
-32
-18
-11
-8
2
-33
-29
-45
-4
-31
-20
-38
-33
-45
-14
-32
-23
-35
-45
-26
-24
-35
-51
-32
-39
-35
-39
-17
-36
-49
-56
-74
-65
-72
-56
-42
-44
-31
-38
-62
-58
-42
-40
-47
-44
-66
-48
-34
-64
-47
-41
-50
-44
-53
-65
-31
-49
-24
-39
-51
-49
-49
-34
-62
-41
-56
-51
-37
-59
-15
-29
7
-1
-12
22
-3
10
-6
-7
9
-4
2
-18
-34
-30
-15
-6
-25
-2
-14
-13
-19
-16
-32
-30
-20
-53
-24
-27
-31
-32
-57
-34
-46
-32
-54
-41
-53
-42
-36
-67
-47
-75
-39
-66
-46
-44
-50
-38
-47
-15
-46
-11
-31
-35
-26
-7
-11
-13
1
-14
-30
-49
-29
-42
-32
-39
-41
-31
-30
-37
-42
-60
-17
-10
-18
-47
-46
-52
-43
-38
-17
-39
-19
-32
-29
-27
-36
-18
-22
-8
-27
-14
-13
-10
-20
-32
-33
-32
-51
-32
-35
-15
-4
18
12
-10
-2
33
-2
1
-8
-3
-12
-22
-20
-22
17
-13
0
-17
-5
-16
-5
15
-23
11
21
23
51
47
5
7
0
-37
-25
-28
-13
-46
-14
-27
-5
-30
-23
-23
-36
-45
-69
-23
-38
-27
-40
-45
-45
-59
-41
-67
-53
-41
-62
-37
-63
-46
-44
-57
-67
-75
-59
-40
-57
-42
-66
-56
-46
-46
-32
-32
-10
-17
-7
17
-8
-45
-9
-24
-14
-6
3
2
-13
-30
-28
-37
-19
-32
-27
-14
-29
-13
-34
-29
-23
-19
-31
-40
-52
-32
-55
-37
-54
-33
-5
-37
-53
-46
-70
-32
-64
-57
-74
-56
-46
-57
-41
-78
-47
-78
-35
-78
-66
-69
-86
-83
-99
-65
-33
-58
-59
-70
-46
-68
-52
-38
-18
-10
-34
-31
-61
-44
-81
-54
-60
-36
-66
-66
-56
-69
-42
-64
-41
-23
-3
-29
-34
-26
-61
-51
-51
-37
-42
-37
-52
-52
-14
-70
-76
-57
-58
-40
-42
-30
-61
-32
-33
-52
-65
-59
-14
-12
-30
-50
-46
-55
-70
-51
-14
-27
-17
-26
-10
5
-26
3
-5
-35
-25
-1
-18
-24
-19
-22
-48
-19
-13
-1
-47
-32
-32
-48
-46
-50
-15
-63
-25
-58
-35
-28
-39
-45
-72
-83
-69
-93
-60
-36
-25
-45
-43
-57
-90
-66
-54
-67
-51
-60
-56
-50
-31
-39
-69
-35
-71
-73
-79
-28
-49
-33
-18
-23
-11
-13
9
-20
-3
-27
-52
-40
-49
-39
-52
-49
-82
-66
-60
-90
-50
-81
-34
-58
-28
13
23
34
-4
10
-9
-15
-7
13
-1
-18
-42
-48
-53
-9
-58
5
11
7
23
22
31
-27
-11
-33
-20
-28
-40
19
-22
28
-5
-12
15
-42
11
-28
28
21
20
3
-23
3
-38
5
-37
-17
-60
-53
-25
-27
-10
15
26
28
32
-1
12
-33
-30
-4
-12
-39
-33
-35
-5
-47
-13
-28
-50
-21
-29
-28
-59
-34
-44
-56
-40
-4
-29
-50
-20
-32
-82
-247
-227
-224
-294
-203
-253
-244
-242
-209
-167
-144
-56
-79
-31
47
45
104
98
111
81
40
71
34
48
13
-41
-41
-2
-13
-17
10
-10
-19
-76
-37
-62
-75
-85
-99
-85
-99
-86
-111
-120
-91
-78
-35
-13
23
6
22
35
27
47
24
39
-13
7
1
9
-12
-24
-34
-76
-95
-82
-27
-40
-44
11
27
-3
-8
-49
-41
-50
-30
-12
-2
10
-2
46
28
26
-13
16
10
43
74
33
50
40
53
31
23
-16
-36
-54
-47
7
24
22
-5
-23
7
12
52
43
42
34
13
43
0
28
-12
5
-4
-7
12
-2
31
26
39
27
37
75
64
86
47
59
49
39
54
25
25
32
31
59
38
18
0
-28
-16
-35
-38
2
-11
-8
11
-13
34
46
76
73
54
51
54
50
41
42
22
27
26
42
59
10
17
-1
-5
19
36
46
14
46
61
53
59
85
56
48
56
42
39
43
36
23
-4
5
-15
-36
-17
-32
-48
-42
-13
12
5
-1
9
-13
17
25
39
54
39
59
19
0
28
20
7
-3
-22
-26
-16
-9
-17
-24
-47
-58
-30
-22
-2
-5
9
27
37
32
47
54
62
71
78
81
72
84
83
62
80
73
59
56
33
51
27
27
34
25
26
18
13
24
26
5
30
41
31
41
56
58
75
79
80
91
82
88
88
62
62
52
65
47
37
35
5
10
-10
-7
-4
-2
6
9
-5
9
17
-10
8
5
13
-3
-10
-3
-18
-33
-47
-59
-63
-60
-54
-48
-57
-39
-59
-61
-71
-60
-68
-83
-67
-80
-88
-94
-98
-90
-82
-91
-89
-71
-57
-52
-33
-19
-18
0
-6
16
24
44
50
53
55
56
74
84
90
82
104
103
112
129
134
157
164
150
189
223
229
243
272
293
291
299
326
353
359
386
381
414
432
457
489
496
536
553
586
615
645
677
678
682
667
655
611
566
500
386
310
182
63
-77
-199
-312
-418
-513
-581
-609
-652
-658
-642
-591
-561
-526
-504
-505
-459
-450
-429
-397
-385
-364
-385
-368
-377
-381
-402
-433
-450
-451
-460
-496
-498
-492
-483
-482
-469
-452
-439
-400
-370
-342
-299
-244
-150
-90
-21
67
128
206
263
322
389
417
463
513
555
617
641
678
730
799
864
928
1005
1105
1225
1347
1449
1567
1736
1898
2081
2282
2312
1930
1406
812
267
-208
-876
-1422
-1862
-2205
-2349
-2287
-1947
-1500
-1125
-837
-488
-48
358
637
748
789
813
798
819
855
923
1018
942
784
722
676
588
330
-38
-394
-756
-1131
-1435
-1583
-1670
-1730
-1759
-1767
-1624
-1382
-1162
-972
-733
-505
-284
-78
107
287
350
295
174
48
-60
-177
-344
-542
-716
-843
-941
-976
-900
-785
-699
-655
-579
-462
-353
-247
-178
-97
13
122
238
426
636
795
916
983
1071
1166
1210
1223
1218
1232
1240
1298
1394
1531
1710
1901
2094
2319
2448
2194
1606
837
63
-588
-1299
-1969
-2474
-2806
-2885
-2716
-2233
-1543
-846
-276
174
663
1136
1450
1588
1554
1440
1303
1169
1087
1065
1084
1036
857
647
457
232
-105
-550
-1053
-1476
-1795
-2044
-2065
-1897
-1638
-1378
-1064
-658
-223
212
548
763
902
960
859
714
542
329
-2
-444
-809
-1070
-1216
-1330
-1442
-1490
-1462
-1357
-1190
-946
-636
-392
-235
-187
-144
-110
-138
-230
-360
-391
-415
-359
-268
-113
106
254
333
401
462
493
441
334
239
174
164
202
360
579
860
1160
1450
1803
2180
2562
2911
3262
3587
3634
3088
2141
1041
6
-894
-1882
-2720
-3294
-3583
-3603
-3231
-2500
-1518
-631
6
582
1196
1770
2121
2197
2082
1918
1707
1522
1434
1392
1365
1153
697
235
-189
-592
-1033
-1576
-2062
-2376
-2549
-2533
-2239
-1715
-1190
-741
-347
86
563
982
1234
1361
1401
1382
1267
1161
1076
876
508
-86
-725
-1304
-1843
-2254
-2532
-2661
-2578
-2351
-1907
-1331
-713
-166
129
269
329
332
264
165
28
-68
-150
-185
-136
11
132
139
50
-70
-176
-260
-303
-323
-265
-154
16
209
454
735
983
1186
1374
1626
1919
2210
2528
2853
3213
3554
3817
3795
3210
2184
849
-467
-1617
-2728
-3543
-4044
-4216
-3891
-3240
-2181
-948
126
973
1561
2032
2378
2502
2428
2205
1912
1621
1400
1267
1185
1084
738
172
-484
-1137
-1661
-2158
-2588
-2859
-2912
-2711
-2227
-1502
-675
84
633
1006
1301
1535
1667
1667
1507
1324
1082
846
671
515
265
-171
-779
-1410
-1969
-2471
-2837
-2991
-2911
-2597
-2093
-1441
-703
-16
500
729
805
752
605
422
264
156
85
26
-12
-7
25
0
-152
-347
-559
-723
-813
-847
-738
-514
-249
34
346
692
988
1226
1400
1592
1772
2007
2237
2511
2827
3106
3375
3646
3810
3585
2764
1499
45
-1320
-2426
-3379
-3962
-4166
-4014
-3492
-2627
-1414
-145
832
1478
1841
2107
2283
2266
2162
1940
1710
1464
1254
1126
989
748
218
-519
-1283
-1930
-2387
-2689
-2815
-2681
-2346
-1848
-1193
-402
383
954
1276
1410
1469
1484
1454
1348
1189
1031
803
517
289
-4
-420
-1007
-1751
-2376
-2822
-3009
-2906
-2551
-1977
-1323
-682
-49
481
898
1091
1013
807
590
393
249
172
135
99
1
-140
-244
-370
-518
-749
-971
-1111
-1126
-978
-750
-415
-56
271
527
742
936
1119
1238
1333
1425
1563
1762
2004
2286
2522
2717
2790
2850
2919
2892
2634
1894
783
-425
-1597
-2449
-3020
-3310
-3279
-3111
-2677
-1958
-1034
-23
771
1298
1577
1697
1791
1836
1881
1883
1797
1633
1423
1203
906
559
-1
-763
-1559
-2286
-2751
-2932
-2843
-2500
-2013
-1422
-744
-39
660
1242
1585
1715
1698
1570
1428
1293
1170
1002
748
399
-19
-427
-884
-1352
-1854
-2343
-2643
-2690
-2455
-1959
-1354
-702
-161
257
582
817
976
1010
907
733
562
421
333
225
100
-162
-472
-829
-1110
-1288
-1397
-1372
-1280
-1065
-807
-451
-26
358
669
858
962
1030
1104
1226
1346
1472
1558
1641
1728
1849
1979
2079
2102
2086
2098
2106
2138
2050
1572
789
-221
-1251
-2009
-2587
-2852
-2838
-2691
-2333
-1770
-1029
-161
589
1117
1420
1536
1605
1658
1708
1782
1739
1588
1312
970
578
138
-421
-1101
-1800
-2409
-2743
-2793
-2542
-2043
-1432
-825
-221
288
781
1144
1351
1397
1315
1243
1168
1181
1217
1232
1125
804
334
-236
-834
-1467
-2073
-2499
-2735
-2720
-2417
-1864
-1198
-555
-13
309
518
652
691
660
591
496
376
247
129
13
-133
-358
-631
-856
-1017
-1023
-910
-696
-413
-114
147
342
512
590
604
513
410
375
407
522
683
906
1125
1287
1450
1595
1734
1866
1925
1952
2015
2156
2312
2352
2031
1360
465
-599
-1511
-2208
-2614
-2667
-2567
-2308
-1812
-1216
-482
138
553
836
898
937
1033
1208
1469
1720
1803
1764
1570
1232
789
185
-534
-1268
-1944
-2368
-2469
-2246
-1747
-1176
-643
-203
112
336
511
584
630
688
747
882
1076
1294
1465
1403
1124
612
-94
-824
-1524
-2111
-2451
-2550
-2421
-2048
-1513
-904
-387
-49
140
249
292
337
391
508
608
609
581
461
271
30
-285
-600
-854
-1004
-1016
-887
-676
-407
-164
-18
116
180
193
196
168
229
343
491
687
911
1139
1343
1492
1596
1692
1811
1953
2033
2107
2204
2349
2432
2477
2308
1692
781
-362
-1463
-2262
-2774
-2875
-2659
-2340
-1888
-1406
-850
-289
66
324
493
635
881
1249
1699
2169
2461
2522
2274
1714
1011
230
-572
-1324
-1934
-2289
-2347
-2184
-1805
-1355
-997
-761
-670
-607
-441
-207
180
648
1131
1596
1952
2185
2268
2073
1593
920
117
-659
-1329
-1777
-2053
-2139
-2105
-1997
-1801
-1589
-1357
-1127
-889
-645
-351
19
455
838
1130
1258
1198
1026
760
430
46
-278
-553
-752
-856
-880
-800
-697
-615
-548
-523
-456
-389
-302
-148
41
263
488
733
958
1216
1432
1606
1764
1846
1900
1978
1991
1992
1988
1904
1857
1868
1797
1550
913
37
-830
-1660
-2161
-2375
-2332
-2019
-1770
-1514
-1196
-828
-398
-105
143
450
789
1209
1685
2145
2468
2526
2219
1656
970
278
-325
-881
-1318
-1541
-1641
-1590
-1497
-1330
-1152
-1128
-1150
-1115
-938
-565
-63
509
1079
1482
1762
1870
1838
1698
1402
963
492
13
-435
-795
-1102
-1339
-1584
-1838
-2018
-2068
-1925
-1649
-1330
-930
-513
-114
253
569
827
1019
1080
972
852
732
591
407
137
-145
-422
-673
-857
-968
-976
-986
-992
-960
-875
-704
-496
-262
24
312
560
838
1050
1267
1431
1516
1551
1550
1577
1617
1676
1750
1839
1873
1888
1907
1899
1851
1525
821
2
-779
-1400
-1747
-1905
-1753
-1498
-1381
-1298
-1214
-994
-747
-562
-314
61
528
1058
1508
1878
2075
1924
1562
1072
647
315
61
-96
-224
-317
-431
-569
-780
-1002
-1232
-1504
-1670
-1631
-1374
-962
-517
-80
319
598
785
932
1072
1183
1220
1215
1169
1022
787
408
-19
-447
-890
-1272
-1542
-1660
-1660
-1638
-1569
-1457
-1321
-1167
-935
-628
-243
120
381
581
683
740
683
535
383
249
119
-4
-97
-200
-269
-383
-504
-574
-604
-592
-552
-472
-363
-235
-126
-24
121
294
490
701
955
1233
1529
1779
1982
2209
2366
2422
2416
2379
2308
2154
1706
970
211
-512
-1035
-1411
-1618
-1599
-1615
-1673
-1753
-1778
-1636
-1489
-1273
-870
-373
154
660
1104
1449
1684
1694
1601
1496
1448
1486
1419
1323
1133
764
337
-214
-733
-1155
-1536
-1786
-1910
-1843
-1665
-1469
-1278
-1070
-872
-656
-339
16
466
869
1165
1402
1471
1427
1243
975
697
365
51
-286
-586
-883
-1193
-1468
-1696
-1818
-1854
-1756
-1551
-1293
-964
-743
-569
-406
-294
-141
5
236
473
668
817
855
821
689
521
341
179
26
-139
-283
-387
-480
-559
-638
-686
-636
-537
-329
-82
216
519
850
1193
1528
1887
2227
2477
2692
2881
2990
3027
2903
2420
1639
849
128
-367
-751
-1031
-1187
-1454
-1822
-2184
-2429
-2461
-2418
-2264
-1875
-1311
-684
-126
355
775
1095
1292
1526
1820
2151
2440
2506
2385
2076
1595
1079
528
32
-330
-698
-1035
-1362
-1627
-1856
-2115
-2279
-2290
-2164
-1912
-1489
-1025
-571
-186
129
419
644
841
1025
1151
1257
1251
1106
878
540
208
-139
-434
-695
-920
-1093
-1273
-1402
-1518
-1610
-1675
-1659
-1532
-1318
-974
-643
-341
-74
100
243
330
409
506
571
622
610
599
545
467
348
232
120
28
-55
-109
-116
-111
-31
80
245
438
640
846
1070
1286
1468
1654
1833
1985
2133
2207
2140
1788
1337
957
647
442
246
35
-192
-555
-972
-1371
-1653
-1768
-1822
-1737
-1535
-1298
-1084
-915
-789
-671
-506
-296
60
458
879
1230
1393
1480
1486
1469
1442
1398
1341
1224
989
652
241
-216
-668
-1060
-1370
-1514
-1601
-1643
-1631
-1634
-1592
-1546
-1464
-1307
-1129
-881
-626
-372
-152
-10
146
249
363
473
578
595
532
419
280
69
-135
-271
-383
-482
-579
-660
-732
-782
-804
-832
-862
-852
-800
-691
-588
-445
-310
-217
-150
-81
11
95
195
246
319
420
520
652
793
927
1028
1084
1091
1114
1145
1172
1211
1224
1249
1292
1365
1427
1439
1341
1040
736
545
448
358
182
39
-163
-478
-816
-1107
-1212
-1239
-1243
-1208
-1114
-1035
-1062
-1088
-1064
-931
-715
-443
-81
283
633
882
987
1049
1111
1160
1190
1208
1168
1033
798
501
176
-128
-426
-674
-849
-970
-1073
-1186
-1306
-1368
-1401
-1346
-1239
-1141
-1018
-897
-746
-642
-527
-442
-358
-270
-173
-101
-103
-140
-196
-226
-239
-216
-196
-144
-110
-78
-70
-62
-62
-77
-103
-133
-143
-172
-217
-274
-299
-320
-358
-394
-451
-491
-501
-505
-466
-392
-282
-114
53
264
490
674
834
951
1086
1239
1393
1548
1684
1800
1878
1953
2008
1991
1879
1549
1145
872
717
588
366
137
-106
-447
-822
-1191
-1402
-1473
-1506
-1483
-1419
-1337
-1364
-1381
-1313
-1139
-874
-637
-381
-143
123
315
445
571
713
892
1053
1187
1315
1318
1177
973
779
604
441
284
136
0
-173
-370
-606
-807
-971
-1083
-1178
-1286
-1397
-1499
-1570
-1567
-1513
-1447
-1348
-1280
-1218
-1096
-962
-849
-699
-490
-247
16
257
436
559
630
646
673
671
639
567
452
355
239
121
-20
-138
-228
-298
-379
-479
-571
-684
-716
-705
-619
-504
-376
-196
-11
191
377
528
646
763
954
1118
1308
1494
1632
1760
1896
1982
2055
1927
1589
1365
1228
1198
1119
903
677
419
131
-159
-399
-543
-635
-749
-854
-986
-1186
-1479
-1720
-1856
-1824
-1730
-1671
-1569
-1430
-1175
-923
-689
-395
-110
179
471
763
1035
1185
1261
1322
1391
1427
1414
1334
1202
1047
839
573
274
-23
-303
-556
-802
-1031
-1240
-1472
-1682
-1800
-1859
-1902
-1936
-1966
-1908
-1781
-1613
-1430
-1194
-910
-629
-342
-134
54
150
233
300
367
439
435
441
434
457
503
510
465
416
343
262
145
13
-114
-245
-320
-342
-337
-293
-255
-210
-142
-52
49
147
225
333
486
656
853
1031
1196
1329
1432
1538
1505
1201
950
855
933
1094
1064
1003
962
855
725
556
430
291
124
-43
-197
-377
-692
-1037
-1331
-1436
-1426
-1452
-1542
-1639
-1658
-1588
-1485
-1374
-1202
-1016
-796
-532
-225
73
275
420
613
786
919
988
1002
1019
1050
1061
1020
875
721
567
379
196
-6
-252
-529
-803
-992
-1098
-1212
-1370
-1494
-1521
-1522
-1501
-1462
-1369
-1247
-1139
-1022
-881
-734
-631
-542
-440
-292
-142
-49
31
84
195
267
293
305
317
330
308
271
241
227
184
175
165
191
216
192
169
220
272
345
414
455
498
541
582
589
615
632
631
580
572
578
627
552
412
390
524
766
870
827
822
802
752
677
619
615
541
466
361
271
90
-193
-473
-665
-723
-825
-958
-1159
-1308
-1366
-1416
-1396
-1373
-1288
-1174
-1066
-894
-722
-578
-434
-323
-134
100
292
448
549
644
769
863
864
868
832
799
739
639
526
320
131
-88
-271
-422
-626
-860
-1047
-1186
-1266
-1314
-1353
-1339
-1315
-1252
-1173
-1084
-1021
-994
-930
-824
-661
-504
-369
-220
-104
37
156
238
299
343
364
349
352
349
335
299
248
236
221
204
206
228
263
329
400
450
457
454
478
483
534
552
559
557
545
597
669
727
784
778
648
580
584
672
705
607
555
515
495
452
414
397
348
290
216
165
104
-43
-207
-341
-414
-472
-602
-742
-872
-948
-1003
-1070
-1141
-1185
-1220
-1243
-1201
-1121
-1012
-887
-748
-575
-347
-157
39
206
374
574
745
855
931
1001
1038
1053
994
903
788
624
439
260
100
-96
-360
-609
-811
-982
-1144
-1274
-1366
-1435
-1451
-1442
-1393
-1272
-1145
-994
-817
-637
-449
-310
-188
-54
82
208
315
363
382
362
371
316
276
243
208
175
123
146
150
159
169
170
199
217
231
274
318
377
397
400
397
452
498
479
494
490
500
508
497
477
395
363
423
562
676
686
689
688
694
716
714
699
594
490
385
299
193
53
-124
-322
-486
-631
-776
-953
-1112
-1234
-1287
-1280
-1271
-1239
-1193
-1152
-1036
-891
-717
-562
-411
-259
-106
78
280
463
560
622
678
705
694
666
631
582
550
445
360
269
164
44
-68
-176
-299
-427
-565
-665
-767
-832
-875
-903
-916
-910
-910
-892
-864
-809
-753
-703
-611
-554
-463
-390
-340
-286
-241
-182
-138
-70
20
109
180
259
298
345
370
373
406
421
434
457
451
457
439
406
366
312
264
210
174
142
118
145
173
224
329
435
517
620
669
734
817
924
1054
1094
1098
1091
1083
1046
959
823
675
498
322
137
20
-128
-281
-437
-578
-670
-732
-780
-841
-901
-905
-921
-946
-930
-910
-831
-773
-675
-549
-439
-344
-298
-230
-164
-104
-7
85
179
286
394
493
565
616
648
627
558
501
450
405
307
190
69
-96
-263
-396
-497
-626
-747
-838
-922
-956
-971
-960
-935
-902
-846
-778
-713
-671
-615
-548
-494
-420
-312
-211
-140
-97
-70
-33
0
43
85
126
193
255
315
377
443
463
453
446
426
424
392
340
318
289
254
234
225
261
278
309
377
431
504
586
658
724
765
795
859
951
1015
1040
1009
957
905
837
764
677
566
419
280
148
48
-71
-221
-385
-549
-711
-829
-927
-1040
-1119
-1158
-1161
-1165
-1135
-1107
-1041
-982
-925
-804
-693
-541
-394
-215
-54
90
223
336
406
464
521
544
569
594
576
538
431
326
220
94
-14
-139
-219
-337
-421
-502
-540
-585
-619
-647
-657
-661
-666
-646
-675
-699
-717
-730
-714
-671
-632
-620
-610
-593
-558
-503
-443
-358
-262
-111
36
173
285
373
440
502
527
542
547
542
528
524
499
464
420
336
254
196
133
66
35
29
36
86
168
271
409
527
662
773
870
946
975
1044
1104
1129
1123
1131
1115
1050
920
781
603
387
172
-25
-186
-355
-511
-684
-821
-931
-1032
-1104
-1151
-1178
-1196
-1169
-1138
-1073
-979
-894
-772
-659
-527
-382
-263
-145
-39
71
152
246
335
439
507
552
558
530
509
454
337
269
217
171
150
73
41
-10
-72
-137
-180
-232
-323
-421
-518
-616
-670
-710
-736
-752
-771
-746
-749
-739
-697
-640
-590
-540
-435
-318
-198
-103
-12
72
177
256
332
420
436
473
501
500
494
446
406
346
273
233
174
124
82
62
94
100
133
193
250
333
439
558
663
758
826
867
929
930
941
961
976
951
879
804
726
665
569
482
384
275
149
15
-96
-206
-328
-472
-603
-709
-781
-849
-906
-948
-1000
-1055
-1077
-1061
-1002
-949
-879
-774
-675
-551
-416
-284
-165
-27
82
173
281
343
413
465
498
566
623
664
673
635
587
521
407
285
147
14
-124
-241
-368
-445
-522
-600
-691
-749
-765
-777
-788
-806
-788
-757
-701
-632
-544
-427
-327
-242
-205
-145
-120
-94
-80
-53
-19
11
52
109
176
207
250
239
273
274
253
248
254
253
264
257
272
310
302
299
285
290
291
287
286
332
385
462
538
597
672
745
790
833
866
922
924
909
887
856
844
768
683
581
434
296
126
-25
-174
-344
-525
-694
-833
-955
-1033
-1112
-1134
-1148
-1140
-1081
-1004
-875
-762
-650
-554
-451
-337
-216
-107
11
144
260
390
484
550
619
648
649
625
591
531
453
375
308
237
154
68
-16
-121
-218
-319
-402
-454
-524
-573
-603
-591
-560
-563
-581
-593
-610
-624
-639
-655
-622
-587
-543
-493
-401
-319
-237
-152
-102
-34
18
70
124
163
214
229
245
291
304
341
348
354
300
240
196
151
138
138
125
161
185
214
298
336
395
455
515
618
723
825
909
956
983
1002
1030
1040
1004
980
904
834
724
608
470
296
103
-86
-246
-396
-493
-625
-720
-767
-819
-853
-895
-937
-926
-917
-901
-849
-791
-708
-632
-530
-422
-315
-218
-131
-28
62
161
223
285
351
418
483
493
522
519
487
424
343
270
208
113
35
-46
-102
-134
-221
-275
-344
-429
-497
-546
-620
-675
-687
-670
-653
-599
-570
-546
-514
-499
-469
-444
-429
-395
-331
-278
-201
-118
-41
22
64
141
200
250
308
323
355
357
368
360
350
341
311
297
267
248
220
193
169
155
166
210
236
313
397
500
610
696
784
864
953
993
1012
1020
1029
994
944
876
772
675
551
413
292
152
-10
-152
-302
-459
-608
-727
-814
-871
-924
-931
-921
-904
-878
-846
-773
-702
-618
-521
-412
-318
-213
-110
-5
74
110
176
215
256
277
302
302
289
278
270
247
201
160
122
71
27
0
-41
-100
-154
-195
-243
-269
-296
-332
-348
-381
-418
-452
-502
-562
-627
-657
-687
-700
-666
-631
-576
-513
-426
-329
-249
-155
-49
33
124
225
326
392
449
469
470
487
457
425
355
290
235
140
72
33
-4
-29
-18
17
53
113
158
218
287
398
522
659
778
907
1024
1095
1145
1159
1158
1126
1051
933
805
660
526
386
234
103
-75
-242
-410
-543
-666
-768
-823
-892
-896
-897
-849
-774
-715
-643
-604
-540
-460
-385
-347
-269
-203
-140
-67
-17
32
85
107
119
154
162
182
171
171
148
148
127
104
93
68
41
23
3
-38
-68
-87
-143
-189
-241
-310
-393
-488
-566
-622
-666
-705
-701
-686
-658
-615
-571
-533
-473
-415
-338
-256
-162
-71
31
121
212
288
357
403
418
433
398
387
339
281
225
152
98
38
-4
-40
-58
-40
-31
27
77
124
200
286
378
458
567
642
716
790
847
889
917
942
936
905
850
760
651
567
461
338
202
78
-32
-163
-262
-344
-430
-502
-582
-644
-678
-722
-755
-772
-779
-778
-754
-709
-658
-599
-534
-446
-391
-322
-261
-195
-125
-49
31
96
184
233
298
338
366
346
324
279
246
173
122
34
-67
-128
-225
-316
-397
-462
-544
-616
-678
-709
-752
-752
-740
-700
-677
-649
-593
-545
-471
-410
-330
-225
-115
-19
73
147
172
207
225
221
214
223
201
183
158
151
104
65
51
12
5
-11
-12
-14
17
40
50
92
134
194
268
336
409
482
537
607
673
706
739
743
737
736
726
728
676
615
576
504
398
323
227
126
48
-69
-138
-224
-318
-400
-466
-538
-610
-704
-760
-812
-845
-832
-831
-793
-754
-691
-641
-564
-496
-404
-292
-174
-91
31
134
207
269
289
327
335
322
292
243
190
120
37
-63
-179
-276
-392
-499
-559
-625
-679
-713
-731
-738
-721
-699
-668
-617
-563
-515
-451
-379
-300
-207
-137
-47
31
78
131
169
195
182
189
186
172
178
166
183
185
168
157
128
96
84
53
30
31
39
41
59
78
111
148
186
251
319
397
462
523
592
642
708
750
752
776
786
768
723
677
613
535
447
357
271
186
70
-13
-99
-190
-270
-368
-434
-520
-606
-675
-716
-761
-789
-770
-758
-742
-705
-666
-604
-530
-473
-389
-314
-229
-121
-25
53
101
140
153
178
162
152
117
58
-1
-80
-149
-238
-312
-392
-478
-554
-598
-637
-654
-662
-647
-636
-592
-573
-530
-450
-403
-313
-257
-189
-121
-76
-7
30
73
93
106
110
102
95
70
71
76
76
83
74
70
78
73
63
66
78
75
76
117
145
178
215
229
266
312
360
406
461
514
556
602
591
612
609
610
607
567
545
481
440
370
304
209
135
80
-13
-65
-119
-170
-204
-253
-280
-303
-341
-370
-405
-444
-473
-503
-520
-531
-538
-548
-545
-544
-524
-496
-459
-414
-371
-325
-271
-218
-173
-161
-165
-143
-149
-158
-147
-155
-191
-241
-288
-344
-387
-443
-502
-553
-583
-606
-635
-622
-622
-582
-542
-496
-434
-350
-289
-214
-128
-51
7
64
112
151
192
174
164
140
119
101
62
14
-32
-40
-39
-70
-62
-39
0
18
32
70
97
120
159
213
268
322
367
424
480
535
596
643
673
688
685
686
650
606
561
502
426
348
242
121
28
-89
-187
-267
-333
-378
-410
-426
-406
-387
-351
-323
-318
-296
-300
-278
-266
-247
-247
-243
-249
-222
-236
-257
-256
-283
-289
-297
-317
-327
-338
-365
-396
-428
-436
-452
-468
-481
-482
-491
-500
-506
-526
-536
-524
-520
-517
-529
-525
-523
-506
-486
-463
-421
-378
-308
-260
-175
-102
-12
78
142
194
256
283
298
307
282
274
218
179
130
52
-5
-45
-68
-93
-96
-90
-68
-35
19
74
116
177
254
316
409
487
550
633
673
712
733
731
749
723
697
644
582
499
407
302
195
95
-8
-113
-237
-314
-401
-483
-530
-567
-576
-555
-529
-486
-427
-381
-337
-284
-227
-176
-144
-122
-88
-60
-48
-18
-26
-43
-45
-95
-164
-227
-303
-372
-424
-488
-556
-599
-656
-708
-738
-743
-749
-747
-737
-724
-690
-651
-618
-595
-580
-567
-512
-467
-424
-362
-339
-286
-222
-170
-129
-95
-35
4
60
107
153
189
207
236
245
265
278
291
277
264
266
257
234
227
208
191
181
181
178
197
225
250
297
353
392
439
493
535
582
619
633
643
637
602
561
492
420
338
253
169
61
-34
-116
-205
-268
-348
-388
-398
-444
-475
-475
-480
-484
-496
-494
-475
-463
-443
-423
-391
-371
-342
-334
-324
-286
-287
-262
-236
-223
-205
-195
-197
-219
-260
-287
-318
-366
-396
-441
-503
-536
-555
-584
-608
-656
-671
-685
-661
-639
-607
-562
-527
-480
-439
-375
-322
-272
-225
-153
-126
-79
-23
8
53
57
107
128
153
185
206
250
281
331
366
396
441
476
509
535
524
549
562
556
566
572
569
576
560
567
563
556
550
534
507
476
439
401
340
285
225
135
53
-11
-67
-147
-209
-258
-308
-339
-351
-369
-384
-344
-339
-326
-308
-288
-255
-271
-254
-261
-283
-308
-342
-368
-415
-444
-466
-511
-539
-552
-580
-591
-584
-575
-547
-513
-488
-450
-418
-365
-350
-335
-316
-305
-274
-279
-263
-256
-247
-241
-247
-232
-222
-214
-220
-202
-179
-170
-148
-101
-72
-50
-30
-34
-2
45
39
60
97
136
176
213
236
278
335
373
419
466
506
547
577
606
645
678
697
706
717
714
697
709
679
628
598
545
500
417
355
282
228
137
92
18
-53
-107
-159
-198
-246
-286
-320
-352
-380
-409
-430
-441
-468
-480
-512
-534
-532
-523
-552
-542
-561
-559
-530
-535
-520
-508
-485
-466
-460
-456
-441
-427
-417
-416
-398
-427
-436
-440
-438
-432
-446
-408
-424
-393
-355
-328
-297
-274
-243
-222
-196
-160
-97
-64
-4
54
106
149
193
237
269
304
310
337
386
399
422
452
464
463
459
463
457
464
445
429
449
441
415
409
415
401
393
382
367
341
343
330
314
296
271
250
224
190
167
138
97
53
30
-2
-47
-60
-108
-141
-167
-178
-209
-230
-267
-280
-295
-309
-324
-352
-353
-365
-382
-424
-433
-480
-493
-533
-561
-588
-617
-654
-669
-664
-680
-660
-653
-635
-628
-594
-563
-524
-486
-444
-395
-342
-295
-257
-202
-148
-85
-66
-27
11
25
87
118
146
182
214
236
233
252
260
266
276
308
320
344
365
410
444
466
498
537
573
596
622
630
643
645
643
637
644
597
559
527
441
379
311
243
179
106
33
-29
-90
-152
-192
-245
-309
-346
-371
-377
-403
-378
-364
-358
-330
-304
-288
-268
-229
-216
-216
-204
-219
-228
-231
-256
-255
-281
-274
-299
-313
-316
-323
-328
-347
-364
-387
-391
-416
-405
-407
-407
-404
-397
-391
-367
-355
-354
-303
-281
-262
-229
-192
-176
-162
-114
-91
-43
-12
15
69
96
137
179
219
251
283
316
345
372
404
415
434
433
450
439
435
428
423
417
401
372
366
366
353
359
334
315
298
290
257
222
210
176
141
136
120
106
81
42
3
-15
-38
-95
-124
-155
-181
-210
-215
-226
-255
-256
-287
-287
-320
-337
-347
-375
-370
-383
-373
-375
-368
-374
-375
-351
-352
-347
-338
-326
-317
-306
-295
-273
-254
-223
-210
-189
-170
-169
-153
-142
-125
-104
-92
-70
-44
-36
-13
12
33
49
47
54
61
68
101
85
78
82
100
116
114
125
110
140
143
169
187
207
215
223
247
254
271
273
294
295
311
316
307
295
277
245
225
222
188
165
150
134
118
101
87
68
50
44
40
27
17
17
15
12
4
7
5
7
-20
-39
-55
-86
-108
-135
-160
-158
-156
-182
-180
-178
-164
-175
-179
-192
-217
-232
-233
-243
-263
-246
-246
-238
-228
-213
-208
-187
-190
-198
-177
-166
-147
-117
-103
-90
-66
-69
-44
-16
-2
13
14
36
56
86
100
127
164
205
226
254
270
291
310
301
308
304
305
289
299
287
256
237
220
209
183
179
164
154
137
129
136
105
108
110
100
110
110
115
142
164
177
167
165
183
174
150
135
123
125
107
65
48
29
15
2
-20
-41
-32
-29
-37
-38
-38
-41
-27
-40
-38
-43
-50
-54
-67
-74
-73
-53
-75
-66
-69
-79
-68
-75
-79
-66
-87
-101
-117
-118
-131
-137
-129
-122
-110
-121
-108
-93
-94
-48
-40
-16
7
30
66
90
114
115
114
128
126
131
110
103
95
88
98
77
78
89
91
103
119
123
142
149
171
183
199
220
239
245
259
264
265
264
250
249
241
234
200
193
159
121
101
77
42
2
-10
-5
-8
-13
-11
-18
-11
-21
-15
14
20
5
-8
-10
3
11
5
-12
-1
17
5
-15
-32
-32
-52
-46
-37
-49
-38
-56
-70
-89
-80
-86
-98
-95
-90
-88
-85
-68
-55
-26
-22
-11
10
12
10
-5
-6
-31
-30
-40
-47
-41
-46
-41
-55
-50
-56
-44
-36
-15
15
13
30
58
77
100
119
126
128
138
133
141
144
129
122
126
120
115
102
93
95
76
72
71
75
87
96
97
116
142
155
150
162
183
183
186
184
165
154
153
126
131
79
74
65
21
10
21
7
-26
-17
-25
-40
-61
-53
-60
-67
-72
-78
-77
-70
-49
-31
-27
-14
-20
-30
-7
0
-5
7
2
9
7
25
19
23
19
-7
-17
-21
-29
-50
-47
-45
-55
-42
-32
-40
-7
-3
8
16
11
17
34
36
49
73
68
75
87
75
70
87
68
63
77
80
97
113
136
138
127
145
140
147
139
131
147
132
133
161
143
149
168
162
148
145
145
145
142
115
125
100
77
76
58
38
33
9
2
9
-3
10
12
18
33
45
33
38
79
97
84
99
99
98
84
98
107
79
86
73
54
15
12
6
-21
-25
-25
-31
-32
-44
-36
-19
-18
-6
-30
-7
9
10
22
27
29
46
60
62
47
41
38
26
29
18
23
30
36
44
63
79
82
82
106
121
132
148
152
162
153
139
143
134
119
123
98
79
89
64
72
75
60
72
83
86
76
83
80
87
88
84
104
99
122
106
106
106
118
107
78
103
76
78
59
49
48
20
7
-10
-19
-32
-32
-15
-36
-32
-37
-41
-34
-28
0
7
20
25
32
67
53
77
96
105
108
91
111
112
100
98
98
78
56
46
33
17
12
18
11
5
16
23
7
6
14
15
17
5
9
-2
1
15
-7
-10
-4
-19
-13
-15
-18
-12
9
29
44
61
87
94
91
122
123
108
114
97
110
95
100
93
72
62
33
27
4
-3
-36
-9
-6
-10
11
-12
7
21
15
5
20
20
27
27
9
34
44
32
35
33
15
28
30
17
6
25
18
15
31
27
38
37
32
36
24
22
4
13
4
-3
-15
-16
-16
-7
-4
-1
9
10
33
51
73
64
68
81
84
78
80
69
71
77
61
62
48
32
42
17
8
4
-12
-7
-8
-8
-11
-19
-15
-19
-30
-23
-29
-33
-35
-23
-27
-31
-41
-29
-27
-8
7
11
21
20
25
26
36
35
52
46
49
56
56
63
61
48
56
43
16
9
-6
-4
0
-1
9
29
33
34
37
39
31
18
15
8
3
-8
-18
-13
-9
-22
-23
-16
-19
-5
8
10
24
40
41
74
82
106
127
124
134
146
136
126
95
89
68
33
27
6
2
-1
4
-3
-2
-9
-10
-9
2
15
5
6
7
20
28
22
31
35
40
49
44
27
19
14
16
17
16
9
5
7
3
-10
-11
-10
-12
-6
-20
11
14
7
14
5
6
-4
18
24
15
17
9
10
14
14
21
29
50
63
68
94
109
112
115
125
120
127
134
114
124
133
114
112
116
103
89
82
83
62
42
27
6
5
-14
-19
-16
-21
1
-21
-25
-11
-4
6
33
63
69
88
115
142
147
155
168
167
167
167
147
137
123
81
76
62
40
21
8
-1
-8
-21
-29
-12
-29
-15
10
0
3
1
-6
15
23
28
33
27
37
57
41
52
73
69
74
84
89
79
55
72
58
54
41
26
42
33
34
22
14
16
12
4
9
-7
16
14
12
31
31
53
52
48
63
90
99
106
126
125
125
123
120
127
126
123
121
108
134
127
132
138
109
111
129
114
96
83
69
28
9
-13
-18
-36
-58
-69
-94
-99
-110
-102
-116
-88
-77
-55
-29
-26
11
24
50
76
88
93
98
111
131
129
110
110
97
85
46
36
22
-5
-29
-34
-50
-86
-85
-82
-91
-97
-112
-119
-96
-95
-88
-67
-50
-38
-12
-3
27
39
57
64
74
77
99
99
99
85
69
73
59
41
21
13
-9
-19
-42
-59
-61
-72
-64
-61
-48
-35
-28
-3
6
7
25
49
77
80
90
94
100
120
103
90
107
111
101
94
84
73
58
78
43
35
32
28
15
-16
-18
-25
-39
-42
-73
-72
-77
-92
-93
-103
-106
-113
-90
-81
-81
-82
-76
-63
-53
-50
-36
-12
-23
6
-3
12
9
15
33
34
36
19
17
14
19
3
2
2
0
-1
-6
-10
-13
-25
-23
-35
-23
-7
-27
-40
-26
-5
-8
2
23
25
38
46
43
44
59
58
69
62
65
81
68
44
50
40
19
15
-5
-17
-28
-31
-42
-34
-6
-10
-16
-12
-12
-17
-6
17
36
33
47
44
66
84
85
83
59
59
68
65
40
36
10
12
4
-7
-2
-4
-18
-28
-23
-41
-36
-39
-36
-40
-27
-38
-39
-38
-49
-51
-44
-30
-35
-33
-35
-6
-14
-9
-1
14
13
4
-9
-9
-4
-2
0
-5
-30
-36
-4
-20
-14
-18
-18
-9
6
9
4
15
31
38
29
38
40
32
48
42
35
47
37
37
26
32
49
46
45
29
39
31
22
31
16
15
11
21
20
11
-2
-2
10
-6
6
-21
-5
2
2
26
-2
-2
3
6
15
36
25
33
48
51
46
54
70
57
55
49
45
38
7
-1
4
-3
-24
-10
-9
-31
-15
-9
5
-7
-20
-10
3
13
10
24
44
28
35
29
16
23
35
24
26
30
20
32
13
0
15
-13
-25
-30
-40
-43
-54
-64
-49
-46
-77
-65
-56
-59
-43
-37
-32
-25
-3
18
15
43
37
45
64
63
76
77
70
68
69
49
41
38
28
25
13
7
2
-4
-8
13
20
20
27
34
35
36
40
34
28
28
22
26
24
5
3
-1
-5
-15
-16
-16
-21
-31
-35
-33
-42
-27
-23
-14
-6
0
-7
-8
6
-4
-4
16
11
-5
-13
-9
-9
-5
-2
-4
-2
1
3
8
28
27
19
27
35
39
51
37
44
40
38
36
24
37
31
17
8
6
-8
-19
-24
-28
-39
-50
-64
-55
-45
-59
-50
-60
-50
-33
-27
-30
-19
-26
-14
17
28
47
66
79
77
83
63
76
84
83
92
89
83
64
62
51
46
38
42
48
58
62
66
80
74
82
83
85
88
77
87
84
72
78
71
60
57
47
39
36
35
24
22
-4
-11
2
-6
0
-3
13
20
21
12
33
15
4
15
-2
1
8
6
7
6
-6
-9
-17
-9
16
8
22
15
19
39
34
62
72
56
59
54
57
62
55
48
43
35
29
21
26
24
19
8
-1
-6
-2
2
-2
-2
-8
-7
-13
-9
-3
-3
-3
10
8
8
27
45
50
63
91
86
89
65
74
91
88
83
76
76
72
69
52
54
36
40
35
43
48
40
34
36
38
36
53
47
56
51
48
62
41
51
58
44
31
27
14
0
-18
-19
-38
-42
-57
-54
-49
-52
-39
-48
-59
-49
-38
-38
-52
-52
-54
-60
-64
-57
-64
-75
-81
-82
-64
-62
-49
-41
-37
-27
-24
-27
-20
-23
-4
-5
-8
3
3
8
12
11
15
6
8
19
20
13
11
39
27
18
24
22
30
17
30
30
28
32
33
23
15
21
17
20
9
11
11
7
19
18
21
10
12
27
26
27
23
26
33
60
64
55
56
50
36
40
35
12
33
17
25
20
9
9
7
16
23
-3
-8
17
-18
-17
-32
-30
-34
-52
-51
-72
-67
-64
-59
-60
-47
-47
-42
-34
-48
-31
-32
-32
-34
-32
-45
-43
-34
-56
-34
-48
-33
-35
-52
-53
-52
-37
-34
-12
-17
4
14
30
45
52
46
63
54
62
67
56
68
84
80
70
64
76
81
64
75
63
68
64
88
97
94
98
104
106
115
95
84
85
76
80
61
44
36
13
27
19
-3
2
-6
-1
-13
-16
-17
2
14
11
30
32
30
55
56
53
55
19
11
20
23
-1
8
-17
-17
-12
-25
-8
-9
-14
-29
-45
-45
-39
-42
-28
-38
-49
-51
-41
-47
-52
-32
-32
-34
-42
-29
-24
-11
10
0
6
-5
-2
4
21
37
18
13
11
13
13
12
25
28
20
15
20
34
30
33
33
58
62
57
66
94
95
100
124
120
128
130
147
143
126
137
138
133
138
128
102
114
133
116
110
94
91
71
65
67
59
48
22
16
14
-2
-4
-14
-39
-41
-52
-59
-70
-61
-61
-61
-51
-61
-42
-32
-23
-19
-22
-10
-13
4
-2
-4
4
-9
-5
-7
0
-9
-17
-18
-18
-20
-11
-14
-4
-6
-24
-21
-17
1
7
11
8
18
16
10
33
22
38
53
34
47
46
43
52
53
53
64
51
43
41
47
53
48
55
51
59
64
67
80
78
76
94
98
114
108
111
115
119
124
125
130
126
127
133
127
128
121
110
96
103
107
72
80
77
71
51
43
47
35
32
20
15
10
1
2
-2
-5
-11
-19
-29
-34
-39
-44
-56
-56
-78
-79
-63
-81
-76
-91
-84
-71
-89
-66
-81
-68
-61
-55
-34
-24
-17
-19
-14
-4
10
2
10
20
32
21
21
35
38
58
75
64
70
86
84
88
77
80
92
77
60
62
71
73
67
78
69
88
93
89
95
95
93
89
103
83
86
87
88
94
89
78
79
80
69
80
88
82
88
74
78
63
59
55
51
50
44
54
34
19
23
7
2
-3
-6
-14
-16
-19
-26
-16
-28
-16
-25
-19
-15
-1
15
-8
2
-19
0
1
-3
4
-14
-20
-38
-36
-57
-58
-53
-45
-53
-75
-66
-67
-64
-59
-69
-59
-49
-30
-20
-16
-2
-12
6
8
21
44
43
54
77
72
89
80
92
89
103
119
129
126
119
133
125
127
120
121
110
111
106
82
90
79
65
70
79
67
72
66
64
61
37
55
37
42
56
35
39
19
24
20
10
23
3
2
4
-2
-21
-26
-42
-43
-43
-62
-72
-75
-93
-81
-87
-112
-95
-109
-100
-104
-99
-106
-101
-106
-89
-87
-79
-48
-62
-60
-44
-53
-41
-37
-40
-34
-41
-44
-21
-40
-31
-25
-39
-12
-30
-24
-24
-15
-16
-26
10
0
-2
1
5
15
28
13
9
10
18
12
22
57
41
37
40
44
74
84
81
85
82
102
102
91
108
107
87
101
95
90
90
83
66
57
59
48
38
33
13
27
3
-19
-4
-32
-42
-33
-46
-51
-48
-61
-57
-71
-75
-67
-84
-87
-81
-85
-69
-84
-81
-85
-93
-111
-109
-100
-106
-114
-116
-106
-117
-123
-113
-101
-99
-117
-103
-86
-99
-82
-68
-61
-46
-38
-46
-22
1
1
12
39
38
56
68
61
71
87
90
99
97
101
103
108
115
103
100
99
111
92
96
98
90
85
77
63
54
52
28
38
42
42
42
42
36
29
37
37
33
41
38
42
36
57
65
48
35
34
51
58
41
32
43
30
14
12
18
0
6
2
-14
-12
-16
-25
-21
-39
-46
-44
-52
-55
-63
-57
-73
-71
-77
-61
-56
-60
-56
-67
-64
-66
-52
-45
-54
-46
-46
-33
-11
-31
-19
-22
-20
-20
-26
-16
-23
-13
5
12
6
12
19
34
49
51
75
72
85
97
107
111
123
128
125
133
139
123
117
123
119
135
115
111
111
92
89
89
86
79
78
69
66
49
49
43
33
42
17
17
18
15
-1
-1
-4
2
-7
-10
-24
-41
-24
-30
-36
-52
-41
-51
-62
-79
-81
-75
-77
-56
-52
-61
-68
-51
-52
-32
-40
-39
-35
-39
-41
-39
-39
-58
-69
-65
-59
-58
-76
-87
-89
-89
-88
-82
-83
-68
-71
-66
-55
-42
-42
-42
-32
-29
-32
-41
-24
-4
-5
-29
-14
-12
-32
-31
-10
-26
-2
-10
-20
5
17
8
-14
12
17
21
31
39
31
29
37
22
19
25
21
31
8
0
11
19
0
-10
-5
-8
-15
-36
-33
-38
-47
-59
-68
-69
-69
-72
-68
-81
-97
-96
-105
-104
-99
-115
-120
-126
-122
-120
-130
-138
-151
-143
-161
-158
-164
-148
-152
-152
-129
-121
-118
-100
-87
-85
-80
-67
-72
-60
-46
-54
-48
-39
-31
-27
-13
-22
-7
-23
-16
-15
-23
-3
-4
1
7
16
0
4
-7
16
14
27
35
5
25
24
13
10
11
12
21
11
9
9
14
16
3
24
8
20
22
13
13
10
7
13
14
11
15
5
2
5
10
12
4
-12
-9
-28
-14
-11
-36
-24
-29
-12
-29
-43
-32
-45
-52
-48
-56
-73
-74
-66
-60
-76
-73
-75
-77
-93
-91
-92
-81
-87
-100
-83
-87
-98
-100
-92
-109
-102
-85
-80
-74
-81
-80
-67
-48
-42
-38
-33
-36
-26
-19
-11
-11
-22
-10
0
2
21
21
30
26
16
19
34
31
14
41
17
24
33
27
29
22
23
16
8
4
-17
-18
-1
-22
-26
-45
-45
-47
-72
-57
-68
-60
-68
-79
-74
-80
-78
-64
-77
-72
-67
-69
-77
-86
-73
-67
-58
-65
-70
-76
-71
-75
-88
-95
-89
-95
-94
-91
-108
-89
-92
-107
-96
-85
-92
-110
-97
-96
-100
-102
-88
-81
-62
-73
-92
-81
-88
-94
-84
-95
-93
-96
-107
-95
-121
-108
-106
-105
-97
-105
-99
-80
-73
-78
-75
-72
-67
-64
-54
-55
-42
-44
-43
-38
-31
-19
-23
-19
-14
-7
0
-6
0
2
5
16
20
19
15
2
14
5
9
3
-16
-26
-19
-30
-30
-39
-50
-33
-46
-54
-56
-64
-57
-55
-71
-54
-51
-61
-61
-57
-50
-52
-50
-66
-59
-62
-67
-72
-81
-59
-81
-80
-83
-101
-87
-77
-80
-71
-80
-69
-60
-52
-43
-47
-39
-36
-41
-44
-36
-37
-19
-28
-26
-8
-9
-14
-16
2
2
-3
-4
4
-4
-6
-12
-7
8
-12
-11
-9
-11
2
0
3
11
21
17
18
19
20
22
27
26
34
24
31
17
18
15
6
23
1
7
16
3
1
1
-12
8
20
11
-3
-5
-6
0
4
6
2
0
-17
-21
-3
-17
-27
-20
-34
-35
-32
-10
-25
-38
-43
-36
-20
-36
-32
-27
-23
-35
-44
-45
-56
-78
-70
-58
-86
-77
-77
-102
-95
-105
-87
-83
-100
-89
-78
-83
-77
-78
-65
-55
-47
-37
-37
-39
-33
-26
-4
5
7
11
14
17
13
4
-9
0
3
-4
-9
2
-12
-20
-6
-15
-20
-9
-3
-14
-10
-10
6
-15
-16
-5
0
10
-4
0
3
16
10
5
10
7
-8
-5
-7
-6
-6
-33
-44
-44
-34
-35
-34
-33
-45
-40
-53
-44
-34
-30
-21
-28
-25
-10
-15
-25
-6
-4
-18
-18
-12
-24
-19
-11
-22
-23
-24
-17
-21
-12
-25
-39
-17
-37
-32
-44
-45
-49
-71
-51
-70
-71
-69
-70
-76
-72
-86
-91
-78
-74
-79
-68
-76
-71
-60
-69
-55
-43
-29
-29
-24
-40
-19
-30
-11
-11
-32
-21
-16
-25
-24
-9
-34
-34
-51
-35
-35
-34
-38
-36
-40
-46
-35
-53
-36
-49
-39
-45
-43
-40
-30
-32
-29
-24
-30
-17
-19
-31
-41
-38
-23
-30
-44
-44
-52
-51
-70
-81
-90
-91
-92
-86
-89
-90
-94
-103
-104
-106
-95
-96
-85
-78
-85
-88
-81
-91
-73
-68
-90
-64
-73
-71
-73
-73
-76
-63
-69
-72
-74
-83
-79
-80
-91
-95
-88
-93
-101
-94
-103
-108
-121
-109
-106
-106
-115
-126
-118
-121
-108
-107
-97
-102
-99
-109
-115
-99
-105
-105
-87
-103
-106
-92
-101
-89
-87
-86
-89
-86
-81
-72
-66
-80
-59
-65
-64
-65
-68
-60
-55
-43
-52
-60
-55
-66
-53
-67
-57
-69
-57
-59
-61
-53
-71
-45
-50
-59
-54
-52
-50
-49
-51
-59
-60
-62
-83
-68
-73
-91
-96
-110
-88
-111
-114
-98
-110
-96
-111
-86
-79
-82
-65
-61
-58
-60
-65
-48
-51
-46
-36
-51
-48
-50
-43
-50
-59
-60
-53
-55
-57
-49
-55
-78
-63
-57
-68
-73
-67
-68
-76
-78
-75
-68
-64
-82
-80
-88
-80
-61
-71
-59
-75
-66
-54
-61
-56
-54
-71
-83
-74
-66
-65
-62
-58
-75
-71
-67
-55
-68
-76
-42
-43
-42
-45
-53
-50
-42
-52
-41
-22
-32
-43
-41
-27
-45
-23
-35
-27
-24
-38
-29
-45
-46
-57
-55
-47
-70
-72
-76
-75
-82
-93
-89
-80
-99
-114
-108
-100
-102
-105
-99
-97
-98
-86
-88
-99
-91
-91
-93
-92
-96
-81
-71
-81
-84
-80
-63
-61
-78
-63
-60
-63
-68
-56
-67
-59
-58
-62
-62
-72
-56
-51
-38
-54
-55
-32
-36
-45
-42
-54
-41
-27
-28
-14
-31
-36
-28
-41
-39
-37
-36
-32
-33
-42
-41
-42
-35
-28
-56
-60
-58
-57
-54
-68
-57
-63
-65
-51
-77
-56
-56
-63
-44
-55
-43
-49
-41
-36
-37
-44
-36
-23
-25
-30
-42
-20
-37
-39
-42
-50
-43
-39
-37
-45
-54
-59
-62
-64
-55
-54
-63
-61
-75
-63
-60
-72
-62
-63
-59
-61
-58
-60
-77
-54
-39
-57
-57
-58
-53
-48
-33
-50
-44
-47
-50
-46
-54
-54
-40
-21
-38
-42
-28
-31
-28
-32
-18
-28
-33
-14
-24
-7
-19
-23
-15
-17
-17
-11
-23
-8
-12
-5
-21
-15
-21
-21
-17
-24
-13
-24
-19
-31
-19
-26
-27
-29
-30
-21
-17
-35
-44
-41
-49
-32
-36
-56
-50
-54
-59
-43
-54
-45
-36
-52
-43
-51
-41
-37
-39
-39
-29
-42
-36
-26
-30
-38
-42
-40
-48
-65
-50
-55
-79
-69
-48
-57
-59
-64
-73
-73
-78
-46
-60
-58
-43
-45
-29
-32
-44
-43
-40
-32
-44
-42
-46
-53
-45
-56
-42
-45
-49
-49
-53
-50
-45
-45
-60
-34
-35
-39
-29
-31
-14
-21
-11
-10
-18
-21
11
19
9
15
-4
7
10
5
9
-7
-7
-14
-5
-9
-8
-15
-8
-12
-24
-11
-15
-28
-20
-23
-22
-11
-32
-34
-42
-38
-36
-35
-41
-35
-35
-35
-40
-49
-41
-48
-31
-33
-39
-29
-35
-33
-43
-31
-26
-31
-24
-22
-39
-28
-16
-10
-20
-16
-17
-26
0
-8
-24
-1
-8
3
13
3
16
23
35
32
28
32
31
28
37
32
25
33
32
48
43
34
34
20
25
25
20
27
20
17
1
-13
6
10
10
-2
13
11
9
24
9
24
32
35
36
38
28
27
17
32
45
36
40
29
33
28
16
13
36
7
2
7
0
2
-16
-9
-14
-1
-14
-38
-17
-22
-28
-34
-38
-18
-15
-11
6
-11
-10
-8
-12
-23
-22
-10
-13
-21
-17
-18
-18
-2
-9
3
-8
-11
1
-7
1
-9
5
1
-2
13
11
6
11
18
25
32
36
32
30
38
29
37
39
21
17
20
20
17
15
22
16
20
1
7
9
0
-8
2
9
-5
-6
-1
-4
-18
-26
-17
-17
-39
-29
-31
-40
-28
-36
-23
-38
-36
-31
-30
-34
-44
-22
-39
-28
-23
-20
-12
-26
-15
-7
-12
-9
-24
-25
-9
-11
-15
-11
-3
-13
3
-17
-21
-21
-13
-31
-32
-26
-29
-31
-40
-24
-29
-29
-16
-24
-9
-5
-16
-7
-9
-8
3
-9
-8
-1
-12
-2
7
-2
-9
-8
-15
-27
-25
-17
-24
-4
-17
-4
1
5
-17
-9
-9
-4
2
5
26
8
13
10
-4
6
8
6
28
19
10
4
8
-4
0
-1
0
-13
-12
-12
-7
-8
-7
-3
-6
-15
-1
-12
-18
-10
-26
-15
-31
-19
-19
-34
-21
-30
-30
-44
-37
-16
-35
-34
-24
-22
-27
-37
-29
-10
-3
-13
-7
0
-12
-6
6
3
1
9
12
21
20
15
2
6
10
2
-6
-2
4
-8
1
-8
7
1
4
7
5
19
12
17
-2
8
19
22
19
17
19
5
15
15
21
25
22
13
20
2
-2
1
6
13
11
9
10
13
29
20
7
22
23
18
31
19
32
30
12
-4
6
24
9
14
3
-1
11
-8
-7
14
3
8
-4
-15
-10
6
8
8
15
-3
3
-8
1
2
-8
11
7
-4
-11
-15
-6
-12
-23
-25
-22
-14
-10
-8
-9
0
2
5
21
6
10
4
7
9
22
32
12
4
-5
15
1
-11
-5
4
15
16
10
11
5
6
2
2
-5
7
5
-8
-16
-10
-10
-13
-7
-19
-20
-10
-11
-13
10
-12
-13
-25
-29
-18
-39
-28
-18
-35
-11
-26
-26
-35
-47
-33
-50
-38
-34
-35
-29
-31
-44
-33
-21
-17
-15
-14
-32
-16
-21
-29
-8
-14
2
-6
-3
3
15
-1
7
5
-4
-2
-12
0
-7
-9
-8
3
19
18
4
15
9
21
26
31
20
11
12
10
24
33
36
19
10
8
15
3
27
28
28
25
25
42
36
41
40
53
50
41
51
45
37
26
39
44
37
46
44
45
57
45
43
43
36
44
14
14
16
3
-2
-2
10
0
4
-3
4
5
-11
-8
-5
1
-8
-6
3
-3
-7
-12
-14
-14
-19
-8
-9
-11
-8
-15
-6
-8
-18
-6
-16
-11
6
-3
1
4
0
8
27
14
20
12
9
26
27
30
30
19
23
18
21
28
34
28
23
16
16
29
31
27
27
37
22
23
29
25
25
24
18
28
34
12
8
15
17
8
-3
17
20
-1
6
3
21
6
14
5
-3
14
-4
-4
14
9
-3
25
13
5
8
20
1
-4
3
-10
-4
-1
4
-10
-12
-12
-9
-11
-12
-24
-23
-19
-35
-33
-23
-22
-22
-16
-10
-18
-9
-15
-6
-10
-20
-9
-19
-24
-22
-28
-25
-19
-15
-12
-19
-6
-5
-7
9
13
10
1
6
18
24
5
16
34
20
34
19
9
18
16
34
25
28
30
30
31
37
19
26
14
18
13
19
20
8
8
-7
11
2
-4
-3
1
5
13
2
-10
-9
-10
-3
-2
1
-12
-14
-13
-9
-15
-27
-8
-24
-14
-26
-38
-33
-16
-17
-20
-22
-19
-4
-6
-23
-23
-11
-28
-11
-7
-6
-5
-22
-24
-13
-12
-5
-4
-21
5
-17
-27
-8
-4
-3
-14
-25
-15
-8
-8
2
5
5
-1
-6
6
3
8
7
-1
4
2
-11
2
-19
-12
-5
-15
1
-13
7
-5
-4
2
-1
8
12
14
18
14
28
36
38
49
30
35
44
44
36
39
26
16
12
22
23
13
-3
-3
9
-13
-3
-20
-28
-30
-21
-9
-28
-28
-18
-18
-28
-34
-24
-26
-32
-21
-28
-20
-13
-30
-37
-27
-35
-39
-29
-40
-44
-45
-47
-36
-33
-49
-46
-35
-21
-18
-19
-29
-6
2
-20
-1
2
-6
3
1
10
17
0
9
0
14
8
17
0
8
9
13
16
6
5
12
4
4
12
-10
7
7
18
13
0
9
18
0
10
0
4
6
-1
6
-14
-6
-3
-14
-18
-13
-19
-12
-12
-13
-12
-16
-18
-25
-17
-14
-7
-22
-23
-29
-22
-19
-38
-7
-31
-45
-36
-50
-43
-47
-60
-51
-41
-53
-43
-42
-45
-44
-38
-26
-27
-12
-20
-24
-22
-37
-45
-23
-11
-32
-25
-17
-25
-30
-44
-34
-34
-43
-47
-45
-32
-32
-35
-20
-23
-11
-18
-25
2
-8
2
3
1
-4
7
12
3
9
5
0
-15
-8
-13
-11
-9
-19
-19
-30
-18
-18
-24
-8
-35
-25
-21
-29
-29
-29
-13
1
-13
-6
4
-17
-12
-16
-20
4
-12
-31
-24
-30
-44
-57
-43
-68
-52
-57
-59
-58
-65
-70
-75
-53
-70
-69
-65
-73
-71
-69
-67
-66
-62
-66
-58
-66
-65
-58
-63
-68
-64
-64
-66
-66
-70
-67
-49
-51
-54
-62
-58
-57
-78
-60
-58
-63
-60
-63
-52
-66
-56
-51
-49
-48
-40
-46
-44
-27
-30
-36
-27
-26
-29
-8
-8
-2
-1
13
-1
-6
-11
-6
-3
-4
2
2
-11
-9
5
5
-5
-14
-30
-21
-28
-36
-45
-41
-29
-25
-44
-29
-23
-31
-36
-47
-33
-39
-40
-37
-48
-60
-49
-40
-59
-51
-52
-60
-64
-72
-69
-79
-76
-73
-78
-75
-87
-89
-94
-85
-95
-97
-79
-96
-77
-87
-73
-80
-66
-65
-72
-54
-54
-52
-51
-40
-44
-24
-23
-25
-27
-19
-25
-31
-25
-34
-30
-22
-15
-41
-29
-14
-16
-28
-32
-27
-23
-10
-35
-16
-9
-24
-11
-1
-12
-1
6
14
10
9
6
-2
13
14
19
7
5
-15
6
2
-1
-2
-7
-11
-20
-5
-34
-28
-29
-47
-33
-38
-36
-27
-50
-58
-41
-47
-61
-57
-42
-47
-46
-41
-62
-46
-49
-61
-58
-57
-65
-74
-84
-83
-81
-88
-73
-77
-82
-85
-91
-76
-88
-87
-76
-85
-81
-89
-70
-72
-82
-83
-73
-74
-78
-60
-72
-68
-64
-60
-46
-30
-18
-26
-27
-25
-20
-23
-8
-13
-20
-5
-4
-13
-12
-15
-26
-19
-9
-16
-24
-23
-3
-11
-4
-10
-13
-8
-12
-18
-32
-21
-26
-30
-24
-17
-31
-18
-24
-34
-37
-37
-45
-56
-49
-35
-52
-52
-40
-58
-58
-56
-58
-76
-80
-92
-86
-86
-83
-74
-83
-86
-79
-87
-98
-83
-89
-71
-67
-67
-81
-88
-63
-74
-90
-66
-67
-69
-73
-69
-73
-79
-84
-81
-87
-82
-64
-78
-71
-81
-84
-68
-61
-49
-42
-46
-47
-28
-43
-44
-28
-33
-30
-23
-22
-15
-14
-20
-10
-13
-22
-9
-13
-32
-19
1
4
1
-2
-18
-10
1
14
9
7
-2
0
15
18
20
14
28
19
2
0
3
-2
8
-2
-8
-15
-15
-15
-29
-9
-31
-21
-23
-30
-17
-17
-26
-37
-21
-29
-30
-35
-45
-39
-44
-67
-64
-67
-62
-41
-41
-45
-51
-49
-77
-47
-55
-51
-46
-40
-21
-37
-29
-25
-35
-35
-21
-25
-20
-13
-23
-16
-32
-36
-27
-41
-61
-48
-32
-43
-29
-36
-34
-24
-25
-15
-18
-13
-4
4
-1
12
6
27
24
28
41
42
40
48
38
34
32
27
44
35
28
20
16
28
18
9
20
13
10
13
21
17
20
-1
5
10
-2
3
7
7
8
-9
0
9
-3
0
-21
-15
-29
-41
-29
-46
-45
-52
-48
-58
-79
-67
-70
-82
-75
-75
-82
-69
-82
-71
-80
-105
-83
-83
-75
-63
-67
-57
-63
-63
-68
-70
-63
-58
-66
-48
-35
-55
-32
-28
-20
-23
-9
-3
-1
-16
-4
-1
0
-8
-3
15
11
4
-16
2
14
22
27
35
26
30
37
17
28
48
29
29
45
35
33
46
44
42
43
44
31
42
38
24
16
24
24
14
11
13
11
-2
6
-10
-10
0
-12
-16
-26
-16
-18
-27
-17
-22
-16
-7
-16
-13
-23
-30
-24
-34
-45
-35
-37
-40
-32
-43
-43
-48
-45
-22
-53
-40
-35
-35
-13
-23
-43
-46
-22
-30
-31
-21
-24
-22
-13
-19
0
-11
-9
0
-4
15
11
6
-3
3
-5
-5
7
28
17
13
20
31
39
29
42
48
54
41
36
50
58
55
57
59
59
47
60
59
55
46
30
44
38
44
38
46
17
16
19
14
33
12
32
36
19
18
25
18
15
12
2
-3
-9
-1
-32
-33
-15
-26
-20
-40
-37
-49
-43
-36
-40
-36
-42
-42
-37
-52
-60
-45
-59
-54
-43
-40
-45
-54
-47
-42
-56
-52
-60
-44
-42
-59
-45
-43
-46
-41
-27
-46
-46
-44
-50
-39
-31
-35
-30
-41
-29
-22
-28
-4
-16
-22
-8
-1
18
9
6
4
8
8
9
-3
8
12
18
16
-11
20
24
4
4
34
41
19
26
22
30
22
26
15
26
33
28
15
-2
6
19
11
17
7
-16
-9
-22
-26
-28
-24
-20
-32
-31
-41
-48
-41
-45
-59
-58
-59
-59
-68
-75
-73
-62
-73
-82
-57
-74
-69
-55
-72
-76
-62
-62
-69
-62
-50
-63
-61
-40
-32
-48
-40
-20
-31
-40
-36
-33
-28
-36
-19
-21
-29
-24
-9
-2
-6
-14
-11
-6
-12
6
-1
-21
-18
-1
5
8
2
6
9
15
19
20
24
17
18
20
11
8
17
19
12
14
7
15
22
12
14
3
6
6
15
0
3
6
0
2
-3
16
4
2
-2
-3
-7
-15
-3
-24
-26
-35
-25
-27
-33
-23
-26
