-18
-8
-10
-34
-19
-24
-21
-10
-26
-23
-21
-27
-31
-42
-33
-49
-25
-32
-38
-33
-33
-31
-41
-34
-31
-11
-41
-23
-23
-27
-26
-18
-22
-24
-36
-39
-30
-38
-30
-33
-39
-29
-45
-38
-22
-37
-23
-30
-20
-12
-24
-13
-27
-10
-8
2
-3
-28
-9
-7
-6
-4
2
-8
-10
-5
-6
-5
-5
-27
-7
-25
-29
-12
-18
-4
-6
-2
-20
-14
-19
-2
-25
-17
11
-16
-8
-21
-13
-14
-21
2
-15
-26
-17
-20
-15
-16
-21
-16
-14
-8
-24
-7
-8
-27
-18
-19
-12
-10
-22
-8
0
-5
-17
-10
-7
-18
-18
-16
-27
-12
-21
-24
-2
-16
-8
3
3
-9
2
9
-9
-1
-7
1
-3
-13
-4
-12
-16
-9
-12
-3
-14
-20
-13
-30
-3
-11
-17
-15
-23
-16
-7
-27
-12
-12
-27
-22
-25
-18
-16
-5
-27
-9
-13
0
-1
-6
0
-10
-7
-5
2
-8
-2
-6
-2
-18
-8
-6
-13
-1
6
1
-2
10
11
-5
5
-7
-12
7
10
4
-10
-9
0
3
-7
-2
-10
-12
-23
-17
-14
-25
-26
-33
-19
-29
-25
-22
-28
-24
-20
-18
-24
-31
-15
-8
-26
-25
-26
-30
-30
-38
-39
-26
-23
-33
-24
-34
-28
-47
-52
-23
-31
-24
-25
-17
-16
-28
-4
-16
-20
-3
-13
-26
-27
-21
-26
-25
-15
-10
-16
-14
-28
-38
-37
-44
-37
-28
-38
-13
-22
-30
-9
-21
-32
-16
-24
-30
-19
-20
-23
-33
-21
-32
-42
-38
-39
-32
-30
-42
-48
-50
-42
-30
-25
-17
-40
-42
-26
-23
-21
-18
-8
-6
-10
-13
-25
-23
-26
-21
-22
-27
-22
-40
-28
-28
-29
-26
-31
-26
-31
-35
-41
-36
-25
-21
-39
-34
-29
-14
-15
-20
-16
-17
-19
-39
-20
-8
-16
-28
-9
-13
-34
-27
-11
-13
-17
-18
-27
-28
-16
-9
-9
-30
-25
-12
-21
-14
8
-4
-13
6
-5
-11
-7
4
10
18
3
16
2
-12
10
10
-9
5
10
0
10
9
21
15
4
22
10
13
2
1
2
-13
-11
-8
-7
-15
-16
-17
-5
-4
-5
-8
-10
-22
-2
10
-9
3
-12
3
-2
-10
-6
-13
-17
-9
-10
-4
-17
-17
4
-6
8
1
-15
6
9
7
16
8
6
2
-4
-10
-9
-8
-21
-18
-18
-31
-27
-33
-6
-19
-32
-29
-44
-46
-22
-25
-28
-15
-9
-4
-17
-7
-9
-9
-28
-27
-20
-25
-29
-16
-25
-28
-30
-41
-36
-33
-7
-22
-25
-17
-30
-17
-14
-21
-23
-29
-19
-22
-36
-34
-28
-30
-33
-26
-31
-17
-23
-32
-20
-30
-15
-27
-42
-24
-25
-42
-34
-24
-34
-34
-22
-33
-29
-5
-6
-12
-15
-21
-5
-13
-12
-7
-21
-31
-29
-28
-24
-24
-20
-25
-34
-42
-31
-30
-32
-30
-31
-31
-46
-25
-42
-34
-41
-44
-33
-32
-26
-40
-40
-45
-23
-29
-34
-31
-38
-31
-23
-26
-25
-26
-14
-10
-10
-12
-23
-25
-21
-21
-28
-14
-18
-14
-4
-25
-23
-21
-5
2
-3
-10
-5
-13
-8
-8
-14
-3
-1
4
8
6
-1
-7
-9
5
13
10
12
-8
4
14
1
7
24
8
-3
14
11
-5
-6
-4
6
-10
2
6
-8
12
18
8
13
3
-2
-5
1
2
-14
9
1
5
-3
-13
-3
2
-9
7
12
-1
-2
2
8
4
8
12
1
6
4
1
16
20
19
13
11
12
23
30
12
16
30
21
31
34
31
37
31
19
29
29
19
31
32
38
27
26
33
24
12
9
23
21
13
26
7
4
11
12
6
9
9
4
-6
9
14
16
12
12
21
10
3
10
12
2
1
1
-9
-23
-19
-10
1
-6
-8
6
2
-1
0
-3
-2
14
5
13
22
18
17
0
10
12
20
17
6
8
-1
15
4
16
6
2
16
12
32
18
19
23
31
24
24
33
26
35
33
14
23
10
18
30
7
23
0
-1
12
16
17
16
11
-6
23
20
24
36
26
24
18
28
5
26
31
24
21
32
34
20
31
17
31
34
24
18
26
8
20
25
8
10
15
15
4
7
2
-11
2
-4
-2
6
7
2
4
-3
-4
-6
-17
-5
-9
-15
-27
-31
-16
-9
-9
-7
-14
-16
-12
-7
-10
-8
-1
-7
-3
-8
17
-3
-1
3
-8
0
19
3
2
-11
-5
4
-7
-14
1
21
-14
-14
-12
-6
-11
-1
-29
-8
-8
-13
-7
-22
-2
-15
-17
-13
11
1
5
6
-14
9
17
7
1
-8
-14
-16
-1
4
-4
-10
0
13
-3
-12
-8
0
-6
-6
6
-13
-7
-11
6
-1
-10
-3
-15
-7
2
2
-10
-15
-11
-2
-5
-7
-5
0
8
4
10
13
8
12
-2
21
16
2
33
14
14
7
24
11
7
11
11
19
7
21
14
22
0
7
17
12
16
13
16
-6
1
22
16
4
10
9
-4
6
17
30
17
0
7
16
-3
-8
9
15
7
7
18
9
-1
-10
0
-15
9
2
-6
-6
-8
-3
1
-7
-2
8
0
3
2
-8
9
13
3
16
28
24
8
25
34
21
18
30
19
20
28
27
33
24
4
11
15
16
14
21
14
18
14
20
8
18
9
-4
-3
-11
4
0
-1
18
9
10
35
23
40
13
2
16
12
7
33
21
9
34
21
32
18
14
18
29
28
13
17
14
8
24
28
0
4
17
26
14
26
31
22
27
29
39
25
26
29
37
23
27
34
19
32
42
28
19
21
23
28
46
32
39
36
28
37
30
32
34
37
32
30
21
6
14
23
23
1
-7
15
14
16
1
14
15
17
4
-5
8
17
14
7
24
9
10
17
6
16
29
17
26
5
17
6
17
13
12
9
18
20
1
16
9
12
21
6
-18
3
19
24
2
0
26
8
10
12
9
15
2
6
-8
-2
9
-10
9
14
11
19
12
4
11
6
6
4
-3
14
4
12
19
13
13
30
17
22
32
24
25
26
29
33
26
20
23
21
26
18
25
27
18
11
35
33
35
30
36
34
48
43
31
55
37
35
50
29
23
43
44
30
29
30
22
11
22
30
19
34
31
36
48
48
42
39
31
36
46
39
35
31
38
30
27
20
18
22
27
26
21
20
17
16
33
41
37
38
43
43
45
43
27
32
35
28
20
16
34
30
24
24
29
38
34
37
31
32
39
39
29
33
29
29
45
42
31
33
25
36
32
30
32
22
35
31
38
32
43
39
35
42
45
23
34
47
42
45
39
39
31
26
36
27
18
33
25
32
33
35
20
38
42
25
18
30
32
17
30
33
39
42
37
45
29
30
33
26
36
26
40
32
45
48
47
40
31
44
41
50
45
50
40
38
43
44
33
29
23
25
38
40
45
35
29
35
38
38
35
32
36
15
36
31
27
33
48
54
40
38
43
54
42
33
37
33
21
29
35
25
29
16
19
35
19
25
15
21
29
30
23
18
14
14
24
23
27
13
19
13
5
-2
5
11
14
18
16
10
24
25
19
12
20
24
33
32
49
46
39
35
27
30
20
41
34
31
25
36
37
24
41
31
28
36
46
41
37
39
36
33
25
29
40
32
37
45
33
45
34
33
51
43
27
31
38
32
50
60
39
38
33
40
31
41
39
34
37
28
36
18
30
22
21
37
25
18
17
27
36
24
17
12
12
6
15
21
10
9
19
5
5
8
20
16
5
15
10
15
5
2
7
7
11
2
7
8
14
18
24
18
17
14
15
21
16
19
21
18
7
3
17
9
11
20
6
22
18
6
10
22
11
12
11
14
20
12
18
25
27
21
18
29
28
27
32
24
22
24
18
27
29
25
22
38
27
10
29
14
30
28
22
33
36
35
45
37
40
39
36
32
27
45
30
38
33
25
36
33
32
26
27
31
11
33
30
17
28
30
22
18
18
26
29
17
19
27
26
25
29
30
26
20
32
21
23
23
18
26
12
27
25
25
22
26
12
8
5
8
5
1
4
10
39
21
15
20
23
32
15
18
26
32
34
13
26
16
24
32
35
28
25
33
34
22
19
31
38
25
25
22
33
45
20
45
19
20
38
28
27
32
29
27
12
17
23
15
12
-2
26
8
-9
11
12
18
13
17
5
12
14
21
25
9
19
5
14
12
25
26
21
28
26
33
32
21
21
35
29
24
42
22
24
20
14
23
16
20
-4
15
19
17
9
24
15
20
42
39
46
38
43
30
52
41
37
38
27
32
49
48
33
26
31
43
19
40
46
32
41
41
34
28
29
30
14
36
39
31
30
24
45
27
35
23
24
29
18
30
19
22
16
6
2
11
7
5
12
6
11
16
19
17
27
4
25
25
12
24
22
34
23
20
23
32
27
26
20
26
27
25
22
28
34
32
14
20
28
26
36
36
30
33
31
28
46
25
35
22
16
16
20
-3
-1
8
13
22
4
9
9
13
17
12
27
15
14
25
33
26
14
23
5
11
20
11
22
24
25
23
27
21
37
44
33
31
25
31
21
48
19
31
26
37
39
19
25
19
24
13
29
35
24
32
41
23
38
39
33
19
33
19
33
22
36
23
18
25
20
26
13
32
32
31
34
26
22
18
15
6
17
33
13
1
10
20
24
34
35
2
25
38
20
39
34
38
35
34
24
22
19
18
20
9
32
23
26
30
24
31
34
42
33
24
14
33
17
20
24
18
20
16
22
34
36
27
27
46
45
11
55
42
29
42
39
37
30
28
29
19
22
35
21
27
28
22
35
30
16
26
18
22
24
20
6
11
7
10
7
16
5
-5
-8
-7
12
4
15
4
14
1
6
11
19
22
18
20
26
10
9
10
5
13
18
30
26
32
31
23
33
39
28
30
24
31
36
21
32
49
38
46
43
43
50
32
27
40
31
17
35
24
24
22
5
12
25
16
13
29
15
4
10
-6
-4
5
3
9
36
30
6
16
15
17
18
20
22
28
21
16
26
18
8
4
26
26
16
15
10
24
-1
-2
5
-7
1
8
-13
2
9
9
11
3
8
12
16
11
13
13
10
6
9
18
18
12
21
17
6
-2
13
21
24
19
8
9
17
14
6
25
0
-2
12
9
0
17
2
-1
-2
2
9
6
13
3
6
-14
-6
-11
-13
-9
-20
-10
1
-10
4
0
-1
7
-2
-5
-6
1
4
6
11
7
5
17
-6
-18
-22
-11
-8
-3
-1
-7
15
8
1
2
8
8
-1
6
10
1
12
-3
-10
2
8
1
-7
-1
4
-18
-5
9
1
4
-9
-7
19
6
-1
2
-7
-12
-12
-8
-4
2
6
-5
-9
2
-7
3
-9
-5
0
-5
-11
-8
2
-11
-16
-22
-13
0
1
-3
-17
-14
1
-1
13
5
0
12
14
19
14
18
20
17
20
5
12
21
7
11
12
14
3
15
6
3
14
9
5
-4
5
14
5
0
23
21
34
31
25
38
37
23
28
20
23
24
31
29
25
26
9
19
20
18
20
23
24
16
37
52
38
42
21
30
44
21
33
36
37
22
15
22
23
19
11
22
18
19
32
28
23
26
31
28
28
37
27
43
36
35
39
33
19
29
27
15
14
26
17
10
17
15
9
11
20
12
27
9
18
5
14
33
16
20
26
18
21
37
23
26
38
27
40
34
24
22
18
20
34
22
31
25
20
26
18
33
30
30
22
33
8
14
5
5
7
0
12
0
6
18
0
6
20
3
21
11
2
11
-3
-5
14
1
0
2
20
7
7
17
1
11
-2
16
25
3
1
8
13
9
15
15
5
8
23
16
7
8
2
4
-6
11
28
6
5
12
3
12
4
13
13
19
16
2
7
5
0
-7
-4
-9
5
3
11
2
-8
-12
-14
8
-11
-6
-2
-8
-2
-1
3
9
9
16
16
9
3
16
6
9
5
-4
2
1
5
0
4
12
4
-4
-1
6
1
0
0
-9
4
13
2
-3
20
-4
3
-3
4
7
-1
5
10
18
22
14
12
11
17
15
-3
1
1
12
16
2
-4
9
6
11
8
-12
10
18
9
10
15
18
13
7
14
13
26
18
8
14
24
30
21
31
38
36
21
34
39
35
45
34
37
26
21
41
28
10
46
33
27
39
29
44
25
35
38
43
40
28
18
21
24
12
17
27
17
17
12
21
13
7
7
1
26
10
5
11
4
20
19
16
19
13
15
20
18
17
13
-1
-5
5
4
-3
7
10
15
21
9
10
20
26
24
20
36
24
21
34
22
23
26
15
19
12
12
11
7
6
-1
1
13
18
21
10
15
15
12
20
11
21
19
24
45
46
41
40
20
35
21
33
29
32
32
39
30
13
24
23
25
25
21
12
25
26
13
28
24
15
15
22
25
16
16
23
14
4
11
11
4
11
8
-7
16
-7
14
17
20
18
12
31
13
19
14
24
11
-1
3
18
-2
-13
3
18
3
6
0
8
18
4
18
7
10
10
17
24
29
24
15
18
13
12
18
10
15
16
14
19
25
22
27
23
44
33
25
29
28
34
37
17
21
28
14
31
27
35
20
23
15
15
28
28
40
28
25
21
29
24
41
34
17
22
15
32
36
43
34
30
38
33
51
48
42
29
48
49
38
41
31
25
31
34
34
40
22
20
21
34
15
27
34
12
30
17
33
20
14
29
33
13
15
30
19
32
29
36
41
36
53
42
37
34
21
31
42
34
39
39
32
26
35
34
37
42
36
35
41
50
47
34
31
27
27
26
35
29
32
40
21
24
27
51
34
34
38
39
38
40
33
19
26
24
29
28
25
20
20
12
31
-5
14
31
15
26
28
30
24
26
14
27
33
18
13
22
14
7
20
21
10
30
29
20
21
12
6
7
-3
7
4
-15
5
11
-18
-19
-29
-37
-52
-81
-84
-79
-94
-61
-68
-80
-20
21
37
32
48
47
46
39
56
-23
-85
-170
-261
-198
-204
-148
-128
-103
-149
-148
-223
-243
-187
-194
-110
-132
-300
-470
-489
-389
-327
-218
-105
-43
-22
28
57
90
62
167
214
221
229
184
150
42
45
14
-2
12
-2
-23
-44
-128
-136
-141
-93
-105
-232
-216
-203
-250
-187
-252
-288
-305
-360
-353
-291
-268
-167
-91
-133
-105
-94
-43
-1
64
131
176
167
92
89
17
16
8
35
92
26
17
-56
-134
-129
-123
-134
-124
-115
-177
-146
-162
-205
-137
-201
-154
-112
-62
-45
-44
-67
-100
-63
-43
55
96
47
91
78
-8
52
64
-67
-126
-170
-169
-163
-128
-111
-176
-202
-140
-68
-56
42
25
23
-22
5
60
42
79
81
91
93
98
53
91
17
1
32
11
52
15
21
-2
-34
-42
-157
-136
-123
-187
-196
-118
-190
-180
-180
-145
-168
-169
-62
-81
54
77
135
133
126
108
108
160
185
185
194
168
126
98
79
56
59
45
62
65
-1
-21
-16
-48
-50
-32
-7
-36
-41
-104
-164
-149
-76
-44
20
8
-59
-30
-25
18
37
79
22
53
102
60
58
99
17
85
159
126
123
121
102
63
135
117
69
27
23
-22
-54
-4
-33
-91
-86
-140
-118
12
-60
-63
9
-10
4
19
24
-31
-62
-2
20
42
62
5
6
-8
46
107
46
29
-22
-35
-26
-16
-44
-68
-125
-194
-134
-74
-66
-69
-67
-130
-96
-97
-112
-58
-55
-45
0
15
20
60
-2
28
24
20
13
-1
8
18
54
49
-38
-97
-97
-108
-77
-2
39
19
30
-9
-31
-67
-17
7
77
89
84
103
40
30
-9
20
57
78
88
71
34
-6
-17
11
18
7
-12
-18
-31
-72
-88
-62
23
61
65
49
-6
-42
-61
-24
47
70
87
42
-7
-22
-65
-53
-12
48
37
41
24
-54
-88
-84
-35
-27
3
27
-16
-66
-93
-88
-83
-57
-9
17
4
-7
31
7
-17
22
57
31
28
52
42
-13
-108
-88
-28
-25
-2
63
33
-80
-83
-44
-27
-10
38
36
45
19
-17
20
-12
-66
-21
31
59
69
20
-22
4
-23
-26
36
36
26
-4
8
48
-33
-46
17
18
10
53
67
47
38
84
99
71
116
133
145
53
67
78
83
111
118
122
83
39
61
84
92
119
93
102
110
116
20
42
112
79
87
90
144
74
40
73
100
139
112
112
175
180
67
109
187
263
251
202
244
237
221
197
192
244
238
239
306
263
247
204
157
188
147
219
253
174
250
310
244
128
247
296
179
219
348
266
170
302
251
251
337
412
287
289
377
338
292
314
289
261
317
235
176
229
209
154
164
118
135
145
105
100
146
189
136
128
147
160
163
158
147
121
170
175
125
151
166
163
125
116
114
135
145
79
83
106
96
38
61
70
61
32
36
37
29
49
15
27
26
11
16
13
23
22
43
10
15
56
38
16
29
43
14
38
35
23
17
17
22
10
26
26
31
34
44
17
17
21
31
48
43
40
14
16
12
27
24
40
44
49
43
43
53
57
46
71
80
72
42
70
53
8
44
24
41
43
40
23
37
26
49
77
75
80
88
101
78
109
106
70
107
98
97
101
112
114
107
112
92
114
125
104
117
113
123
141
111
102
101
96
91
101
108
99
89
106
98
132
110
98
114
110
126
110
118
146
121
122
135
98
137
151
129
147
148
132
126
138
131
145
156
142
170
146
123
157
124
138
130
145
165
110
157
147
140
156
133
142
161
142
111
148
129
131
142
137
147
132
130
145
135
153
149
129
163
177
164
153
182
186
164
164
193
155
163
165
141
164
151
171
170
171
171
144
111
100
134
133
162
124
127
119
66
51
38
81
62
63
52
24
39
86
68
110
109
99
124
116
109
97
131
84
114
135
102
165
133
77
133
54
78
136
76
90
88
44
-53
-62
-27
0
79
-8
30
47
-23
-5
79
111
70
87
130
111
96
98
69
79
113
92
123
97
46
27
57
58
7
96
56
25
48
31
33
28
-8
37
17
58
48
40
66
23
36
45
90
92
42
25
70
101
44
64
59
54
36
20
81
55
40
44
33
-11
89
55
28
63
24
32
4
-26
7
63
25
13
61
34
3
-7
13
21
39
88
26
79
36
21
29
19
85
74
48
45
96
23
-2
42
61
8
40
115
37
30
46
42
16
-7
47
100
39
8
61
69
76
12
55
94
61
43
23
57
29
26
63
37
44
94
73
43
-30
0
77
107
45
81
158
-10
-22
6
69
61
17
47
57
67
-25
-3
54
21
66
52
52
55
32
24
81
43
38
76
70
118
-22
7
3
50
59
48
19
19
21
-28
-11
-12
46
85
51
24
21
-45
-49
-4
84
77
27
12
8
53
-18
-25
21
38
44
14
66
98
10
-106
-38
6
66
82
60
-2
-70
-106
-51
52
5
39
20
4
50
-62
-46
4
9
-44
19
95
55
-13
-38
-52
-15
-7
-60
37
70
34
22
36
-21
-50
-41
-32
86
141
74
8
-30
-31
-27
-8
31
62
55
47
37
30
-38
-37
-19
21
122
71
15
-10
23
-11
-36
51
-20
23
17
-24
-15
-20
-43
-122
-24
42
39
-10
-51
-65
-69
-5
-5
39
46
-26
10
-18
-3
34
29
-20
-3
38
24
16
40
32
-14
3
5
16
39
-3
-35
-5
11
-28
-26
19
-11
-39
-67
-18
-17
-17
-2
-50
-15
-27
-19
45
-12
-74
-64
-36
-7
36
59
45
19
-22
3
23
-11
34
42
25
18
-8
-7
4
22
11
-25
-24
-11
-44
-44
-40
-32
-31
-22
-18
-12
-41
-93
-83
-85
-70
6
44
13
-52
-76
-34
-31
-24
50
64
23
-9
1
-9
-32
6
27
49
42
36
29
31
26
1
7
15
59
104
110
74
41
1
-20
39
90
97
114
64
15
-8
3
18
40
65
95
100
46
31
-13
6
19
60
131
127
95
26
20
13
43
83
99
165
158
106
60
22
12
19
64
125
140
106
27
-5
-11
-17
22
51
59
30
-14
-42
-45
-42
-46
-43
-36
-35
-70
-55
-65
-54
-68
-50
-59
-58
-31
-59
-78
-51
-64
-58
-50
-61
-67
-74
-49
-41
-41
-52
-62
-68
-63
-38
-1
-31
-37
-25
-22
-29
-22
-4
11
-8
9
24
33
42
54
55
48
90
107
146
137
143
133
133
159
208
243
240
243
235
231
222
270
292
311
324
303
312
332
341
333
346
351
335
355
355
381
376
335
327
324
304
309
309
271
250
198
153
124
83
38
-11
-56
-107
-184
-242
-288
-355
-403
-454
-491
-534
-564
-582
-585
-630
-650
-629
-607
-605
-582
-552
-560
-510
-473
-451
-404
-373
-349
-313
-277
-235
-199
-159
-117
-101
-91
-57
-10
7
16
76
98
100
143
166
185
224
273
302
324
365
403
432
435
490
571
623
650
698
744
805
880
955
1034
1095
1107
1127
1136
1119
1091
1018
976
910
837
732
608
459
334
206
64
-38
-144
-283
-430
-548
-636
-701
-746
-781
-808
-835
-841
-834
-798
-756
-702
-635
-555
-470
-366
-283
-205
-100
-35
55
142
193
222
253
292
332
338
333
315
267
198
145
81
-22
-130
-234
-312
-385
-474
-558
-692
-784
-814
-843
-829
-859
-862
-872
-892
-870
-802
-733
-668
-579
-510
-401
-319
-249
-138
-45
50
146
241
306
371
429
501
571
639
685
682
708
765
818
866
903
965
1003
1022
1076
1150
1267
1312
1327
1309
1281
1236
1174
1087
991
897
822
690
530
354
127
-46
-181
-286
-379
-506
-638
-788
-916
-968
-971
-958
-947
-946
-948
-933
-886
-805
-710
-598
-477
-375
-273
-181
-83
19
123
228
306
384
421
452
469
504
511
515
505
468
405
322
264
163
73
-57
-209
-349
-453
-568
-684
-791
-908
-1011
-1110
-1153
-1191
-1214
-1248
-1253
-1208
-1157
-1120
-1060
-972
-878
-786
-661
-518
-396
-283
-155
-26
70
197
283
379
440
498
568
586
622
619
602
605
617
618
624
631
612
636
680
761
855
928
982
1059
1106
1164
1168
1121
1057
1017
1032
1000
918
791
602
394
243
131
53
-92
-251
-431
-603
-733
-838
-889
-928
-953
-997
-1038
-1056
-1047
-1000
-928
-863
-782
-717
-657
-559
-475
-372
-274
-205
-122
-54
18
79
111
182
221
222
261
268
236
226
213
177
127
75
3
-113
-240
-392
-510
-580
-684
-794
-908
-1051
-1181
-1269
-1306
-1317
-1328
-1354
-1369
-1392
-1356
-1296
-1211
-1103
-1010
-935
-838
-684
-573
-412
-264
-154
-36
64
175
295
388
496
607
678
750
788
837
897
976
1054
1120
1182
1225
1309
1402
1522
1593
1637
1576
1446
1323
1262
1270
1283
1161
912
589
273
99
10
-45
-175
-440
-783
-1049
-1220
-1230
-1237
-1281
-1373
-1516
-1601
-1605
-1523
-1400
-1282
-1229
-1149
-1067
-937
-787
-634
-459
-302
-219
-98
17
134
225
306
402
450
486
527
545
532
510
456
438
409
381
263
133
7
-104
-223
-337
-468
-607
-779
-948
-1075
-1162
-1263
-1335
-1389
-1492
-1494
-1537
-1505
-1465
-1434
-1366
-1257
-1185
-1078
-932
-803
-669
-520
-362
-244
-94
40
152
257
388
488
585
643
689
730
779
818
847
868
905
932
952
1016
1047
1102
1175
1258
1383
1473
1462
1356
1199
1116
1179
1277
1247
1014
697
373
183
111
103
10
-258
-645
-923
-1058
-1104
-1103
-1158
-1288
-1452
-1579
-1578
-1450
-1341
-1267
-1226
-1205
-1141
-1032
-863
-679
-522
-421
-321
-250
-132
1
120
217
298
353
394
430
477
531
530
519
496
464
422
362
311
240
127
-5
-121
-200
-324
-452
-613
-754
-897
-1012
-1074
-1135
-1224
-1317
-1406
-1432
-1414
-1382
-1332
-1268
-1236
-1183
-1107
-996
-863
-729
-583
-466
-355
-224
-95
6
133
262
366
450
526
591
673
714
772
813
826
831
841
905
951
1004
1048
1099
1165
1251
1355
1408
1376
1231
1115
1124
1201
1242
1117
864
573
321
225
202
139
-56
-355
-714
-907
-967
-979
-1018
-1140
-1292
-1455
-1535
-1500
-1384
-1281
-1272
-1272
-1233
-1154
-1004
-845
-653
-532
-453
-396
-287
-130
13
136
236
289
302
345
424
527
572
590
589
553
508
487
499
486
404
275
182
82
-47
-130
-206
-333
-510
-680
-815
-901
-958
-1035
-1140
-1241
-1363
-1391
-1342
-1302
-1277
-1250
-1239
-1183
-1097
-955
-810
-696
-594
-489
-378
-207
-72
49
173
267
360
444
544
610
687
741
780
835
838
861
886
919
995
1046
1083
1104
1154
1229
1320
1380
1307
1162
1052
1075
1164
1162
984
723
458
273
181
135
84
-152
-480
-757
-879
-929
-934
-995
-1130
-1285
-1414
-1429
-1357
-1258
-1180
-1181
-1178
-1135
-1039
-888
-709
-541
-450
-425
-375
-252
-105
67
165
240
268
270
321
425
545
595
595
564
533
504
519
553
524
386
226
167
133
79
-58
-227
-367
-551
-656
-711
-791
-915
-1070
-1197
-1255
-1271
-1278
-1278
-1289
-1285
-1265
-1204
-1107
-1019
-921
-826
-726
-604
-459
-333
-212
-109
20
151
253
354
411
475
534
583
650
694
707
719
709
739
763
816
879
928
944
972
1015
1106
1202
1205
1132
989
929
1009
1087
1017
837
599
388
280
235
202
87
-169
-460
-641
-708
-719
-741
-849
-974
-1134
-1237
-1202
-1114
-1006
-999
-1044
-1053
-1012
-928
-791
-624
-538
-516
-513
-464
-344
-183
-66
17
60
47
59
153
290
395
434
407
382
373
378
428
498
471
366
239
150
83
88
66
-44
-238
-447
-589
-635
-610
-632
-765
-935
-1086
-1153
-1099
-1036
-1006
-1037
-1095
-1135
-1065
-923
-764
-676
-642
-613
-550
-425
-264
-96
37
101
112
182
291
428
551
612
619
605
633
681
738
789
824
808
816
850
880
973
1047
1122
1144
1150
1086
964
942
1009
1094
1040
841
606
418
332
325
313
219
-11
-324
-544
-576
-571
-597
-682
-812
-971
-1123
-1104
-995
-873
-868
-932
-993
-998
-873
-724
-553
-454
-469
-500
-464
-336
-190
-58
1
31
26
17
107
264
379
392
351
322
336
351
410
470
478
380
222
137
145
195
159
30
-152
-290
-395
-427
-408
-450
-609
-791
-891
-927
-908
-894
-875
-939
-1009
-1071
-1017
-905
-809
-752
-703
-686
-638
-523
-393
-242
-116
-61
-35
48
151
272
373
419
450
473
498
560
621
673
702
706
729
754
797
864
931
1016
1060
1100
1103
1024
984
1000
1110
1159
1051
856
683
599
575
543
472
309
63
-149
-281
-314
-327
-422
-573
-723
-860
-915
-888
-829
-795
-862
-948
-978
-939
-814
-686
-620
-590
-612
-637
-555
-390
-252
-186
-167
-167
-155
-73
63
213
300
264
241
265
330
408
493
544
507
381
264
258
337
388
320
142
-64
-169
-205
-207
-220
-339
-543
-740
-833
-831
-810
-847
-899
-985
-1085
-1111
-1025
-890
-808
-807
-808
-777
-685
-542
-371
-225
-145
-115
-69
42
209
344
418
482
484
497
566
648
723
765
757
773
784
827
873
957
1006
1062
1097
1114
1128
1081
1061
1067
1130
1162
1023
829
716
636
608
565
476
288
69
-142
-224
-232
-276
-375
-543
-693
-806
-842
-811
-775
-776
-834
-917
-913
-837
-743
-655
-598
-597
-608
-599
-479
-307
-210
-165
-177
-156
-115
-30
94
233
255
236
223
248
321
384
469
474
396
307
300
310
371
331
237
107
-43
-91
-111
-142
-236
-365
-524
-634
-710
-721
-736
-784
-841
-931
-997
-964
-911
-838
-790
-799
-783
-757
-656
-517
-390
-286
-232
-195
-96
28
152
265
347
368
401
462
523
628
687
724
704
718
788
850
904
973
1020
1064
1098
1123
1180
1143
1132
1151
1180
1196
1099
958
855
789
739
653
549
404
188
20
-36
-100
-181
-317
-465
-564
-648
-713
-718
-701
-744
-809
-875
-869
-788
-710
-674
-654
-652
-667
-636
-523
-373
-303
-284
-292
-260
-178
-88
40
153
172
149
171
230
329
403
451
479
450
349
327
386
457
459
352
187
50
-35
-15
-18
-95
-218
-422
-539
-588
-606
-624
-663
-763
-839
-919
-899
-831
-762
-726
-744
-771
-735
-624
-486
-349
-269
-241
-213
-146
-4
152
271
325
345
370
415
530
641
707
709
683
700
737
826
911
945
982
964
1029
1102
1172
1201
1148
1117
1136
1192
1187
1081
980
886
823
749
682
553
398
236
92
25
-48
-134
-266
-415
-520
-590
-637
-659
-694
-750
-808
-860
-868
-837
-787
-749
-732
-732
-715
-685
-589
-499
-459
-413
-394
-335
-242
-164
-68
8
49
68
103
189
275
343
389
428
403
384
387
386
402
390
341
264
164
102
46
-5
-33
-120
-255
-376
-469
-491
-498
-559
-619
-706
-776
-763
-735
-678
-660
-683
-693
-665
-580
-466
-369
-313
-267
-226
-155
-47
85
180
235
246
283
344
439
531
553
580
568
599
673
762
815
858
865
908
961
1037
1130
1154
1106
1061
1103
1164
1174
1108
1006
896
817
781
735
621
479
305
158
64
-11
-87
-237
-384
-506
-602
-664
-697
-718
-764
-845
-918
-905
-882
-843
-817
-803
-809
-809
-756
-652
-557
-494
-448
-433
-387
-286
-180
-89
-16
29
63
121
206
311
398
425
410
374
409
456
478
472
396
318
252
213
191
117
43
-50
-133
-229
-333
-407
-454
-505
-587
-671
-745
-774
-770
-764
-729
-728
-744
-723
-671
-592
-501
-434
-367
-295
-225
-142
-32
76
158
207
279
358
410
486
550
600
637
651
684
739
798
847
879
922
973
1046
1095
1169
1149
1122
1135
1163
1217
1217
1130
1010
906
845
805
746
636
464
285
117
44
-23
-114
-250
-424
-562
-661
-700
-723
-753
-809
-921
-975
-975
-911
-868
-834
-833
-858
-833
-775
-661
-561
-508
-474
-450
-390
-299
-191
-75
9
53
72
131
205
312
391
430
433
432
448
447
446
470
447
386
318
225
149
90
39
-9
-90
-205
-347
-436
-480
-509
-570
-646
-739
-821
-805
-788
-731
-728
-736
-744
-704
-625
-519
-399
-345
-281
-235
-149
-13
81
147
203
259
309
376
454
518
576
614
617
664
722
783
836
876
892
961
1021
1088
1164
1154
1128
1109
1164
1202
1184
1096
991
884
838
794
741
626
428
253
106
28
-66
-151
-326
-498
-608
-695
-722
-749
-806
-897
-968
-1022
-994
-933
-887
-868
-869
-852
-821
-743
-633
-546
-485
-450
-423
-336
-235
-122
-7
70
117
155
210
329
437
506
507
466
470
539
567
566
546
460
409
320
253
183
122
38
-49
-197
-312
-432
-515
-518
-579
-665
-782
-867
-886
-841
-799
-768
-811
-827
-809
-722
-573
-461
-410
-372
-304
-220
-97
33
151
210
248
274
375
460
525
585
611
625
636
689
774
812
834
845
883
960
994
1058
1102
1097
1077
1032
1057
1124
1111
1020
933
814
739
701
635
538
357
170
29
-60
-133
-226
-366
-515
-659
-728
-763
-795
-834
-878
-956
-992
-972
-923
-859
-843
-828
-803
-789
-732
-601
-510
-452
-422
-366
-299
-218
-86
15
85
101
134
182
290
367
431
449
451
424
411
459
504
511
403
309
211
171
139
98
36
-90
-248
-376
-450
-450
-475
-555
-650
-772
-828
-820
-743
-705
-707
-773
-807
-750
-615
-479
-402
-378
-369
-326
-212
-43
81
140
140
155
202
311
416
492
521
510
496
540
624
690
763
772
783
815
867
965
1049
1082
1045
1012
1009
1053
1109
1125
1034
897
800
724
681
626
534
360
165
19
-72
-130
-209
-351
-473
-603
-706
-741
-731
-733
-808
-884
-909
-895
-853
-813
-762
-710
-733
-700
-655
-563
-468
-407
-370
-331
-269
-219
-113
-24
56
72
69
129
207
299
342
325
335
344
363
382
383
361
331
260
168
108
40
-7
-49
-132
-247
-367
-484
-527
-511
-538
-623
-740
-812
-811
-763
-692
-677
-720
-755
-723
-606
-473
-397
-354
-348
-284
-192
-66
57
121
135
164
219
311
421
457
499
508
519
577
643
716
756
787
796
845
921
982
1022
1052
1034
1024
1001
1057
1100
1050
942
835
761
685
655
571
455
281
117
3
-65
-106
-208
-359
-489
-581
-646
-653
-668
-698
-765
-827
-845
-811
-764
-722
-727
-727
-717
-685
-614
-527
-465
-435
-413
-380
-313
-237
-135
-48
0
23
67
130
207
283
323
352
379
381
407
423
405
407
374
317
222
145
78
27
-4
-68
-172
-326
-440
-496
-511
-523
-607
-692
-772
-807
-764
-718
-681
-703
-721
-709
-623
-509
-426
-367
-348
-313
-216
-100
28
93
128
178
219
318
405
465
515
512
563
597
647
734
783
800
799
868
935
978
1019
1043
1026
1016
1039
1068
1067
1008
941
868
781
735
665
599
472
310
196
100
39
-38
-160
-306
-390
-477
-546
-565
-592
-658
-754
-800
-801
-790
-784
-768
-774
-783
-791
-737
-656
-591
-568
-547
-504
-468
-373
-303
-206
-132
-108
-58
-15
87
180
227
254
277
305
336
364
378
409
364
302
236
164
132
92
53
-35
-170
-281
-372
-407
-438
-496
-544
-648
-716
-724
-700
-658
-649
-672
-681
-647
-571
-477
-392
-330
-303
-224
-159
-54
85
168
221
249
304
376
448
520
547
555
586
597
666
736
762
760
768
816
860
898
939
962
957
950
955
999
995
973
897
828
751
699
649
569
475
327
198
93
30
-52
-161
-298
-402
-498
-579
-619
-649
-698
-800
-859
-870
-844
-829
-827
-814
-822
-839
-800
-740
-643
-597
-569
-529
-493
-425
-333
-249
-187
-131
-100
-44
40
143
197
229
250
249
261
280
326
354
308
245
190
138
105
53
23
-43
-158
-262
-334
-369
-374
-399
-478
-553
-624
-630
-582
-530
-525
-562
-563
-535
-452
-369
-298
-275
-261
-221
-122
-16
80
113
140
177
217
294
366
410
424
436
458
486
548
606
625
638
641
674
718
787
838
855
843
861
883
899
923
879
835
791
721
674
620
542
466
338
212
122
45
-38
-167
-276
-379
-463
-546
-609
-616
-676
-745
-800
-841
-830
-817
-809
-780
-763
-763
-742
-701
-639
-572
-561
-527
-460
-391
-338
-268
-189
-129
-95
-50
23
88
132
172
213
217
251
255
273
302
261
218
181
164
127
85
49
-32
-109
-182
-224
-225
-280
-358
-427
-465
-451
-466
-458
-467
-483
-460
-443
-396
-337
-300
-265
-245
-181
-107
-39
27
85
116
161
246
279
320
350
379
398
420
443
461
504
541
557
550
586
636
675
720
735
784
765
765
808
842
845
805
731
693
664
606
554
480
386
255
177
110
42
-51
-156
-281
-369
-408
-484
-547
-592
-640
-708
-740
-732
-738
-726
-726
-721
-704
-661
-625
-591
-548
-503
-478
-445
-404
-355
-290
-252
-195
-143
-102
-56
-18
27
70
100
149
159
176
170
180
199
165
126
120
103
73
39
-27
-58
-124
-174
-217
-240
-288
-349
-401
-401
-408
-422
-424
-446
-411
-407
-393
-346
-290
-270
-237
-195
-122
-54
-17
24
44
95
151
187
229
242
264
263
285
318
351
356
363
411
423
454
496
539
595
608
636
672
696
719
753
803
781
723
693
669
640
614
547
455
368
273
187
144
69
-49
-152
-237
-293
-338
-389
-436
-506
-568
-602
-620
-620
-598
-624
-627
-618
-594
-572
-557
-521
-483
-457
-448
-404
-369
-330
-313
-272
-226
-184
-148
-136
-71
-34
-3
12
13
50
67
63
62
61
10
8
-3
-8
-41
-113
-158
-185
-222
-252
-283
-313
-360
-415
-401
-400
-398
-399
-420
-420
-367
-338
-312
-292
-257
-220
-181
-94
-76
-33
5
31
75
125
151
177
210
234
263
279
303
321
342
385
397
423
454
461
506
565
618
658
663
688
695
730
787
830
809
727
683
657
649
623
551
452
329
247
187
120
54
-37
-144
-242
-286
-325
-384
-453
-503
-547
-584
-584
-577
-552
-584
-592
-573
-537
-509
-500
-470
-425
-398
-384
-340
-296
-254
-231
-205
-199
-166
-119
-77
-53
-54
-70
-60
-37
-43
-43
-83
-100
-120
-119
-158
-168
-211
-275
-313
-318
-324
-354
-388
-438
-444
-429
-414
-404
-397
-425
-403
-361
-288
-236
-216
-204
-155
-105
-30
25
59
86
104
140
170
195
199
214
221
232
243
234
246
242
250
263
271
293
287
305
325
355
394
449
481
518
560
597
634
643
673
721
719
675
651
639
625
589
533
469
399
318
242
185
125
57
-40
-138
-189
-244
-294
-348
-393
-450
-504
-534
-538
-552
-554
-552
-575
-564
-574
-545
-521
-491
-485
-492
-461
-417
-409
-364
-308
-270
-275
-266
-260
-234
-185
-152
-148
-173
-184
-178
-171
-139
-143
-214
-246
-270
-259
-248
-271
-298
-332
-369
-376
-342
-312
-327
-357
-351
-317
-277
-229
-202
-176
-155
-134
-62
-13
35
59
65
81
139
165
178
195
196
202
215
217
226
219
198
215
231
235
241
236
234
249
262
284
323
348
361
399
443
482
508
551
565
579
625
636
638
630
596
552
522
490
446
391
319
240
182
126
87
17
-72
-152
-225
-279
-348
-380
-431
-465
-504
-536
-532
-538
-559
-563
-569
-572
-542
-515
-483
-483
-478
-465
-447
-404
-384
-346
-357
-357
-346
-317
-280
-269
-274
-290
-277
-278
-237
-233
-261
-263
-286
-296
-299
-267
-271
-284
-294
-286
-282
-252
-242
-232
-223
-235
-197
-169
-128
-83
-73
-53
-23
23
61
85
120
123
147
157
171
197
198
206
212
210
208
197
195
204
185
185
189
193
199
214
231
226
246
262
272
305
347
376
399
437
460
494
526
543
562
560
550
562
550
510
494
438
402
365
310
239
183
110
38
-24
-110
-187
-229
-274
-346
-397
-446
-490
-521
-531
-549
-563
-575
-580
-564
-557
-535
-528
-520
-504
-510
-469
-441
-430
-420
-413
-405
-402
-381
-369
-368
-355
-350
-351
-347
-321
-296
-298
-289
-284
-284
-266
-251
-240
-233
-218
-214
-187
-184
-164
-142
-119
-107
-86
-60
-38
-21
-12
18
25
45
65
88
92
107
119
149
164
171
178
200
219
226
222
208
234
227
221
220
205
195
202
207
197
211
208
221
248
273
291
303
315
347
372
394
443
462
485
505
521
538
535
527
513
494
475
438
395
354
277
228
193
123
42
-43
-131
-196
-259
-298
-346
-404
-468
-503
-518
-529
-558
-577
-606
-615
-602
-586
-587
-583
-582
-601
-571
-507
-496
-485
-481
-481
-428
-378
-344
-346
-342
-331
-291
-254
-203
-177
-190
-195
-176
-146
-116
-117
-120
-127
-131
-107
-104
-103
-101
-128
-135
-101
-97
-82
-94
-81
-63
-41
-11
1
23
29
51
79
108
142
147
153
184
212
231
239
238
248
235
240
238
245
233
219
235
211
220
213
203
209
210
226
241
236
238
257
274
308
301
311
318
327
351
358
357
359
355
347
333
320
295
256
213
191
148
116
55
10
-42
-107
-152
-209
-245
-299
-338
-377
-404
-446
-473
-491
-524
-536
-556
-547
-545
-561
-558
-555
-524
-504
-472
-438
-440
-419
-391
-362
-309
-267
-220
-204
-186
-153
-128
-84
-75
-52
-47
-34
-14
-26
-25
-17
-19
-29
-40
-56
-60
-75
-80
-86
-94
-108
-100
-89
-76
-64
-56
-31
-23
8
28
60
63
93
118
149
180
187
198
210
215
215
238
222
228
219
202
219
210
208
190
174
160
179
168
188
165
159
174
173
201
203
202
192
198
187
179
183
169
160
150
139
122
99
87
52
40
42
5
-16
-59
-62
-96
-121
-120
-160
-198
-226
-231
-246
-246
-270
-285
-319
-314
-319
-331
-338
-347
-341
-330
-326
-343
-314
-295
-287
-273
-245
-217
-216
-192
-162
-151
-138
-113
-91
-82
-68
-58
-43
-43
-34
-29
-16
-33
-47
-69
-72
-76
-95
-107
-104
-122
-130
-130
-142
-121
-127
-97
-97
-83
-83
-72
-40
-36
-31
-11
-3
21
38
44
74
50
61
72
75
90
101
111
93
72
95
98
96
91
92
102
92
126
125
129
138
145
160
157
163
186
190
209
201
184
208
205
193
187
188
178
156
140
109
106
96
71
49
30
31
8
-7
-19
-41
-74
-99
-116
-113
-115
-152
-165
-171
-186
-192
-203
-197
-185
-189
-183
-192
-185
-175
-159
-136
-126
-109
-114
-77
-55
-41
-17
-29
-18
-12
0
-3
21
23
45
40
16
12
-5
5
-18
-28
-32
-42
-59
-70
-84
-79
-81
-82
-87
-78
-83
-73
-54
-47
-43
-53
-26
-24
-9
9
2
35
34
37
58
49
54
59
73
66
53
51
46
36
38
40
47
41
38
49
27
56
77
60
76
82
104
114
115
110
120
139
139
133
147
141
135
129
115
114
99
98
93
67
67
53
30
22
14
1
-33
-29
-40
-66
-74
-78
-78
-92
-98
-80
-91
-105
-117
-126
-92
-87
-85
-82
-76
-58
-64
-53
-30
-34
-9
-4
6
15
23
41
44
57
77
60
69
86
82
63
66
64
71
64
47
33
15
23
-4
-12
-21
-46
-37
-51
-55
-54
-58
-61
-65
-59
-61
-57
-42
-35
-45
-44
-45
-29
-8
-14
-11
0
7
1
-12
4
1
4
4
-2
5
-4
4
9
18
32
30
32
47
52
70
95
112
125
134
141
151
148
161
152
147
149
121
119
111
112
91
79
63
49
16
8
-12
-1
-33
-51
-40
-59
-52
-70
-60
-68
-58
-50
-51
-60
-55
-58
-58
-46
-47
-41
-43
-36
-18
0
-1
6
2
16
23
36
42
49
60
68
84
84
91
105
105
106
102
99
92
92
81
76
71
55
47
33
19
26
8
-9
5
-12
-14
-30
-22
-34
-28
-25
-39
-27
-33
-24
-28
-37
-40
-32
-11
-22
-27
-29
-24
-23
-29
-21
-27
-28
-22
-21
-35
-16
-16
-4
11
0
30
30
60
64
65
82
81
102
117
120
121
122
129
128
120
103
118
88
76
76
54
49
34
4
6
-3
-31
-26
-33
-41
-36
-39
-57
-60
-55
-57
-52
-63
-59
-52
-66
-57
-52
-38
-36
-24
-15
-14
-15
7
10
21
43
34
35
60
55
70
92
87
90
96
116
106
109
102
83
84
81
75
73
61
65
45
43
23
18
7
0
-5
-24
-41
-57
-41
-58
-44
-46
-38
-45
-54
-46
-39
-35
-41
-35
-18
-19
-29
-13
-12
-9
7
14
4
0
8
18
19
27
16
25
23
60
68
53
60
70
98
94
95
104
117
117
120
124
116
108
104
110
107
87
88
64
60
39
28
12
-1
13
-1
-24
-14
-25
-40
-32
-51
-61
-80
-70
-67
-60
-62
-52
-55
-48
-33
-33
-41
-38
-14
-15
-8
-8
-5
21
39
45
59
54
67
72
67
86
82
68
74
90
106
100
98
97
83
81
66
62
45
31
15
-3
-11
-4
-11
-23
-34
-44
-46
-48
-46
-49
-46
-37
-28
-17
-3
-16
-4
-14
8
-3
-8
9
5
5
4
20
-15
13
10
5
21
18
9
6
17
23
22
35
49
34
52
59
69
79
85
95
91
116
105
118
112
100
99
87
85
81
73
49
51
36
32
21
22
6
-25
-28
-42
-38
-30
-46
-36
-54
-63
-57
-49
-39
-38
-29
-38
-30
-34
-29
0
-5
5
12
14
30
39
32
53
53
48
55
65
68
87
72
76
66
53
69
60
69
55
63
43
30
38
36
32
34
11
12
5
-10
-4
-18
-2
-9
-13
-1
0
-2
-7
5
14
12
16
30
24
23
37
26
38
20
16
20
0
13
3
9
-2
-9
-2
-12
-7
-11
-3
16
16
13
17
11
38
33
35
50
39
48
66
50
62
61
74
66
41
58
35
31
27
5
10
2
-7
-6
-30
-40
-30
-43
-39
-48
-41
-57
-48
-40
-54
-41
-41
-28
-34
-22
-26
-16
-1
-3
4
-4
1
10
11
12
16
26
36
33
35
26
39
37
40
49
42
42
24
35
31
34
22
23
35
11
7
-4
-2
1
-9
-22
-22
-8
-7
-17
-15
-6
1
-10
2
21
39
21
9
37
37
36
32
14
23
5
1
11
9
-14
-21
-15
-41
-18
-21
-40
-34
-48
-39
-48
-37
-13
-15
-28
-18
-2
-7
3
32
28
18
29
14
7
30
16
11
6
7
-4
-19
-17
-32
-34
-47
-59
-71
-57
-53
-45
-68
-80
-82
-83
-75
-72
-76
-60
-48
-52
-66
-44
-33
-21
-9
-16
1
15
25
12
23
34
30
42
37
52
64
70
71
54
68
81
57
68
61
48
60
55
38
35
40
24
21
15
20
30
10
3
13
-3
-5
-9
-3
-8
-26
-10
-13
-1
-2
18
13
1
1
9
16
9
15
11
12
13
19
0
-8
-5
-6
-5
-1
-6
-25
-13
-21
-35
-20
-12
-21
-12
-5
-7
8
12
7
16
11
30
16
1
15
17
27
20
7
11
4
-21
-40
-43
-47
-48
-50
-66
-67
-73
-66
-85
-87
-78
-86
-82
-87
-76
-76
-70
-64
-61
-60
-59
-47
-40
-30
-20
-32
-13
7
17
27
37
47
26
15
32
32
25
17
30
43
28
23
24
19
-1
0
6
-2
-11
-15
-23
-30
-48
-47
-46
-60
-63
-71
-64
-63
-55
-67
-71
-50
-48
-68
-61
-47
-38
-40
-48
-39
-34
-26
-26
-39
-31
-17
-30
-29
-24
-26
-42
-52
-33
-37
-36
-48
-36
-30
-28
-34
-38
-23
-32
-23
-12
-5
-14
-12
-4
15
1
3
7
0
1
-7
-1
-16
-10
-17
-18
-36
-44
-38
-41
-59
-69
-65
-65
-82
-87
-86
-84
-91
-90
-87
-78
-76
-88
-67
-73
-57
-49
-58
-54
-44
-32
-15
-8
-21
4
-2
12
21
29
38
41
30
38
48
25
39
14
19
15
25
22
-1
14
-10
-5
-18
-33
-36
-45
-42
-43
-61
-71
-59
-69
-89
-84
-85
-69
-65
-74
-63
-63
-52
-45
-49
-41
-25
-31
-22
-6
-7
-7
11
2
13
2
2
5
-8
5
13
21
15
17
24
22
16
40
30
37
34
32
26
30
46
36
43
31
32
46
46
30
23
22
20
28
14
29
15
2
-5
-26
-23
-20
-39
-47
-54
-63
-58
-55
-46
-59
-47
-46
-53
-43
-33
-45
-34
-36
-35
-14
-28
-12
-12
-4
1
7
23
26
31
42
36
25
40
54
55
29
34
23
23
26
15
41
25
18
-2
-7
-1
-8
-2
-22
-33
-29
-33
-45
-56
-55
-59
-70
-77
-85
-55
-57
-57
-32
-50
-49
-26
-24
-20
-12
-4
-2
-1
1
-3
5
1
6
5
15
15
0
5
9
23
15
18
20
28
29
29
25
44
45
44
54
42
53
46
44
38
38
36
28
21
9
16
1
-18
-24
-31
-42
-56
-61
-62
-72
-71
-87
-106
-85
-96
-109
-105
-112
-87
-80
-86
-90
-88
-66
-62
-53
-49
-50
-38
-21
-23
-34
-6
-14
-4
17
-2
12
10
5
23
41
39
24
19
28
10
14
13
0
10
-2
9
-10
-28
-21
-35
-35
-35
-48
-44
-49
-50
-57
-42
-61
-59
-43
-58
-40
-62
-66
-53
-33
-61
-57
-45
-37
-50
-39
-41
-41
-25
-25
-23
-34
-24
-33
-14
-20
-40
-21
-17
-20
2
14
-2
6
4
8
15
11
10
14
17
2
7
-5
-7
3
-9
-19
-27
-50
-36
-61
-65
-53
-59
-67
-95
-81
-79
-78
-100
-93
-84
-100
-88
-91
-91
-89
-78
-79
-81
-56
-67
-56
-35
-42
-33
-36
-27
-14
-11
-4
4
14
6
11
28
31
36
26
38
54
42
40
41
49
45
29
27
31
25
15
17
10
-2
-18
-18
-22
-24
-25
-42
-34
-33
-35
-42
-55
-57
-52
-62
-63
-46
-59
-54
-60
-55
-43
-39
-28
-37
-33
-35
-34
-15
-22
-19
-21
-29
-26
-14
-15
-15
-11
-11
-15
-24
-4
-2
-4
-2
0
4
-3
5
-2
-16
3
-11
-7
0
-10
-7
-21
-30
-42
-32
-55
-57
-53
-74
-69
-85
-89
-80
-72
-79
-79
-69
-73
-73
-63
-68
-68
-58
-49
-37
-46
-26
-17
-21
-4
-4
10
8
19
30
31
41
38
41
61
59
75
50
61
64
60
69
49
64
53
42
41
32
30
43
12
12
9
-16
-14
-12
-11
-29
-46
-34
-39
-48
-53
-58
-48
-65
-60
-72
-65
-60
-72
-64
-68
-56
-53
-48
-38
-35
-38
-23
-18
-21
-29
-17
2
-2
-1
-3
-7
-3
-8
-16
-5
-11
-1
0
3
-5
0
5
5
-8
-13
-10
-14
-11
-23
-20
-30
-27
-36
-25
-30
-34
-44
-45
-47
-48
-44
-62
-57
-52
-59
-75
-75
-61
-79
-67
-61
-61
-52
-51
-21
-31
-36
-7
-14
-15
-13
-17
-18
-23
-16
-16
-13
9
-4
20
21
4
19
14
27
14
24
34
25
21
-2
0
16
22
-8
-5
-3
-26
-19
-30
-30
-39
-66
-54
-55
-66
-72
-80
-76
-78
-83
-70
-83
-79
-91
-83
-55
-72
-57
-60
-71
-49
-43
-57
-28
-24
-23
-24
-11
-3
-32
-12
-4
1
-2
14
20
9
1
15
31
24
34
22
21
31
29
20
19
13
29
27
16
11
-6
-11
-14
-12
-19
-19
-20
-37
-48
-46
-34
-30
-38
-47
-43
-46
-39
-35
-37
-18
-14
-28
-4
6
16
26
24
27
32
33
29
37
29
24
28
25
25
31
44
31
38
48
43
55
40
35
49
40
38
36
27
23
15
23
16
7
3
-19
-16
-20
-12
-29
-36
-43
-44
-36
-39
-50
-42
-47
-31
-47
-51
-43
-68
-44
-30
-27
-21
-12
-16
-15
-3
-1
-3
13
9
12
20
39
33
28
34
33
41
53
49
53
47
57
51
45
57
58
47
52
54
36
43
18
16
11
8
12
5
-2
-1
-3
-30
-27
-41
-27
-27
-54
-45
-49
-57
-59
-32
-29
-43
-32
-21
-13
-15
-11
-23
-22
-15
-1
1
0
-6
1
-7
10
22
10
14
16
28
10
21
23
37
26
22
17
30
28
30
40
41
45
39
32
12
23
26
9
19
6
-3
2
13
5
-24
-29
-15
-24
-45
-39
-30
-38
-34
-29
-31
-35
-46
-19
-17
-24
-19
-3
-5
-9
-2
13
15
18
22
29
39
26
23
45
34
37
57
53
50
45
48
43
51
66
58
70
59
48
51
49
29
24
17
-14
1
2
-14
-23
-34
-42
-55
-55
-49
-79
-72
-73
-71
-60
-77
-64
-63
-73
-63
-54
-72
-36
-49
-49
-26
-54
-39
-49
-20
0
-1
0
-11
-7
-4
-4
20
25
23
21
19
25
24
24
38
25
31
22
26
22
19
30
16
20
3
-5
14
12
-1
-3
-7
-25
-31
-18
-19
-30
-27
-24
-30
-22
-33
-39
-31
-19
-26
-16
-17
-27
-11
-21
-9
-10
-16
-4
-14
-1
-1
10
21
14
25
38
38
34
43
44
41
34
59
51
45
54
42
42
39
55
42
32
17
26
24
10
32
18
-3
-12
-32
-34
-30
-29
-41
-48
-68
-75
-65
-83
-76
-76
-71
-61
-79
-64
-56
-52
-49
-44
-44
-42
-27
-24
-13
8
0
14
16
21
27
21
25
27
25
38
52
46
41
44
46
37
44
49
28
24
27
23
19
24
10
-1
11
-3
5
-5
-19
-25
-23
-26
-21
-28
-11
-13
-24
-22
-50
-41
-51
-51
-51
-57
-54
-44
-29
-26
-30
-37
-26
-13
-1
-2
-4
-1
4
10
15
2
15
25
27
48
31
37
46
52
45
49
63
61
60
72
61
46
65
64
57
36
36
38
29
15
2
-13
-15
-6
-36
-52
-51
-47
-65
-73
-75
-71
-73
-71
-68
-78
-53
-59
-59
-37
-38
-36
-34
-21
-13
20
12
14
34
42
45
29
32
47
74
67
65
75
56
72
75
74
67
62
66
64
65
38
37
22
35
48
24
29
16
10
4
12
-9
-8
9
-7
-18
-9
-22
-30
-26
-36
-15
-33
-18
-22
-17
-37
-36
-27
-22
-29
-21
-2
-17
-20
-13
-19
-21
3
5
7
5
13
4
17
25
32
38
27
34
44
49
51
55
63
54
68
70
62
60
41
50
51
44
40
36
31
17
-3
3
-15
-8
-15
-18
-17
-28
-35
-45
-41
-53
-60
-33
-37
-43
-38
-43
-35
-34
-2
-14
-15
15
12
22
37
41
41
31
50
44
44
41
39
45
63
76
53
52
61
54
70
62
58
56
34
42
45
37
25
18
12
33
19
2
10
8
2
-7
-21
-13
-25
-24
-26
-36
-45
-47
-40
-36
-44
-31
-34
-39
-37
-33
-17
-21
-6
-7
3
-4
-7
-1
8
22
24
18
24
29
26
16
20
38
30
33
39
43
38
40
61
40
48
46
59
46
42
36
50
45
26
22
27
22
14
26
3
-6
-24
-12
-15
-52
-40
-43
-44
-36
-45
-36
-48
-48
-12
-17
-30
-28
-25
-13
-5
-14
2
13
-1
8
29
22
42
44
51
58
53
63
51
52
58
59
45
61
54
31
37
37
20
25
24
14
5
10
29
-6
-18
-18
-19
-11
-26
-11
-25
-10
-14
-50
-31
-39
-36
-29
-37
-39
-33
-30
-33
-25
-26
-15
-20
-11
-6
3
3
13
3
4
15
10
19
21
30
16
46
24
41
48
37
57
50
56
59
75
65
53
57
48
58
38
42
27
40
50
30
49
45
37
21
14
15
6
-12
-14
-26
-31
-33
-28
-25
-46
-36
-31
-24
-27
-37
-23
-33
-18
-3
2
1
11
16
19
25
19
42
35
41
54
47
48
42
65
73
69
70
65
43
65
59
49
57
33
30
27
28
19
31
26
18
14
5
11
1
-7
-4
1
-13
-19
-16
-14
-14
-7
-7
1
-8
1
-4
-13
5
2
32
20
20
19
17
19
10
19
14
28
40
34
45
50
48
48
53
58
57
55
63
72
65
69
88
91
73
73
74
69
83
75
53
59
50
32
50
41
30
35
21
15
-4
-11
-21
-16
-13
-17
-26
-24
-33
-42
-47
-44
-34
-29
-22
-32
-26
-16
-14
-1
5
2
9
17
6
36
12
8
44
38
37
32
43
26
34
36
38
37
35
42
28
35
22
27
33
26
12
16
18
12
15
17
5
3
-11
-6
9
-21
-11
-1
-8
-14
-12
-24
-9
-12
-17
-13
-6
-10
-16
-1
8
5
7
5
8
18
13
26
18
25
41
28
30
26
34
25
45
34
28
45
48
50
44
53
46
41
52
42
49
52
39
38
39
39
22
20
3
4
-11
-10
-9
-25
-31
-14
-28
-36
-48
-54
-43
-58
-49
-56
-50
-58
-64
-57
-52
-47
-35
-25
-28
-25
-22
-15
-27
-7
0
3
-3
6
19
18
18
15
27
37
53
45
52
39
39
39
28
46
28
25
23
27
26
30
28
19
27
17
24
3
5
14
20
19
0
-9
-9
3
4
1
0
20
8
14
7
9
23
25
32
41
40
41
36
51
57
42
39
39
46
59
56
43
52
51
58
75
76
61
67
74
70
64
59
66
65
58
50
38
52
49
39
50
48
28
19
20
13
29
18
19
25
20
7
2
-6
-2
-10
-21
-9
-25
-4
-6
-5
-4
2
6
-14
4
18
31
33
38
40
59
48
58
64
64
56
63
75
61
66
50
50
65
49
42
52
56
53
31
32
20
19
22
17
18
14
6
18
11
3
-3
-13
-14
-18
-21
-20
-5
-22
-7
5
-9
-6
-14
-2
-7
-9
0
12
7
11
18
12
26
7
21
31
36
24
31
43
27
38
38
48
44
36
43
58
57
49
42
49
52
46
43
41
38
34
34
43
44
25
32
25
19
10
25
19
9
11
1
-11
-8
2
-17
-25
-28
-33
-18
-24
-28
-20
-13
7
-8
4
12
10
3
15
30
24
15
21
37
40
44
48
43
40
44
43
50
55
67
59
45
48
42
34
38
33
28
3
16
27
6
12
4
-13
12
13
-14
-9
-19
-15
-30
-26
-37
-43
-36
-35
-32
-38
-37
-42
-30
-32
-33
-27
-18
-19
-16
-11
-13
-10
-6
0
1
5
20
18
9
23
36
30
30
22
20
27
28
38
30
30
26
43
37
35
33
27
42
31
48
41
27
48
52
15
30
23
16
9
9
15
4
18
0
0
-8
-22
-23
-16
4
-3
-9
-7
-12
-13
6
-9
-7
6
5
10
18
35
26
27
36
40
50
50
57
39
45
46
40
49
48
39
35
51
43
35
37
35
37
21
37
14
22
24
19
22
17
29
15
23
8
25
1
-8
-10
-20
-12
-18
-22
-15
-12
-23
-13
-9
-7
-15
-10
-10
9
6
-1
7
13
26
14
14
26
45
45
38
47
57
50
56
55
73
54
54
78
47
65
56
50
56
54
56
41
54
53
39
34
50
43
28
23
16
19
19
18
-3
-2
0
10
-4
-1
5
-11
-8
-10
-12
-11
0
2
19
17
13
17
25
27
16
15
24
24
33
34
32
38
48
52
47
73
56
68
54
57
62
51
60
59
46
46
49
46
61
61
38
46
49
43
36
28
37
29
26
36
17
7
12
18
17
10
17
23
23
12
23
14
8
3
0
18
15
2
9
6
7
12
17
19
11
36
15
30
38
19
28
27
31
24
33
32
31
20
25
18
34
38
32
27
9
16
7
11
1
8
-1
-9
-7
-22
-27
-27
-32
-36
-30
-35
-40
-51
-48
-46
-27
-49
-45
-33
-29
-39
-28
-24
-23
-25
-4
-15
-14
-5
-8
12
3
14
-1
9
9
14
10
10
26
21
26
10
11
11
4
8
14
9
-13
0
-4
-23
-18
-24
-15
-9
-23
-17
-20
-32
-43
-41
-46
-46
-46
-49
-46
-43
-38
-43
-40
-44
-54
-55
-49
-41
-37
-39
-38
-56
-48
-50
-52
-40
-36
-35
-20
-12
-12
-20
-13
-4
17
8
-9
2
2
-3
1
9
-3
-3
11
7
0
7
7
-3
1
3
2
-11
-2
-12
-27
-11
-12
-29
-25
-17
-26
-30
-28
-25
-40
-23
-30
-29
-11
-18
-20
-11
-6
-10
-27
-21
-23
-12
-14
-10
-8
-7
1
7
-10
1
6
17
2
7
9
-4
12
8
-1
1
20
28
17
6
-4
-2
10
4
21
11
-13
2
2
-7
-15
-18
-13
-24
-36
-30
-36
-43
-37
-41
-40
-27
-38
-32
-20
-40
-36
-29
-37
-35
-35
-15
-28
-26
-24
-15
-11
-18
-11
-9
-7
-2
-10
-2
-4
-4
-15
-6
14
6
-3
3
8
15
11
9
0
0
-5
-5
2
-8
5
18
-1
7
1
-8
-3
-9
-17
-26
-17
-5
-17
-15
-31
-28
-16
-23
-19
-38
-36
-26
-33
-31
-23
-22
-20
-20
-30
-14
-11
5
-9
-10
4
-5
-8
-11
-5
-7
-10
3
14
4
-4
1
1
-2
-6
-3
-4
-3
-7
-16
-6
-6
-13
-11
-19
-17
-4
-7
-25
-40
-17
-17
-42
-29
-43
-29
-29
-35
-25
-39
-20
-29
-19
-16
-42
-35
-45
-36
-42
-35
-26
-28
-14
-13
-11
-16
2
0
0
-3
-3
17
2
2
7
6
9
19
3
6
28
24
12
28
19
15
20
28
24
12
10
14
4
-5
-3
0
11
-7
-10
-2
-5
-16
-19
-11
0
-14
-14
-16
-11
-9
-13
-14
-5
8
-5
17
20
16
0
13
27
-1
11
14
24
18
28
19
6
9
8
3
1
4
1
-3
-6
-7
-3
13
2
3
9
8
10
9
15
16
-10
16
8
-1
2
-23
14
-4
-7
1
6
12
23
17
9
18
16
1
14
24
22
34
24
27
20
8
27
23
15
30
23
34
42
43
48
39
41
56
48
59
42
31
47
49
56
59
62
53
48
36
38
49
33
