0
-1
0
-3
5
-5
-1
4
-8
13
-15
1
2
-3
-8
5
4
10
5
8
23
9
19
12
12
19
26
20
17
-7
-1
2
-10
-13
4
-11
13
-7
-13
9
-2
3
-2
-2
-5
3
-6
5
8
6
1
5
1
-3
-3
-18
-15
-20
-10
-25
-26
-14
-19
-4
-22
-7
-2
-2
-4
3
7
5
10
4
11
2
-7
-4
4
9
-17
-17
3
-4
-3
-1
16
11
21
26
18
15
34
21
25
25
10
31
20
26
22
15
22
17
27
33
36
30
27
3
9
17
13
24
25
20
22
12
11
10
-9
6
8
17
3
-2
7
-7
-7
-6
-3
2
-4
-16
-15
-7
-9
-18
-12
-20
5
7
5
14
12
7
14
8
3
-15
-4
-5
-1
0
-4
11
6
11
-10
-8
-10
9
3
1
22
3
20
14
28
42
5
23
39
48
37
39
32
25
28
17
38
38
31
38
32
32
33
34
42
46
34
42
22
24
32
22
8
11
16
12
11
10
16
-2
-2
15
-8
-2
2
4
24
18
14
15
27
17
22
19
27
28
27
19
6
18
27
18
18
24
27
26
34
38
33
36
50
32
31
30
36
36
41
25
23
37
20
31
30
17
23
17
16
29
34
22
36
39
31
35
30
37
23
26
41
33
35
18
18
27
28
22
14
13
14
9
9
13
14
16
13
15
18
11
20
30
14
21
29
34
18
17
24
11
29
22
37
23
33
33
21
16
26
28
17
23
24
22
33
37
26
26
22
23
31
11
6
16
-2
2
0
1
-7
8
0
3
17
-4
12
20
24
19
8
12
11
8
6
10
-2
9
4
9
11
9
-2
11
19
10
10
1
20
13
19
5
6
27
24
12
24
25
15
17
16
36
26
10
26
33
24
35
23
28
35
23
23
15
24
24
31
38
26
20
19
25
31
28
31
23
17
32
20
24
31
22
24
4
21
20
23
24
23
28
23
36
32
24
20
16
30
22
17
21
6
17
18
23
-1
8
21
19
16
23
25
13
18
23
24
30
33
29
26
14
26
22
12
7
17
8
13
13
10
17
28
31
18
19
7
29
31
27
-4
5
22
24
14
14
27
23
33
11
29
33
14
12
23
21
19
13
14
10
14
15
10
26
26
24
17
14
19
22
29
18
20
17
13
28
15
22
30
12
14
30
42
36
30
31
43
52
56
53
55
48
34
45
35
44
41
42
41
47
28
17
40
26
12
20
39
9
19
21
24
22
20
26
16
18
24
21
20
30
23
15
11
37
23
20
26
12
18
-3
23
25
24
30
23
23
21
32
35
26
26
28
25
39
37
36
36
34
31
22
28
27
34
34
24
35
34
36
22
41
44
28
56
38
37
32
48
39
28
52
28
34
34
31
23
36
34
37
26
17
27
35
22
15
26
21
26
16
14
22
24
23
8
6
27
32
25
30
6
-2
13
18
19
1
18
34
15
26
10
27
17
14
19
13
0
4
1
-5
0
-2
6
-17
-14
-17
-3
-8
-2
4
0
-4
-13
-8
-12
1
6
4
12
0
11
14
3
9
16
1
1
9
11
16
20
15
16
24
12
8
23
1
-1
11
19
14
0
9
0
-7
0
2
8
5
10
1
0
13
10
-2
1
-10
2
-7
-1
3
5
10
-5
3
7
3
6
10
-3
6
-18
-8
3
-8
-10
-4
16
-4
-3
3
18
16
8
13
15
16
24
30
24
37
15
25
28
37
29
30
31
19
11
16
19
18
23
14
16
21
15
28
40
19
24
27
25
3
4
18
9
7
18
14
16
24
10
12
20
29
10
2
-8
-7
-6
-2
-3
3
0
-7
0
-6
-1
4
4
12
-8
17
-3
-17
5
10
-5
0
10
-4
9
11
16
8
16
28
0
8
16
21
2
17
31
19
25
21
28
4
9
12
17
13
31
14
10
14
10
27
14
6
3
14
13
11
21
20
28
29
17
17
30
10
8
6
6
7
2
8
-2
10
9
19
12
14
17
20
9
-2
13
21
10
10
18
10
11
3
19
13
15
3
11
8
-5
0
-14
-7
6
11
7
2
-14
0
-8
3
-6
-2
10
1
-5
-5
-5
1
3
-9
-19
-25
-11
-28
-17
-27
-18
-13
-14
-8
-3
-14
-12
-5
-21
-14
-7
-19
-24
-11
-22
-20
-28
-20
-8
-13
-20
-30
-18
-6
-7
-9
-6
-6
-9
-21
-17
10
3
-15
-18
-6
-19
-2
-3
-7
5
4
2
2
-3
-14
0
-13
-6
-9
-25
-2
-19
-15
-16
-26
-3
-7
-6
-17
-9
-13
-20
-15
-19
-13
-25
-28
-24
-16
-11
-15
-16
-33
-21
-15
-4
-19
-15
-11
-19
-27
-15
5
-12
-13
-24
-15
-26
-24
-18
-22
-2
-1
1
-4
3
2
-6
14
7
1
1
1
-5
18
11
16
24
11
4
26
24
21
22
27
29
14
37
36
32
38
28
29
27
44
42
25
35
18
12
12
11
16
10
29
28
21
41
18
19
22
21
40
32
20
36
26
6
19
13
24
28
10
17
11
8
18
8
18
17
22
20
10
14
-1
-10
14
19
17
9
22
9
13
26
23
39
25
17
30
33
33
30
18
13
32
19
17
26
24
32
21
29
31
37
19
53
50
42
49
36
35
35
33
31
46
54
48
33
30
35
34
32
42
42
56
42
47
38
24
29
21
26
20
22
8
19
21
12
22
19
25
33
15
3
22
19
25
28
10
26
22
11
13
18
14
25
21
16
14
18
23
22
30
24
33
31
27
31
16
0
25
22
9
21
24
21
37
38
30
41
26
18
26
25
26
27
22
29
27
37
18
28
25
17
34
23
23
28
26
29
18
24
30
14
23
19
2
27
17
22
21
6
16
16
28
22
26
19
10
8
-1
5
23
27
17
12
-5
6
16
1
5
3
-6
5
-10
-7
7
0
7
12
19
21
28
22
14
15
17
15
16
21
15
2
15
3
5
17
-3
12
15
14
17
3
0
1
1
-1
8
32
11
25
20
-2
0
8
26
4
7
16
25
13
3
35
25
1
12
6
6
17
16
28
21
16
27
19
24
17
6
0
14
20
23
29
9
14
35
26
18
3
30
37
36
37
36
43
50
49
39
32
26
37
39
33
39
29
31
30
39
36
37
32
44
37
48
44
38
40
22
37
47
43
31
52
43
44
38
33
37
10
23
25
34
25
8
24
1
15
2
10
-1
7
22
19
24
19
39
47
24
27
31
27
39
29
41
36
29
31
33
39
31
35
39
39
44
42
29
50
57
54
55
43
50
46
55
47
55
47
66
59
41
56
59
55
53
56
46
38
46
46
43
41
38
52
47
44
53
44
56
52
46
38
39
43
9
31
35
36
34
49
47
29
57
38
46
52
54
54
47
49
55
50
39
55
51
48
45
31
31
54
48
41
49
47
38
40
59
59
55
48
51
41
56
40
56
67
45
64
57
55
54
52
53
53
54
47
44
56
53
41
48
45
45
37
25
50
48
47
50
56
39
43
56
60
57
54
65
64
44
48
53
40
46
33
45
50
36
36
40
37
42
47
34
49
44
51
40
38
35
33
36
51
43
49
32
25
59
40
47
66
56
54
49
60
72
61
61
58
61
58
54
53
56
41
47
43
42
35
41
42
41
43
49
46
35
33
41
37
37
47
57
48
49
53
55
64
58
45
54
55
62
62
51
68
53
45
56
44
57
60
61
60
40
54
64
55
40
46
49
43
50
59
51
47
48
53
51
48
73
67
58
55
62
76
62
63
76
55
66
66
58
54
57
51
59
58
65
65
61
55
43
57
33
53
43
54
54
40
49
61
61
47
54
43
56
46
27
38
30
20
27
15
13
35
29
36
27
22
28
30
39
19
21
32
27
20
41
38
28
33
27
15
22
25
10
19
25
21
44
26
39
42
36
23
23
28
31
29
21
20
5
24
14
24
53
40
38
34
33
43
32
30
33
36
39
37
19
30
24
45
34
31
41
39
43
23
25
14
29
20
12
34
36
29
23
22
27
25
35
21
22
14
20
20
16
35
27
35
41
35
23
20
11
38
44
8
21
20
9
24
26
34
21
21
17
5
22
30
23
24
27
25
27
28
32
31
46
49
44
49
44
45
63
46
50
50
54
61
49
59
57
58
56
60
62
49
57
57
56
59
56
58
55
61
57
63
58
65
69
74
66
69
67
66
85
71
81
87
82
81
80
65
59
54
65
63
70
53
54
54
58
56
59
50
40
61
52
65
49
61
46
59
73
59
72
52
72
71
75
82
56
57
63
81
62
71
97
53
65
61
82
80
65
84
77
83
59
72
73
75
77
78
78
75
79
76
71
64
79
75
58
69
77
77
84
64
74
83
51
70
64
72
65
66
48
46
47
50
64
70
74
61
73
55
68
66
70
59
70
61
65
55
47
48
49
49
61
59
56
47
53
53
63
65
61
64
60
61
57
59
55
58
64
51
32
39
51
61
43
48
32
42
38
31
55
47
45
47
46
33
37
37
36
33
55
58
49
48
53
61
50
54
36
49
67
64
70
52
50
63
52
58
61
65
65
46
65
55
43
54
62
47
62
44
30
39
29
39
45
25
34
33
24
32
26
29
14
23
36
32
32
20
30
42
43
35
47
36
32
49
53
50
36
31
29
38
39
38
40
44
23
33
32
35
42
35
42
37
33
42
38
31
30
39
41
34
36
25
21
21
10
15
12
0
-2
11
20
24
17
36
36
24
35
25
15
26
31
21
40
22
48
50
35
41
33
42
37
31
34
44
46
41
38
33
44
47
43
41
44
47
43
40
47
52
40
41
51
68
46
37
35
35
43
33
47
38
47
55
36
34
36
33
35
25
33
37
32
43
39
37
33
25
33
35
37
35
31
31
34
27
31
33
33
33
27
21
32
36
27
43
43
35
42
41
39
27
27
32
24
44
34
22
31
32
28
15
21
39
34
21
38
27
24
32
19
14
10
28
28
28
32
30
49
44
50
47
40
35
48
36
36
31
33
47
48
36
36
40
42
38
48
44
24
41
43
56
49
46
46
51
52
39
33
38
40
36
48
37
32
42
49
42
24
25
30
26
37
23
24
28
28
20
20
33
28
28
42
48
28
19
32
28
26
37
17
26
20
15
26
26
32
22
16
10
15
18
18
22
29
27
30
23
29
22
15
21
13
29
16
17
20
30
28
17
26
11
22
14
0
25
17
18
22
28
22
12
30
37
22
21
19
16
23
25
15
16
22
17
12
26
35
21
43
41
13
19
24
32
24
32
26
18
12
5
7
-5
-13
8
-10
-10
-2
-8
2
-17
-3
-14
-14
-20
-9
-20
-32
-27
-24
-13
-3
4
0
-1
-4
-13
8
-11
-11
-15
-16
-17
-15
-12
-8
-13
-9
-16
-20
-18
-15
-9
-11
-2
-2
8
-4
-6
-7
-15
-8
-3
-19
-10
-19
-15
-11
-19
-28
-27
-21
-9
-10
-24
-31
-24
-32
0
-4
-31
-19
-18
-22
-29
-17
-27
-7
-13
-8
-9
-11
-12
-1
-4
-23
-7
-6
7
-1
13
5
-1
7
5
2
-6
2
-4
-19
1
4
-5
-3
-15
-1
-2
11
3
10
11
-6
3
-1
-13
-25
-7
-12
-6
7
-2
3
-8
-4
-11
-6
-2
-3
2
9
2
-9
11
2
-4
-10
-8
-18
-1
-13
-10
-8
-3
11
-15
2
-2
-3
8
13
10
-2
10
21
-7
-5
-4
0
-6
11
18
9
26
10
-1
8
20
16
16
28
44
13
-2
-3
17
19
20
34
30
28
0
30
37
16
28
9
-4
17
13
10
18
18
19
23
21
12
9
21
8
25
35
24
14
-1
22
35
23
32
35
23
32
28
13
28
24
18
24
17
16
35
32
34
19
28
42
19
34
26
17
23
20
18
15
14
13
20
9
9
9
26
22
6
30
38
35
21
23
30
24
30
35
27
39
54
63
74
77
80
77
62
46
47
48
50
37
22
29
36
34
30
22
17
29
28
36
19
26
18
20
17
26
17
9
6
2
15
11
31
40
43
55
48
27
25
29
20
24
32
11
10
18
13
16
20
35
49
39
34
25
28
23
14
7
-5
-2
3
15
30
24
36
40
34
34
34
34
33
16
9
32
22
31
28
8
10
21
37
48
35
25
2
-7
0
2
4
-9
-2
-9
-8
-15
-26
-4
-5
-1
4
18
32
15
27
28
11
18
26
7
4
-10
6
-1
2
1
12
28
25
37
25
28
27
37
34
13
20
20
6
16
7
-2
25
33
43
40
30
16
27
15
13
2
-11
-13
-24
-8
-9
-8
4
18
22
11
22
17
-5
-3
15
9
23
30
39
47
21
30
14
-2
-32
-30
-29
-40
-16
-20
2
-1
8
6
16
34
45
38
33
15
-3
9
19
31
35
26
15
-5
-25
-20
-11
-16
-15
-8
-14
-1
8
25
9
22
36
31
43
19
1
11
20
29
41
47
65
57
52
49
27
22
19
-7
3
-2
0
15
41
51
39
43
20
8
-13
-3
2
7
7
17
40
34
28
22
32
30
36
28
-7
4
-14
5
5
10
3
-18
-22
-21
-9
17
46
39
19
4
-5
-8
-10
-5
11
21
34
43
34
35
24
15
20
5
35
49
58
56
49
27
31
43
16
23
-9
-12
-4
-1
-4
-4
21
42
53
58
63
63
62
62
78
54
46
32
16
16
5
20
10
12
-6
-25
-7
-1
11
17
8
0
-8
-5
1
-1
7
-3
-7
-3
2
16
10
32
24
24
34
33
26
35
17
20
-12
-7
-10
-7
7
-23
-4
-1
-1
-7
6
-16
-26
-25
-17
-22
-30
7
-4
-16
-23
-43
-43
-30
-25
-13
-4
-10
-20
-7
-2
-13
0
-2
16
10
-4
-21
-5
1
-24
-27
-26
-21
-26
-19
-10
-9
-16
-13
9
-1
-18
-25
-42
-30
-34
-28
-37
-36
-36
-42
-34
-35
-25
-9
-14
-19
-35
1
-5
-22
-45
-38
-55
-61
-63
-73
-52
-44
-25
-15
-22
-7
6
-31
-30
-43
-32
-42
-46
-56
-71
-55
-55
-18
-11
-23
5
-3
-9
-17
-37
-49
-19
1
-30
-33
-52
-69
-64
-53
-47
-49
-87
-60
-46
-46
-25
-33
-33
-43
-52
-62
-47
-50
-32
-31
-39
-58
-62
-46
-38
-41
-34
-28
-28
-39
-19
-21
-34
-47
-69
-74
-57
-47
-28
-56
-64
-69
-90
-85
-68
-78
-61
-65
-74
-61
-53
-52
-54
-45
-51
-55
-51
-35
-52
-42
-40
-47
-49
-68
-51
-31
-50
-71
-54
-39
-16
-24
-10
-4
-30
-46
-42
-38
-65
-75
-75
-57
-66
-71
-56
-45
-31
-27
-48
-42
-55
-67
-72
-83
-92
-71
-56
-67
-48
-38
-16
-37
-43
-49
-45
-26
3
-18
-48
-61
-61
-39
-25
5
-27
-27
-51
-78
-67
-76
-69
-75
-77
-72
-77
-68
-63
-74
-94
-76
-85
-89
-54
-62
-41
-49
-69
-76
-79
-90
-78
-84
-75
-46
-25
-34
-58
-57
-64
-63
-99
-95
-89
-86
-76
-84
-91
-90
-73
-60
-41
-36
-35
-41
-52
-69
-98
-116
-94
-94
-80
-61
-52
-33
-39
-30
-45
-43
-40
-41
-18
-29
-40
-56
-60
-73
-81
-81
-48
-23
-26
-52
-85
-132
-136
-105
-63
-71
-103
-84
-83
-61
-48
-29
-39
-66
-61
-68
-75
-77
-59
-55
-5
-5
-23
-67
-66
-38
-47
-67
-102
-141
-121
-81
-21
2
-46
-67
-115
-94
-97
-100
-98
-110
-49
-38
-7
-3
-21
-40
-42
-68
-109
-128
-107
-70
-63
-30
5
-13
-11
-14
-65
-82
-101
-84
-83
-95
-101
-91
-103
-89
-54
-35
-78
-113
-79
-83
-58
-37
-49
-61
-53
-65
-75
-67
-56
-36
-32
-10
-26
-66
-52
-64
-29
-18
-22
-25
-56
-81
-72
-72
-66
-49
-30
-12
4
4
19
16
7
0
-12
-38
-33
-17
-52
-64
-89
-80
-70
-63
-84
-86
-66
-30
-6
17
11
-40
-53
-54
-92
-73
-99
-103
-91
-74
-11
14
16
5
-32
-4
1
17
22
-24
-11
-40
-72
-87
-115
-117
-74
-21
28
29
49
9
-23
-51
-81
-70
-53
-12
-18
-8
-51
-84
-99
-141
-120
-128
-91
-33
3
-5
-11
0
-23
-30
-15
-30
-39
-55
-34
-11
-14
10
-24
-33
-13
-38
-30
-32
-67
-64
-72
-74
-74
-46
-42
-67
-42
-10
0
11
6
-17
-16
-60
-54
-57
-22
-13
-11
35
33
41
22
-13
-14
-48
-27
-45
-37
-10
15
49
43
17
-20
-10
-26
-18
-16
-29
-28
-29
-9
-9
20
-24
-45
-48
-37
15
20
-39
-77
-77
-53
-25
-26
-20
-39
-39
-9
-19
-47
-21
-42
-43
-59
-62
-55
-21
-25
-40
-61
-57
-61
-92
-84
-87
-50
-39
-25
-14
-32
-56
-69
-60
-83
-62
-57
-64
-28
-47
-47
-65
-79
-50
-58
-30
-27
-27
-14
-23
-33
-15
-42
-56
-101
-86
-106
-87
-79
-56
-31
-71
-69
-37
-66
-36
-46
-25
-16
-60
-66
-113
-66
-116
-94
-95
-92
-86
-46
-84
-79
-116
-77
-72
-77
-86
-39
-42
-38
-44
-55
-95
-116
-130
-87
-65
-49
-43
-35
-16
-51
-39
-60
-66
-96
-112
-80
-77
-51
-83
-59
-80
-38
-49
-47
-47
-70
-78
-109
-98
-81
-101
-94
-80
-79
-86
-97
-64
-92
-63
-42
-57
-41
-33
-52
-46
-31
-26
-46
-108
-122
-150
-84
-119
-95
-66
-109
-29
-96
-53
-146
-119
-99
-89
-18
-78
-49
-25
-39
-21
-47
-43
-93
-27
-102
-71
-50
-106
-54
-77
-25
-47
-63
-18
-79
-70
-108
-83
-40
-87
-27
-66
-29
-14
-44
-21
-29
-67
-3
-42
-1
0
-18
-32
-36
-37
-48
-36
-63
-63
-64
-60
-25
-65
-41
-64
-79
-66
-80
-67
-44
-55
-49
-24
-59
-55
-89
-42
-37
-43
-26
-51
-58
-52
-85
-5
-40
-28
-22
-24
-30
-37
-59
-47
-71
-70
-14
-20
-35
-37
-33
-21
-29
-61
-17
-37
-6
-16
-21
-16
-47
-3
-29
-3
0
-14
-25
-49
-49
-27
-59
-39
-52
-88
-39
-85
-41
-35
-49
-18
4
-22
16
3
-59
-32
-72
-14
-44
-75
-78
-95
-77
-96
-70
-72
-23
-26
-56
-26
-72
-90
-87
-73
-59
-38
-82
-96
-61
-92
-60
-70
-36
-29
-16
-28
-89
-71
-54
-67
-85
-78
-58
-48
-67
-101
-43
-109
-71
-74
-86
-49
-36
-10
22
-51
-20
-7
-36
38
-38
-25
-86
-100
-65
-75
-68
-36
-24
-67
-19
-51
-47
-50
-42
-32
-30
-77
-86
-36
-21
-32
-13
-80
-61
-52
-83
-60
-30
-21
-53
5
-10
-26
-28
-41
-6
-54
-50
-19
-24
-41
-51
-31
-45
-28
-61
-68
-91
-125
-89
-68
-45
-31
-32
-56
-70
-110
-93
-67
-121
-126
-117
-93
-58
-54
-43
-62
-95
-87
-92
-108
-66
-70
-67
-57
-29
-103
-100
-110
-86
-70
-79
-78
-71
-84
-94
-91
-80
-43
-76
-28
-43
-79
-57
-56
-37
-53
-92
-64
-54
-61
-67
-69
-67
-92
-76
-55
-73
-52
-62
-22
-61
-2
-20
-20
16
4
-39
-22
-16
-42
-99
-92
-82
-82
-70
-64
-61
-50
-97
-81
-84
-79
-68
-68
-46
-67
-65
-81
-90
-118
-113
-83
-53
-24
-13
-19
-43
-86
-43
-76
-70
-34
-69
-21
-38
-36
-51
-26
-29
-51
-34
-62
-75
-92
-61
-53
-10
-18
-41
-49
-29
-49
-30
-29
-37
-48
-62
-43
-37
-9
-32
-28
-15
-27
-76
-73
-48
-94
-78
-79
-54
-40
-68
-13
-6
13
2
0
4
-31
-15
-30
-61
-9
-11
-9
-6
1
-21
-50
-15
-57
-34
-9
-34
-13
-40
-24
-65
-42
-61
-17
-45
-34
-27
-71
-29
1
-17
16
4
-27
-29
-63
-5
-55
-34
-35
-14
-25
-22
15
-29
-23
-38
-5
-31
40
-22
-31
-28
-32
-35
-14
-21
18
15
-23
7
-35
-15
-58
-23
-36
-16
-1
15
-59
-88
-102
-147
-95
-52
-49
-2
5
22
30
18
-8
-21
14
-64
-31
-50
-52
-60
-10
-43
-34
-33
-35
6
-41
-29
-54
-73
-85
-45
-89
-51
-27
-32
-31
-33
-32
-53
-81
-63
-57
-81
-54
-31
30
18
10
21
-22
-67
-52
-52
-45
-30
-35
-28
-49
-9
-22
-14
-29
-55
-55
-90
-96
-66
-53
-29
-25
1
4
4
-12
-47
-41
-17
15
-6
42
32
30
33
-27
-12
-26
-4
-31
0
-14
-41
-46
-50
-25
-14
-34
-20
-36
-5
-41
-42
-9
-26
51
7
43
-4
-3
7
-10
40
5
17
11
5
32
-43
-56
-55
-66
-30
15
25
27
16
23
9
17
29
13
17
29
72
19
34
23
-6
-57
-78
-78
-53
-99
-83
-88
-42
-28
18
6
9
24
-28
30
-42
8
0
15
6
-30
44
5
28
-12
30
-8
-60
9
12
49
2
50
49
23
17
-19
12
-67
-71
-56
-71
-66
-76
-53
0
42
6
63
3
-20
7
-26
7
2
24
27
72
51
34
6
-26
-5
19
51
38
67
41
-3
-32
-67
-24
-43
-23
-20
-37
28
15
72
0
-8
-67
-85
-76
-113
-66
-104
-80
-47
-19
-35
-21
-30
-39
7
22
82
101
90
87
128
69
73
79
-8
6
8
1
-28
-41
-24
-26
37
37
42
-12
-15
7
-48
-48
-126
-108
-77
-51
-49
-31
-51
-63
-64
-30
46
24
32
42
57
52
80
40
63
25
33
-8
1
-23
-21
30
15
21
-15
-1
-45
-61
-81
-68
-51
-67
2
-7
17
29
36
7
-55
-47
-16
-9
10
12
4
26
12
20
15
18
-2
-20
-72
-50
-119
-87
-31
-27
7
-35
-49
-117
-96
-89
-44
-45
-29
89
76
93
73
37
60
46
0
-56
-35
-42
-85
-89
-81
-78
-26
24
45
7
-64
-48
-34
-67
-59
-8
-68
18
-18
-31
-13
-31
8
-38
23
23
51
67
48
93
36
67
43
23
-25
-52
-55
-79
-20
-65
-83
-72
-37
-14
-35
17
-55
-48
-41
-66
-8
-31
-36
-73
-62
-73
-67
-102
-31
5
-32
-69
-57
-36
-8
80
78
58
52
35
-20
-50
-73
-96
-109
-143
-103
-16
5
42
-1
65
95
41
31
-18
46
-2
-11
-12
-64
-85
-72
-36
-58
-54
-19
-4
35
8
41
5
-42
-45
-80
-64
-93
-58
-52
-29
-21
-29
-13
-5
-27
-67
-107
-84
-78
-48
-3
20
31
42
32
20
31
21
13
52
67
53
14
53
31
-13
5
-10
-44
-59
11
4
35
-5
-33
-62
-50
-83
-111
-65
-85
-53
-57
-12
30
48
49
90
41
7
28
15
27
46
22
41
4
12
13
1
100
63
45
26
32
39
28
-23
-62
-34
-51
-35
-16
-31
-80
-85
-63
-39
-37
18
26
84
102
119
122
120
57
-46
-59
-88
-90
-97
-74
-136
-102
-116
-120
-33
-58
-57
-27
-48
-57
-14
-20
31
35
53
47
33
56
99
98
110
111
44
85
45
9
37
44
37
14
-16
-2
-54
-13
-29
0
-28
-39
1
-42
-37
-24
-5
-69
-79
-126
-136
-36
33
48
81
82
55
61
65
51
50
-10
-28
-47
-69
-19
-47
-68
-55
-89
-88
-89
-78
-71
-78
-77
-55
-46
-44
-3
50
41
23
19
17
-16
-17
10
32
27
48
48
33
72
14
13
-12
-63
-33
-34
-33
-63
-109
-133
-99
-43
-23
-8
28
-12
33
46
37
81
31
35
8
17
-9
-34
-18
-35
15
42
48
72
102
91
18
45
65
48
30
-1
-15
-52
-26
-38
-22
9
16
39
36
23
-4
8
3
16
4
0
18
-1
3
1
-24
-48
-34
8
24
17
-21
-40
-30
-50
-45
-58
-39
-39
-55
-37
-3
-35
-76
-74
-15
-33
-22
22
11
14
23
76
45
41
10
-19
-28
-35
-15
4
17
31
41
59
68
45
42
35
52
31
18
47
47
49
10
16
36
45
57
88
68
85
81
37
22
-6
-3
-6
-7
4
2
-9
-22
-7
52
48
98
72
33
39
5
30
22
43
62
49
58
84
80
88
81
49
32
33
54
45
45
50
58
57
32
27
3
-2
-50
-68
-64
-38
-51
-61
-43
-48
-29
-5
34
19
37
55
42
45
11
4
6
-1
-10
-27
-36
-27
-9
4
29
55
39
43
22
13
19
-1
-21
-28
-35
-68
-75
-90
-111
-77
-89
-98
-87
-91
-116
-92
-46
-28
-1
-10
-22
-36
-24
-20
-6
4
0
-4
-4
-7
0
38
26
30
67
85
96
79
76
36
-6
-24
-23
-1
-13
3
2
-10
1
11
-1
14
-3
-5
-8
21
23
19
13
4
23
44
43
15
40
40
47
21
8
10
11
16
-4
27
30
45
34
20
17
9
7
-12
-38
-62
-74
-98
-91
-106
-115
-92
-100
-102
-111
-112
-124
-142
-144
-144
-158
-155
-138
-129
-124
-112
-101
-120
-112
-125
-121
-108
-105
-93
-90
-99
-114
-90
-106
-112
-106
-109
-92
-80
-60
-42
-24
-23
-1
-11
-9
-25
-17
-3
-4
22
3
37
39
81
90
99
139
133
147
163
182
199
210
211
232
227
245
289
331
331
362
370
388
446
463
484
494
530
529
532
556
555
531
518
514
487
481
453
430
402
339
296
247
147
65
-43
-139
-226
-330
-436
-533
-635
-713
-772
-833
-876
-898
-923
-905
-865
-833
-767
-722
-655
-584
-514
-463
-411
-384
-321
-289
-282
-254
-257
-240
-250
-249
-257
-241
-254
-256
-258
-283
-268
-306
-302
-286
-289
-285
-275
-264
-242
-191
-132
-33
52
141
277
376
490
629
741
826
892
960
1056
1118
1200
1290
1363
1432
1521
1594
1669
1726
1772
1769
1719
1668
1532
1327
1080
787
467
89
-286
-647
-990
-1283
-1551
-1678
-1774
-1779
-1741
-1638
-1447
-1251
-1027
-799
-561
-361
-191
-27
122
237
295
389
458
522
593
671
774
813
862
884
902
882
815
692
534
344
66
-237
-519
-791
-1092
-1363
-1540
-1702
-1831
-1860
-1835
-1736
-1603
-1440
-1246
-1036
-849
-669
-491
-355
-233
-161
-103
-60
-30
-8
-2
41
47
48
66
83
91
64
36
13
-40
-84
-116
-156
-194
-220
-206
-191
-130
-42
61
200
363
537
706
909
1124
1320
1512
1710
1910
2049
2139
2198
2178
2094
1933
1711
1408
1053
648
197
-234
-647
-1027
-1381
-1625
-1828
-1931
-1967
-1898
-1767
-1622
-1386
-1165
-901
-650
-438
-217
-37
117
257
397
509
628
760
867
972
1080
1168
1239
1303
1299
1223
1112
954
720
453
151
-233
-552
-911
-1249
-1527
-1785
-1950
-2049
-2089
-2044
-1943
-1796
-1603
-1359
-1118
-911
-722
-508
-360
-223
-107
-60
-14
-9
13
14
23
14
-4
7
20
9
-2
-15
-26
-80
-153
-199
-258
-344
-418
-480
-502
-497
-465
-381
-232
-43
161
386
673
948
1229
1524
1807
2116
2356
2561
2715
2794
2753
2649
2431
2141
1766
1315
847
332
-160
-646
-1065
-1449
-1740
-1957
-2121
-2149
-2145
-2051
-1891
-1712
-1484
-1250
-998
-736
-506
-277
-50
139
359
548
724
897
1075
1245
1381
1511
1566
1597
1562
1460
1309
1098
809
468
125
-286
-663
-1049
-1396
-1690
-1924
-2077
-2189
-2191
-2154
-2054
-1883
-1700
-1480
-1254
-1044
-804
-594
-407
-245
-97
18
112
196
238
286
303
328
334
313
285
258
215
133
24
-47
-170
-288
-383
-499
-581
-662
-684
-675
-651
-557
-416
-239
-10
228
488
791
1108
1404
1710
1984
2291
2557
2765
2922
2982
2977
2885
2688
2384
2003
1521
1032
496
-52
-573
-1045
-1499
-1852
-2115
-2316
-2393
-2419
-2335
-2209
-2007
-1756
-1484
-1199
-913
-629
-356
-74
179
425
658
875
1066
1252
1422
1568
1682
1736
1764
1703
1583
1422
1157
851
502
87
-323
-730
-1122
-1475
-1782
-2042
-2205
-2313
-2334
-2285
-2177
-1993
-1791
-1566
-1304
-1043
-774
-537
-319
-128
52
206
323
407
471
515
527
532
521
470
414
338
249
156
53
-78
-211
-339
-466
-575
-686
-754
-801
-817
-780
-717
-592
-435
-225
18
289
596
903
1214
1542
1865
2193
2475
2747
2952
3117
3190
3160
3083
2846
2524
2094
1601
1056
468
-129
-696
-1200
-1699
-2072
-2375
-2562
-2670
-2694
-2605
-2431
-2192
-1940
-1612
-1293
-951
-635
-298
12
292
579
827
1082
1304
1491
1663
1821
1909
1935
1940
1867
1727
1510
1213
878
495
46
-398
-816
-1221
-1606
-1943
-2189
-2363
-2453
-2480
-2386
-2252
-2071
-1838
-1535
-1239
-944
-654
-384
-129
85
282
449
582
680
748
767
784
755
712
613
524
425
288
153
13
-154
-301
-440
-591
-666
-786
-857
-857
-856
-810
-717
-581
-397
-160
106
391
674
992
1288
1578
1886
2196
2465
2724
2942
3086
3171
3152
3074
2852
2535
2103
1626
1086
473
-127
-729
-1265
-1798
-2215
-2521
-2724
-2826
-2849
-2729
-2543
-2283
-1980
-1607
-1243
-865
-509
-165
183
490
746
994
1245
1444
1617
1748
1876
1965
1967
1934
1864
1714
1500
1208
874
496
48
-397
-822
-1233
-1633
-1972
-2242
-2405
-2496
-2491
-2399
-2250
-2043
-1758
-1459
-1099
-761
-448
-140
133
368
536
686
783
852
844
829
818
750
655
551
463
332
173
15
-132
-285
-449
-589
-713
-816
-901
-966
-979
-965
-904
-804
-654
-436
-192
92
387
707
1040
1338
1640
1927
2207
2466
2709
2932
3069
3146
3120
3052
2901
2632
2237
1761
1219
610
-3
-626
-1206
-1747
-2219
-2583
-2836
-2963
-3018
-2950
-2774
-2524
-2216
-1839
-1423
-1026
-647
-279
117
445
726
978
1224
1419
1584
1734
1859
1957
2000
1981
1937
1837
1628
1387
1074
722
298
-164
-597
-1027
-1421
-1809
-2125
-2340
-2479
-2515
-2466
-2334
-2126
-1850
-1544
-1199
-850
-516
-202
73
304
496
646
755
799
802
784
754
701
636
549
436
341
219
97
-27
-154
-289
-415
-543
-660
-742
-807
-849
-861
-839
-774
-645
-474
-280
-42
228
517
799
1075
1349
1607
1866
2112
2355
2555
2743
2873
2955
2930
2881
2738
2462
2093
1623
1128
555
-29
-626
-1190
-1698
-2173
-2520
-2779
-2905
-2942
-2876
-2698
-2428
-2090
-1748
-1331
-903
-524
-161
224
538
838
1082
1312
1505
1651
1779
1875
1954
1959
1949
1865
1745
1554
1291
974
615
205
-246
-670
-1093
-1492
-1878
-2188
-2410
-2536
-2551
-2499
-2365
-2168
-1899
-1579
-1226
-871
-527
-209
68
325
512
652
755
810
825
789
724
673
581
477
362
267
176
74
-41
-155
-257
-384
-484
-575
-672
-763
-817
-831
-797
-771
-684
-534
-360
-117
134
414
721
1018
1307
1598
1876
2113
2348
2525
2699
2799
2838
2806
2702
2550
2251
1882
1407
932
399
-156
-723
-1274
-1730
-2173
-2503
-2749
-2867
-2926
-2876
-2738
-2480
-2181
-1837
-1445
-1045
-646
-279
124
502
809
1071
1318
1553
1709
1826
1917
1994
2005
1944
1854
1712
1509
1238
911
559
173
-265
-679
-1069
-1446
-1796
-2080
-2270
-2382
-2399
-2367
-2231
-2046
-1823
-1524
-1208
-870
-558
-267
20
271
443
602
684
762
794
776
724
666
594
478
382
269
142
10
-120
-240
-380
-519
-642
-750
-819
-913
-956
-953
-912
-850
-734
-584
-417
-191
41
329
599
869
1137
1376
1630
1844
2062
2266
2432
2546
2615
2658
2608
2520
2336
2051
1699
1239
774
244
-292
-827
-1341
-1808
-2209
-2518
-2734
-2820
-2841
-2749
-2543
-2285
-1972
-1589
-1181
-762
-367
-12
378
690
957
1191
1408
1575
1686
1789
1846
1871
1839
1773
1666
1523
1316
1055
759
427
68
-342
-708
-1067
-1423
-1742
-1981
-2137
-2280
-2292
-2232
-2132
-1946
-1708
-1404
-1104
-778
-480
-184
74
295
479
608
714
773
794
740
720
631
525
415
306
184
42
-70
-205
-333
-449
-556
-682
-768
-835
-885
-918
-918
-864
-806
-701
-572
-416
-213
-6
232
486
720
983
1222
1443
1666
1885
2069
2222
2372
2471
2515
2524
2460
2331
2114
1793
1420
973
499
-25
-522
-1038
-1514
-1929
-2281
-2543
-2705
-2735
-2719
-2603
-2376
-2073
-1759
-1363
-969
-586
-205
138
465
723
962
1168
1320
1447
1549
1617
1671
1677
1641
1563
1466
1315
1120
872
579
252
-103
-461
-810
-1174
-1497
-1773
-1964
-2104
-2190
-2174
-2102
-1943
-1754
-1493
-1210
-912
-594
-320
-65
168
359
522
618
685
706
671
640
569
477
384
274
146
37
-71
-170
-274
-375
-490
-587
-686
-771
-837
-886
-901
-916
-863
-799
-690
-556
-387
-189
51
287
532
773
1023
1252
1466
1661
1833
1991
2109
2217
2282
2327
2299
2223
2095
1906
1633
1286
902
489
19
-450
-933
-1341
-1726
-2073
-2308
-2475
-2531
-2526
-2417
-2211
-1935
-1618
-1270
-895
-521
-146
193
497
767
981
1158
1322
1435
1510
1562
1611
1622
1580
1530
1420
1286
1098
860
583
301
-17
-385
-702
-1043
-1366
-1626
-1829
-1987
-2081
-2091
-2018
-1889
-1727
-1483
-1204
-917
-630
-374
-107
119
278
421
509
562
571
569
541
491
426
360
254
184
106
16
-69
-175
-276
-377
-488
-561
-647
-725
-780
-833
-817
-810
-752
-635
-511
-343
-144
79
297
538
774
970
1161
1340
1481
1609
1736
1875
1956
2055
2105
2139
2172
2106
2045
1882
1648
1326
958
565
108
-353
-838
-1242
-1644
-1983
-2208
-2368
-2424
-2397
-2242
-2028
-1715
-1386
-1026
-641
-282
22
337
631
860
1049
1177
1330
1404
1476
1536
1565
1585
1548
1494
1425
1304
1128
911
642
358
29
-307
-640
-971
-1276
-1540
-1733
-1885
-1976
-1986
-1904
-1787
-1628
-1401
-1152
-884
-626
-371
-157
42
199
312
399
450
480
465
449
418
388
313
260
229
162
90
12
-56
-154
-237
-335
-420
-501
-575
-623
-653
-666
-644
-571
-504
-369
-238
-65
125
311
512
693
895
1063
1215
1361
1465
1593
1724
1822
1933
2038
2101
2129
2118
2055
1922
1730
1441
1080
691
254
-221
-683
-1127
-1513
-1868
-2117
-2264
-2337
-2325
-2216
-2012
-1754
-1470
-1132
-782
-453
-141
140
424
650
843
978
1143
1259
1320
1407
1482
1525
1501
1483
1446
1335
1194
997
753
479
178
-167
-517
-845
-1157
-1435
-1656
-1822
-1928
-1959
-1925
-1796
-1649
-1452
-1205
-967
-717
-462
-252
-58
109
225
325
381
409
412
418
395
352
352
301
250
208
152
78
-2
-74
-181
-291
-396
-500
-588
-644
-695
-716
-723
-683
-591
-479
-349
-202
-20
145
332
518
679
851
962
1073
1189
1293
1389
1521
1617
1725
1854
1919
2004
2015
1984
1864
1685
1435
1110
743
316
-123
-584
-1015
-1418
-1734
-1981
-2156
-2198
-2186
-2080
-1894
-1667
-1374
-1076
-758
-440
-150
110
341
549
728
852
992
1097
1215
1302
1367
1450
1471
1476
1421
1332
1193
992
757
458
132
-217
-553
-901
-1209
-1486
-1697
-1848
-1921
-1935
-1881
-1760
-1597
-1383
-1165
-924
-702
-478
-293
-147
-3
97
187
268
323
338
370
394
387
403
404
401
352
293
239
138
52
-60
-161
-286
-396
-493
-575
-623
-643
-630
-581
-510
-402
-271
-133
13
146
305
429
559
676
775
854
943
1024
1124
1257
1368
1512
1669
1799
1940
2044
2063
2063
1966
1781
1522
1158
760
333
-141
-610
-1011
-1402
-1735
-1956
-2099
-2128
-2085
-1978
-1773
-1534
-1268
-951
-666
-387
-130
105
336
505
676
827
957
1059
1170
1289
1397
1455
1465
1459
1418
1309
1149
941
664
346
0
-361
-725
-1040
-1335
-1576
-1756
-1880
-1934
-1921
-1815
-1672
-1525
-1357
-1141
-935
-738
-555
-397
-246
-125
-11
104
201
272
347
411
477
511
526
548
523
471
421
323
195
92
-62
-200
-326
-470
-564
-614
-660
-683
-645
-588
-504
-406
-307
-197
-68
36
142
235
310
398
452
544
622
710
843
973
1152
1365
1540
1757
1963
2108
2200
2237
2211
2050
1805
1445
1040
585
98
-400
-868
-1262
-1641
-1875
-2045
-2084
-2054
-1956
-1784
-1544
-1281
-1024
-741
-498
-263
-68
105
262
416
546
670
828
970
1093
1227
1356
1436
1469
1462
1400
1250
1036
782
479
112
-274
-622
-966
-1259
-1530
-1730
-1850
-1897
-1863
-1790
-1653
-1509
-1353
-1160
-967
-789
-648
-500
-382
-255
-121
-17
101
204
308
420
518
591
654
682
697
657
586
471
337
195
33
-125
-300
-442
-559
-646
-711
-735
-726
-699
-638
-544
-466
-377
-293
-221
-132
-50
14
94
198
271
389
521
681
859
1053
1289
1516
1735
1973
2167
2309
2373
2349
2277
2076
1797
1419
982
514
32
-455
-893
-1262
-1591
-1822
-1963
-2001
-1987
-1893
-1762
-1575
-1368
-1169
-953
-760
-554
-372
-195
-9
178
363
555
747
953
1137
1311
1451
1524
1539
1497
1389
1204
953
637
300
-69
-462
-805
-1106
-1359
-1571
-1716
-1779
-1800
-1747
-1655
-1508
-1372
-1247
-1080
-929
-781
-638
-504
-339
-221
-73
77
241
386
501
626
721
766
785
769
688
577
440
253
49
-132
-326
-508
-659
-772
-857
-887
-882
-850
-793
-735
-641
-537
-456
-371
-297
-245
-163
-88
-18
59
142
244
362
507
666
825
996
1170
1359
1548
1708
1904
2052
2128
2187
2142
2034
1902
1662
1342
957
546
124
-276
-686
-1032
-1324
-1583
-1750
-1844
-1842
-1785
-1700
-1568
-1392
-1204
-1024
-814
-625
-444
-271
-90
145
343
522
741
926
1083
1229
1335
1434
1444
1393
1249
1066
825
536
230
-89
-408
-719
-995
-1210
-1360
-1496
-1552
-1563
-1557
-1492
-1386
-1272
-1163
-1030
-900
-782
-635
-501
-331
-170
-21
128
278
421
543
621
659
679
662
600
488
350
195
25
-123
-260
-386
-485
-579
-620
-647
-640
-624
-589
-537
-505
-439
-378
-335
-301
-243
-202
-153
-118
-50
16
103
183
278
410
521
653
786
936
1089
1247
1412
1575
1764
1910
2022
2102
2120
2092
1965
1793
1521
1156
764
335
-83
-502
-880
-1189
-1466
-1670
-1781
-1824
-1794
-1737
-1648
-1525
-1363
-1185
-1031
-844
-654
-487
-287
-53
197
451
713
966
1219
1424
1588
1711
1748
1720
1580
1383
1137
830
474
137
-200
-520
-807
-1007
-1150
-1281
-1372
-1422
-1428
-1411
-1387
-1347
-1279
-1234
-1166
-1077
-948
-814
-639
-463
-263
-55
130
345
517
645
706
729
713
643
542
430
298
148
30
-79
-170
-242
-289
-341
-387
-421
-469
-500
-549
-595
-633
-656
-677
-669
-664
-618
-552
-492
-384
-271
-146
-14
111
266
421
609
771
952
1154
1339
1526
1736
1958
2135
2314
2398
2473
2501
2394
2237
1987
1650
1192
705
218
-272
-729
-1163
-1487
-1767
-1999
-2131
-2166
-2136
-2076
-1987
-1858
-1671
-1488
-1263
-991
-705
-399
-78
295
676
1049
1383
1692
1937
2085
2158
2156
2061
1857
1559
1228
874
491
99
-240
-544
-833
-1093
-1291
-1438
-1559
-1660
-1765
-1816
-1852
-1854
-1802
-1735
-1614
-1422
-1202
-938
-621
-301
13
337
604
819
979
1073
1117
1098
1012
887
761
596
435
292
148
4
-128
-251
-372
-503
-631
-756
-853
-970
-1060
-1108
-1139
-1122
-1067
-975
-847
-678
-510
-323
-144
30
196
369
510
663
813
956
1108
1249
1393
1560
1717
1859
1994
2103
2187
2281
2292
2235
2123
1931
1701
1400
1050
643
181
-257
-684
-1069
-1403
-1651
-1857
-2003
-2065
-2068
-1972
-1860
-1702
-1538
-1301
-1025
-735
-417
-84
245
564
871
1168
1429
1636
1799
1869
1852
1783
1642
1442
1219
930
636
317
-9
-306
-598
-845
-1079
-1300
-1485
-1632
-1741
-1849
-1909
-1918
-1871
-1770
-1625
-1404
-1158
-882
-597
-294
-9
270
495
681
818
889
928
928
895
817
717
611
483
326
188
50
-109
-286
-451
-621
-781
-914
-1040
-1116
-1174
-1187
-1139
-1059
-962
-834
-670
-508
-331
-156
13
160
308
412
518
640
752
845
937
1026
1092
1156
1193
1246
1285
1328
1345
1379
1420
1450
1497
1515
1502
1476
1387
1239
1059
834
508
137
-236
-621
-917
-1199
-1419
-1557
-1636
-1643
-1583
-1445
-1268
-1092
-933
-747
-542
-385
-180
17
214
404
591
807
1003
1170
1298
1381
1382
1327
1239
1103
891
661
406
150
-123
-374
-596
-798
-985
-1170
-1335
-1454
-1575
-1679
-1692
-1673
-1628
-1520
-1345
-1109
-865
-613
-337
-93
113
299
478
561
621
650
661
642
594
543
492
426
334
209
98
-31
-208
-367
-532
-663
-798
-903
-953
-975
-955
-886
-790
-681
-568
-446
-317
-197
-88
0
127
219
322
434
533
608
668
741
796
840
828
837
850
863
852
879
918
989
1068
1170
1300
1389
1476
1491
1466
1365
1203
1009
692
341
-30
-352
-621
-882
-1067
-1189
-1237
-1262
-1263
-1230
-1185
-1139
-1092
-1042
-928
-821
-652
-452
-228
35
312
594
857
1089
1243
1359
1414
1379
1285
1168
1023
851
669
475
260
29
-204
-424
-652
-893
-1126
-1331
-1523
-1694
-1735
-1723
-1667
-1542
-1384
-1159
-926
-694
-448
-248
-82
75
212
333
465
561
613
672
689
711
683
622
505
333
171
3
-233
-424
-564
-724
-794
-840
-868
-864
-865
-818
-748
-708
-654
-561
-477
-367
-231
-82
71
236
365
498
604
700
762
790
807
804
812
824
830
853
890
926
1007
1063
1145
1229
1330
1420
1483
1508
1427
1282
1099
929
659
335
20
-265
-486
-683
-835
-930
-995
-1056
-1096
-1097
-1072
-1039
-1024
-958
-852
-687
-463
-252
10
305
561
818
1044
1197
1308
1340
1316
1256
1171
1040
872
691
506
339
115
-108
-345
-601
-836
-1069
-1260
-1405
-1507
-1558
-1545
-1482
-1363
-1180
-1040
-859
-655
-482
-295
-151
3
165
286
392
496
602
674
691
674
627
520
383
228
51
-135
-320
-486
-597
-725
-796
-829
-858
-881
-862
-826
-759
-700
-628
-495
-344
-189
-43
139
282
431
547
634
705
705
682
659
620
596
565
570
556
543
534
555
603
646
731
798
887
1024
1155
1287
1429
1508
1561
1491
1373
1202
906
613
275
-31
-288
-489
-633
-750
-824
-853
-861
-908
-935
-969
-1003
-991
-958
-862
-709
-545
-301
-44
195
459
645
801
880
894
926
897
868
803
732
668
589
472
333
181
-32
-262
-510
-778
-1031
-1227
-1381
-1458
-1477
-1454
-1342
-1226
-1075
-934
-799
-661
-567
-467
-337
-234
-105
24
154
293
380
461
476
434
364
279
151
12
-119
-217
-294
-383
-412
-454
-445
-464
-477
-442
-463
-446
-415
-350
-283
-194
-67
62
206
319
408
452
471
432
403
378
354
340
345
354
393
445
514
593
677
777
890
1023
1134
1244
1371
1509
1631
1670
1647
1542
1339
1096
800
492
203
-62
-276
-418
-532
-641
-720
-799
-905
-1000
-1087
-1169
-1180
-1192
-1138
-1020
-864
-620
-365
-85
149
377
563
688
749
836
880
890
931
954
963
938
873
760
638
408
193
-61
-356
-624
-878
-1050
-1190
-1285
-1316
-1301
-1270
-1226
-1187
-1128
-1077
-1007
-920
-801
-650
-478
-280
-98
89
237
364
444
441
448
402
339
297
228
192
151
112
90
55
3
-51
-116
-180
-245
-307
-344
-354
-328
-291
-249
-198
-140
-105
-72
-44
-29
-6
21
58
105
179
237
334
425
512
605
699
769
867
957
1080
1181
1285
1428
1536
1650
1703
1697
1593
1419
1185
880
574
319
60
-155
-299
-427
-532
-659
-819
-978
-1160
-1309
-1391
-1406
-1376
-1280
-1125
-936
-704
-486
-263
-68
95
271
403
514
642
725
815
909
997
1052
1079
1073
994
846
664
408
156
-93
-331
-513
-657
-755
-832
-883
-973
-1034
-1115
-1172
-1195
-1182
-1116
-1020
-856
-658
-441
-236
-52
118
219
281
329
361
410
421
446
499
534
596
591
556
493
435
382
297
245
170
130
79
60
30
2
-32
-83
-106
-125
-164
-216
-237
-253
-227
-171
-126
-97
-53
-42
-15
4
-7
-2
35
57
123
190
242
283
329
393
436
485
516
519
515
530
530
536
490
442
412
373
321
258
212
159
103
81
29
8
-21
-32
-41
-76
-95
-119
-115
-129
-113
-89
-53
-27
2
48
93
115
126
121
134
139
128
111
95
84
53
32
-12
-63
-113
-190
-269
-338
-402
-426
-466
-477
-469
-470
-446
-441
-429
-396
-360
-324
-267
-206
-120
-66
6
73
121
174
201
234
244
225
218
216
190
173
131
99
64
-6
-63
-109
-153
-198
-211
-247
-254
-258
-239
-208
-195
-168
-145
-109
-82
-47
-21
27
56
89
116
128
130
123
114
76
56
42
26
-3
-21
-25
-30
-41
-59
-82
-91
-103
-137
-156
-171
-189
-198
-166
-146
-121
-81
-47
-14
33
69
94
114
120
150
164
162
163
169
162
151
158
169
181
203
220
244
280
298
308
303
296
286
260
224
184
141
98
41
8
-41
-82
-134
-194
-230
-284
-323
-363
-396
-421
-412
-390
-380
-335
-317
-270
-208
-150
-71
-8
60
119
179
259
287
293
321
304
295
261
217
162
79
26
-39
-106
-159
-198
-248
-284
-315
-332
-345
-333
-320
-317
-280
-233
-202
-261
-297
-302
-228
-108
37
129
164
240
292
288
228
127
20
-4
42
115
150
137
115
46
10
-55
-127
-171
-153
-114
-13
67
68
65
59
46
49
53
46
92
133
195
252
279
280
233
204
187
142
105
72
103
106
143
180
210
226
217
204
175
133
79
59
12
-13
-26
-55
-70
-98
-110
-157
-220
-309
-404
-443
-514
-543
-562
-574
-568
-553
-545
-529
-513
-478
-429
-368
-251
-142
-45
47
146
227
261
276
254
195
155
109
59
24
-53
-118
-191
-264
-338
-426
-503
-557
-590
-613
-643
-619
-571
-537
-482
-421
-378
-278
-188
-98
-58
18
132
217
322
362
398
389
377
366
339
294
286
265
238
213
168
158
135
128
104
96
113
120
152
185
208
249
293
344
399
445
494
563
611
677
733
751
813
844
866
895
870
850
804
743
640
521
425
320
218
124
24
-57
-147
-224
-272
-348
-411
-486
-536
-568
-575
-564
-525
-449
-382
-333
-302
-282
-283
-287
-295
-267
-254
-228
-189
-169
-148
-132
-120
-112
-112
-122
-133
-150
-172
-196
-228
-259
-303
-335
-348
-382
-416
-434
-464
-461
-466
-461
-457
-425
-384
-370
-325
-303
-276
-270
-264
-250
-231
-197
-150
-71
-3
71
151
205
254
291
323
331
355
372
388
405
428
450
439
444
437
419
405
399
378
384
399
416
453
475
518
550
574
603
647
689
740
792
842
933
989
1045
1057
947
788
647
520
399
298
176
85
7
-64
-158
-270
-407
-562
-673
-712
-706
-656
-614
-574
-525
-472
-402
-349
-275
-217
-158
-101
-10
77
159
216
231
212
166
118
30
-71
-198
-263
-324
-346
-357
-405
-463
-518
-569
-609
-639
-642
-623
-602
-574
-539
-490
-438
-400
-358
-318
-302
-241
-203
-177
-160
-154
-140
-127
-107
-115
-141
-155
-188
-208
-206
-211
-188
-161
-98
-14
54
105
165
202
241
240
291
303
315
337
351
386
402
428
423
418
398
352
347
321
318
355
362
393
422
440
466
508
542
581
648
716
756
791
826
818
742
646
523
448
403
336
253
175
104
48
-26
-138
-259
-369
-435
-473
-443
-427
-412
-383
-353
-320
-300
-256
-217
-184
-145
-108
-57
-12
0
-3
-17
-49
-78
-141
-176
-244
-274
-271
-292
-308
-327
-366
-412
-462
-495
-511
-538
-489
-461
-415
-382
-353
-326
-307
-261
-239
-185
-135
-78
-27
-29
16
28
4
25
22
20
-13
-27
-60
-77
-80
-81
-59
-55
6
22
70
110
130
153
190
223
248
288
322
358
398
456
476
487
506
505
489
503
499
502
529
542
540
540
531
533
516
506
511
505
498
498
488
487
474
445
390
311
228
127
63
18
-4
-16
-36
-35
-18
-18
-53
-99
-152
-158
-152
-150
-113
-83
-83
-57
-28
-25
-30
-59
-80
-111
-156
-183
-196
-231
-229
-225
-222
-201
-225
-237
-284
-333
-392
-409
-424
-401
-374
-359
-332
-337
-330
-361
-375
-357
-328
-271
-229
-167
-99
-66
-20
6
20
35
51
52
70
58
61
67
78
99
98
85
58
32
15
24
14
11
31
67
103
115
129
138
165
184
202
238
261
302
335
346
359
379
374
409
407
406
441
440
435
418
410
397
398
395
379
368
348
333
299
224
206
167
119
124
112
105
87
66
16
-9
-16
-23
-24
-4
26
25
25
32
30
4
-18
-41
-71
-88
-118
-137
-169
-191
-233
-255
-281
-297
-298
-318
-318
-307
-307
-295
-293
-282
-267
-247
-222
-206
-205
-177
-166
-165
-151
-131
-124
-133
-132
-138
-152
-153
-149
-135
-114
-96
-65
-61
-35
-23
-33
-4
4
-1
18
29
35
37
53
62
65
85
111
119
132
158
149
153
151
188
187
209
216
215
225
201
220
212
234
255
279
294
284
281
282
278
283
314
333
347
356
347
316
284
256
233
217
207
178
138
122
89
56
19
-15
-16
-50
-70
-82
-92
-90
-86
-65
-48
-10
19
30
43
38
23
1
-20
-24
-39
-54
-80
-85
-136
-186
-217
-261
-281
-292
-284
-295
-281
-269
-276
-264
-277
-276
-278
-248
-227
-225
-186
-170
-141
-111
-100
-77
-60
-64
-55
-56
-55
-66
-79
-73
-64
-47
-55
-53
-47
-52
-84
-88
-97
-93
-80
-81
-58
-52
-45
-21
-14
14
39
55
77
86
110
84
73
64
46
49
35
40
24
2
10
29
28
45
49
74
89
118
138
136
167
203
220
243
280
269
301
302
302
298
278
266
245
222
183
156
106
39
15
-19
-55
-71
-107
-125
-145
-168
-170
-181
-173
-167
-146
-123
-110
-93
-85
-94
-62
-46
-50
-51
-54
-66
-68
-51
-70
-99
-109
-128
-137
-146
-163
-169
-190
-218
-249
-260
-269
-283
-287
-279
-264
-253
-227
-182
-172
-138
-120
-104
-77
-76
-70
-77
-70
-57
-52
-58
-59
-74
-69
-69
-84
-68
-81
-82
-89
-101
-98
-111
-96
-98
-100
-83
-87
-71
-55
-49
-45
-38
-37
-43
-33
-46
-55
-33
-36
-18
18
29
50
76
99
121
145
164
180
187
192
208
230
259
276
277
277
271
253
216
185
164
121
103
74
48
24
-10
-39
-84
-98
-151
-179
-158
-168
-150
-133
-121
-91
-86
-60
-58
-48
-50
-54
-37
-29
-14
-3
3
11
7
-34
-56
-84
-132
-158
-192
-213
-222
-249
-248
-258
-288
-318
-341
-356
-359
-337
-325
-297
-255
-216
-180
-157
-114
-93
-73
-37
-31
-21
-11
27
37
33
47
22
13
-6
-28
-36
-59
-85
-105
-138
-150
-162
-173
-188
-207
-207
-207
-198
-172
-153
-132
-115
-92
-68
-56
-14
2
25
61
89
99
138
170
169
182
176
175
191
193
184
200
215
208
202
202
206
200
193
188
175
166
139
119
80
75
74
58
54
28
32
36
24
13
16
11
27
21
40
74
58
67
61
61
56
47
54
56
44
56
45
25
21
-11
-34
-73
-95
-107
-131
-156
-167
-202
-232
-231
-259
-262
-261
-264
-253
-244
-263
-254
-229
-222
-183
-175
-145
-129
-104
-56
-31
-6
-1
1
5
13
7
4
1
10
15
18
1
-8
-26
-48
-77
-85
-94
-115
-111
-114
-95
-79
-68
-57
-39
-22
-1
22
35
59
99
127
135
161
175
188
203
213
233
221
215
230
220
226
232
217
215
205
193
192
187
169
155
126
124
109
89
86
81
82
72
72
53
45
52
32
39
31
25
24
23
36
23
27
16
17
23
12
21
4
18
31
8
9
-19
-35
-46
-52
-60
-92
-114
-128
-141
-148
-147
-171
-166
-173
-184
-192
-206
-220
-240
-241
-232
-227
-230
-214
-198
-185
-168
-141
-109
-92
-78
-49
-26
-18
4
23
41
65
76
95
113
131
113
132
115
104
92
73
44
24
4
-21
-20
-39
-31
-36
-27
-36
-41
-20
-5
23
33
58
78
109
141
160
187
220
221
236
250
253
280
276
271
282
276
262
254
226
203
178
161
142
106
69
40
22
-3
-27
-46
-52
-62
-76
-89
-78
-80
-75
-62
-62
-56
-27
-25
-13
17
14
17
40
39
52
62
58
61
44
43
29
44
25
0
1
-30
-66
-64
-90
-96
-123
-148
-155
-168
-161
-175
-177
-180
-179
-204
-197
-186
-205
-178
-164
-146
-117
-81
-64
-15
30
70
120
146
171
194
225
238
261
274
252
253
250
220
180
157
119
78
46
10
-10
-28
-46
-70
-98
-97
-80
-94
-76
-66
-63
-44
-22
4
18
54
77
98
136
171
199
220
237
250
246
261
251
237
244
198
181
161
113
77
31
3
-38
-52
-86
-94
-100
-134
-125
-145
-131
-135
-130
-116
-107
-86
-61
-29
-13
25
39
56
70
95
117
115
111
118
122
104
97
94
79
65
60
32
8
-2
-10
-42
-46
-66
-69
-77
-83
-101
-123
-114
-116
-119
-119
-103
-105
-88
-66
-60
-31
4
22
61
98
114
151
184
208
209
239
241
251
254
249
243
207
212
165
156
123
103
62
20
-6
-67
-89
-108
-125
-173
-183
-187
-187
-170
-178
-157
-141
-124
-80
-36
-23
10
52
86
141
162
169
200
199
214
213
197
190
166
156
125
106
66
33
-1
-43
-77
-106
-107
-120
-140
-156
-140
-139
-136
-114
-99
-73
-59
-54
-17
22
54
92
118
147
178
191
209
218
217
230
216
202
196
181
171
149
149
121
118
85
36
28
-11
-22
-42
-70
-94
-112
-110
-102
-118
-134
-120
-119
-104
-87
-75
-64
-37
-5
17
34
72
79
92
121
127
135
158
169
173
174
164
168
167
159
140
122
94
69
23
-14
-50
-83
-126
-152
-150
-185
-185
-196
-196
-182
-163
-156
-137
-119
-103
-72
-46
-17
7
39
56
78
111
126
128
137
132
140
129
132
105
102
96
58
52
21
15
-15
-36
-44
-73
-92
-110
-120
-124
-111
-96
-86
-76
-50
-43
-19
10
36
44
89
107
111
147
172
194
176
192
174
162
160
135
132
123
96
92
73
66
43
11
-15
-31
-45
-72
-76
-84
-101
-108
-111
-130
-126
-124
-115
-118
-120
-106
-90
-73
-54
-42
-14
4
4
32
36
49
78
82
101
114
117
121
142
136
138
132
128
114
103
79
60
44
15
3
-21
-36
-46
-50
-81
-74
-89
-87
-81
-77
-83
-76
-51
-22
-9
7
45
78
83
83
112
122
118
131
129
133
115
118
127
104
85
89
66
48
26
-5
6
-31
-23
-56
-85
-82
-74
-65
-66
-49
-50
-27
-10
-2
41
42
52
80
76
98
116
111
112
128
117
114
87
87
86
62
60
75
60
34
40
23
-11
-17
-4
-33
-46
-55
-63
-59
-74
-70
-75
-68
-80
-85
-81
-94
-77
-72
-69
-57
-44
-35
3
13
14
30
31
45
36
62
73
78
87
95
111
114
134
144
148
149
118
134
112
83
87
56
45
21
20
7
-19
-37
-52
-37
-42
-49
-39
-22
-10
-1
29
47
57
83
86
79
84
106
104
107
125
142
127
130
126
112
105
74
66
48
32
18
-9
-26
-20
-38
-40
-58
-69
-80
-82
-80
-75
-49
-44
-46
-52
-32
-15
-21
-10
20
10
24
21
41
34
22
25
13
12
-1
2
-11
-18
-39
-28
-39
-40
-67
-56
-53
-60
-60
-61
-43
-62
-60
-45
-36
-40
-30
-19
-20
-17
-16
14
17
6
25
26
29
16
20
19
23
25
17
36
39
55
73
71
84
99
91
108
95
93
80
62
57
29
6
5
-19
-35
-43
-52
-64
-53
-53
-57
-55
-72
-55
-37
-35
-26
-21
-10
-7
-28
-5
-1
4
30
25
29
42
34
31
29
26
23
26
-2
-7
-30
-46
-57
-59
-48
-54
-66
-71
-54
-60
-53
-58
-35
-18
-8
12
28
41
51
70
76
84
62
68
62
62
39
15
27
4
19
4
-15
-19
-31
-33
-42
-44
-58
-54
-68
-51
-49
-42
-38
-28
-6
-7
-1
9
21
12
26
20
-13
-8
3
20
10
-11
-5
-8
-32
-47
-65
-60
-49
-43
-33
-14
1
2
24
36
35
40
40
40
42
52
61
53
39
42
34
39
46
40
19
2
-4
-16
-19
-26
-36
-61
-71
-76
-58
-43
-41
-30
-24
-3
-1
14
17
31
38
55
78
75
81
83
87
90
79
70
64
52
55
31
25
21
11
23
24
22
14
20
22
19
39
40
51
68
76
77
102
94
92
87
82
92
101
85
88
91
79
68
62
68
47
59
53
39
44
48
34
51
66
64
81
76
78
82
74
64
45
44
53
33
22
-1
-2
1
-16
-30
-40
-42
-55
-64
-52
-35
-41
-25
-4
-21
20
48
48
58
82
88
94
111
102
114
115
114
97
97
68
47
52
41
19
-1
-1
-2
-18
-9
-9
-20
1
17
22
38
64
75
94
111
107
109
115
133
148
162
147
158
151
134
147
117
114
110
75
70
75
56
40
44
19
12
15
16
23
36
38
39
43
52
75
72
89
66
80
105
80
101
103
111
105
108
103
86
83
71
37
23
20
8
31
22
17
8
15
27
36
29
11
22
24
16
9
14
5
4
26
11
1
-3
-1
-10
-16
-20
-25
-14
-21
-14
-6
0
0
10
16
21
31
38
39
54
63
56
60
52
61
47
40
29
21
5
-11
-34
-26
-28
-34
-33
-40
-32
-39
-24
-8
13
17
3
30
65
61
74
72
85
95
101
101
94
89
99
99
93
90
78
52
41
20
8
-12
-22
-38
-49
-60
-57
-73
-75
-54
-40
-49
-17
0
-18
3
3
29
42
51
66
76
66
78
73
63
70
74
55
34
37
33
12
-5
-24
-34
-23
-34
-34
-31
-30
-34
-30
-24
-30
-14
-18
-18
-2
-2
-4
-1
-5
-7
1
17
4
2
3
-6
-1
-5
-7
0
2
0
-10
-19
-25
-15
-5
-3
-5
2
6
15
8
2
9
1
4
-9
-23
-34
-27
-37
-34
-48
-59
-49
-39
-32
-36
-30
-27
-26
-6
-8
7
0
4
35
14
19
43
52
39
48
42
42
27
14
16
-2
-18
-24
-23
-39
-45
-59
-94
-101
-87
-82
-92
-84
-72
-92
-79
-64
-41
-33
-17
-32
-20
2
9
21
35
47
69
64
35
50
58
61
39
27
24
15
8
-2
7
-10
-16
-34
-15
-16
-12
4
10
7
15
3
2
31
10
36
28
28
28
39
36
42
40
40
28
25
42
26
27
18
11
-13
10
12
4
11
7
6
5
12
11
26
21
7
6
-4
-10
-12
-17
-26
-28
-20
-33
-36
-35
-32
-38
-21
-23
-19
-22
-16
-4
-5
10
-8
8
21
-5
5
29
33
35
25
45
42
47
33
44
33
-1
8
-20
-21
-24
-34
-42
-53
-69
-65
-53
-67
-59
-38
-39
-48
-26
-13
-4
15
30
46
46
49
59
69
87
85
91
82
86
89
87
80
65
63
59
45
27
26
25
17
13
16
6
-1
6
8
-2
2
4
9
15
13
29
26
34
36
34
46
29
41
41
36
30
18
26
21
6
-12
-1
1
-6
-20
-15
-5
-33
-23
-17
-30
-33
-33
-37
-37
-38
-51
-32
-46
-33
-19
-45
-45
-41
-34
-33
-22
-19
-35
-25
-21
-20
-12
-8
-10
2
12
18
21
34
47
52
59
42
41
41
31
27
27
7
1
-12
-28
-44
-68
-64
-81
-85
-77
-89
-97
-101
-95
-58
-72
-58
-59
-45
-35
-40
-24
-13
-14
-4
15
2
11
-2
7
-5
5
10
-7
-9
-10
-14
-25
-44
-47
-41
-60
-65
-75
-70
-72
-66
-61
-78
-80
-56
-58
-54
-47
-40
-33
-41
-34
-40
-22
-22
-16
-10
-21
-22
-33
-51
-44
-42
-56
-48
-61
-60
-58
-65
-77
-66
-66
-70
-69
-64
-56
-48
-48
-57
-41
-48
-38
-44
-64
-62
-51
-52
-47
-41
-28
-30
-33
-26
-30
-1
-1
-3
4
22
20
13
19
25
18
4
15
12
2
-7
-10
-22
-18
-43
-32
-45
-59
-54
-73
-51
-60
-62
-71
-61
-44
-39
-42
-47
-61
-26
-23
-37
-21
-35
-29
-4
-1
5
-7
-11
-3
-8
5
-6
-11
-16
-16
-9
-24
-31
-56
-45
-41
-54
-53
-37
-40
-60
-35
-40
-29
-21
-29
-18
-8
-5
19
6
10
28
11
19
30
23
9
9
-1
-3
-17
-21
-39
-38
-41
-54
-45
-56
-41
-43
-46
-43
-39
-34
-28
-14
-10
9
8
1
3
-12
13
12
13
21
12
19
1
8
0
-1
11
18
5
-5
-3
9
6
-8
-5
-17
-10
-15
-23
-22
-16
-19
-1
-17
-23
-26
-21
-39
-30
-35
-47
-30
-21
-35
-47
-34
-33
-32
-45
-34
-46
-41
-38
-46
-37
-52
-60
-57
-59
-41
-49
-47
-46
-59
-42
-68
-63
-49
-61
-59
-72
-53
-71
-74
-63
-67
-62
-48
-49
-76
-61
-44
-52
-32
-33
-34
-28
-32
-22
-6
3
-9
-3
-26
-20
-36
-48
-52
-56
-53
-69
-78
-88
-100
-103
-92
-115
-99
-99
-110
-92
-72
-57
-53
-47
-36
-37
-30
-14
-16
-13
-3
8
-21
-16
-7
-14
-9
-16
-25
-18
-24
-40
-50
-57
-52
-61
-74
-68
-84
-83
-85
-98
-98
-84
-75
-83
-65
-71
-58
-56
-50
-49
-44
-27
-35
-20
-10
-12
-17
-31
-17
-9
7
-10
-18
-4
-16
-11
-32
-41
-42
-38
-52
-52
-57
-45
-44
-51
-58
-63
-53
-60
-60
-65
-53
-60
-46
-47
-49
-26
-30
-20
-16
-8
-1
-3
-1
26
31
10
31
32
33
31
39
26
22
13
7
-7
-22
-20
-28
-50
-57
-68
-87
-92
-106
-85
-100
-107
-106
-109
-95
-99
-67
-65
-62
-59
-21
-16
-24
0
13
28
24
34
28
31
23
21
17
11
8
-1
-15
-19
-46
-42
-67
-76
-67
-66
-82
-84
-74
-90
-77
-76
-65
-60
-58
-47
-35
-25
-15
-8
-7
-3
25
31
35
34
34
46
41
37
48
53
49
49
50
49
54
38
20
24
16
24
10
-5
2
-6
-11
-14
-18
-6
-8
-28
-20
-17
-5
6
13
2
9
17
18
27
22
30
42
37
36
48
39
35
30
39
36
22
27
13
23
29
4
1
0
-16
-28
-28
-24
-38
-31
-37
-65
-69
-56
-36
-47
-42
-49
-31
-41
-16
-12
2
9
1
29
23
31
32
49
46
52
58
55
46
47
41
23
24
19
18
4
-17
-23
-26
-33
-38
-33
-35
-43
-38
-19
-32
-29
-26
-18
-9
1
15
16
21
26
36
31
41
54
58
54
69
60
55
50
30
37
43
43
20
1
1
12
-4
-14
-31
-23
-32
-28
-32
-34
-38
-45
-23
-25
-18
-27
-23
-26
-31
-21
-15
-24
-21
-32
-21
-24
-10
-8
-11
-12
-18
-18
-11
10
9
-5
-2
9
5
6
4
-2
-9
-14
-21
-37
-37
-50
-31
-44
-48
-44
-50
-42
-57
-53
-49
-41
-28
-22
-7
-8
2
23
24
31
25
38
37
39
45
52
42
48
42
42
36
17
10
2
-6
-6
-12
-27
-40
-45
-55
-53
-39
-47
-49
-43
-47
-42
-48
-24
-20
-38
-14
-10
6
22
23
35
31
40
38
39
36
41
38
37
28
19
29
29
24
25
27
19
24
23
32
9
17
13
18
23
19
12
19
4
-5
15
-9
9
21
20
13
26
17
29
29
25
28
25
53
36
48
43
47
54
52
58
63
83
71
70
75
59
61
58
36
39
30
32
10
23
10
7
10
-5
16
-8
13
30
31
33
17
40
43
50
49
66
77
68
67
69
74
72
77
67
93
79
75
89
68
66
61
44
45
26
8
3
-1
8
-13
-11
-12
-21
-22
-23
-13
7
7
1
5
4
4
14
22
33
24
25
38
21
20
32
28
36
37
45
35
47
48
43
43
34
39
46
24
18
33
24
27
21
13
10
12
19
7
16
22
29
38
44
27
5
8
21
22
12
19
25
43
52
39
37
33
31
48
40
48
43
46
42
43
43
36
32
16
28
29
25
10
-11
-9
-14
-28
-28
-34
-29
-12
-21
-19
-21
-9
-9
-2
20
7
26
30
17
29
38
43
48
54
41
40
43
43
49
32
29
27
27
13
12
15
-2
-6
7
-4
-11
-12
-7
3
-9
3
3
19
37
37
42
45
36
35
61
59
64
72
64
71
69
66
56
53
70
61
71
59
30
43
37
31
23
20
30
24
37
30
34
20
12
9
8
3
8
24
9
10
9
10
17
6
19
30
28
30
25
47
39
45
50
41
55
55
41
42
50
39
48
28
23
28
8
2
-1
10
-1
-5
2
-21
-10
-5
-23
-11
0
-4
1
10
0
19
20
15
12
20
37
36
53
58
64
65
52
53
58
54
62
70
48
43
43
33
23
9
4
-2
1
-2
-8
-14
-11
-7
-14
4
9
7
20
24
25
50
44
58
63
64
64
57
80
71
63
67
68
62
53
52
45
50
49
37
20
19
6
-2
5
-7
-11
-15
-21
-27
-19
-23
-26
-31
-34
-9
-25
-7
-28
-19
-13
-5
-4
-17
5
5
23
14
-4
22
15
30
36
28
31
16
24
26
39
15
33
30
35
27
10
25
10
3
-17
2
-7
-14
-9
-17
-3
-7
-5
-3
3
-4
4
16
13
13
21
26
30
40
36
39
53
59
32
31
38
25
28
42
17
23
21
13
18
2
14
3
1
9
-9
-9
-7
3
10
4
26
17
16
29
49
40
42
36
42
43
36
35
40
38
47
57
36
51
51
30
27
36
29
29
12
11
3
9
-16
-2
-10
-18
-23
-21
-17
-31
-26
-28
-24
-24
-11
-21
-22
-24
-11
-8
-6
-20
-15
-9
-14
19
9
15
19
18
21
7
20
27
31
35
33
39
26
30
31
24
26
18
33
25
27
39
32
19
13
18
28
33
30
35
45
46
41
59
55
71
49
45
62
53
47
56
74
64
62
56
69
59
50
53
31
39
41
31
21
24
8
22
19
9
11
-2
7
7
0
8
9
6
13
31
26
18
31
36
47
44
51
64
55
34
63
55
52
54
47
43
49
53
34
44
47
40
50
45
29
26
24
20
30
19
20
17
12
13
21
17
12
23
27
34
26
42
42
54
60
50
57
60
57
57
69
69
59
48
58
58
67
55
41
25
47
45
27
19
24
24
25
43
17
26
22
18
24
23
35
39
33
35
46
49
61
53
58
73
81
84
74
71
71
66
73
65
67
62
52
59
47
36
24
14
19
-11
13
17
-10
15
2
0
-8
-2
9
1
-12
0
9
24
36
28
27
32
39
42
56
50
52
50
62
49
50
58
48
55
36
44
27
25
30
21
17
15
12
0
7
15
25
32
18
3
10
20
30
34
43
55
45
67
72
72
90
75
85
79
74
88
70
83
89
79
75
63
60
64
61
62
50
49
35
27
26
42
42
23
32
37
43
31
23
40
28
26
28
35
56
53
60
62
70
53
49
60
63
85
68
76
77
60
68
76
60
70
69
52
55
39
45
41
42
43
44
21
16
16
33
37
27
39
33
32
36
33
44
65
48
73
56
61
73
71
89
79
87
102
98
92
95
86
78
77
62
62
58
53
58
39
60
61
45
36
40
36
39
36
45
51
40
56
61
56
70
82
80
78
90
99
97
97
102
88
100
96
74
89
77
80
67
48
38
37
33
21
32
2
-6
2
10
-3
5
-6
-13
-1
-9
-10
1
2
5
14
15
21
20
31
34
20
33
27
29
61
31
36
36
24
32
35
38
34
31
36
32
25
11
11
25
10
19
19
5
17
24
24
17
10
27
13
6
26
27
23
19
20
24
39
56
40
49
47
45
53
62
61
51
64
55
51
44
45
42
40
44
51
30
41
46
25
31
25
16
13
21
-3
7
6
2
10
3
12
14
0
2
5
11
26
22
36
40
37
44
51
40
29
32
24
28
30
15
20
20
15
5
11
-2
-5
-2
-36
-27
-21
-24
-38
-27
-22
-13
-3
-4
10
-3
22
17
7
16
10
20
17
41
40
28
39
25
30
29
30
39
40
41
23
35
31
41
23
24
24
25
29
21
28
11
38
31
2
6
16
5
3
2
14
5
10
23
27
26
18
20
32
38
47
36
19
26
27
23
27
14
11
15
9
17
10
17
1
7
-7
-13
-11
-13
-9
-10
-13
-15
-7
-34
-18
-7
-13
-9
-21
0
-7
0
9
7
24
4
10
29
33
36
43
27
42
40
37
39
31
45
20
22
20
15
25
12
1
14
12
-3
-13
-16
-8
13
5
16
21
35
37
15
19
16
46
31
31
24
26
42
47
38
39
69
43
28
39
41
27
20
16
15
11
7
5
14
8
5
-7
12
16
-3
-4
-5
20
4
-7
-5
-5
-5
-3
4
5
-2
15
3
2
6
3
8
18
10
16
4
9
8
14
19
1
6
10
1
-5
-3
-24
-14
-18
-27
-23
-24
-33
-38
-44
-27
-28
-21
-24
-14
-13
-18
-9
-18
-12
-5
6
14
15
-2
11
2
8
11
15
9
15
4
10
-2
0
6
-2
3
3
2
-29
-4
-24
-25
-21
-16
-18
-24
-25
-16
-11
-13
-16
-2
7
0
3
-7
-8
12
10
-6
-8
5
-8
3
2
15
15
-16
2
-10
-12
-25
-24
-9
-37
-31
-33
-50
-25
-54
-46
-50
-50
-39
-62
-51
-57
-72
-72
-50
-52
-62
-43
-45
-44
-50
-57
-47
-70
-43
-48
-47
-55
-45
-51
-43
-43
-29
-32
-55
-44
-45
-49
-60
-46
-51
-49
-45
-52
-52
-48
-64
-64
-47
-42
-46
-47
-47
-51
-48
-24
-26
-14
-15
-18
-3
-21
-19
-5
-10
-8
-5
-5
6
-8
-13
-16
-12
-15
-25
-16
-19
-42
-27
-23
-34
-35
-50
-39
-43
-52
-46
-42
-38
-40
-40
-34
-28
-16
-18
-38
-10
-5
-13
-7
-14
-4
0
-2
2
10
8
0
2
-4
0
-8
-3
10
10
-3
-12
4
0
-5
-4
-23
-6
-14
-13
-6
-12
2
-7
5
10
15
25
13
18
21
11
26
11
13
6
19
6
8
5
21
29
-1
13
23
-2
5
3
1
6
-9
12
-8
-9
0
2
-1
-12
-1
-9
2
7
7
13
10
3
19
15
6
25
25
28
23
27
25
34
36
22
42
25
34
30
32
35
12
13
11
12
-1
-1
1
-20
-3
1
-16
-26
-26
-25
-28
-20
-26
-24
-20
-27
-19
-15
-13
-22
-7
-8
-7
-10
1
-1
-9
-4
-6
-4
4
-8
-16
-8
-23
-6
-19
-26
-13
-9
-8
-10
-10
-7
-6
-14
-17
-20
-17
-18
-11
-21
-28
-5
-15
-13
-15
3
3
-4
-11
-8
-22
-8
-10
-13
4
-8
5
-16
-2
-3
-21
-3
0
-3
-6
-15
-20
-12
-17
-25
-32
-39
-32
-25
-46
-42
-39
-72
-55
-45
-44
-47
-59
-38
-48
-52
-32
-41
-37
-23
-29
-41
-21
-25
-26
-43
-25
-29
-31
-25
-44
-24
-37
-28
-29
-39
-44
-52
-42
-32
-34
-32
-34
-26
-28
-29
-13
-10
-17
0
-11
-9
-7
-3
22
6
13
16
17
21
24
17
17
17
18
23
16
19
14
13
15
19
13
17
24
13
6
7
3
5
1
6
5
-3
1
10
0
0
-13
8
26
16
13
9
15
6
13
9
20
16
27
19
21
18
8
36
32
19
26
30
17
14
12
8
-4
5
3
5
14
-3
-1
3
-5
-15
-13
-8
-5
-14
-15
-8
2
-7
8
0
-2
15
9
15
30
30
26
21
34
14
20
23
11
16
13
14
8
10
13
12
7
7
2
8
19
4
2
6
-3
-8
-12
-1
1
-7
-9
-7
-8
