21
23
18
18
10
33
14
18
29
27
29
25
30
40
36
10
27
25
15
7
3
11
21
11
10
24
32
20
33
32
16
4
27
8
11
16
21
21
12
20
10
4
17
25
18
20
11
22
17
1
17
-17
-19
2
-2
-3
-8
4
-1
-13
-16
0
-14
-16
-1
3
7
-5
-4
-1
-10
4
2
-18
-15
-18
-9
0
-21
-24
-2
-7
4
-21
-21
-25
-31
-9
-18
-18
-11
0
-14
-13
-18
-7
-3
-8
-7
-8
0
9
6
6
17
12
11
-1
-7
6
-1
10
5
-3
10
6
-3
-17
-2
0
-11
2
13
9
-10
0
-2
-4
4
-1
-1
-7
0
6
3
2
3
-4
-6
8
7
2
5
-11
-2
-8
2
-1
-13
17
18
-10
7
2
7
-5
9
0
5
6
6
8
0
8
9
21
26
26
4
12
14
19
21
-8
-13
-5
-13
-9
-4
-4
-2
-9
3
6
-12
-2
-9
-11
4
-6
0
-5
11
16
-11
-13
1
-9
-7
-4
-6
3
-10
-1
5
5
13
7
20
27
13
12
28
18
18
23
22
30
16
36
33
33
23
19
31
24
29
23
31
30
32
22
31
22
6
26
27
17
25
30
28
32
18
21
32
13
6
9
24
18
24
20
7
18
19
18
6
24
22
18
18
19
27
21
25
26
32
15
23
40
41
37
47
45
29
45
39
41
44
53
39
31
46
43
35
44
29
41
43
38
44
26
33
41
41
40
41
26
21
38
43
42
29
25
26
33
28
21
23
37
23
22
30
39
34
24
28
21
33
29
25
20
26
22
18
21
19
14
-1
13
13
13
28
24
14
18
2
9
6
21
20
19
32
9
25
20
11
23
27
9
38
38
26
41
41
39
30
54
46
36
29
33
35
37
34
35
52
46
33
25
36
51
50
32
26
16
25
38
41
34
40
42
46
29
37
31
27
41
23
38
45
44
49
41
38
64
51
42
48
39
42
46
44
37
41
32
25
45
52
37
36
51
46
43
45
49
45
37
23
26
36
25
30
53
42
50
26
37
41
11
25
17
24
22
13
26
23
6
18
35
38
42
37
32
40
41
50
34
28
47
47
51
32
39
47
42
35
56
38
37
54
38
48
43
34
19
39
48
34
29
16
24
27
25
23
11
23
23
6
2
7
23
22
22
33
17
12
9
19
32
36
32
32
36
30
27
27
21
34
29
41
38
25
55
32
40
55
30
45
30
33
33
27
25
35
26
21
28
24
24
25
20
20
29
29
37
24
5
12
27
38
26
22
35
41
30
28
16
20
33
33
37
10
26
21
13
12
17
-2
7
14
4
23
19
24
0
7
8
7
2
1
17
11
20
19
12
21
26
25
24
27
25
25
22
34
28
21
16
3
0
20
16
26
19
5
31
31
37
32
36
29
18
28
34
43
34
20
30
34
27
34
21
24
18
5
24
25
25
16
15
1
11
15
0
9
-7
-5
-12
-6
-18
-23
-12
-16
-7
-25
-32
-3
-3
-10
-19
-25
-20
-7
-2
-13
-8
6
15
-1
-13
-1
-1
5
9
18
6
10
19
6
30
30
31
14
6
20
11
30
32
20
15
20
23
27
12
15
18
3
5
8
11
-5
11
15
5
2
14
9
5
16
19
19
20
25
20
18
22
21
10
10
21
12
-5
5
18
25
23
14
23
33
24
36
18
20
26
20
18
12
27
7
11
26
6
18
13
8
21
24
9
17
2
-1
21
25
15
21
28
28
21
4
1
8
15
-2
13
4
-11
-1
-9
-4
12
2
4
3
-12
10
0
1
-2
5
4
-12
14
4
-2
13
13
15
12
5
26
13
0
15
17
1
16
34
30
30
-2
16
7
0
13
7
30
18
9
17
7
18
43
28
41
26
29
31
22
29
33
30
19
6
14
-3
13
28
7
5
-5
15
22
21
10
10
19
17
18
26
26
23
16
23
9
13
24
9
18
12
21
27
15
29
20
26
18
19
25
13
12
2
16
1
10
5
0
7
-9
22
21
11
27
34
22
27
25
18
22
34
25
12
13
7
16
36
19
27
16
22
23
20
29
12
16
10
5
1
0
1
3
5
18
9
14
11
14
11
9
23
15
11
27
23
35
40
44
47
24
24
31
31
26
15
22
25
12
8
10
20
10
11
22
9
22
9
33
31
20
32
31
40
5
25
22
16
12
13
22
24
23
9
21
10
22
21
15
35
23
20
27
31
13
17
23
26
25
5
7
21
8
13
8
13
16
17
35
26
29
18
13
23
5
15
8
-4
2
16
18
9
19
16
30
26
16
23
25
25
6
14
5
10
30
6
3
1
8
18
-3
8
14
1
2
-9
-9
-8
10
-8
-9
-8
-11
2
1
-3
1
4
-6
-3
-6
3
-8
9
6
-3
7
-16
-1
1
11
-9
0
1
-8
-6
-5
1
-6
-1
1
8
9
19
16
19
27
8
23
14
20
15
16
9
2
21
21
7
19
18
18
33
18
26
12
7
14
32
8
16
22
27
28
14
24
22
18
18
13
15
24
2
7
9
11
1
9
11
11
3
4
8
11
6
2
13
20
16
2
6
11
21
10
1
0
3
3
3
-6
-6
-3
33
11
5
4
-13
0
-7
-11
-5
4
-4
6
6
0
9
12
5
7
14
22
1
14
7
4
5
-2
9
2
8
21
3
12
27
-5
10
21
5
5
10
14
2
-2
-10
12
10
-8
2
2
14
31
15
12
20
9
6
16
18
10
21
3
16
33
21
28
5
11
8
6
4
1
4
-7
-12
0
-1
-15
-13
-13
-10
-15
-3
-18
-10
-16
-14
-8
-16
-12
-31
-9
-16
-14
-19
-20
-11
-36
-22
-27
-11
-8
-23
4
3
-7
-7
-18
-20
-22
2
1
1
3
1
6
11
3
13
9
9
-7
-3
12
11
14
2
20
22
13
16
2
8
27
5
12
4
1
13
-4
-5
-3
5
-22
-8
3
-16
1
-12
-18
-18
-6
-22
-27
-23
-23
-23
-12
-4
-11
-6
-19
-18
-7
-7
-13
-27
-25
-16
-22
-26
-30
-29
-21
-34
-26
-23
-34
-40
-24
-26
-16
-21
-27
-25
-28
-32
-28
-9
-19
-17
-6
-7
-10
-9
-16
-21
-21
-23
-15
-22
-24
-22
-38
-32
-10
-18
-30
-23
-38
-33
-39
-29
-39
-33
-27
-36
-26
-33
-20
-23
-24
-13
-15
-28
-17
-13
-5
-8
-25
-18
-19
-23
-15
-12
-22
-3
-17
-30
-21
-11
-13
-18
-7
-17
-21
-28
-5
-13
-4
-5
-2
7
3
7
13
11
-1
11
7
1
9
11
-4
-4
-11
-7
5
-6
-6
4
-6
3
5
8
-11
-18
-18
-15
7
-5
0
-9
2
-13
-18
-6
-5
-4
-20
-15
-10
-7
-6
-17
-9
-6
-10
-15
2
-4
-18
-8
-10
-7
-9
-1
-16
-11
1
6
-1
12
2
-4
-1
-14
-21
-20
-16
-39
-21
-14
-28
-26
-19
-23
-21
-30
-41
-30
-28
-31
-29
-24
-35
-38
-29
-43
-39
-36
-41
-32
-36
-38
-33
-45
-28
-28
-23
-26
-33
-33
-29
-32
-16
-19
-20
-8
-34
-7
-5
-10
-15
-10
-20
-29
-36
-37
-29
-36
-16
-20
-15
-10
-13
-22
-26
-21
-35
-35
-34
-43
-47
-25
-40
-17
-13
-18
-15
-22
-34
-18
-17
-36
-28
-43
-26
-29
-37
-24
-26
-26
-16
-23
-35
-39
-42
-33
-43
-50
-37
-48
-23
-20
-27
-33
-31
-37
-51
-31
-50
-52
-27
-33
-30
-32
-23
-33
-29
-38
-38
-11
-28
-31
-39
-15
-12
-24
-38
-31
-33
-23
-17
-31
-35
-39
-35
-28
-21
-33
-29
-31
-27
-32
-35
-37
-27
-37
-30
-33
-16
-29
-41
-37
-20
-10
-36
-38
-40
-34
-32
-21
-26
-34
-30
-34
-28
-19
-17
-14
-22
-20
-17
-16
-21
-44
-32
-24
-25
-32
-37
-12
-35
-41
-32
-33
-22
-40
-26
-39
-36
-34
-42
-33
-30
-36
-32
-23
-30
-20
-10
-21
-18
-9
-18
-16
-25
-25
-24
-38
-34
-18
-26
-24
-15
-12
-18
-9
-21
-28
-33
-27
0
-20
-16
-28
-13
-19
-20
-14
-27
-18
-21
-34
-41
-36
-21
-23
-39
-42
-43
-44
-51
-54
-41
-38
-35
-46
-47
-37
-42
-38
-40
-35
-47
-53
-51
-38
-43
-52
-43
-46
-45
-56
-54
-46
-61
-49
-33
-43
-52
-38
-48
-59
-34
-42
-40
-46
-61
-43
-50
-58
-53
-59
-47
-34
-48
-46
-44
-45
-41
-61
-53
-35
-38
-52
-51
-35
-42
-31
-56
-50
-40
-50
-45
-43
-54
-56
-52
-55
-50
-51
-63
-57
-67
-72
-56
-51
-57
-77
-60
-69
-72
-76
-73
-59
-68
-74
-72
-60
-59
-71
-68
-55
-70
-70
-79
-63
-65
-68
-63
-78
-76
-74
-78
-100
-90
-84
-79
-75
-74
-88
-83
-89
-78
-77
-89
-87
-94
-80
-77
-90
-78
-75
-75
-80
-88
-93
-89
-91
-98
-95
-101
-85
-84
-88
-94
-104
-103
-117
-115
-110
-109
-121
-114
-121
-110
-99
-115
-114
-112
-136
-130
-122
-114
-95
-118
-106
-91
-104
-105
-91
-97
-96
-104
-107
-104
-96
-105
-85
-73
-82
-76
-95
-75
-92
-88
-67
-81
-69
-75
-85
-75
-68
-63
-83
-71
-53
-76
-56
-53
-62
-57
-59
-55
-56
-58
-75
-67
-82
-56
-62
-69
-61
-59
-63
-77
-49
-48
-59
-51
-59
-68
-61
-64
-56
-60
-71
-60
-65
-63
-59
-60
-68
-60
-65
-63
-54
-83
-69
-63
-76
-84
-73
-61
-81
-92
-82
-73
-62
-72
-79
-64
-64
-62
-52
-79
-67
-61
-68
-65
-71
-53
-55
-70
-54
-62
-63
-61
-68
-88
-77
-71
-87
-83
-79
-80
-77
-92
-86
-85
-87
-67
-78
-77
-73
-70
-68
-65
-62
-68
-68
-55
-51
-71
-68
-82
-77
-77
-76
-59
-40
-42
-46
-40
-51
-34
-22
-32
-36
-23
-24
-20
-38
-19
-23
-44
-42
-51
-56
-53
-58
-77
-69
-64
-66
-69
-67
-67
-66
-49
-46
-37
-48
-43
-47
-47
-44
-32
-20
-25
-24
-54
-49
-57
-58
-52
-60
-43
-61
-49
-33
-37
-36
-38
-43
-61
-68
-69
-69
-63
-31
-34
-39
-47
-36
-51
-44
-35
-55
-59
-55
-63
-77
-65
-61
-43
-47
-50
-60
-50
-42
-59
-79
-80
-64
-56
-50
-58
-41
-44
-55
-54
-57
-62
-62
-72
-52
-61
-61
-47
-69
-67
-65
-71
-75
-74
-84
-72
-77
-61
-58
-74
-63
-67
-46
-49
-32
-35
-39
-20
-34
-28
-45
-40
-35
-16
-26
-41
-47
-41
-38
-46
-45
-46
-36
-43
-38
-45
-50
-39
-39
-53
-49
-40
-45
-52
-36
-33
-31
-46
-72
-52
-62
-52
-70
-68
-73
-75
-61
-48
-53
-52
-44
-42
-28
-24
-20
-36
-45
-55
-57
-65
-65
-65
-64
-68
-71
-59
-61
-47
-56
-44
-41
-62
-58
-49
-50
-35
-35
-33
-10
-35
-32
-34
-25
-14
-38
-28
-8
-9
-17
-18
-26
-3
1
-21
-20
-41
-54
-76
-68
-41
-47
-30
-33
-40
-26
-4
-3
-11
4
-16
-13
-22
-30
-39
-52
-43
-47
-39
-38
-28
-33
-40
-30
-27
-21
-25
-27
-17
-17
-11
-6
-17
-18
-16
-31
-45
-44
-38
-50
-49
-58
-62
-44
-31
-23
-36
-22
-22
-34
-20
-46
-48
-42
-42
-17
-11
-13
-11
-20
-31
-24
-34
-6
-15
-32
-52
-54
-27
-35
-20
-8
-15
-1
-18
-29
-17
-18
-10
-35
-20
-15
5
12
-4
-21
-39
-29
-38
-28
-26
-34
-50
-30
-22
3
15
-5
-21
-24
-46
-55
-39
-36
-37
-44
-54
-42
-34
-30
-51
-38
-29
-10
-1
-21
-28
-46
-36
-37
-41
-18
-2
-23
-6
-14
-4
13
-2
11
6
-14
-20
-16
-27
-46
-46
-50
-64
-53
-59
-58
-51
-58
-57
-64
-64
-35
-36
-7
-15
-34
-41
-54
-34
-73
-80
-69
-52
-32
-48
-38
-39
-38
-34
-49
-48
-53
-48
-38
-51
-34
-59
-66
-60
-57
-43
-42
-34
-55
-40
-45
-58
-46
-53
-31
-23
-33
-24
-54
-53
-65
-81
-92
-97
-61
-66
-58
-37
-58
-48
-37
-45
-38
-42
-50
-55
-67
-41
-34
-41
-35
-32
-26
-43
-60
-62
-56
-68
-72
-52
-36
-22
-22
-50
-45
-34
-68
-69
-100
-100
-87
-82
-71
-44
-23
-34
-31
-23
-7
-3
-8
-19
-22
-22
-15
2
-4
-1
-20
-43
-32
-47
-54
-43
-30
-43
-57
-38
-37
-18
-7
-7
11
16
11
13
15
0
2
-7
-10
-12
-3
-12
4
6
-3
-5
6
17
-9
2
-20
-25
-54
-63
-27
-44
-16
-2
-20
-12
-27
-24
-17
-18
-29
-19
-7
-1
5
33
19
6
-15
-21
5
-29
19
-26
-48
-22
-39
18
-11
-16
-6
-22
-33
-39
-26
-9
-7
2
-13
3
28
0
-16
-12
-22
2
2
-9
7
0
12
8
0
-9
-19
-49
-29
-41
-26
-43
-67
-19
-17
8
15
-6
2
-39
-55
-36
-27
10
6
18
38
20
66
37
10
9
-42
-24
-38
-37
-17
-29
2
16
-6
17
-32
-49
-42
-53
-9
-23
-34
-24
-55
-53
-68
-49
-63
-64
-53
-64
-42
-31
-42
-57
-42
-43
-36
-43
-39
-43
-34
-38
-57
-24
-18
0
-19
-17
-21
-34
-55
-59
-45
-55
-53
-41
-3
-20
-8
-5
-1
-30
-7
-5
-12
-3
-9
0
-16
-26
4
-7
-20
-24
-24
-19
-40
-40
-29
-51
-40
-52
-42
-22
-41
-27
-36
-40
-52
-47
-49
-27
-42
-47
-29
-61
-36
0
3
22
-19
-13
-45
-41
-33
-21
-19
-33
-21
-18
-33
-53
-30
-46
-11
-24
-41
-6
-37
-31
-40
-36
-52
-30
-33
-56
-40
-60
-48
-49
-36
-52
-43
-46
-6
-26
-33
-29
-16
-7
-13
11
10
-3
-12
-7
-43
-24
-37
-45
-29
-5
-12
-29
-34
-14
-21
-2
-9
-27
-17
-20
-19
-33
-23
-16
-58
-50
-39
-21
-27
-12
3
-16
-22
-21
-21
-30
-51
-41
-61
-36
-32
-37
-36
-22
12
-7
17
4
-16
-28
-21
-8
-15
-16
-34
-75
-72
-83
-51
-39
-13
-14
0
0
-3
-16
-49
-62
-89
-62
-51
-35
-38
-3
-13
-25
-27
-26
-34
-62
-32
-51
-35
-28
8
9
-27
-53
-73
-58
-54
-28
-44
-37
-10
8
-21
-7
-9
-38
-69
-64
-63
-30
-48
-24
-36
-26
-21
-37
-25
-29
-68
-43
-41
-26
-12
-47
-43
-83
-64
-59
-36
-24
-37
-4
-29
-18
13
-27
-48
-66
-41
-18
-17
-22
-19
-26
-38
-36
-13
-17
-19
-27
0
-26
-9
-12
10
5
-17
-15
-20
-41
-45
-30
-37
-15
0
2
-2
23
-10
-10
-22
-30
-31
-28
-17
-29
-18
-23
-17
-8
5
13
17
-24
-29
-44
-31
-14
-36
27
31
40
-13
-15
-64
-80
-80
-55
-64
-23
-22
-6
-7
-28
-38
-13
9
-5
-22
-42
-38
-40
8
13
19
-7
-26
-13
-32
-34
-47
-55
-52
-49
-19
12
4
17
20
-4
-24
-26
-22
-18
-20
-16
-12
12
-14
5
-13
-35
-21
-30
12
-2
24
3
-19
-19
-16
-28
-24
-18
19
38
40
10
15
-14
2
-29
-35
3
4
19
24
24
19
4
18
-3
13
29
8
14
16
24
28
29
46
52
59
32
3
-31
-23
-17
-11
-3
6
15
-5
8
-3
25
30
6
0
-4
-6
-3
22
9
-4
-12
31
-3
0
-13
-53
-47
-27
-16
2
-33
-2
31
6
4
8
-2
-9
-11
-17
-20
-16
-30
-17
-3
40
-17
13
-27
-11
14
-7
-6
10
-18
-37
-34
-12
14
4
-3
-13
-20
-25
-12
-15
-6
-9
37
-35
-11
-30
-36
-1
-32
-2
7
-10
-32
-20
-14
-11
8
-1
20
-17
9
-13
14
-8
14
-22
-7
-4
-10
-30
-16
-2
6
11
-2
2
-23
-6
-28
-15
-7
30
29
11
19
5
-46
-40
-35
-23
-30
30
-20
4
-38
12
10
-26
-2
-41
-3
-4
20
13
8
-6
-30
-8
12
14
29
-3
16
-15
1
-25
1
-14
7
-19
-16
-46
-34
-10
-35
-29
-26
0
-57
9
8
31
26
-12
21
4
-4
-22
-20
-24
-28
-19
5
3
20
8
27
-21
-5
-30
-15
-25
-5
27
11
35
19
7
8
-2
-28
-29
-44
14
-18
-23
0
-4
-14
-30
-25
-30
-7
-18
9
-27
-5
-14
-22
6
12
23
21
21
26
-38
-7
4
13
20
-41
32
15
1
-13
-16
5
10
4
18
10
-7
11
8
-9
-1
-6
-1
-13
-36
-43
-15
-2
-23
-9
-5
-27
-37
16
10
39
23
-12
-22
-48
-19
7
21
23
11
3
-15
-24
-1
6
12
26
0
-25
-11
-23
-10
-17
-11
1
12
-1
17
-22
-33
-22
12
-8
20
19
28
37
33
25
42
9
31
34
7
32
23
56
24
11
-6
-27
10
2
34
36
54
90
61
60
-8
-17
-33
-25
8
0
25
48
84
36
64
29
71
77
97
74
53
54
-6
19
-6
8
57
38
34
-7
-12
-2
-13
39
59
72
70
55
50
43
71
58
47
25
40
12
42
11
26
44
40
61
10
45
51
27
43
34
54
21
31
12
37
42
34
83
48
58
40
73
69
70
63
40
68
59
36
60
77
106
71
55
34
41
55
21
21
28
37
27
32
23
16
-14
53
36
42
15
3
1
-3
0
10
30
34
22
56
43
7
-25
-49
12
18
88
82
89
52
6
-26
38
30
7
-4
-2
8
18
43
84
70
52
48
17
0
3
16
-26
30
19
6
18
2
-3
-13
-24
-22
13
-1
30
25
-2
-24
-32
-10
-3
0
23
16
-1
2
25
22
27
-19
-43
9
42
49
37
57
16
45
36
31
0
-35
-30
-47
-30
-13
32
66
74
23
35
23
-5
-17
39
49
55
42
29
20
5
-18
-11
-34
-58
-48
-26
12
8
28
-4
-52
-30
-59
-8
-4
32
28
13
12
-1
-8
-11
21
34
22
31
45
29
12
-6
-22
-11
46
47
45
19
-21
-45
-50
-50
13
36
67
72
62
44
9
10
18
16
26
5
1
-9
-42
-36
-52
-46
-19
-7
-21
-27
-44
-40
11
-1
14
43
46
-1
20
13
-10
-10
-17
15
5
63
46
69
83
51
61
36
36
10
15
45
17
6
-4
-33
-18
-34
0
5
12
63
29
15
45
37
40
33
13
11
-15
-27
18
41
17
24
19
44
29
65
51
51
8
-90
-74
-89
-47
-17
21
5
24
39
41
52
48
31
46
44
58
22
11
21
-34
14
-1
33
29
72
89
90
72
26
-10
-85
-46
-54
-44
-56
-36
-26
-12
-25
-17
9
20
12
-25
0
-16
-14
-5
15
44
60
53
45
-11
48
-1
13
-12
5
25
-16
15
9
27
23
55
40
37
29
53
39
45
3
5
-8
-15
-26
-39
-1
-13
44
31
67
26
39
55
33
35
16
27
31
35
32
60
15
37
-18
-17
-8
-12
9
-19
-10
-33
-25
14
41
58
37
9
55
25
8
26
-19
-5
14
13
-19
-38
6
6
11
15
10
-20
-8
-12
-34
-57
-35
-23
-21
3
3
-12
-47
-46
-47
-55
-23
-35
-71
-43
-2
16
31
76
47
70
67
27
37
-3
15
19
29
52
-7
-27
-39
-87
-66
-44
-44
4
16
29
0
-5
-44
-60
-51
-1
20
39
55
7
32
14
28
-32
-2
-9
-1
-30
-34
-6
-16
31
17
12
-10
17
1
54
33
42
71
24
51
49
46
46
53
53
59
14
32
15
-1
30
-22
-24
-79
-79
-79
-29
-29
16
27
56
74
86
104
50
46
2
8
4
12
37
57
40
33
81
102
95
70
27
48
76
52
41
22
-24
9
6
19
4
-26
-22
-35
-12
4
-9
27
34
38
24
20
18
-7
-26
-22
30
-1
20
-51
-42
-40
12
19
21
59
64
87
58
95
84
45
76
75
51
68
30
16
-9
25
-16
-2
-1
43
11
10
31
-4
25
37
11
-4
10
9
18
28
40
46
41
36
78
79
91
85
68
97
83
115
124
122
112
42
4
15
-15
-49
-53
-74
-54
-47
-18
-33
-31
10
27
41
38
49
1
-11
-5
-19
-7
35
78
41
37
29
55
57
34
68
54
47
31
17
-8
7
8
-8
-2
-10
-30
-10
3
14
34
20
26
23
42
57
45
36
45
25
15
1
-26
-34
-51
-52
-32
-27
-26
-21
-31
-22
20
44
59
82
66
58
24
9
-30
-31
-41
-36
-35
-9
1
-1
35
38
73
72
84
81
65
34
11
13
-33
-56
-4
17
43
77
85
74
81
84
70
78
94
123
96
118
101
58
40
6
-12
-39
-44
-49
-36
-23
-25
-8
4
-4
25
22
27
34
8
17
5
2
13
43
28
30
37
52
65
34
32
23
44
63
47
71
51
22
20
-15
-10
-12
-37
-29
-37
-36
-29
-38
-24
-24
-8
24
46
47
63
88
92
76
103
122
86
85
76
85
98
89
77
76
83
64
60
65
72
94
94
105
130
147
147
125
134
125
115
114
111
109
120
146
159
160
148
145
111
125
118
125
121
102
91
56
31
4
-4
-11
-25
-69
-81
-77
-69
-87
-91
-78
-102
-93
-92
-97
-100
-105
-122
-129
-159
-167
-192
-201
-226
-230
-242
-231
-207
-199
-155
-107
-76
-80
-64
-55
-53
-47
-59
-63
-48
-65
-56
-36
-48
-35
-29
13
38
62
103
110
134
153
190
231
252
278
281
297
331
330
351
380
389
410
449
480
512
539
556
580
610
672
703
697
722
715
688
664
607
552
486
413
345
281
189
103
19
-89
-172
-266
-335
-406
-479
-532
-576
-604
-632
-639
-673
-658
-642
-640
-604
-572
-554
-534
-505
-496
-474
-421
-414
-386
-369
-394
-393
-408
-426
-453
-474
-491
-519
-542
-581
-608
-622
-627
-631
-633
-624
-582
-555
-532
-494
-429
-381
-330
-232
-146
-61
16
106
186
252
332
417
485
555
623
695
776
855
948
1031
1129
1240
1339
1442
1538
1646
1711
1804
1826
1879
1885
1828
1717
1513
1285
957
657
276
-108
-500
-878
-1201
-1461
-1685
-1820
-1865
-1882
-1799
-1638
-1444
-1235
-1011
-771
-539
-339
-152
7
152
260
349
422
513
588
664
735
816
886
914
947
913
870
768
615
485
270
25
-233
-501
-780
-1020
-1250
-1427
-1567
-1656
-1683
-1666
-1555
-1486
-1321
-1160
-1011
-853
-728
-577
-479
-403
-355
-298
-253
-197
-163
-103
-68
-36
-4
41
63
58
85
76
77
42
9
-9
-62
-104
-147
-176
-184
-212
-203
-160
-105
-52
61
173
316
465
607
796
985
1181
1398
1635
1908
2184
2359
2516
2597
2610
2488
2285
2031
1651
1214
680
207
-313
-788
-1263
-1640
-1898
-2113
-2207
-2193
-2036
-1879
-1648
-1374
-1067
-775
-539
-296
-89
91
202
321
420
509
609
662
782
933
1038
1139
1238
1310
1331
1304
1223
1087
857
574
254
-113
-477
-850
-1197
-1504
-1744
-1928
-2035
-2064
-2028
-1924
-1787
-1585
-1369
-1161
-946
-743
-600
-465
-355
-278
-235
-197
-169
-165
-145
-114
-61
-36
5
66
101
134
152
150
117
75
13
-60
-121
-180
-244
-295
-321
-310
-277
-200
-96
34
165
354
572
798
1033
1241
1497
1777
2032
2321
2569
2770
2920
2957
2915
2739
2518
2163
1734
1216
627
66
-504
-1030
-1559
-1942
-2249
-2438
-2553
-2520
-2385
-2217
-1961
-1685
-1312
-1019
-696
-396
-139
57
213
395
531
653
750
852
975
1120
1222
1304
1402
1471
1446
1399
1280
1114
857
531
192
-210
-626
-1030
-1397
-1718
-1984
-2182
-2281
-2278
-2208
-2089
-1883
-1634
-1380
-1130
-886
-660
-489
-362
-257
-186
-164
-147
-169
-146
-125
-103
-60
-12
38
78
122
145
179
160
113
75
-2
-79
-182
-277
-351
-411
-429
-435
-381
-289
-175
-14
185
404
634
891
1159
1438
1693
1987
2264
2586
2828
2988
3153
3182
3131
2898
2660
2283
1815
1226
571
-28
-649
-1236
-1806
-2210
-2552
-2802
-2986
-2918
-2772
-2607
-2352
-2013
-1574
-1250
-879
-516
-169
88
321
541
755
941
1046
1156
1300
1437
1498
1566
1638
1668
1601
1487
1354
1164
849
488
107
-280
-727
-1150
-1536
-1891
-2168
-2378
-2498
-2513
-2454
-2325
-2111
-1846
-1536
-1233
-919
-604
-335
-127
45
184
281
322
318
310
285
250
207
170
133
99
61
24
14
-30
-108
-157
-214
-299
-384
-444
-501
-544
-571
-560
-511
-425
-299
-153
39
293
536
780
1073
1382
1672
1977
2284
2586
2892
3102
3254
3325
3325
3175
2854
2521
2023
1459
775
124
-521
-1169
-1786
-2322
-2706
-2996
-3171
-3251
-3110
-2898
-2631
-2313
-1888
-1433
-1021
-637
-253
150
402
642
847
1062
1231
1326
1436
1574
1680
1715
1767
1775
1775
1655
1480
1304
1045
686
263
-160
-588
-1041
-1499
-1890
-2192
-2448
-2622
-2684
-2618
-2476
-2292
-2010
-1664
-1284
-923
-578
-248
73
290
451
590
664
686
640
590
515
428
328
222
152
81
-13
-79
-123
-201
-282
-371
-447
-539
-646
-749
-815
-860
-890
-879
-833
-723
-571
-404
-160
107
386
669
952
1236
1497
1743
1953
2192
2406
2590
2749
2872
2959
2936
2869
2702
2425
2092
1633
1137
583
-57
-654
-1242
-1785
-2257
-2663
-2982
-3152
-3225
-3175
-3005
-2740
-2387
-1998
-1566
-1081
-625
-195
222
561
875
1137
1365
1531
1646
1730
1782
1814
1815
1789
1694
1595
1442
1243
1028
752
446
97
-265
-633
-996
-1335
-1657
-1909
-2105
-2233
-2282
-2282
-2198
-2046
-1834
-1559
-1268
-960
-654
-362
-102
127
304
460
562
590
592
565
528
458
361
248
152
42
-53
-141
-217
-294
-358
-418
-479
-525
-552
-584
-613
-586
-571
-529
-433
-326
-191
-33
147
363
589
810
1040
1280
1483
1687
1899
2091
2320
2471
2624
2725
2755
2743
2590
2346
2047
1649
1164
635
37
-551
-1108
-1678
-2163
-2529
-2832
-3028
-3113
-3029
-2816
-2557
-2245
-1812
-1378
-931
-496
-79
345
655
917
1179
1386
1547
1653
1696
1742
1800
1768
1729
1695
1576
1428
1247
1024
777
461
101
-272
-640
-991
-1358
-1677
-1938
-2133
-2276
-2341
-2308
-2206
-2050
-1833
-1548
-1240
-906
-600
-300
-31
200
407
530
628
685
683
618
566
519
392
299
203
93
-8
-120
-202
-267
-344
-414
-472
-508
-574
-605
-638
-636
-602
-564
-490
-374
-233
-95
87
318
554
795
1022
1250
1510
1753
1985
2214
2456
2679
2828
2931
2936
2905
2709
2416
2059
1574
1043
422
-219
-823
-1389
-1954
-2428
-2798
-3037
-3161
-3191
-3025
-2781
-2473
-2109
-1668
-1182
-732
-325
74
466
770
1018
1222
1411
1536
1626
1681
1742
1787
1768
1716
1630
1572
1441
1242
999
719
388
13
-362
-751
-1124
-1480
-1806
-2042
-2233
-2355
-2387
-2326
-2187
-2002
-1768
-1441
-1073
-743
-409
-103
186
412
596
721
809
829
792
741
669
560
427
285
165
53
-68
-184
-273
-351
-451
-534
-600
-631
-690
-716
-709
-698
-671
-621
-538
-404
-249
-105
91
304
510
745
955
1191
1407
1596
1789
1998
2227
2407
2563
2705
2762
2718
2639
2414
2118
1730
1244
701
136
-452
-1030
-1565
-2058
-2453
-2765
-2954
-3014
-2980
-2805
-2543
-2196
-1811
-1387
-934
-492
-81
285
645
938
1182
1356
1520
1639
1714
1751
1786
1788
1750
1700
1589
1477
1319
1109
824
537
206
-156
-511
-884
-1240
-1581
-1852
-2068
-2227
-2320
-2333
-2258
-2105
-1912
-1668
-1367
-1047
-722
-422
-133
132
342
516
634
697
717
690
644
566
462
349
228
114
18
-104
-215
-297
-381
-432
-505
-561
-579
-630
-658
-653
-625
-578
-520
-447
-336
-195
-59
92
279
470
672
851
1049
1257
1424
1613
1793
2014
2210
2394
2524
2603
2607
2563
2403
2130
1806
1373
873
334
-212
-748
-1281
-1777
-2194
-2493
-2706
-2815
-2821
-2695
-2474
-2202
-1870
-1484
-1069
-668
-282
61
411
706
936
1142
1316
1460
1543
1610
1660
1700
1673
1600
1540
1434
1288
1095
859
599
280
-66
-406
-741
-1062
-1374
-1645
-1863
-2013
-2119
-2163
-2115
-2022
-1866
-1661
-1414
-1144
-867
-602
-352
-118
84
278
406
496
545
553
537
493
419
324
229
119
8
-100
-199
-296
-387
-446
-509
-563
-580
-590
-603
-578
-546
-498
-451
-366
-277
-163
-69
63
196
355
490
637
830
974
1167
1332
1516
1713
1913
2108
2278
2411
2451
2446
2378
2183
1920
1552
1128
642
99
-435
-921
-1395
-1875
-2210
-2476
-2618
-2677
-2643
-2481
-2255
-1958
-1627
-1230
-845
-475
-120
215
520
789
982
1143
1316
1425
1505
1560
1612
1605
1572
1527
1461
1357
1191
1002
764
510
189
-127
-420
-739
-1057
-1345
-1586
-1765
-1918
-2025
-2053
-2002
-1916
-1768
-1584
-1361
-1102
-858
-611
-349
-121
70
229
371
456
515
534
522
502
437
351
239
155
44
-43
-133
-223
-305
-393
-427
-486
-507
-532
-564
-536
-513
-490
-446
-372
-278
-211
-120
2
126
229
352
474
609
751
891
1037
1163
1299
1479
1650
1835
2015
2155
2271
2321
2334
2251
2058
1792
1468
1076
609
100
-373
-847
-1320
-1720
-2053
-2303
-2427
-2469
-2441
-2278
-2038
-1743
-1440
-1082
-709
-361
-18
309
602
848
1041
1170
1306
1401
1463
1477
1475
1457
1380
1321
1226
1100
953
767
581
381
124
-147
-409
-689
-939
-1187
-1406
-1592
-1748
-1818
-1903
-1899
-1862
-1732
-1589
-1413
-1198
-952
-705
-445
-191
21
229
396
536
623
666
683
665
602
523
418
329
222
57
-50
-135
-232
-294
-349
-369
-389
-409
-399
-386
-368
-354
-323
-291
-245
-196
-148
-101
-36
48
140
245
336
492
642
816
999
1185
1397
1624
1859
2050
2237
2374
2444
2453
2377
2183
1933
1604
1204
740
252
-235
-714
-1178
-1607
-1938
-2190
-2325
-2401
-2383
-2248
-2047
-1788
-1500
-1171
-804
-463
-136
170
437
673
859
987
1119
1211
1258
1280
1297
1295
1252
1217
1155
1075
973
826
682
494
274
41
-214
-491
-757
-1029
-1277
-1509
-1673
-1826
-1900
-1921
-1897
-1790
-1672
-1466
-1231
-968
-684
-404
-133
103
319
497
636
714
746
729
700
639
552
452
338
225
116
14
-64
-142
-199
-253
-302
-325
-378
-383
-425
-452
-475
-488
-490
-503
-473
-446
-392
-323
-263
-140
-30
122
287
462
659
841
1036
1264
1484
1714
1946
2150
2330
2459
2516
2524
2459
2273
2026
1692
1294
859
352
-163
-642
-1107
-1534
-1892
-2168
-2331
-2409
-2420
-2305
-2113
-1885
-1603
-1257
-928
-578
-253
27
315
526
701
857
1000
1090
1181
1231
1265
1311
1321
1302
1293
1258
1146
1046
871
668
434
151
-141
-458
-794
-1116
-1383
-1657
-1849
-2021
-2092
-2087
-2048
-1934
-1768
-1517
-1237
-934
-645
-343
-61
184
380
543
680
774
794
794
770
711
635
541
436
328
206
98
22
-68
-158
-234
-297
-365
-429
-494
-539
-578
-617
-659
-654
-645
-627
-592
-531
-443
-351
-244
-105
38
204
390
573
787
986
1189
1375
1609
1840
2065
2255
2445
2599
2664
2654
2594
2437
2157
1813
1392
941
419
-109
-655
-1156
-1602
-1996
-2301
-2497
-2593
-2618
-2513
-2301
-2055
-1768
-1426
-1078
-710
-378
-60
239
484
705
899
1072
1202
1320
1412
1501
1555
1584
1589
1559
1500
1392
1229
1022
787
475
151
-193
-565
-924
-1266
-1547
-1792
-1987
-2106
-2145
-2104
-1998
-1824
-1612
-1351
-1043
-756
-453
-132
133
367
549
687
795
848
867
842
790
723
634
521
402
287
178
72
-45
-140
-212
-322
-393
-460
-525
-594
-654
-696
-741
-768
-774
-749
-722
-674
-602
-507
-385
-256
-91
82
263
456
662
870
1066
1262
1461
1648
1818
1999
2184
2340
2483
2596
2646
2636
2571
2415
2147
1816
1398
950
432
-129
-661
-1195
-1667
-2099
-2438
-2689
-2826
-2855
-2805
-2619
-2343
-2010
-1662
-1268
-849
-414
-42
313
640
905
1151
1341
1505
1625
1726
1764
1807
1810
1774
1718
1617
1487
1275
1065
777
478
128
-243
-618
-981
-1313
-1635
-1888
-2101
-2230
-2274
-2241
-2129
-1962
-1723
-1460
-1145
-807
-479
-181
93
347
541
681
777
853
855
852
811
764
687
616
549
455
387
276
189
83
-21
-165
-312
-432
-573
-717
-844
-956
-1032
-1080
-1094
-1051
-989
-868
-734
-572
-369
-153
56
264
479
689
891
1083
1251
1401
1535
1663
1783
1905
2048
2175
2288
2412
2490
2548
2518
2396
2217
1904
1513
1055
530
-71
-660
-1256
-1808
-2283
-2676
-2948
-3100
-3113
-3019
-2790
-2453
-2042
-1597
-1134
-643
-188
230
601
905
1138
1333
1470
1589
1677
1695
1748
1731
1731
1708
1670
1600
1440
1291
1057
781
437
57
-341
-763
-1166
-1547
-1886
-2122
-2301
-2418
-2431
-2359
-2179
-1953
-1661
-1366
-1036
-674
-358
-73
190
415
573
696
782
842
878
851
829
794
740
667
587
475
348
215
64
-107
-282
-463
-665
-847
-1002
-1126
-1247
-1315
-1329
-1306
-1235
-1110
-943
-747
-540
-320
-76
163
376
571
745
906
1018
1127
1225
1305
1369
1411
1478
1533
1595
1668
1758
1847
1920
1995
2052
2042
1957
1801
1565
1222
823
375
-109
-595
-1099
-1564
-1929
-2218
-2426
-2493
-2479
-2341
-2139
-1847
-1509
-1141
-759
-413
-63
221
484
668
834
966
1026
1120
1175
1238
1295
1350
1384
1403
1411
1356
1285
1141
943
667
349
-1
-380
-765
-1159
-1480
-1767
-1976
-2130
-2169
-2131
-2007
-1829
-1606
-1326
-1041
-756
-484
-221
17
221
363
488
610
669
696
726
724
712
679
647
564
470
369
224
84
-89
-282
-489
-664
-830
-984
-1105
-1189
-1219
-1203
-1139
-1027
-880
-705
-508
-314
-82
103
283
418
543
644
699
741
753
749
754
748
738
744
759
818
838
868
945
1030
1131
1250
1360
1445
1539
1616
1667
1632
1537
1375
1114
834
529
186
-187
-561
-906
-1186
-1445
-1607
-1709
-1737
-1695
-1618
-1479
-1269
-1041
-820
-611
-397
-205
-21
146
320
470
610
749
888
1050
1179
1303
1384
1434
1436
1366
1249
1065
808
502
164
-201
-564
-902
-1213
-1484
-1715
-1825
-1866
-1858
-1768
-1629
-1465
-1258
-1049
-833
-607
-436
-275
-137
-17
85
171
250
307
357
408
449
471
478
453
405
331
232
124
-24
-180
-333
-504
-634
-757
-838
-876
-903
-889
-804
-699
-590
-443
-294
-121
13
132
258
335
415
451
460
467
457
443
415
385
370
370
375
407
459
521
593
709
847
967
1120
1298
1471
1626
1789
1890
1947
1925
1807
1639
1362
1007
613
191
-254
-703
-1113
-1427
-1665
-1822
-1908
-1901
-1798
-1656
-1469
-1233
-970
-736
-540
-344
-142
36
184
308
439
581
733
885
1024
1176
1301
1367
1400
1382
1288
1136
882
596
283
-84
-456
-766
-1041
-1320
-1505
-1601
-1634
-1596
-1504
-1379
-1214
-1063
-910
-743
-601
-491
-389
-284
-177
-94
15
132
231
339
407
484
553
568
543
491
389
256
87
-87
-253
-423
-565
-675
-752
-766
-754
-704
-619
-524
-395
-284
-173
-85
-46
-13
19
16
-5
-30
-45
-63
-98
-91
-75
-74
-30
21
76
134
214
306
413
490
581
700
796
915
1033
1182
1363
1522
1684
1832
1944
2020
2010
1906
1754
1508
1164
774
372
-41
-444
-819
-1140
-1367
-1531
-1634
-1668
-1631
-1543
-1464
-1368
-1224
-1072
-948
-817
-655
-500
-300
-124
103
370
623
899
1137
1356
1531
1631
1656
1592
1471
1279
1005
704
373
27
-273
-566
-799
-969
-1108
-1176
-1225
-1228
-1230
-1214
-1168
-1155
-1149
-1138
-1089
-1031
-955
-846
-717
-553
-372
-149
64
247
409
522
608
639
639
589
503
405
297
185
77
-10
-90
-159
-203
-232
-265
-314
-377
-453
-548
-626
-724
-794
-871
-908
-922
-887
-812
-702
-562
-416
-258
-99
68
201
310
414
474
539
578
606
652
686
744
817
913
1024
1154
1309
1468
1629
1809
1921
2016
2069
2068
1994
1815
1590
1298
929
508
88
-310
-682
-1028
-1322
-1493
-1574
-1646
-1621
-1543
-1412
-1262
-1145
-972
-790
-642
-490
-341
-160
23
201
388
610
817
1016
1170
1303
1425
1477
1428
1319
1198
982
737
459
185
-93
-366
-607
-806
-962
-1102
-1222
-1300
-1362
-1401
-1427
-1421
-1384
-1361
-1293
-1188
-1027
-862
-677
-433
-203
30
253
468
634
750
831
850
824
755
655
522
378
224
45
-113
-270
-407
-560
-696
-797
-889
-968
-1050
-1097
-1128
-1111
-1054
-976
-882
-742
-589
-425
-242
-48
123
274
400
495
583
620
633
633
623
608
579
583
577
581
600
618
656
702
750
791
860
902
987
1102
1222
1321
1374
1436
1461
1448
1382
1258
1099
860
561
283
17
-224
-462
-680
-825
-913
-980
-1023
-1051
-1040
-1053
-1082
-1052
-1004
-966
-909
-829
-696
-507
-297
-68
214
470
684
855
1007
1126
1154
1109
1019
907
717
523
343
174
-18
-206
-356
-471
-578
-706
-812
-917
-1032
-1132
-1216
-1231
-1218
-1186
-1108
-958
-794
-615
-420
-208
-18
91
209
264
278
259
233
181
118
48
0
-35
-101
-141
-207
-252
-277
-347
-411
-480
-550
-615
-636
-649
-671
-625
-565
-499
-411
-307
-214
-118
-42
39
119
153
174
199
226
225
217
221
218
214
215
206
202
219
233
255
285
323
400
473
550
671
811
955
1130
1322
1512
1650
1732
1791
1811
1783
1691
1520
1288
984
670
355
36
-269
-568
-842
-1052
-1228
-1367
-1484
-1569
-1585
-1628
-1639
-1551
-1435
-1317
-1148
-919
-636
-333
-36
275
577
879
1136
1312
1463
1573
1602
1566
1492
1409
1245
1034
826
609
378
101
-187
-462
-737
-985
-1250
-1482
-1629
-1738
-1779
-1778
-1713
-1575
-1421
-1241
-1032
-829
-628
-422
-239
-68
100
219
339
436
531
610
656
669
639
583
501
381
246
89
-114
-299
-480
-613
-745
-871
-926
-927
-918
-927
-855
-768
-692
-604
-506
-379
-272
-179
-56
36
122
194
244
261
297
303
290
311
305
319
333
382
426
474
514
588
660
717
821
894
976
1086
1223
1320
1433
1535
1574
1603
1545
1462
1319
1098
814
448
124
-204
-501
-776
-1023
-1194
-1306
-1354
-1399
-1397
-1372
-1322
-1276
-1192
-1042
-895
-712
-520
-255
49
335
608
866
1119
1295
1408
1463
1442
1377
1229
1055
878
704
491
255
56
-160
-386
-587
-781
-977
-1163
-1318
-1431
-1513
-1547
-1508
-1437
-1319
-1189
-1011
-806
-627
-458
-301
-147
-15
116
228
324
397
420
459
482
431
381
282
162
28
-139
-275
-415
-534
-632
-676
-712
-717
-712
-693
-664
-639
-581
-542
-490
-431
-355
-280
-182
-65
30
125
219
280
321
346
348
333
300
255
231
210
202
218
212
234
243
269
298
309
347
363
406
444
542
655
773
942
1094
1279
1429
1532
1594
1622
1596
1503
1364
1131
845
575
297
51
-163
-431
-620
-783
-900
-997
-1103
-1193
-1297
-1338
-1371
-1331
-1242
-1131
-958
-780
-537
-265
-5
272
478
665
819
939
1043
1087
1079
1060
1009
951
893
756
614
429
217
-5
-255
-496
-736
-957
-1138
-1272
-1359
-1363
-1360
-1323
-1254
-1210
-1110
-999
-907
-799
-682
-564
-431
-269
-120
28
132
243
318
374
395
372
371
303
235
188
121
67
14
-52
-108
-162
-223
-258
-328
-408
-470
-508
-499
-483
-464
-422
-370
-308
-252
-188
-139
-143
-124
-112
-120
-109
-82
-57
-22
46
103
161
222
256
304
330
367
408
469
529
623
738
857
1008
1154
1294
1416
1530
1601
1642
1655
1603
1525
1408
1237
989
708
402
111
-122
-354
-573
-775
-940
-1086
-1179
-1263
-1345
-1400
-1450
-1403
-1326
-1230
-1085
-909
-701
-446
-195
71
319
511
684
822
949
1036
1087
1112
1122
1116
1059
1001
902
762
580
318
83
-171
-429
-670
-914
-1130
-1277
-1369
-1406
-1429
-1456
-1451
-1400
-1334
-1238
-1131
-1015
-859
-678
-446
-235
-22
178
305
453
571
625
675
677
644
614
558
494
439
362
260
153
49
-64
-187
-324
-444
-577
-652
-696
-730
-715
-706
-662
-608
-545
-497
-456
-395
-343
-305
-232
-150
-65
25
141
239
320
442
498
553
580
606
630
642
667
698
711
763
804
838
855
854
856
841
847
863
874
860
893
899
889
855
736
621
433
213
19
-159
-283
-369
-426
-455
-464
-453
-445
-463
-525
-594
-621
-601
-556
-513
-433
-346
-237
-115
22
129
186
238
303
358
410
439
462
480
483
485
467
428
338
247
143
8
-114
-240
-340
-420
-446
-455
-412
-358
-316
-248
-213
-199
-201
-203
-233
-232
-224
-175
-120
-68
17
78
112
104
99
74
43
21
15
18
60
103
156
192
201
179
158
93
50
-4
-93
-140
-156
-145
-129
-128
-135
-157
-165
-201
-251
-297
-381
-423
-453
-452
-413
-368
-327
-308
-258
-228
-212
-171
-161
-136
-96
-70
-14
36
51
80
100
70
84
47
8
-11
-23
5
-7
29
53
77
108
126
142
166
192
210
226
271
312
358
412
445
461
472
461
434
400
356
304
272
224
201
152
138
118
90
75
43
39
19
-11
-22
-44
-62
-92
-111
-129
-154
-173
-178
-182
-189
-188
-157
-126
-105
-68
-76
-42
-36
-56
-71
-86
-101
-155
-169
-195
-214
-230
-244
-248
-258
-237
-243
-219
-193
-165
-114
-89
-21
28
75
136
194
239
276
320
325
332
321
319
292
245
204
155
88
21
-20
-91
-156
-198
-255
-286
-298
-346
-327
-341
-334
-305
-286
-211
-165
-127
-70
-7
33
64
92
113
107
101
87
84
78
58
48
29
32
9
-15
-25
-40
-61
-62
-63
-76
-85
-69
-47
-7
32
80
122
162
222
258
296
326
361
361
357
355
350
316
279
223
176
123
63
20
-42
-102
-138
-178
-189
-209
-204
-193
-178
-161
-127
-85
-56
1
57
120
174
214
242
269
273
272
237
185
143
80
8
-46
-82
-129
-164
-203
-238
-255
-270
-283
-301
-300
-290
-262
-224
-173
-141
-99
-60
-1
53
116
166
194
221
212
182
135
181
204
219
219
209
229
198
126
37
-84
-161
-187
-192
-223
-260
-312
-335
-341
-379
-422
-449
-440
-376
-316
-272
-246
-207
-221
-230
-242
-199
-59
44
128
129
196
250
318
295
237
172
166
234
278
295
233
198
176
179
93
19
-37
-46
-9
-7
-25
-67
-99
-99
-89
-71
-66
-73
-61
1
27
28
57
105
153
215
283
303
287
269
248
187
133
97
72
60
4
-34
-79
-135
-164
-185
-222
-240
-245
-234
-239
-254
-245
-238
-226
-195
-165
-183
-169
-184
-193
-206
-199
-167
-152
-106
-107
-109
-122
-138
-161
-182
-169
-136
-106
-52
-11
37
59
38
56
42
22
-10
-40
-34
-54
-56
-56
-81
-92
-104
-102
-129
-163
-184
-214
-217
-231
-229
-220
-220
-190
-191
-192
-185
-168
-125
-86
-57
5
65
155
241
326
395
452
504
533
534
500
499
501
498
488
475
504
495
469
411
341
280
239
219
183
206
219
248
274
310
312
302
305
310
287
319
341
361
397
407
418
382
335
251
150
56
-44
-135
-193
-205
-238
-272
-286
-305
-330
-385
-407
-450
-465
-470
-449
-437
-398
-330
-285
-233
-198
-153
-127
-94
-68
-30
-10
26
66
97
114
117
84
39
-16
-84
-175
-256
-316
-347
-391
-430
-435
-458
-448
-442
-438
-424
-410
-359
-313
-250
-182
-106
-18
58
120
165
201
223
245
260
271
260
267
251
240
240
203
158
137
104
64
47
8
5
4
19
34
37
56
57
89
108
147
177
201
260
296
336
339
361
367
374
373
377
396
403
400
405
403
395
400
389
352
317
302
266
218
196
191
177
149
111
76
52
40
9
-31
-77
-112
-133
-159
-188
-227
-256
-309
-336
-368
-399
-419
-466
-486
-511
-510
-515
-506
-490
-469
-424
-419
-367
-329
-313
-262
-213
-147
-87
-29
18
35
57
57
50
6
-45
-90
-148
-199
-235
-280
-333
-364
-407
-445
-475
-504
-511
-519
-509
-475
-436
-387
-326
-271
-219
-165
-104
-36
40
116
181
244
303
346
383
399
393
389
362
329
313
261
223
191
148
118
100
65
56
35
15
9
-19
5
5
31
76
86
116
146
179
191
241
279
304
330
352
385
398
426
425
415
405
394
377
368
359
317
306
254
228
185
128
72
34
-8
-30
-53
-99
-122
-144
-183
-212
-246
-271
-281
-308
-324
-354
-375
-403
-422
-430
-450
-457
-462
-453
-443
-440
-441
-419
-402
-380
-371
-348
-326
-305
-278
-267
-239
-209
-197
-188
-171
-175
-181
-178
-187
-216
-244
-262
-293
-322
-347
-352
-374
-383
-382
-365
-337
-323
-295
-268
-229
-187
-141
-107
-40
7
65
108
146
206
249
291
310
328
328
298
279
225
174
138
88
46
16
0
-26
-44
-54
-47
-65
-62
-31
-27
-25
-1
52
97
142
195
220
276
308
345
391
410
437
443
450
467
466
457
436
377
315
244
200
163
103
44
-16
-61
-90
-112
-142
-199
-243
-275
-287
-270
-279
-285
-272
-252
-222
-185
-164
-147
-180
-190
-184
-163
-154
-170
-182
-184
-178
-188
-182
-201
-214
-234
-235
-263
-276
-283
-325
-347
-370
-402
-419
-423
-445
-458
-443
-418
-398
-382
-366
-332
-301
-271
-232
-216
-185
-169
-151
-125
-122
-105
-95
-97
-101
-106
-98
-86
-87
-70
-74
-79
-43
-11
-2
20
21
21
33
29
29
3
2
12
23
3
7
19
23
6
20
34
40
30
60
70
100
131
154
184
194
225
228
244
283
291
309
351
375
414
405
408
415
380
361
343
313
306
271
234
191
131
79
5
-47
-95
-128
-177
-213
-240
-251
-261
-277
-279
-271
-272
-270
-242
-206
-169
-145
-113
-92
-46
-42
-25
-1
3
12
12
15
-10
-20
-51
-97
-145
-182
-236
-316
-364
-435
-467
-481
-520
-539
-546
-538
-520
-511
-494
-458
-415
-365
-334
-298
-261
-227
-176
-149
-117
-94
-77
-51
-45
-31
-21
-13
-6
1
8
-1
-3
9
0
0
-20
-24
-29
-35
-18
-20
-22
-23
-20
-15
-21
-12
4
14
39
38
48
61
75
100
99
101
97
114
110
126
140
155
159
165
192
211
245
252
283
286
303
321
326
344
319
301
268
230
195
154
110
63
33
-6
-64
-98
-148
-190
-230
-265
-276
-271
-254
-234
-221
-158
-116
-75
-24
15
52
103
170
203
234
237
261
257
244
226
186
166
84
41
-33
-77
-148
-219
-266
-343
-375
-442
-462
-480
-502
-500
-489
-499
-469
-438
-402
-339
-311
-243
-187
-129
-86
-43
-18
27
53
68
75
71
88
103
74
67
39
22
1
-35
-68
-113
-138
-158
-179
-186
-209
-191
-176
-187
-144
-126
-100
-64
-17
34
59
90
123
138
175
176
195
217
226
239
235
228
212
200
188
179
171
163
159
147
142
117
110
104
110
101
90
90
89
84
64
43
9
1
-18
-48
-62
-91
-100
-118
-132
-135
-144
-130
-144
-139
-138
-126
-101
-83
-60
-35
-10
9
51
75
112
144
173
200
187
182
186
171
157
124
95
52
0
-40
-98
-161
-194
-233
-271
-289
-300
-322
-316
-326
-317
-304
-312
-292
-268
-238
-213
-185
-145
-117
-62
-36
-10
28
37
55
66
61
59
49
26
11
-17
-28
-58
-78
-120
-152
-170
-195
-209
-215
-215
-207
-181
-161
-148
-120
-74
-52
-19
24
73
106
138
149
191
219
220
233
225
227
214
201
171
156
144
105
97
87
67
46
19
28
9
7
22
7
18
9
42
53
51
74
79
93
94
89
101
93
87
83
56
37
9
-1
-28
-44
-42
-74
-76
-83
-81
-81
-80
-77
-59
-30
-20
-7
8
12
39
35
49
54
44
53
37
47
18
24
22
32
15
5
-11
-37
-41
-65
-73
-101
-129
-154
-167
-197
-196
-207
-222
-199
-196
-180
-169
-150
-125
-105
-78
-64
-68
-45
-23
-24
-20
-23
-10
-25
-37
-40
-54
-34
-48
-22
-36
-25
-6
-12
-16
-15
-15
-21
-19
-20
-33
-27
-21
-36
-25
-25
-23
-18
-7
26
8
34
40
34
44
33
44
19
36
20
-4
-1
-16
-20
-33
-37
-38
-25
-16
-23
-11
13
41
50
64
81
78
73
77
67
54
57
41
23
2
-15
-38
-54
-76
-82
-102
-107
-106
-122
-111
-116
-127
-109
-109
-112
-102
-103
-79
-71
-64
-50
-42
-31
-21
-9
14
16
39
39
40
52
58
61
55
46
20
-2
-24
-42
-69
-93
-108
-128
-137
-141
-158
-162
-152
-156
-146
-129
-120
-105
-104
-86
-62
-52
-46
-44
-33
-6
5
6
15
29
39
48
54
65
47
36
30
8
-2
-32
-65
-102
-123
-135
-153
-175
-184
-206
-203
-204
-188
-160
-136
-114
-91
-67
-35
4
6
21
25
30
32
43
37
36
32
41
39
33
21
20
18
23
29
18
5
-9
9
10
11
13
16
13
-1
2
-6
8
1
19
14
27
43
19
36
23
20
-1
-34
-36
-50
-65
-81
-78
-94
-97
-94
-86
-79
-76
-62
-60
-38
-43
-28
-14
-9
1
-20
-18
-23
-32
-16
-13
-41
-26
-27
-32
-30
-50
-47
-37
-54
-44
-51
-60
-69
-75
-81
-90
-100
-85
-65
-51
-49
-34
-30
-24
21
8
16
21
29
25
29
22
7
0
-20
-48
-57
-82
-90
-106
-130
-139
-146
-143
-180
-144
-133
-131
-128
-101
-80
-74
-49
-43
-31
-18
1
2
27
27
24
26
22
23
13
11
14
5
-16
-9
-10
-22
-6
-4
-15
13
32
26
33
38
40
57
58
69
64
63
62
59
56
53
38
22
24
23
25
24
17
2
4
-16
-4
-1
-6
-20
-27
-28
-29
-13
-21
-3
14
15
23
45
50
39
47
51
44
30
12
-4
-1
-21
-32
-29
-50
-75
-81
-89
-108
-87
-90
-85
-70
-51
-45
-46
-6
0
18
53
71
75
86
97
78
76
81
84
71
45
36
28
25
-4
-9
-45
-49
-62
-63
-55
-60
-50
-72
-60
-53
-48
-57
-39
-26
-22
-10
5
19
23
37
30
51
49
48
53
35
30
19
16
6
8
-5
-9
-12
-29
-22
-55
-31
-26
-18
1
3
15
15
28
37
34
25
25
30
14
24
20
3
18
5
10
-5
-4
6
6
13
20
22
28
26
26
45
47
65
62
40
45
56
57
65
84
79
61
79
86
72
74
66
53
56
36
30
32
13
9
-13
-15
-18
-8
-3
11
-2
23
11
19
9
2
14
15
21
28
49
48
31
45
31
37
67
49
66
73
58
64
68
58
48
28
32
4
13
7
-7
-11
-22
-27
-45
-32
-23
-15
9
4
15
32
40
37
46
35
41
28
14
24
25
29
4
18
-7
-17
-8
-19
-30
-33
-32
-26
-24
-26
-29
-24
-30
-35
-58
-54
-36
-55
-58
-54
-58
-45
-57
-46
-32
-39
-21
-28
-7
7
10
15
25
32
34
48
39
27
38
44
38
51
47
47
66
68
75
73
80
57
63
48
32
18
-13
1
-12
-24
-51
-47
-47
-59
-55
-57
-64
-60
-49
-63
-49
-33
-31
-20
-14
-2
-15
1
31
24
40
58
61
57
69
78
67
68
66
57
36
23
46
16
-15
-14
-14
-26
-41
-27
-30
-33
-38
-33
-33
-51
-35
-40
-34
-10
-21
5
6
10
17
22
29
30
17
32
37
32
22
19
23
-8
-17
-36
-36
-47
-72
-66
-85
-112
-109
-116
-125
-118
-117
-126
-125
-116
-112
-100
-83
-81
-72
-68
-59
-56
-42
-23
-27
3
-16
-7
19
11
36
47
56
69
60
67
69
73
77
84
76
59
54
65
42
26
18
-1
-1
-8
-3
-46
-66
-65
-68
-77
-96
-93
-90
-74
-71
-63
-47
-41
-38
-22
-16
-4
9
12
20
40
47
55
65
84
72
72
77
60
52
26
15
-6
-15
-46
-59
-64
-86
-89
-77
-84
-97
-90
-89
-71
-62
-62
-54
-48
-47
-40
-29
-24
-26
-27
-1
-12
-11
3
9
22
16
34
11
4
29
10
32
12
0
3
-18
-20
-27
-31
-40
-39
-49
-57
-72
-74
-69
-64
-60
-56
-68
-65
-56
-61
-63
-61
-50
-40
-48
-24
-26
-9
-7
-1
0
-5
5
5
10
0
-15
-25
-38
-31
-34
-39
-52
-50
-53
-77
-83
-84
-82
-93
-90
-96
-103
-80
-90
-76
-69
-75
-60
-61
-52
-50
-52
-35
-23
-19
-9
12
13
20
38
48
44
44
61
63
77
69
54
77
67
56
49
36
32
28
26
1
1
-13
-13
-22
-32
-39
-55
-46
-34
-51
-54
-67
-66
-64
-80
-58
-47
-52
-59
-56
-45
-47
-38
-27
-36
-26
-26
-24
-10
-20
-7
-23
-13
-11
-34
-34
-35
-39
-56
-45
-44
-39
-58
-68
-79
-75
-96
-106
-86
-104
-103
-94
-56
-83
-79
-35
-46
-35
-27
-34
-32
-14
9
17
26
18
3
-1
-16
-9
-37
-54
-66
-71
-75
-92
-93
-125
-116
-130
-132
-124
-135
-137
-122
-115
-127
-124
-121
-99
-89
-72
-88
-74
-59
-53
-43
-47
-41
-28
-38
-34
-33
-30
-3
7
5
8
8
23
45
33
54
53
51
37
50
70
47
62
67
68
58
77
44
41
49
42
27
23
20
20
5
-12
-10
-32
-30
-47
-42
-39
-50
-44
-48
-17
-27
-13
-3
4
6
-1
38
30
41
26
31
46
14
24
-8
-15
-13
-24
-18
-40
-49
-53
-51
-42
-70
-73
-45
-53
-31
-29
-49
-31
-22
-16
2
0
8
23
10
10
-5
-16
-8
-19
-16
-23
-18
-38
-26
-24
-50
-17
-52
-50
-52
-53
-42
-44
-49
-65
-48
-42
-65
-63
-65
-66
-71
-83
-88
-81
-79
-79
-73
-82
-78
-75
-71
-74
-64
-48
-51
-58
-55
-57
-39
-37
-32
-11
-12
-6
21
35
32
35
50
44
51
63
63
67
72
71
60
54
42
25
18
10
-5
-27
-32
-41
-68
-68
-64
-68
-64
-60
-57
-65
-59
-59
-37
-41
-31
-9
2
17
21
21
25
30
41
38
45
50
31
26
32
36
24
29
11
-4
-16
-24
-40
-63
-66
-67
-87
-78
-75
-88
-74
-84
-75
-58
-63
-51
-44
-41
-21
-18
2
20
36
44
42
61
79
91
79
75
82
75
67
76
74
64
49
27
29
31
-3
-9
-31
-32
-31
-47
-55
-72
-79
-82
-104
-101
-95
-113
-119
-99
-100
-92
-67
-52
-33
-37
-13
-14
-14
9
5
16
26
38
22
33
25
6
16
2
-14
-27
-20
-45
-57
-67
-69
-62
-82
-84
-73
-75
-74
-76
-67
-57
-44
-33
-46
-27
-15
-6
12
11
24
33
38
51
63
66
76
67
79
61
68
60
44
50
30
25
13
-1
-8
-30
-49
-64
-81
-93
-99
-104
-114
-114
-103
-98
-86
-76
-64
-58
-44
-44
-11
11
33
34
16
51
56
53
53
72
77
79
77
56
61
72
47
40
25
13
-2
-17
-29
-40
-56
-86
-89
-104
-101
-106
-101
-102
-104
-98
-99
-90
-67
-76
-75
-70
-76
-64
-57
-52
-54
-43
-52
-41
-26
-43
-27
-25
-45
-34
-52
-72
-75
-94
-85
-101
-123
-123
-144
-141
-141
-139
-148
-141
-129
-127
-108
-109
-100
-77
-74
-62
-49
-31
-19
-22
3
13
28
44
45
54
80
73
65
61
62
74
52
46
37
19
-1
-6
-10
-28
-43
-46
-64
-70
-64
-62
-72
-57
-57
-63
-33
-25
-24
-16
-26
-17
0
-4
13
21
30
22
45
66
57
61
78
70
72
94
87
74
41
51
57
42
42
25
9
8
16
8
-15
-18
-25
-5
-16
-23
-22
-24
-18
-14
-18
-31
-18
-14
-19
-15
-3
1
7
9
15
31
23
35
35
31
39
26
31
23
17
10
0
7
1
-21
-24
-29
-58
-44
-48
-52
-41
-53
-32
-23
-39
-44
-22
-12
10
22
49
47
74
87
95
114
110
125
123
125
127
121
114
93
95
79
55
66
44
11
2
1
-15
-29
-33
-36
-36
-56
-48
-47
-67
-41
-45
-39
-17
-15
2
6
17
21
25
50
50
34
55
61
53
66
77
75
70
57
57
54
43
21
15
20
27
15
26
47
35
44
48
56
48
49
60
67
66
67
64
64
79
68
73
74
61
57
70
49
60
51
40
40
22
26
21
21
20
34
22
30
29
31
40
45
56
48
36
37
43
46
30
15
12
31
15
28
31
19
33
15
16
20
25
20
27
28
38
37
39
41
40
64
58
53
53
47
56
67
64
41
48
43
30
34
23
19
-8
-13
-37
-49
-44
-25
-39
-36
-18
-40
-15
-13
-9
-4
14
30
44
51
55
65
66
71
91
79
92
90
70
78
69
70
67
68
57
59
53
45
44
35
40
38
47
51
41
32
29
29
36
49
41
67
73
66
72
51
62
81
94
97
90
99
101
97
103
106
95
89
83
77
70
71
49
55
57
43
46
55
57
43
44
43
29
39
36
21
36
18
15
28
24
37
30
27
35
30
43
26
27
38
47
57
56
55
31
41
37
31
34
40
33
24
45
41
44
42
33
41
15
27
21
3
-6
-7
-7
-4
-4
10
16
14
17
19
3
26
25
17
35
30
35
45
35
43
44
44
66
68
68
77
74
67
69
75
67
69
62
54
59
39
41
26
14
5
-5
-14
-18
-16
-14
-1
-13
-15
4
13
11
9
27
31
37
43
50
55
53
62
56
54
60
65
68
65
59
62
61
57
56
48
42
32
23
43
33
11
25
20
18
15
8
11
23
27
24
23
30
25
34
29
31
57
50
52
54
56
54
64
66
64
73
84
77
69
65
59
56
75
59
58
70
45
45
42
48
57
49
50
61
57
49
40
46
63
56
56
48
54
62
65
76
65
76
82
82
85
82
84
80
91
108
106
90
93
87
86
89
78
83
79
63
63
52
35
35
20
8
9
11
9
-2
0
-2
-1
4
9
8
12
28
32
39
39
36
45
49
59
60
65
71
69
75
82
87
84
92
83
61
65
65
58
44
48
35
32
26
36
30
40
47
37
64
63
66
71
69
81
83
77
95
92
90
91
91
94
102
97
89
84
90
90
69
81
84
67
59
69
51
45
47
48
55
50
40
44
42
58
55
64
72
52
63
81
73
63
59
65
71
60
59
60
57
63
53
63
76
74
63
60
74
54
54
52
52
56
49
77
58
68
68
59
56
37
35
28
27
26
31
-1
13
-5
3
9
-11
9
13
6
-8
4
3
18
19
8
16
29
29
28
25
37
44
65
72
66
71
72
75
82
67
71
72
64
55
45
40
39
49
37
28
41
38
47
42
33
41
52
55
57
49
57
65
54
40
46
46
47
43
37
47
40
36
39
45
35
36
25
23
17
23
10
-8
2
-6
-6
-2
10
9
18
20
27
24
32
56
44
45
49
60
61
56
54
69
67
55
58
39
39
34
33
44
27
39
31
32
28
18
20
28
21
17
27
35
40
29
44
43
44
46
52
56
47
35
42
41
41
28
30
24
10
6
1
9
-3
5
7
3
-5
1
-3
-3
5
1
7
-18
-21
-4
-7
-4
1
5
12
16
18
30
37
35
40
54
38
46
39
17
29
33
40
52
50
43
21
5
24
12
10
7
2
12
10
10
19
14
20
17
13
23
11
3
14
16
19
21
21
17
23
20
-6
12
23
27
24
48
37
49
53
45
66
59
73
69
69
76
80
64
57
57
50
42
30
25
17
14
10
5
14
9
-9
1
2
2
10
-3
-11
-2
4
5
22
23
29
55
75
65
67
71
75
81
78
71
77
86
77
84
70
67
55
33
35
29
7
-4
-6
-15
-23
-38
-43
-47
-31
-24
-24
-30
-33
-31
-20
-5
-11
-10
2
-1
-3
6
5
35
32
25
43
34
34
51
49
53
56
46
47
35
35
25
16
18
18
19
10
11
12
15
15
7
2
13
12
0
-7
-2
-10
-17
-12
-5
0
-10
14
11
-6
20
13
11
18
21
40
32
34
33
27
34
26
28
21
34
21
15
3
-3
-3
-16
-21
-37
-40
-51
-37
-57
-47
-48
-61
-48
-42
-34
-31
-11
-6
-15
-2
14
19
30
24
38
35
39
31
37
42
21
38
29
31
20
2
-10
-16
-18
-30
-33
-47
-43
-37
-42
-41
-60
-59
-51
-49
-50
-46
-47
-40
-31
-32
-15
-4
-18
-3
-2
-7
1
19
26
12
7
16
16
17
33
21
32
32
34
34
40
34
33
28
31
24
16
15
22
21
27
20
21
29
17
15
21
35
31
25
14
22
23
29
25
20
23
20
29
23
24
20
27
31
29
22
18
19
17
21
15
8
8
28
11
4
12
17
14
10
18
15
20
34
28
23
32
15
40
28
23
45
57
68
66
65
61
53
58
78
80
81
84
86
69
74
53
79
78
55
55
44
36
23
21
19
19
7
10
8
19
11
29
26
21
31
34
30
55
55
59
50
53
52
68
62
55
73
63
57
71
62
56
83
82
72
71
71
67
66
52
66
67
71
60
55
64
67
63
54
69
60
81
80
89
94
99
96
112
111
100
91
105
104
94
109
98
101
81
88
89
78
66
67
62
60
43
44
41
54
41
38
45
27
40
44
47
52
50
42
48
49
55
54
45
55
55
50
49
62
76
83
69
73
74
72
57
57
66
71
58
55
65
55
51
69
64
62
70
68
61
51
53
55
58
55
69
63
74
68
77
74
66
91
76
92
82
79
85
76
66
94
103
110
84
60
64
69
76
69
69
63
67
57
57
65
69
50
42
45
27
35
31
44
49
26
26
28
40
45
31
47
53
47
51
51
55
69
71
59
60
60
64
57
55
49
57
60
47
55
49
44
51
45
60
54
50
61
51
46
45
40
60
70
58
53
50
61
63
53
47
60
60
57
50
56
49
49
60
46
64
54
56
43
46
44
39
34
37
40
10
31
38
27
16
16
22
33
12
23
23
39
30
35
35
47
60
32
52
51
49
57
58
49
57
53
62
57
34
40
32
26
30
36
36
19
13
24
16
30
40
16
11
12
18
14
12
12
10
-1
13
15
-9
-18
-17
-8
-2
-7
10
-1
-6
5
12
13
4
-12
2
10
7
8
17
36
23
2
5
9
30
15
24
32
27
17
19
26
26
48
37
26
27
18
20
24
18
12
14
41
31
30
40
33
36
48
36
36
42
37
49
53
52
40
52
49
31
33
28
13
8
6
-6
-21
-42
-39
-32
-39
-48
-42
-47
-47
-45
-40
-40
-30
-29
-21
-4
3
6
-4
12
10
23
31
18
29
42
20
19
31
18
16
30
27
7
16
12
2
-15
-8
-8
-16
-6
-27
-18
-18
-5
-4
-3
-8
-4
10
-6
1
-10
-4
2
6
15
16
9
15
-3
10
11
-1
-5
-7
11
-10
-12
-16
-12
1
-3
-8
-16
-4
-11
-12
-3
-16
-15
-6
-10
-6
6
-4
-18
-3
-3
4
9
19
13
16
12
13
26
16
25
28
29
24
15
27
38
28
54
48
51
53
32
38
35
47
33
26
28
21
24
17
10
-4
-6
-10
-12
-2
6
-5
-17
-7
-12
-13
2
4
11
9
12
15
27
38
35
39
39
49
43
47
41
36
27
34
30
22
27
10
12
12
2
6
2
3
3
4
-10
-1
-8
-8
6
5
6
3
11
18
3
23
33
15
38
37
39
39
28
34
33
24
23
33
17
9
25
6
4
-3
-9
-15
-13
-5
-21
-27
-22
-45
-24
-30
-21
5
-21
-11
-1
-7
5
2
6
10
13
27
24
30
39
35
40
39
26
26
31
33
29
27
27
27
18
17
9
33
16
12
22
2
5
3
3
5
3
4
8
13
15
19
13
24
28
12
14
33
21
27
16
24
10
11
10
9
18
13
27
11
16
9
38
29
17
24
21
28
18
17
14
18
7
5
23
5
-5
-1
-13
-13
-29
-16
-22
-27
-28
-39
-23
-9
3
-8
11
19
20
40
27
30
40
43
55
42
43
40
43
52
44
50
23
20
17
27
17
5
17
-7
3
-4
-12
-7
-19
-26
-22
-24
-5
-23
-15
5
-9
10
-1
-9
7
19
11
10
8
16
31
30
21
15
6
18
4
3
15
20
29
7
14
14
21
15
29
26
29
33
21
13
20
12
17
22
11
7
11
10
15
17
2
10
36
35
21
28
46
32
27
32
27
38
32
30
17
21
18
29
33
26
16
23
29
17
30
20
27
39
41
29
29
25
26
37
27
28
16
23
21
15
20
38
6
9
15
2
16
28
20
27
37
32
56
39
48
42
45
65
44
54
60
51
55
28
40
41
30
29
14
13
22
20
10
4
3
-7
5
1
-3
2
-9
0
-13
-21
14
4
9
10
-1
15
13
27
14
23
22
30
29
45
49
34
37
39
44
28
30
49
45
29
31
20
25
30
15
18
23
-4
3
19
8
-3
4
1
7
13
13
14
1
-5
13
6
8
5
-3
16
7
12
4
13
15
16
14
21
20
12
24
18
14
8
33
15
20
23
22
27
29
36
22
26
1
18
14
4
9
14
13
2
17
5
14
7
8
2
-3
-1
-1
8
8
18
7
4
13
2
13
6
-4
6
-11
12
8
-14
-5
-22
-14
-9
-8
-12
-25
-25
-28
-17
-20
-8
-5
-4
-5
-16
-14
-24
-14
-7
-11
-6
6
-1
-7
0
3
0
-8
7
-5
8
18
16
12
16
15
18
17
24
24
21
9
12
27
13
24
25
19
19
19
26
16
23
21
10
21
18
26
35
22
8
26
13
22
17
16
23
21
27
11
27
34
29
18
29
30
36
22
35
43
28
29
25
34
27
10
22
18
18
16
25
12
17
17
0
14
18
27
13
18
9
8
9
6
4
6
23
4
8
13
4
7
31
23
7
14
25
32
18
20
25
19
25
29
40
36
35
30
36
41
25
36
52
39
35
55
35
22
41
36
26
34
23
29
40
29
22
25
32
14
-3
4
14
11
15
-4
14
13
19
29
20
13
19
29
11
23
14
13
27
38
33
22
37
13
17
9
-12
-6
-2
-4
-16
1
-2
-6
-8
-6
-7
-4
-7
-17
-13
-9
-2
12
7
9
13
20
20
11
18
23
21
20
14
33
34
19
9
17
3
10
13
10
-9
3
-2
-13
3
3
3
-10
-7
-6
-9
-10
9
-2
12
7
-2
-11
-4
17
15
6
17
15
-1
11
8
20
9
31
24
12
26
17
26
21
17
3
12
27
22
18
21
17
10
11
7
5
9
6
-1
11
3
9
7
24
4
1
14
14
26
24
18
15
7
1
-5
-32
-22
-4
-10
-14
-12
-6
4
-18
-27
-7
-14
-7
0
-13
-3
-6
-7
8
-2
4
7
-10
5
0
-4
15
-3
-4
18
8
1
34
28
11
5
5
-1
-1
9
4
1
9
8
-1
2
-7
12
-6
2
1
7
-4
-9
1
-19
0
7
3
-2
14
0
14
14
4
-6
-19
13
15
-11
11
15
15
13
0
2
11
9
-3
18
2
11
14
-7
-11
-11
-9
0
-1
12
1
18
27
-10
-1
4
19
-3
3
6
-6
0
-11
7
9
8
9
27
9
11
10
4
6
6
20
16
25
16
4
-5
-4
9
-2
-2
-18
-19
-9
-7
-19
-17
-11
-14
15
3
10
3
8
7
9
25
16
9
27
29
34
42
32
44
28
43
32
36
35
27
31
26
20
3
17
17
3
-6
17
-4
-9
-5
-6
4
13
17
11
-3
10
24
19
15
7
6
-2
25
20
13
15
-2
-1
12
18
4
-8
-4
3
-6
-15
-5
3
5
5
0
2
0
-1
-5
10
8
-5
-3
3
6
14
22
25
15
14
27
22
29
20
20
32
18
28
13
25
26
29
36
26
30
25
42
46
34
35
30
32
21
15
32
21
15
14
15
22
17
2
-13
8
-6
-19
-1
3
2
4
11
6
-10
15
12
-1
21
28
29
20
33
38
34
24
31
36
39
31
23
24
16
18
12
11
3
-16
-13
-6
-3
-6
-22
2
-21
-4
-7
-13
-12
-3
13
6
-1
22
18
7
20
14
13
17
7
9
22
0
8
-1
3
6
3
6
-2
-2
-8
-7
-6
-13
-2
-1
-1
-1
8
7
3
9
6
8
0
10
13
11
13
22
23
26
20
32
30
15
32
35
22
40
31
41
47
36
40
32
29
32
37
31
20
9
28
7
17
20
10
22
16
27
22
24
27
30
34
16
29
26
22
10
23
18
19
23
15
28
18
27
17
23
24
32
30
26
11
13
11
20
26
40
33
16
16
15
23
17
21
18
29
17
8
9
4
17
18
21
8
5
10
5
-5
-6
3
-5
4
-2
18
6
3
24
15
5
11
12
18
14
-6
-16
-10
5
6
0
3
2
6
-5
-11
1
2
13
13
15
9
7
14
8
21
23
23
26
30
26
41
18
31
17
33
30
14
35
34
33
23
33
25
36
14
17
25
11
22
17
12
22
29
26
30
22
27
45
24
25
39
34
37
27
37
28
23
30
40
39
25
26
21
28
8
21
24
11
-3
2
8
7
6
17
14
8
22
13
25
25
33
43
41
28
40
28
28
43
46
44
35
53
45
52
50
49
32
21
23
27
25
26
30
26
24
15
36
34
27
22
7
16
13
17
18
19
7
10
-2
-3
-1
-1
0
-22
-12
-2
8
5
8
5
1
3
2
3
-4
9
6
0
4
3
8
13
9
8
8
2
23
8
17
5
0
10
11
11
3
4
-3
-10
-7
18
-2
2
10
3
4
4
7
12
0
-9
16
10
6
9
13
19
4
11
3
9
13
-6
7
5
3
-3
-19
-8
-7
1
-19
-31
-6
-25
-11
-31
-32
-19
-25
-12
-7
-6
-10
-6
-7
-5
-10
-7
-3
3
13
8
-5
13
8
21
13
12
17
1
15
14
8
11
12
14
-13
-4
-24
-26
-15
-29
-42
-38
-32
-46
-23
-25
-30
-42
-33
-28
-28
-37
-38
-41
-38
-28
-24
-11
-16
-29
-18
-29
-26
-16
-17
-13
-4
-13
-10
1
-16
-23
-14
-8
-14
-6
-9
-2
7
16
-6
-9
-4
-11
-2
3
1
-11
13
-6
-3
6
-1
2
-6
-1
-9
4
9
9
10
7
2
12
17
4
-1
-6
5
3
6
8
13
9
13
9
3
3
-2
7
6
2
8
8
6
-3
-7
20
19
19
20
12
9
27
32
25
15
18
14
13
23
14
10
7
10
9
9
-7
13
16
0
4
6
-3
-9
-8
-12
-29
-13
-6
-11
-1
-19
2
-11
0
11
3
25
19
39
29
19
20
36
36
47
37
27
43
37
31
27
42
44
40
32
25
35
32
38
32
29
27
33
44
22
24
25
34
32
43
32
45
53
47
55
24
52
42
25
50
50
43
39
47
33
45
50
50
47
40
43
33
53
47
23
36
40
27
24
8
26
26
29
26
23
17
9
12
15
14
-5
-4
-8
11
5
-4
8
6
12
0
28
17
5
4
-3
-12
-3
9
-2
6
-12
-14
-7
-4
-7
11
0
-6
-2
-16
-28
-26
-22
-33
-18
-17
-18
-31
-30
-6
-6
5
0
-12
-17
-12
-6
0
2
2
-3
11
1
8
18
7
21
4
3
5
14
17
10
15
12
10
16
15
5
-3
18
19
-2
-4
7
-8
-12
-10
-13
-4
-10
-13
4
8
-9
-9
-12
-16
-16
-7
2
3
-10
-19
-13
-22
-5
-11
-19
-11
-5
-14
-22
3
-19
-2
-12
-7
-20
-17
-5
-9
-12
-19
-5
-15
-18
-6
1
5
-7
1
10
10
-5
-7
-9
-1
-8
-17
-14
-1
-2
0
1
-6
-4
-2
-14
-17
-11
-13
-6
-3
-9
-6
-1
-14
-6
-13
-19
-8
-9
-11
-16
-2
16
-3
-1
6
11
-9
2
3
2
2
-3
-11
-5
4
-11
3
-4
-9
13
-5
-7
0
4
9
-3
7
7
-17
-11
-16
-17
-23
-42
-27
-32
-27
-21
-29
-25
-14
-27
-14
-13
-14
-6
-14
7
-1
11
-4
-6
-2
7
10
6
-9
-1
-8
2
-1
-7
-2
-15
-11
-5
-9
-19
0
-16
-16
-18
-11
-15
-17
-18
-13
-14
-7
-8
-7
-6
-19
-5
-13
-5
-5
-13
-9
-11
-14
-19
-12
-3
-22
-16
-17
-16
-19
-16
-19
-31
-6
-28
-27
-25
-30
-23
-19
-21
-17
-19
-20
-16
-22
-25
-38
-18
-25
-24
-20
-9
-27
-29
-25
-17
-23
-21
-21
-31
-21
-9
-21
-19
-24
-24
-25
-39
-33
-42
-39
-28
-39
-44
-27
-38
-37
-43
-41
-40
-55
-57
-48
-29
-33
-31
-26
-20
-23
-18
-38
-29
-8
-12
-18
-6
-11
-8
-7
3
15
4
7
1
23
13
6
11
13
13
16
19
9
-3
-1
11
6
5
4
15
21
16
14
8
8
19
8
7
7
10
4
-9
-9
3
-5
4
1
8
0
0
12
7
20
-5
5
7
7
10
-7
15
18
4
14
13
-1
-1
2
-9
8
14
-15
-1
10
3
13
6
3
13
13
17
21
28
22
19
24
21
14
19
20
15
26
24
8
18
17
20
9
8
14
-11
2
10
6
8
-11
10
9
-4
8
-2
17
18
23
15
9
18
1
29
14
24
40
30
39
28
21
23
44
41
26
33
25
26
47
34
42
37
42
25
23
44
51
46
29
33
26
39
28
42
28
35
45
32
43
53
54
50
64
33
37
29
23
39
29
37
36
33
26
36
36
27
19
19
16
20
15
12
21
21
9
28
18
21
28
17
22
36
53
42
38
42
52
43
52
48
47
42
30
57
51
69
66
60
56
40
52
62
72
58
48
51
61
54
51
51
30
37
45
46
40
45
52
27
21
24
20
35
49
43
42
