62
54
61
58
63
78
66
56
60
65
58
74
81
78
83
78
61
63
76
68
76
87
79
62
69
78
67
72
70
64
66
84
84
72
71
57
60
54
80
73
70
65
65
63
71
77
58
83
89
51
66
78
73
74
76
58
62
84
72
76
61
58
72
74
65
60
74
74
54
81
75
62
63
64
66
64
63
60
70
60
68
81
77
73
73
70
69
74
50
60
82
76
70
54
72
79
74
75
70
63
66
77
69
67
60
51
42
55
58
50
59
75
72
79
94
73
84
88
91
82
80
84
75
68
78
101
86
84
93
97
72
74
68
86
90
78
90
97
97
98
96
78
88
83
86
91
67
84
89
83
89
89
94
70
78
78
76
62
61
70
64
75
60
68
68
72
74
67
56
61
63
45
50
48
63
43
51
58
46
60
52
48
54
46
43
58
51
55
46
45
26
28
39
32
30
22
28
42
37
35
33
38
32
41
45
33
41
52
58
39
52
59
45
59
51
52
52
58
62
57
69
61
55
56
66
63
62
70
78
62
70
65
53
69
68
64
68
59
58
63
64
64
63
68
71
76
72
80
69
67
69
65
62
54
70
70
53
54
39
48
60
56
52
69
54
61
62
42
43
45
51
54
58
38
47
56
60
41
47
46
41
43
54
53
46
52
47
30
29
43
27
47
33
43
27
27
37
23
43
16
42
23
28
46
27
29
42
33
31
36
30
26
26
39
27
41
28
39
40
35
36
41
19
22
26
20
30
36
36
23
14
21
23
19
28
26
24
20
42
24
18
24
19
16
9
17
4
14
35
36
25
45
39
42
44
46
36
31
29
26
48
37
38
42
27
38
38
39
35
28
27
43
40
16
35
27
34
25
42
21
35
46
34
42
20
40
39
32
29
36
20
30
23
44
48
47
49
32
40
23
32
31
31
29
34
34
34
27
43
28
32
38
43
46
39
29
45
57
40
44
37
43
43
41
19
28
29
30
20
21
29
45
23
11
22
31
31
25
31
24
39
20
25
14
19
15
7
10
1
17
20
17
12
9
-4
4
5
3
10
7
12
-5
-11
-2
10
4
14
3
-5
0
-1
-2
-21
-9
-10
-2
-12
-5
-4
-10
-2
-17
-19
-26
-20
-3
-24
-25
-7
-10
-24
-9
-3
-9
-1
4
8
2
4
9
-6
-7
4
7
5
-6
4
9
-4
1
2
-19
-13
-8
-10
-2
-14
-14
-4
-15
-6
15
-6
-5
-3
-5
2
-5
-3
-16
-18
-25
-3
-5
-27
-18
-17
-21
-7
-15
-20
-23
-23
-13
-34
-48
-37
-36
-18
-27
-36
-22
-33
-36
-34
-22
-38
-57
-55
-56
-48
-32
-41
-29
-34
-43
-46
-51
-39
-41
-51
-63
-60
-60
-51
-46
-50
-46
-41
-55
-55
-52
-64
-57
-58
-52
-42
-44
-64
-67
-67
-60
-58
-61
-54
-76
-72
-49
-51
-64
-58
-55
-50
-64
-54
-56
-51
-51
-76
-50
-64
-68
-62
-61
-56
-55
-43
-63
-61
-54
-58
-46
-59
-68
-60
-59
-58
-54
-49
-49
-59
-62
-46
-39
-52
-53
-49
-32
-35
-42
-47
-64
-43
-38
-64
-48
-61
-58
-41
-54
-43
-43
-57
-54
-64
-66
-60
-69
-78
-72
-64
-69
-68
-81
-73
-75
-68
-74
-64
-75
-61
-79
-81
-65
-82
-73
-70
-66
-77
-74
-89
-80
-89
-78
-95
-107
-94
-100
-106
-104
-103
-112
-103
-104
-97
-100
-92
-96
-84
-93
-98
-85
-101
-85
-104
-90
-90
-89
-104
-102
-93
-97
-85
-99
-90
-105
-94
-98
-108
-85
-85
-91
-84
-89
-93
-86
-95
-107
-89
-94
-97
-101
-105
-104
-108
-96
-108
-102
-119
-112
-109
-106
-105
-97
-85
-98
-95
-98
-102
-105
-91
-107
-103
-83
-98
-103
-112
-98
-92
-103
-83
-98
-105
-101
-122
-105
-104
-111
-114
-118
-104
-106
-119
-113
-108
-115
-109
-105
-113
-118
-118
-112
-116
-121
-117
-107
-101
-135
-137
-122
-136
-125
-137
-141
-144
-151
-142
-139
-134
-128
-137
-136
-137
-133
-128
-139
-126
-148
-139
-153
-146
-134
-137
-135
-146
-148
-163
-146
-147
-150
-149
-137
-141
-143
-140
-145
-138
-155
-156
-154
-150
-142
-140
-150
-160
-151
-148
-160
-156
-172
-171
-164
-152
-155
-177
-169
-175
-169
-162
-180
-170
-174
-168
-158
-172
-150
-147
-175
-160
-162
-172
-160
-156
-166
-164
-160
-155
-160
-164
-155
-166
-167
-153
-140
-152
-154
-169
-153
-146
-163
-167
-179
-163
-167
-169
-177
-164
-163
-183
-175
-165
-156
-169
-151
-154
-163
-146
-152
-147
-144
-156
-166
-159
-154
-144
-131
-134
-139
-136
-138
-134
-130
-130
-134
-138
-152
-142
-129
-139
-136
-135
-140
-143
-119
-136
-141
-127
-129
-150
-138
-121
-137
-152
-148
-125
-143
-133
-144
-131
-131
-141
-141
-154
-147
-153
-146
-137
-137
-149
-141
-137
-136
-141
-140
-145
-143
-152
-152
-157
-174
-164
-172
-163
-171
-156
-159
-169
-160
-170
-165
-171
-167
-163
-168
-156
-152
-159
-142
-158
-155
-131
-140
-143
-132
-146
-133
-151
-162
-144
-167
-164
-154
-148
-145
-137
-158
-156
-157
-155
-152
-156
-172
-152
-147
-160
-152
-164
-162
-169
-168
-160
-150
-148
-143
-140
-146
-130
-132
-129
-141
-141
-129
-143
-134
-121
-141
-125
-112
-132
-124
-128
-129
-106
-106
-117
-111
-120
-113
-103
-113
-125
-111
-107
-99
-99
-116
-123
-127
-120
-118
-136
-141
-154
-137
-132
-135
-126
-138
-144
-146
-126
-137
-136
-125
-136
-129
-117
-147
-136
-138
-140
-125
-144
-134
-131
-147
-147
-146
-128
-137
-128
-125
-131
-134
-147
-121
-142
-129
-127
-118
-123
-125
-124
-131
-117
-125
-121
-115
-110
-111
-119
-112
-112
-108
-114
-112
-108
-115
-123
-117
-122
-119
-108
-108
-114
-97
-90
-106
-114
-99
-106
-126
-106
-111
-115
-119
-122
-122
-133
-102
-115
-122
-111
-115
-94
-108
-106
-102
-108
-109
-99
-97
-111
-109
-100
-103
-120
-92
-103
-102
-92
-94
-82
-85
-85
-93
-106
-89
-97
-109
-97
-92
-90
-90
-84
-84
-80
-83
-85
-72
-84
-72
-90
-99
-82
-86
-71
-71
-76
-74
-88
-83
-101
-83
-68
-92
-84
-85
-75
-67
-77
-88
-78
-82
-78
-75
-73
-74
-73
-68
-68
-61
-74
-78
-71
-74
-73
-68
-75
-70
-74
-80
-74
-64
-76
-68
-67
-71
-68
-73
-72
-68
-67
-61
-73
-85
-57
-69
-55
-49
-63
-70
-63
-48
-48
-48
-49
-60
-60
-53
-63
-59
-47
-51
-54
-49
-64
-65
-57
-65
-56
-52
-61
-74
-87
-88
-80
-64
-66
-80
-73
-77
-75
-54
-45
-60
-52
-69
-66
-52
-59
-66
-49
-51
-55
-59
-67
-62
-57
-58
-76
-59
-70
-60
-75
-57
-51
-56
-64
-63
-50
-64
-65
-69
-40
-64
-58
-56
-56
-60
-55
-59
-55
-48
-43
-49
-43
-40
-44
-38
-43
-28
-30
-24
-17
-19
-37
-26
-36
-41
-25
-22
-22
-24
-22
-22
-10
-7
-24
-13
-8
-8
-18
-14
-10
-11
-17
-15
-21
-30
-16
-13
-31
-25
-32
-18
-16
-32
-20
-32
-18
-47
-33
-36
-39
-47
-51
-40
-46
-42
-42
-31
-39
-35
-30
-35
-34
-34
-36
-34
-39
-18
-25
-33
-25
-19
-12
-33
-19
-19
-18
-22
-23
-25
-35
-14
-17
-24
-18
-30
-29
-27
-31
-11
-39
-19
-16
-24
-28
-22
4
-24
-13
-17
-13
-11
-12
-17
-21
-18
-20
-19
-7
-4
0
1
-3
-2
-5
-8
-7
3
6
2
-9
-10
-2
-4
-3
-2
-3
20
2
8
7
-12
-8
-15
9
-15
-23
-26
-7
-8
-15
-21
-27
-26
-21
-10
-21
-13
-18
-19
-19
-11
-13
-19
0
-13
-17
-15
-17
-28
-30
-13
-28
-28
-19
-28
-24
-15
-21
-7
-30
-27
-6
-17
-9
-11
-23
-10
-15
-18
-5
-12
-13
-21
-21
-12
-18
-8
-6
-12
-12
2
-12
-17
-6
-1
4
-8
-5
-11
-1
-12
-8
-12
7
1
-6
-19
-20
1
-25
-14
-23
-20
-20
-36
-28
-19
-20
-27
-14
-30
-24
-9
-4
-33
-36
-20
-21
-11
-9
-24
-14
-32
-33
-28
-37
-34
-41
-36
-42
-42
-34
-48
-44
-34
-26
-41
-28
-27
-40
-30
-47
-27
-30
-31
-28
-17
-23
-29
-22
-22
-26
-19
-15
-22
-17
-27
-22
-25
-43
-25
-33
-39
-32
-40
-34
-32
-19
-46
-17
-14
-11
3
2
-4
-17
-14
-14
-7
-16
-15
-25
-15
-20
-36
-24
-35
-29
-28
-31
-34
-33
-35
-40
-44
-39
-38
-48
-47
-54
-50
-56
-38
-32
-28
-17
-28
-48
-45
-29
-41
-46
-31
-39
-58
-37
-38
-37
-44
-35
-23
-31
-21
-28
-26
-26
-32
-24
-20
-18
-32
-20
-22
-18
-22
-32
-20
-21
-24
-30
-22
-21
-22
-22
-34
-31
-20
-16
-36
-26
-40
-42
-39
-47
-38
-48
-48
-37
-24
-37
-29
-33
-15
-38
-42
-43
-48
-25
-37
-34
-34
-37
-34
-46
-43
-35
-32
-30
-40
-37
-24
-5
-38
-27
-26
-21
-28
-20
-20
-36
-31
-19
-19
-29
-17
-21
-14
-9
-21
-13
0
-9
7
-5
0
-23
-1
-11
-35
-6
-11
-21
-27
-14
-23
-16
-22
-29
-23
-29
-28
-24
-38
-25
-23
-25
-34
-35
-28
-37
-36
-20
-22
-36
-30
-42
-32
-13
-20
-27
-32
-30
-27
-29
-15
-20
-21
-26
-26
-30
-25
-23
-6
-21
-19
-24
-22
-16
-25
-11
-12
-18
-16
-18
-19
-2
-14
-9
-1
-10
-14
-24
-15
3
-12
-31
-15
-6
-26
-14
-30
-25
-15
-16
-11
-12
-11
-32
-22
-21
-34
-28
-27
-24
-15
-36
-22
-7
-17
-26
-14
-10
-19
-15
-18
-27
-13
-19
-18
-17
-26
-14
-20
-23
-21
-24
-15
-10
-6
-19
-15
-17
-27
0
-22
-22
-29
-18
-16
-21
-17
-16
-17
-35
-13
-31
-22
-12
-19
-32
-23
-14
-20
-17
-8
-21
-18
-22
-25
-16
-25
-23
-19
-15
-24
-14
-17
-29
-26
-42
-35
-31
-17
-20
-26
-32
-27
-27
-38
-23
-39
-36
-16
-28
-28
-40
-32
-27
-28
-26
-19
-29
-35
-25
-14
-24
-28
-6
-25
-16
-27
-31
-33
-20
-25
-39
-42
-23
-25
-19
-16
-25
-17
-39
-34
-36
-32
-22
-25
-12
-6
-29
-35
-27
-18
-16
-24
-13
-17
-11
-17
-16
-10
-4
-5
-21
-12
-23
-21
-16
-21
-23
-16
-3
-13
4
-21
-3
-11
-13
-12
-13
-2
-11
3
-6
7
5
-3
5
-4
13
10
3
10
6
8
30
24
13
20
16
6
20
20
15
29
18
13
14
14
13
18
33
37
32
30
28
40
30
22
27
29
17
30
18
14
27
12
15
26
6
12
12
14
1
-1
18
20
9
21
15
14
17
12
13
7
21
21
18
20
8
9
9
29
31
8
11
16
12
19
20
17
28
26
29
24
17
29
31
19
36
36
32
44
32
33
47
40
20
29
36
37
31
35
25
17
21
24
25
42
30
31
29
25
25
31
42
22
27
27
41
31
27
28
30
35
22
28
20
26
20
27
20
28
26
15
24
25
24
13
10
12
6
28
30
31
37
35
43
36
33
23
28
34
19
18
28
32
35
21
47
45
34
26
41
45
37
32
32
37
35
30
27
34
32
23
43
28
34
46
30
42
33
41
29
36
28
25
26
33
34
20
35
46
41
26
43
45
49
32
36
39
41
49
46
53
46
44
52
59
36
35
39
32
45
53
43
45
51
34
40
39
28
41
34
30
43
33
32
49
44
43
33
34
39
37
32
27
34
33
31
37
24
19
9
18
21
14
23
8
10
6
11
32
15
10
12
18
18
11
20
12
6
-2
30
15
16
13
8
9
14
6
11
16
16
-3
18
6
8
25
5
12
6
15
8
22
14
41
32
15
14
27
43
27
23
17
25
34
21
25
33
25
25
42
36
41
16
18
16
20
33
14
16
11
3
7
12
23
25
8
21
33
34
14
26
21
28
15
8
13
21
18
17
28
24
26
27
29
18
22
26
41
29
25
35
38
29
18
27
25
22
17
13
13
18
10
12
28
21
22
27
1
13
6
-2
16
25
8
9
9
10
15
6
15
12
31
21
19
22
12
-5
19
33
44
42
22
15
17
24
28
39
39
35
25
34
15
32
52
54
35
48
41
49
53
27
46
29
35
31
37
28
19
20
32
23
24
41
36
49
38
36
34
23
28
28
27
27
20
20
18
12
35
27
22
26
19
26
19
12
23
31
13
15
29
28
6
8
15
23
12
9
8
6
17
14
17
-4
26
30
16
6
-2
11
-5
4
-11
-9
-2
-7
2
0
-11
7
-7
1
2
10
14
-10
-4
6
15
4
-2
2
9
-8
3
-3
-1
14
19
9
7
5
-1
6
-2
14
2
-4
4
14
13
8
10
5
2
5
-4
14
-5
-14
17
1
4
5
4
5
-4
0
-13
-20
2
1
17
13
2
-1
-5
2
-4
10
-6
-14
7
22
17
17
30
10
10
6
6
22
20
18
6
14
10
9
6
21
18
24
9
23
26
21
36
41
28
18
27
28
30
12
22
28
31
28
35
30
11
17
24
14
15
12
3
9
17
15
16
30
10
13
33
13
34
41
27
16
22
40
27
18
25
44
42
20
19
28
14
8
22
21
19
14
21
18
10
23
33
27
14
19
13
6
12
8
1
12
19
1
9
5
0
7
-2
12
13
13
13
-3
17
10
-7
1
-1
3
14
20
11
11
-6
0
6
-4
12
-4
11
12
13
8
11
13
5
18
24
20
16
17
23
11
25
26
15
33
22
30
17
20
24
34
27
12
22
22
17
22
13
29
39
25
20
20
20
24
15
14
18
31
4
-7
17
10
10
6
5
17
13
6
18
26
25
12
10
-3
4
18
8
1
11
27
19
8
18
10
-2
2
-12
-8
-2
-11
-10
17
7
2
6
19
-11
10
1
-9
-5
-20
-14
-3
16
4
5
0
5
7
14
20
7
6
10
-4
10
-2
19
10
3
18
-5
7
0
3
5
-2
-10
7
7
9
-14
-1
1
-4
8
4
-3
4
9
3
16
-1
24
8
10
20
1
18
-1
-7
7
21
9
11
-1
4
8
2
17
3
-1
-3
13
0
-8
14
0
9
0
11
19
7
17
2
-9
6
14
12
30
4
-2
1
6
-1
13
9
2
31
23
20
19
5
5
14
9
26
24
25
20
19
12
16
2
-12
-7
-11
0
5
3
-7
2
7
4
25
11
8
-7
2
18
10
27
19
19
20
9
5
16
13
30
18
28
6
9
28
4
12
8
17
9
7
15
13
20
10
12
16
12
14
6
10
22
16
6
24
15
34
32
25
35
36
26
23
31
22
18
32
38
25
20
24
28
14
23
21
36
26
28
20
14
22
15
29
32
48
35
27
28
24
39
33
35
26
22
38
23
36
32
42
49
34
41
47
28
41
50
51
43
50
51
44
51
59
40
44
47
38
53
45
53
54
59
58
56
49
60
63
63
71
50
59
63
63
47
63
54
54
57
42
57
48
70
61
57
56
62
55
41
64
54
52
55
69
58
49
48
54
53
64
74
66
62
52
48
55
60
52
48
50
41
59
56
70
55
58
58
53
51
50
49
49
59
30
48
46
43
41
41
49
45
59
42
44
39
35
42
40
46
58
73
44
46
60
57
63
55
58
53
57
74
61
62
56
69
65
67
83
73
58
46
38
65
70
74
70
75
83
60
68
57
60
50
53
68
67
63
63
62
56
65
86
77
65
93
69
63
68
67
62
55
71
70
63
60
60
58
52
55
61
43
55
54
58
52
43
39
29
41
27
34
38
40
34
40
32
34
52
37
31
20
26
33
36
26
31
41
16
31
23
22
12
22
16
2
20
32
34
32
40
18
23
36
33
36
35
39
26
47
55
25
45
39
55
38
36
51
42
49
54
53
45
37
36
35
38
42
47
44
51
39
42
57
51
54
58
59
54
52
39
58
45
62
67
60
52
64
58
54
57
33
46
37
43
41
35
29
28
31
31
29
45
44
36
33
32
42
37
43
43
27
31
40
38
28
38
36
32
30
22
31
26
31
31
29
35
28
33
38
35
38
22
14
33
39
57
39
38
45
27
33
33
41
45
43
42
40
30
45
48
39
47
46
36
26
26
50
55
48
53
57
52
42
41
46
37
38
33
36
40
46
41
34
47
43
41
37
32
38
30
32
40
51
41
56
43
62
55
37
51
31
54
42
47
47
53
31
29
28
35
36
43
30
45
62
35
36
34
44
45
35
33
34
31
18
19
29
30
24
34
52
31
40
48
54
42
49
56
38
55
62
51
52
39
33
32
45
47
43
56
40
41
45
44
47
59
44
37
47
41
45
53
49
43
51
57
42
37
38
34
43
55
42
31
34
45
44
37
46
34
45
35
37
49
57
42
38
57
48
41
54
44
31
43
51
52
44
56
43
48
60
47
47
41
40
55
28
40
47
47
44
48
46
51
59
47
45
34
40
53
50
31
31
45
46
37
38
22
18
25
43
37
35
44
44
31
25
13
19
30
21
23
22
23
35
25
23
25
32
30
33
34
29
28
38
35
35
34
41
42
27
40
32
24
36
47
35
35
42
35
40
43
35
26
27
22
18
28
22
37
24
33
35
33
32
18
18
9
19
26
18
26
27
19
11
10
6
4
10
8
6
27
26
26
14
18
30
12
15
6
25
14
4
11
5
12
7
6
0
11
-8
-12
-4
-11
1
4
6
-4
18
9
11
17
-8
-1
15
14
10
5
10
3
-13
7
11
5
15
17
21
11
18
8
6
19
2
13
5
16
14
10
11
20
30
14
20
15
10
11
21
17
16
-3
22
18
4
8
5
17
21
16
14
20
12
18
7
-4
-3
17
8
12
15
12
18
14
4
3
11
-9
-3
4
10
30
6
-4
14
18
4
-2
13
16
-5
13
9
21
26
-3
20
15
17
13
-3
-6
2
0
7
18
23
15
-1
9
5
12
17
16
14
7
15
15
18
23
13
12
14
7
16
20
32
16
6
7
14
6
3
13
6
14
14
20
14
2
32
28
26
24
14
11
19
14
8
17
22
15
16
24
15
26
10
11
7
3
17
15
22
11
-2
13
9
7
5
-3
12
10
4
16
-7
15
6
-6
14
12
17
2
12
1
8
13
4
18
16
20
6
9
19
5
1
6
-17
-6
24
11
1
-10
-2
3
-6
-9
-6
-2
-6
-4
4
13
12
10
15
16
17
8
15
13
5
7
6
-1
31
38
48
29
31
26
22
26
33
51
24
31
29
30
20
15
13
12
15
18
21
25
48
35
30
41
31
39
48
44
34
31
21
23
37
44
39
60
33
42
43
41
52
49
35
30
51
38
50
39
43
40
47
47
49
45
41
46
48
44
37
38
51
37
55
50
37
43
27
40
26
36
32
39
42
41
31
30
27
33
25
26
29
28
37
39
49
35
34
40
41
32
47
46
30
36
43
37
45
42
45
47
27
29
36
32
46
44
26
25
33
35
36
35
34
33
32
24
36
49
38
36
41
48
44
35
34
36
41
31
34
28
31
30
40
51
44
60
60
53
39
41
28
37
53
50
54
45
48
69
58
55
56
58
51
39
47
52
33
34
45
41
35
45
51
55
48
49
61
39
58
57
47
48
40
53
51
40
52
57
63
60
30
43
34
39
47
39
33
33
33
31
39
23
27
20
32
45
40
48
23
38
50
36
36
56
47
43
44
45
49
48
46
53
35
41
33
38
49
49
31
27
50
46
42
35
45
45
49
22
33
29
17
31
20
29
13
23
11
24
26
26
23
24
30
18
27
35
50
38
33
22
32
30
20
35
25
15
22
25
43
36
32
53
44
50
42
34
41
38
25
27
23
9
21
20
29
30
28
22
28
32
25
42
33
33
29
17
26
27
39
50
40
45
46
37
39
46
33
38
45
37
37
41
54
34
36
35
45
27
33
34
36
30
31
44
36
31
26
44
27
40
33
8
18
29
39
24
24
11
22
42
31
40
20
24
33
29
32
37
20
31
36
24
20
28
31
18
45
22
31
25
17
25
31
47
27
18
33
42
43
28
24
40
34
20
24
29
7
36
31
32
20
22
39
33
34
24
31
33
32
46
45
33
25
27
19
12
7
19
34
22
27
29
37
28
5
27
13
5
23
7
22
32
25
25
17
26
32
25
18
27
37
29
36
20
22
32
32
40
29
31
33
30
24
18
20
20
9
27
29
33
43
24
28
20
28
16
20
20
31
35
26
28
21
19
14
3
5
23
13
25
9
11
9
19
17
6
14
1
22
21
7
20
8
14
11
5
20
12
14
22
23
15
30
36
16
13
17
14
21
21
8
0
12
0
18
8
6
16
10
35
19
20
9
25
17
19
12
22
23
18
25
21
7
4
30
18
24
20
4
8
3
13
5
4
18
11
12
8
0
8
1
16
14
0
14
3
12
14
17
26
19
-7
-3
3
5
5
9
0
-4
5
6
6
19
0
-9
4
-11
0
-14
-8
-14
-25
-25
-15
-20
-23
-3
-3
-5
-2
-11
-7
-20
-16
-16
-29
-15
-26
-10
-10
-18
-13
-8
-6
0
7
-9
-15
-22
-14
-2
-16
-21
-10
-18
-4
-5
-17
-7
-13
-24
-13
8
-14
-19
-16
-28
-14
-7
-3
-8
-15
-12
-21
-16
-30
-16
-22
-17
-9
-10
-7
-14
-9
-9
3
0
-17
-15
-10
4
-3
-16
-1
10
-1
-8
-11
-9
-15
-4
-7
-40
-17
-14
-6
1
-15
-9
2
-14
-22
0
-9
-6
-11
-5
-19
-39
-23
-18
-30
-15
-12
-13
-5
-4
-11
-19
-3
-32
-21
-25
-18
-17
-14
-22
-27
-21
-24
-15
-34
-16
-15
-20
-12
-5
-8
-4
-9
-4
1
6
-4
-8
-9
-10
-8
-26
-15
-12
-16
2
2
-3
0
11
4
-13
3
-5
-6
-9
-11
-16
-18
4
-13
-32
-21
0
-13
-22
11
13
5
8
1
3
-5
-10
-3
0
-10
-4
-3
6
14
-9
-3
7
-2
-2
-3
1
9
-2
10
11
5
-3
-9
-12
-20
-13
-11
-17
-32
-8
-21
-22
-5
-14
-18
-22
-20
-30
-29
-29
-31
-44
-35
-33
-26
-35
-23
-18
-34
-32
-43
-26
-34
-37
-41
-26
-42
-40
-30
-42
-39
-44
-31
-31
-28
-14
-25
-18
-4
-15
-4
-4
-30
-15
3
-1
8
-7
-10
-12
-27
-17
-23
-19
-22
-6
8
-6
-13
-14
-19
-10
-19
-20
-16
-11
-26
-32
-1
-13
-3
-11
-5
1
-9
-3
-1
4
0
-4
-12
-4
-1
-10
-7
-15
-28
-24
-36
-33
-32
-25
-35
-28
-35
-26
-24
-27
-22
-22
-5
-14
-18
-19
-14
-13
-9
-19
-10
-28
-21
-11
-14
-24
-25
-25
-45
-33
-35
-41
-32
-32
-46
-37
-1
-23
-20
-36
-32
-11
-27
-35
-34
-55
-52
-35
-56
-37
-51
-40
-41
-44
-47
-59
-47
-32
-27
-24
-33
-45
-36
-44
-46
-44
-41
-44
-28
-40
-40
-23
-44
-35
-33
-40
-31
-37
-18
-19
-8
-3
-15
-6
-29
-33
-14
-14
0
-31
-17
-16
-15
-6
-13
-25
-14
-20
-17
5
-18
3
-1
1
-6
-5
-3
-7
-19
-16
-7
-21
-16
-29
-23
-24
-42
-21
-28
-24
-21
-13
-2
-16
-12
-11
-18
-10
-19
-12
-3
-11
4
-12
-18
-1
-8
0
3
0
-2
-9
5
6
4
-7
-7
3
-7
-16
-3
1
16
8
11
9
-4
-6
-3
-4
-20
-7
-13
-6
-2
-12
-10
13
7
14
28
9
28
23
18
16
21
40
21
16
18
11
19
12
14
15
13
19
12
19
21
7
14
12
18
14
6
9
3
21
24
10
17
16
22
27
11
23
27
13
19
22
37
21
15
10
33
39
2
7
4
8
-3
12
10
8
5
10
11
7
28
14
10
10
-4
-4
8
3
7
5
5
8
5
-2
15
12
6
3
3
12
14
13
20
20
19
22
31
19
9
16
16
28
27
15
23
10
25
42
31
27
18
20
17
21
29
21
5
18
10
3
2
-5
-8
-14
-1
-5
-3
1
-22
3
9
-16
1
-20
-17
-6
-6
1
3
1
4
-9
-13
-6
1
-16
-11
-5
-16
-26
-18
5
-2
4
-1
-10
-5
-16
11
-6
-14
9
-6
-14
-10
-14
-12
-8
-16
-9
-5
-21
-4
0
-14
-8
-3
2
13
1
4
20
2
-6
4
16
1
-6
7
-6
8
-13
15
13
10
16
10
20
-12
8
20
24
30
22
18
16
11
13
2
7
8
9
18
6
21
9
4
7
-3
9
0
5
-2
7
15
1
7
-7
-20
-2
4
-11
-4
-11
-22
-4
-2
-13
-27
-21
-23
-17
-18
-22
-19
-18
-28
-25
-30
-32
-25
-23
-32
-33
-16
-27
-31
-16
-17
-34
-30
-37
-22
-25
-12
-7
-24
-14
-23
-14
-30
-26
-22
-17
-15
-15
-14
-24
-17
-20
-13
-17
-21
-16
-18
-15
-12
-22
-25
-36
-25
-19
-16
-21
-31
-20
-17
-30
-8
-6
-22
-16
-17
-31
-16
-33
-34
-17
-31
-13
-23
-25
-28
-27
-24
-41
-28
-26
-22
-34
-41
-37
-25
-7
-14
-19
-19
-17
-24
-11
-18
-4
-6
-1
-5
-14
-14
-30
-7
-24
-17
-19
-13
-22
-6
-3
-11
-4
-17
-19
-19
-13
-19
-21
-22
-30
-24
-21
-16
-34
-37
-32
-36
-37
-37
-29
-34
-46
-46
-38
-27
-27
-44
-45
-42
-40
-49
-50
-38
-61
-56
-47
-57
-40
-38
-50
-57
-43
-36
-45
-57
-46
-47
-40
-24
-47
-45
-47
-42
-37
-46
-48
-58
-48
-60
-61
-58
-56
-41
-52
-44
-47
-43
-57
-40
-52
-64
-60
-55
-55
-58
-38
-54
-38
-43
-40
-40
-48
-41
-49
-57
-39
-58
-56
-50
-61
-63
-62
-64
-56
-46
-62
-54
-54
-45
-47
-50
-52
-43
-45
-44
-50
-60
-50
-50
-72
-62
-57
-62
-60
-67
-68
-67
-65
-68
-76
-61
-64
-54
-49
-59
-47
-54
-54
-66
-77
-67
-69
-71
-74
-66
-70
-57
-49
-63
-56
-63
-59
-50
-53
-56
-44
-37
-58
-38
-43
-50
-48
-48
-35
-41
-51
-42
-47
-42
-47
-39
-47
-39
-45
-52
-38
-43
-43
-39
-29
-46
-35
-54
-60
-41
-41
-56
-44
-39
-62
-48
-51
-41
-32
-47
-45
-65
-70
-48
-40
-27
-37
-52
-38
-41
-40
-42
-39
-33
-26
-45
-48
-32
-40
-45
-37
-36
-28
-18
-32
-24
-14
-22
-30
-26
-31
-29
-19
-28
-25
-37
-29
-25
-20
-18
-15
-19
-25
-15
-15
-15
-14
-23
-11
-8
-7
-23
-22
-3
-20
-20
-24
-18
-4
-11
-14
-23
-13
-24
-17
-20
-30
-29
-38
-30
-32
-22
-20
-28
-31
-31
-26
-18
-39
-28
-40
-27
-14
-23
-24
-25
-28
-56
-40
-23
-34
-28
-30
-30
-23
-29
-24
-33
-24
-19
-26
-27
-23
-36
-31
-28
-23
-20
-32
-25
-23
-15
-19
-26
-10
-20
-21
0
-4
-34
-35
-10
-29
-31
-28
-14
-20
-24
-9
-23
-16
-5
-17
-15
-13
-15
-24
-30
-23
-13
-16
-18
-36
-28
-25
-23
-13
-35
-27
-34
-29
-39
-34
-37
-39
-40
-38
-33
-44
-25
-34
-36
-28
-24
-50
-42
-31
-36
-25
-27
-33
-36
-49
-41
-39
-31
-24
-27
-23
-34
-25
-29
-26
-25
-11
-32
-25
-18
-40
-21
-40
-18
-41
-38
-28
-19
-23
-23
-21
-28
-8
-19
-4
-12
-29
-15
-32
-47
-31
-32
-24
-23
-31
-32
-23
-26
-34
-23
-25
-27
-15
-32
-38
-28
-28
-19
-24
-27
-15
-17
-30
-37
-44
-25
-39
-25
-20
-29
-21
-21
-33
-33
-30
-30
-26
-13
-18
-6
-7
-12
-4
-13
-19
-16
-12
-15
-21
-14
-11
-20
-14
1
0
-8
-16
-12
-15
-17
-3
-13
-16
-2
-1
-3
-6
6
-18
-7
6
2
13
-3
-3
-11
0
-9
-11
4
-1
16
1
-5
9
4
-8
11
21
17
21
16
26
30
26
13
22
24
20
14
11
15
26
28
18
10
32
37
19
27
34
31
32
33
14
21
21
10
24
33
15
31
26
25
27
32
51
39
34
49
60
51
58
51
36
52
38
30
28
49
29
51
49
41
56
60
56
31
45
29
47
46
72
61
49
61
54
54
50
53
53
58
49
58
61
55
71
79
78
77
66
77
77
65
84
64
69
57
58
68
59
65
63
60
46
51
41
47
54
52
40
37
48
62
72
65
61
50
57
40
46
55
34
38
50
45
47
49
55
50
55
58
44
51
47
54
49
33
51
51
44
50
57
45
60
62
60
59
54
68
58
48
64
59
48
49
38
42
31
45
29
37
35
32
46
36
41
44
44
27
41
30
40
55
43
54
48
45
48
46
40
42
41
52
43
58
52
55
51
44
37
47
56
38
33
44
40
31
37
35
36
38
43
41
51
43
56
50
61
60
49
53
63
46
42
55
63
60
51
71
60
63
63
48
44
50
59
50
58
60
49
66
46
47
40
41
59
39
50
62
56
54
43
46
50
46
44
34
43
42
67
57
64
49
57
60
49
58
49
58
48
45
38
62
49
46
47
49
34
44
54
39
45
47
51
52
64
50
60
53
59
50
46
65
55
48
41
56
54
60
49
67
55
56
58
53
69
62
39
57
73
61
62
59
57
55
57
63
57
44
52
62
52
52
50
38
39
35
29
37
48
34
37
40
32
38
53
47
48
44
36
46
30
39
48
54
61
55
46
43
32
32
32
39
43
34
39
53
51
40
24
25
33
33
39
31
20
46
25
16
32
43
49
25
30
23
44
37
29
34
35
42
27
36
35
30
29
28
37
33
29
41
33
38
50
39
31
33
36
34
42
43
40
48
41
37
35
34
33
35
29
33
33
26
35
32
25
21
22
16
24
40
38
27
33
25
30
30
27
43
36
41
37
38
36
43
28
37
36
48
46
27
41
42
34
24
30
20
24
35
22
28
23
20
15
11
29
12
5
15
9
6
10
6
5
-4
-3
-7
17
-3
12
22
3
10
17
13
5
0
10
19
13
19
29
22
13
22
29
4
11
6
19
14
-2
20
3
13
0
7
-8
3
15
-3
9
-7
-15
-7
-10
-14
-13
-20
-8
-30
-28
-12
-13
-14
-27
-22
-17
-14
-16
-21
-39
-42
-25
-23
-27
-29
-40
-31
-34
-27
-26
-30
-34
-46
-33
-37
-38
-54
-47
-50
-48
-44
-41
-41
-48
-49
-63
-51
-55
-49
-55
-53
-51
-53
-66
-62
-49
-59
-61
-51
-56
-57
-60
-56
-43
-63
-48
-52
-50
-37
-46
-51
-53
-45
-42
-49
-39
-45
-41
-42
-46
-28
-38
-33
-31
-30
-37
-35
-37
-40
-34
-25
-38
-36
-23
-34
-28
-34
-22
-35
-22
-29
-27
-34
-33
-21
-26
-25
-24
-20
-25
-14
-20
-17
-26
-28
-23
-28
-23
-40
-31
-19
-32
-31
-34
-31
-14
-24
-30
-30
-30
-20
-22
-24
-15
-15
-22
-22
-18
-8
-25
-12
-14
-16
-21
-6
-9
-17
-18
-23
-13
-31
-37
-29
-39
-22
-23
-34
-24
-24
-30
-37
-32
-40
-33
-36
-30
-21
-24
-43
-46
-36
-27
-24
-21
-23
-20
-20
-17
-12
-9
0
-20
-31
-28
-14
-17
-16
-30
-7
-3
-22
-16
-34
-25
-17
-15
-2
-3
-10
-1
0
-17
-10
1
5
-21
-1
-8
-20
-13
-30
-28
-32
-28
-19
-24
-24
-28
-18
-19
-10
-27
-40
-21
-20
-30
-30
-18
-31
-12
-19
-29
-29
-23
-26
-36
-34
-52
-43
-162
-177
-137
-71
-5
-58
-104
-156
-171
-141
-83
16
-13
-29
-27
-67
-26
-53
-7
9
-42
-64
-108
-80
-74
-73
-43
-72
-96
-133
-148
-122
-106
-61
-51
-74
-68
-73
-58
-43
-12
50
40
55
66
57
71
98
105
115
138
142
136
94
25
1
-3
3
32
-13
-69
-137
-198
-176
-153
-129
-117
-152
-166
-155
-167
-135
-103
-53
-16
5
-8
-18
-11
18
62
75
79
64
48
30
15
12
1
-37
-50
-73
-97
-115
-142
-157
-162
-175
-171
-148
-155
-159
-138
-117
-95
-72
-51
-23
-19
0
14
37
38
66
63
52
48
42
27
34
17
6
-5
-34
-40
-74
-62
-78
-75
-78
-72
-73
-72
-85
-78
-40
-21
-2
-5
8
19
29
50
47
46
64
60
35
34
21
18
-1
-11
-4
-9
-32
-17
-81
-171
-153
-143
-58
-60
-99
-110
-197
-231
-176
-112
-13
-21
-35
-78
-73
-34
-26
79
147
153
152
106
90
73
84
121
136
133
87
32
5
2
28
11
9
-14
-60
-45
-60
-55
-49
-50
-12
-5
13
18
-5
25
46
72
94
109
106
103
100
117
116
127
113
98
93
77
56
42
37
12
1
-21
-45
-60
-58
-82
-93
-94
-107
-111
-117
-123
-121
-127
-102
-96
-88
-88
-99
-76
-62
-31
-15
4
25
37
50
65
91
97
114
143
153
135
140
152
184
178
167
158
151
150
123
106
127
120
128
148
156
140
152
179
181
157
117
121
135
126
132
88
46
23
-20
-14
-38
-43
-76
-128
-131
-153
-163
-152
-148
-151
-136
-127
-117
-118
-112
-118
-77
-67
-88
-67
-95
-115
-146
-215
-241
-226
-228
-220
-257
-264
-291
-314
-268
-224
-166
-144
-79
-43
6
59
95
193
269
338
376
379
381
423
457
502
507
477
456
448
443
363
261
177
115
82
17
-53
-154
-274
-355
-383
-357
-357
-388
-391
-394
-368
-300
-248
-174
-110
-45
41
100
138
180
235
283
328
344
311
279
219
150
101
79
46
-50
-166
-266
-383
-437
-491
-499
-547
-691
-772
-776
-719
-687
-652
-599
-555
-497
-416
-329
-220
-65
41
158
275
335
393
442
516
592
655
667
646
612
561
533
535
507
467
374
278
229
239
232
169
53
-68
-118
-130
-99
-121
-143
-231
-293
-269
-206
-166
-155
-150
-124
-84
-54
-6
29
77
110
151
174
186
168
167
203
200
197
166
109
65
22
-1
-42
-82
-127
-168
-259
-400
-452
-470
-426
-446
-477
-551
-642
-667
-659
-549
-499
-499
-486
-502
-438
-371
-277
-168
-123
-3
70
151
228
282
392
478
595
639
662
634
635
677
715
754
729
694
659
659
678
644
503
310
215
229
221
164
53
-93
-264
-334
-302
-249
-259
-327
-397
-399
-349
-304
-234
-179
-121
-50
-12
41
87
128
177
262
319
327
306
285
283
293
281
261
211
132
64
-7
-54
-101
-166
-213
-255
-299
-329
-365
-390
-389
-373
-325
-278
-239
-218
-191
-197
-191
-136
-45
-22
-42
-146
-213
-382
-542
-526
-452
-371
-471
-659
-838
-931
-860
-726
-538
-448
-491
-488
-478
-312
-118
94
310
479
635
739
883
1100
1337
1574
1813
1947
2007
2051
2024
1529
933
749
911
1034
678
174
-451
-1189
-1550
-1464
-1207
-1242
-1545
-1817
-2042
-2000
-1797
-1479
-1055
-710
-449
-370
-283
27
327
736
1206
1535
1566
1414
1348
1420
1493
1562
1524
1242
886
514
211
-41
-200
-411
-694
-933
-1137
-1346
-1517
-1598
-1567
-1495
-1382
-1207
-1120
-1054
-895
-658
-309
32
311
517
611
707
835
1012
1195
1286
1290
1221
1081
906
747
637
525
367
184
-73
-372
-621
-790
-880
-950
-992
-1076
-1149
-1192
-1203
-1138
-1062
-949
-802
-689
-567
-450
-347
-237
-141
-5
21
21
30
25
57
81
66
-14
-119
-177
-210
-232
-255
-320
-365
-410
-411
-366
-326
-305
-227
-182
-101
-4
124
256
349
479
590
712
877
1067
1262
1420
1606
1673
1560
1274
900
808
906
1007
890
485
-38
-538
-833
-830
-763
-784
-1012
-1289
-1487
-1551
-1439
-1238
-983
-753
-587
-492
-400
-245
5
338
686
968
1046
1021
991
1039
1159
1222
1217
1085
831
561
322
114
-55
-228
-403
-607
-816
-1029
-1201
-1296
-1334
-1302
-1224
-1165
-1094
-1043
-975
-780
-542
-253
-22
121
198
248
305
443
601
708
734
655
430
115
-97
-161
-152
-201
-400
-689
-998
-1200
-1218
-1169
-1085
-1094
-1168
-1180
-1142
-1000
-785
-550
-283
-78
116
288
467
726
1009
1320
1570
1762
1886
2032
2173
2344
2522
2713
2700
1816
848
616
954
1204
812
215
-609
-1650
-2090
-1847
-1394
-1498
-1906
-2245
-2518
-2461
-2176
-1768
-1315
-887
-542
-427
-336
30
376
806
1410
1841
1889
1687
1644
1759
1782
1904
1911
1558
1095
676
316
15
-262
-480
-815
-1159
-1391
-1661
-1925
-2089
-2027
-1929
-1805
-1572
-1468
-1471
-1312
-991
-566
-152
224
494
566
671
899
1165
1455
1620
1589
1513
1287
1011
793
658
546
319
-73
-519
-1016
-1470
-1786
-1812
-1782
-1948
-2130
-2345
-2434
-2336
-2070
-1698
-1416
-1211
-1038
-858
-554
-167
201
527
812
1032
1194
1285
1445
1569
1745
1906
1998
2020
2008
2079
2158
2244
2350
2440
2045
953
54
58
560
726
269
-459
-1412
-2320
-2484
-1892
-1395
-1521
-1965
-2355
-2504
-2283
-1822
-1242
-755
-373
-147
-108
28
432
858
1328
1855
2106
1981
1675
1577
1672
1736
1815
1698
1223
647
188
-139
-417
-592
-792
-1145
-1502
-1730
-1927
-2107
-2111
-1938
-1764
-1618
-1394
-1285
-1239
-1019
-615
-113
321
610
773
787
873
1114
1406
1647
1740
1612
1171
838
689
519
361
115
-299
-933
-1467
-1660
-1774
-1861
-2060
-2248
-2419
-2512
-2388
-2154
-1899
-1659
-1383
-1122
-837
-517
-201
118
494
879
1197
1412
1527
1655
1831
2013
2194
2315
2378
2432
2516
2656
2789
2851
2555
2023
1222
535
511
720
795
236
-740
-1604
-2287
-2367
-2021
-1687
-1762
-2280
-2616
-2733
-2479
-1950
-1364
-810
-499
-325
-168
25
510
1135
1649
2064
2251
2159
2020
1926
2083
2204
2115
1906
1439
877
377
20
-242
-502
-797
-1132
-1553
-1877
-2086
-2194
-2195
-2073
-1895
-1781
-1705
-1559
-1397
-1108
-690
-226
198
454
631
774
911
1215
1558
1723
1726
1593
1409
1126
887
717
516
115
-450
-937
-1240
-1422
-1598
-1862
-2148
-2384
-2521
-2490
-2285
-2064
-1888
-1760
-1556
-1257
-918
-550
-218
135
461
767
1039
1298
1525
1731
1894
2094
2288
2459
2563
2644
2839
3003
3060
2950
2589
2217
1714
1064
780
820
821
257
-638
-1361
-1925
-2248
-2182
-1928
-1922
-2403
-2759
-2863
-2664
-2190
-1617
-1107
-816
-615
-378
-112
380
1047
1582
1924
2150
2232
2180
2109
2246
2388
2284
2066
1704
1191
670
299
16
-295
-606
-952
-1408
-1804
-2064
-2130
-2206
-2176
-2041
-1994
-2003
-1860
-1633
-1360
-982
-536
-130
74
314
557
793
1079
1446
1626
1586
1514
1476
1333
1026
695
401
-29
-355
-590
-915
-1334
-1812
-2102
-2282
-2303
-2276
-2324
-2311
-2313
-2133
-1859
-1571
-1180
-893
-591
-265
70
456
750
1075
1415
1682
1942
2170
2374
2570
2786
3030
3247
3431
3500
3393
3172
2820
2499
1856
1145
867
811
581
-204
-1100
-1809
-2451
-2704
-2567
-2312
-2532
-3043
-3304
-3297
-2873
-2292
-1652
-1194
-938
-659
-307
154
844
1533
2009
2301
2517
2627
2636
2637
2777
2773
2545
2226
1744
1177
645
263
-97
-508
-927
-1386
-1871
-2257
-2439
-2532
-2614
-2559
-2449
-2391
-2288
-2021
-1711
-1344
-920
-439
-55
232
558
854
1136
1479
1849
1978
1938
1867
1802
1607
1218
786
401
63
-237
-584
-1050
-1593
-2044
-2345
-2451
-2431
-2466
-2576
-2687
-2606
-2331
-1979
-1646
-1340
-1058
-763
-410
-7
364
741
1047
1324
1592
1786
1941
2099
2292
2532
2728
2893
2999
3068
3132
3149
3147
2961
2578
1699
855
682
877
893
218
-730
-1647
-2454
-2692
-2370
-1958
-2158
-2768
-3194
-3262
-2903
-2278
-1572
-1117
-921
-693
-388
47
683
1355
1837
2130
2344
2460
2463
2441
2592
2603
2453
2235
1825
1300
705
277
-23
-347
-683
-1081
-1559
-1999
-2247
-2350
-2415
-2355
-2238
-2201
-2164
-2011
-1757
-1447
-1073
-573
-168
83
351
613
875
1197
1578
1811
1830
1745
1675
1533
1138
729
412
175
-22
-359
-831
-1451
-1959
-2200
-2261
-2174
-2204
-2354
-2552
-2604
-2359
-1995
-1616
-1330
-1123
-890
-641
-307
119
443
773
1013
1200
1411
1548
1701
1870
2093
2373
2556
2716
2814
2871
2973
3058
3227
3233
2859
1965
1002
744
1018
1200
718
-291
-1380
-2354
-2740
-2422
-1919
-2010
-2662
-3274
-3506
-3225
-2601
-1855
-1367
-1153
-980
-708
-287
345
1048
1596
1951
2212
2358
2406
2385
2510
2599
2543
2364
2026
1497
878
393
79
-205
-498
-843
-1363
-1931
-2289
-2429
-2470
-2431
-2336
-2302
-2310
-2254
-2023
-1709
-1322
-814
-374
-76
178
454
735
1098
1505
1904
1972
1840
1746
1491
1113
915
879
743
253
-348
-889
-1362
-1654
-1788
-1856
-2050
-2352
-2580
-2659
-2537
-2282
-2023
-1823
-1671
-1450
-1211
-957
-579
-201
123
415
643
902
1108
1221
1405
1647
1921
2216
2417
2528
2569
2692
2918
3164
3329
3400
3289
2825
1976
1101
884
1179
1324
770
-269
-1379
-2353
-2750
-2459
-1929
-1962
-2649
-3361
-3640
-3359
-2704
-1918
-1344
-1136
-1042
-860
-414
283
1063
1676
2001
2212
2353
2428
2476
2650
2773
2713
2471
2110
1606
1016
584
283
-20
-360
-788
-1337
-1909
-2295
-2440
-2503
-2488
-2397
-2394
-2467
-2444
-2245
-1882
-1445
-953
-495
-207
40
349
662
1076
1496
1821
1910
1842
1673
1308
1002
887
912
687
186
-371
-948
-1420
-1665
-1689
-1735
-2003
-2332
-2599
-2674
-2553
-2251
-1960
-1786
-1683
-1531
-1331
-1040
-629
-214
122
405
657
862
1015
1238
1563
1904
2188
2407
2550
2644
2827
3159
3452
3590
3607
3516
3201
2519
1653
1169
1250
1352
1001
87
-974
-2032
-2753
-2734
-2287
-2093
-2596
-3320
-3821
-3792
-3268
-2460
-1729
-1396
-1262
-1131
-810
-163
692
1442
1882
2146
2315
2443
2483
2625
2815
2787
2604
2277
1839
1282
724
327
-30
-403
-801
-1250
-1839
-2340
-2605
-2731
-2747
-2702
-2621
-2641
-2654
-2526
-2200
-1762
-1223
-690
-314
-23
259
599
1011
1480
1904
2044
2018
1746
1440
1224
1111
1124
848
334
-301
-871
-1278
-1548
-1623
-1784
-2075
-2449
-2692
-2723
-2663
-2423
-2181
-2031
-1891
-1743
-1495
-1199
-844
-430
-77
224
513
764
1008
1305
1657
2016
2325
2512
2585
2709
3017
3356
3685
3827
3818
3689
3328
2753
1854
1277
1286
1458
1160
214
-914
-1982
-2774
-2906
-2455
-2138
-2588
-3418
-4002
-4058
-3573
-2717
-1840
-1413
-1324
-1217
-876
-248
693
1595
2114
2349
2507
2661
2726
2853
3096
3150
2930
2584
2158
1569
943
473
111
-289
-693
-1132
-1735
-2344
-2683
-2827
-2880
-2818
-2706
-2701
-2771
-2702
-2381
-1893
-1346
-729
-260
3
271
597
972
1405
1864
2239
2156
1668
1375
1329
1340
1202
873
371
-272
-773
-1078
-1254
-1444
-1778
-2152
-2469
-2554
-2510
-2473
-2426
-2322
-2127
-1926
-1706
-1422
-1076
-790
-510
-167
265
631
910
1212
1483
1807
2166
2474
2667
2842
3063
3297
3586
3898
4125
4093
3853
3448
2842
1931
1315
1361
1550
1175
111
-1092
-2188
-2953
-2973
-2463
-2214
-2712
-3554
-4146
-4140
-3582
-2605
-1742
-1383
-1320
-1165
-771
-97
881
1822
2317
2492
2645
2798
2880
3022
3246
3244
2983
2582
2122
1509
874
419
38
-407
-821
-1267
-1887
-2477
-2802
-2900
-2917
-2858
-2720
-2677
-2742
-2624
-2253
-1780
-1181
-556
-89
154
408
758
1158
1546
1940
2245
2121
1758
1432
1282
1248
1071
771
278
-295
-780
-1154
-1376
-1577
-1799
-2122
-2385
-2475
-2472
-2413
-2374
-2208
-1980
-1775
-1520
-1274
-1030
-740
-428
-67
342
728
1050
1289
1545
1869
2228
2519
2728
2937
3190
3484
3805
4070
4239
4223
3986
3497
2663
1800
1430
1638
1729
1105
-104
-1401
-2517
-3103
-2886
-2364
-2329
-3051
-3911
-4405
-4256
-3544
-2507
-1719
-1457
-1415
-1217
-754
60
1143
2033
2474
2621
2796
2935
3034
3278
3479
3456
3137
2705
2194
1544
947
525
110
-363
-817
-1310
-1974
-2531
-2829
-2947
-2979
-2909
-2776
-2786
-2827
-2707
-2301
-1809
-1172
-523
-82
167
382
710
1131
1633
2202
2386
2008
1630
1506
1544
1481
1240
892
292
-280
-665
-888
-1124
-1460
-1802
-2157
-2365
-2416
-2375
-2399
-2412
-2247
-2002
-1823
-1571
-1296
-1068
-833
-528
-85
340
681
1018
1254
1531
1896
2255
2546
2719
2932
3207
3506
3822
4141
4399
4414
4189
3782
3026
2112
1604
1711
1931
1462
286
-1096
-2327
-3027
-2999
-2497
-2272
-2872
-3815
-4474
-4474
-3858
-2841
-1923
-1547
-1480
-1320
-919
-191
849
1861
2425
2607
2753
2933
3043
3243
3500
3516
3263
2841
2359
1737
1120
651
214
-264
-757
-1210
-1798
-2400
-2770
-2935
-3016
-2999
-2875
-2793
-2820
-2763
-2459
-2008
-1400
-736
-215
75
296
593
936
1426
1970
2161
1948
1648
1587
1549
1338
1055
811
364
-186
-582
-824
-1106
-1481
-1793
-2059
-2292
-2358
-2335
-2389
-2443
-2315
-2083
-1889
-1657
-1379
-1120
-949
-680
-229
181
542
903
1200
1458
1741
2065
2380
2635
2928
3284
3602
3829
4081
4282
4391
4297
3876
3068
2037
1549
1669
1866
1379
199
-1209
-2505
-3215
-3160
-2641
-2502
-3105
-4042
-4711
-4715
-4041
-2971
-2095
-1701
-1612
-1465
-1041
-260
842
1866
2456
2649
2806
2992
3143
3352
3538
3559
3302
2903
2432
1842
1213
716
222
-319
-781
-1238
-1771
-2395
-2837
-3090
-3191
-3158
-3013
-2900
-2955
-2947
-2700
-2273
-1660
-939
-404
-76
100
330
731
1249
1677
1830
1822
1775
1729
1542
1225
957
705
450
129
-197
-612
-1132
-1587
-1885
-2026
-2093
-2140
-2292
-2504
-2615
-2468
-2218
-1949
-1658
-1408
-1248
-1101
-790
-368
53
453
821
1113
1359
1642
1963
2267
2570
2912
3213
3458
3699
3988
4243
4423
4384
3986
3134
2096
1537
1658
1941
1602
482
-1005
-2365
-3143
-3129
-2658
-2427
-2905
-3836
-4611
-4756
-4196
-3156
-2229
-1781
-1661
-1557
-1245
-568
472
1513
2196
2450
2620
2797
2927
3128
3368
3453
3312
3009
2579
2005
1383
894
438
-27
-440
-850
-1379
-1997
-2493
-2804
-2947
-2929
-2766
-2672
-2755
-2846
-2737
-2372
-1814
-1122
-526
-216
-106
1
324
802
1262
1580
1740
1782
1646
1334
1056
920
890
801
549
148
-342
-865
-1256
-1417
-1505
-1575
-1740
-1993
-2274
-2384
-2253
-2015
-1787
-1579
-1440
-1374
-1244
-987
-605
-191
199
535
812
1047
1358
1702
2014
2345
2707
3033
3355
3651
3958
4283
4495
4559
4248
3446
2436
1862
1987
2283
2012
993
-475
-1905
-2746
-2784
-2381
-2195
-2642
-3564
-4430
-4746
-4314
-3408
-2532
-2085
-1984
-1921
-1647
-1029
-80
918
1655
2060
2280
2485
2671
2944
3215
3383
3359
3205
2880
2373
1812
1314
894
484
108
-273
-792
-1422
-1995
-2413
-2659
-2698
-2631
-2630
-2785
-2969
-2987
-2768
-2295
-1652
-1110
-866
-850
-813
-520
96
803
1315
1442
1290
1083
1001
1119
1318
1435
1291
888
408
29
-246
-389
-529
-737
-1028
-1392
-1684
-1924
-2006
-1978
-1869
-1810
-1810
-1802
-1784
-1668
-1462
-1127
-801
-461
-166
118
372
713
1150
1575
2005
2387
2794
3145
3439
3779
4160
4515
4799
4706
4025
2935
2105
2097
2504
2576
1836
398
-1231
-2397
-2666
-2327
-2008
-2304
-3118
-4129
-4799
-4746
-4001
-3073
-2496
-2298
-2282
-2187
-1815
-994
1
859
1477
1833
2028
2171
2443
2803
3087
3207
3207
3053
2663
2180
1710
1310
954
660
365
-80
-655
-1262
-1796
-2176
-2330
-2305
-2297
-2448
-2732
-2931
-2930
-2665
-2271
-1869
-1600
-1433
-1257
-1054
-768
-347
148
506
731
838
824
804
874
1027
1104
1095
960
734
442
170
-5
-148
-286
-459
-700
-998
-1277
-1420
-1461
-1445
-1412
-1392
-1425
-1457
-1372
-1146
-810
-466
-125
140
368
712
1223
1804
2341
2830
3226
3534
3776
4124
4566
4491
3757
2813
2532
2913
3239
2933
1855
344
-1000
-1486
-1312
-1065
-1386
-2175
-3128
-4006
-4326
-3988
-3311
-2885
-2798
-2843
-2837
-2719
-2177
-1253
-425
159
594
943
1225
1577
2054
2451
2648
2764
2865
2790
2577
2361
2093
1708
1390
1224
977
587
99
-397
-915
-1295
-1416
-1414
-1536
-1850
-2143
-2449
-2596
-2419
-2018
-1765
-1763
-1832
-1833
-1633
-1239
-722
-346
-211
-178
-81
124
357
604
759
761
711
683
694
672
610
519
343
112
-37
-119
-266
-456
-632
-779
-920
-966
-964
-979
-1043
-1112
-1108
-1061
-916
-709
-480
-277
-62
276
675
1099
1511
1815
2048
2410
2917
3513
3821
3552
2860
2208
2236
2795
3312
3201
2239
832
-306
-665
-345
44
-128
-909
-1945
-2817
-3153
-2932
-2475
-2159
-2163
-2390
-2565
-2570
-2258
-1704
-1092
-589
-246
16
201
449
784
1117
1385
1624
1798
1867
1807
1677
1500
1323
1255
1240
1211
1057
730
294
-86
-323
-360
-295
-342
-565
-924
-1288
-1509
-1475
-1283
-1163
-1191
-1404
-1554
-1561
-1382
-1111
-940
-868
-881
-840
-711
-488
-253
-94
8
64
135
242
325
444
497
477
423
357
311
278
256
176
54
-62
-177
-246
-305
-369
-434
-510
-562
-584
-529
-443
-361
-269
-106
92
341
622
835
1038
1227
1468
1737
2027
2175
2100
1822
1675
1789
2038
2221
2055
1590
938
480
396
486
463
184
-323
-841
-1190
-1285
-1227
-1219
-1281
-1367
-1403
-1390
-1308
-1190
-1083
-904
-680
-404
-198
-43
75
167
271
422
582
664
718
685
654
568
508
477
462
408
354
291
146
15
-107
-103
-81
-57
-78
-183
-308
-407
-393
-323
-255
-232
-234
-305
-345
-355
-357
-286
-192
-150
-127
-150
-201
-201
-152
-43
44
51
7
-23
-13
-2
-1
-24
-27
-49
-64
-93
-139
-192
-232
-256
-270
-291
-307
-352
-405
-436
-429
-382
-370
-343
-320
-309
-270
-192
-65
34
130
239
287
380
485
612
705
780
814
833
867
863
855
826
777
702
654
605
532
438
302
193
106
72
38
4
-37
-81
-108
-112
-25
45
97
137
154
179
221
305
356
393
389
336
280
245
210
159
125
45
-38
-133
-215
-291
-317
-381
-426
-469
-527
-546
-544
-514
-517
-514
-548
-538
-503
-409
-297
-257
-219
-215
-186
-108
-34
64
142
163
145
129
127
158
202
238
228
170
99
22
-4
18
46
43
-21
-125
-222
-289
-281
-265
-269
-283
-348
-416
-427
-431
-419
-420
-417
-376
-360
-309
-274
-248
-199
-156
-89
-31
53
107
144
175
193
256
298
335
310
256
191
169
138
130
91
4
-72
-179
-232
-261
-257
-247
-249
-245
-251
-240
-190
-125
-37
80
169
226
318
339
400
454
527
607
648
667
636
596
532
492
438
415
384
326
227
97
-7
-91
-143
-180
-214
-243
-309
-355
-367
-384
-392
-412
-421
-421
-401
-341
-309
-290
-267
-247
-227
-189
-156
-107
-62
-39
-45
-36
-32
20
53
31
33
-26
-60
-102
-96
-80
-79
-93
-167
-212
-259
-279
-273
-252
-266
-328
-358
-391
-389
-376
-362
-347
-369
-333
-287
-220
-189
-149
-141
-108
-46
42
134
196
228
226
239
246
282
310
300
271
195
132
95
51
24
-39
-154
-257
-349
-415
-432
-473
-484
-511
-532
-548
-559
-489
-434
-353
-237
-149
-80
-10
46
119
208
289
379
428
450
460
450
425
412
422
404
366
285
205
126
87
44
13
6
-36
-89
-123
-139
-145
-135
-123
-118
-120
-108
-108
-74
-36
-10
-18
-15
-9
0
17
33
36
38
28
14
8
21
2
-22
-64
-115
-142
-170
-175
-206
-237
-282
-338
-374
-401
-430
-459
-476
-503
-526
-538
-545
-547
-540
-518
-471
-414
-348
-271
-218
-187
-149
-92
11
106
196
249
257
260
261
288
328
353
322
278
179
132
103
32
-6
-75
-172
-275
-372
-423
-443
-474
-467
-468
-493
-479
-459
-409
-331
-234
-105
-11
79
168
215
275
356
434
500
544
545
530
493
448
421
393
344
252
162
68
-6
-68
-98
-133
-184
-235
-275
-280
-276
-271
-246
-229
-221
-204
-170
-140
-115
-75
-52
-44
-49
-45
-8
11
18
26
0
-8
-10
-6
-15
-39
-62
-82
-123
-145
-158
-176
-180
-206
-220
-264
-270
-299
-338
-363
-360
-363
-372
-367
-388
-366
-358
-324
-260
-171
-84
-23
15
45
94
200
313
398
472
504
499
504
534
580
596
569
519
420
341
272
224
162
81
-5
-143
-249
-356
-420
-443
-468
-501
-521
-532
-540
-517
-472
-400
-331
-232
-134
-83
-33
-3
72
124
187
253
277
284
277
253
214
201
156
128
77
13
-55
-95
-150
-179
-206
-237
-239
-264
-247
-236
-227
-213
-200
-171
-127
-93
-57
-44
-19
-5
8
35
74
95
100
110
90
104
122
113
118
132
150
155
127
111
81
54
41
46
43
19
-26
-79
-126
-156
-185
-197
-208
-246
-273
-302
-295
-290
-254
-178
-138
-115
-68
-37
12
82
163
251
332
385
405
434
457
471
496
514
489
438
386
301
241
203
152
75
-28
-147
-255
-341
-378
-426
-437
-440
-467
-509
-504
-462
-389
-310
-228
-145
-68
-2
49
113
191
256
314
346
359
355
338
332
302
273
219
193
142
91
37
-8
-38
-74
-109
-118
-130
-128
-117
-119
-106
-64
-29
1
18
29
40
47
65
75
74
67
73
48
45
49
42
41
31
23
3
18
15
20
24
-18
-42
-36
-31
-8
9
-25
-67
-99
-131
-158
-155
-139
-155
-188
-208
-232
-235
-199
-164
-114
-77
-55
-13
21
81
150
227
293
335
369
400
439
458
492
515
508
480
467
423
365
317
248
200
126
27
-63
-133
-203
-243
-275
-283
-297
-329
-351
-354
-340
-287
-223
-153
-90
-54
-17
26
91
145
221
260
298
325
328
319
302
311
300
265
244
215
169
105
61
44
28
22
12
-3
-29
-37
-8
32
53
83
72
68
56
60
104
117
128
150
144
145
158
157
164
172
197
207
200
190
192
195
210
179
175
162
131
132
134
118
78
40
-8
-46
-67
-107
-132
-170
-224
-232
-221
-203
-190
-157
-124
-103
-67
-15
47
111
185
236
300
336
378
433
456
481
493
489
480
472
445
377
308
257
198
156
91
17
-70
-157
-229
-260
-261
-272
-277
-302
-349
-359
-337
-284
-200
-144
-103
-79
-72
-20
59
108
166
199
222
233
230
213
228
239
224
225
165
134
96
54
42
16
9
16
-12
-37
-53
-50
-29
-10
17
31
46
31
12
19
35
74
106
121
122
106
90
115
167
203
225
236
230
216
211
228
245
251
250
215
178
147
137
98
54
19
-24
-54
-99
-148
-212
-244
-255
-289
-272
-252
-253
-254
-245
-219
-170
-110
-32
25
68
107
169
197
234
315
334
354
338
340
327
310
303
244
189
144
89
48
9
-52
-101
-186
-229
-232
-242
-247
-235
-246
-269
-292
-257
-196
-143
-105
-84
-66
-13
32
86
148
159
185
194
213
224
246
271
255
235
208
167
146
124
94
73
51
53
12
-7
-43
-65
-60
-74
-45
-26
-63
-61
-53
-83
-47
-29
8
20
21
11
13
36
77
120
155
177
190
199
221
222
231
264
282
292
265
264
229
183
160
143
122
92
53
7
-66
-125
-147
-168
-165
-176
-203
-210
-225
-214
-183
-118
-63
1
39
47
83
122
193
262
317
341
340
331
327
320
310
290
240
199
145
98
48
2
-42
-83
-118
-159
-180
-188
-168
-184
-180
-155
-165
-133
-99
-64
-30
4
36
73
104
133
161
176
198
208
232
223
219
215
193
193
164
136
124
123
91
65
50
18
0
-35
-36
-32
-27
-27
-34
-45
-30
-37
-48
-36
-31
-32
-22
-21
-25
-18
-15
0
22
40
52
86
109
112
125
137
153
185
213
228
231
205
175
157
153
166
152
125
81
15
-27
-59
-74
-78
-86
-117
-146
-167
-189
-196
-158
-113
-69
-28
1
31
38
78
129
201
220
234
220
217
217
227
226
201
185
147
114
72
48
13
-16
-25
-64
-82
-104
-132
-128
-109
-77
-75
-77
-79
-82
-65
-4
28
47
51
69
80
89
111
134
160
168
178
175
168
145
146
137
136
128
132
101
101
79
53
54
44
61
53
48
45
10
-12
-14
1
1
-20
-40
-89
-107
-117
-123
-132
-114
-108
-110
-115
-112
-80
-67
-38
-9
28
43
82
114
165
196
193
207
218
217
218
235
225
201
165
119
68
35
16
-21
-49
-76
-117
-164
-165
-149
-138
-88
-76
-59
-27
-4
33
60
90
98
149
177
185
192
176
172
158
169
149
155
112
81
85
35
17
-8
-8
-40
-46
-48
-55
-54
-75
-95
-100
-85
-75
-51
-45
-33
-41
-17
0
20
49
59
83
86
114
115
108
134
127
135
158
136
152
154
141
157
130
126
138
145
149
138
104
84
78
90
90
65
31
8
-35
-48
-58
-71
-83
-105
-121
-142
-133
-121
-93
-78
-55
-51
-27
-4
38
79
109
144
162
166
170
203
219
207
197
190
177
144
104
93
60
42
12
1
-7
-20
-42
-51
-28
-20
20
59
86
101
120
138
162
188
222
227
244
250
213
204
210
196
179
174
162
142
116
92
67
31
23
26
-4
3
-26
-49
-55
-60
-34
-36
-44
-49
-56
-54
-46
-25
3
13
15
12
41
44
77
83
90
110
116
143
141
145
154
167
153
172
176
180
188
181
178
163
159
165
169
161
151
122
95
76
69
41
26
-9
-21
-50
-95
-83
-75
-75
-63
-71
-77
-63
-50
-4
8
33
54
86
93
98
123
150
151
147
154
143
123
94
89
67
60
51
23
7
-27
-36
-32
-22
-2
11
26
41
55
61
95
106
121
144
118
117
121
119
131
129
116
113
119
117
128
114
95
101
93
96
92
89
95
96
74
74
68
83
68
60
50
13
7
-3
5
6
15
-8
-25
-26
-34
-32
-7
-1
4
9
0
21
32
63
88
104
109
123
129
147
185
206
230
223
237
232
229
221
206
180
153
155
118
97
71
26
-5
-27
-43
-47
-54
-73
-72
-66
-72
-50
-32
0
30
66
80
108
121
143
179
202
230
242
257
238
227
202
187
197
184
174
148
123
104
96
89
81
78
76
61
50
38
34
52
42
38
54
47
31
36
45
62
66
78
74
73
91
100
98
116
140
142
163
162
189
176
175
175
190
175
165
146
118
98
80
94
54
44
33
0
-26
-32
-23
-23
-25
-6
6
9
27
43
54
83
110
132
163
180
190
221
231
254
268
278
282
266
263
257
218
210
184
163
129
83
54
40
-10
-32
-47
-84
-107
-109
-103
-108
-113
-119
-96
-89
-37
-2
10
46
86
118
131
157
182
212
217
223
230
205
183
141
115
107
53
34
-28
-95
-183
-247
-370
-676
-831
-1120
-1128
-920
-766
-652
-742
-808
-935
-797
-425
-76
254
505
728
817
823
803
825
938
1126
1336
1497
1413
1212
919
636
477
368
305
226
115
-23
-261
-555
-873
-1137
-1258
-1231
-1063
-904
-826
-883
-987
-1009
-884
-597
-249
57
307
435
548
614
635
730
803
954
1124
1219
1220
1057
806
571
398
330
321
288
176
-61
-333
-602
-780
-873
-881
-804
-746
-700
-728
-781
-778
-740
-579
-336
-57
182
318
380
407
433
503
648
777
884
923
873
765
622
472
336
253
201
170
83
-78
-258
-413
-530
-568
-522
-483
-423
-372
-369
-328
-288
-200
-97
26
155
287
398
466
465
456
445
437
478
489
465
411
301
179
65
-24
-95
-124
-143
-174
-207
-266
-307
-340
-301
-224
-136
-53
4
52
99
148
214
293
377
431
471
475
460
448
368
329
292
239
199
127
23
-49
-138
-205
-253
-274
-271
-272
-249
-218
-178
-134
-64
30
148
249
351
428
489
545
568
595
614
620
604
576
495
415
321
211
121
24
-58
-155
-242
-329
-400
-428
-448
-461
-441
-394
-340
-273
-204
-110
-15
89
189
269
362
436
477
508
523
535
532
512
470
429
346
237
149
69
-11
-88
-171
-266
-338
-402
-422
-450
-447
-410
-384
-346
-282
-223
-164
-88
2
100
180
252
310
363
428
446
473
478
456
419
383
350
271
208
125
44
-22
-97
-157
-225
-269
-306
-352
-376
-366
-338
-304
-261
-203
-152
-133
-97
-37
28
66
106
150
174
197
186
197
199
192
172
144
105
70
51
13
-18
-28
-54
-69
-78
-93
-119
-118
-110
-111
-106
-94
-76
-50
-29
-20
-15
-22
-6
-12
5
15
-5
2
-10
-11
-2
10
17
13
6
17
37
38
44
66
79
79
113
126
139
139
163
156
157
155
150
149
109
88
48
4
-43
-95
-139
-159
-199
-238
-276
-299
-314
-318
-302
-284
-264
-252
-219
-171
-117
-53
14
76
117
146
207
243
286
312
317
307
283
271
233
210
159
124
52
-9
-59
-114
-167
-219
-236
-284
-300
-314
-327
-292
-264
-232
-203
-173
-123
-81
-7
44
102
142
179
207
237
268
251
260
240
222
190
148
117
64
14
-35
-77
-123
-168
-223
-261
-273
-288
-297
-287
-292
-265
-230
-206
-166
-135
-90
-60
-18
33
76
97
148
160
168
182
202
227
243
242
220
209
204
176
159
143
123
101
70
51
14
-24
-72
-64
-76
-106
-116
-123
-144
-161
-169
-186
-175
-180
-170
-153
-145
-132
-126
-111
-93
-54
-18
17
73
89
103
133
160
185
198
206
204
176
150
115
94
73
35
14
-37
-65
-107
-130
-156
-193
-229
-222
-204
-237
-230
-213
-197
-172
-162
-131
-83
-34
6
30
62
91
118
135
163
166
161
164
136
107
93
58
39
5
-32
-56
-91
-115
-155
-169
-186
-203
-215
-215
-196
-196
-172
-144
-129
-124
-103
-82
-62
-13
15
49
55
62
66
79
92
85
112
108
112
109
100
99
82
89
69
79
65
50
42
34
14
-13
-8
-23
-27
-41
-49
-57
-95
-93
-88
-113
-136
-146
-151
-173
-164
-138
-141
-123
-89
-93
-63
-18
8
43
80
122
150
169
181
181
190
206
218
223
212
190
175
128
94
71
41
24
-6
-21
-62
-99
-126
-165
-172
-165
-154
-146
-145
-135
-106
-104
-92
-44
2
44
60
107
102
99
103
115
119
128
120
118
100
66
44
25
-1
-15
-27
-55
-42
-60
-83
-98
-106
-123
-109
-111
-101
-82
-70
-42
-40
-10
6
28
56
93
107
140
158
151
173
182
176
174
178
175
146
140
113
91
70
36
18
-3
-22
-48
-80
-115
-141
-161
-166
-169
-169
-147
-150
-148
-135
-131
-101
-80
-46
-21
5
41
64
74
96
125
143
159
148
147
125
108
103
84
70
31
-3
-16
-39
-36
-43
-56
-57
-57
-49
-47
-32
-19
-7
4
31
51
70
93
101
124
126
122
141
130
126
135
112
123
91
47
24
-12
-14
-31
-42
-60
-83
-94
-92
-86
-96
-83
-89
-84
-59
-62
-51
-39
-30
-9
13
6
47
54
52
63
64
56
30
23
29
22
37
47
34
28
14
28
43
32
39
54
59
46
42
35
30
30
16
22
-8
-8
-31
-59
-59
-76
-66
-79
-111
-118
-133
-139
-131
-135
-125
-116
-115
-102
-103
-92
-74
-55
-38
-13
3
10
21
28
38
46
53
48
40
37
31
30
25
11
0
2
-1
-26
-41
-48
-62
-76
-70
-73
-78
-90
-102
-79
-61
-66
-43
-33
-37
-36
-42
-30
-12
13
31
43
31
35
40
26
51
39
38
26
24
-1
5
-14
-33
-41
-39
-36
-71
-70
-83
-87
-95
-78
-91
-95
-72
-54
-42
-49
-18
-18
6
25
42
68
72
91
101
100
114
107
92
84
83
86
62
48
40
15
19
-8
-39
-62
-80
-79
-118
-114
-112
-107
-101
-105
-94
-102
-87
-73
-62
-38
-17
-10
9
27
46
68
68
72
81
73
72
53
49
41
30
14
-2
4
-13
-30
-52
-25
-43
-42
-42
-35
-26
-9
-3
3
20
10
37
37
35
27
27
45
38
54
42
21
16
-13
-10
-12
-5
-9
-25
-61
-75
-74
-66
-50
-55
-29
-51
-47
-35
-40
2
8
15
36
38
33
47
43
45
55
62
65
63
49
22
38
37
31
26
22
41
28
22
15
16
17
3
36
36
43
49
44
31
24
44
43
36
28
10
5
-18
-41
-22
-38
-59
-51
-67
-64
-79
-85
-89
-98
-87
-89
-81
-61
-48
-51
-43
-29
-23
-4
7
-4
34
35
42
25
10
-4
4
10
-4
5
-29
-25
-55
-56
-57
-71
-67
-79
-77
-87
-85
-83
-95
-79
-74
-68
-57
-32
-23
-26
-32
-46
-35
-36
-29
-32
-44
-51
-65
-77
-81
-97
-89
-90
-109
-105
-102
-111
-129
-121
-104
-116
-117
-96
-97
-89
-68
-81
-62
-56
-35
-20
-18
6
17
0
-5
-8
-5
1
-12
-8
-13
-15
-11
-35
-31
-13
-10
-13
-37
-31
-33
-24
-28
-25
-36
-40
-36
-57
-49
-55
-39
-39
-56
-54
-51
-48
-59
-46
-39
-34
-32
-22
-31
-32
-34
-23
-29
-30
-22
-34
-32
-33
-33
-53
-44
-35
-34
-110
-161
-180
-185
-150
-135
-55
-29
-30
-31
-23
-3
0
34
28
51
72
59
47
46
22
-25
-64
-94
-84
-75
-63
-64
-43
-51
-78
-99
-97
-79
-63
-36
-9
-18
-39
-24
-46
-50
-50
-55
-47
-17
-23
-19
-4
-12
-25
-21
-8
5
8
12
38
52
68
62
58
56
46
45
28
44
45
52
47
55
27
25
32
23
17
20
16
21
47
23
40
13
5
-23
-31
-30
-19
-7
5
-1
-9
-17
-31
-36
-24
-14
0
19
37
42
31
47
47
49
42
56
58
54
61
49
34
25
25
1
-26
-30
-30
-38
-37
-36
-50
-38
-42
-42
-41
-28
-20
-8
1
22
49
28
44
44
49
51
51
49
46
52
38
25
-2
-11
-34
-48
-58
-83
-76
-87
-100
-115
-127
-141
-144
-137
-130
-124
-111
-85
-79
-76
-55
-35
-14
-5
13
20
28
40
73
76
58
56
67
71
58
49
30
33
16
14
-14
-29
-17
-29
-26
-45
-65
-77
-73
-71
-53
-56
-47
-47
-55
-48
-63
-57
-40
-32
-34
-24
-14
-20
-27
-3
5
6
14
10
6
8
12
24
12
15
13
10
18
5
9
9
-3
-23
-31
-30
-21
-25
-27
-28
-23
-11
-11
-9
-2
11
20
27
30
34
29
56
54
60
84
50
71
73
66
72
61
63
37
31
11
-3
-7
7
-25
-26
-40
-67
-59
-76
-68
-70
-58
-56
-75
-66
-56
-58
-37
-23
-9
11
18
28
34
29
53
77
83
109
83
89
82
84
91
86
96
93
72
73
72
53
74
55
39
13
-6
-19
-16
-30
-32
-44
-54
-57
-64
-69
-75
-46
-51
-49
-29
-30
-20
12
15
29
66
62
73
91
88
100
110
129
127
125
118
94
106
89
92
83
62
76
73
62
48
48
27
35
39
42
28
25
36
31
32
33
45
58
63
61
86
91
75
78
84
62
82
84
68
67
54
48
34
34
32
24
28
9
0
4
-11
-19
-14
-8
-8
-3
-12
-3
-1
22
20
22
54
58
76
82
66
82
92
98
112
103
121
121
111
140
139
142
135
130
119
119
135
123
120
101
84
78
69
47
35
35
21
10
-13
-19
-41
-51
-68
-85
-56
-73
-73
-87
-64
-42
-45
-9
5
1
13
33
55
79
72
86
99
97
94
101
119
106
97
104
92
86
69
35
31
38
18
13
11
11
18
-11
5
6
12
25
21
34
29
41
56
51
66
69
73
96
95
98
83
80
61
41
41
39
23
18
7
-14
-11
-49
-53
-57
-63
-58
-75
-61
-60
-42
-44
-38
-30
-29
3
21
35
40
56
97
81
85
99
102
127
113
123
118
109
111
93
103
94
70
64
68
68
70
68
62
56
27
17
15
13
17
-6
-6
-25
-25
-24
-36
-55
-51
-21
-25
0
15
5
3
6
22
46
68
58
68
84
79
89
87
98
108
101
95
104
107
86
88
69
67
57
40
44
52
49
34
33
38
15
27
44
56
64
56
50
48
63
73
93
110
117
114
118
122
115
98
114
101
107
103
85
69
43
31
12
7
10
7
-10
-33
-31
-41
-48
-41
-43
-30
-43
-12
-11
-2
0
2
17
44
59
74
87
87
118
126
126
138
140
147
152
140
140
126
110
94
76
80
71
52
28
6
2
-21
-21
-23
-27
-33
-31
-37
-31
-34
-28
-14
-15
10
25
33
46
67
74
65
68
86
119
130
120
119
106
81
69
58
49
44
40
17
-1
-2
-30
-37
-22
-33
-36
-20
-20
-13
-8
-1
33
22
32
49
77
95
94
95
108
112
101
120
111
87
77
75
70
54
27
32
15
-3
-8
-39
-33
-38
-61
-74
-69
-70
-82
-87
-58
-50
-41
-36
-14
-11
9
29
28
35
34
51
48
40
59
49
43
75
63
59
45
40
31
23
8
20
9
8
4
22
13
-5
3
3
8
0
7
-7
27
11
-5
10
-1
3
-7
8
-5
-9
-28
-35
-24
-31
-20
-10
-24
-14
-15
-8
7
10
18
31
46
25
31
29
14
29
39
33
15
16
12
5
-10
-27
-21
-25
-30
-33
-25
-26
-29
-22
-41
-40
-26
-31
-27
-24
-28
-10
-11
-5
-3
13
19
0
5
7
10
16
32
15
5
-1
-12
-12
-17
-37
-36
-54
-49
-46
-56
-53
-47
-40
-42
-36
-34
-13
-15
17
13
13
19
8
31
39
47
52
68
67
57
51
46
75
62
70
75
63
58
38
44
24
15
2
15
11
-2
0
-17
-24
-14
-17
-28
-32
-29
-37
-38
-27
-20
-14
-18
-11
7
-10
7
24
16
32
36
42
54
61
43
44
49
48
49
63
52
53
54
38
31
22
19
14
24
25
17
15
24
24
12
20
9
2
6
0
6
18
2
12
24
26
30
30
33
43
50
47
40
49
52
56
62
61
53
51
56
53
41
29
33
32
21
7
7
9
-7
-11
-17
-14
-24
-26
-25
-24
-7
-11
-7
7
23
35
44
59
72
87
100
105
99
99
119
115
119
115
90
74
73
53
20
19
4
-15
-41
-47
-58
-82
-75
-102
-105
-92
-103
-118
-100
-80
-69
-60
-41
-32
-18
-2
17
43
38
56
61
62
67
75
69
70
87
79
58
46
30
9
12
-5
-17
-19
-36
-46
-44
-67
-81
-65
-43
-49
-77
-60
-63
-45
-49
-35
-12
-5
0
2
16
3
7
18
13
11
7
11
-3
-6
5
-2
-15
-24
-37
-44
-38
-43
-49
-37
-48
-50
-52
-42
-51
-38
-28
-31
-20
-34
-4
-8
-10
1
-12
11
19
17
14
32
40
35
38
36
32
28
38
31
39
23
38
24
27
35
9
6
-12
-26
-42
-43
-49
-51
-65
-83
-85
-88
-108
-100
-97
-94
-89
-67
-71
-59
-53
-46
-17
-16
7
11
38
36
51
64
70
86
83
89
66
74
61
53
66
44
64
35
28
5
7
-3
-33
-19
-21
-1
-14
-18
-20
-4
4
6
19
27
38
40
43
49
49
53
58
63
64
64
58
55
62
56
56
45
35
11
19
14
15
19
11
8
8
14
19
12
11
3
23
32
7
23
14
26
20
49
32
42
55
52
53
50
69
78
93
76
75
73
75
82
83
71
73
71
60
59
58
58
46
22
31
13
6
4
-1
0
0
-11
-35
-53
-31
-25
-14
-7
-24
5
8
25
26
28
61
53
44
60
70
81
95
90
98
85
92
83
82
79
68
78
71
55
45
43
35
40
28
34
20
2
9
1
11
12
4
9
-5
9
16
23
37
27
32
36
21
39
34
24
52
55
53
51
49
54
53
53
52
37
46
39
37
28
21
28
27
22
3
-8
-13
-22
-13
-21
-25
-1
-1
-17
-5
1
14
31
22
41
27
47
56
40
37
37
37
41
34
44
36
27
38
23
6
21
8
0
-7
-6
-10
-34
-31
-40
-44
-36
-45
-35
-24
-39
-21
-13
-1
-9
0
24
17
25
48
40
43
73
50
77
79
56
62
51
67
54
42
40
26
27
9
13
24
8
-4
-13
-21
-17
-22
-26
-14
-21
-19
-42
-47
-48
-42
-42
-37
-36
-30
-23
-27
-18
-17
-15
-12
12
23
31
20
14
21
38
39
44
50
56
44
55
65
58
55
43
50
43
34
39
41
36
24
23
24
28
19
23
32
23
32
25
41
25
32
33
34
42
34
39
36
48
43
45
30
26
24
32
25
11
-2
3
-16
-29
-10
-30
-19
-11
-19
-24
-20
-29
-17
-33
-21
8
-1
15
8
11
23
47
32
44
50
54
57
54
71
72
81
84
85
82
79
62
73
73
49
40
37
28
36
27
6
16
1
5
0
7
-16
-8
-6
-18
2
-31
-22
-22
-16
-15
-19
-14
-16
0
-2
6
18
0
14
26
29
35
28
36
37
42
31
35
45
24
33
45
33
48
42
41
41
43
34
34
38
27
29
31
38
36
31
43
38
37
36
38
46
45
50
57
43
45
45
35
29
30
20
17
16
4
4
7
13
-9
-9
-22
-23
-33
-29
-28
-52
-37
-42
-39
-32
-33
-30
-24
-27
-25
-18
-14
1
-4
13
13
18
19
16
23
29
23
42
33
30
32
17
17
13
19
0
-1
-9
-13
-6
-27
-37
-40
-50
-57
-59
-54
-47
-64
-56
-49
-51
-48
-44
-46
-31
-35
-29
-26
-30
-29
-39
-14
-19
-20
-6
-12
-7
-17
-17
-21
-32
-9
-13
-23
-12
-39
-28
-25
-40
-25
-24
-19
-18
-12
-24
-21
-9
18
-7
-17
1
-8
11
10
10
18
29
29
28
8
13
21
15
19
30
17
28
27
24
15
-1
22
22
16
22
25
28
33
7
22
23
16
25
10
7
10
14
1
-3
10
2
25
18
19
22
33
26
15
26
26
28
38
40
29
38
48
38
44
53
49
20
37
32
15
11
19
16
-22
-13
-6
-20
-28
-27
-33
-30
-20
-25
-22
-20
3
-1
-2
18
5
27
27
55
40
41
56
46
48
63
66
60
55
37
50
65
53
46
37
39
39
15
35
18
23
7
10
28
18
17
22
34
27
37
33
34
44
38
50
71
46
51
67
52
48
47
50
46
49
49
34
41
36
27
28
21
35
34
30
36
41
31
33
38
33
18
38
27
20
34
29
42
38
33
22
30
32
32
37
31
45
53
22
13
24
36
42
34
35
22
14
16
11
-3
-10
10
0
-5
-22
-11
-9
-27
-20
-22
-23
-30
-58
-32
-24
-31
-26
-27
-22
-11
-10
-5
-11
3
1
-6
21
18
22
19
29
35
19
35
26
28
32
17
12
16
7
5
7
17
-14
-12
-3
-8
-10
-11
-10
-5
-14
-12
-14
-14
-5
-24
-10
-6
3
10
4
7
19
9
7
1
13
18
14
23
32
32
27
25
34
24
18
12
1
1
11
15
12
-2
-4
6
-18
5
-11
-5
0
-9
-9
3
16
21
23
18
25
35
46
18
30
36
46
50
37
42
34
36
36
31
25
24
18
13
3
-10
-18
-4
-22
-19
-24
-32
-36
-31
-30
-38
-35
-25
-23
-19
0
-9
8
6
17
23
34
36
31
46
62
56
43
56
42
58
63
57
38
41
36
35
46
23
9
12
-3
-13
-12
-32
-18
-15
-29
-41
-34
-35
-23
-10
-18
-9
-9
-21
-5
-1
15
15
23
16
23
33
38
29
29
38
33
37
47
45
42
40
17
20
22
5
-9
-8
-11
-9
0
-19
-17
-14
-22
-15
-18
8
5
13
35
30
39
43
57
57
50
56
53
54
57
68
56
39
41
38
23
24
17
-4
-8
-2
-14
-31
-43
-50
-61
-55
-44
-41
-44
-40
-47
-23
-11
-15
-9
14
26
23
26
19
33
19
30
44
50
37
34
45
44
48
44
44
29
24
9
14
7
3
1
-18
-9
-23
-40
-30
-41
-37
-39
-24
-46
-30
-15
-21
-35
-29
-19
-12
1
-25
-4
0
11
1
12
11
-9
4
3
10
29
24
27
16
9
7
15
8
13
20
5
-6
1
1
9
-8
15
0
-14
4
-21
-9
-8
5
-10
-3
-1
-6
11
7
20
8
19
14
0
27
26
38
27
22
37
30
44
34
28
33
30
28
20
14
14
1
12
-8
-3
-9
-16
-3
-16
2
0
-9
2
12
12
4
28
33
51
49
65
57
45
67
71
71
61
65
54
70
56
43
60
49
34
40
44
15
2
6
-4
-4
5
-15
-14
-13
-13
0
-4
15
-3
0
-1
-3
17
27
20
6
24
37
27
39
23
16
43
17
26
48
45
28
26
33
26
28
13
23
35
23
7
24
23
-5
-1
24
18
29
21
7
16
-6
12
14
18
2
6
15
25
17
20
23
3
7
3
-7
4
0
-3
3
-7
-5
-16
-22
-34
-17
-14
-33
-39
-16
-27
-16
-14
-19
-17
-18
-13
-21
-14
-29
-6
-7
1
13
6
19
4
19
36
21
25
26
48
41
14
29
34
32
31
29
32
32
17
26
15
14
17
1
-2
-4
3
-13
-4
13
-1
15
3
-7
2
1
3
13
26
23
17
15
14
20
18
15
29
30
15
23
31
24
29
23
23
11
27
19
17
6
0
11
1
1
2
-2
-12
-4
-18
-10
-4
-4
0
-14
-21
-17
-18
-12
-21
-12
-1
-6
-2
2
-11
-4
4
4
9
-12
-10
-25
-7
-7
-27
-21
-34
-37
-31
-31
-42
-52
-44
-57
-51
-42
-52
-46
-44
-45
-45
-35
-34
-34
-25
-30
-31
-18
-18
-16
-22
1
-7
-10
-3
-10
-2
-6
-2
-12
-15
-10
-23
-7
-26
-30
-18
-33
-11
-33
-42
-43
-32
-33
-37
-37
-37
-37
-34
-29
-30
-22
-28
-17
-13
-32
-30
-29
-17
-24
-4
-6
-9
0
-8
-9
-22
-23
-24
-16
-24
-24
-43
-38
-37
-36
-42
-36
-26
-46
-31
-30
-20
-16
-18
-31
-3
10
-3
-5
2
7
-10
2
-7
5
-4
-16
-7
-15
-11
-6
-20
-20
-14
-16
-6
-28
-12
-14
-5
-1
-19
-6
-3
-10
-5
10
-1
-11
0
2
7
-10
-4
-3
-1
1
-8
-1
-2
2
7
-6
-1
-9
-12
-13
7
3
-7
5
-13
-15
-9
-1
-5
5
-3
-5
-6
2
9
0
12
4
14
9
6
23
-3
-2
11
3
3
4
-5
10
11
0
-5
-1
-3
4
18
5
2
13
13
4
10
18
3
9
9
1
12
16
9
16
31
30
26
7
11
11
2
13
-12
2
14
1
-2
0
-12
-8
-2
-13
-16
-7
-5
-21
5
1
-4
-3
-14
2
-7
-9
-8
-8
-8
-10
-6
7
-7
-2
1
15
11
-2
-1
-8
2
9
3
1
3
5
7
-10
-11
-11
-18
-30
-8
-23
-31
-15
-31
-10
-14
-5
-16
-13
2
-15
2
-7
-9
-11
-8
-6
-4
-12
-35
-7
-23
-17
-22
-25
-21
-33
-35
-32
-41
-45
-27
-37
-29
-57
-50
-41
-41
-23
-16
-32
-21
-20
-37
-19
-20
-5
-11
3
-12
-16
-5
-24
-13
-22
-27
-11
-23
-17
-18
-26
-26
-34
-15
-16
-14
-28
-35
-5
-25
-30
-37
-28
-18
-30
-13
-23
-37
-33
-32
-21
-16
-15
-23
-13
-16
-13
-3
-1
5
2
7
3
4
3
11
20
35
38
10
1
4
11
15
19
11
19
14
-2
10
5
-4
1
-20
-15
2
-11
-8
-17
-27
-3
1
3
7
15
4
1
-6
-1
6
4
-5
-2
0
0
11
-9
-2
-2
5
-15
-13
-7
-8
-21
6
-6
-8
9
-13
2
-14
-7
5
4
12
13
4
6
-5
20
24
24
9
-4
36
24
28
31
32
40
43
31
40
56
48
55
46
56
43
37
47
46
42
55
37
49
62
37
38
42
47
26
48
40
42
43
29
22
31
46
35
29
35
37
35
43
40
33
25
54
50
35
45
65
49
58
48
50
60
42
51
56
56
52
44
29
47
48
48
50
49
48
53
41
37
50
44
30
16
38
16
27
20
16
25
16
24
16
34
29
34
29
24
21
11
27
12
23
21
22
37
21
29
33
29
43
39
42
44
40
39
33
31
31
36
25
37
30
27
33
36
32
33
37
36
33
36
33
29
21
27
18
20
26
7
20
23
24
31
36
13
21
5
13
9
4
12
18
21
8
6
2
9
-4
8
-11
-1
20
20
13
26
8
33
46
30
44
40
45
41
41
40
36
42
33
49
36
19
26
21
20
19
14
13
14
-6
10
3
0
14
17
9
9
19
12
12
8
2
21
22
14
16
25
15
16
25
20
44
10
25
21
27
30
14
31
16
9
23
21
29
30
17
30
27
21
13
24
26
34
20
16
38
53
55
37
39
38
44
57
40
49
66
56
50
62
46
47
40
40
49
43
59
43
53
52
39
29
43
46
40
27
26
15
32
40
27
31
14
30
25
19
36
33
46
29
24
15
22
27
18
37
30
26
42
22
25
57
56
51
56
53
48
33
38
45
25
30
39
45
46
37
36
37
31
35
38
35
23
16
38
36
25
43
42
27
44
40
37
48
35
41
45
38
35
39
31
43
47
38
45
39
36
41
34
40
39
40
50
44
36
40
43
52
38
35
17
21
29
17
28
22
14
38
49
23
10
18
24
20
29
36
30
32
15
19
16
36
29
31
30
21
11
4
12
4
8
24
10
-14
-7
-13
20
0
5
6
-1
-2
4
18
1
17
11
3
0
-6
7
-2
-1
6
-2
-5
6
4
-10
1
-4
-10
-12
-4
0
-8
-15
-22
-11
-14
-13
-12
-7
6
-2
-3
-12
-22
-3
-11
-5
3
1
15
4
-4
4
7
2
5
3
-4
6
7
-2
2
14
13
8
8
6
9
17
3
10
12
-2
9
13
14
0
-13
-7
-2
-11
1
-15
-10
1
-2
-13
-23
-21
-10
0
4
-11
0
11
-2
-1
-16
-24
-20
-14
-10
-8
-13
-9
-11
-9
-3
-2
-11
-13
-8
-14
-22
-19
-13
-5
4
-3
-6
-13
-8
1
-9
9
-1
10
13
13
22
12
33
32
27
38
34
36
43
37
31
18
22
34
44
37
20
21
-9
17
18
4
19
21
3
3
18
0
7
-3
-1
8
22
13
17
12
3
25
20
21
9
0
4
14
24
25
21
24
27
21
22
28
25
22
30
21
10
26
11
3
17
24
13
16
24
14
16
16
24
24
6
21
13
2
19
24
35
16
16
15
9
6
5
-6
-4
11
-1
-21
-16
-16
-15
-5
-10
-12
-3
-10
-15
-5
-5
-13
-6
-1
-9
-6
-8
-7
-7
-7
7
12
12
6
19
17
19
32
16
28
23
23
33
20
33
37
42
44
27
33
31
15
18
37
31
15
11
21
25
1
-9
6
-1
16
4
-20
10
7
7
3
-1
14
-2
0
19
0
3
0
16
15
5
-8
12
3
-7
5
13
17
11
20
-1
-1
19
20
19
4
13
18
3
1
13
27
18
25
28
13
22
27
16
18
17
20
36
39
35
44
46
34
48
45
36
49
45
32
24
47
52
49
34
30
41
37
33
36
42
41
41
35
31
40
33
43
42
27
52
47
43
45
47
40
49
48
30
48
35
40
46
39
33
29
33
18
28
39
30
24
29
21
24
16
11
19
15
25
18
14
16
19
4
1
-3
0
4
8
4
0
4
-8
7
20
22
24
27
23
22
25
14
29
32
20
26
37
33
26
34
26
29
23
1
18
28
20
22
16
13
12
30
20
46
30
25
24
32
34
25
44
23
46
23
28
17
35
38
30
29
34
43
26
40
43
28
25
46
47
45
50
52
36
41
34
33
54
28
23
32
30
37
36
32
44
33
32
28
46
25
11
18
30
45
32
37
33
39
19
24
22
22
32
23
19
22
39
26
16
7
20
5
12
25
-1
13
12
11
12
-1
11
30
17
18
29
25
16
34
28
26
36
13
22
23
28
24
11
16
8
4
13
16
15
28
33
43
32
36
34
39
40
30
22
13
35
26
25
31
23
29
18
30
27
19
18
-3
8
11
17
29
17
35
31
17
36
25
22
26
15
-1
26
18
13
16
18
12
2
-3
1
-9
4
23
16
-7
3
15
1
14
-1
10
-10
17
8
30
21
9
24
23
37
33
40
30
43
19
38
49
43
48
42
46
52
40
38
43
39
23
31
35
36
35
37
40
24
27
29
29
28
26
30
23
45
39
44
44
32
44
47
39
37
51
48
66
64
61
61
53
48
39
64
46
45
66
52
52
53
58
55
64
41
40
38
38
38
29
23
19
38
48
26
25
44
40
38
45
52
59
53
54
58
68
71
67
53
60
62
48
61
67
52
40
41
48
56
56
57
50
60
58
54
49
66
67
50
55
38
37
39
34
51
47
49
52
62
54
37
53
61
53
56
65
56
60
47
50
56
54
53
55
53
62
54
45
57
58
52
65
46
43
60
51
37
31
31
35
11
39
27
16
37
21
39
33
33
48
33
34
58
51
44
43
28
35
45
51
58
38
37
23
21
15
10
7
6
-4
11
4
-18
-2
-21
-29
-13
0
-4
-1
-19
-18
-11
-2
-7
-8
-10
-7
-7
-3
2
7
3
-15
-7
-7
-4
-1
-10
-23
-13
-4
-23
-22
-12
-28
-13
-29
-36
-22
-42
-37
-38
-47
-57
-47
-35
-53
-53
-39
-38
-34
-35
-33
-34
-35
-33
-40
-17
-12
-35
-23
-27
-27
-33
-36
-36
-26
-33
-42
-27
-42
-44
-46
-33
-42
-51
-44
-47
-25
-28
-48
-45
-22
-41
-11
-31
-56
-28
-36
-33
-29
-36
-34
-41
-42
-33
-39
-24
-44
-33
-23
-36
-21
-34
-36
-36
-35
-52
-46
-43
-52
-56
-54
-67
-58
-82
-75
-57
-51
-45
-68
-52
-61
-69
-57
-51
-61
-64
-81
-46
-57
-51
-40
-57
-53
-48
-44
-42
-44
-51
-41
-56
-29
-37
-43
-32
-44
-34
-32
-44
-45
-34
-45
-43
-54
-51
-42
-54
-39
-45
-36
-44
-46
-30
-52
-47
-31
-41
-40
-36
-35
-35
-27
-24
-35
-35
-30
-25
-31
-25
-17
-25
-28
-24
-24
-35
-29
-20
-20
-50
-35
-4
-28
-41
-21
-22
-21
-29
-39
-44
-43
-29
-38
-39
-25
-23
-26
-11
-22
-24
-10
-3
-6
-9
-8
-2
-9
-11
8
7
-7
-5
-16
-9
-1
-2
-6
1
-10
-25
-29
-33
-27
-27
-23
-27
-28
-25
-23
-18
-27
-15
-15
-2
1
-11
-9
-10
8
-2
-4
3
11
-4
8
-1
-13
-5
-6
-11
-12
-9
-10
-7
5
-8
-11
-25
-21
-25
-39
-30
-30
-38
-34
-38
-34
-27
-28
-36
-18
-22
-31
-27
-36
-32
-13
-14
-14
-8
-24
-9
-16
-20
-12
-4
-6
-15
-16
-23
-32
-32
-28
-39
-23
-27
-35
-23
-45
-33
-37
-31
-31
-39
-40
-31
-36
-22
-31
-36
4
-15
-25
-16
-8
4
-19
-19
-7
-19
-17
-21
-11
2
-3
-3
2
9
7
1
-12
-17
-4
-14
-13
-17
-23
-22
-14
-23
-35
-31
-24
-27
-16
-20
-33
-12
-29
-27
-18
-30
-5
-19
-14
6
-4
-8
-8
-10
-8
-10
-9
8
6
7
2
7
3
2
17
17
8
-2
12
-10
-1
10
-5
10
7
-2
8
2
-9
0
4
16
23
21
21
16
28
9
20
23
8
27
24
28
33
48
42
36
40
58
42
46
20
18
34
19
34
23
11
26
17
13
2
2
7
17
14
23
23
21
15
38
31
26
30
52
59
45
68
40
58
67
51
52
40
43
39
34
30
21
30
35
39
30
25
18
24
19
17
17
18
10
22
25
12
22
15
6
9
18
14
27
46
34
12
40
37
32
38
46
49
39
61
55
34
41
47
49
42
40
38
48
38
29
40
27
33
42
24
27
30
16
12
16
15
13
15
7
15
6
25
28
3
16
20
12
20
8
0
9
11
7
13
15
2
19
23
22
12
27
10
-5
15
0
13
16
6
36
12
23
23
5
22
12
26
33
13
17
22
28
2
9
14
26
23
16
19
5
9
23
31
15
24
15
31
34
29
34
28
29
22
10
11
25
-8
1
12
1
3
10
8
9
10
7
-1
7
12
3
-2
-3
18
18
23
21
10
28
6
11
16
4
22
25
17
30
30
14
13
8
3
14
28
-9
-5
-13
-7
6
-16
2
-10
-6
-1
8
5
-11
-3
-2
8
9
4
14
19
17
8
3
15
22
17
18
10
11
8
19
31
11
15
27
32
28
21
12
7
15
6
31
14
12
15
18
25
19
6
15
16
10
7
-5
5
0
13
16
29
19
15
14
17
9
10
12
22
28
25
29
31
43
17
31
32
43
23
19
19
15
21
12
14
16
23
9
11
-1
-13
-4
4
-1
3
-4
-5
0
16
11
-9
13
15
-6
14
3
5
14
-9
-13
7
-4
-3
15
16
4
6
3
-9
5
-2
-4
-10
1
-16
-3
-9
-4
8
0
12
-4
4
-13
-7
9
8
11
10
6
16
14
5
26
14
21
12
20
19
-2
-1
10
-1
-11
-1
6
-5
-11
-4
0
-19
-24
-5
-6
-15
-15
-8
-19
-18
-9
-9
-19
-7
3
-1
-5
-11
-19
-15
-4
7
-6
-9
0
0
12
3
6
10
6
-3
9
-11
-1
20
4
-1
6
-1
-18
-10
1
2
10
-9
-8
-4
-25
-13
-6
-7
-9
2
3
16
6
13
8
-8
-10
-23
-13
-1
-15
-3
5
-5
-19
-18
3
5
-2
-5
-7
-11
-30
-24
-23
-38
-35
-21
-29
-32
-16
-13
-18
-20
2
-3
-15
-18
-21
-27
-2
2
3
10
4
-8
-6
-16
-3
11
10
14
-9
-4
-9
9
4
-15
-3
1
11
9
-2
-4
-7
1
6
-6
-5
-7
-19
-8
-7
-8
-9
-9
-28
-24
3
-6
-21
-13
-16
-12
0
-9
-11
-9
-8
-17
-8
4
0
6
10
9
9
11
8
17
9
1
9
16
8
14
19
14
12
13
1
13
18
-8
6
12
6
25
20
17
16
18
20
12
23
7
11
17
26
27
14
18
18
4
21
18
24
17
16
26
19
25
16
34
37
27
15
9
12
25
28
16
11
7
18
21
31
23
13
18
21
30
28
22
26
38
25
29
20
29
28
10
7
-2
22
20
6
9
16
13
7
1
-3
19
14
18
14
11
12
5
6
20
19
15
14
24
30
8
14
8
19
11
12
19
15
16
24
27
17
23
32
28
39
38
44
42
37
16
10
27
23
37
38
30
33
27
33
41
35
30
34
39
32
23
17
28
23
32
42
25
25
28
23
38
33
15
24
44
31
29
21
19
27
15
17
22
12
25
22
8
-4
4
-2
-3
13
6
7
-3
3
0
9
4
0
-2
2
4
-1
5
1
5
-12
-1
-13
2
9
-15
-16
-10
-8
-15
-14
-9
-7
-23
-14
-13
-10
-13
2
6
-9
1
11
6
-9
-13
10
-2
-2
3
7
19
13
19
17
12
-10
-17
-6
12
22
15
15
10
27
28
18
20
20
15
6
19
27
22
22
24
17
30
19
28
16
23
18
6
28
17
16
24
37
17
28
31
18
19
10
15
10
17
15
5
8
23
32
32
25
11
24
23
17
24
6
14
43
26
16
28
20
33
29
11
34
25
32
32
33
33
52
38
36
35
29
32
51
55
28
46
35
45
52
46
58
54
42
42
37
43
29
51
44
24
