-60
-51
-56
-55
-58
-61
-53
-50
-45
-45
-48
-50
-49
-56
-53
-56
-42
-41
-46
-49
-48
-54
-65
-45
-54
-53
-47
-42
-50
-48
-51
-46
-48
-48
-49
-50
-43
-62
-40
-30
-44
-38
-42
-42
-41
-48
-46
-49
-39
-43
-40
-52
-42
-30
-26
-36
-29
-39
-30
-33
-43
-30
-50
-51
-28
-44
-57
-53
-45
-41
-40
-44
-35
-26
-38
-34
-48
-23
-32
-33
-35
-24
-27
-37
-28
-37
-12
-19
-25
-33
-30
-25
-33
-22
-17
-24
-24
-29
-45
-38
-21
-12
-33
-11
-1
-19
-29
3
-14
-23
-20
-27
-7
-5
3
-24
-11
-11
-10
-2
-5
-4
6
9
2
14
8
12
18
10
15
23
17
25
11
0
8
11
4
-2
13
5
-3
2
-1
8
4
-23
-21
2
-17
-26
-16
-12
-17
-12
0
-19
-13
-20
-5
-10
6
2
-3
20
27
16
-18
4
2
-15
-12
-18
-26
-21
-15
-13
-8
-18
-17
1
-29
-12
-14
-25
-13
-13
-6
-23
-28
-25
-17
-28
-26
-22
-23
-22
-22
-14
-10
-1
-16
-5
-11
-27
-15
-17
-9
0
-12
-15
-14
-4
-9
-21
4
-7
-10
-3
10
-13
-13
5
-7
1
-14
-1
-9
-10
3
-1
5
9
0
-1
-3
1
5
-9
-24
-26
-3
-11
-27
-22
-3
-17
-16
-11
-13
-1
-18
-15
-24
-22
-32
-23
-25
-17
-29
-13
-13
-19
-16
-6
-9
-23
-19
-35
-22
-35
-20
-22
-16
-21
-24
-11
-32
-34
-46
-35
-31
-34
-35
-43
-30
-42
-47
-39
-57
-61
-59
-50
-38
-39
-36
-23
-37
-35
-30
-49
-35
-36
-30
-23
-31
-25
-31
-29
-25
-18
-22
-20
-10
-8
-23
-35
-27
-4
2
-19
-30
-21
-16
-20
-17
-13
-29
-25
-33
-35
-24
-23
-14
-21
-20
-35
-37
-32
-22
-21
-24
-46
-43
-32
-31
-21
-12
-37
-36
-36
-34
-43
-39
-30
-42
-21
-23
-31
-32
-24
-32
-14
-29
-48
-38
-25
-15
-15
-25
-55
-21
-29
-35
-30
-39
-35
-24
-14
-12
-18
-21
-22
-10
-7
-22
-7
-8
-10
-29
-9
-17
-17
-24
-34
-25
-11
-3
-28
-16
-21
-32
-34
-20
-28
-11
-13
-27
-8
-17
-27
-39
-22
-14
-22
-20
-10
-16
-28
-20
-17
-3
-12
-25
-17
-30
-8
-7
-11
-8
-13
-3
-9
-4
-5
-15
-9
-10
-5
-13
-30
-21
-9
-13
-26
-23
-13
-21
-16
-12
-19
-14
-23
-18
-9
-14
-20
-20
-17
-24
-27
-21
-28
-35
-29
-24
-28
-31
-33
-34
-34
-41
-24
-43
-29
-24
-31
-27
-37
-36
-34
-35
-38
-29
-34
-33
-49
-27
-21
-40
-27
-34
-40
-18
-29
-30
-27
-31
-14
-15
-8
-22
-16
-10
-17
-17
-13
13
4
-13
-17
-22
-4
-27
-7
-3
-15
-21
-15
-2
-6
-20
-22
-6
-9
-10
-6
-1
5
-10
-19
-5
9
-8
4
2
6
5
-4
6
-9
3
-5
-4
4
-4
-17
-6
3
-13
-17
-10
-12
-4
-20
-18
-9
0
-10
1
-3
-16
-16
-18
-25
-15
-18
-16
-25
-28
-34
-27
-19
-29
-22
-31
-29
-22
-22
-23
-42
-43
-25
-34
-31
-39
-20
-27
-28
-16
-24
-27
-28
-19
-13
-11
-12
-22
-29
6
-13
-18
-5
-23
-25
-16
-9
-18
-27
-33
-29
-19
-15
-26
-12
-25
-41
-12
-16
-12
-25
-27
-4
-23
-19
-26
-24
-24
-23
-32
-21
-21
-21
-29
-14
-10
-24
-27
-17
-11
-27
-29
-33
-33
-49
-19
-20
-26
-20
-31
-11
-18
-14
-20
-14
-4
-3
3
-13
-24
-20
2
4
0
-19
-2
5
-7
-1
-8
-5
-8
-11
-9
-3
-21
-20
-14
-24
-13
-4
-14
-11
-29
-14
-18
-22
-24
-23
-20
-32
-15
-18
-23
-27
-6
-6
-8
-3
-12
-7
-28
-39
-25
-19
-30
-18
-8
-13
-8
1
-6
-17
-15
-10
-18
-11
-13
-18
-20
-10
-17
-26
-21
-19
-29
-29
-21
-32
-13
-19
-24
-20
-34
-19
-19
-30
-15
-27
-26
-25
-23
-31
-41
-16
-15
-22
-23
-32
-29
-26
-39
-29
-31
-30
-25
-19
-25
-36
-25
-18
-11
-20
-13
-1
-1
-1
-14
5
-15
6
-12
-10
2
-7
-9
-17
12
-12
-2
-15
-9
-5
-8
0
-14
1
-11
-10
6
-15
-9
9
2
-1
7
11
-4
-8
5
2
9
-1
12
0
5
2
-9
6
-23
-7
1
1
-3
4
8
-2
10
20
-1
-4
-1
12
15
19
11
4
9
2
4
-1
11
7
-7
-10
-8
-2
-8
17
-2
-20
-6
-10
-23
10
-5
-9
-23
-21
11
-2
-1
-8
10
-19
-13
-6
-17
-11
-7
-10
-16
-12
2
6
-3
-8
-19
-17
-7
-16
-16
-7
-4
0
-10
-14
1
11
-6
-5
7
-7
8
1
-7
-4
-11
-12
-6
-14
-6
-2
9
-4
-12
-14
-3
-3
2
2
-12
6
-11
-1
-5
5
13
15
20
24
20
14
22
21
29
15
5
21
24
24
23
14
18
17
22
29
9
2
9
19
9
11
19
7
21
17
8
23
31
21
8
10
9
1
0
5
-4
15
3
0
7
11
10
-1
-1
8
-2
-5
13
-6
-1
4
6
6
4
25
12
-2
3
17
1
17
21
21
23
6
9
12
16
-7
-9
-8
-13
0
-1
-3
17
19
2
1
9
2
3
0
1
4
5
6
5
3
-13
-10
4
-8
-2
5
4
10
-8
20
4
5
6
6
5
1
0
-9
-6
-24
-11
-16
-14
-7
-6
-8
3
-7
-12
-12
-27
-18
-26
-16
-13
-19
-19
-17
-10
-5
-26
-8
-5
-7
-8
-1
4
-8
3
-4
7
6
1
-2
5
19
9
-1
-5
5
10
2
7
1
-3
-4
8
12
5
14
4
6
-1
10
7
1
-2
-3
-11
9
-10
-5
6
-3
-11
-2
2
-13
-6
-11
-21
-20
-9
-17
-9
-8
-22
-17
-15
-23
-8
-16
-13
-21
-22
-35
-19
-24
-23
-33
-28
-26
-24
-23
-25
-21
-44
-24
-30
-22
-21
-25
-29
-23
-26
-36
-28
-35
-30
-39
-28
-35
-35
-22
-37
-37
-32
-48
-40
-47
-36
-25
-36
-29
-21
-18
-12
-11
-21
-17
-13
-22
-29
-26
-17
-3
-14
-8
-15
-10
-9
-14
-18
-21
-6
0
12
7
4
1
6
0
-7
-13
-13
-5
-13
-11
-3
-1
-10
-7
-6
-9
4
3
-17
-17
-8
-16
-10
-11
-18
-3
-22
-17
-13
-11
-23
-3
-2
-20
-15
-12
-17
-23
-21
-22
-20
-15
1
-16
-11
0
-8
-1
-19
-14
-6
-10
-6
-1
-25
-20
-16
-2
4
-6
-12
-16
-15
-13
-9
-7
-7
-11
-15
-18
-4
-5
1
-5
-18
-12
-18
-12
-9
-12
-20
-19
-15
-23
-18
-26
-24
-34
-47
-30
-50
-42
-34
-32
-29
-28
-38
-40
-46
-37
-26
-24
-26
-40
-38
-29
-22
-28
-14
-23
-26
-24
-30
-23
-11
-16
-20
-3
-17
-20
0
-3
4
-7
-20
-18
-20
-17
-20
-13
-11
4
-16
-24
-8
-10
2
-4
-8
-3
-13
-2
2
-6
1
-7
12
5
7
-4
-12
15
9
-8
0
0
-14
-6
-2
-13
-18
-7
-4
-14
-3
-15
-15
4
0
0
3
10
3
3
-10
-3
11
3
7
-1
14
5
6
6
-6
6
1
20
-2
-2
11
-11
-7
-15
-7
11
-8
3
-4
-1
5
3
3
7
-6
-18
-1
4
-3
-7
-4
-4
-6
-12
-1
-16
-27
-5
-20
-17
-22
-3
3
-10
-11
-28
-18
-15
-12
-22
-1
-19
-21
-19
-13
-16
-7
-14
-1
-1
-5
-7
5
16
-7
-2
-4
-11
-6
2
-7
-10
-7
2
-3
-2
-12
-11
-28
5
-7
-16
-5
-24
-7
-14
-11
-4
-4
-11
-13
-14
-23
-18
-18
-10
-3
-23
-25
-12
-17
-17
-10
-7
-10
-28
-29
-23
-23
-32
-27
-33
-16
-16
-21
-9
-9
-25
-31
-25
-26
-18
-28
-39
-30
-42
-35
-17
-33
-34
-48
-47
-36
-44
-52
-31
-43
-53
-35
-52
-45
-37
-40
-30
-55
-61
-52
-63
-59
-69
-68
-51
-69
-65
-76
-61
-61
-56
-56
-66
-49
-60
-61
-65
-72
-75
-72
-69
-71
-81
-83
-84
-72
-69
-77
-65
-73
-59
-68
-77
-66
-77
-74
-79
-62
-58
-66
-62
-75
-65
-60
-64
-73
-70
-67
-60
-57
-69
-53
-65
-57
-50
-51
-58
-53
-47
-47
-47
-63
-62
-68
-70
-52
-44
-49
-36
-43
-40
-47
-40
-52
-59
-51
-54
-64
-68
-57
-55
-46
-57
-51
-48
-61
-58
-48
-69
-73
-58
-50
-48
-30
-35
-48
-40
-41
-36
-35
-33
-28
-39
-17
0
-12
-28
-20
-10
-41
-33
-31
-40
-37
-46
-17
-47
-38
-30
-42
-51
-52
-45
-44
-50
-46
-37
-44
-49
-39
-27
-36
-33
-37
-25
-20
-19
-21
-20
-24
-30
-9
-15
-33
-23
-11
-20
-24
-23
-33
-26
-28
-24
-34
-25
-24
-21
-21
-30
-22
-32
-44
-28
-32
-36
-29
-40
-33
-25
-38
-19
-20
-14
-13
0
3
-12
-12
-6
-10
-11
-11
-23
-16
-10
-10
-8
-19
-25
-16
-19
-13
-17
-15
-22
-18
-15
-26
-13
-14
-3
-12
-24
-12
-14
-16
-26
-20
-13
-4
-14
-11
1
-7
-25
-28
-17
-5
-22
-19
-13
-9
-14
-30
-17
-29
-19
-14
-21
-25
-3
-15
-14
-4
-14
-25
-26
-27
-19
-10
-40
-26
-26
-25
-34
-22
-21
-29
-23
-31
-40
-37
-37
-39
-49
-36
-31
-37
-26
-42
-34
-32
-23
-22
-28
-12
-11
-15
-16
-14
-31
-31
-33
-36
-41
-38
-24
-23
-51
-33
-43
-42
-43
-41
-44
-46
-28
-31
-24
-46
-33
-30
-24
-24
-37
-35
-26
-27
-41
-37
-40
-47
-39
-45
-44
-37
-38
-53
-32
-54
-68
-47
-41
-44
-46
-36
-47
-36
-41
-40
-25
-35
-46
-38
-31
-21
-15
-22
-7
-14
-9
1
-22
-15
-15
-9
-12
-14
-14
-16
-16
-20
-10
-16
-30
-21
-21
-16
-21
-23
-32
-31
-26
-37
-28
-34
-32
-34
-20
-14
-7
-18
-16
-9
-8
-7
-19
-21
-17
-26
-29
-13
-26
-30
-25
-23
-29
-25
-20
-25
-19
-50
-30
-14
-25
-1
-11
-10
-23
-24
-30
-38
-31
-29
-22
-36
-28
-14
-18
-19
-10
-21
-10
-12
-20
-16
-10
-11
-21
-21
-34
-12
-12
-8
-21
-30
-33
-30
-33
-41
-27
-31
-22
-31
-18
-6
-23
-36
-39
-22
-20
-20
-20
-13
-32
-21
-50
-37
-3
-35
-29
-29
-52
-42
-41
-45
-30
-39
-38
-23
-27
-16
-23
-14
-12
-9
-22
-25
-22
-30
-9
-27
-11
-8
-7
-23
-22
-32
-39
-28
-29
-25
-20
-33
-18
-7
-23
-23
-24
-15
-7
-11
-8
-6
-8
-8
2
2
-3
1
1
-5
-4
-7
-8
-4
-10
-6
-13
-6
-11
-13
-26
-10
-18
-19
-4
-17
-20
-19
-18
-16
-28
-18
-5
-18
-17
-3
-4
2
0
-1
0
-8
11
14
9
-4
4
-3
-7
-28
-39
-17
-29
-15
-31
-25
-25
-25
-14
-38
-36
-26
-32
-20
-22
-33
-38
-26
-7
-26
-30
-28
-11
-22
-33
-14
-5
-13
4
-8
-14
-10
-26
-13
-20
-15
-17
-20
-20
-36
-35
-43
-43
-42
-25
-23
-25
-23
-39
-44
-15
-28
-33
-4
-10
-13
-13
2
-9
-12
-1
0
3
14
-4
-4
0
-1
8
10
5
3
13
1
25
13
5
-1
8
10
9
3
3
-17
-23
1
-13
-14
-14
-13
-12
-1
-15
-4
-13
-9
-10
-9
11
7
1
-9
-21
-8
2
-4
-2
-12
-14
3
6
-1
-18
-21
-14
-4
-8
-9
-6
-8
-8
-23
-3
1
-15
-15
-10
-12
-19
-12
-26
-17
-21
-28
-22
-25
-23
-28
-31
-21
-11
-13
-17
-19
9
-6
-13
-1
10
7
5
2
-10
-14
-13
-2
-10
-27
-29
-9
-49
-39
-37
-34
-35
-43
-49
-53
-38
-42
-29
-46
-37
-43
-46
-24
-18
-11
-3
-4
-10
6
15
24
11
2
12
22
26
3
-10
-13
-2
-5
4
10
-7
-29
-21
-23
-24
-21
-36
-42
-44
-32
-30
-32
-34
-39
-35
-18
-25
-19
-5
-13
-8
-11
-19
1
-22
-17
-15
-34
-29
-22
-7
-29
-17
-26
-22
-15
-24
-28
-41
-26
-30
-19
-30
-26
-21
-14
-15
8
-12
-14
-9
-8
-21
-13
-7
-27
-16
-9
-1
-22
-9
-13
-21
-17
-15
-9
-18
-15
-17
-7
-19
-25
-19
-25
-43
-34
-46
-26
-37
-40
-34
-43
-42
-48
-35
-67
-62
-54
-64
-60
-65
-49
-50
-52
-41
-44
-57
-42
-38
-56
-45
-45
-41
-36
-45
-46
-46
-53
-64
-60
-54
-73
-78
-70
-82
-82
-75
-78
-70
-79
-69
-54
-47
-58
-50
-38
-39
-21
-23
-26
-18
-5
-28
-23
-27
-29
-22
-39
-41
-42
-43
-45
-43
-28
-25
-19
-31
-27
-28
-28
-11
-18
-16
-5
-13
-22
-27
-20
-19
-18
-13
-26
-24
3
-7
-9
-7
-18
-1
-14
-26
-24
-20
-15
-30
-36
-28
-30
-28
-17
-20
-25
-24
-15
-6
-5
-11
-11
-6
-7
-27
-11
-9
-8
0
2
9
1
3
2
-7
-8
-11
-25
-19
-15
-5
-10
-9
-9
-9
-22
-18
14
-15
-22
-2
-16
-2
12
16
20
-8
14
16
12
13
18
13
8
10
-1
-3
8
10
-10
-2
7
-16
-28
-27
-24
-34
-28
-21
-22
-26
-21
-25
-40
3
-12
1
9
14
12
21
30
13
7
29
30
8
13
16
4
5
6
10
1
8
1
1
15
9
17
11
34
30
40
50
35
58
47
50
71
56
52
45
59
57
43
42
37
47
29
30
44
40
39
27
19
19
16
17
24
12
19
29
12
25
19
32
29
22
31
36
42
30
19
15
34
35
24
17
13
6
0
22
19
-5
13
5
20
13
4
22
4
3
12
9
8
16
13
13
5
0
14
2
1
13
-14
-14
9
3
-2
-1
3
3
4
23
3
15
19
24
16
25
20
4
19
-1
8
9
26
13
15
10
12
9
2
-11
-6
16
6
4
-5
1
14
19
16
16
18
7
9
32
42
16
10
14
17
20
8
3
-8
3
21
12
-12
0
-8
-10
-14
-12
-19
-16
0
-9
7
3
-10
15
9
-7
-1
-4
3
23
18
23
28
24
41
26
20
-2
1
13
13
17
-9
-1
9
17
22
42
34
34
22
16
22
20
29
40
39
26
31
26
13
8
2
24
26
23
28
34
24
26
46
35
40
39
42
34
25
42
48
37
26
57
27
29
44
37
30
15
24
16
18
13
5
-6
-7
2
1
12
-6
-6
-3
-4
14
22
13
10
15
36
29
10
41
23
39
44
44
45
52
52
45
42
50
36
22
13
25
35
10
18
20
14
23
25
24
19
24
38
36
57
52
56
40
54
64
63
65
68
64
60
59
73
75
53
97
80
57
42
51
63
46
53
46
59
34
33
44
43
46
42
42
46
39
40
35
27
48
23
22
51
30
36
40
27
26
46
38
30
35
20
20
28
20
26
42
21
15
11
19
27
20
15
9
17
-5
5
9
-3
13
24
34
21
28
21
33
15
15
32
5
39
24
30
25
18
20
14
7
15
20
17
32
26
12
21
40
24
29
8
6
12
12
18
19
20
18
29
29
20
30
11
27
23
12
23
7
6
26
22
15
20
46
22
28
39
42
54
39
36
34
43
40
46
22
28
38
24
28
0
2
-4
-12
-5
-6
12
13
2
-14
-7
-24
-2
-5
-1
-1
3
24
18
18
16
34
23
25
26
21
33
25
20
27
22
24
24
25
30
27
13
23
28
30
41
42
29
19
37
18
26
35
27
35
19
0
12
25
32
31
24
8
11
20
15
8
14
-11
-10
7
-7
5
5
25
8
13
14
4
-5
-5
13
-2
16
-6
2
6
0
22
15
12
21
20
20
18
14
22
11
12
-3
9
-3
-10
5
7
12
20
22
19
13
26
29
44
39
18
40
35
36
45
49
47
30
29
27
43
46
29
36
39
50
53
42
24
18
22
6
20
39
52
61
42
43
23
27
41
28
29
34
14
21
24
23
0
9
19
11
14
12
-1
-12
-17
-24
5
-1
-12
-13
-19
-33
-43
-22
-12
-24
-13
-21
-13
-8
-22
-20
-16
1
-9
-12
-17
5
5
8
36
9
17
30
31
34
16
15
13
-10
5
-24
-12
-4
-22
-11
-28
-22
-14
7
3
-9
-15
10
18
27
35
38
26
4
25
24
30
21
26
31
5
10
1
25
5
2
-1
-12
0
-10
9
-3
1
-1
-10
-13
-14
-3
-2
-13
2
-1
-6
0
12
17
4
20
-1
-10
-3
11
3
-9
-9
-29
-13
-22
-24
-29
-35
-31
-27
-3
5
-1
5
15
13
17
13
32
33
29
29
25
30
26
42
38
33
32
36
32
19
34
41
44
38
27
30
14
28
43
28
48
42
37
32
36
56
39
48
45
25
38
25
26
25
34
29
41
39
29
29
25
21
16
19
3
15
4
5
1
10
18
6
18
12
12
26
19
34
36
25
58
62
56
63
67
66
58
49
37
33
9
12
3
-3
-17
-25
-16
-48
-12
-27
-34
-20
-30
-27
-19
-15
-27
-21
-16
-12
-5
6
15
28
32
37
57
44
35
31
16
24
13
21
24
9
6
-2
-2
-2
-3
-7
0
6
6
20
33
29
28
13
35
25
33
39
34
40
49
44
50
62
69
47
58
50
38
55
40
47
44
36
15
30
28
33
30
19
6
25
12
-7
17
14
31
8
6
17
17
17
25
14
19
18
10
27
24
20
9
20
14
25
24
20
10
-5
-3
-11
4
6
9
15
-4
-20
-27
-25
-9
-13
-16
-25
-30
-5
-10
-14
-2
-29
-30
-20
-16
-6
-7
-5
-6
-14
-32
-24
-4
-6
-30
-36
-39
-36
-32
-19
-25
-28
-28
-33
-28
-30
-26
-9
-16
-15
-22
-18
-9
-22
-14
-2
-12
-16
-15
-17
-21
-24
-36
-55
-45
-53
-60
-35
-37
-41
-53
-36
-39
-60
-45
-45
-40
-33
-43
-38
-25
-29
-24
-30
-26
-32
-21
-25
-26
-31
-48
-42
-48
-19
-6
-23
-4
-22
-38
-17
-34
-26
-20
-21
-24
-17
-11
-18
-14
-12
-25
-19
-12
-9
9
-2
5
-20
-24
-28
-33
-24
-24
-26
-29
-34
-32
-14
-41
-29
-16
-35
-37
-34
-38
-47
-34
-33
-24
-28
-38
-48
-53
-34
-39
-21
-25
-33
-23
-35
-31
-23
-25
-12
-20
-22
-12
-15
-11
10
20
2
3
8
11
4
-8
-23
-24
-19
-40
-37
-41
-58
-47
-55
-57
-45
-45
-51
-39
-27
-26
-19
-8
-23
-15
-13
-24
-15
-10
8
0
-10
-8
-8
2
-4
-19
-3
-14
-22
-11
-7
18
16
3
-8
-19
-12
10
-8
-29
-22
-31
-50
-65
-62
-44
-34
-38
-41
-42
-44
-37
-31
-33
-34
-16
-2
0
-8
16
26
3
7
2
-5
14
23
14
0
-15
-8
-6
-15
-11
-4
-10
-15
-11
-17
-26
-27
-42
-38
-24
-35
-22
-14
-9
-22
-6
32
4
17
15
28
44
45
37
41
58
57
47
42
42
32
37
34
24
11
3
-7
-15
-31
-23
-9
-13
-14
-15
-32
-43
-36
-27
-18
-10
-26
-21
-39
-48
-36
-30
-16
-25
-26
-21
-16
-20
-29
-33
-32
-20
-19
-34
-41
-37
-37
-53
-56
-27
-34
-36
-32
-36
-45
-55
-45
-43
-37
-56
-37
-32
-34
-31
-39
-5
-4
-20
-33
-18
6
-1
-6
-11
-16
8
30
33
40
45
52
46
34
39
32
31
42
54
46
65
46
43
39
9
17
5
10
-8
-30
-18
-1
0
-27
-26
-16
-8
-21
-26
-20
-28
-19
2
7
3
16
15
19
29
37
31
30
40
40
32
36
36
17
38
45
37
15
15
7
8
14
9
20
7
7
-7
-10
6
1
11
12
17
10
11
21
3
11
19
15
21
12
21
17
13
-1
5
2
-17
6
10
14
12
3
10
-3
-5
6
34
33
11
14
18
27
2
12
-9
2
12
10
22
6
27
-1
-2
-3
-7
-5
9
-11
-19
-9
-19
9
8
10
6
10
14
20
-5
-11
0
-5
10
4
9
-3
14
8
-8
5
-3
-15
-17
-5
0
-4
-19
-12
-11
2
7
8
28
22
16
7
5
3
11
23
25
22
21
22
-5
3
-5
-8
-31
-37
-46
-48
-40
-38
-30
-51
-37
-66
-58
-60
-71
-70
-71
-70
-63
-48
-44
-38
-39
-48
-44
-33
-40
-36
-20
-11
-15
8
18
25
31
40
48
52
37
43
33
18
37
16
1
-8
-3
-16
-8
4
-7
-16
-51
-42
-40
-36
-18
-18
-6
-42
-26
-21
-28
-7
-17
-7
-16
-31
-33
-40
-44
-45
-45
-52
-52
-59
-63
-64
-70
-59
-63
-53
-51
-33
-21
-27
-6
-27
-16
-17
-15
17
-1
-5
7
6
-4
2
8
15
-9
-17
-25
-26
-22
-30
-48
-47
-44
-31
-23
-42
-39
-38
-23
-22
-36
-27
-35
-34
-38
-33
-26
-42
-30
-22
-18
-28
-14
-34
-9
12
-1
6
4
30
24
41
37
38
47
32
27
49
66
74
66
70
65
62
46
48
27
7
22
21
9
15
22
-6
2
9
-8
-8
8
-2
-6
-10
-9
-5
2
11
10
30
26
-1
-7
-11
-17
3
16
11
31
36
39
47
36
38
40
19
27
23
26
26
33
40
51
67
38
42
49
39
43
17
15
17
24
24
21
40
33
23
13
-2
-6
6
-1
12
24
41
23
31
30
38
43
54
51
43
48
29
32
37
37
47
45
28
23
24
46
25
22
31
40
35
41
55
56
58
58
55
63
66
78
100
74
90
61
35
39
36
28
32
26
19
19
0
21
21
7
-31
-26
-18
-10
-4
-14
-6
-12
-16
-20
-21
10
23
19
21
22
38
47
58
58
29
8
36
32
40
34
9
4
24
2
5
17
5
-4
-2
6
11
29
26
-1
9
-6
-27
-27
-30
-25
-12
-24
-19
-15
-12
-22
-43
-41
-57
-34
-59
-68
-59
-61
-66
-56
-44
-59
-55
-59
-51
-58
-52
-53
-39
-33
-46
-44
-48
-34
-45
-41
-38
-54
-49
-29
-29
-23
-19
-27
-19
-22
-23
-12
-9
-14
-15
-17
-5
-13
-7
-12
-15
-16
-8
5
8
-2
-9
6
-8
-21
-30
-7
-6
-12
-6
8
-1
-17
-9
-29
-26
-40
-46
-48
-48
-40
-33
-50
-40
-35
-17
-20
-32
-30
-29
-33
-36
-40
-29
-19
-58
-42
-41
-51
-37
-42
-44
-34
-60
-71
-69
-76
-77
-77
-67
-75
-85
-82
-87
-74
-58
-56
-61
-48
-18
-30
-26
-13
3
17
34
34
27
32
29
19
13
24
18
34
35
25
18
12
10
3
-31
-39
-44
-57
-55
-50
-50
-50
-40
-49
-37
-42
-56
-43
-49
-49
-39
-37
-26
-30
-24
-13
-16
-9
-18
-12
-2
-1
-16
4
-17
-15
-14
-21
-6
3
15
20
28
26
9
24
38
27
16
-5
21
40
12
1
2
0
7
-1
-6
-9
-10
-17
-20
-34
-21
-19
-35
-22
-9
-16
-15
5
-31
-32
-39
-41
-33
-17
-10
-19
-4
-11
4
19
19
0
-13
-11
-6
-11
-18
-7
-2
1
-10
-23
-16
-1
-6
-10
-6
-3
-3
-10
-7
4
7
30
5
-5
-15
-27
-11
-44
-10
-5
-15
-26
-26
-25
-23
-25
-40
-30
-25
-28
-18
-38
-61
-42
-34
-5
-21
-22
-7
-13
-3
-2
1
20
37
39
37
44
51
51
50
53
56
48
49
54
41
36
16
13
18
3
0
0
-13
-12
-11
-40
-42
-56
-73
-80
-82
-96
-88
-82
-80
-70
-78
-78
-83
-76
-65
-68
-54
-57
-42
-7
-6
2
20
18
22
19
30
44
32
45
27
19
31
17
15
34
32
20
7
-18
-23
-26
-35
-23
-30
-18
-31
-43
-27
-21
-8
17
8
26
23
18
25
18
13
19
18
5
4
8
6
-4
3
-7
-7
-2
-6
-13
-16
-18
-24
-23
-29
-6
1
2
-5
-28
-37
-31
-14
-19
-11
-11
-7
-4
3
-2
-22
-24
-34
-54
-65
-64
-70
-64
-78
-65
-44
-37
-39
-52
-41
-41
-64
-75
-71
-79
-65
-47
-50
-34
-14
-15
-17
-17
-22
-4
-10
-20
-21
-9
-4
15
20
21
33
23
28
15
17
11
13
10
-4
10
18
9
20
21
1
3
-8
-25
-21
-17
-2
-7
-7
-14
-14
-20
-32
-32
-55
-47
-63
-53
-50
-78
-81
-71
-67
-50
-48
-51
-63
-55
-44
-49
-39
-49
-35
-20
-3
20
32
54
67
57
69
72
69
70
76
64
46
66
38
21
24
19
11
13
8
3
-1
-7
15
11
11
12
28
33
32
49
26
30
42
36
23
46
29
23
22
-6
-6
-12
-16
-23
-34
-32
-29
-39
-42
-44
-28
-24
-29
-19
-24
-14
16
7
34
34
18
6
-15
-2
-13
-19
-36
-50
-48
-41
-42
-31
-33
-29
-43
-49
-39
-50
-64
-62
-58
-50
-33
-26
-11
7
20
15
9
5
19
-7
-6
-2
18
26
29
47
25
20
16
24
10
25
26
18
15
-1
-4
-5
5
25
20
33
12
19
11
-1
19
13
27
23
26
34
17
-1
-5
-19
-13
-11
-17
-25
-49
-50
-25
-35
-51
-50
-36
-35
-37
-43
-38
-34
-16
-22
-14
-12
-2
35
-3
18
21
29
52
48
49
56
60
60
64
48
38
35
43
25
18
30
37
22
31
39
35
50
25
12
36
37
57
59
53
61
76
73
65
71
56
42
53
67
64
48
19
18
8
-12
-19
-20
-14
-21
-9
-7
1
11
11
-1
16
31
16
15
27
22
22
17
5
8
10
11
3
-4
-23
-35
-60
-88
-77
-70
-70
-65
-60
-65
-46
-31
-31
-20
-21
-3
-7
-14
-4
10
28
21
37
38
48
57
62
67
76
75
43
52
34
30
24
27
48
27
31
32
34
47
47
46
36
31
33
33
25
-3
25
35
40
38
20
10
5
-5
-14
-19
-15
-4
-3
-6
-10
-13
-27
-27
-22
-15
8
-6
-18
1
13
10
27
57
74
68
61
56
34
30
23
17
13
10
-5
-31
-33
-45
-39
-29
-47
-33
-35
-33
-28
-53
-43
-51
-29
-15
-18
8
20
26
13
14
8
11
25
22
21
14
11
-6
-7
18
9
26
10
4
-2
-6
-21
-15
-6
-6
-14
-25
-36
-27
-12
4
4
-6
-1
16
16
27
42
36
23
22
24
12
0
-7
-21
-23
-30
-30
-29
-25
-9
-23
-17
-29
-40
-50
-58
-49
-53
-40
-37
-44
-37
-14
-8
0
14
0
3
17
-2
3
12
3
8
7
8
9
35
35
18
4
11
6
-5
-12
-24
-27
-28
-33
-41
-30
-31
-41
-39
-37
-16
-11
-19
-34
-39
-34
-42
-30
-20
-18
-21
-26
-42
-59
-61
-53
-74
-78
-78
-77
-83
-72
-48
-68
-62
-46
-38
-14
-15
-21
-27
-10
0
1
8
20
24
53
64
47
40
38
42
34
30
23
19
23
-9
-37
-30
-45
-41
-37
-25
-37
-24
-28
-32
-25
-13
11
13
28
39
53
41
39
53
86
91
77
65
52
54
13
-9
-34
-25
-37
-34
-39
-32
-21
-33
-10
-5
0
11
12
4
-1
-3
15
20
33
32
35
46
31
13
19
8
-3
-4
-7
-12
-11
-20
-42
-41
-51
-39
-38
-31
-26
-12
-2
-3
-5
-2
-12
-12
1
14
9
6
0
12
27
10
35
27
22
9
1
7
11
7
12
8
12
22
40
46
38
26
25
18
8
-10
-10
-4
-23
-9
-6
-19
-13
-13
-21
-32
-35
-33
-38
-47
-48
-39
-26
-16
-24
-13
-10
-20
-23
-29
-26
-19
-35
-23
-21
-22
-4
-4
-12
-9
6
10
18
12
14
17
46
27
24
21
17
3
-10
-3
-37
-25
-1
-20
-21
-14
-31
-11
-7
-6
-14
-26
-24
-29
-2
16
32
34
38
34
38
27
14
28
11
10
-19
-5
-12
3
4
7
27
13
18
19
46
17
22
8
18
36
19
25
30
18
-1
-15
-28
-28
-55
-23
-43
-58
-77
-69
-54
-63
-51
-50
-42
-41
-54
-19
11
-2
34
32
29
-1
12
34
30
50
43
35
39
32
18
10
17
16
10
17
6
17
12
-5
1
-5
0
9
9
-5
-10
-8
-12
-11
-14
3
0
-10
-17
-21
-27
-26
-23
-43
-43
-46
-54
-54
-40
-25
-26
-38
-14
14
11
15
12
-7
-5
-23
-46
-41
-31
7
19
14
0
-10
-18
-26
-11
-18
-8
-3
-1
-3
-11
17
15
10
22
9
11
16
4
6
11
0
-17
-5
-29
-42
-36
-34
-10
-18
-17
-2
2
19
18
27
41
39
17
14
16
6
-10
-2
18
12
31
23
13
1
5
17
23
30
32
42
29
33
17
8
14
16
11
34
43
30
24
5
-14
8
-17
-40
-49
-39
-40
-53
-37
-44
-58
-56
-67
-72
-60
-55
-50
-50
-4
-9
-10
21
8
44
52
47
43
37
48
45
44
61
63
51
54
42
40
33
32
34
41
37
46
37
28
27
21
15
11
11
9
1
-11
-9
-10
-18
-17
-16
-5
-11
-37
-26
-29
-35
-31
-33
-43
-47
-45
-54
-37
-3
19
-5
5
3
12
15
4
16
24
22
19
24
1
-5
-11
-15
6
14
7
10
-9
-25
-6
-8
9
5
-12
-27
-51
-41
-32
-15
7
8
2
-7
1
0
11
16
11
23
33
29
34
29
21
10
-7
-17
-29
-10
-7
7
5
-54
-100
-160
-138
-105
-67
-69
-122
-146
-178
-155
-85
-6
29
17
4
-7
11
66
119
139
144
112
102
99
83
85
78
57
34
-7
-37
-71
-101
-126
-111
-102
-134
-170
-208
-228
-207
-158
-119
-90
-81
-95
-93
-48
10
50
74
-74
-164
-110
-17
78
90
74
-51
-123
-99
-10
73
63
-40
-103
-74
-71
-44
-23
-12
-41
-64
-72
-63
-28
-55
-56
-63
-47
-79
-119
-103
-110
-130
-100
-182
-375
-423
-389
-304
-356
-408
-429
-469
-401
-357
-233
-206
-195
-180
-110
41
74
86
77
115
154
230
285
254
207
166
133
163
201
134
69
-16
-88
-103
-113
-91
-97
-131
-144
-151
-103
-50
-3
91
175
269
388
479
619
782
985
1190
1382
1490
1340
1027
698
723
915
1003
857
398
-173
-655
-757
-586
-428
-525
-883
-1266
-1449
-1330
-1061
-783
-655
-637
-622
-530
-298
-26
218
439
603
710
754
774
795
832
890
940
900
739
458
141
-31
-84
-146
-275
-475
-731
-947
-1115
-1147
-1100
-1096
-1141
-1204
-1221
-1282
-1299
-1188
-1019
-810
-653
-584
-587
-581
-497
-324
-93
93
146
93
23
26
91
225
327
319
257
182
165
248
391
520
659
749
852
980
1137
1373
1640
1923
2211
2314
1500
549
456
1007
1481
1356
827
-295
-1440
-1746
-1159
-512
-526
-1128
-1977
-2454
-2293
-1628
-1008
-699
-693
-878
-918
-544
9
409
765
1065
1242
1243
1242
1282
1283
1377
1519
1513
1231
772
263
-146
-250
-196
-244
-593
-1021
-1465
-1753
-1681
-1417
-1224
-1234
-1285
-1308
-1274
-1062
-655
-296
-1
236
381
482
565
694
881
1156
1349
1368
1219
894
606
495
529
581
339
-215
-910
-1398
-1495
-1429
-1334
-1505
-1947
-2405
-2542
-2360
-2015
-1639
-1454
-1454
-1428
-1169
-813
-442
-58
233
398
569
742
911
1096
1279
1409
1555
1706
1768
1827
1954
2141
2376
2595
2899
2903
2210
882
134
510
1214
1450
831
-325
-1883
-2765
-2376
-1290
-719
-1194
-2199
-3057
-3112
-2392
-1316
-562
-367
-532
-732
-513
168
955
1462
1760
1951
1931
1805
1768
1799
1837
1910
1891
1640
1050
353
-237
-554
-568
-523
-766
-1332
-1930
-2356
-2438
-2144
-1673
-1436
-1514
-1627
-1591
-1371
-910
-306
172
443
571
645
742
927
1186
1460
1686
1761
1505
984
690
585
593
409
3
-485
-1077
-1553
-1841
-1871
-1910
-2107
-2404
-2572
-2608
-2471
-2203
-1920
-1614
-1344
-1123
-899
-533
-205
126
478
775
991
1125
1285
1469
1662
1858
1934
1985
2065
2144
2351
2644
2920
3085
2990
2549
2092
1562
1013
946
1128
1120
347
-696
-1546
-2131
-2158
-1752
-1446
-1735
-2421
-2976
-2946
-2452
-1647
-940
-707
-699
-717
-492
96
887
1567
1867
1956
1984
2008
2052
2207
2349
2280
2036
1672
1187
596
131
-165
-420
-705
-1012
-1449
-1973
-2283
-2366
-2227
-2014
-1823
-1784
-1878
-1805
-1494
-1021
-530
-50
266
408
528
749
1048
1354
1652
1797
1776
1540
1157
955
892
892
581
121
-483
-1145
-1557
-1768
-1813
-2005
-2279
-2623
-2855
-2854
-2696
-2410
-2077
-1834
-1674
-1386
-1088
-717
-277
178
486
721
995
1204
1449
1723
1971
2101
2236
2339
2464
2688
2995
3287
3357
3242
3040
2777
2497
1986
1192
782
688
589
20
-788
-1562
-2372
-2764
-2509
-2106
-2185
-2677
-3190
-3293
-2924
-2162
-1334
-874
-711
-627
-377
224
1056
1775
2153
2265
2308
2376
2402
2542
2633
2466
2125
1746
1303
790
281
-158
-537
-928
-1256
-1674
-2116
-2459
-2580
-2509
-2362
-2159
-2033
-2024
-1927
-1599
-1146
-653
-160
192
426
594
844
1181
1486
1784
1925
1729
1470
1367
1293
1045
703
331
-228
-796
-1243
-1510
-1773
-2134
-2473
-2665
-2734
-2766
-2760
-2643
-2461
-2239
-1883
-1474
-1092
-797
-498
-169
242
678
1039
1329
1557
1753
1982
2219
2480
2747
2962
3161
3410
3566
3624
3539
3458
3294
2959
2206
1257
834
798
705
85
-758
-1753
-2738
-3176
-2839
-2397
-2492
-3032
-3561
-3651
-3319
-2489
-1590
-1051
-859
-815
-509
141
1050
1855
2310
2477
2573
2640
2700
2910
3015
2866
2490
2072
1586
1010
461
23
-415
-866
-1261
-1712
-2205
-2625
-2804
-2797
-2690
-2490
-2362
-2328
-2209
-1901
-1470
-953
-381
97
376
564
825
1179
1501
1796
1908
1827
1680
1570
1382
1056
645
132
-325
-683
-1041
-1502
-1969
-2395
-2648
-2715
-2718
-2713
-2723
-2711
-2576
-2245
-1782
-1357
-1008
-711
-422
-83
381
843
1246
1562
1786
1985
2259
2595
2887
3142
3318
3507
3688
3808
3843
3774
3685
3425
2849
1785
1041
915
979
618
-218
-1168
-2333
-3176
-3222
-2655
-2423
-2857
-3565
-3982
-3912
-3295
-2255
-1439
-1078
-1021
-881
-382
488
1498
2228
2542
2683
2788
2877
3066
3319
3406
3140
2697
2263
1703
1042
505
68
-440
-939
-1428
-1964
-2518
-2934
-3069
-3031
-2889
-2728
-2677
-2735
-2581
-2202
-1682
-1072
-430
36
259
494
896
1306
1504
1783
2027
2081
1892
1606
1286
863
485
230
-31
-512
-1156
-1797
-2222
-2423
-2480
-2504
-2646
-2881
-2999
-2863
-2519
-2110
-1746
-1459
-1200
-876
-453
42
541
981
1342
1684
1975
2259
2550
2868
3154
3452
3679
3870
3999
3992
4014
3973
3784
3344
2418
1401
952
932
890
248
-748
-1916
-2986
-3402
-3013
-2516
-2635
-3335
-4043
-4212
-3845
-2907
-1860
-1319
-1229
-1218
-905
-128
922
1894
2398
2516
2585
2694
2840
3139
3373
3290
2922
2451
1997
1462
889
411
-36
-524
-984
-1500
-2039
-2585
-2904
-2961
-2923
-2810
-2692
-2703
-2727
-2574
-2176
-1610
-1005
-459
-100
96
361
678
917
1260
1655
1881
1667
1303
1022
730
580
495
287
-248
-937
-1530
-1821
-1900
-1964
-2107
-2391
-2644
-2767
-2652
-2346
-2030
-1811
-1638
-1420
-1131
-706
-268
144
529
915
1251
1533
1838
2133
2482
2848
3199
3460
3707
3826
3922
4019
4116
4132
3823
3188
2059
1271
1144
1304
1046
127
-1036
-2288
-3200
-3274
-2683
-2421
-2901
-3806
-4388
-4358
-3744
-2662
-1789
-1449
-1536
-1511
-1032
-91
1032
1905
2308
2381
2442
2585
2899
3269
3491
3327
2890
2434
1985
1462
944
549
82
-433
-936
-1441
-2008
-2526
-2787
-2872
-2862
-2813
-2772
-2853
-2873
-2651
-2203
-1656
-1103
-582
-365
-347
-99
411
957
1351
1551
1445
1115
863
894
1000
934
526
13
-476
-873
-1024
-1157
-1369
-1723
-2043
-2226
-2270
-2202
-2108
-2055
-1966
-1768
-1517
-1187
-865
-557
-260
132
575
997
1387
1644
1897
2208
2651
3116
3503
3750
3908
4071
4207
4347
4434
4225
3665
2631
1732
1515
1668
1503
612
-611
-1888
-2898
-3197
-2723
-2337
-2741
-3713
-4477
-4582
-4083
-3106
-2144
-1699
-1780
-1823
-1430
-542
610
1604
2153
2285
2370
2558
2868
3272
3625
3618
3224
2742
2352
1889
1376
980
569
26
-569
-1094
-1626
-2190
-2561
-2717
-2750
-2773
-2787
-2858
-2970
-2865
-2514
-1974
-1434
-943
-713
-759
-581
-91
476
881
1120
1128
861
653
740
936
904
634
273
-109
-454
-702
-822
-990
-1203
-1462
-1653
-1747
-1810
-1793
-1754
-1640
-1510
-1353
-1156
-936
-640
-301
40
423
781
1065
1401
1796
2157
2489
2835
3164
3472
3825
4168
4407
4450
4443
4231
3659
2695
2049
2037
2097
1709
728
-437
-1715
-2671
-2842
-2392
-2215
-2823
-3831
-4554
-4615
-4073
-3066
-2219
-1905
-2041
-2128
-1670
-697
546
1535
2016
2132
2238
2479
2894
3446
3853
3778
3322
2876
2498
2077
1677
1373
935
268
-419
-979
-1516
-2039
-2387
-2603
-2752
-2863
-2966
-3055
-3135
-3032
-2693
-2232
-1729
-1333
-1248
-1181
-825
-289
205
573
858
857
696
671
880
997
904
700
464
169
-138
-340
-480
-674
-910
-1116
-1288
-1470
-1599
-1678
-1665
-1573
-1473
-1342
-1272
-1082
-826
-545
-168
232
589
906
1187
1570
1905
2233
2641
3078
3454
3831
4164
4380
4492
4518
4430
3873
2895
2186
2174
2344
1973
1000
-243
-1572
-2591
-2772
-2265
-2008
-2682
-3848
-4696
-4873
-4334
-3309
-2421
-2144
-2364
-2494
-2083
-1089
223
1242
1693
1781
1893
2184
2672
3323
3825
3818
3361
2928
2620
2256
1909
1610
1203
537
-160
-711
-1254
-1824
-2215
-2430
-2632
-2809
-2906
-3049
-3202
-3185
-2879
-2470
-1999
-1673
-1584
-1508
-1246
-713
-189
237
534
576
488
484
665
827
858
763
617
354
71
-116
-236
-376
-580
-753
-970
-1186
-1342
-1404
-1404
-1349
-1269
-1254
-1241
-1110
-927
-683
-345
38
358
623
938
1311
1641
1968
2354
2804
3233
3625
4013
4295
4508
4650
4623
4056
3043
2304
2320
2614
2438
1560
198
-1269
-2401
-2608
-2026
-1644
-2305
-3573
-4662
-5021
-4517
-3467
-2485
-2199
-2510
-2828
-2561
-1573
-170
977
1489
1533
1574
1857
2386
3163
3820
3940
3542
3065
2792
2524
2241
2001
1640
1001
296
-291
-840
-1413
-1866
-2142
-2379
-2592
-2775
-2964
-3202
-3238
-2978
-2594
-2165
-1869
-1753
-1704
-1440
-937
-398
27
326
477
444
474
660
852
907
857
735
545
296
103
-15
-130
-279
-469
-687
-941
-1127
-1196
-1207
-1174
-1126
-1106
-1148
-1125
-959
-720
-458
-172
127
380
631
981
1406
1775
2092
2433
2809
3198
3668
4128
4466
4673
4677
4209
3247
2442
2474
2931
2967
2183
880
-631
-1955
-2376
-1852
-1294
-1731
-3076
-4365
-4954
-4700
-3719
-2652
-2231
-2553
-3035
-3030
-2213
-813
522
1223
1299
1275
1461
1969
2759
3582
3938
3686
3203
2922
2696
2439
2251
2024
1512
815
188
-385
-1007
-1521
-1799
-2011
-2252
-2471
-2730
-3059
-3273
-3124
-2709
-2297
-1951
-1805
-1841
-1749
-1334
-703
-150
257
437
392
318
483
829
1080
1084
940
723
448
296
259
181
-20
-306
-581
-835
-1007
-1076
-1139
-1213
-1249
-1225
-1249
-1255
-1165
-1018
-846
-564
-273
-12
207
475
839
1213
1641
1999
2274
2551
2938
3431
3883
4302
4587
4648
4182
3204
2380
2360
2869
3050
2361
991
-546
-1830
-2299
-1809
-1182
-1452
-2780
-4194
-4897
-4689
-3763
-2674
-2148
-2452
-3031
-3114
-2406
-1073
304
1101
1228
1118
1259
1743
2494
3326
3839
3716
3235
2878
2664
2439
2265
2054
1649
1046
393
-209
-817
-1351
-1647
-1832
-2066
-2322
-2628
-3000
-3333
-3269
-2863
-2400
-2035
-1896
-2023
-2085
-1729
-1014
-307
145
296
184
48
237
718
1124
1222
1056
703
360
240
334
417
274
-65
-437
-739
-913
-924
-902
-999
-1154
-1252
-1280
-1250
-1144
-994
-854
-730
-533
-287
-67
221
614
1017
1349
1657
1904
2170
2598
3120
3627
4026
4290
4415
4164
3439
2609
2321
2701
3023
2670
1575
154
-1161
-1916
-1767
-1167
-1107
-2073
-3498
-4541
-4684
-3976
-2936
-2271
-2355
-2887
-3202
-2866
-1821
-404
644
958
856
873
1236
1894
2735
3422
3569
3244
2830
2567
2421
2318
2236
1989
1483
841
208
-396
-954
-1270
-1426
-1651
-1948
-2273
-2664
-3065
-3175
-2906
-2471
-2177
-2058
-2125
-2274
-2141
-1573
-823
-241
0
-63
-191
-120
291
770
1024
1013
829
585
438
431
520
497
284
30
-194
-411
-552
-622
-723
-827
-908
-961
-1026
-1047
-1025
-962
-827
-643
-441
-309
-168
108
524
963
1331
1596
1805
2098
2544
3097
3621
4040
4313
4123
3412
2575
2299
2721
3190
3027
2044
611
-718
-1476
-1389
-817
-678
-1506
-2926
-4084
-4398
-3823
-2898
-2246
-2307
-2818
-3219
-3024
-2142
-880
157
615
583
538
815
1430
2240
2905
3240
3104
2825
2581
2424
2345
2320
2217
1872
1364
799
189
-409
-792
-931
-1099
-1369
-1717
-2153
-2637
-2885
-2741
-2381
-2094
-2082
-2204
-2329
-2259
-1914
-1378
-860
-525
-440
-476
-378
-93
299
601
714
691
580
486
428
488
529
484
370
182
-7
-203
-315
-401
-443
-469
-507
-649
-809
-884
-868
-757
-626
-504
-443
-379
-206
161
661
1077
1344
1507
1744
2160
2757
3398
3892
4135
3863
3060
2296
2352
3113
3625
3211
1996
552
-596
-1022
-657
-72
-250
-1407
-2858
-3845
-3905
-3219
-2333
-2022
-2442
-3056
-3336
-2995
-2096
-941
-118
88
-35
31
448
1101
1855
2481
2726
2634
2489
2342
2221
2187
2243
2201
1915
1503
1012
389
-177
-466
-536
-657
-920
-1341
-1893
-2417
-2683
-2530
-2201
-2011
-2093
-2334
-2566
-2507
-2115
-1598
-1178
-940
-879
-911
-807
-447
-4
288
453
487
459
392
405
530
634
683
643
491
242
46
-65
-127
-183
-201
-266
-445
-659
-760
-724
-638
-539
-446
-392
-389
-256
76
538
975
1234
1374
1564
1998
2666
3318
3774
3859
3269
2351
1921
2492
3417
3593
2757
1325
-30
-765
-601
73
326
-439
-1847
-3134
-3674
-3265
-2382
-1811
-2050
-2739
-3230
-3170
-2571
-1585
-698
-297
-323
-352
-86
420
1089
1723
2103
2188
2178
2175
2073
1983
2027
2112
2048
1828
1519
1016
402
-55
-204
-230
-321
-575
-1019
-1662
-2193
-2256
-2021
-1762
-1708
-1950
-2329
-2591
-2445
-1944
-1461
-1156
-1066
-1156
-1216
-1031
-553
-79
192
263
215
141
190
419
638
742
727
654
491
325
261
216
177
102
34
-103
-336
-511
-607
-648
-659
-645
-623
-677
-719
-656
-455
-154
190
495
579
608
860
1314
1896
2438
2856
3067
3099
2971
2773
2588
2566
2717
2824
2643
2043
1185
384
-69
-138
-55
-221
-801
-1657
-2435
-2775
-2626
-2262
-2038
-2148
-2453
-2705
-2633
-2143
-1477
-899
-597
-477
-374
-164
266
836
1345
1633
1757
1746
1719
1750
1832
1946
1971
1871
1669
1334
957
658
458
326
164
-86
-435
-861
-1263
-1505
-1599
-1630
-1650
-1754
-1982
-2211
-2316
-2210
-1961
-1699
-1554
-1530
-1494
-1393
-1142
-830
-506
-271
-148
-60
57
259
446
572
664
696
669
587
536
509
485
464
436
339
181
9
-127
-173
-191
-166
-169
-211
-260
-268
-176
40
392
808
1113
1283
1396
1662
2155
2755
3111
2778
1969
1424
1779
2635
3098
2651
1476
252
-333
-84
552
771
171
-864
-1854
-2345
-2104
-1458
-1060
-1304
-1893
-2310
-2312
-1936
-1326
-836
-716
-738
-610
-339
-51
268
596
827
986
1206
1352
1315
1216
1178
1268
1364
1475
1467
1209
769
468
414
457
478
415
149
-382
-819
-971
-969
-906
-857
-977
-1317
-1745
-1930
-1802
-1589
-1362
-1262
-1345
-1546
-1599
-1383
-1073
-760
-486
-337
-356
-369
-251
2
228
467
602
532
412
365
416
496
588
642
532
322
131
64
93
109
127
80
-55
-173
-209
-171
-85
71
286
492
768
1111
1349
1464
1672
2121
2494
2426
1911
1438
1559
2137
2677
2577
1724
620
0
182
739
941
496
-349
-1178
-1606
-1496
-1117
-867
-983
-1368
-1745
-1907
-1782
-1374
-1002
-866
-863
-812
-656
-438
-193
13
172
354
641
836
833
731
698
795
979
1215
1337
1197
887
651
549
576
655
704
534
152
-240
-479
-574
-535
-443
-499
-796
-1240
-1549
-1623
-1535
-1341
-1203
-1261
-1469
-1624
-1658
-1499
-1195
-849
-618
-569
-583
-570
-451
-228
98
357
462
433
348
325
351
457
636
723
663
487
304
181
135
206
268
225
74
-72
-185
-228
-139
-22
103
244
390
590
816
1014
1162
1398
1716
1873
1678
1253
1088
1403
1985
2317
2049
1149
262
25
487
1092
1143
556
-360
-1015
-1142
-809
-480
-523
-843
-1242
-1464
-1505
-1344
-1131
-1035
-1018
-981
-881
-815
-719
-556
-431
-315
-94
144
297
311
247
220
285
549
848
1005
891
651
501
483
611
766
796
623
344
135
2
-60
-40
-50
-182
-390
-630
-818
-970
-1009
-945
-895
-953
-1108
-1258
-1362
-1335
-1151
-912
-795
-780
-787
-775
-649
-434
-225
-82
-20
66
176
249
311
354
395
445
541
617
562
427
301
265
268
295
265
121
-35
-143
-178
-148
-118
-84
-66
-51
40
170
325
440
530
701
958
1178
1197
1026
873
965
1337
1754
1870
1548
981
579
644
1049
1348
1223
696
98
-198
-150
46
107
-100
-433
-708
-815
-823
-849
-914
-1022
-1041
-968
-875
-863
-892
-918
-881
-707
-465
-273
-165
-162
-184
-97
61
264
431
492
510
467
443
465
551
625
638
579
481
368
287
245
224
185
80
-31
-135
-206
-273
-352
-438
-506
-520
-522
-534
-596
-664
-694
-675
-551
-399
-287
-281
-316
-285
-170
-9
123
189
171
181
231
295
326
314
270
230
232
234
192
81
-27
-106
-151
-184
-227
-312
-407
-458
-486
-495
-495
-476
-438
-401
-356
-276
-196
-90
34
163
299
435
585
710
850
957
1012
1078
1149
1232
1320
1381
1325
1204
1069
947
883
802
697
544
365
195
78
8
-81
-154
-256
-356
-430
-455
-456
-480
-541
-549
-518
-455
-376
-334
-329
-336
-290
-175
-43
56
108
81
50
57
122
180
207
171
107
31
19
50
46
10
-52
-102
-141
-140
-177
-205
-259
-309
-310
-290
-293
-288
-338
-368
-367
-319
-250
-220
-192
-149
-90
-34
43
114
166
198
240
257
250
219
198
172
118
74
37
-20
-123
-202
-293
-381
-410
-444
-496
-561
-628
-645
-624
-555
-500
-492
-477
-473
-419
-305
-202
-115
-39
18
89
172
264
339
389
459
529
600
662
684
677
660
642
614
602
592
568
527
451
369
308
252
200
138
87
18
-43
-68
-90
-82
-94
-90
-97
-75
-33
28
51
57
85
104
142
153
200
229
212
195
177
146
136
150
189
162
73
-15
-110
-158
-181
-205
-267
-352
-429
-494
-487
-482
-483
-521
-550
-547
-514
-455
-393
-324
-290
-263
-217
-121
-20
78
154
172
175
201
232
295
308
279
268
240
198
157
102
69
13
-49
-112
-178
-224
-240
-260
-281
-305
-298
-273
-311
-318
-324
-315
-273
-226
-177
-128
-80
-34
23
65
97
140
184
243
283
308
316
302
288
279
274
252
251
213
121
38
12
-8
-20
-51
-88
-137
-182
-182
-178
-148
-81
-27
-2
26
42
65
123
204
261
321
338
368
429
492
551
587
584
542
544
551
571
568
511
435
343
285
259
232
186
78
-56
-148
-228
-249
-288
-370
-446
-500
-510
-499
-497
-490
-455
-441
-393
-296
-245
-193
-152
-117
-40
31
118
153
152
163
170
167
187
210
186
135
67
12
-44
-55
-70
-110
-162
-224
-250
-249
-238
-201
-198
-218
-225
-238
-202
-145
-55
6
41
37
18
43
108
195
289
353
341
316
290
288
280
279
284
262
232
144
51
6
-21
-70
-112
-166
-225
-283
-357
-349
-348
-350
-342
-350
-343
-316
-252
-202
-133
-86
-58
-10
36
129
217
304
371
435
485
508
536
600
663
666
647
595
549
519
450
428
373
287
214
117
51
-42
-106
-166
-236
-259
-275
-276
-272
-277
-277
-241
-175
-96
-17
4
21
36
69
135
231
285
263
237
213
212
240
234
230
166
72
22
-21
-18
-46
-106
-187
-281
-315
-298
-287
-280
-322
-371
-392
-380
-333
-264
-227
-243
-243
-231
-168
-85
-15
36
69
99
110
168
214
211
202
192
176
166
153
135
70
22
-23
-55
-82
-151
-183
-247
-276
-293
-289
-289
-307
-297
-302
-292
-261
-191
-106
-60
-31
24
86
174
295
386
455
483
524
567
642
717
726
731
702
653
599
550
500
444
376
287
160
63
-27
-116
-195
-250
-285
-313
-358
-402
-424
-438
-417
-384
-321
-247
-231
-208
-185
-133
-78
-14
29
28
47
50
78
93
90
74
49
26
1
0
-47
-124
-175
-213
-234
-242
-271
-302
-338
-391
-387
-378
-348
-323
-312
-309
-289
-227
-165
-95
-20
49
111
183
263
360
416
443
445
455
475
491
497
461
415
340
259
186
99
31
-42
-112
-193
-267
-316
-359
-419
-449
-472
-461
-462
-414
-378
-359
-323
-266
-197
-122
-33
24
91
160
189
212
243
294
368
379
381
371
320
260
220
193
153
90
29
-37
-87
-171
-228
-268
-305
-335
-370
-393
-408
-399
-378
-315
-275
-239
-199
-187
-149
-87
-19
69
121
149
169
193
237
283
321
329
314
303
282
295
288
264
235
197
136
79
65
15
-14
-46
-99
-144
-168
-200
-200
-212
-233
-211
-193
-167
-128
-107
-57
12
74
145
205
261
288
325
367
401
409
425
441
383
332
246
202
172
121
55
-27
-118
-183
-224
-255
-297
-326
-359
-392
-371
-357
-320
-314
-269
-239
-207
-118
-19
52
109
174
221
267
334
390
458
506
496
511
526
506
496
478
459
420
365
320
257
186
132
88
22
-24
-68
-100
-107
-126
-164
-146
-142
-156
-140
-124
-102
-74
-29
2
47
57
81
127
169
212
197
192
183
189
164
172
188
174
151
110
46
-13
-34
-58
-89
-114
-162
-214
-272
-280
-275
-287
-265
-261
-231
-227
-199
-164
-99
-18
62
135
206
281
342
419
469
511
540
583
608
585
563
529
473
416
364
328
253
190
91
-26
-95
-132
-153
-192
-218
-271
-298
-321
-319
-295
-251
-204
-162
-116
-75
-46
-7
48
117
166
215
255
266
267
280
323
334
337
302
250
211
162
122
92
60
9
-52
-100
-136
-170
-173
-187
-203
-212
-201
-211
-212
-194
-162
-85
-50
-18
17
41
97
123
156
197
235
267
268
257
243
263
281
281
278
272
215
157
118
90
65
13
-42
-111
-177
-224
-251
-285
-295
-315
-335
-353
-330
-293
-267
-219
-182
-143
-89
-12
75
134
202
247
283
324
370
413
416
392
338
296
274
260
229
165
103
29
-18
-75
-113
-157
-197
-229
-252
-272
-291
-285
-294
-258
-232
-208
-175
-148
-110
-71
-7
44
91
146
172
186
214
225
251
257
265
270
215
201
184
170
161
98
57
15
-23
-64
-81
-98
-120
-140
-159
-162
-158
-145
-164
-157
-137
-112
-70
-32
-10
28
71
123
177
203
244
245
280
334
354
368
340
335
299
279
274
238
207
147
100
49
-9
-67
-108
-157
-186
-227
-284
-314
-329
-317
-304
-273
-269
-230
-176
-133
-58
25
96
139
163
192
260
310
330
354
337
319
310
268
260
232
203
172
114
61
-11
-63
-107
-137
-133
-135
-131
-180
-214
-232
-206
-162
-129
-95
-83
-84
-84
-33
24
92
145
174
203
187
188
196
201
216
224
210
194
171
133
104
67
42
16
-4
-22
-42
-87
-119
-135
-137
-131
-134
-152
-176
-192
-194
-138
-96
-54
-15
-6
20
45
104
154
201
229
278
294
317
365
384
399
390
388
374
362
331
280
214
174
138
99
76
13
-49
-108
-125
-139
-147
-165
-183
-171
-180
-172
-136
-73
-11
45
82
119
139
160
203
263
306
331
315
285
258
256
255
240
213
178
139
85
54
26
-18
-51
-88
-106
-134
-143
-159
-163
-126
-112
-115
-85
-72
-75
-37
-28
5
59
84
122
145
167
168
185
233
238
257
263
233
238
234
203
177
143
102
54
43
16
10
-24
-70
-103
-112
-118
-136
-132
-148
-158
-171
-167
-133
-113
-91
-52
-33
-6
31
53
84
122
156
182
195
200
203
206
226
225
208
197
159
135
99
77
59
11
-29
-54
-74
-111
-142
-152
-156
-153
-154
-142
-132
-112
-99
-67
-17
33
70
89
112
122
147
188
222
248
232
244
211
189
167
158
145
91
46
1
-18
-53
-69
-82
-88
-88
-124
-148
-173
-182
-171
-148
-130
-129
-108
-118
-71
-42
-7
52
61
68
88
117
122
124
131
143
125
141
135
116
116
94
89
50
41
9
-15
-15
-37
-40
-46
-74
-112
-93
-88
-96
-112
-143
-141
-125
-106
-84
-71
-63
-42
-46
-44
-7
19
50
55
58
74
63
67
89
75
38
43
30
6
-11
-32
-53
-67
-78
-80
-112
-120
-122
-147
-130
-120
-99
-105
-108
-73
-71
-45
-4
16
49
68
111
122
124
147
177
168
150
152
136
146
134
116
92
64
30
7
0
-27
-53
-77
-99
-111
-129
-108
-118
-128
-138
-165
-157
-163
-142
-118
-100
-99
-101
-77
-36
-7
6
34
54
64
70
78
71
67
80
85
81
67
37
27
26
21
21
35
49
18
4
-10
1
34
56
64
63
47
29
29
51
83
118
138
126
104
94
106
138
173
183
181
157
133
131
121
125
108
72
34
-17
-39
-59
-92
-94
-96
-140
-134
-155
-151
-131
-144
-150
-124
-107
-96
-77
-78
-62
-47
5
56
92
108
105
107
105
129
164
182
174
171
155
148
152
145
141
145
136
120
117
98
87
73
49
46
44
51
44
37
22
3
-1
22
58
68
63
60
83
72
94
88
93
111
108
112
120
145
154
162
137
102
86
63
58
66
65
33
29
24
17
-9
-18
-7
-6
13
26
9
16
16
36
63
76
91
125
113
99
105
139
155
180
205
190
176
153
151
133
148
122
113
85
54
19
2
-10
-34
-35
-45
-50
-67
-85
-92
-90
-89
-68
-52
-29
-1
3
3
14
35
38
62
78
95
93
82
100
111
119
104
88
74
61
59
35
26
5
-7
-21
-46
-36
-47
-71
-87
-71
-48
-53
-43
-18
-27
-5
10
23
43
66
78
76
91
92
93
114
112
109
123
104
84
75
52
35
18
-18
-27
-50
-64
-74
-78
-86
-98
-83
-86
-79
-64
-58
-55
-45
-43
-29
-9
18
29
21
44
51
74
72
92
81
87
97
87
80
58
51
35
47
15
-3
-20
-46
-72
-89
-87
-105
-125
-142
-160
-157
-143
-155
-147
-136
-134
-108
-101
-74
-51
-28
-33
-36
-34
-18
11
20
38
49
36
17
36
48
61
52
44
24
5
-5
-2
9
-17
-22
-37
-29
-45
-55
-70
-66
-63
-53
-53
-56
-41
-41
-42
-33
-18
-12
32
44
62
56
70
57
88
95
89
108
85
83
63
62
65
44
27
4
-15
-28
-50
-57
-76
-91
-90
-105
-94
-78
-90
-79
-62
-26
-33
0
47
53
69
82
93
126
135
146
167
191
210
207
203
204
197
168
151
131
93
53
40
13
-26
-55
-74
-99
-86
-89
-115
-119
-140
-142
-117
-111
-78
-65
-47
-30
-15
11
28
58
70
91
89
111
112
122
113
102
115
109
108
86
76
84
55
40
50
21
20
-1
-10
9
-2
8
-8
-20
-9
-10
15
33
49
51
61
74
99
109
138
147
143
152
135
132
120
131
127
126
106
101
73
35
15
5
-10
-37
-47
-61
-76
-85
-68
-65
-64
-43
-52
-54
-49
-18
-4
-3
33
53
74
101
121
122
140
152
168
196
208
222
231
238
226
215
213
200
179
178
173
136
116
95
81
63
71
52
47
29
-10
-25
-26
-27
-21
-9
-15
-5
10
22
44
57
60
64
63
61
66
53
52
53
57
52
58
74
70
53
19
21
10
-5
-9
-21
-25
-38
-39
-34
-51
-52
-28
-33
-21
-9
-21
-5
-23
13
31
42
42
57
80
102
103
109
116
112
123
104
97
99
94
73
46
51
35
2
3
-18
-44
-65
-87
-95
-105
-107
-120
-132
-128
-152
-151
-149
-138
-143
-122
-116
-125
-115
-106
-92
-73
-66
-58
-56
-21
-11
1
13
21
10
1
12
7
-6
-26
-41
-54
-51
-50
-66
-89
-101
-121
-120
-146
-145
-137
-119
-104
-113
-102
-97
-57
-22
-25
-11
-14
-14
-4
-12
9
15
23
19
18
11
-5
4
-6
-9
-35
-54
-68
-83
-93
-112
-130
-135
-151
-170
-163
-170
-178
-168
-148
-163
-167
-189
-196
-199
-203
-202
-250
-285
-504
-733
-735
-525
-445
-732
-1104
-1309
-1106
-634
-312
-322
-517
-659
-529
-195
31
-108
-169
33
250
532
463
124
-33
157
497
721
813
677
503
400
374
335
330
288
202
208
171
102
-78
-333
-574
-661
-549
-369
-272
-300
-486
-662
-723
-624
-444
-278
-179
-174
-119
-73
-39
-7
-34
28
138
357
519
532
421
216
115
109
215
342
342
223
28
-165
-292
-348
-340
-329
-363
-417
-423
-466
-525
-565
-573
-515
-408
-265
-114
-39
-69
-97
-73
29
183
334
440
448
417
381
365
347
330
341
345
337
298
207
81
-46
-140
-152
-139
-109
-122
-185
-251
-308
-323
-291
-196
-122
-43
-2
-4
16
36
102
170
240
309
322
349
313
287
259
230
217
185
182
131
57
-10
-102
-162
-190
-159
-179
-184
-177
-211
-218
-192
-167
-120
-63
17
61
106
126
137
182
195
255
294
331
304
278
250
207
184
168
152
132
90
38
-1
-64
-98
-107
-83
-71
-63
-65
-78
-88
-65
-7
47
109
155
187
221
256
251
269
298
283
296
299
291
271
235
193
149
110
84
68
40
-5
-57
-100
-130
-125
-126
-109
-90
-71
-16
1
-1
20
44
107
160
184
220
220
211
211
205
206
217
202
179
151
120
95
59
30
26
-4
-27
-33
-50
-49
-47
-30
-17
3
34
56
92
110
129
132
145
150
172
182
199
204
210
197
165
135
110
104
67
46
27
-4
-43
-71
-101
-106
-110
-87
-76
-80
-100
-93
-62
-31
18
42
63
67
84
103
121
147
161
151
139
132
107
94
82
75
30
7
-8
-43
-44
-59
-84
-83
-92
-113
-109
-108
-86
-69
-55
-48
-37
-31
4
18
39
55
39
61
81
92
86
69
49
39
39
21
16
-30
-56
-44
-73
-83
-104
-112
-118
-134
-130
-113
-101
-97
-104
-109
-102
-77
-41
-33
4
9
17
28
53
37
48
28
20
32
30
57
21
27
-4
-23
-34
-24
-4
-14
-13
-30
-37
-55
-49
-40
-59
-37
-31
-30
-39
-55
-66
-85
-82
-90
-96
-109
-115
-148
-163
-149
-130
-125
-159
-169
-159
-180
-169
-128
-126
-114
-105
-96
-88
-66
-30
-20
-6
8
-5
-1
-3
3
0
-26
-45
-62
-71
-86
-99
-111
-121
-125
-153
-166
-166
-149
-128
-132
-115
-78
-71
-70
-71
-46
-23
-4
35
52
38
50
60
81
81
82
81
52
31
0
-42
-60
-85
-102
-115
-137
-156
-193
-197
-211
-238
-221
-197
-189
-185
-176
-157
-140
-115
-88
-89
-48
-22
8
38
58
64
61
88
95
117
134
130
97
82
60
39
41
25
8
-14
-20
-34
-55
-58
-88
-100
-85
-83
-82
-69
-59
-71
-54
-28
-35
-29
-8
13
5
36
26
47
76
65
83
80
78
83
63
45
43
35
33
35
20
8
-31
-40
-38
-56
-70
-71
-65
-61
-60
-78
-53
-66
-66
-47
-33
-18
-17
2
23
21
17
38
56
85
99
104
99
89
87
88
95
117
107
86
86
51
37
7
-8
-18
-38
-64
-80
-96
-99
-97
-87
-90
-87
-74
-46
-45
-45
-33
-31
17
8
17
42
51
58
75
92
88
84
90
80
62
82
65
45
18
7
17
15
7
-8
-9
-15
-35
-13
7
-1
0
1
3
-14
-17
-6
1
16
26
22
12
18
15
26
8
9
36
31
33
29
14
-4
2
15
13
9
-13
-9
-16
-38
-37
-46
-41
-37
-35
-20
-44
-23
-23
-42
-24
-21
-31
-28
-5
13
14
11
-9
-7
4
19
44
38
37
34
40
26
28
37
41
24
-1
7
-3
-32
-39
-62
-87
-96
-107
-125
-154
-144
-153
-172
-182
-174
-171
-176
-169
-166
-177
-174
-153
-152
-145
-146
-101
-80
-59
-43
-35
-22
-34
-15
-8
-4
-17
-15
-13
-28
-18
-28
-36
-39
-57
-96
-100
-107
-123
-130
-132
-138
-168
-183
-171
-177
-180
-172
-155
-138
-132
-112
-106
-77
-66
-43
-28
-36
-20
-1
16
19
12
5
7
5
3
-10
-16
-23
-38
-57
-64
-81
-100
-103
-110
-115
-109
-119
-143
-115
-106
-94
-84
-69
-72
-68
-51
-37
-30
-17
-4
10
30
37
52
51
44
55
45
44
36
6
2
-11
-25
-36
-53
-66
-76
-99
-106
-126
-137
-138
-166
-155
-160
-166
-167
-143
-147
-144
-123
-119
-87
-102
-70
-46
-22
-20
-26
-10
-12
-5
6
12
21
18
-3
-3
-11
-26
-19
-28
-44
-34
-35
-42
-49
-65
-79
-68
-68
-68
-65
-53
-81
-63
-66
-71
-51
-56
-34
-11
-12
-20
-3
-1
9
6
10
1
7
-9
-13
-15
-12
-8
-15
-22
-20
-23
-36
-19
-7
-16
-9
-21
-27
-21
-18
-17
-6
-13
-15
-24
-20
-7
-5
-4
11
38
22
35
30
35
21
39
38
39
42
44
37
37
28
35
51
33
31
9
11
-7
-2
10
8
-15
-31
-36
-16
-31
-40
-55
-66
-57
-67
-60
-60
-40
-29
0
13
14
21
17
59
59
85
90
86
101
91
102
119
131
110
105
91
90
84
68
68
48
42
39
37
31
25
23
13
33
28
24
8
-9
10
12
16
13
28
25
12
24
39
29
35
28
18
15
16
31
29
9
7
-7
-2
-3
4
-10
-28
-46
-55
-59
-78
-79
-76
-74
-96
-86
-87
-91
-75
-65
-47
-46
-52
-55
-26
-20
-5
11
6
6
9
5
15
33
13
38
20
2
10
-2
-5
-7
-3
-10
-10
-32
-25
-21
-27
-29
-15
-26
-21
-21
-40
-38
-15
-19
-16
-18
-22
6
16
22
33
27
28
20
4
18
15
26
23
5
-18
-30
-22
-19
0
1
8
-16
-19
-20
-34
-41
-57
-62
-66
-63
-61
-70
-91
-85
-86
-78
-73
-62
-63
-66
-64
-49
-47
-55
-37
-37
-36
-25
3
7
31
-2
2
-4
0
20
3
19
7
3
-17
-6
-22
-22
2
-6
-20
-42
-51
-75
-49
-50
-54
-45
-46
-57
-59
-54
-48
-32
-43
-34
-36
-25
-30
-24
-22
-18
-29
-28
-19
-31
-25
-24
-22
-46
-44
-40
-45
-31
-34
-47
-51
-52
-34
-45
-26
-30
-27
-18
-14
-19
-26
8
15
22
29
20
26
35
34
44
42
43
45
48
54
48
50
43
47
38
42
31
15
10
-2
9
-25
-14
-11
-19
-21
-24
-11
-20
-20
-15
-24
-22
-21
-25
-13
-28
-14
-25
-36
-33
-15
7
18
27
15
32
48
49
53
65
65
50
66
48
49
39
34
35
41
31
25
39
17
7
1
11
15
23
29
30
45
40
54
46
53
63
64
62
53
83
79
77
74
68
49
55
44
30
40
27
37
25
9
18
26
30
18
27
11
29
34
46
62
56
72
83
85
96
100
102
102
115
137
134
139
142
140
150
135
131
114
113
126
108
92
87
103
83
97
83
60
59
57
48
32
27
22
32
26
42
41
17
34
46
48
48
67
55
57
54
76
86
75
87
77
79
71
72
71
56
79
92
76
67
59
64
70
68
76
67
74
72
63
78
63
50
57
71
87
89
88
81
98
97
104
107
99
118
105
121
127
119
129
115
108
105
107
106
100
82
78
70
53
52
44
24
9
10
11
-2
5
0
-1
19
21
29
25
33
37
45
64
80
92
89
97
114
126
119
122
131
123
123
115
119
126
120
118
117
95
93
87
79
75
71
50
47
68
54
41
36
47
33
36
42
26
28
37
24
33
14
13
32
27
41
45
60
72
54
55
53
61
74
50
49
32
42
33
33
19
16
21
16
29
0
-23
-24
-32
-24
-34
-34
-18
-29
-25
-14
-8
8
21
28
37
39
40
56
60
70
66
55
72
83
74
77
62
72
64
62
65
58
59
46
23
-1
5
3
-11
-29
-42
-35
-31
-36
-34
-45
-32
-37
-57
-34
-31
-31
-19
-10
-11
-1
8
15
16
7
25
23
18
33
36
23
16
4
13
-1
2
3
-14
-28
-31
-23
-27
-32
-45
-47
-58
-42
-25
-20
-34
-34
-27
-47
-32
-25
-19
-16
-17
-6
-7
-4
7
16
3
17
27
23
35
25
2
4
-5
-9
-19
-14
-11
-12
-2
-19
-16
-14
-28
-18
-13
-20
-1
1
19
30
34
33
42
53
62
84
79
91
86
101
95
81
85
97
94
83
89
69
65
61
51
39
15
17
15
8
3
-5
-2
-13
-13
-20
-2
-5
-3
0
-11
-4
6
10
24
38
34
34
39
39
40
48
48
46
42
54
64
67
69
53
71
73
68
73
63
62
47
34
50
45
30
43
41
41
36
51
38
39
53
47
56
68
71
57
67
93
103
112
117
114
104
108
114
92
105
102
97
106
107
105
89
94
70
79
79
77
95
102
88
91
99
97
102
90
108
115
111
115
125
134
135
130
148
141
137
148
131
124
117
129
138
142
126
126
112
104
98
105
102
102
86
77
79
77
63
67
55
52
46
26
42
45
45
45
23
40
76
100
85
78
102
91
93
102
104
113
118
128
128
140
131
140
139
127
128
104
103
86
81
77
79
75
61
75
71
68
61
45
53
48
62
51
53
69
63
64
70
87
77
90
100
96
111
97
98
100
79
73
74
81
66
69
65
63
33
31
36
22
30
8
5
-6
-4
-5
7
13
4
17
12
27
20
33
41
33
63
46
49
37
29
30
20
15
9
26
25
17
8
2
-2
-4
-23
-28
-23
-26
-18
-38
-31
-35
-46
-45
-40
-30
-24
-33
-33
-45
-43
-29
-39
-25
0
2
10
-14
2
18
17
33
33
48
50
46
52
50
31
30
40
49
35
35
28
14
20
14
4
6
-8
-11
-20
-35
-21
-16
-18
-10
-2
-12
-2
-1
17
6
1
3
7
27
19
26
31
40
32
29
25
42
19
20
2
5
5
-28
-2
-27
-22
-17
-28
-27
-40
-58
-42
-62
-53
-62
-66
-56
-59
-36
-26
-23
-12
-6
2
11
9
25
33
37
31
22
24
22
23
4
1
-8
-9
-24
-18
-37
-49
-36
-54
-56
-83
-88
-83
-83
-73
-66
-66
-50
-31
-17
-18
3
17
26
38
39
48
61
67
63
83
95
94
101
83
85
78
79
72
46
37
33
13
22
6
14
-3
-16
-8
-18
-1
-30
-9
9
3
12
23
20
49
52
57
52
61
69
78
70
58
73
47
56
45
51
15
-2
7
-18
-11
-17
-20
-46
-43
-38
-52
-54
-57
-75
-51
-33
-38
-19
-4
17
21
35
45
71
66
67
75
91
92
102
114
85
91
97
90
96
96
94
77
60
50
42
48
45
43
36
26
27
11
-12
10
-9
-4
-7
-8
1
3
21
17
18
33
40
46
49
40
69
74
59
81
84
83
90
81
80
68
68
48
52
44
26
29
25
18
24
35
17
31
16
16
25
39
27
30
31
30
50
60
49
68
79
69
73
63
82
84
74
83
80
58
49
81
76
54
47
41
20
21
34
11
1
14
-19
-26
-14
-12
-22
-18
-7
-33
-24
-19
-11
-7
-19
-7
15
10
7
0
22
30
14
24
31
38
20
29
33
12
17
17
4
9
16
22
25
8
12
13
11
9
4
4
13
9
12
23
3
3
13
17
18
11
18
9
19
23
23
32
12
9
9
0
-1
-4
3
-11
-3
-21
-36
-22
-20
-29
-28
-26
-45
-55
-45
-65
-64
-56
-55
-66
-79
-49
-60
-61
-62
-79
-75
-80
-74
-72
-63
-78
-61
-65
-78
-57
-75
-68
-51
-53
-31
-30
-32
-49
-35
-31
-28
-29
-35
-33
-38
-10
-11
-3
-18
-26
-39
-34
-32
-37
-20
-12
-9
12
-16
-18
-6
-31
-15
-20
-28
-15
-16
-11
6
-3
-9
-11
-5
-15
-30
-33
-35
-42
-36
-45
-42
-46
-57
-54
-59
-61
-64
-75
-55
-63
-76
-67
-70
-51
-59
-64
-61
-46
-35
-43
-35
-38
-43
-48
-41
-26
-12
-15
-27
-19
-23
-20
-16
-1
17
0
-6
-10
-18
-19
-25
-42
-32
-32
-26
-17
-23
-25
-31
-31
-12
-28
-38
-13
-34
-32
-34
-45
-36
-53
-53
-41
-29
-38
-62
-23
-28
-32
-28
-50
-37
-42
-45
-41
-46
-41
-28
-39
-26
-33
-14
-19
2
-12
-23
-13
-19
-2
3
14
8
18
3
14
20
6
12
28
29
29
37
47
41
32
42
32
43
47
22
33
37
29
31
23
11
18
12
1
-7
-9
-9
-5
6
-18
-16
-10
-3
12
8
4
0
-14
-25
-3
3
-17
-12
-7
-23
-9
-9
-14
1
11
1
3
13
9
26
13
12
31
22
30
35
25
27
22
12
9
11
24
16
20
13
22
33
35
23
12
19
26
12
29
35
13
24
21
24
22
33
29
18
4
10
16
-16
8
2
-8
-13
-12
-16
-25
-29
-19
-9
4
15
12
17
27
24
36
32
53
71
45
49
70
68
56
60
62
56
51
48
53
50
37
34
26
15
27
29
13
15
7
-1
-1
7
-6
2
17
-12
-6
-1
-3
-4
13
18
10
26
29
32
24
16
27
24
39
42
30
27
16
14
12
10
4
-6
8
1
4
-6
-7
-6
0
-6
-14
-1
0
3
21
25
20
14
14
8
10
9
24
11
9
17
12
11
-1
6
-3
5
0
-1
-29
-22
-12
-17
-14
-23
-25
-28
-37
-30
-34
-41
-33
-50
-48
-51
-66
-52
-48
-61
-52
-49
-58
-64
-61
-48
-45
-43
-50
-48
-49
-45
-49
-36
-33
-26
-29
-39
-37
-41
-45
-27
-39
-45
-26
-51
-32
-38
-30
-37
-46
-43
-36
-48
-54
-32
-46
-34
-34
-36
-32
-26
-15
-6
-13
-19
-20
-40
-34
-41
-66
-52
-23
-24
-25
-17
-26
-33
-14
-25
-23
-39
-36
-29
-33
-33
-25
-23
-48
-48
-46
-51
-57
-47
-47
-39
-49
-44
-44
-44
-40
-46
-38
-41
-35
-24
-30
-24
-23
-15
-24
-40
-36
-38
-41
-39
-47
-32
-52
-46
-36
-43
-34
-42
-29
-30
-35
-34
-27
-25
-28
-19
-25
-24
-10
-25
-18
-14
-28
-16
1
6
14
5
-6
10
8
1
-4
-2
-2
-1
-2
1
5
-4
5
-2
3
3
3
1
-5
-13
-14
-10
5
28
17
15
20
23
24
25
25
31
47
42
37
33
23
15
16
38
40
25
30
48
28
32
30
13
37
27
27
33
27
23
30
23
23
44
33
32
38
38
46
59
51
40
43
45
41
37
31
34
27
41
34
37
34
34
33
20
17
11
23
23
7
4
7
15
16
11
5
6
27
23
27
14
3
8
13
20
18
26
24
32
32
36
34
44
22
15
25
21
19
15
16
16
8
12
14
3
15
10
9
27
8
1
-6
-3
-5
5
19
26
17
12
21
10
31
27
35
12
6
-3
0
14
9
11
-2
3
-7
-9
-2
-8
10
-1
-5
13
-10
-16
-17
-9
-13
-17
-3
-1
-4
-15
-2
-3
-2
16
16
12
6
8
9
2
-11
12
6
7
3
-7
-12
-4
-18
-24
-18
-7
-15
-29
-35
-53
-41
-39
-39
-24
-31
-17
-25
-47
-44
-39
-41
-34
-33
-59
-55
-55
-61
-58
-47
-47
-34
-40
-41
-36
-38
-33
-37
-22
-20
-27
-21
-20
-11
-24
-16
-14
-19
-14
-26
-19
-15
-30
-29
-37
-40
-59
-73
-66
-62
-67
-72
-88
-86
-77
-79
-84
-79
-87
-90
-77
-78
-56
-69
-59
-48
-52
-42
-44
-35
-40
-48
-53
-50
-56
-57
-53
-68
-69
-61
-67
-75
-85
-69
-50
-53
-59
-77
-77
-79
-72
-83
-78
-68
-79
-77
-72
-81
-90
-75
-71
-64
-76
-83
-75
-73
-70
-80
-67
-72
-73
-79
-78
-66
-68
-73
-71
-69
-71
-87
-64
-79
-74
-69
-68
-62
-57
-60
-79
-75
-74
-64
-59
-65
-70
-72
-67
-61
-69
-65
-66
-62
-56
-52
-40
-34
-51
-58
-34
-50
-46
-37
-49
-58
-52
-49
-59
-55
-46
-58
-64
-74
-74
-75
-77
-70
-67
-75
-68
-70
-78
-66
-75
-70
-47
-63
-64
-59
-64
-55
-68
-72
-67
-51
-45
-47
-49
-64
-57
-69
-80
-61
-67
-82
-86
-72
-70
-60
-69
-73
-66
-80
-79
-78
-83
-92
-93
-92
-88
-90
-70
-64
-56
-69
-68
-62
-68
-72
-77
-88
-82
-82
-96
-62
-69
-72
-77
-59
-61
-68
-63
-54
-52
-63
-56
-59
-53
-39
-46
-34
-33
-48
-45
-40
-27
-47
-32
-26
-26
-18
-31
-37
-48
-40
-12
-28
-33
-46
-41
-37
-32
-29
-51
-43
-51
-58
-45
-52
-58
-38
-45
-50
-58
-50
-47
-46
-54
-69
-62
-74
-63
-64
-46
-67
-56
-57
-67
-48
-58
-53
-47
-36
-62
-41
-45
-61
-46
-53
-37
-46
-45
-49
-43
-34
-24
-41
-50
-39
-45
-45
-44
-39
-54
-48
-47
-49
-34
-38
-49
-37
-43
-45
-30
-36
-24
-18
-40
-41
-48
-61
-60
-57
-51
-68
-71
-59
-82
-67
-53
-74
-74
-75
-52
-61
-68
-73
-72
-78
-81
-68
-80
-60
-57
-68
-44
-60
-78
-59
-71
-76
-61
-78
-64
-77
-69
-73
-94
-78
-87
-83
-89
-89
-83
-88
-93
-73
-90
-93
-91
-86
-74
-77
-71
-73
-58
-56
-63
-67
-67
-59
-72
-74
-72
-69
-62
-66
-72
-78
-84
-97
-78
-62
-79
-79
-85
-99
-96
-94
-97
-70
-86
-91
-79
-80
-85
-86
-80
-82
-85
-93
-74
-92
-79
-73
-65
-55
-60
-70
-74
-68
-74
-58
-67
-74
-64
-64
-70
-54
-56
-62
-55
-63
-50
-65
-58
-56
-62
-70
-63
-65
-63
-73
-67
-88
-101
-81
-91
-70
-65
-69
-87
-80
-88
-88
-95
-95
-97
-96
-91
-85
-82
-87
-78
-89
-78
-89
-80
-92
-71
-75
-85
-97
-82
-64
-66
-43
-58
-72
-78
-92
-75
-72
-83
-81
-76
-77
-88
-87
-78
-74
-88
-76
-92
-95
-86
-114
-111
-98
-79
-81
-88
-96
-79
-87
-100
-71
-81
-86
-98
-94
-102
-87
-89
-104
-103
-106
-111
-108
-107
-112
-94
-100
-98
-85
-85
-64
-60
-62
-58
-44
-50
-37
-36
-48
-42
-41
-47
-47
-36
-47
-29
-36
-39
-30
-27
-31
-41
-39
-34
-39
-33
-26
-26
-21
-26
-37
-33
-31
-39
-25
-33
-42
-35
-28
-25
-29
-31
-27
-32
-42
-43
-45
-53
-68
-63
-61
-58
-58
-60
-73
-68
-56
-57
-49
-62
-41
-33
-52
-50
-55
-40
-44
-36
-45
-40
-42
-48
-59
-51
-37
-42
-48
-29
-32
-41
-45
-45
-28
-58
-43
-42
-39
-27
-31
-29
-33
-31
-30
-18
-25
-7
-9
-23
-14
-21
-17
-22
-18
-7
-7
-2
-13
-5
6
15
9
-16
-1
-7
-4
5
0
0
15
-3
2
9
-3
10
3
2
7
-14
1
-3
-16
0
-20
-17
-2
-22
-18
-12
-12
-36
-32
-20
-23
-12
-23
-23
-8
-5
-6
-9
-2
10
11
10
14
18
22
11
14
24
27
24
9
12
11
23
27
34
32
27
38
35
23
24
16
0
8
27
27
21
30
25
33
36
42
28
28
13
3
16
0
13
12
-4
-16
10
0
1
-3
-3
-14
-26
-16
-11
-15
-23
-25
-16
-28
-40
-42
-44
-57
-55
-33
-38
-41
-56
-45
-58
-47
-57
-72
-60
-41
-35
-29
-28
-44
-36
-28
-31
-24
-27
-22
-48
-43
-31
-28
-12
-20
-29
-39
-27
-29
-35
-18
-16
-11
-25
-18
-31
-27
-35
-28
-29
-27
-36
-52
-40
-41
-36
-47
-49
-56
-66
-60
-50
-64
-54
-50
-50
-42
-46
-41
-53
-54
-59
-66
-57
-60
-70
-63
-55
-81
-84
-83
-88
-68
-62
-75
-72
-65
-65
-67
-48
-43
-57
-48
-41
-56
-43
-31
-29
-42
-43
-36
-36
-43
-43
-40
-36
-38
-48
-41
-36
-37
-29
-36
-47
-43
-59
-74
-78
-75
-80
-85
-87
-82
-90
-105
-83
-77
-71
-65
-76
-65
-72
-60
-43
-55
-64
-72
-56
-52
-54
-54
-59
-63
-60
-54
-38
-47
-52
-34
-56
-43
-56
-74
-61
-74
-62
-64
-73
-65
-69
-57
-57
-44
-26
-45
-31
-30
-35
-37
-48
-27
-15
-23
-35
-42
-31
-18
-21
-26
-29
-31
-21
-25
-29
-33
-49
-48
-39
-36
-25
-28
-32
-29
-23
-14
-11
-19
-13
-5
-18
-14
-11
-20
-24
-11
-16
-19
-7
3
-6
-11
-13
-16
-14
-14
-6
6
10
-1
-1
-12
0
-5
-18
3
-16
3
-8
-11
-4
-14
-11
-2
-3
-12
-4
-8
-21
-1
6
-11
0
-10
12
15
8
10
-3
8
0
10
28
9
16
19
14
28
21
19
5
4
15
25
18
6
9
-3
11
22
16
4
5
13
16
3
4
-1
-6
-2
1
9
-8
9
7
11
17
7
14
-2
6
3
13
6
17
10
14
18
0
-3
-18
-12
-10
-4
-14
-19
-10
3
-9
-8
-4
-10
8
13
17
13
30
37
34
36
28
42
39
37
36
29
27
41
43
29
25
22
17
21
38
16
10
23
19
15
20
31
34
29
28
23
19
38
39
31
38
40
43
53
42
50
51
54
57
47
42
28
28
31
40
27
29
28
29
28
30
21
10
26
7
9
13
13
16
3
6
4
11
4
5
16
9
-6
16
18
14
18
14
21
16
3
-5
0
-1
-10
-14
4
3
6
7
2
-2
-3
7
-11
8
8
12
2
-7
-5
5
3
-6
8
7
6
-10
-4
17
5
0
0
19
29
28
17
22
13
15
4
-1
10
-6
2
6
8
13
4
-1
0
-2
2
2
5
-17
-12
-17
0
3
-7
-7
-16
-7
-3
0
3
-6
-9
-4
3
-10
-14
-13
-24
-7
-2
7
3
8
-5
5
6
12
11
3
29
34
29
8
5
14
1
-3
-7
9
-13
-25
5
-12
-3
-10
-8
14
7
-19
-21
-11
-22
-16
-4
10
-3
11
4
9
28
13
8
13
18
11
16
16
11
23
10
11
13
8
4
24
28
8
14
15
9
18
9
25
17
16
24
29
44
33
39
27
33
30
33
27
27
33
35
27
29
19
35
44
34
55
40
22
22
21
12
23
28
26
26
26
20
19
26
20
27
29
21
30
30
41
30
43
32
32
37
40
40
40
42
40
47
43
34
45
57
41
68
53
53
46
38
43
63
57
46
66
52
56
53
50
36
36
38
55
61
43
50
46
49
53
55
65
57
46
48
52
65
59
53
58
56
72
48
46
67
66
60
53
57
62
61
46
57
50
56
67
72
65
61
71
64
85
64
75
70
65
82
82
81
84
82
79
88
81
77
70
74
53
47
56
64
59
40
37
48
51
42
38
27
25
18
15
21
37
20
38
44
18
36
46
48
58
61
58
61
48
43
58
64
64
59
77
84
61
67
69
62
74
95
85
86
91
86
99
101
102
100
101
103
103
104
92
90
95
81
96
85
84
82
89
84
87
88
87
102
84
92
80
82
75
80
69
77
83
86
95
87
86
74
88
87
75
56
65
63
60
67
57
62
49
67
64
64
59
57
68
72
65
56
77
69
57
50
70
62
54
57
62
58
74
58
64
64
69
66
46
39
38
48
40
39
51
25
39
36
46
29
29
41
36
33
45
55
21
38
53
45
56
56
50
43
44
62
63
55
60
54
48
55
47
34
23
31
30
31
24
34
39
28
35
24
24
27
37
36
40
27
27
30
26
19
12
15
10
5
16
9
2
15
26
21
24
12
10
15
1
6
0
5
4
-4
-5
-14
8
4
0
9
14
11
11
-1
-6
26
6
14
9
15
4
17
18
-1
43
23
18
25
21
24
17
7
10
20
6
25
21
16
21
27
15
28
31
16
14
7
8
5
16
14
30
21
23
23
19
23
17
9
7
25
7
10
9
9
6
29
32
17
14
3
1
8
17
6
-2
-6
4
-2
-3
0
9
13
13
12
-3
0
-7
4
9
1
4
2
1
16
9
14
27
11
5
-7
-1
-1
0
10
6
18
4
-3
17
15
7
6
8
5
22
20
26
16
37
31
34
33
30
49
34
26
31
48
44
35
37
46
40
31
32
44
38
34
28
45
39
46
52
43
40
52
56
65
57
71
75
71
62
49
57
55
55
49
48
59
58
46
59
61
59
56
54
46
43
49
66
60
58
51
43
58
61
58
63
62
61
53
54
65
59
62
60
59
58
53
55
54
52
59
59
62
55
51
58
69
61
46
57
62
55
59
75
60
49
65
64
57
68
60
65
77
62
67
75
63
72
75
73
72
67
60
57
60
45
50
66
64
72
64
71
70
67
75
62
71
55
59
68
77
63
55
68
61
59
57
86
68
66
65
75
82
70
66
71
71
63
72
63
56
64
61
60
46
41
41
43
62
50
49
54
46
56
64
57
62
59
52
52
54
57
42
47
54
58
40
35
43
46
52
44
42
33
35
48
39
43
40
43
28
30
18
26
45
23
25
27
32
28
33
34
20
24
9
7
22
11
11
11
2
12
9
4
4
3
15
14
15
16
17
-6
-15
7
15
21
13
3
18
26
24
24
18
4
14
19
21
11
7
20
19
18
15
27
21
14
24
23
22
17
19
22
9
11
33
24
30
27
21
17
28
25
11
15
12
19
18
19
17
18
26
25
1
15
18
20
5
13
14
12
18
12
30
21
11
13
17
42
46
25
30
34
22
30
35
25
19
27
33
36
40
35
42
36
42
65
39
38
48
46
44
29
35
43
58
43
49
46
53
68
69
58
58
83
81
77
76
71
76
78
76
74
70
75
81
85
77
84
96
82
71
56
71
95
82
80
84
88
94
72
75
76
73
67
77
78
73
77
74
82
80
72
78
83
72
68
65
48
52
51
68
57
65
64
63
60
42
48
49
53
49
58
49
45
41
56
69
67
71
66
74
55
63
76
69
53
74
83
36
45
53
51
46
58
62
66
53
45
63
57
56
60
72
56
62
86
67
66
81
79
69
74
61
72
61
60
79
72
83
72
63
62
65
72
65
73
69
69
64
63
57
58
60
36
42
51
52
61
61
61
65
55
48
62
73
69
72
66
61
73
78
67
62
74
52
48
54
46
47
37
44
44
46
47
28
29
31
36
47
38
40
47
38
29
29
39
25
31
35
33
27
19
35
36
37
46
46
33
44
38
29
27
30
45
36
22
31
19
23
30
29
21
29
31
27
24
35
37
28
14
23
34
30
31
38
20
8
16
18
9
25
20
16
16
4
18
19
25
13
3
1
-2
-5
-4
-5
-3
-10
-5
-1
-13
-13
-26
-29
-23
-5
-9
-29
-21
-21
-18
-21
-17
-20
-10
-4
-11
-5
-3
-11
-26
-11
-3
-8
-23
-9
-10
-10
-17
-11
-26
-23
-13
-18
-5
-9
-17
-14
-10
-19
-19
-11
-19
-25
-24
-34
-25
-30
-45
-38
-38
-50
-43
-45
-30
-34
-39
-16
-25
-31
-45
-46
-43
-47
-34
-32
-44
-43
-47
-31
-34
-28
-43
-44
-41
-56
-59
-50
-43
-51
-60
-53
-33
-55
-50
-43
-51
-41
-49
-39
-41
-44
-43
-28
-39
-33
-30
-37
