8.3672 3.84524 0.0815342 2.16187 3.8711 1.21973 -1.30297 -1.11621 -1.11373 -0.710739 -0.56995 -0.152808 
6.40556 3.85057 1.3988 2.22518 3.32002 1.45936 -0.963587 -1.11912 -0.693091 -0.930941 -0.32995 -0.133465 
5.78698 4.0286 1.97996 1.83227 2.25243 1.16867 -0.59479 -1.37176 -1.38556 -1.11923 -0.281747 -0.0860399 
5.53158 4.08988 2.45198 2.35138 2.50814 1.23319 -0.454408 -1.00442 -0.906841 -0.818973 -0.186734 -0.0826854 
6.80525 3.92586 0.885415 1.59526 3.22861 1.94692 -0.347546 -0.601304 -0.352154 -0.928508 -0.322763 -0.0950347 
5.74364 3.97182 1.84277 1.68223 2.28851 1.56055 0.231099 -0.261298 -0.543668 -0.94346 -0.136604 -0.0147511 
6.59582 3.37356 0.466165 1.46914 2.7794 0.93394 -1.10906 -0.693323 0.0631952 -0.167063 -0.00434094 -0.0284492 
6.25598 3.7817 1.0328 0.960314 1.58964 0.435324 -0.940932 -0.837984 -0.518332 -0.500317 -0.0548331 -0.00189845 
8.11696 3.8522 -0.288165 0.502837 1.73236 0.0154235 -1.7017 -1.67763 -1.5418 -1.00948 -0.430479 -0.0592968 
6.70036 3.92222 0.305349 -0.676048 0.059401 -0.0583244 -0.962337 -1.51252 -1.59489 -1.03228 -0.285863 -0.00383151 
6.70159 3.62534 -0.0805443 -0.949634 -0.467591 -1.08104 -1.80988 -1.46016 -0.883622 -0.298777 -0.0227034 0.00706053 
6.87518 3.7238 -0.336482 -1.48718 -0.710266 -0.593004 -0.972505 -1.07854 -1.11753 -0.530385 -0.129891 0.013116 
8.60387 3.62448 -1.65612 -1.36374 0.737604 0.146144 -0.603061 -0.202036 -0.54605 0.0426188 -0.0271751 -0.00980689 
6.82541 3.64747 -0.30431 -1.08932 0.225967 0.599079 -0.1119 -0.598084 -0.540643 0.0351847 0.114625 0.0249559 
6.7454 3.76468 -0.0403461 -1.09073 -0.340575 -0.298467 -0.772346 -0.721691 -0.382457 0.0640078 0.070223 -0.00579689 
6.65016 3.60492 0.0416606 -0.443987 0.534103 0.156969 -0.709746 -0.485485 0.0576183 0.237085 0.112114 -0.032721 
9.03216 1.3292 -3.90852 0.434884 4.98764 3.92977 1.58495 0.614373 -0.139254 -0.0425388 -0.243588 -0.0481342 
7.59095 1.85793 -2.93057 -0.330364 3.95313 3.83145 2.0064 0.808782 -0.658369 -0.243237 -0.157247 0.00897257 
8.37872 2.05489 -3.06709 -0.207779 3.90066 3.10841 1.45508 1.22581 0.0334596 0.0795467 -0.289866 -0.0807474 
7.05624 1.82695 -2.27954 0.171934 3.65267 2.89665 1.08235 0.490702 -0.343004 -0.087853 -0.16822 -0.0456087 
6.83261 2.36949 -1.8585 -0.645601 2.95603 3.9276 2.51511 0.751912 -0.618182 -0.404452 -0.122149 0.0201037 
6.69136 2.40533 -1.56472 -0.405294 2.72749 3.20008 1.75616 0.456965 -0.456483 -0.213048 -0.0741369 -0.0192533 
6.68829 2.7644 -1.35195 -0.995065 1.93331 3.23067 2.38309 0.898094 -0.243583 -0.17406 -0.0999221 -0.0244151 
7.291 2.93291 -1.62236 -1.18413 1.53983 2.23278 1.60551 1.07028 0.196545 0.135214 1.17437e-05 -0.0295991 
9.61922 2.61593 -2.87795 -0.193166 2.66922 1.02935 -0.578639 -0.458337 0.212112 0.509438 0.0674199 -0.0617078 
8.21601 3.26732 -1.7425 -0.862756 1.81324 1.25326 -0.293525 -0.415002 -0.303258 0.222771 0.143371 0.00138403 
9.41092 3.71379 -1.73492 -0.68584 1.24052 -0.557174 -1.74934 -0.880732 -0.684462 -0.0391185 -0.126088 0.00365677 
9.18201 3.47457 -1.93082 -0.589325 1.59055 -0.128881 -1.17815 -0.0552363 -0.00303629 0.378478 -0.102093 -0.0673688 
8.46044 2.4172 -2.64291 -0.253746 3.08676 2.10581 0.707215 0.896524 0.418418 0.411888 -0.0942166 -0.0779871 
7.89831 3.11742 -1.58947 -0.635334 1.81508 1.23356 0.148755 0.441679 0.376559 0.494475 0.108977 -0.0383388 
6.39936 3.30436 -0.0446862 0.226523 2.20848 2.48606 1.43248 0.689507 0.359736 0.467135 0.129194 -0.0165074 
6.31112 3.62923 0.297395 -0.290685 1.01288 1.46387 0.773004 0.207241 0.163636 0.380803 0.181366 0.0198843 
