204101031_0_1.txt
5 3 6 6 6 31 29 0 4 25 25 25 27 24 25 25 24 25 24 24 24 29 24 24 24 24 24 28 29 24 29 15 29 29 23 23 23 23 23 23 23 23 23 23 29 29 29 31 25 25 25 13 12 25 7 7 7 7 2 0 0 2 2 2 2 0 2 2 2 3 3 3 3 3 3 3 1 
8.91013e-060
0 0 0 0 0 1 1 1 1 2 2 2 2 2 2 2 2 2 3 3 3 3 3 3 3 3 3 3 3 3 3 3 3 3 4 4 4 4 4 4 4 4 4 4 4 4 4 4 4 4 4 4 4 4 4 4 4 4 4 4 4 4 4 4 4 4 4 4 4 4 4 4 4 4 4 4 4 
1 0 0 0 0 
0.80002 0.19998 0 0 0 
0 0.749968 0.250032 0 0 
0 0 0.896972 0.103028 0 
0 0 0 0.933277 0.0667229 
0 0 0 0 1 
0 0 0 0.19998 0 0.19998 0.599939 0 0 0 0 0 0 0 0 0 0 0 0 0 0 0 0 0 0 0 0 0 0 4.22882e-081 0 0.000100948 
0.250032 0 0 0 0.250032 0 5.67038e-017 0 0 0 0 0 0 0 0 0 0 0 0 0 0 0 0 0 0 2.76238e-019 0 0 0 0.250032 0 0.249905 
4.25648e-244 0 0 0 1.81839e-013 0 0 0 0 0 0 0 0 0 0 0 0 0 0 0 0 0 0 0 0.278804 0.618168 0 0.103028 0 7.50051e-057 0 0 
0 0 0 0 0 0 0 0 0 0 0 0 0 0 0 0.0667229 0 0 0 0 0 0 0 9.59043e-031 0.553393 1.25051e-028 0 0 0.0667229 0.313161 0 0 
0.070911 0.023637 0.189096 0.165459 0 0 0 0.094548 0 0 0 0 0.023637 0.023637 0 5.05822e-061 0 0 0 0 0 0 0 0.23637 0 0.094548 0 0 0 0.0781568 0 0.023637 
204101031_0_1.txt
5 3 6 6 6 31 29 0 4 25 25 25 27 24 25 25 24 25 24 24 24 29 24 24 24 24 24 28 29 24 29 15 29 29 23 23 23 23 23 23 23 23 23 23 29 29 29 31 25 25 25 13 12 25 7 7 7 7 2 0 0 2 2 2 2 0 2 2 2 3 3 3 3 3 3 3 1 
1.31114e-051
0 0 0 0 0 0 0 0 0 1 1 1 1 1 1 1 1 1 2 2 2 2 2 2 2 2 2 2 2 2 2 2 2 2 3 3 3 3 3 3 3 3 3 3 3 3 3 3 4 4 4 4 4 4 4 4 4 4 4 4 4 4 4 4 4 4 4 4 4 4 4 4 4 4 4 4 4 
1 0 0 0 0 
0.888295 0.111705 0 0 0 
0 0.896933 0.103067 0 0 
0 0 0.930469 0.0695309 0 
0 0 0 0.93317 0.06683 
0 0 0 0 1 
0.111705 0 0 0.111705 0.106364 0.111705 0.335114 0 0 0 0 0 0 0 0 0 0 0 0 0 0 0 0 0 0 8.90588e-035 0 0 0 0.111705 0 0.111705 
1.71876e-031 0 0 0 0.00492766 0 0 0 0 0 0 0 0 0 0 0 0 0 0 0 0 0 0 0 0.2736 0.618405 0 0.103067 0 7.24564e-056 0 0 
0 0 0 0 0 0 0 0 0 0 0 0 0 0 0 0.0695309 0 0 0 0 0 0 0 5.21717e-057 0.580265 2.5971e-026 0 0 0.0695309 0.280673 0 0 
0 0 0 0 0 0 0 0 0 0 0 0 0 0 0 1.66422e-010 0 0 0 0 0 0 0 0.6683 9.48752e-206 2.35149e-013 0 0 0 0.26487 0 0.06683 
0.107143 0.0357143 0.285714 0.25 0 0 0 0.142857 0 0 0 0 0.0357143 0.0357143 0 0 0 0 0 0 0 0 0 0 0 0.142857 0 0 0 2.14623e-309 0 4.90721e-014 
204101031_0_2.txt
29 30 30 30 28 30 25 24 27 29 29 31 30 30 28 23 23 23 28 23 28 23 28 29 29 31 28 23 29 29 29 27 27 27 15 27 27 26 27 26 7 7 8 8 7 7 8 2 0 2 1 1 0 0 0 0 2 2 0 3 3 1 0 6 6 4 
3.78348e-054
0 0 0 0 0 0 1 1 1 1 1 1 1 1 2 2 2 2 2 2 2 2 2 3 3 3 3 3 3 3 3 4 4 4 4 4 4 4 4 4 4 4 4 4 4 4 4 4 4 4 4 4 4 4 4 4 4 4 4 4 4 4 4 4 4 4 
1 0 0 0 0 
0.824453 0.175547 0 0 0 
0 0.879569 0.120431 0 0 
0 0 0.882893 0.117107 0 
0 0 0 0.881808 0.118192 
0 0 0 0 1 
0 0 0 0 0 0 0 0 0 0 0 0 0 0 0 0 0 0 0 0 0 0 0 0 7.88753e-055 0.00146951 0 0 0.175547 0.175547 0.647437 0 
0 0 0 0 0 0 0 0 0 0 0 0 0 0 0 0 0 0 0 0 0 0 0 1.39351e-192 0.120431 0.119423 0 0.120431 1.02547e-008 0.240862 0.278422 0.120431 
0 0 0 0 0 0 0 0 0 0 0 0 0 0 0 0 0 0 0 0 0 0 0 0.574649 0 0 0 0 0.425351 6.25386e-034 2.83927e-014 0 
0 0 0 0 0 0 0 0 0 0 0 0 0 0 0 0 0 0 0 0 0 0 0 0.12918 0 0 0 1.01408e-010 0.161669 0.590959 0 0.118192 
0.205882 0.0882353 0.117647 0.0588235 0.0294118 0 0.0588235 0.117647 0.0882353 0 0 0 0 0 0 0.0294118 0 0 0 0 0 0 0 0 0 0 0.0588235 0.176471 0 1.81295e-049 0 0 
204101031_0_2.txt
29 30 30 30 28 30 25 24 27 29 29 31 30 30 28 23 23 23 28 23 28 23 28 29 29 31 28 23 29 29 29 27 27 27 15 27 27 26 27 26 7 7 8 8 7 7 8 2 0 2 1 1 0 0 0 0 2 2 0 3 3 1 0 6 6 4 
1.37311e-047
0 0 0 0 0 0 0 0 0 0 0 0 0 0 1 1 1 1 1 1 1 1 1 2 2 2 2 2 2 2 2 3 3 3 3 3 3 3 3 3 4 4 4 4 4 4 4 4 4 4 4 4 4 4 4 4 4 4 4 4 4 4 4 4 4 4 
1 0 0 0 0 
0.929453 0.070547 0 0 0 
0 0.88027 0.11973 0 0 
0 0 0.881977 0.118023 0 
0 0 0 0.888889 0.111111 
0 0 0 0 1 
0 0 0 0 0 0 0 0 0 0 0 0 0 0 0 0 0 0 0 0 0 0 0 1.40367e-064 0.070547 0.070547 0 0.070547 0.0828891 0.211641 0.423282 0.070547 
0 0 0 0 0 0 0 0 0 0 0 0 0 0 0 0 0 0 0 0 0 0 0 0.587265 0 0 0 0 0.412735 3.73595e-033 1.91264e-026 0 
0 0 0 0 0 0 0 0 0 0 0 0 0 0 0 0 0 0 0 0 0 0 0 0.129245 0 0 0 2.34683e-029 0.162615 0.590117 0 0.118023 
0 0 0 0 0 0 0 1.68049e-008 4.00783e-240 0 0 0 0 0 0 0.111111 0 0 0 0 0 0 0 0 0 0 0.222222 0.666667 0 2.5346e-029 0 0 
0.28 0.12 0.16 0.08 0.04 0 0.08 0.16 0.12 0 0 0 0 0 0 0 0 0 0 0 0 0 0 0 0 0 1.90576e-030 0 0 0 0 0 
204101031_0_3.txt
5 4 30 30 30 30 15 15 24 25 25 15 25 25 29 29 24 29 28 23 23 30 28 23 23 28 28 29 31 23 28 29 29 29 24 24 15 24 27 15 15 27 6 13 13 7 6 7 0 7 0 0 0 2 2 7 0 2 2 2 2 3 3 1 3 4 19 30 
2.77721e-057
0 0 0 0 0 0 1 1 1 2 2 2 2 2 3 3 3 3 3 3 3 3 3 3 3 3 3 3 3 3 3 3 3 3 3 3 3 3 4 4 4 4 4 4 4 4 4 4 4 4 4 4 4 4 4 4 4 4 4 4 4 4 4 4 4 4 4 4 
1 0 0 0 0 
0.833333 0.166667 0 0 0 
0 0.659872 0.340128 0 0 
0 0 0.802369 0.197631 0 
0 0 0 0.959749 0.0402512 
0 0 0 0 1 
0 0 0 0 0.166667 0.166667 0 0 0 0 0 0 0 0 0 2.31814e-022 0 0 0 0 0 0 0 0 0 0 0 0 0 0 0.666667 0 
0 0 0 0 0 0 0 0 0 0 0 0 0 0 0 0.675991 0 0 0 0 0 0 0 0 0.324009 7.00382e-019 0 0 0 0 6.05926e-015 0 
0 0 0 0 0 0 0 0 0 0 0 0 0 0 0 0.20011 0 0 0 0 0 0 0 0 0.00936588 0.790524 0 0 0 1.02565e-009 0 0 
0 0 0 0 0 0 5.97541e-146 0 0 0 0 0 0 0 0 0.0565102 0 0 0 0 0 0 0 0.201256 0.161005 6.07735e-049 0 0.0177125 0.201256 0.281758 0.0402512 0.0402512 
0.177582 0.0355164 0.213098 0.106549 0.0355164 0 0.0710328 0.142066 0 0 0 0 0 0.0710328 0 0.0566863 0 0 0 0.0355164 0 0 0 0 7.52522e-013 0 0 0.0554038 0 0 0.0355164 0 
204101031_0_3.txt
5 4 30 30 30 30 15 15 24 25 25 15 25 25 29 29 24 29 28 23 23 30 28 23 23 28 28 29 31 23 28 29 29 29 24 24 15 24 27 15 15 27 6 13 13 7 6 7 0 7 0 0 0 2 2 7 0 2 2 2 2 3 3 1 3 4 19 30 
2.06729e-051
0 0 0 0 0 0 1 1 1 1 1 1 1 1 2 2 2 2 2 2 2 2 2 2 2 2 2 2 2 2 2 2 2 2 3 3 3 3 3 3 3 3 3 3 3 3 3 4 4 4 4 4 4 4 4 4 4 4 4 4 4 4 4 4 4 4 4 4 
1 0 0 0 0 
0.833333 0.166667 0 0 0 
0 0.875 0.125 0 0 
0 0 0.951018 0.0489823 0 
0 0 0 0.923207 0.0767928 
0 0 0 0 1 
0 0 0 0 0.166667 0.166667 0 0 0 0 0 0 0 0 0 4.05054e-014 0 0 0 0 0 0 0 0 0 0 0 0 0 0 0.666667 0 
0 0 0 0 0 0 0 0 0 0 0 0 0 0 0 0.375 0 0 0 0 0 0 0 0 0.125 0.5 0 0 0 4.09683e-016 4.05079e-030 0 
0 0 0 0 0 0 0 0 0 0 0 0 0 0 0 4.94987e-070 0 0 0 0 0 0 0 0.244911 0.0693368 1.1418e-041 0 0 0.244911 0.342876 0.0489823 0.0489823 
2.79229e-081 0 0 0 0 0 0.153586 0.110397 0 0 0 0 0 0.153586 0 0.230379 0 0 0 0 0 0 0 0 0.198467 0 0 0.153586 0 6.51706e-030 0 0 
0.255592 0.0511185 0.306711 0.153355 0.0511185 0 7.60064e-008 0.130986 0 0 0 0 0 9.7013e-080 0 0 0 0 0 0.0511185 0 0 0 0 0 0 0 0 0 0 0.0511185 0 
204101031_0_4.txt
31 13 25 25 25 31 23 28 23 23 23 23 23 23 23 23 23 23 29 23 23 23 23 23 29 29 29 29 15 15 27 15 13 12 27 12 25 7 7 7 7 7 7 7 7 7 7 2 2 0 3 3 3 
1.57696e-028
0 0 0 0 0 0 1 1 2 2 2 2 2 2 2 2 2 2 2 2 2 2 2 2 3 3 3 3 3 3 3 3 4 4 4 4 4 4 4 4 4 4 4 4 4 4 4 4 4 4 4 4 4 
1 0 0 0 0 
0.833333 0.166667 0 0 0 
0 0.692113 0.307887 0 0 
0 0 0.933197 0.0668029 0 
0 0 0 0.871509 0.128491 
0 0 0 0 1 
0 0 0 0 0 0 0 0 0 0 0 0 0 0.166667 0 0 0 0 0 0 0 0 0 1.33917e-022 0 0.500001 0 0 0 0 0 0.333332 
0 0 0 0 0 0 0 0 0 0 0 0 0 0 0 0 0 0 0 0 0 0 0 0.692108 0 1.50334e-114 0 0 0.307887 4.85465e-088 0 4.85858e-006 
0 0 0 0 0 0 0 0 0 0 0 0 0 0 0 1.79263e-160 0 0 0 0 0 0 0 0.918678 0 0 0 0 2.19518e-034 0.0813216 0 0 
0 0 0 0 0 0 0 0 0 0 0 0 0 1.17008e-036 0 0.385472 0 0 0 0 0 0 0 4.77511e-034 0 0 0 0.128491 0 0.486037 0 0 
0.05 0 0.1 0.15 0 0 0 0.5 0 0 0 0 0.1 0.05 0 5.66887e-019 0 0 0 0 0 0 0 0 0 0.05 0 0.05 0 0 0 0 
204101031_0_4.txt
31 13 25 25 25 31 23 28 23 23 23 23 23 23 23 23 23 23 29 23 23 23 23 23 29 29 29 29 15 15 27 15 13 12 27 12 25 7 7 7 7 7 7 7 7 7 7 2 2 0 3 3 3 
1.27553e-024
0 0 0 0 0 0 1 1 1 1 1 1 1 1 1 1 1 1 1 1 1 1 1 1 2 2 2 2 3 3 3 3 3 3 3 3 3 4 4 4 4 4 4 4 4 4 4 4 4 4 4 4 4 
1 0 0 0 0 
0.833333 0.166667 0 0 0 
0 0.944696 0.0553036 0 0 
0 0 0.744768 0.255232 0 
0 0 0 0.888889 0.111111 
0 0 0 0 1 
0 0 0 0 0 0 0 0 0 0 0 0 0 0.166667 0 0 0 0 0 0 0 0 0 3.40809e-030 0 0.5 0 0 0 0 0 0.333333 
0 0 0 0 0 0 0 0 0 0 0 0 0 0 0 0 0 0 0 0 0 0 0 0.884858 0 0 0 0 0.0553036 0.0598387 0 9.84889e-031 
0 0 0 0 0 0 0 0 0 0 0 0 0 0 0 6.00498e-009 0 0 0 0 0 0 0 2.46092e-026 0 0 0 3.20283e-312 0 1 0 0 
0 0 0 0 0 0 0 5.24377e-035 0 0 0 0 0.222222 0.111111 0 0.333333 0 0 0 0 0 0 0 0 0 0.111111 0 0.222222 0 2.81551e-034 0 0 
0.0666667 0 0.133333 0.2 0 0 0 0.666667 0 0 0 0 1.45129e-134 0 0 0 0 0 0 0 0 0 0 0 0 4.71994e-008 0 0 0 0 0 0 
204101031_0_5.txt
30 29 29 24 24 24 29 31 31 31 31 30 30 30 30 28 28 31 31 29 29 29 29 29 29 24 29 27 15 27 15 27 15 7 27 7 6 7 7 7 0 2 2 2 2 2 2 0 3 3 3 3 2 0 1 3 5 5 5 
1.10826e-041
0 0 0 0 0 0 0 1 1 1 1 2 2 2 2 2 2 2 2 3 3 3 3 3 3 3 3 4 4 4 4 4 4 4 4 4 4 4 4 4 4 4 4 4 4 4 4 4 4 4 4 4 4 4 4 4 4 4 4 
1 0 0 0 0 
0.857143 0.142857 0 0 0 
0 0.714317 0.285683 0 0 
0 0 0.882348 0.117652 0 
0 0 0 0.875006 0.124994 
0 0 0 0 1 
0 0 0 0 0 0 0 0 0 0 0 0 0 0 0 0 0 0 0 0 0 0 0 0 0.428571 0 0 0 0 0.428571 0.142857 4.5054e-032 
0 0 0 0 0 0 0 0 0 0 0 0 0 0 0 0 0 0 0 0 0 0 0 0 1.04231e-191 0 0 0 0 1.09912e-010 7.51238e-021 1 
0 0 0 0 0 0 0 0 0 0 0 0 0 0 0 0 0 0 0 0 0 0 0 0 0 0 0 0 0.235305 3.66253e-034 0.470609 0.294086 
0 0 0 0 0 0 0 0 0 0 0 0 0 0 0 1.07657e-076 0 0 0 0 0 0 0 0 0.124994 0 0 4.64087e-005 0 0.874959 0 3.48978e-016 
0.0967754 0.0322585 0.225809 0.161292 0 0.0967754 0.0322585 0.161292 0 0 0 0 0 0 0 0.0967754 0 0 0 0 0 0 0 0 0 0 0 0.129022 0 2.33724e-055 0 0 
204101031_0_5.txt
30 29 29 24 24 24 29 31 31 31 31 30 30 30 30 28 28 31 31 29 29 29 29 29 29 24 29 27 15 27 15 27 15 7 27 7 6 7 7 7 0 2 2 2 2 2 2 0 3 3 3 3 2 0 1 3 5 5 5 
9.52536e-037
0 0 0 0 0 0 0 0 0 0 0 0 0 0 0 1 1 1 1 1 1 1 1 1 1 1 1 2 2 2 2 2 2 3 3 3 3 3 3 3 4 4 4 4 4 4 4 4 4 4 4 4 4 4 4 4 4 4 4 
1 0 0 0 0 
0.933333 0.0666667 0 0 0 
0 0.916667 0.0833333 0 0 
0 0 0.833333 0.166667 0 
0 0 0 0.857143 0.142857 
0 0 0 0 1 
0 0 0 0 0 0 0 0 0 0 0 0 0 0 0 0 0 0 0 0 0 0 0 0 0.2 0 0 0 9.46929e-016 0.2 0.333333 0.266667 
0 0 0 0 0 0 0 0 0 0 0 0 0 0 0 0 0 0 0 0 0 0 0 0 0.0833333 0 0 5.66342e-036 0.166667 0.583333 2.83341e-023 0.166667 
0 0 0 0 0 0 0 1.29067e-007 0 0 0 0 0 0 0 0.5 0 0 0 0 0 0 0 0 6.31059e-258 0 0 0.5 0 8.91535e-019 0 0 
2.21838e-008 0 1.24965e-184 0 0 0 0.142857 0.714286 0 0 0 0 0 0 0 5.90229e-015 0 0 0 0 0 0 0 0 0 0 0 0.142857 0 0 0 0 
0.166667 0.0555556 0.388889 0.277778 0 0.166667 0 4.39389e-040 0 0 0 0 0 0 0 0 0 0 0 0 0 0 0 0 0 0 0 0 0 0 0 0 
204101031_0_6.txt
14 27 25 24 25 25 25 24 25 24 15 25 31 23 23 28 23 23 23 23 23 23 23 29 29 29 28 28 29 24 29 28 29 24 24 24 25 25 27 27 7 7 6 6 7 7 7 7 6 7 7 7 7 7 2 5 5 5 6 5 5 5 5 5 
1.57047e-036
0 0 1 1 1 1 1 1 1 1 1 1 2 2 2 2 2 2 2 2 2 2 2 3 3 3 3 3 3 3 3 3 3 3 3 3 3 3 4 4 4 4 4 4 4 4 4 4 4 4 4 4 4 4 4 4 4 4 4 4 4 4 4 4 
1 0 0 0 0 
0.5 0.5 0 0 0 
0 0.903448 0.0965524 0 0 
0 0 0.906041 0.0939591 0 
0 0 0 0.933333 0.0666667 
0 0 0 0 1 
0 0 0 0 0 0 0 0 0 0 0 0 0 0 0.5 0 0 0 0 0 0 0 0 0 1.21144e-233 4.0462e-013 0 0.5 0 0 0 0 
0 0 0 0 0 0 0 0 0 0 0 0 0 0 0 0.0965524 0 0 0 0 0 0 0 1.82218e-063 0.289657 0.579314 0 1.84899e-020 0 0 0 0.0344765 
0 0 0 0 0 0 0 0 0 0 0 0 0 0 0 0 0 0 0 0 0 0 0 0.845632 0 1.31679e-035 0 0 0.0939591 2.32122e-028 0 0.0604086 
0 0 0 0 0 0 0 0 0 0 0 0 0 0 0 0 0 0 0 0 0 0 0 8.10554e-041 0.266667 0.133333 0 3.1665e-010 0.2 0.4 0 0 
0 0 0.04 0 0 0.32 0.16 0.44 0 0 0 0 0 0 0 0 0 0 0 0 0 0 0 0 0 2.6016e-018 0 0.08 0 0 0 0 
204101031_0_6.txt
14 27 25 24 25 25 25 24 25 24 15 25 31 23 23 28 23 23 23 23 23 23 23 29 29 29 28 28 29 24 29 28 29 24 24 24 25 25 27 27 7 7 6 6 7 7 7 7 6 7 7 7 7 7 2 5 5 5 6 5 5 5 5 5 
6.57414e-035
0 0 0 0 0 0 0 0 0 0 0 0 1 1 1 1 1 1 1 1 1 1 1 2 2 2 2 2 2 2 2 2 2 3 3 3 3 3 3 3 4 4 4 4 4 4 4 4 4 4 4 4 4 4 4 4 4 4 4 4 4 4 4 4 
1 0 0 0 0 
0.916717 0.083283 0 0 0 
0 0.909031 0.0909691 0 0 
0 0 0.906044 0.0939558 0 
0 0 0 0.842686 0.157314 
0 0 0 0 1 
0 0 0 0 0 0 0 0 0 0 0 0 0 0 0.083283 0.083283 0 0 0 0 0 0 0 1.61975e-096 0.249849 0.499698 0 0.083283 0 0 0 0.000604128 
0 0 0 0 0 0 0 0 0 0 0 0 0 0 0 0 0 0 0 0 0 0 0 0.818722 0 2.4132e-030 0 0 0.0909691 5.75551e-032 0 0.0903092 
0 0 0 0 0 0 0 0 0 0 0 0 0 0 0 0 0 0 0 0 0 0 0 2.16685e-036 0.154398 3.21227e-070 0 0 0.281867 0.563735 0 0 
0 0 0 0 0 0 0 2.75522e-023 0 0 0 0 0 0 0 0 0 0 0 0 0 0 0 0 0.370742 0.314629 0 0.314629 0 6.7751e-032 0 0 
0 0 0.0434783 0 0 0.347826 0.173913 0.478261 0 0 0 0 0 0 0 0 0 0 0 0 0 0 0 0 0 0 0 2.49408e-031 0 0 0 0 
204101031_0_7.txt
29 19 24 27 25 25 24 24 24 24 24 24 29 31 31 30 30 30 30 29 29 31 28 28 28 28 25 24 24 29 24 24 15 15 6 6 6 6 6 6 7 6 6 0 7 7 7 0 7 7 3 3 3 3 1 3 3 6 6 6 
6.07048e-037
0 0 1 1 1 1 1 1 1 1 1 1 2 2 2 2 2 2 2 2 2 2 3 3 3 3 3 3 3 3 3 3 3 3 4 4 4 4 4 4 4 4 4 4 4 4 4 4 4 4 4 4 4 4 4 4 4 4 4 4 
1 0 0 0 0 
0.5 0.5 0 0 0 
0 0.9 0.1 0 0 
0 0 0.9 0.1 0 
0 0 0 0.916667 0.0833333 
0 0 0 0 1 
0 0 0 0 0 0 0 0 0 0 0 0 0 0 0 0 0 0 0 0.5 0 0 0 0 3.68296e-015 0 0 2.90533e-242 0 0.5 0 0 
0 0 0 0 0 0 0 0 0 0 0 0 0 0 0 0 0 0 0 2.36024e-020 0 0 0 0 0.7 0.2 0 0.1 0 3.57939e-020 0 0 
0 0 0 0 0 0 0 0 0 0 0 0 0 0 0 0 0 0 0 0 0 0 0 0 6.96596e-033 0 0 0 6.75768e-023 0.3 0.4 0.3 
0 0 0 0 0 0 3.90009e-036 0 0 0 0 0 0 0 0 0.166667 0 0 0 0 0 0 0 0 0.333333 0.0833333 0 0 0.333333 0.0833333 0 5.98359e-017 
0.08 0.04 0 0.24 0 0 0.44 0.24 0 0 0 0 0 0 0 1.89345e-021 0 0 0 0 0 0 0 0 0 0 0 0 0 0 0 0 
204101031_0_7.txt
29 19 24 27 25 25 24 24 24 24 24 24 29 31 31 30 30 30 30 29 29 31 28 28 28 28 25 24 24 29 24 24 15 15 6 6 6 6 6 6 7 6 6 0 7 7 7 0 7 7 3 3 3 3 1 3 3 6 6 6 
5.6714e-037
0 0 0 0 0 0 0 0 0 0 0 0 1 1 1 1 1 1 1 1 1 1 2 2 2 2 2 2 2 2 2 2 3 3 3 3 3 3 3 3 4 4 4 4 4 4 4 4 4 4 4 4 4 4 4 4 4 4 4 4 
1 0 0 0 0 
0.918535 0.0814655 0 0 0 
0 0.897171 0.102829 0 0 
0 0 0.9 0.1 0 
0 0 0 0.885557 0.114443 
0 0 0 0 1 
0 0 0 0 0 0 0 0 0 0 0 0 0 0 0 0 0 0 0 0.0814655 0 0 0 0 0.570258 0.162931 0 0.0814655 0 0.10388 0 1.66945e-044 
0 0 0 0 0 0 0 0 0 0 0 0 0 0 0 0 0 0 0 0 0 0 0 0 6.08145e-035 0 0 0 1.46682e-023 0.280196 0.411317 0.308488 
0 0 0 0 0 0 0 0 0 0 0 0 0 0 0 3.6005e-019 0 0 0 0 0 0 0 0 0.4 0.1 0 0 0.4 0.1 5.92097e-302 7.86755e-014 
1.18037e-116 0 0 0 0 0 0.720662 0.0504508 0 0 0 0 0 0 0 0.228887 0 0 0 0 0 0 0 0 1.47225e-018 0 0 0 0 0 0 0 
0.109517 0.0547583 0 0.32855 0 0 0.257523 0.304411 0 0 0 0 0 0 0 1.62981e-107 0 0 0 0 0 0 0 0 0 0 0 0 0 0 0 0 
204101031_0_8.txt
31 29 24 29 31 25 28 23 23 23 28 23 23 28 28 23 28 23 28 28 24 25 25 21 21 25 25 25 25 25 25 24 15 15 27 27 7 7 7 7 8 7 9 7 8 8 7 7 7 7 7 7 7 7 6 7 12 24 24 24 29 24 12 27 27 24 25 24 7 7 6 6 29 25 25 6 6 
1.22731e-053
0 0 0 0 0 1 2 2 2 2 2 2 2 2 2 2 2 2 2 2 3 3 3 3 3 3 3 3 3 3 3 4 4 4 4 4 4 4 4 4 4 4 4 4 4 4 4 4 4 4 4 4 4 4 4 4 4 4 4 4 4 4 4 4 4 4 4 4 4 4 4 4 4 4 4 4 4 
1 0 0 0 0 
0.8 0.2 0 0 0 
0 0 1 0 0 
0 0 0.928571 0.0714286 0 
0 0 0 0.911772 0.0882284 
0 0 0 0 1 
0 0 0 0 0 0 0 0 0 0 0 0 0 0 0 0 0 0 0 0 0 0 0 0 0.2 0 0 0 0 0.4 0 0.4 
0 0 0 0 0 0 0 0 0 0 0 0 0 0 0 0 0 0 0 0 0 0 0 0 0 1 0 0 0 0 0 0 
0 0 0 0 0 0 0 0 0 0 0 0 0 0 0 0 0 0 0 0 0 0 0 0.5 6.99914e-011 7.78092e-217 0 0 0.5 0 0 0 
0 0 0 0 0 0 0 0 0 0 0 0 0 0 0 3.82259e-008 0 0 0 0 0 0.176457 0 0 0.12405 0.699493 0 2.87187e-283 1.83935e-030 0 0 0 
0 0 0 0 0 0 0.111943 0.380605 0.0671655 0.0223885 0 0 0.044777 0 0 0.044777 0 0 0 0 0 1.46921e-263 0 0 0.14763 0.0687728 0 0.089554 0 0.044777 0 0 
204101031_0_8.txt
31 29 24 29 31 25 28 23 23 23 28 23 23 28 28 23 28 23 28 28 24 25 25 21 21 25 25 25 25 25 25 24 15 15 27 27 7 7 7 7 8 7 9 7 8 8 7 7 7 7 7 7 7 7 6 7 12 24 24 24 29 24 12 27 27 24 25 24 7 7 6 6 29 25 25 6 6 
2.07876e-051
0 0 0 0 0 0 1 1 1 1 1 1 1 1 1 1 1 1 1 1 2 2 2 2 2 2 2 2 2 2 2 2 3 3 3 3 4 4 4 4 4 4 4 4 4 4 4 4 4 4 4 4 4 4 4 4 4 4 4 4 4 4 4 4 4 4 4 4 4 4 4 4 4 4 4 4 4 
1 0 0 0 0 
0.833333 0.166667 0 0 0 
0 0.928571 0.0714286 0 0 
0 0 0.914752 0.0852481 0 
0 0 0 0.75549 0.24451 
0 0 0 0 1 
0 0 0 0 0 0 0 0 0 0 0 0 0 0 0 0 0 0 0 0 0 0 0 0 0.166667 0.166667 0 0 9.12646e-022 0.333333 0 0.333333 
0 0 0 0 0 0 0 0 0 0 0 0 0 0 0 0 0 0 0 0 0 0 0 0.5 2.17117e-013 7.24043e-014 0 0 0.5 0 0 2.80722e-257 
0 0 0 0 0 0 0 0 0 0 0 0 0 0 0 1.8384e-033 0 0 0 0 0 0.170496 0 0 0.147519 0.681985 0 0 2.45474e-031 0 0 0 
0 0 0 0 0 0 0 9.90453e-018 0 0 0 0 0 0 0 0.48902 0 0 0 0 0 0 0 0 0.0659035 1.15446e-040 0 0.445076 0 0 0 0 
0 0 0 0 0 0 0.124441 0.423099 0.0746645 0.0248882 0 0 0.0497764 0 0 2.784e-108 0 0 0 0 0 0 0 0 0.149329 0.0746645 0 0.0542493 0 0.0497764 0 0 
204101031_0_9.txt
24 30 29 30 30 29 27 27 27 29 29 29 31 31 28 28 28 31 28 28 28 29 31 29 31 31 31 31 15 15 27 15 15 27 27 27 27 7 7 7 7 7 7 7 7 7 7 7 7 2 0 3 0 3 1 6 6 5 4 5 
3.29681e-035
0 0 0 0 0 1 1 1 1 1 1 1 2 2 2 2 2 2 2 2 2 2 2 2 2 2 2 2 3 3 3 3 3 3 3 3 3 4 4 4 4 4 4 4 4 4 4 4 4 4 4 4 4 4 4 4 4 4 4 4 
1 0 0 0 0 
0.811832 0.188168 0 0 0 
0 0.840339 0.159661 0 0 
0 0 0.939107 0.0608928 0 
0 0 0 0.888889 0.111111 
0 0 0 0 1 
0 0 0 0 0 0 0 0 0 0 0 0 0 0 0 0 0 0 0 0 0 0 0 0 0.188168 0 0 8.51319e-037 0 0.24733 0.564503 0 
0 0 0 0 0 0 0 0 0 0 0 0 0 0 0 0 0 0 0 0 0 0 0 0 0 0 0 0.478983 0 0.521017 2.15349e-027 3.97389e-027 
0 0 0 0 0 0 0 0 0 0 0 0 0 0 0 1.46072e-048 0 0 0 0 0 0 0 0 0 0 0 2.17073e-094 0.365357 0.147501 0 0.487142 
0 0 0 0 0 0 0 5.22767e-090 0 0 0 0 0 0 0 0.444444 0 0 0 0 0 0 0 0 0 0 0 0.555556 0 0 0 7.73214e-020 
0.0909091 0.0454545 0.0454545 0.0909091 0.0454545 0.0909091 0.0909091 0.545455 0 0 0 0 0 0 0 0 0 0 0 0 0 0 0 0 0 0 0 5.04303e-031 0 0 0 0 
204101031_0_9.txt
24 30 29 30 30 29 27 27 27 29 29 29 31 31 28 28 28 31 28 28 28 29 31 29 31 31 31 31 15 15 27 15 15 27 27 27 27 7 7 7 7 7 7 7 7 7 7 7 7 2 0 3 0 3 1 6 6 5 4 5 
2.65247e-035
0 0 0 0 0 0 0 0 0 0 0 0 1 1 1 1 1 1 1 1 1 2 2 2 2 2 2 2 3 3 3 3 3 3 3 3 3 4 4 4 4 4 4 4 4 4 4 4 4 4 4 4 4 4 4 4 4 4 4 4 
1 0 0 0 0 
0.916641 0.0833586 0 0 0 
0 0.889072 0.110928 0 0 
0 0 0.856914 0.143086 0 
0 0 0 0.888889 0.111111 
0 0 0 0 1 
0 0 0 0 0 0 0 0 0 0 0 0 0 0 0 0 0 0 0 0 0 0 0 0 0.0833586 0 0 0.250076 0 0.416489 0.250076 1.50224e-027 
0 0 0 0 0 0 0 0 0 0 0 0 0 0 0 0 0 0 0 0 0 0 0 0 0 0 0 2.04439e-161 0.665571 0.00133679 0 0.333092 
0 0 0 0 0 0 0 0 0 0 0 0 0 0 0 1.2805e-018 0 0 0 0 0 0 0 0 0 0 0 0 2.38969e-033 0.284968 0 0.715032 
0 0 0 0 0 0 0 2.16857e-029 0 0 0 0 0 0 0 0.444444 0 0 0 0 0 0 0 0 0 0 0 0.555556 0 0 0 4.66844e-033 
0.0909091 0.0454545 0.0454545 0.0909091 0.0454545 0.0909091 0.0909091 0.545455 0 0 0 0 0 0 0 0 0 0 0 0 0 0 0 0 0 0 0 1.68609e-041 0 0 0 0 
204101031_0_10.txt
30 31 29 28 28 30 28 29 31 29 28 24 24 29 29 23 23 28 28 28 28 28 28 28 29 28 28 19 23 23 23 23 25 24 24 25 25 15 27 27 7 7 7 7 7 8 7 7 7 8 8 7 7 7 7 7 7 6 0 4 3 6 6 
5.02483e-039
0 0 0 0 0 0 0 0 0 0 0 1 1 1 1 2 2 2 2 2 2 2 2 2 2 2 2 2 2 2 2 2 3 3 3 3 3 3 4 4 4 4 4 4 4 4 4 4 4 4 4 4 4 4 4 4 4 4 4 4 4 4 4 
1 0 0 0 0 
0.905282 0.0947183 0 0 0 
0 0.763621 0.236379 0 0 
0 0 0.941886 0.0581142 0 
0 0 0 0.833455 0.166545 
0 0 0 0 1 
0 0 0 0 0 0 0 0 0 0 0 0 0 0 0 0 0 0 0 0 0 0 0 0 2.29877e-034 0 0 0 0.352549 0.268578 0.189437 0.189437 
0 0 0 0 0 0 0 0 0 0 0 0 0 0 0 0 0 0 0 0 0 0 0 9.54472e-010 0.472758 0 0 0 0.0656949 0.461547 2.99679e-218 3.10433e-012 
0 0 0 0 0 0 0 0 0 0 0 0 0 0 0 0 0 0 0 0.0581142 0 0 0 0.348431 4.20973e-075 1.6119e-088 0 0 0.523028 0.0704276 0 0 
0 0 0 0 0 0 0 0 0 0 0 0 0 0 0 0.166545 0 0 0 7.02977e-043 0 0 0 0.000729341 0.33309 0.499635 0 4.01728e-036 1.30994e-211 0 0 0 
0.0416667 0 0 0.0416667 0.0416667 0 0.125 0.583333 0.125 0 0 0 0 0 0 6.66065e-012 0 0 0 0 0 0 0 0 0 7.2837e-142 0 0.0833333 0 0 0 0 
204101031_0_10.txt
30 31 29 28 28 30 28 29 31 29 28 24 24 29 29 23 23 28 28 28 28 28 28 28 29 28 28 19 23 23 23 23 25 24 24 25 25 15 27 27 7 7 7 7 7 8 7 7 7 8 8 7 7 7 7 7 7 6 0 4 3 6 6 
1.40265e-037
0 0 0 0 0 0 0 0 0 0 0 0 0 0 0 1 1 1 1 1 1 1 1 1 1 1 1 2 2 2 2 2 3 3 3 3 3 3 3 3 4 4 4 4 4 4 4 4 4 4 4 4 4 4 4 4 4 4 4 4 4 4 4 
1 0 0 0 0 
0.931449 0.0685513 0 0 0 
0 0.919435 0.0805647 0 0 
0 0 0.8 0.2 0 
0 0 0 0.875 0.125 
0 0 0 0 1 
0 0 0 0 0 0 0 0 0 0 0 0 0 0 0 0 0 0 0 0 0 0 0 2.82897e-025 0.137103 0 0 0 0.274205 0.314487 0.137103 0.137103 
0 0 0 0 0 0 0 0 0 0 0 0 0 0 0 0 0 0 0 2.27856e-011 0 0 0 0.161129 6.87752e-042 0 0 0 0.725082 0.113788 0 0 
0 0 0 0 0 0 0 0 0 0 0 0 0 0 0 0 0 0 0 0.2 0 0 0 0.8 2.29812e-251 1.21861e-013 0 0 4.39444e-024 0 0 0 
0 0 0 0 0 0 0 3.0752e-031 0 0 0 0 0 0 0 0.125 0 0 0 0 0 0 0 3.97529e-030 0.25 0.375 0 0.25 0 0 0 0 
0.0454545 0 0 0.0454545 0.0454545 0 0.136364 0.636364 0.136364 0 0 0 0 0 0 0 0 0 0 0 0 0 0 0 0 0 0 2.31286e-027 0 0 0 0 
204101031_0_11.txt
30 30 31 31 29 31 29 28 30 30 28 23 31 29 24 29 29 25 25 25 29 25 31 31 31 29 29 29 29 29 29 23 28 28 24 25 25 24 24 25 15 27 15 15 7 7 7 7 7 7 6 6 7 7 0 7 7 0 3 3 1 3 3 3 3 
1.68019e-043
0 0 0 0 0 0 0 1 1 1 1 1 2 2 2 2 2 2 2 2 2 2 2 2 2 2 2 2 2 2 2 3 3 3 3 3 3 3 3 3 4 4 4 4 4 4 4 4 4 4 4 4 4 4 4 4 4 4 4 4 4 4 4 4 4 
1 0 0 0 0 
0.85723 0.14277 0 0 0 
0 0.799837 0.200163 0 0 
0 0 0.947368 0.0526319 0 
0 0 0 0.888888 0.111112 
0 0 0 0 1 
0 0 0 0 0 0 0 0 0 0 0 0 0 0 0 0 0 0 0 0 0 0 0 9.38197e-239 0 0 0 0 0.00033417 0.28554 0.285816 0.42831 
0 0 0 0 0 0 0 0 0 0 0 0 0 0 0 0 0 0 0 0 0 0 0 0.200154 1.0474e-171 0 0 0 0.399858 1.51135e-007 0.39994 4.73681e-005 
0 0 0 0 0 0 0 0 0 0 0 0 0 0 0 0 0 0 0 0 0 0 0 6.04022e-006 0.0526319 0.210528 0 0 2.84656e-111 0.526319 0 0.210515 
0 0 0 0 0 0 0 0 0 0 0 0 0 0 0 4.26518e-008 0 0 0 0 0 0 0 0.111104 0.333336 0.333336 0 5.80025e-162 0.222224 1.55935e-026 0 0 
0.0833333 0.0416667 0 0.25 0 0 0.0833333 0.416667 0 0 0 0 0 0 0 0.125 0 0 0 0 0 0 0 0 0 7.46399e-034 0 0.0416667 0 0 0 0 
204101031_0_11.txt
30 30 31 31 29 31 29 28 30 30 28 23 31 29 24 29 29 25 25 25 29 25 31 31 31 29 29 29 29 29 29 23 28 28 24 25 25 24 24 25 15 27 15 15 7 7 7 7 7 7 6 6 7 7 0 7 7 0 3 3 1 3 3 3 3 
2.16022e-041
0 0 0 0 0 0 0 0 0 0 0 0 0 1 1 1 1 1 1 1 1 1 1 1 1 1 1 1 1 1 1 2 2 2 3 3 3 3 3 3 3 3 3 3 4 4 4 4 4 4 4 4 4 4 4 4 4 4 4 4 4 4 4 4 4 
1 0 0 0 0 
0.92199 0.0780096 0 0 0 
0 0.944998 0.0550023 0 0 
0 0 0.66668 0.33332 0 
0 0 0 0.899999 0.100001 
0 0 0 0 1 
0 0 0 0 0 0 0 0 0 0 0 0 0 0 0 0 0 0 0 0 0 0 0 0.0780096 1.24869e-022 0 0 0 0.156019 0.168067 0.312038 0.285866 
0 0 0 0 0 0 0 0 0 0 0 0 0 0 0 0 0 0 0 0 0 0 0 4.81307e-014 0.0550023 0.220009 0 0 5.52502e-257 0.541528 0 0.18346 
0 0 0 0 0 0 0 0 0 0 0 0 0 0 0 0 0 0 0 0 0 0 0 0.33332 4.13525e-005 6.55772e-091 0 0 0.666639 5.78066e-014 0 0 
0 0 0 0 0 0 0 1.5363e-030 0 0 0 0 0 0 0 0.300004 0 0 0 0 0 0 0 0 0.299991 0.300004 0 0.100001 5.62073e-028 0 0 0 
0.1 0.05 0 0.3 0 0 0.1 0.5 0 0 0 0 0 0 0 2.62535e-029 0 0 0 0 0 0 0 0 0 0 0 0 0 0 0 0 
204101031_0_12.txt
29 31 31 31 28 23 23 23 31 23 28 23 25 12 15 29 15 31 31 23 23 23 23 23 23 23 29 29 29 29 29 31 31 29 25 25 25 25 15 15 15 26 26 26 7 7 7 7 8 8 8 7 8 7 7 7 7 7 7 6 6 5 5 3 6 
7.16922e-044
0 0 0 0 1 1 1 1 1 1 1 1 2 2 2 2 2 2 2 2 2 2 2 2 2 2 3 3 3 3 3 3 3 3 3 3 3 3 4 4 4 4 4 4 4 4 4 4 4 4 4 4 4 4 4 4 4 4 4 4 4 4 4 4 4 
1 0 0 0 0 
0.723491 0.276509 0 0 0 
0 0.873406 0.126594 0 0 
0 0 0.931928 0.068072 0 
0 0 0 0.91521 0.0847896 
0 0 0 0 1 
0 0 0 0 0 0 0 0 0 0 0 0 0 0 0 0 0 0 0 0 0 0 0 3.23293e-173 0 0 0 0 6.5814e-009 0.276509 0 0.723491 
0 0 0 0 0 0 0 0 0 0 0 0 1.46005e-058 0 0 0 0 0 0 0 0 0 0 0.571382 0 0.000288226 0 0 0.253189 0 0 0.175141 
0 0 0 0 0 0 0 0 0 0 0 0 0.068072 0 0 0.136144 0 0 0 0 0 0 0 0.509622 0 0.0679173 0 0 6.1323e-009 0.0820816 0 0.136164 
0 0 0 0 0 0 0 0 0 0 0 0 0 0 0 2.41657e-008 0 0 0 0 0 0 0 4.27741e-033 0 0.339158 2.58743e-250 0 0 0.491287 0 0.169555 
0 0 0 0.0384615 0 0.0769231 0.115385 0.423077 0.153846 0 0 0 0 0 0 0.115385 0 0 0 0 0 0 0 0 0 5.00055e-035 0.115385 0 0 0 0 0 
204101031_0_12.txt
29 31 31 31 28 23 23 23 31 23 28 23 25 12 15 29 15 31 31 23 23 23 23 23 23 23 29 29 29 29 29 31 31 29 25 25 25 25 15 15 15 26 26 26 7 7 7 7 8 8 8 7 8 7 7 7 7 7 7 6 6 5 5 3 6 
2.38356e-039
0 0 0 0 0 1 1 1 1 1 1 1 1 1 1 1 1 1 1 1 1 1 1 1 1 1 2 2 2 2 2 2 2 2 3 3 3 3 3 3 3 3 3 3 4 4 4 4 4 4 4 4 4 4 4 4 4 4 4 4 4 4 4 4 4 
1 0 0 0 0 
0.767687 0.232313 0 0 0 
0 0.954072 0.0459276 0 0 
0 0 0.87377 0.12623 0 
0 0 0 0.9 0.1 
0 0 0 0 1 
0 0 0 0 0 0 0 0 0 0 0 0 0 0 0 0 0 0 0 0 0 0 0 2.83736e-026 0 0 0 0 0.113587 0.232313 0 0.6541 
0 0 0 0 0 0 0 0 0 0 0 0 0.0459276 0 0 0.0918551 0 0 0 0 0 0 0 0.551131 0 0.0459276 0 0 0.0693992 0.0495081 0 0.146252 
0 0 0 0 0 0 0 0 0 0 0 0 0 0 0 0 0 0 0 0 0 0 0 4.75871e-028 0 7.80087e-021 0 0 0 0.74754 0 0.25246 
0 0 0 0 0 0 0 7.98941e-033 0 0 0 0 0 0 0 0.3 0 0 0 0 0 0 0 0 0 0.4 0.3 0 0 5.006e-034 0 0 
0 0 0 0.05 0 0.1 0.15 0.55 0.2 0 0 0 0 0 0 0 0 0 0 0 0 0 0 0 0 0 1.29478e-028 0 0 0 0 0 
204101031_0_13.txt
5 5 7 6 6 6 6 24 25 25 12 15 29 24 24 25 25 29 31 31 30 30 28 30 28 31 28 28 29 30 29 23 23 23 31 31 29 31 29 25 15 15 15 27 15 7 7 7 7 7 7 7 0 7 7 7 0 0 7 7 7 7 7 7 7 7 3 3 5 5 
6.8745e-046
0 0 0 1 1 1 1 2 2 2 2 2 2 2 2 2 2 3 3 3 3 3 3 3 3 3 3 3 3 3 3 3 3 3 3 3 3 3 3 3 4 4 4 4 4 4 4 4 4 4 4 4 4 4 4 4 4 4 4 4 4 4 4 4 4 4 4 4 4 4 
1 0 0 0 0 
0.666662 0.333338 0 0 0 
0 0.750003 0.249997 0 0 
0 0 0.902416 0.0975835 0 
0 0 0 0.956049 0.0439515 
0 0 0 0 1 
0 0 0 0 0 0.666675 3.57365e-020 0.333325 0 0 0 0 0 0 0 0 0 0 0 0 0 0 0 0 0 0 0 0 0 0 0 0 
0 0 0 0 0 4.6706e-132 0.99999 9.93533e-006 0 0 0 0 0 0 0 0 0 0 0 0 0 0 0 0 2.80264e-007 2.47877e-131 0 0 0 0 0 0 
0 0 0 0 0 0 2.87526e-038 0 0 0 0 0 0.0975835 0 0 0.0975835 0 0 0 0 0 0 0 0 0.292751 0.380892 0 0 0 0.13119 0 1.74757e-036 
0 0 0 0 0 0 0 0 0 0 0 0 0 0 0 3.4679e-022 0 0 0 0 0 0 0 0.131854 3.3167e-108 0.048204 0 0 0.175806 0.204621 0.175806 0.263709 
0.103448 0 0 0.0689655 0 0.0689655 0 0.62069 0 0 0 0 0 0 0 0.137931 0 0 0 0 0 0 0 0 0 1.9699e-007 0 0.0344828 0 1.14206e-141 0 0 
204101031_0_13.txt
5 5 7 6 6 6 6 24 25 25 12 15 29 24 24 25 25 29 31 31 30 30 28 30 28 31 28 28 29 30 29 23 23 23 31 31 29 31 29 25 15 15 15 27 15 7 7 7 7 7 7 7 0 7 7 7 0 0 7 7 7 7 7 7 7 7 3 3 5 5 
4.4817e-042
0 0 0 0 0 0 0 1 1 1 1 1 1 1 1 1 1 2 2 2 2 2 2 2 2 2 2 2 2 2 2 2 2 2 2 2 2 2 2 3 3 3 3 3 3 4 4 4 4 4 4 4 4 4 4 4 4 4 4 4 4 4 4 4 4 4 4 4 4 4 
1 0 0 0 0 
0.857143 0.142857 0 0 0 
0 0.903556 0.0964439 0 0 
0 0 0.953771 0.0462294 0 
0 0 0 0.833333 0.166667 
0 0 0 0 1 
0 0 0 0 0 0.285714 0.571429 0.142857 0 0 0 0 0 0 0 0 0 0 0 0 0 0 0 0 2.89513e-014 1.99532e-269 0 0 0 0 0 0 
0 0 0 0 0 0 8.32444e-031 0 0 0 0 0 0.0964439 0 0 0.0964439 0 0 0 0 0 0 0 0 0.289332 0.385776 0 0 0 0.132005 0 1.84657e-035 
0 0 0 0 0 0 0 0 0 0 0 0 0 0 0 0 0 0 0 0 0 0 0 0.138688 0 3.686e-019 0 0 0.184917 0.214101 0.184917 0.277376 
0 0 0 0 0 0 0 1.91308e-031 0 0 0 0 0 0 0 0.666667 0 0 0 0 0 0 0 0 0 0.166667 0 0.166667 0 1.7751e-007 0 6.32396e-119 
0.125 0 0 0.0833333 0 0.0833333 0 0.75 0 0 0 0 0 0 0 5.79743e-043 0 0 0 0 0 0 0 0 0 0 0 0 0 0 0 0 
204101031_0_14.txt
31 31 24 25 13 13 28 23 28 23 23 28 28 23 23 28 23 23 23 23 23 23 23 23 23 23 31 24 25 25 25 24 15 27 15 15 15 27 26 26 26 26 26 26 12 11 12 26 9 7 7 6 7 0 7 0 7 7 7 8 8 7 7 8 0 2 4 0 4 5 5 4 5 5 
1.33223e-056
0 0 0 1 1 1 2 2 2 2 2 2 2 2 2 2 2 2 2 2 2 2 2 2 2 2 3 3 3 3 3 3 4 4 4 4 4 4 4 4 4 4 4 4 4 4 4 4 4 4 4 4 4 4 4 4 4 4 4 4 4 4 4 4 4 4 4 4 4 4 4 4 4 4 
1 0 0 0 0 
0.678709 0.321291 0 0 0 
0 0.65542 0.34458 0 0 
0 0 0.949964 0.0500363 0 
0 0 0 0.841855 0.158145 
0 0 0 0 1 
0 0 0 0 0 0 0 0 0 0 0 0 0 1.18311e-035 0 0 0 0 0 0 0 0 0 0 0.321291 0.0361274 0 0 0 0 0 0.642582 
0 0 0 0 0 0 0 0 0 0 0 0 0 0.68916 0 0 0 0 0 0 0 0 0 1.01011e-064 3.38185e-008 0.305834 0 0 0.0050063 0 0 4.35203e-222 
0 0 0 0 0 0 0 0 0 0 0 0 0 7.90995e-042 0 0 0 0 0 0 0 0 0 0.750545 0 0 0 0 0.249455 0 0 2.78957e-021 
0 0 0 0 0 0 0 0 0 0 0 0 0 0 0 0.0510165 0 0 0 0 0 0 0 3.01191e-027 0.316291 0.474436 0 0.000111396 0 0 0 0.158145 
0.0983364 0 0.0245841 0 0.0737523 0.0983364 0.0245841 0.221257 0.0737523 0.0245841 0 0.0245841 0.0491682 0 0 0.0904057 0 0 0 0 0 0 0 0 9.85065e-046 0 0.172089 0.0491509 0 0 0 0 
204101031_0_14.txt
31 31 24 25 13 13 28 23 28 23 23 28 28 23 23 28 23 23 23 23 23 23 23 23 23 23 31 24 25 25 25 24 15 27 15 15 15 27 26 26 26 26 26 26 12 11 12 26 9 7 7 6 7 0 7 0 7 7 7 8 8 7 7 8 0 2 4 0 4 5 5 4 5 5 
4.6094e-047
0 0 0 0 0 0 1 1 1 1 1 1 1 1 1 1 1 1 1 1 1 1 1 1 1 1 2 2 2 2 2 2 3 3 3 3 3 3 3 3 3 3 3 3 3 3 3 3 3 4 4 4 4 4 4 4 4 4 4 4 4 4 4 4 4 4 4 4 4 4 4 4 4 4 
1 0 0 0 0 
0.833333 0.166667 0 0 0 
0 0.95 0.05 0 0 
0 0 0.833333 0.166667 0 
0 0 0 0.941176 0.0588242 
0 0 0 0 1 
0 0 0 0 0 0 0 0 0 0 0 0 0 0.333333 0 0 0 0 0 0 0 0 0 2.71806e-211 0.166667 0.166667 0 0 1.20212e-010 0 0 0.333333 
0 0 0 0 0 0 0 0 0 0 0 0 0 8.63085e-032 0 0 0 0 0 0 0 0 0 0.75 0 0 0 0 0.25 0 0 5.6029e-020 
0 0 0 0 0 0 0 0 0 0 0 0 0 0 0 6.81824e-010 0 0 0 0 0 0 0 6.60333e-028 0.333333 0.5 0 3.6185e-173 0 0 0 0.166667 
0 0 0 0 0 0 0 1.27279e-041 0 0.0588126 0 0.0588242 0.117648 0 0 0.235297 0 0 0 0 0 0 0 0 3.85521e-028 0 0.411769 0.117648 0 0 0 0 
0.166665 0 0.0416663 0 0.124999 0.166665 0.0416663 0.374997 0.124999 8.21676e-006 0 0 0 0 0 0 0 0 0 0 0 0 0 0 0 0 2.52966e-097 0 0 0 0 0 
204101031_0_15.txt
30 30 30 28 31 7 24 24 24 25 24 24 25 15 24 24 29 31 29 31 31 23 31 31 31 28 29 31 29 29 28 31 31 29 29 31 31 24 31 15 15 27 15 12 15 15 7 13 7 7 7 7 7 7 7 7 7 7 7 3 3 3 1 3 0 6 4 5 6 5 
3.7886e-048
0 0 0 1 1 1 2 2 2 2 2 2 2 2 2 2 3 3 3 3 3 3 3 3 3 3 3 3 3 3 3 3 3 3 3 3 3 3 3 4 4 4 4 4 4 4 4 4 4 4 4 4 4 4 4 4 4 4 4 4 4 4 4 4 4 4 4 4 4 4 
1 0 0 0 0 
0.681078 0.318922 0 0 0 
0 0.650891 0.349109 0 0 
0 0 0.89924 0.10076 0 
0 0 0 0.956664 0.0433362 
0 0 0 0 1 
0 0 0 0 0 0 0 0 0 0 0 0 0 0 0 0 0 0 0 0 0 0 0 0 0 0 0 0 0.0432353 0 0.956765 3.80367e-019 
0 0 0 0 0 0 0 0.349109 0 0 0 0 0 0 0 0 0 0 0 0 0 0 0 0 1.45044e-015 0 0 0 0.301781 0 3.29898e-033 0.349109 
0 0 0 0 0 0 0 1.02796e-020 0 0 0 0 0 0 0 0.10076 0 0 0 0 0 0 0 0 0.69772 0.20152 0 0 0 5.61665e-022 0 0 
0 0 0 0 0 0 0 0 0 0 0 0 0 0 0 4.92994e-025 0 0 0 0 0 0 0 0.0433362 0.0466046 0 0 0 0.0866723 0.303353 0 0.520034 
0.0333333 0.0333333 0 0.133333 0.0333333 0.0666667 0.0666667 0.4 0 0 0 0 0.0333333 0.0333333 0 0.166667 0 0 0 0 0 0 0 0 0 0 0 0.0333333 0 0 0 6.0991e-047 
204101031_0_15.txt
30 30 30 28 31 7 24 24 24 25 24 24 25 15 24 24 29 31 29 31 31 23 31 31 31 28 29 31 29 29 28 31 31 29 29 31 31 24 31 15 15 27 15 12 15 15 7 13 7 7 7 7 7 7 7 7 7 7 7 3 3 3 1 3 0 6 4 5 6 5 
1.85493e-043
0 0 0 0 0 0 1 1 1 1 1 1 1 1 1 1 2 2 2 2 2 2 2 2 2 2 2 2 2 2 2 2 2 2 2 2 2 2 2 3 3 3 3 3 3 3 4 4 4 4 4 4 4 4 4 4 4 4 4 4 4 4 4 4 4 4 4 4 4 4 
1 0 0 0 0 
0.833333 0.166667 0 0 0 
0 0.89924 0.10076 0 0 
0 0 0.956664 0.0433362 0 
0 0 0 0.857143 0.142857 
0 0 0 0 1 
0 0 0 0 0 0 0 0.166667 0 0 0 0 0 0 0 0 0 0 0 0 0 0 0 0 4.14372e-026 0 0 0 0.166667 0 0.5 0.166667 
0 0 0 0 0 0 0 7.53312e-009 0 0 0 0 0 0 0 0.10076 0 0 0 0 0 0 0 0 0.69772 0.20152 0 0 0 4.39436e-022 0 2.81804e-149 
0 0 0 0 0 0 0 0 0 0 0 0 0 0 0 2.40404e-046 0 0 0 0 0 0 0 0.0433362 0.0466046 0 0 0 0.0866723 0.303353 0 0.520034 
0 0 0 0 0 0 0 1.69183e-026 0 0 0 0 0.142857 0 0 0.714286 0 0 0 0 0 0 0 0 0 0 0 0.142857 0 0 0 1.96119e-023 
0.0434783 0.0434783 0 0.173913 0.0434783 0.0869565 0.0869565 0.521739 0 0 0 0 0 0.0434783 0 9.86113e-045 0 0 0 0 0 0 0 0 0 0 0 0 0 0 0 0 
204101031_0_16.txt
31 31 25 25 25 15 24 28 24 29 24 24 24 25 25 25 24 29 31 13 25 31 31 28 28 29 29 29 29 23 29 29 29 23 29 29 25 25 25 24 27 27 15 12 27 7 26 7 26 7 7 7 7 7 8 0 7 8 7 8 8 0 2 2 2 0 3 7 3 0 5 5 5 5 7 6 6 6 5 4 5 3 3 7 15 7 26 26 
3.17144e-073
0 0 0 0 0 1 1 1 1 1 1 1 1 1 1 1 1 1 2 2 2 2 2 2 2 3 3 3 3 3 3 3 3 3 3 3 3 3 3 3 3 3 4 4 4 4 4 4 4 4 4 4 4 4 4 4 4 4 4 4 4 4 4 4 4 4 4 4 4 4 4 4 4 4 4 4 4 4 4 4 4 4 4 4 4 4 4 4 
1 0 0 0 0 
0.766303 0.233697 0 0 0 
0 0.925868 0.0741321 0 0 
0 0 0.863187 0.136813 0 
0 0 0 0.93954 0.0604604 
0 0 0 0 1 
0 0 0 0 0 0 0 0 0 0 0 0 0 0 0 0.0409527 0 0 0 0 0 0 0 0 5.20138e-048 0.491653 0 0 0 0 0 0.467395 
0 0 0 0 0 0 0 0 0 0 0 0 0 0 0 0.0611413 0 0 0 0 0 0 0 0 0.444793 0.288834 0 0 0.0741321 0.1311 0 1.58353e-033 
0 0 0 0 0 0 0 0 0 0 0 0 0 0.136813 0 0 0 0 0 0 0 0 0 2.32484e-167 4.13521e-032 0.136813 0 0 0.273626 0.0423093 0 0.410439 
0 0 0 0 0 0 0 0 0 0 0 0 0 0 0 2.00989e-031 0 0 0 0 0 0 0 0.120921 0.0604604 0.181381 0 0.0977921 1.6659e-022 0.539445 0 0 
0.0881396 0 0.0661047 0.0881396 0.0220349 0.132209 0.0661047 0.286454 0.0881396 0 0 0 0.0220349 0 0 0.0440698 0 0 0 0 0 0 0 0 6.75225e-042 0 0.0881396 0.0304642 0 0 0 0 
204101031_0_16.txt
31 31 25 25 25 15 24 28 24 29 24 24 24 25 25 25 24 29 31 13 25 31 31 28 28 29 29 29 29 23 29 29 29 23 29 29 25 25 25 24 27 27 15 12 27 7 26 7 26 7 7 7 7 7 8 0 7 8 7 8 8 0 2 2 2 0 3 7 3 0 5 5 5 5 7 6 6 6 5 4 5 3 3 7 15 7 26 26 
1.26243e-068
0 0 0 0 0 0 0 0 0 0 0 0 0 0 0 0 0 0 1 1 1 1 1 1 1 2 2 2 2 2 2 2 2 2 2 2 3 3 3 3 3 3 3 3 3 4 4 4 4 4 4 4 4 4 4 4 4 4 4 4 4 4 4 4 4 4 4 4 4 4 4 4 4 4 4 4 4 4 4 4 4 4 4 4 4 4 4 4 
1 0 0 0 0 
0.944737 0.0552629 0 0 0 
0 0.855713 0.144287 0 0 
0 0 0.908876 0.091124 0 
0 0 0 0.888889 0.111111 
0 0 0 0 1 
0 0 0 0 0 0 0 0 0 0 0 0 0 3.20546e-016 0 0.0552629 0 0 0 0 0 0 0 0 0.331577 0.331577 0 0 0.0552629 0.103588 0 0.122731 
0 0 0 0 0 0 0 0 0 0 0 0 0 0.144287 0 0 0 0 0 0 0 0 0 7.59086e-218 1.67064e-036 0.144287 0 0 0.288574 0.0218572 0 0.400994 
0 0 0 0 0 0 0 0 0 0 0 0 0 0 0 0 0 0 0 0 0 0 0 0.182248 0 3.01441e-021 0 0 7.23186e-020 0.817752 0 0 
0 0 0 0 0 0 0 8.80274e-021 0 0 0 0 0.111111 0 0 0.111111 0 0 0 0 0 0 0 0 0.111111 0.333333 0 0.333333 0 2.33758e-035 0 0 
0.0952381 0 0.0714286 0.0952381 0.0238095 0.142857 0.0714286 0.309524 0.0952381 0 0 0 0 0 0 0.0238095 0 0 0 0 0 0 0 0 0 0 0.0952381 3.8985e-044 0 0 0 0 
204101031_0_17.txt
13 24 29 24 25 24 29 24 24 24 25 29 28 28 24 29 29 31 31 31 31 31 31 31 31 28 31 31 29 23 29 23 29 29 25 25 25 24 15 15 15 27 13 7 7 7 7 7 7 7 7 7 7 7 7 7 7 0 3 3 3 3 3 3 3 5 4 5 5 
2.82934e-046
0 1 1 1 1 1 1 1 1 1 1 2 2 2 2 2 2 3 3 3 3 3 3 3 3 3 3 3 3 3 3 3 3 3 3 3 3 3 4 4 4 4 4 4 4 4 4 4 4 4 4 4 4 4 4 4 4 4 4 4 4 4 4 4 4 4 4 4 4 
1 0 0 0 0 
0 1 0 0 0 
0 0.90405 0.0959496 0 0 
0 0 0.782519 0.217481 0 
0 0 0 0.954504 0.0454964 
0 0 0 0 1 
0 0 0 0 0 0 0 0 0 0 0 0 0 1 0 0 0 0 0 0 0 0 0 0 0 0 0 0 0 0 0 0 
0 0 0 0 0 0 0 0 0 0 0 0 0 0 0 0 0 0 0 0 0 0 0 0 0.575663 0.191872 0 0 4.45992e-037 0.232465 0 0 
0 0 0 0 0 0 0 0 0 0 0 0 0 0 0 0 0 0 0 0 0 0 0 0 0.201194 2.18138e-005 0 0 0.432746 0.366038 0 2.14101e-031 
0 0 0 0 0 0 0 0 0 0 0 0 0 0 0 1.12721e-017 0 0 0 0 0 0 0 0.0909928 0.04892 0.136498 0 0 0.0459598 0.222665 0 0.454964 
0.0333333 0 0 0.233333 0.0333333 0.1 0 0.466667 0 0 0 0 0 0.0333333 0 0.1 0 0 0 0 0 0 0 0 1.03471e-007 1.31596e-131 0 0.0333333 0 0 0 0 
204101031_0_17.txt
13 24 29 24 25 24 29 24 24 24 25 29 28 28 24 29 29 31 31 31 31 31 31 31 31 28 31 31 29 23 29 23 29 29 25 25 25 24 15 15 15 27 13 7 7 7 7 7 7 7 7 7 7 7 7 7 7 0 3 3 3 3 3 3 3 5 4 5 5 
1.81758e-038
0 0 0 0 0 0 0 0 0 0 0 0 0 0 0 0 0 1 1 1 1 1 1 1 1 1 1 1 2 2 2 2 2 2 3 3 3 3 3 3 3 3 3 4 4 4 4 4 4 4 4 4 4 4 4 4 4 4 4 4 4 4 4 4 4 4 4 4 4 
1 0 0 0 0 
0.941176 0.0588235 0 0 0 
0 0.909091 0.0909091 0 0 
0 0 0.833333 0.166667 0 
0 0 0 0.888889 0.111111 
0 0 0 0 1 
0 0 0 0 0 0 0 0 0 0 0 0 0 0.0588235 0 0 0 0 0 0 0 0 0 0 0.411765 0.117647 0 0 0.117647 0.294118 0 1.03867e-048 
0 0 0 0 0 0 0 0 0 0 0 0 0 0 0 0 0 0 0 0 0 0 0 1.04538e-261 0 0 0 0 0.0909091 4.95391e-014 0 0.909091 
0 0 0 0 0 0 0 0 0 0 0 0 0 0 0 0 0 0 0 0 0 0 0 0.333333 0 5.79232e-014 0 0 0 0.666667 0 2.17082e-029 
0 0 0 0 0 0 0 6.87323e-031 0 0 0 0 0 0.111111 0 0.333333 0 0 0 0 0 0 0 0 0.111111 0.333333 0 0.111111 0 2.42656e-029 0 0 
0.04 0 0 0.28 0.04 0.12 0 0.56 0 0 0 0 0 8.43649e-017 0 0 0 0 0 0 0 0 0 0 0 0 0 2.68326e-299 0 0 0 0 
204101031_0_18.txt
30 30 30 30 30 30 30 31 31 29 31 31 29 29 31 29 29 31 29 29 28 31 28 29 28 29 28 29 29 29 24 29 29 29 29 25 25 25 25 27 25 15 27 27 15 15 26 26 7 7 7 7 8 8 8 7 9 9 8 9 9 8 8 2 2 
4.88304e-041
0 0 0 0 0 0 0 1 2 2 2 2 2 2 2 2 2 2 3 3 3 3 3 3 3 3 3 3 3 3 3 3 3 3 3 4 4 4 4 4 4 4 4 4 4 4 4 4 4 4 4 4 4 4 4 4 4 4 4 4 4 4 4 4 4 
1 0 0 0 0 
0.857143 0.142857 0 0 0 
0 0.299665 0.700335 0 0 
0 0 0.895017 0.104983 0 
0 0 0 0.941338 0.0586622 
0 0 0 0 1 
0 0 0 0 0 0 0 0 0 0 0 0 0 0 0 0 0 0 0 0 0 0 0 0 0 0 0 0 0 0 1 1.74226e-031 
0 0 0 0 0 0 0 0 0 0 0 0 0 0 0 0 0 0 0 0 0 0 0 0 0 0 0 0 0 1.68559e-012 5.406e-015 1 
0 0 0 0 0 0 0 0 0 0 0 0 0 0 0 0 0 0 0 0 0 0 0 0 0 0 0 0 4.05408e-011 0.552683 0 0.447317 
0 0 0 0 0 0 0 0 0 0 0 0 0 0 0 0 0 0 0 0 0 0 0 0 0.0586622 1.41108e-021 0 0 0.234649 0.629768 0 0.0769211 
0 0 0.0689655 0 0 0 0 0.172414 0.206897 0.137931 0 0 0 0 0 0.103448 0 0 0 0 0 0 0 0 0 0.172414 0.0689655 0.103448 0 5.99217e-049 0 0 
204101031_0_18.txt
30 30 30 30 30 30 30 31 31 29 31 31 29 29 31 29 29 31 29 29 28 31 28 29 28 29 28 29 29 29 24 29 29 29 29 25 25 25 25 27 25 15 27 27 15 15 26 26 7 7 7 7 8 8 8 7 9 9 8 9 9 8 8 2 2 
4.44175e-034
0 0 0 0 0 0 0 1 1 1 1 1 1 1 1 1 1 1 2 2 2 2 2 2 2 2 2 2 2 2 2 2 2 2 2 3 3 3 3 3 3 3 3 3 3 3 4 4 4 4 4 4 4 4 4 4 4 4 4 4 4 4 4 4 4 
1 0 0 0 0 
0.857143 0.142857 0 0 0 
0 0.906598 0.0934021 0 0 
0 0 0.942175 0.0578249 0 
0 0 0 0.909091 0.0909091 
0 0 0 0 1 
0 0 0 0 0 0 0 0 0 0 0 0 0 0 0 0 0 0 0 0 0 0 0 0 0 0 0 0 0 0 1 1.95353e-023 
0 0 0 0 0 0 0 0 0 0 0 0 0 0 0 0 0 0 0 0 0 0 0 0 0 0 0 0 2.76072e-012 0.473512 1.62096e-041 0.526488 
0 0 0 0 0 0 0 0 0 0 0 0 0 0 0 0 0 0 0 0 0 0 0 0 0.0578249 1.29318e-035 0 0 0.231299 0.632049 0 0.0788271 
0 0 0 0 0 0 0 0 0 0 0 0 0 0 0 0.272727 0 0 0 0 0 0 0 0 0 0.454545 2.11808e-009 0.272727 0 2.82596e-033 0 0 
0 0 0.111111 0 0 0 0 0.277778 0.333333 0.222222 0 0 0 0 0 6.12473e-025 0 0 0 0 0 0 0 0 0 0 0.111111 0 0 0 0 0 
204101031_0_19.txt
30 31 31 31 31 31 29 29 24 24 24 25 29 23 28 28 28 23 28 29 28 23 29 29 23 23 31 29 25 24 25 25 15 27 27 27 15 27 26 7 7 7 8 7 8 7 8 8 8 7 8 8 8 7 8 8 0 4 4 5 5 5 
5.01702e-042
0 0 0 0 0 0 1 1 1 1 1 1 1 2 2 2 2 2 2 2 2 2 2 2 2 2 2 2 3 3 3 3 3 4 4 4 4 4 4 4 4 4 4 4 4 4 4 4 4 4 4 4 4 4 4 4 4 4 4 4 4 4 
1 0 0 0 0 
0.833333 0.166667 0 0 0 
0 0.847341 0.152659 0 0 
0 0 0.935273 0.0647275 0 
0 0 0 0.788615 0.211385 
0 0 0 0 1 
0 0 0 0 0 0 0 0 0 0 0 0 0 0 0 0 0 0 0 0 0 0 0 0 0 0 0 0 0 1.67527e-016 0.166667 0.833333 
0 0 0 0 0 0 0 0 0 0 0 0 0 0 0 0 0 0 0 0 0 0 0 4.44746e-027 0.457978 0.152659 0 0 0 0.389363 0 1.33509e-028 
0 0 0 0 0 0 0 0 0 0 0 0 0 0 0 0 0 0 0 0 0 0 0 0.323637 0 1.18538e-021 0 0 0.323637 0.287998 0 0.0647275 
0 0 0 0 0 0 0 0 0 0 0 0 0 0 0 0.154445 0 0 0 0 0 0 0 4.19595e-250 0.211385 0.634154 0 8.27677e-013 0 1.69037e-005 0 3.93882e-036 
0.035374 0 0 0 0.070748 0.106122 0 0.247618 0.35374 0 0 0 0 0 0 0.0449025 0 0 0 0 0 0 0 0 0 4.2427e-059 0.035374 0.141496 0 0 0 0 
204101031_0_19.txt
30 31 31 31 31 31 29 29 24 24 24 25 29 23 28 28 28 23 28 29 28 23 29 29 23 23 31 29 25 24 25 25 15 27 27 27 15 27 26 7 7 7 8 7 8 7 8 8 8 7 8 8 8 7 8 8 0 4 4 5 5 5 
4.47361e-039
0 0 0 0 0 0 1 1 1 1 1 1 1 1 1 1 1 1 1 1 1 1 1 1 1 1 1 1 2 2 2 2 3 3 3 3 3 3 3 4 4 4 4 4 4 4 4 4 4 4 4 4 4 4 4 4 4 4 4 4 4 4 
1 0 0 0 0 
0.831332 0.168668 0 0 0 
0 0.9551 0.0449001 0 0 
0 0 0.73681 0.26319 0 
0 0 0 0.857143 0.142857 
0 0 0 0 1 
0 0 0 0 0 0 0 0 0 0 0 0 0 0 0 0 0 0 0 0 0 0 0 0 0 0 0 0 0 2.15194e-014 0.168668 0.831332 
0 0 0 0 0 0 0 0 0 0 0 0 0 0 0 0 0 0 0 0 0 0 0 0.2245 0.137381 0.051221 0 0 0.2245 0.314301 0 0.048097 
0 0 0 0 0 0 0 0 0 0 0 0 0 0 0 3.444e-006 0 0 0 0 0 0 0 0 0.247478 0.752519 0 7.50614e-130 0 5.11369e-010 0 1.34454e-135 
0 0 0 0 0 0 0 1.79365e-017 0 0 0 0 0 0 0 0.285713 0 0 0 0 0 0 0 0 0 5.67647e-026 0.142857 0.57143 0 0 0 0 
0.0454545 0 0 0 0.0909091 0.136364 0 0.318182 0.454545 0 0 0 0 0 0 0 0 0 0 0 0 0 0 0 0 0 1.59895e-018 0 0 0 0 0 
204101031_0_20.txt
31 25 31 23 29 24 24 25 25 29 23 23 23 23 28 23 29 23 29 29 31 31 31 29 25 25 25 15 13 12 13 13 13 13 7 7 7 7 7 7 7 3 0 7 7 0 3 3 4 4 3 3 3 3 1 3 3 5 4 5 
5.3634e-043
0 0 0 0 1 1 1 1 1 2 2 2 2 2 2 2 2 2 2 2 3 3 3 3 3 3 3 3 4 4 4 4 4 4 4 4 4 4 4 4 4 4 4 4 4 4 4 4 4 4 4 4 4 4 4 4 4 4 4 4 
1 0 0 0 0 
0.74869 0.25131 0 0 0 
0 0.817766 0.182234 0 0 
0 0 0.897581 0.102419 0 
0 0 0 0.88597 0.11403 
0 0 0 0 1 
0 0 0 0 0 0 0 0 0 0 0 0 0 0 0 0 0 0 0 0 0 0 0 0.246069 2.77435e-175 0.25131 0 0 0 1.39384e-007 0 0.502621 
0 0 0 0 0 0 0 0 0 0 0 0 0 0 0 0 0 0 0 0 0 0 0 0.00440484 0.364468 0.364468 0 0 2.55936e-216 0.266659 0 5.10387e-039 
0 0 0 0 0 0 0 0 0 0 0 0 0 0 0 0 0 0 0 0 0 0 0 0.614177 0 7.39844e-031 0 0 0.102419 0.283403 0 9.1502e-034 
0 0 0 0 0 0 0 0 0 0 0 0 3.84195e-139 1.62925e-009 0 0.11403 0 0 0 0 0 0 0 2.49399e-045 0 0.342089 0 0 0 0.201791 0 0.342089 
0.0645161 0.0322581 0 0.290323 0.0967742 0.0645161 0 0.290323 0 0 0 0 0.0322581 0.16129 0 1.60226e-021 0 0 0 0 0 0 0 0 0 0 0 0 0 0 0 0 
204101031_0_20.txt
31 25 31 23 29 24 24 25 25 29 23 23 23 23 28 23 29 23 29 29 31 31 31 29 25 25 25 15 13 12 13 13 13 13 7 7 7 7 7 7 7 3 0 7 7 0 3 3 4 4 3 3 3 3 1 3 3 5 4 5 
1.7845e-037
0 0 0 0 0 0 0 0 0 1 1 1 1 1 1 1 1 1 1 1 1 1 1 1 2 2 2 2 2 2 2 2 2 2 3 3 3 3 3 3 3 4 4 4 4 4 4 4 4 4 4 4 4 4 4 4 4 4 4 4 
1 0 0 0 0 
0.895039 0.104961 0 0 0 
0 0.930904 0.0690957 0 0 
0 0 0.9 0.1 0 
0 0 0 0.853758 0.146242 
0 0 0 0 1 
0 0 0 0 0 0 0 0 0 0 0 0 0 0 0 0 0 0 0 0 0 0 0 0.120554 0.209922 0.314884 0 0 2.87106e-084 0.144718 0 0.209922 
0 0 0 0 0 0 0 0 0 0 0 0 0 0 0 0 0 0 0 0 0 0 0 0.40431 0 2.78027e-017 0 0 0.0690957 0.319307 0 0.207287 
0 0 0 0 0 0 0 1.06376e-043 0 0 0 0 0.1 0.5 0 0.1 0 0 0 0 0 0 0 0 0 0.3 0 0 0 3.78663e-021 0 0 
0 0 0 2.74328e-029 0 0 0 1 0 0 0 0 0 4.51738e-019 0 0 0 0 0 0 0 0 0 0 0 0 0 0 0 0 0 0 
0.11012 0.05506 0 0.49554 0.16518 0.11012 0 0.11904 0 0 0 0 0 0 0 0 0 0 0 0 0 0 0 0 0 0 0 0 0 0 0 0 
